300025 华星创业 日线
      日期	    开盘	    最高	    最低	    收盘	    成交量	    成交额
10/08/2010	11.10	11.36	11.10	11.32	519277	11571027.000
10/11/2010	11.34	11.34	11.16	11.25	692372	15323982.000
10/12/2010	11.30	11.75	11.30	11.60	936546	21380830.000
10/13/2010	11.56	11.76	11.11	11.69	1372014	30774202.000
10/14/2010	11.62	11.86	11.44	11.46	918635	21058798.000
10/15/2010	11.42	11.45	11.16	11.19	714500	15825970.000
10/18/2010	11.26	11.26	10.80	11.06	627764	13583106.000
10/19/2010	11.09	12.18	11.09	12.18	1797856	42488024.000
10/20/2010	12.43	12.89	12.19	12.23	3083381	75955120.000
10/21/2010	12.08	12.10	11.70	11.83	1355850	31581448.000
10/22/2010	11.83	12.60	11.83	12.24	1294000	31294190.000
10/25/2010	12.39	12.70	12.32	12.64	1713057	42312480.000
10/26/2010	12.83	12.83	12.27	12.50	1242712	30393290.000
10/27/2010	12.50	12.73	12.29	12.55	1003661	24707410.000
10/28/2010	12.42	12.63	12.29	12.41	861297	21103776.000
10/29/2010	12.49	13.14	12.41	12.80	3778815	95687680.000
11/01/2010	12.98	14.09	12.85	13.88	4073971	109213040.000
11/02/2010	13.71	13.96	13.09	13.19	2352931	62313180.000
11/03/2010	12.90	12.97	12.24	12.24	1595455	39580872.000
11/04/2010	12.19	12.56	12.09	12.54	942225	22829450.000
11/05/2010	12.57	12.80	12.34	12.72	1014115	25002320.000
11/08/2010	12.72	13.21	12.72	13.14	1231303	31534744.000
11/09/2010	13.20	13.81	12.99	13.72	2919615	77543160.000
11/10/2010	13.62	14.49	13.62	14.04	2805607	77925008.000
11/11/2010	13.98	14.20	13.70	13.82	2009088	55377372.000
11/12/2010	13.72	14.22	12.79	12.80	1432872	37719920.000
11/15/2010	13.06	13.82	12.88	13.76	1784220	47176988.000
11/16/2010	13.63	14.13	12.93	13.32	1734318	46933504.000
11/17/2010	13.14	14.49	13.10	14.03	3725178	103047536.000
11/18/2010	14.25	15.11	13.98	14.94	4467385	128129072.000
11/19/2010	14.75	15.56	14.46	15.10	3401994	100103168.000
11/22/2010	15.06	15.85	14.75	15.17	3465524	105007168.000
11/23/2010	15.16	15.76	14.78	15.59	2131457	64263880.000
11/24/2010	15.57	16.63	15.42	16.44	2345160	74486288.000
11/25/2010	16.52	17.14	16.08	16.65	2455591	80321400.000
11/26/2010	16.34	16.72	15.75	15.94	3728718	118937872.000
11/29/2010	15.71	16.03	15.57	15.72	2580187	80035368.000
11/30/2010	15.63	15.74	14.14	14.60	5010000	142282928.000
12/01/2010	14.06	15.26	14.06	15.18	2768310	81021944.000
12/02/2010	15.19	15.44	15.12	15.21	1834286	55121380.000
12/03/2010	15.47	15.57	14.91	15.26	1908132	57262496.000
12/06/2010	15.17	16.03	15.07	15.71	1885298	57537148.000
12/07/2010	15.67	16.57	15.67	16.55	2312587	73803192.000
12/08/2010	16.44	17.47	16.29	17.06	2190628	72488760.000
12/09/2010	17.06	17.06	16.35	16.44	1166341	37887340.000
12/10/2010	16.19	17.48	16.10	17.47	1542109	51898136.000
12/13/2010	17.67	18.33	17.25	18.21	1680051	58835104.000
12/14/2010	18.08	18.14	17.72	17.92	1521171	53473264.000
12/15/2010	17.82	18.16	17.74	17.88	790331	27798476.000
12/16/2010	17.87	18.08	17.52	17.60	891217	31031568.000
12/17/2010	17.60	18.66	17.45	18.66	1357978	48803260.000
12/20/2010	18.95	18.96	17.57	17.65	1811363	64770680.000
12/21/2010	17.71	18.52	17.65	17.78	1254898	44129176.000
12/22/2010	17.83	17.99	16.97	17.50	1431042	48482356.000
12/23/2010	17.50	18.41	17.11	18.19	1491983	52401468.000
12/24/2010	17.98	18.08	17.00	17.12	1169263	39609396.000
12/27/2010	17.29	17.70	16.29	16.70	808237	27076512.000
12/28/2010	16.53	16.79	15.83	16.35	1312950	41722920.000
12/29/2010	16.38	17.57	16.38	17.21	1912534	64276256.000
12/30/2010	16.96	17.40	16.37	16.80	2356480	77929160.000
12/31/2010	17.16	17.16	16.52	16.95	845397	27967738.000
01/04/2011	16.90	17.15	16.48	16.77	1462511	48141832.000
01/05/2011	16.65	17.98	16.29	17.82	1813179	62002348.000
01/06/2011	17.70	18.40	17.52	17.52	1078345	38110128.000
01/07/2011	17.52	17.81	16.75	16.83	634623	21388556.000
01/10/2011	17.03	17.05	15.67	15.77	1845543	58484916.000
01/11/2011	15.72	16.47	15.52	16.08	1220153	38881128.000
01/12/2011	16.19	16.78	15.78	16.19	765258	24507026.000
01/13/2011	16.52	16.60	16.07	16.29	706333	22723780.000
01/17/2011	15.88	15.96	14.65	15.05	1367368	40966680.000
01/18/2011	14.70	15.42	14.70	15.36	438713	13141058.000
01/19/2011	15.46	15.76	15.20	15.37	418248	12760545.000
01/20/2011	15.11	15.55	14.44	14.46	423099	12485590.000
01/21/2011	14.25	14.51	13.01	13.79	1743918	47056304.000
01/24/2011	13.67	13.67	12.71	12.76	1397057	36284472.000
01/25/2011	12.69	13.21	12.31	13.15	2784559	70490208.000
01/26/2011	12.90	13.76	12.90	13.64	1130093	30122094.000
01/27/2011	13.62	13.79	13.37	13.55	857242	22850750.000
01/28/2011	13.69	14.06	13.42	13.98	337350	9107266.000
01/31/2011	13.70	14.76	13.49	14.35	574128	16325842.000
02/01/2011	14.62	14.90	14.35	14.51	293515	8465691.000
02/09/2011	14.39	15.00	14.39	14.70	346872	10063459.000
02/10/2011	14.76	14.95	14.65	14.89	195633	5696000.000
02/11/2011	14.78	14.98	14.59	14.77	210443	6109584.500
02/14/2011	14.77	15.88	14.76	15.51	542345	16560383.000
02/15/2011	15.72	15.76	15.14	15.35	560329	17063614.000
02/16/2011	15.21	15.71	15.21	15.58	278081	8469992.000
02/17/2011	15.78	16.48	15.59	15.61	1740675	55025432.000
02/18/2011	15.63	15.78	14.88	14.96	624527	18627722.000
02/21/2011	14.76	15.50	14.76	15.37	1053916	31764612.000
02/22/2011	15.38	15.97	14.24	14.61	2133873	62671640.000
02/23/2011	14.54	15.29	14.25	14.90	1459335	43204964.000
02/24/2011	15.04	15.19	14.19	14.69	1498727	42989708.000
02/25/2011	14.64	14.73	14.34	14.51	418984	11951888.000
02/28/2011	14.69	15.33	14.50	15.22	741109	21814670.000
03/01/2011	15.22	15.39	15.02	15.27	492919	14685650.000
03/02/2011	15.11	15.25	14.79	14.95	389821	11441843.000
03/03/2011	14.82	15.01	14.32	14.47	357636	10300539.000
03/04/2011	14.57	14.57	13.78	14.39	800331	22083326.000
03/07/2011	14.49	14.75	14.24	14.72	1064752	30259832.000
03/08/2011	14.72	14.74	14.14	14.33	1225872	34956236.000
03/09/2011	14.33	14.49	14.27	14.39	444508	12559605.000
03/10/2011	14.44	14.84	14.29	14.75	1398475	40170604.000
03/11/2011	14.57	15.26	14.57	14.95	1164923	34295400.000
03/14/2011	14.78	15.29	14.78	15.16	1011279	30083752.000
03/15/2011	15.15	15.56	14.84	15.46	979966	29191074.000
03/16/2011	15.43	16.28	15.43	16.09	1528656	47898352.000
03/18/2011	16.29	16.36	15.64	16.18	796997	25181398.000
03/21/2011	16.19	16.38	15.39	15.56	732080	22756210.000
03/22/2011	15.52	16.02	15.21	15.69	488099	14865410.000
03/23/2011	15.89	16.25	15.58	16.03	431328	13521587.000
03/24/2011	16.03	16.44	16.03	16.03	718472	22906606.000
03/25/2011	16.01	16.01	15.51	15.60	813489	24997734.000
03/28/2011	15.60	15.83	14.81	15.01	879716	26098814.000
03/29/2011	14.91	15.00	14.49	14.65	412222	11959890.000
03/30/2011	14.77	15.01	14.26	14.93	1195765	34231036.000
03/31/2011	14.77	15.05	14.54	14.70	241157	7014514.500
04/01/2011	14.78	15.06	14.55	15.01	223384	6563758.000
04/06/2011	15.00	15.06	13.70	13.88	1109638	31070424.000
04/07/2011	13.90	14.11	13.61	13.72	698515	18895114.000
04/08/2011	13.65	14.21	13.65	14.03	528119	14558114.000
04/12/2011	14.01	14.17	13.29	13.56	538033	14526526.000
04/13/2011	13.57	13.77	13.38	13.73	444468	11913994.000
04/14/2011	13.73	13.92	13.57	13.90	445013	12101425.000
04/15/2011	13.88	13.93	13.63	13.84	332756	9044217.000
04/18/2011	13.84	14.08	13.64	13.65	383932	10446493.000
04/19/2011	13.67	13.76	13.21	13.52	344381	9122743.000
04/20/2011	13.42	14.07	13.37	13.89	463311	12579884.000
04/21/2011	13.93	14.24	13.84	14.15	795187	22024626.000
04/22/2011	14.16	14.16	13.68	13.93	466700	8422731.000
04/25/2011	13.88	13.92	13.10	13.17	612730	10721123.000
04/26/2011	13.01	13.29	12.61	12.70	366750	6175842.000
04/27/2011	12.87	12.87	12.47	12.55	280005	4603233.000
04/28/2011	12.75	12.77	11.47	11.98	510991	8069074.000
04/29/2011	11.98	12.31	11.78	12.24	1106740	17581504.000
05/03/2011	12.22	12.75	12.08	12.65	693162	11321531.000
05/04/2011	12.66	12.82	12.24	12.48	982125	16156327.000
05/05/2011	12.57	13.11	12.48	12.91	599878	10131008.000
05/06/2011	12.75	13.14	12.75	13.01	461066	7837324.500
05/09/2011	13.02	13.31	12.86	13.16	471543	8084566.500
05/10/2011	13.16	13.27	12.87	12.92	281179	4812031.500
05/11/2011	13.00	13.12	12.80	13.12	318929	5430277.500
05/12/2011	12.97	13.20	12.78	12.78	322847	5462042.500
05/13/2011	12.82	12.82	12.20	12.39	628303	10184589.000
05/16/2011	12.32	12.47	12.31	12.38	390597	6332025.500
05/17/2011	12.36	12.54	11.94	12.45	345993	5585735.500
05/18/2011	12.25	12.51	12.25	12.36	184554	2995337.250
05/19/2011	12.46	12.57	12.33	12.34	202960	3295873.250
05/20/2011	12.28	12.42	12.13	12.18	356749	5702805.500
05/23/2011	12.12	12.45	10.95	11.31	829524	12381610.000
05/24/2011	11.27	11.98	11.17	11.81	618792	9400470.000
05/25/2011	11.67	11.81	11.32	11.39	306417	4626535.500
05/26/2011	11.45	11.68	11.31	11.49	383385	5756821.000
05/27/2011	11.28	11.73	11.25	11.73	354410	5370793.500
05/30/2011	11.76	12.24	11.55	11.98	796820	12515180.000
05/31/2011	12.20	12.24	11.48	11.97	825179	12734751.000
06/01/2011	11.92	11.96	11.65	11.79	686902	10555038.000
06/02/2011	11.58	11.65	11.25	11.51	492394	7389257.000
06/03/2011	11.55	11.89	11.47	11.77	418811	6395809.500
06/07/2011	11.69	11.88	11.62	11.83	405817	6256435.000
06/08/2011	11.90	11.90	11.80	11.85	384562	5957519.000
06/09/2011	11.74	11.92	11.47	11.47	255100	3865531.500
06/10/2011	11.47	11.48	11.24	11.37	128500	1904395.000
06/13/2011	11.12	11.53	11.12	11.47	295013	4376140.500
06/14/2011	11.35	11.74	11.35	11.61	211590	3201177.000
06/15/2011	11.71	11.71	11.33	11.44	140680	2110872.000
06/16/2011	11.31	11.31	10.84	10.91	476280	6907775.500
06/17/2011	10.71	11.08	10.50	10.51	444300	6251378.500
06/20/2011	10.58	10.58	9.95	10.11	470735	6309784.500
06/21/2011	10.16	10.24	9.99	10.23	729934	9684259.000
06/22/2011	10.28	10.28	10.01	10.08	430903	5708980.000
06/23/2011	10.08	10.58	10.03	10.41	778935	10570328.000
06/24/2011	10.55	10.97	10.54	10.65	1315233	18411444.000
06/27/2011	10.65	10.92	10.61	10.85	1503384	21193640.000
06/28/2011	10.87	10.90	10.67	10.87	508520	7153561.500
06/29/2011	10.81	11.05	10.76	10.91	754548	10815480.000
06/30/2011	10.94	11.12	10.84	11.01	522826	7513869.500
07/01/2011	11.11	11.11	10.88	10.93	475996	6855627.500
07/04/2011	10.93	11.08	10.86	11.06	2086697	29923066.000
07/05/2011	11.11	11.47	10.98	11.34	2752130	40238532.000
07/06/2011	11.28	11.68	11.09	11.53	1652147	24477642.000
07/07/2011	11.41	12.08	11.41	12.00	3057310	47374980.000
07/08/2011	11.90	11.98	11.69	11.77	817158	12591489.000
07/11/2011	11.78	11.89	11.60	11.79	791344	12172863.000
07/12/2011	11.70	11.70	11.32	11.41	743810	11145959.000
07/13/2011	11.35	11.68	11.35	11.61	520234	7876352.500
07/14/2011	11.61	12.00	11.61	11.99	841203	13020946.000
07/15/2011	11.99	12.51	11.93	12.36	1510670	24358866.000
07/19/2011	12.31	12.31	11.51	11.73	1096798	16960032.000
07/20/2011	11.68	11.85	11.61	11.75	971939	14887791.000
07/21/2011	11.75	11.85	11.47	11.64	492222	7516349.000
07/22/2011	11.68	11.78	11.57	11.71	466188	7145857.000
07/25/2011	11.58	11.59	10.71	10.91	955411	13872743.000
07/26/2011	10.91	11.04	10.83	10.98	728534	10412981.000
07/27/2011	10.84	11.50	10.78	11.31	700061	10368388.000
07/28/2011	11.23	11.23	10.70	11.15	887275	12785358.000
07/29/2011	11.12	11.24	10.99	11.11	460023	6672017.000
08/01/2011	11.11	11.51	10.98	11.51	854916	12744543.000
08/02/2011	11.47	11.63	10.93	11.47	985989	14425563.000
08/03/2011	11.37	11.97	11.11	11.89	1464829	22494626.000
08/04/2011	11.92	11.92	11.61	11.75	539802	8276276.500
08/05/2011	11.28	11.53	11.06	11.43	644811	9584803.000
08/08/2011	11.38	11.38	10.55	10.63	1075971	15419399.000
08/09/2011	10.41	10.85	10.04	10.61	956157	13013285.000
08/10/2011	10.76	10.98	10.47	10.55	1719543	24040584.000
08/11/2011	10.29	10.83	10.24	10.82	1163660	16110722.000
08/12/2011	10.83	11.05	10.76	11.05	1404231	20059234.000
08/15/2011	10.93	11.70	10.84	11.70	1933832	28829402.000
08/16/2011	11.65	12.36	11.58	12.16	3855401	61270044.000
08/17/2011	12.01	12.23	11.88	12.11	1302696	20563170.000
08/18/2011	12.02	12.16	11.55	11.62	900323	13879921.000
08/19/2011	11.35	11.54	11.04	11.32	1409500	20741296.000
08/22/2011	11.39	11.84	11.39	11.70	1973106	29936784.000
08/23/2011	11.76	12.31	11.59	12.28	1729197	27047162.000
08/24/2011	12.24	12.61	12.23	12.51	1821236	29689422.000
08/25/2011	12.59	12.66	12.12	12.53	1695941	27301026.000
08/26/2011	12.45	12.59	12.16	12.53	1471600	23798576.000
08/29/2011	12.35	12.68	12.26	12.62	1329258	21648620.000
08/30/2011	12.55	12.85	12.08	12.15	1217725	19787626.000
08/31/2011	12.08	12.27	11.66	11.81	983894	15308302.000
09/01/2011	11.83	12.05	11.70	11.85	413806	6422471.000
09/02/2011	11.75	11.97	11.50	11.69	606437	9303435.000
09/05/2011	11.70	11.78	11.39	11.43	682786	10307938.000
09/06/2011	11.31	11.55	11.09	11.30	285697	4214477.500
09/07/2011	11.43	11.59	11.22	11.54	713346	10655211.000
09/08/2011	11.54	11.78	11.33	11.35	499170	7578722.000
09/09/2011	11.21	11.41	10.78	10.87	781090	11267820.000
09/13/2011	10.81	10.90	10.62	10.81	687519	9643800.000
09/14/2011	10.85	10.98	10.63	10.98	521685	7408237.000
09/15/2011	11.01	11.23	10.85	10.98	1262513	18241142.000
09/16/2011	10.78	11.18	10.78	11.12	721333	10444783.000
09/19/2011	11.02	11.08	10.76	10.78	334885	4762664.000
09/20/2011	10.76	10.81	10.42	10.46	608778	8410736.000
09/21/2011	10.50	10.92	10.46	10.87	533822	7495719.000
09/22/2011	10.84	10.85	10.38	10.47	552210	7665730.500
09/23/2011	10.41	10.51	10.13	10.34	910192	12284382.000
09/27/2011	10.34	10.36	10.08	10.18	493039	6591283.500
09/28/2011	10.28	10.31	9.87	9.90	656535	8651900.000
09/29/2011	9.89	9.89	9.47	9.47	531373	6683102.500
09/30/2011	9.44	9.62	9.26	9.59	354842	4374272.000
10/10/2011	9.70	9.71	9.48	9.69	309661	3910626.250
10/11/2011	9.92	10.16	9.58	9.65	316710	4078780.500
10/12/2011	9.55	10.01	9.39	9.97	611414	7909940.000
10/13/2011	10.07	10.28	9.85	10.09	461101	6090150.000
10/14/2011	10.08	10.15	9.71	9.93	648216	8412769.000
10/17/2011	9.93	10.41	9.93	10.24	835564	11139414.000
10/18/2011	10.16	10.18	9.71	9.72	566800	7398444.000
10/19/2011	9.82	9.93	9.72	9.79	204219	2627671.000
10/20/2011	9.82	9.85	8.84	9.35	1106604	13275108.000
10/21/2011	9.31	9.31	8.93	9.10	392270	4669588.000
10/24/2011	9.22	9.28	8.89	9.16	472896	5642856.500
10/25/2011	9.16	9.51	9.16	9.51	684959	8423329.000
10/26/2011	9.37	9.76	9.37	9.58	1120019	14047982.000
10/27/2011	9.61	9.71	9.39	9.43	900600	11260069.000
10/28/2011	9.62	9.77	9.55	9.74	1619837	20432300.000
10/31/2011	9.70	10.06	9.70	10.02	1705546	22115150.000
11/01/2011	10.04	10.51	9.93	10.38	2936642	39488320.000
11/02/2011	10.08	10.78	9.97	10.74	2274845	31133822.000
11/03/2011	10.85	11.16	10.51	10.55	2397383	34044976.000
11/04/2011	10.61	10.79	10.41	10.55	1247246	17279830.000
11/07/2011	10.57	11.11	10.49	10.78	1260134	17918202.000
11/08/2011	10.78	10.85	10.48	10.49	824130	11512755.000
11/09/2011	10.57	11.07	10.57	10.93	1421984	20196480.000
11/10/2011	10.83	11.95	10.76	11.32	4604173	68789312.000
11/11/2011	11.32	11.54	11.13	11.18	1442729	21350664.000
11/14/2011	11.25	11.58	11.25	11.54	1323401	19867472.000
11/15/2011	11.47	11.65	11.33	11.42	1226473	18392206.000
11/16/2011	11.43	11.52	11.01	11.25	1703515	24922164.000
11/17/2011	11.31	11.35	10.97	11.08	1086310	15779480.000
11/18/2011	11.05	11.05	10.47	10.66	1428208	20013324.000
11/21/2011	10.51	10.67	10.41	10.58	720168	9933236.000
11/22/2011	10.56	10.87	10.38	10.86	679050	9435685.000
11/23/2011	10.82	11.10	10.78	11.01	596100	8539506.000
11/24/2011	10.85	10.97	10.70	10.85	474186	6712375.500
11/25/2011	10.78	11.12	10.72	10.83	644072	9210873.000
11/28/2011	10.75	10.85	10.58	10.60	653019	9152401.000
11/29/2011	10.78	10.90	10.64	10.90	702974	9868674.000
11/30/2011	10.78	10.86	10.19	10.31	1259252	17184224.000
12/01/2011	10.47	10.77	10.45	10.47	1164635	16251250.000
12/02/2011	10.45	10.51	10.28	10.28	745215	10116532.000
12/05/2011	10.16	10.59	9.71	9.85	725591	9489417.000
12/06/2011	9.89	10.00	9.78	9.96	304544	3944563.750
12/07/2011	9.93	10.15	9.87	10.04	353543	4646784.000
12/08/2011	10.05	10.33	9.95	10.11	618902	8277233.000
12/09/2011	10.12	10.25	10.01	10.05	255136	3387161.250
12/12/2011	10.05	10.16	9.86	9.93	422910	5503318.500
12/13/2011	9.85	9.96	9.16	9.51	989611	12195623.000
12/14/2011	9.39	9.51	9.24	9.34	371050	4548574.000
12/15/2011	9.20	9.35	9.01	9.32	608335	7348523.000
12/16/2011	9.31	9.73	9.31	9.67	647994	8046746.500
12/19/2011	9.68	9.88	9.45	9.79	623315	7822545.500
12/20/2011	9.70	9.85	9.48	9.55	556363	7065487.000
12/21/2011	9.72	9.75	9.12	9.12	572971	7108852.000
12/22/2011	9.08	9.08	8.57	8.74	643420	7418437.000
12/23/2011	8.70	8.89	8.67	8.80	725667	8342779.500
12/26/2011	8.80	9.19	8.75	8.89	832126	9816330.000
12/27/2011	8.78	8.81	8.58	8.59	483142	5509148.500
12/29/2011	8.55	8.70	8.48	8.56	256273	2891473.250
12/30/2011	8.66	8.99	8.62	8.78	706591	8150081.500
01/04/2012	8.85	8.93	8.55	8.55	217701	2495403.500
01/05/2012	8.51	8.65	7.78	7.95	661163	6994321.000
01/06/2012	8.03	8.13	7.78	8.05	221139	2303777.500
01/09/2012	7.88	8.28	7.88	8.25	796834	8529622.000
01/10/2012	8.25	8.59	8.20	8.56	813645	9020804.000
01/11/2012	8.56	8.79	8.54	8.62	798203	9040426.000
01/12/2012	8.57	8.69	8.32	8.45	612881	6805621.500
01/13/2012	8.55	8.55	7.60	7.78	923287	9490083.000
01/16/2012	7.75	7.75	7.01	7.12	1014093	9814578.000
01/17/2012	7.05	7.47	6.97	7.40	1482489	14169146.000
01/18/2012	7.41	7.55	6.87	6.87	1345777	12667892.000
01/19/2012	6.80	6.98	6.71	6.90	1917827	17249870.000
01/20/2012	6.93	7.16	6.87	7.01	1306635	12045525.000
01/30/2012	7.05	7.34	6.99	7.08	2058288	19293418.000
01/31/2012	7.11	7.14	6.85	7.05	1018583	9312013.000
02/01/2012	6.97	7.31	6.97	7.18	1700142	16054046.000
02/02/2012	7.36	7.91	7.36	7.91	2651097	27042912.000
02/03/2012	8.11	8.15	7.83	8.11	2430845	25460048.000
02/06/2012	8.12	8.91	8.04	8.62	2555385	28377618.000
02/07/2012	8.45	8.98	8.40	8.60	2164337	24728172.000
02/08/2012	8.55	8.68	8.41	8.68	1431281	16098555.000
02/09/2012	8.70	8.81	8.51	8.63	1462678	16676640.000
02/10/2012	8.63	8.74	8.41	8.70	1251164	14018803.000
02/13/2012	8.58	8.98	8.43	8.87	1781278	20418028.000
02/14/2012	8.79	8.89	8.58	8.75	845912	9664093.000
02/15/2012	8.68	9.07	8.55	8.93	1325679	15358630.000
02/16/2012	8.93	8.95	8.61	8.80	819045	9463791.000
02/17/2012	8.80	8.85	8.32	8.38	2067517	22961040.000
02/20/2012	8.53	9.16	8.51	8.93	5185743	60253792.000
02/21/2012	8.80	9.38	8.58	9.36	5009428	58981900.000
02/22/2012	9.18	9.66	9.15	9.56	4054748	50049544.000
02/23/2012	9.47	9.51	9.25	9.35	2304938	28296846.000
02/24/2012	9.43	9.46	9.20	9.24	2607405	31668956.000
02/27/2012	9.28	9.60	9.24	9.35	3362175	41709532.000
02/28/2012	9.25	9.29	8.90	9.05	2077462	24679618.000
02/29/2012	9.08	9.08	8.55	8.60	2709180	31023174.000
03/01/2012	8.58	8.80	8.55	8.70	1509712	17196344.000
03/02/2012	8.75	8.87	8.63	8.86	1737572	20026786.000
03/05/2012	8.86	8.91	8.63	8.71	2248691	25774540.000
03/06/2012	8.72	8.81	8.66	8.75	2262827	25890848.000
03/07/2012	8.66	8.94	8.55	8.80	2634249	30361494.000
03/08/2012	8.78	8.98	8.78	8.98	2214296	25876122.000
03/09/2012	9.04	9.25	9.01	9.13	2253380	26899972.000
03/12/2012	9.08	9.42	9.08	9.25	2888298	35089976.000
03/13/2012	9.29	9.31	9.08	9.22	2136850	25694138.000
03/14/2012	9.26	9.34	8.62	8.75	3147129	37324804.000
03/15/2012	8.75	8.79	8.31	8.38	2316052	25708394.000
03/16/2012	8.47	8.54	8.24	8.51	1194270	13194012.000
03/19/2012	8.51	8.61	8.31	8.55	1757168	19491014.000
03/20/2012	8.53	8.53	8.07	8.08	2552579	27603272.000
03/21/2012	8.11	8.18	7.84	8.00	1760292	18371812.000
03/22/2012	7.95	8.13	7.93	8.08	823515	8693468.000
03/23/2012	8.02	8.06	7.87	7.99	816468	8529467.000
03/26/2012	8.08	8.11	7.93	7.99	783151	8222201.000
03/27/2012	8.05	8.16	7.76	7.84	1624520	17015026.000
03/28/2012	7.81	7.81	7.38	7.41	2033756	20101568.000
03/29/2012	7.33	7.46	7.18	7.31	1128936	10877763.000
03/30/2012	7.37	7.37	7.07	7.15	1001959	9518444.000
04/05/2012	7.20	7.51	7.16	7.44	1313490	12702107.000
04/06/2012	7.51	7.58	7.41	7.53	1005686	9893480.000
04/09/2012	7.48	7.70	7.44	7.46	912952	9088331.000
04/10/2012	7.48	7.84	7.43	7.81	2097348	21010904.000
04/11/2012	7.66	7.90	7.61	7.78	1452310	14741997.000
04/12/2012	7.76	7.90	7.65	7.88	1281592	13141071.000
04/13/2012	7.88	8.00	7.80	7.84	1199922	12393817.000
04/16/2012	7.84	7.84	7.65	7.75	782702	7937105.500
04/17/2012	7.70	7.88	7.67	7.78	950249	9732438.000
04/18/2012	7.77	8.00	7.76	7.99	1292192	13407722.000
04/19/2012	7.99	8.05	7.86	7.95	744246	7740947.000
04/20/2012	7.95	8.05	7.88	8.01	1290779	13478374.000
04/23/2012	7.99	7.99	7.38	7.39	2316192	23195338.000
04/24/2012	7.35	7.51	7.21	7.43	1340140	12962239.000
04/25/2012	7.38	7.51	7.35	7.44	795256	7729359.500
04/26/2012	7.44	7.52	7.28	7.35	805830	7815325.500
04/27/2012	7.38	7.55	7.31	7.46	699794	6834749.500
05/02/2012	7.57	7.72	7.51	7.62	1131932	11286460.000
05/03/2012	7.55	7.65	7.55	7.61	668966	6668105.500
05/04/2012	7.61	7.77	7.61	7.76	1670691	16895786.000
05/07/2012	7.73	7.94	7.65	7.94	1644874	16891852.000
05/08/2012	7.90	8.07	7.76	7.98	1874699	19431542.000
05/09/2012	7.93	7.93	7.74	7.81	1192222	12225489.000
05/10/2012	7.81	7.91	7.78	7.83	1266716	13047985.000
05/11/2012	7.79	7.85	7.65	7.65	1197693	12203697.000
05/14/2012	7.71	7.74	7.50	7.50	1439398	14388767.000
05/15/2012	7.34	7.59	7.34	7.57	776389	7643900.000
05/16/2012	7.57	7.69	7.48	7.50	732851	7279174.500
05/17/2012	7.51	7.69	7.45	7.64	865545	8593111.000
05/18/2012	7.55	7.69	7.53	7.57	787502	7862407.000
05/21/2012	7.52	7.62	7.47	7.54	632122	6256217.000
05/22/2012	7.58	7.64	7.49	7.57	1078355	8234953.000
05/23/2012	7.58	7.59	7.28	7.36	1221677	9141548.000
05/24/2012	7.36	7.39	7.26	7.36	1358634	10020666.000
05/25/2012	7.38	7.42	7.21	7.29	1311201	9649429.000
05/28/2012	7.32	7.32	7.12	7.32	1119314	8164009.500
05/29/2012	7.31	7.58	7.27	7.51	1729686	13024967.000
05/30/2012	7.52	7.60	7.44	7.56	1298043	9857051.000
05/31/2012	7.53	7.79	7.46	7.66	1667769	12883092.000
06/01/2012	7.65	7.69	7.53	7.59	1239726	9535336.000
06/04/2012	7.43	7.43	7.22	7.23	1646646	12142191.000
06/05/2012	7.19	7.29	7.16	7.20	796457	5790980.000
06/06/2012	7.27	7.38	7.22	7.29	852175	6275362.500
06/07/2012	7.38	7.41	7.21	7.22	683953	5030796.500
06/08/2012	7.28	7.40	7.20	7.23	1054724	7759987.500
06/11/2012	7.26	7.68	7.21	7.63	2552906	19360666.000
06/12/2012	7.55	7.89	7.53	7.66	3986301	31074924.000
06/13/2012	7.70	7.99	7.61	7.92	3708165	29394556.000
06/14/2012	7.93	7.93	7.75	7.81	2629429	20788770.000
06/15/2012	7.86	7.89	7.61	7.84	2196199	17247030.000
06/18/2012	7.88	8.01	7.79	7.99	3009069	24095790.000
06/19/2012	7.96	7.98	7.78	7.80	1749843	13937584.000
06/20/2012	7.81	8.18	7.81	8.14	5338293	43351528.000
06/21/2012	8.13	8.18	7.92	7.95	3804108	30784270.000
06/25/2012	7.95	7.95	7.53	7.57	2445306	18998040.000
06/26/2012	7.48	7.53	7.25	7.44	2095204	15695473.000
06/27/2012	7.49	7.56	7.40	7.46	1651373	12480225.000
06/28/2012	7.48	7.55	7.42	7.48	1218710	9228685.000
06/29/2012	7.48	7.64	7.31	7.63	1520816	11518303.000
07/02/2012	7.73	7.73	7.61	7.65	1738570	13447156.000
07/03/2012	7.65	7.88	7.53	7.85	2390845	18686718.000
07/04/2012	7.78	7.95	7.70	7.78	2172857	17154420.000
07/05/2012	7.72	7.72	7.35	7.49	2119802	16011424.000
07/06/2012	7.53	7.57	7.17	7.51	2438759	18141822.000
07/09/2012	7.40	7.47	7.24	7.25	1299311	9645976.000
07/10/2012	7.23	7.33	7.14	7.23	583494	4272529.500
07/11/2012	7.27	7.37	7.18	7.36	694479	5111825.000
07/12/2012	7.13	7.18	6.62	6.80	5255177	35941344.000
07/13/2012	6.72	6.80	6.64	6.65	1763454	11948646.000
07/16/2012	6.61	6.68	6.34	6.34	1653475	10819981.000
07/17/2012	6.35	6.44	6.24	6.40	688366	4422255.500
07/18/2012	6.40	6.46	6.26	6.46	813944	5250401.000
07/19/2012	6.41	6.65	6.39	6.57	1392557	9239448.000
07/20/2012	6.55	6.58	6.47	6.50	764905	5052637.000
07/23/2012	6.41	6.43	6.27	6.34	860696	5533912.000
07/24/2012	6.31	6.52	6.29	6.48	839241	5451514.500
07/25/2012	6.45	6.54	6.39	6.41	811960	5286649.500
07/26/2012	6.43	6.48	6.33	6.36	575903	3737560.500
07/27/2012	6.37	6.43	6.28	6.39	915726	5890476.000
07/30/2012	6.34	6.44	6.19	6.21	714448	4542276.500
07/31/2012	6.19	6.19	6.02	6.04	783028	4831665.500
08/01/2012	6.02	6.22	6.02	6.14	581072	3619777.000
08/02/2012	6.11	6.17	6.02	6.06	418093	2578351.750
08/03/2012	6.11	6.28	6.06	6.26	731648	4564815.000
08/06/2012	6.20	6.41	6.16	6.39	1006580	6429023.500
08/07/2012	6.39	6.53	6.37	6.47	1045549	6814871.000
08/08/2012	6.45	6.51	6.37	6.39	905784	5875363.500
08/09/2012	6.39	6.55	6.33	6.52	1850991	12076705.000
08/10/2012	6.48	6.79	6.42	6.56	2638119	17539824.000
08/13/2012	6.61	6.62	6.35	6.35	1956892	12848186.000
08/14/2012	6.41	6.51	6.30	6.49	1389769	8982606.000
08/15/2012	6.49	6.59	6.43	6.43	1709044	11253373.000
08/16/2012	6.43	6.43	6.23	6.36	2365631	15137190.000
08/17/2012	6.32	6.51	6.30	6.49	1647890	10710484.000
08/20/2012	6.41	6.79	6.39	6.74	3450170	23189548.000
08/21/2012	6.73	6.85	6.64	6.77	2716446	18603568.000
08/22/2012	6.81	6.88	6.72	6.77	2400095	16500972.000
08/23/2012	6.73	6.93	6.73	6.89	2453446	16913260.000
08/24/2012	6.88	6.91	6.63	6.70	1957982	13354620.000
08/27/2012	6.71	6.75	6.54	6.66	1323369	8887357.000
08/28/2012	6.58	6.88	6.58	6.86	1551857	10642649.000
08/29/2012	6.88	7.37	6.84	7.32	4774394	34312500.000
10/30/2012	7.73	7.73	6.58	6.58	12913892	88791224.000
10/31/2012	6.25	6.38	6.10	6.15	6719507	42174660.000
11/01/2012	6.12	6.20	6.09	6.11	4852841	30189630.000
11/02/2012	6.11	6.15	6.04	6.13	3180459	19640524.000
11/05/2012	6.12	6.18	6.08	6.16	2361272	14640335.000
11/06/2012	6.13	6.17	5.98	6.06	2026808	12440723.000
11/07/2012	6.10	6.16	6.06	6.09	1468426	9066825.000
11/08/2012	6.03	6.06	5.83	5.83	2410345	14456728.000
11/09/2012	5.81	5.85	5.63	5.66	3286457	19036146.000
11/12/2012	5.67	5.74	5.63	5.72	1446041	8329245.000
11/13/2012	5.73	5.73	5.54	5.58	1381830	7859388.500
11/14/2012	5.55	5.64	5.53	5.60	843197	4762054.500
11/15/2012	5.57	5.59	5.45	5.46	1082235	6053723.000
11/16/2012	5.43	5.47	5.37	5.44	1039687	5690992.500
11/19/2012	5.42	5.54	5.41	5.54	957416	5306903.000
11/20/2012	5.55	5.71	5.54	5.59	1620812	9233087.000
11/21/2012	5.59	5.63	5.42	5.57	3353955	18708200.000
11/22/2012	5.54	5.58	5.48	5.51	1451334	8129826.000
11/23/2012	5.50	5.56	5.44	5.50	955600	5346637.500
11/26/2012	5.50	5.53	5.40	5.41	776995	4288985.500
11/27/2012	5.41	5.41	5.09	5.12	1565261	8235410.500
11/28/2012	5.05	5.09	4.97	5.00	928671	4746194.000
11/29/2012	5.00	5.10	4.98	5.01	1035973	5289504.500
11/30/2012	5.01	5.09	4.99	5.06	796215	4077072.750
12/03/2012	5.06	5.09	4.86	4.86	1089624	5503692.500
12/04/2012	4.86	4.98	4.78	4.94	1075348	5304302.500
12/05/2012	4.91	5.18	4.89	5.15	1878452	9703744.000
12/06/2012	5.15	5.30	5.14	5.18	2003101	10587652.000
12/07/2012	5.14	5.33	5.12	5.32	1928909	10269249.000
12/10/2012	5.33	5.49	5.32	5.46	2702580	14768982.000
12/11/2012	5.38	5.46	5.35	5.37	2177456	11902958.000
12/12/2012	5.37	5.41	5.25	5.32	1516206	8184155.000
12/13/2012	5.32	5.43	5.27	5.28	1538660	8316488.500
12/14/2012	5.28	5.55	5.28	5.54	2979929	16501217.000
12/17/2012	5.53	5.58	5.48	5.54	2132459	11914361.000
12/18/2012	5.49	5.60	5.48	5.51	1931286	10850837.000
12/19/2012	5.50	5.68	5.49	5.57	1969455	11175441.000
12/20/2012	5.60	5.60	5.47	5.59	1685895	9470801.000
12/21/2012	5.58	5.65	5.51	5.62	1991565	11279067.000
12/24/2012	5.60	5.70	5.59	5.66	1569018	8988342.000
12/25/2012	5.67	5.79	5.57	5.78	2933369	16960116.000
12/26/2012	5.78	6.01	5.75	6.00	3933223	23397160.000
12/27/2012	6.03	6.08	5.80	5.82	3401463	20379434.000
12/28/2012	5.81	5.87	5.71	5.83	3072742	17979234.000
12/31/2012	5.84	5.91	5.79	5.86	1910010	11330532.000
01/04/2013	5.88	5.93	5.70	5.78	2406070	14107340.000
01/07/2013	5.77	5.91	5.76	5.90	2728996	16131800.000
01/08/2013	5.89	6.22	5.82	6.17	5740215	35091600.000
01/09/2013	6.12	6.18	6.03	6.07	3695416	22781848.000
01/10/2013	6.07	6.31	6.04	6.20	4791740	30058004.000
01/11/2013	6.23	6.32	6.12	6.22	6068231	38092424.000
01/14/2013	6.22	6.46	6.13	6.38	6748793	43182080.000
01/15/2013	6.38	6.63	6.33	6.63	6622804	43236708.000
01/16/2013	6.58	6.60	6.33	6.50	3890085	25503740.000
01/17/2013	6.51	6.55	6.27	6.34	2476084	15998215.000
01/18/2013	6.34	6.44	6.31	6.40	2647585	17044004.000
01/21/2013	6.36	6.40	6.22	6.32	4107832	26188054.000
01/22/2013	6.30	6.31	6.06	6.12	3434078	21526900.000
01/23/2013	6.12	6.13	5.92	6.05	3287906	19972898.000
01/24/2013	6.04	6.14	5.78	5.81	3270128	19835254.000
01/25/2013	5.84	6.03	5.78	5.89	1475428	8783741.000
01/28/2013	5.94	6.01	5.90	5.99	3198248	19281260.000
01/29/2013	6.03	6.22	5.98	6.18	3438480	21278590.000
01/30/2013	6.11	6.20	6.00	6.06	3156318	19392120.000
01/31/2013	6.06	6.22	5.95	6.17	4313833	26584940.000
02/01/2013	6.13	6.18	6.06	6.13	1921627	11907067.000
02/04/2013	6.19	6.21	6.00	6.07	2349464	14445213.000
02/05/2013	6.03	6.08	5.97	6.06	2314163	14118299.000
02/06/2013	6.08	6.37	6.03	6.18	4330201	27246224.000
02/07/2013	6.15	6.32	6.10	6.28	3947398	24946488.000
02/08/2013	6.37	6.61	6.25	6.45	6500636	42161304.000
02/18/2013	6.53	6.89	6.48	6.65	7639238	51476500.000
02/19/2013	6.65	6.69	6.40	6.49	3971390	26193880.000
02/20/2013	6.51	6.69	6.47	6.66	3785780	25195394.000
02/21/2013	6.83	6.83	6.49	6.65	4880882	32705766.000
02/22/2013	6.89	7.32	6.65	7.04	16521712	119088704.000
02/25/2013	6.80	7.16	6.69	7.11	10269019	71601144.000
02/26/2013	7.00	7.21	6.84	6.88	6539929	46355480.000
02/27/2013	6.85	6.99	6.63	6.71	4185874	28651964.000
02/28/2013	6.69	6.88	6.63	6.83	3517893	24147858.000
03/01/2013	6.96	7.40	6.90	7.14	8940744	64688728.000
03/04/2013	7.11	7.35	6.95	7.13	7736697	55885836.000
03/05/2013	7.13	7.52	7.04	7.43	6457431	47720100.000
03/06/2013	7.34	7.91	7.34	7.72	7109713	55181372.000
03/07/2013	7.83	7.98	7.39	7.61	7922606	61610628.000
03/08/2013	7.53	7.73	7.38	7.65	4634489	35349524.000
03/11/2013	7.61	7.99	7.52	7.82	4257269	33483790.000
03/12/2013	7.75	7.81	7.11	7.28	5790440	43213052.000
03/13/2013	7.21	7.21	6.94	7.03	3179619	22705110.000
03/14/2013	7.06	7.19	6.98	7.03	2142569	15306093.000
03/15/2013	6.83	7.19	6.76	7.10	8187703	57141628.000
03/27/2013	7.29	7.53	6.87	6.96	9412792	68827584.000
03/28/2013	6.83	7.12	6.29	6.82	6482964	43914584.000
03/29/2013	6.83	6.93	6.62	6.64	2075396	14114590.000
04/01/2013	6.23	6.33	5.97	6.09	8125718	49856724.000
04/02/2013	6.01	6.13	5.97	5.99	3191107	19495718.000
04/03/2013	6.01	6.04	5.91	5.93	2086691	12610167.000
04/08/2013	5.89	6.04	5.80	6.01	2289597	13792269.000
04/09/2013	6.09	6.38	6.08	6.14	3970178	24969440.000
04/10/2013	6.08	6.32	6.08	6.27	3489773	21883034.000
04/11/2013	6.29	6.38	6.21	6.23	1808508	11481242.000
04/12/2013	6.27	6.27	6.08	6.13	1390746	8681688.000
04/15/2013	6.11	6.11	5.98	6.02	1019258	6201102.000
04/16/2013	5.98	6.13	5.93	6.10	984037	6000988.500
04/17/2013	6.12	6.19	6.06	6.16	939541	5804244.000
04/18/2013	6.17	6.23	6.10	6.13	1146863	7131844.500
04/19/2013	6.09	6.29	6.08	6.25	1877324	11855644.000
04/22/2013	6.21	6.86	6.20	6.61	4741515	31446162.000
04/23/2013	6.59	6.93	6.54	6.66	7719694	52559576.000
04/24/2013	6.64	6.96	6.53	6.93	5980726	41318964.000
04/25/2013	6.87	6.97	6.76	6.85	3936407	27301444.000
04/26/2013	6.85	6.85	6.60	6.67	2169333	14709340.000
05/02/2013	6.61	6.80	6.53	6.69	1534887	10325183.000
05/03/2013	6.66	6.91	6.66	6.82	2478973	17047308.000
05/06/2013	6.83	7.27	6.83	7.19	4618876	33275854.000
05/07/2013	7.23	7.33	7.05	7.14	2531065	18209920.000
05/08/2013	7.15	7.23	7.08	7.20	1729329	12478814.000
05/09/2013	7.25	7.47	7.14	7.35	3858562	28528388.000
05/10/2013	7.31	7.39	7.14	7.26	2413137	17596230.000
05/13/2013	7.20	7.25	7.03	7.15	3435160	24704140.000
05/14/2013	7.15	7.22	6.80	6.85	2517852	17663098.000
05/15/2013	6.85	7.04	6.85	6.95	2137593	14948902.000
05/16/2013	6.95	7.23	6.92	6.93	4545648	32369196.000
05/17/2013	6.98	7.11	6.83	7.10	2975831	20988296.000
05/20/2013	7.10	7.40	7.06	7.31	4552868	33389222.000
05/21/2013	7.34	7.70	7.27	7.54	5717899	43311852.000
05/22/2013	7.47	7.53	7.19	7.27	5206934	38548152.000
05/23/2013	7.23	7.44	7.07	7.21	4537297	32972066.000
05/24/2013	7.18	7.62	7.15	7.62	7397844	55593808.000
05/27/2013	8.03	8.22	7.71	7.72	9784743	77901952.000
05/28/2013	7.78	8.49	7.66	8.20	11524736	93778176.000
05/29/2013	8.13	8.20	7.93	8.03	5970719	48385712.000
05/30/2013	8.03	8.31	7.98	7.99	5205670	42339016.000
05/31/2013	7.87	7.90	7.66	7.69	6376644	49810988.000
06/03/2013	7.63	7.74	7.40	7.42	4386104	33286184.000
06/04/2013	7.43	7.49	7.04	7.20	3383426	24705284.000
06/05/2013	7.19	7.23	7.04	7.14	2421463	17367874.000
06/06/2013	7.15	7.23	7.01	7.04	1843878	13248447.000
06/07/2013	7.07	7.14	6.80	7.00	2119761	14940252.000
06/13/2013	6.89	6.89	6.50	6.75	2228054	14952051.000
06/14/2013	6.76	7.08	6.74	7.03	2501908	17480804.000
06/17/2013	7.01	7.23	7.00	7.03	2603347	18677254.000
06/18/2013	7.08	7.12	6.78	7.10	2624161	18421572.000
06/19/2013	7.05	7.26	6.88	7.24	2109876	15043599.000
06/20/2013	7.23	7.30	6.88	6.88	2629833	18817984.000
06/21/2013	6.66	6.91	6.54	6.87	2216815	15009637.000
06/24/2013	6.95	6.95	6.21	6.43	2297097	15368996.000
06/25/2013	6.35	6.56	5.87	6.45	2598710	16365114.000
06/26/2013	6.51	6.76	6.37	6.73	3298124	21987018.000
06/27/2013	6.85	7.15	6.53	6.56	3678620	25294606.000
06/28/2013	6.42	7.14	6.38	6.80	4289950	29376628.000
07/01/2013	6.85	7.12	6.66	7.07	3893978	27276770.000
07/02/2013	7.05	7.22	7.02	7.17	3852425	27673860.000
07/03/2013	7.17	7.31	6.92	7.25	4915282	35194536.000
07/04/2013	7.20	7.27	6.97	7.01	5590784	40175464.000
07/05/2013	7.00	7.18	6.75	6.75	4560784	32135314.000
07/08/2013	6.34	6.34	6.07	6.18	6799175	42050356.000
07/09/2013	6.05	6.17	5.90	5.93	3954810	24081446.000
07/10/2013	5.94	6.15	5.92	6.11	2999128	18313506.000
07/11/2013	6.11	6.73	6.10	6.73	8265139	55027100.000
07/12/2013	6.89	7.16	6.73	6.92	7442966	52046784.000
07/15/2013	7.25	7.25	6.93	7.05	6473593	45869280.000
07/16/2013	7.11	7.50	7.04	7.37	8291147	60738256.000
07/17/2013	7.29	8.11	7.27	7.78	16689224	132782440.000
07/18/2013	7.65	8.18	7.48	8.11	10497351	83151368.000
07/19/2013	8.03	8.18	7.79	7.82	8000875	64424288.000
07/22/2013	7.82	8.15	7.79	8.10	6298106	50771400.000
07/23/2013	8.10	8.35	7.85	8.05	8374667	67779256.000
07/24/2013	7.99	8.11	7.81	7.95	6419823	51481676.000
07/25/2013	7.92	8.21	7.72	7.85	6288844	50467924.000
07/26/2013	7.75	7.85	7.29	7.62	6101511	46380080.000
07/29/2013	7.55	7.82	7.47	7.61	3588343	27784762.000
07/30/2013	7.61	7.74	7.30	7.50	2742275	20563326.000
07/31/2013	7.47	7.97	7.40	7.90	4655338	36504908.000
08/01/2013	7.87	8.48	7.79	8.12	13869045	113665816.000
08/02/2013	8.12	8.72	8.04	8.54	12153919	102147712.000
08/05/2013	8.45	8.69	8.23	8.53	8422679	71761088.000
08/06/2013	8.45	8.62	8.35	8.51	5829597	49772520.000
08/07/2013	8.44	8.57	7.76	8.07	5989765	49229596.000
08/08/2013	7.98	8.57	7.96	8.36	6076956	50834072.000
08/09/2013	8.30	8.43	7.85	8.02	5979010	48494532.000
08/12/2013	8.04	8.13	7.75	7.93	4646133	36944020.000
08/13/2013	7.92	8.10	7.82	8.02	3005782	24148734.000
08/14/2013	8.03	8.10	7.84	7.99	3161772	25410318.000
08/15/2013	8.09	8.32	8.01	8.01	5713904	47081164.000
08/16/2013	7.88	8.12	7.64	7.64	4935511	38930848.000
08/19/2013	7.60	8.06	7.58	7.97	4618232	36787844.000
08/20/2013	7.96	8.26	7.87	8.11	4006017	32605320.000
08/21/2013	8.04	8.35	8.03	8.31	6147394	51098488.000
08/22/2013	8.20	9.15	8.20	8.70	16274449	144293680.000
08/23/2013	8.60	8.67	8.11	8.39	9908285	83727320.000
08/26/2013	8.52	8.52	8.18	8.40	5583668	46827192.000
08/27/2013	8.40	8.69	8.23	8.66	6959429	58857532.000
08/28/2013	8.58	8.68	8.06	8.14	7751825	65497300.000
08/29/2013	8.10	8.51	8.10	8.26	6356888	53439776.000
08/30/2013	8.23	8.29	7.95	8.15	7809271	63724708.000
09/02/2013	8.12	8.29	8.05	8.22	3550545	29321032.000
09/03/2013	8.23	8.39	8.13	8.35	3475449	28967538.000
09/04/2013	8.31	8.37	8.04	8.08	3668763	30074692.000
09/05/2013	8.05	8.28	8.02	8.23	3317078	27290716.000
09/06/2013	8.23	8.28	8.09	8.23	2587949	21347446.000
09/09/2013	8.29	8.74	8.21	8.54	8327763	71163488.000
09/10/2013	8.57	8.88	8.52	8.73	7078847	62192860.000
09/11/2013	8.69	8.83	8.30	8.34	5091552	43293484.000
09/12/2013	8.38	8.58	8.31	8.50	3608069	30658686.000
09/13/2013	8.44	9.16	8.38	8.98	8910563	79776744.000
09/16/2013	8.85	9.40	8.81	9.03	5791918	53351340.000
09/17/2013	8.96	9.37	8.93	9.10	5540542	51305620.000
09/18/2013	9.15	9.22	8.84	9.19	3877978	35275636.000
09/23/2013	9.23	10.11	9.23	10.11	13312396	132913320.000
09/24/2013	10.11	10.76	9.96	10.49	11915635	123821896.000
09/25/2013	10.45	10.62	10.11	10.56	6103938	63654324.000
09/26/2013	10.55	11.62	10.38	10.88	10430805	117035552.000
09/27/2013	11.15	11.94	11.10	11.15	8433026	96472408.000
09/30/2013	10.85	11.85	10.83	11.84	7334906	83422136.000
10/08/2013	11.78	13.03	11.66	13.03	12494029	160210464.000
10/09/2013	13.09	13.83	12.95	13.10	11367407	151460048.000
10/10/2013	13.05	14.00	12.55	12.73	13639346	179662480.000
10/11/2013	12.94	13.07	12.45	13.03	7067698	90656040.000
10/14/2013	13.03	13.44	12.77	13.12	7087493	93102104.000
10/15/2013	13.10	13.90	13.06	13.22	9222614	123957792.000
10/16/2013	13.05	13.25	11.89	11.89	9306147	113493176.000
10/17/2013	11.84	12.29	11.28	11.41	6428972	75726072.000
10/18/2013	11.60	11.93	11.37	11.87	5144631	60767540.000
10/21/2013	12.03	12.29	11.66	12.11	5993446	72512832.000
10/22/2013	12.07	12.15	10.89	10.98	10480205	119544832.000
10/23/2013	10.91	11.28	10.58	11.10	6104476	67253152.000
10/24/2013	11.15	11.24	10.61	10.74	3890687	42215404.000
10/25/2013	10.87	11.02	10.61	10.84	3862363	41948512.000
10/28/2013	10.87	11.21	10.87	11.05	3814272	42364312.000
10/29/2013	11.05	11.11	9.94	9.97	5612588	57647080.000
10/30/2013	9.97	10.22	9.87	10.08	3332516	33741440.000
10/31/2013	10.14	10.20	9.78	9.90	3162983	31755336.000
11/01/2013	9.78	10.07	9.26	9.54	3431690	33121142.000
11/04/2013	9.54	10.04	9.54	9.82	3103906	30576278.000
11/05/2013	9.75	10.60	9.68	10.43	5467504	56008284.000
11/06/2013	10.35	11.18	10.29	10.64	11479158	125607008.000
11/07/2013	10.43	11.15	10.39	10.86	5317702	57969788.000
11/08/2013	10.85	11.08	10.53	10.59	3023517	32739212.000
11/11/2013	10.53	11.09	10.53	11.06	2678060	29189204.000
11/12/2013	11.05	11.80	10.95	11.72	6664105	77283352.000
11/13/2013	11.75	11.97	11.36	11.36	3948403	46353540.000
11/14/2013	11.36	12.18	11.28	11.93	4560188	54181296.000
11/15/2013	11.78	12.15	11.63	11.80	4809579	57446140.000
11/18/2013	11.78	12.25	11.73	11.84	3817675	45690888.000
11/19/2013	11.88	12.20	11.67	11.83	2692474	32050528.000
11/20/2013	11.66	12.03	11.50	12.01	3789990	44678888.000
11/21/2013	11.94	12.72	11.83	12.36	6767680	84664424.000
11/22/2013	12.41	12.50	12.06	12.43	4034863	49676044.000
11/25/2013	12.43	12.71	12.21	12.56	3472025	43508816.000
11/26/2013	12.56	13.15	12.56	12.94	4901933	63466044.000
11/27/2013	13.02	13.15	12.43	13.15	5575899	71449224.000
11/28/2013	13.15	13.20	12.65	12.91	3342119	43417664.000
11/29/2013	12.83	12.94	12.53	12.80	3826212	48811416.000
12/02/2013	11.93	11.94	11.52	11.52	4402176	51326952.000
12/03/2013	10.84	11.31	10.36	11.18	4732714	51078016.000
12/04/2013	11.08	12.05	11.05	11.63	4050211	47322812.000
12/05/2013	11.80	11.80	10.67	10.75	4461208	50094412.000
12/06/2013	10.48	10.85	10.25	10.60	2948062	31034920.000
12/09/2013	10.61	11.13	10.61	11.03	1917040	20889898.000
12/10/2013	11.10	11.78	10.93	11.30	2927690	33632596.000
12/11/2013	11.00	11.75	11.00	11.62	3410279	39847976.000
12/12/2013	11.57	11.77	11.35	11.40	2508329	29152848.000
12/13/2013	11.37	11.66	11.30	11.56	996805	11540357.000
12/16/2013	11.35	12.34	11.35	12.19	7798001	94549832.000
12/17/2013	12.15	12.47	11.98	12.47	4774094	58569300.000
12/18/2013	12.44	12.55	12.24	12.29	2045610	25371568.000
12/19/2013	12.35	13.18	12.16	12.85	6922674	88265960.000
12/20/2013	13.05	13.05	12.40	12.54	5608824	71243776.000
12/23/2013	12.54	12.85	12.14	12.41	2461469	30836104.000
12/24/2013	12.41	13.32	12.33	13.28	4492871	58209460.000
12/25/2013	13.23	13.57	12.95	13.43	3077484	41023924.000
12/26/2013	13.28	13.83	12.99	13.08	3765701	50835544.000
12/27/2013	13.29	13.41	12.85	13.08	3169568	41842656.000
12/30/2013	13.17	13.43	12.55	12.81	3541317	45971212.000
12/31/2013	12.76	13.24	12.47	13.01	2709870	35071040.000
01/02/2014	13.01	13.01	12.56	12.68	4250882	54469500.000
01/03/2014	12.45	12.70	12.15	12.18	4324959	54021272.000
01/06/2014	12.24	12.24	10.96	10.96	7099485	80655696.000
01/07/2014	10.79	11.19	10.61	11.15	3253641	35988468.000
01/08/2014	11.19	11.53	10.95	11.24	3267076	37013100.000
01/09/2014	11.30	11.50	10.70	10.80	4011396	44906280.000
01/10/2014	10.75	11.04	10.65	10.92	2324828	25384770.000
01/13/2014	10.96	11.18	10.87	11.13	2351608	26040848.000
01/14/2014	11.14	11.60	10.96	11.58	3541325	40553516.000
01/15/2014	11.57	11.70	11.43	11.59	2546900	29558718.000
01/16/2014	11.63	11.71	11.40	11.53	2378443	27612462.000
01/17/2014	11.52	12.69	11.45	12.67	10406990	129476704.000
01/20/2014	12.70	13.15	12.45	12.95	6373578	82482320.000
01/21/2014	12.84	13.52	12.75	13.45	5424075	71716640.000
01/22/2014	13.35	13.50	13.13	13.42	4515060	60419892.000
01/23/2014	13.35	13.84	13.35	13.49	5133988	69776968.000
01/24/2014	13.44	14.27	13.28	13.85	6351515	88067624.000
01/27/2014	13.72	14.05	13.29	13.45	4230092	58377480.000
01/28/2014	13.50	13.50	12.13	12.51	6593155	84457304.000
03/10/2014	11.96	12.34	11.25	11.68	17585795	202950384.000
03/11/2014	11.40	11.75	11.01	11.33	6207715	71172864.000
03/12/2014	11.18	11.75	11.17	11.50	4484671	51772656.000
03/13/2014	11.59	12.66	11.35	12.55	7549013	91246136.000
03/14/2014	12.45	13.12	12.17	12.59	7051822	89881072.000
03/17/2014	12.46	13.05	12.46	12.99	5156475	66614760.000
03/18/2014	12.99	13.42	12.79	13.35	7201704	94747992.000
03/19/2014	13.24	13.49	12.86	13.40	5862693	77508320.000
03/20/2014	13.23	13.33	12.06	12.06	5780144	74132840.000
03/21/2014	11.95	13.27	11.58	13.27	7505801	92343160.000
03/24/2014	13.75	14.15	13.31	13.65	12758901	175317408.000
03/25/2014	13.48	14.25	12.90	13.14	10956531	148615472.000
03/26/2014	13.10	14.46	12.76	14.46	10278825	142675584.000
03/27/2014	14.75	15.15	13.64	13.77	18869011	274399232.000
03/28/2014	13.75	13.75	12.56	12.81	11814245	155323488.000
03/31/2014	12.65	13.71	12.11	13.20	8903894	116674840.000
04/01/2014	12.95	14.53	12.77	14.53	15726744	222140944.000
04/02/2014	14.75	15.31	14.18	14.88	17518239	258638848.000
04/03/2014	14.65	16.30	14.51	15.56	17075159	264524368.000
04/04/2014	15.35	15.95	15.01	15.90	10708658	165758736.000
04/08/2014	15.90	16.25	15.20	15.38	11114793	173741856.000
04/09/2014	15.35	16.92	15.10	16.28	18870322	307520192.000
04/10/2014	15.94	16.64	15.55	15.59	15676327	253346384.000
04/11/2014	15.15	16.53	14.98	15.69	11339571	180199344.000
04/14/2014	15.55	16.31	15.33	15.70	9098969	144691360.000
04/15/2014	15.50	17.28	15.30	17.10	16866597	280207360.000
04/16/2014	16.76	17.44	16.50	16.67	13152628	223247376.000
04/17/2014	16.64	17.38	16.57	16.87	11679759	199174672.000
04/18/2014	16.76	17.10	16.12	16.43	9494995	158090320.000
04/21/2014	16.06	16.23	15.35	15.35	11300342	177685488.000
04/22/2014	15.50	15.74	14.60	15.02	9695357	147040704.000
04/23/2014	15.02	15.31	14.68	15.24	7602750	114495648.000
04/24/2014	15.18	15.22	14.56	14.86	6881021	102534976.000
04/25/2014	14.75	14.77	13.75	13.75	9526122	135267744.000
04/28/2014	13.41	14.20	13.28	13.91	6286668	87696184.000
04/29/2014	13.77	14.63	13.77	14.62	6667672	95943888.000
04/30/2014	14.60	14.98	14.37	14.71	5615350	82759904.000
05/05/2014	14.65	14.79	14.29	14.71	4319346	62989092.000
05/06/2014	14.55	14.89	14.47	14.66	5413083	79566192.000
05/07/2014	14.53	14.55	13.43	13.43	6427047	89516224.000
05/08/2014	13.21	13.84	13.15	13.51	4531294	61221072.000
05/09/2014	13.51	13.60	12.78	12.93	4485567	58746944.000
05/12/2014	13.05	13.76	12.86	13.54	4795987	63931432.000
05/13/2014	13.62	13.90	13.35	13.49	3402222	46441232.000
05/14/2014	13.53	13.63	13.31	13.31	2366447	31924784.000
05/15/2014	13.17	13.40	12.32	12.35	5422255	69951856.000
05/16/2014	12.40	12.58	12.25	12.55	3817144	47608224.000
05/19/2014	12.50	12.59	12.01	12.56	2879912	35844588.000
05/20/2014	12.63	13.45	12.63	12.96	4299555	56361356.000
05/21/2014	12.96	13.33	12.80	13.25	3719293	49265720.000
05/22/2014	13.25	13.58	13.16	13.35	4566969	61457324.000
05/23/2014	13.25	14.15	13.16	14.07	4938870	67786584.000
05/26/2014	13.98	14.20	13.81	14.10	4394956	61793384.000
05/27/2014	14.10	14.12	13.75	13.80	3221274	44915128.000
05/28/2014	13.73	14.60	13.69	14.39	6414310	91464872.000
05/29/2014	14.45	14.50	14.13	14.31	3942640	56666144.000
05/30/2014	14.17	14.30	13.76	14.09	3681994	51846164.000
06/03/2014	14.12	14.60	14.10	14.10	3350619	48195524.000
06/04/2014	14.02	14.44	13.80	14.43	3287637	46430284.000
06/05/2014	14.35	15.12	14.30	15.05	6158184	91654416.000
06/06/2014	15.01	15.17	14.62	14.94	3921589	58382008.000
06/09/2014	14.90	15.17	14.79	14.93	3264294	48951312.000
06/10/2014	14.81	15.62	14.81	15.44	4688183	71792064.000
06/11/2014	15.38	15.75	15.30	15.39	3607747	55789328.000
06/12/2014	15.22	15.74	15.04	15.58	4020807	61931708.000
06/13/2014	15.54	15.89	15.42	15.64	3779058	58945472.000
07/23/2014	14.51	15.00	14.08	14.09	14149614	201840576.000
07/24/2014	13.80	13.80	12.86	13.33	7583863	101229560.000
07/25/2014	13.25	13.35	12.75	12.96	7493450	97471408.000
07/28/2014	13.05	13.64	13.00	13.62	5577392	74084720.000
07/29/2014	13.64	13.92	13.41	13.63	4490667	61502332.000
07/30/2014	13.70	13.97	13.68	13.77	3270143	45077912.000
07/31/2014	13.98	14.14	13.74	13.95	3909763	54499364.000
08/01/2014	13.95	14.07	13.51	13.62	4082616	56306100.000
08/04/2014	13.50	13.74	13.33	13.66	3060780	41575128.000
08/05/2014	13.73	14.29	13.67	14.19	4986062	70102352.000
08/06/2014	14.19	14.34	13.95	14.27	3829308	54364940.000
08/07/2014	14.25	14.28	14.00	14.07	3393547	47915472.000
08/08/2014	14.10	14.26	14.00	14.12	2709674	38290652.000
08/11/2014	14.19	14.28	14.06	14.26	4371282	61856500.000
08/12/2014	14.29	14.29	14.00	14.03	4901088	69027880.000
08/13/2014	14.03	14.10	13.63	13.75	4995468	68980544.000
08/14/2014	13.70	13.85	13.56	13.74	5285405	72289128.000
08/15/2014	13.70	13.99	13.62	13.90	3716499	51304900.000
08/18/2014	13.99	14.95	13.90	14.82	11273932	163561632.000
08/19/2014	14.78	14.89	14.56	14.75	6373305	93848992.000
08/20/2014	14.79	15.15	14.60	14.95	5283744	78452976.000
08/21/2014	14.89	15.17	14.80	15.12	6389164	95972536.000
08/22/2014	15.15	15.19	14.80	14.96	4375791	65492072.000
08/25/2014	15.01	15.03	14.48	14.61	4902250	71915000.000
08/26/2014	14.62	14.79	13.91	13.92	6292249	89875336.000
08/27/2014	13.94	14.37	13.94	14.15	2689032	38048812.000
08/28/2014	14.23	14.26	13.92	14.05	2283379	32209160.000
08/29/2014	14.09	14.49	14.03	14.44	2819378	40351340.000
09/01/2014	14.45	14.81	14.35	14.78	3858855	56492728.000
09/02/2014	14.89	15.03	14.70	14.89	5137110	76350536.000
09/03/2014	14.90	15.04	14.74	14.92	5399015	80400304.000
09/04/2014	14.99	15.20	14.91	15.10	6180893	93183280.000
09/05/2014	15.09	15.10	14.77	14.93	5288234	78652248.000
09/09/2014	14.90	15.52	14.75	15.47	10315698	157229328.000
09/10/2014	15.41	15.88	15.25	15.75	8008891	124585376.000
09/11/2014	15.63	15.83	15.30	15.55	7310205	113976784.000
09/12/2014	15.50	15.85	15.44	15.73	6148077	96521840.000
09/15/2014	15.68	16.48	15.48	16.28	9535478	152247600.000
09/16/2014	16.26	16.26	15.03	15.10	8607100	135322960.000
09/17/2014	15.17	15.68	15.01	15.48	5603561	86330944.000
09/18/2014	15.42	16.06	15.28	15.93	5804351	91748056.000
09/19/2014	15.80	16.68	15.80	16.59	7330619	119926896.000
09/22/2014	16.59	16.96	16.21	16.52	6556359	108646360.000
09/23/2014	16.42	16.88	16.35	16.80	5505202	91435712.000
09/24/2014	16.86	16.86	16.43	16.56	5933261	98180152.000
09/25/2014	16.59	17.04	16.00	16.25	7634742	126977840.000
09/26/2014	16.12	16.75	16.12	16.75	5763698	95280272.000
09/29/2014	16.85	17.24	16.66	17.10	6682437	113701696.000
09/30/2014	17.16	17.30	16.95	17.12	5148222	88115056.000
10/08/2014	17.00	17.27	16.75	16.95	5453442	92411568.000
10/09/2014	16.94	17.21	16.00	16.70	8086007	135812864.000
10/10/2014	16.65	16.98	16.35	16.85	5460175	91385384.000
10/13/2014	17.50	17.50	16.82	17.00	8439300	144203840.000
10/14/2014	16.83	16.98	16.42	16.61	6438241	107729488.000
10/15/2014	16.54	17.00	16.36	16.97	6022968	100344256.000
10/16/2014	16.83	17.10	16.50	16.57	4922490	83115936.000
10/17/2014	16.55	16.78	15.70	16.03	6196756	100160912.000
10/20/2014	16.06	17.09	16.06	17.05	7035073	117557512.000
10/21/2014	17.10	17.76	17.05	17.35	8576650	148950256.000
10/22/2014	17.40	17.56	16.89	17.19	6604023	114024632.000
10/23/2014	17.06	17.91	16.79	17.88	9896432	172049856.000
10/24/2014	17.81	18.78	17.62	18.16	10492927	191445760.000
10/27/2014	18.02	19.60	17.80	19.27	11541961	217299696.000
10/28/2014	19.18	19.58	18.90	19.31	8019531	154163776.000
10/29/2014	19.12	19.59	19.00	19.53	8154694	157248464.000
10/30/2014	19.53	20.27	18.90	18.97	8789110	172289488.000
10/31/2014	18.80	19.08	18.02	18.32	9650226	178077600.000
数据来源:通达信
