300029 天龙光电 日线
      日期	    开盘	    最高	    最低	    收盘	    成交量	    成交额
10/08/2010	24.50	25.02	24.15	24.90	1202284	29871278.000
10/11/2010	24.90	24.95	23.81	23.97	1607922	39086244.000
10/12/2010	24.15	24.15	23.62	23.72	1305878	31398144.000
10/13/2010	23.65	24.25	23.38	24.16	1303989	31335934.000
10/14/2010	24.10	24.57	23.63	24.29	1959363	47653572.000
10/15/2010	24.15	24.55	24.10	24.24	1211506	29693420.000
10/18/2010	24.05	24.05	22.86	23.61	1864899	43889360.000
10/19/2010	23.74	25.24	23.25	24.65	3847802	95904768.000
10/20/2010	24.55	25.28	24.25	24.41	2559975	64125032.000
10/21/2010	24.38	24.70	23.97	24.70	1194318	29251090.000
10/22/2010	24.61	25.28	24.61	24.94	1285481	32421204.000
10/25/2010	24.94	26.05	24.94	25.75	2356087	61164868.000
10/26/2010	26.15	26.15	25.14	25.90	2003825	51712980.000
10/27/2010	25.77	25.77	24.83	24.85	2926617	74482416.000
10/28/2010	24.85	25.33	24.38	25.05	2018965	50520640.000
10/29/2010	25.05	26.84	25.05	26.34	4787397	126584888.000
11/01/2010	27.37	28.99	27.37	28.99	5299490	151821104.000
11/02/2010	28.93	29.61	27.78	27.86	3751949	108660600.000
11/03/2010	27.56	28.80	27.47	27.49	2202848	62578296.000
11/04/2010	27.95	28.33	27.05	28.33	2024387	56587364.000
11/05/2010	28.65	29.25	28.26	28.46	2572707	74475464.000
11/08/2010	28.85	30.45	28.46	30.23	4205121	123755624.000
11/09/2010	30.15	30.35	28.83	29.60	2698084	80271936.000
11/10/2010	29.73	31.04	29.35	30.36	2389568	73482744.000
11/11/2010	30.15	31.91	30.15	30.35	2597186	81636256.000
11/12/2010	30.34	30.90	28.15	28.36	2649127	78543232.000
11/15/2010	28.74	30.81	28.35	30.65	2276426	68187560.000
11/16/2010	30.25	32.23	29.55	30.15	2874522	89799720.000
11/17/2010	29.74	31.25	28.45	28.57	1654343	49435676.000
11/18/2010	28.94	29.73	28.08	29.53	1362684	39755064.000
11/19/2010	29.85	31.03	29.15	30.86	2787548	85072600.000
11/22/2010	30.80	33.05	30.42	31.33	3010691	97847560.000
11/23/2010	31.16	32.83	30.75	32.40	2484332	79556504.000
11/24/2010	32.42	33.25	32.03	32.71	1245756	41036932.000
11/25/2010	32.72	33.25	31.04	31.66	2384982	76757320.000
11/26/2010	31.37	31.93	30.58	31.05	1675580	52885932.000
11/29/2010	31.15	32.55	30.83	32.23	1696077	54441844.000
11/30/2010	32.55	33.13	30.86	32.68	3058170	98651144.000
12/01/2010	32.55	34.78	32.47	34.10	2812978	96397520.000
12/02/2010	34.00	34.66	33.47	33.76	2222502	76233992.000
12/03/2010	34.32	34.65	32.63	32.76	1994367	67611856.000
12/06/2010	32.25	33.11	31.63	31.80	1307363	42429408.000
12/07/2010	31.94	33.98	31.67	33.61	1269563	42040844.000
12/08/2010	33.65	35.24	31.87	32.55	4885830	165815168.000
12/09/2010	32.35	32.35	30.86	31.26	2373381	74872472.000
12/10/2010	31.50	31.99	30.93	31.65	1145249	36505296.000
12/13/2010	31.58	33.00	31.58	32.81	2179555	71804328.000
12/14/2010	32.91	34.02	32.76	33.20	1659543	55945288.000
12/15/2010	33.14	33.20	32.17	32.35	1458218	47662440.000
12/16/2010	32.33	33.95	32.24	33.20	1440631	48436328.000
12/17/2010	33.26	34.21	33.25	33.74	1177071	40024652.000
12/20/2010	34.05	34.21	31.65	32.05	2711931	88218912.000
12/21/2010	32.25	33.25	32.15	32.25	1468235	48232252.000
12/22/2010	32.13	32.13	30.05	30.23	3575248	109601496.000
12/23/2010	29.86	30.09	29.33	29.85	1399101	41980680.000
12/24/2010	29.74	30.41	28.47	28.91	1410858	41642016.000
12/27/2010	29.25	29.65	28.55	28.81	2466016	72061440.000
12/28/2010	28.27	28.35	27.50	27.67	7046124	197357360.000
12/29/2010	27.70	28.49	26.97	28.42	5671765	158548288.000
12/30/2010	28.38	30.05	28.03	28.68	7020487	204236704.000
12/31/2010	28.78	31.32	28.78	30.60	6960584	213282160.000
01/04/2011	30.55	31.47	30.31	31.25	5098759	158300112.000
01/05/2011	31.17	31.48	30.35	30.46	4371925	136538464.000
01/06/2011	30.35	30.69	29.10	29.15	6267580	188589936.000
01/07/2011	28.76	29.60	28.36	28.60	5293319	155572960.000
01/10/2011	28.65	29.53	28.50	28.93	3044799	89310456.000
01/11/2011	28.90	29.63	28.41	29.63	2502071	73762336.000
01/12/2011	29.72	30.22	28.55	28.90	3589124	106758576.000
01/13/2011	29.14	29.27	28.60	29.24	1220466	35703824.000
01/14/2011	29.03	29.99	28.91	29.24	1832468	54364540.000
01/17/2011	28.95	29.35	26.55	27.52	2803399	78592280.000
01/18/2011	27.51	28.05	27.10	27.40	1094319	30522796.000
01/19/2011	27.73	28.15	27.26	27.97	1505324	42216368.000
01/20/2011	28.04	29.25	27.81	27.87	2660269	76751160.000
01/21/2011	27.75	29.23	27.45	29.02	2044382	58987204.000
01/24/2011	29.33	29.97	27.84	27.84	1693316	49588412.000
01/25/2011	28.04	28.75	26.64	27.93	1727813	47746368.000
01/26/2011	27.90	29.02	27.90	28.75	1209397	34964744.000
01/27/2011	28.79	29.69	28.28	29.48	3400641	99838888.000
01/28/2011	29.25	29.71	29.07	29.38	1670018	49584052.000
01/31/2011	29.25	29.90	28.60	29.74	2022800	60167804.000
02/01/2011	29.46	29.75	28.88	28.88	1378516	40630916.000
02/09/2011	28.84	29.85	28.66	29.82	2363573	69700152.000
02/10/2011	29.80	31.59	29.27	30.75	4472376	138623296.000
02/11/2011	31.44	31.44	30.20	30.50	2995066	92798168.000
02/14/2011	30.35	31.35	30.35	31.03	2315065	72149160.000
02/15/2011	30.85	32.25	30.79	31.70	3236912	103548672.000
02/16/2011	31.47	33.15	31.31	32.26	2747663	89922880.000
02/17/2011	32.05	33.64	31.76	33.13	3546466	117142624.000
02/18/2011	33.25	35.35	32.81	34.75	4573700	158945408.000
02/21/2011	35.45	37.33	35.15	36.48	13155933	478091872.000
02/22/2011	36.60	36.73	34.75	36.30	6895873	248809296.000
02/23/2011	35.93	38.24	35.87	37.15	5151815	194748384.000
02/24/2011	36.71	37.05	35.43	35.46	3102542	112577016.000
02/25/2011	35.53	35.95	34.70	34.86	2937319	103847248.000
02/28/2011	35.00	35.68	34.65	35.41	3817861	135205184.000
03/01/2011	35.53	36.13	34.33	36.03	3746571	133016280.000
03/02/2011	35.45	36.38	35.05	36.33	2242532	80800712.000
03/03/2011	36.30	36.30	34.35	34.35	2803066	99256736.000
03/04/2011	34.34	34.65	33.55	34.03	2066677	70614464.000
03/07/2011	34.32	34.36	33.04	33.52	2557985	86329720.000
03/08/2011	33.52	34.04	33.52	33.61	1672757	56908992.000
03/09/2011	33.63	33.96	32.74	32.76	4181034	139690000.000
03/10/2011	33.04	34.15	32.95	33.39	4502540	152715792.000
03/11/2011	32.89	33.70	32.89	33.27	3334280	112516120.000
03/14/2011	33.15	34.57	32.96	34.50	3884754	132558232.000
03/15/2011	34.35	36.05	33.64	35.25	6701065	234640928.000
03/16/2011	35.33	37.05	35.30	36.15	5874459	215022816.000
03/17/2011	35.80	37.68	35.80	37.08	9688075	360021440.000
03/18/2011	37.16	37.48	36.55	37.01	3910076	145394176.000
03/21/2011	36.65	36.98	34.32	34.72	4662858	165533760.000
03/22/2011	34.72	35.30	33.15	33.15	4172170	142033888.000
03/23/2011	33.15	33.52	32.85	33.35	3584397	120022352.000
03/24/2011	33.95	34.23	33.18	33.87	2544482	86794920.000
03/25/2011	33.61	34.21	33.61	33.81	2216991	75836704.000
03/28/2011	33.87	33.91	30.80	31.00	5378057	174236064.000
03/29/2011	30.95	31.70	30.35	30.35	3099257	96834224.000
03/30/2011	30.35	31.65	30.25	31.48	3184034	99820624.000
03/31/2011	31.35	31.74	30.72	31.24	2484718	78333016.000
04/01/2011	31.23	32.15	31.17	31.43	2011932	64386256.000
04/06/2011	31.05	31.50	30.25	30.40	1531246	47429776.000
04/07/2011	30.47	30.93	29.60	30.85	2671198	80735032.000
04/08/2011	30.74	30.97	30.13	30.56	2270481	69888112.000
04/11/2011	30.84	30.88	29.27	29.46	2467443	73961768.000
04/12/2011	29.45	29.84	29.35	29.70	1685996	50356004.000
04/13/2011	29.63	30.50	29.36	30.09	1874161	56896668.000
04/14/2011	30.25	30.46	29.50	30.05	1262782	38254864.000
04/15/2011	30.24	30.24	28.94	29.07	2927766	87147240.000
04/18/2011	28.76	29.05	28.39	28.67	1966774	57002116.000
04/19/2011	28.60	29.93	28.55	29.75	2394970	70521144.000
04/20/2011	29.74	30.65	29.35	29.98	2704080	81756824.000
04/21/2011	30.10	30.18	29.43	29.73	2393709	71781136.000
04/22/2011	29.69	30.20	29.05	30.14	1861747	55721584.000
04/25/2011	29.91	30.56	29.46	29.73	2149304	65393968.000
04/26/2011	29.38	29.61	28.76	29.01	1549611	45573644.000
04/27/2011	28.94	29.43	26.66	26.95	3368599	93730104.000
04/28/2011	26.95	27.25	26.08	26.13	1807448	48488724.000
04/29/2011	25.96	26.44	25.71	26.12	2251780	59418988.000
05/03/2011	26.15	27.00	26.15	26.97	2625877	70698104.000
05/04/2011	26.81	27.34	26.55	27.28	1859218	50465648.000
05/06/2011	27.16	28.03	26.90	27.55	2031792	56403644.000
05/09/2011	27.36	27.95	27.31	27.45	1469693	41008104.000
05/10/2011	27.40	27.70	26.56	27.04	1592670	43606468.000
05/11/2011	26.97	27.24	26.64	27.15	1273879	34608892.000
05/12/2011	26.99	26.99	25.52	25.58	2411953	63719596.000
05/13/2011	25.50	25.84	24.59	25.41	2407812	61325892.000
05/16/2011	25.31	25.98	25.05	25.82	1420346	36823264.000
05/17/2011	25.80	26.00	25.43	25.60	1289124	33452392.000
05/18/2011	25.45	25.59	24.95	24.99	1957454	49918960.000
05/19/2011	25.08	25.35	24.81	24.84	1556634	39372244.000
05/20/2011	24.78	25.52	24.61	25.52	2278689	57754940.000
05/23/2011	25.43	25.43	24.20	24.39	1764477	44120868.000
05/24/2011	24.38	25.60	23.86	24.99	2869991	72273424.000
05/25/2011	25.09	25.09	23.60	23.60	2838031	69016656.000
05/26/2011	23.81	24.08	22.90	23.12	1794303	42589228.000
05/27/2011	23.13	23.87	22.87	23.34	1993961	47014036.000
05/30/2011	23.30	24.09	23.06	23.71	3248169	77572496.000
05/31/2011	23.90	24.08	23.20	23.98	2676432	63709172.000
06/01/2011	23.96	24.45	23.63	24.24	3311247	79986520.000
06/02/2011	23.84	23.85	22.74	23.27	3133789	73279768.000
06/03/2011	23.55	24.38	23.55	24.25	3555937	86012952.000
06/07/2011	24.00	24.53	23.76	24.45	2583556	62744316.000
06/08/2011	24.40	24.40	23.86	24.26	2478560	60032720.000
06/09/2011	24.00	24.09	23.13	23.15	2479902	58573348.000
06/10/2011	23.15	23.30	22.66	23.10	1995385	45948304.000
06/13/2011	22.75	23.24	22.28	22.97	2120316	48512284.000
06/14/2011	22.98	23.35	22.80	23.32	2601029	60433128.000
06/15/2011	23.31	23.33	22.40	22.49	2676518	61587496.000
06/16/2011	22.25	22.25	21.21	21.30	4155478	90040688.000
06/17/2011	21.13	21.50	20.71	20.74	3171782	67035024.000
06/20/2011	20.41	20.98	20.41	20.77	2385988	49571724.000
06/21/2011	20.82	20.98	20.40	20.87	2116499	44088652.000
06/22/2011	20.89	20.95	20.18	20.36	1947221	40005100.000
06/23/2011	20.20	21.51	19.86	21.33	5385633	113109408.000
06/24/2011	21.10	22.36	20.91	22.21	6373195	140494880.000
06/27/2011	22.40	22.89	22.08	22.45	6494783	147115968.000
06/28/2011	22.40	22.65	22.11	22.51	3333633	75133824.000
06/29/2011	22.55	23.26	22.43	22.45	4124297	94805360.000
06/30/2011	22.54	23.01	22.50	22.71	2983974	68181504.000
07/01/2011	22.78	23.30	22.77	23.00	4132461	95897800.000
07/04/2011	23.07	23.80	22.80	23.75	5802918	135979680.000
07/05/2011	23.80	23.80	23.28	23.51	3677041	86937312.000
07/06/2011	23.31	23.90	23.16	23.69	3679737	86904400.000
07/07/2011	23.77	24.35	23.43	23.72	5391329	129636928.000
07/08/2011	23.70	23.89	23.35	23.61	2687406	63605284.000
07/12/2011	23.39	23.49	22.39	22.45	5971219	136915312.000
07/13/2011	22.56	23.79	22.47	23.65	5699874	131825256.000
07/14/2011	23.55	24.38	23.55	24.30	5782440	139625392.000
07/15/2011	24.90	25.65	24.70	25.42	9908956	250805088.000
07/18/2011	25.65	26.06	25.20	25.40	7913875	203935136.000
07/19/2011	25.10	26.70	24.76	26.21	9395095	244116896.000
07/20/2011	26.22	26.87	25.60	25.88	5750047	151404640.000
07/21/2011	26.01	26.03	25.00	25.01	4203790	106844360.000
07/22/2011	25.00	25.65	24.87	25.38	3819413	96998312.000
07/25/2011	24.89	25.20	23.48	23.79	4735087	115547840.000
07/26/2011	23.60	24.38	23.60	24.32	3308583	80180304.000
07/27/2011	24.10	25.38	23.78	25.36	4206997	105138672.000
07/28/2011	24.92	25.54	24.68	25.42	3696715	92977160.000
07/29/2011	25.41	25.41	24.60	24.80	2697758	67642984.000
08/01/2011	24.90	26.23	24.90	25.96	6178592	160151504.000
08/02/2011	25.75	27.19	25.10	27.00	7146483	187945424.000
08/03/2011	26.56	27.65	26.20	27.13	5372389	145049488.000
08/04/2011	27.00	27.00	26.11	26.12	4408353	117581416.000
08/05/2011	25.05	26.00	24.71	25.49	4135346	105510208.000
08/08/2011	25.08	25.41	24.10	24.98	4807395	120169200.000
08/09/2011	24.28	27.49	23.91	27.48	9417073	248542160.000
08/10/2011	27.24	28.38	26.72	27.04	14498729	399100608.000
08/11/2011	26.30	28.25	26.11	27.99	8812203	242970864.000
08/12/2011	28.34	29.10	27.65	27.72	6676455	189068784.000
08/15/2011	27.62	28.09	27.35	27.90	5418637	150842656.000
08/16/2011	27.99	27.99	27.05	27.50	6196073	170925808.000
08/17/2011	27.14	27.31	26.58	26.69	5385483	145174032.000
08/18/2011	26.56	27.25	26.42	26.60	3708081	99889240.000
08/19/2011	26.05	27.00	25.96	26.95	3162978	84156968.000
08/22/2011	26.88	27.29	25.65	25.65	4387012	116840896.000
08/23/2011	25.49	26.17	25.16	26.17	4141308	106890384.000
08/24/2011	26.40	26.84	25.91	26.16	3546011	94077160.000
08/25/2011	26.08	26.35	25.22	25.88	3523930	90986736.000
08/26/2011	25.67	26.48	25.60	26.36	2385986	62630600.000
08/29/2011	26.30	27.24	26.12	26.63	3171898	85433784.000
08/30/2011	27.10	27.17	25.50	25.53	3159559	83321560.000
08/31/2011	25.36	25.73	24.63	24.88	3291676	82582216.000
09/01/2011	24.97	25.35	24.50	24.65	1670666	41732732.000
09/02/2011	24.65	24.88	23.83	23.87	2129931	51556016.000
09/05/2011	23.65	23.65	22.48	22.65	2693883	61992732.000
09/06/2011	22.13	22.89	22.13	22.36	2004534	45219552.000
09/07/2011	22.78	23.15	22.26	22.97	2547833	58266364.000
09/08/2011	23.10	23.29	21.80	21.84	2796610	63254752.000
09/09/2011	21.90	22.18	21.65	21.98	2823295	61965940.000
09/13/2011	21.60	21.60	21.03	21.27	1751690	37410200.000
09/14/2011	21.26	22.09	21.26	22.07	2098790	45669880.000
09/15/2011	22.11	22.50	21.71	21.75	1860323	41386444.000
09/16/2011	22.05	22.09	21.51	21.55	1300734	28445942.000
09/19/2011	21.31	21.55	20.80	20.81	1251405	26524752.000
09/20/2011	20.58	21.18	20.58	20.88	1248791	26191334.000
09/21/2011	20.90	21.87	20.73	21.87	2234888	48069012.000
09/22/2011	21.60	21.84	20.50	20.50	2393423	51388160.000
09/23/2011	20.16	20.80	20.01	20.67	2126088	43638668.000
09/26/2011	20.53	20.83	19.90	20.11	1434579	29426956.000
09/27/2011	20.33	20.55	20.05	20.34	2430290	49436560.000
09/28/2011	20.51	20.85	20.10	20.19	1517479	31264920.000
09/29/2011	20.08	20.38	19.86	19.96	1770491	35788000.000
09/30/2011	19.95	20.15	18.96	19.28	2186861	42723812.000
10/10/2011	19.35	19.57	18.81	18.81	1604318	30699866.000
10/11/2011	19.40	19.45	17.90	18.01	3382265	63365272.000
10/12/2011	17.99	18.88	17.32	18.75	6234883	113841360.000
10/13/2011	18.65	19.42	18.43	19.05	4277698	81932512.000
10/14/2011	19.04	19.05	18.43	18.70	2592162	48752436.000
10/17/2011	18.69	19.11	18.65	18.83	1728251	32797780.000
10/18/2011	18.60	18.68	17.84	17.87	2609339	47834500.000
10/19/2011	17.80	18.17	17.51	17.59	1660330	29707262.000
10/20/2011	17.35	17.49	16.48	16.74	3293276	55911564.000
10/21/2011	16.60	16.78	16.35	16.35	1386573	23095750.000
10/24/2011	16.01	16.74	15.82	16.67	3592016	58722992.000
10/25/2011	16.56	17.29	16.30	17.24	3423216	58077932.000
10/26/2011	17.07	17.72	17.01	17.25	3830889	66878140.000
10/27/2011	17.29	17.75	17.15	17.18	2933758	51321300.000
10/28/2011	17.41	17.86	17.21	17.84	5030832	88745456.000
10/31/2011	17.85	18.40	17.71	18.05	3718198	67574664.000
11/01/2011	17.82	18.33	17.72	18.31	3710885	66971112.000
11/02/2011	17.94	19.88	17.80	19.34	7854695	147509312.000
11/03/2011	19.27	19.55	19.02	19.02	7347097	142758576.000
11/04/2011	19.18	19.58	18.92	19.18	4662638	90162976.000
11/07/2011	19.10	19.48	18.85	18.88	3076128	59193624.000
11/08/2011	18.85	18.99	18.30	18.35	3095202	57894792.000
11/09/2011	18.50	18.98	18.25	18.98	3226897	60444416.000
11/10/2011	18.78	19.52	18.65	19.03	4968559	95427520.000
11/11/2011	18.99	19.18	18.56	18.56	3022914	57384808.000
11/14/2011	18.85	19.50	18.73	19.38	3966669	76726448.000
11/15/2011	19.40	19.55	19.21	19.39	2677683	52093916.000
11/16/2011	19.55	20.26	18.73	18.90	6353708	124795008.000
11/17/2011	18.95	19.21	18.56	18.82	3071694	58238884.000
11/18/2011	18.53	18.78	17.82	17.91	5307486	96692728.000
11/21/2011	17.91	18.00	16.90	17.40	2326723	40816400.000
11/22/2011	17.13	17.46	16.98	17.33	1494642	25967660.000
11/23/2011	17.40	17.54	16.80	16.81	2223421	38450488.000
11/24/2011	16.65	16.96	16.38	16.65	2507466	42122492.000
11/25/2011	16.52	16.86	16.30	16.38	2015267	33633124.000
11/28/2011	16.50	16.55	16.24	16.47	1350162	22309266.000
11/29/2011	16.70	17.08	16.55	17.06	3064416	51798876.000
11/30/2011	17.00	17.00	15.39	15.60	3685745	59972692.000
12/01/2011	16.36	16.39	15.84	16.04	3817044	62034244.000
12/02/2011	15.92	15.96	15.26	15.27	2779360	43213824.000
12/05/2011	15.28	15.31	13.97	14.09	3535705	51650564.000
12/06/2011	13.92	14.35	13.92	14.34	2404991	34295716.000
12/07/2011	14.25	14.39	14.08	14.23	2051933	29422642.000
12/08/2011	14.19	14.57	13.62	14.38	4689445	66917128.000
12/09/2011	14.05	14.27	13.92	14.03	2511223	35576864.000
12/12/2011	14.01	14.19	13.93	13.96	1849363	26160358.000
12/13/2011	13.73	13.88	13.16	13.21	2836434	38288404.000
12/14/2011	13.19	13.38	12.91	13.00	1705157	22673230.000
12/15/2011	12.93	13.34	12.73	13.00	3362212	44033432.000
12/16/2011	13.08	14.04	13.08	13.91	6911719	94028688.000
12/19/2011	13.81	14.69	13.69	14.51	9340949	133026792.000
12/20/2011	14.31	14.54	13.96	14.07	6527824	93837264.000
12/21/2011	14.27	14.34	13.13	13.22	6184739	86804064.000
12/22/2011	12.91	13.36	12.11	13.08	5864605	75381496.000
12/23/2011	12.92	13.60	12.82	13.45	5236252	69981816.000
12/26/2011	13.25	13.56	12.91	12.98	3487224	46672624.000
12/27/2011	12.90	13.01	12.40	12.47	2967696	38100808.000
12/28/2011	12.22	12.64	12.01	12.58	3137520	38778044.000
12/29/2011	12.41	13.30	12.36	12.76	4330274	56198320.000
12/30/2011	12.78	13.20	12.78	13.04	3353430	43834460.000
01/04/2012	13.16	13.68	12.56	12.56	4033262	53536500.000
01/05/2012	12.46	12.75	12.05	12.13	3680802	45852120.000
01/06/2012	11.99	12.65	11.80	12.61	3860939	47450072.000
01/09/2012	12.61	13.88	12.38	13.68	7656240	102544760.000
01/10/2012	13.50	14.25	13.45	14.19	8333925	116484608.000
01/11/2012	14.11	14.35	13.81	14.20	6706181	95219984.000
01/12/2012	14.08	14.65	13.84	13.88	7989983	113998552.000
01/13/2012	13.80	13.89	13.08	13.09	7039646	95316560.000
01/16/2012	12.75	12.95	12.30	12.31	4384702	55853448.000
01/17/2012	12.30	13.53	12.30	13.38	5417527	70397952.000
01/18/2012	13.39	13.59	12.50	12.62	5952804	78426416.000
01/19/2012	12.62	13.89	12.13	13.89	9918480	133640888.000
01/20/2012	14.38	14.64	14.10	14.39	12456664	180225072.000
01/30/2012	14.32	14.64	14.00	14.10	10781261	155503616.000
01/31/2012	13.76	13.85	12.95	13.32	11992082	161121696.000
02/01/2012	13.20	13.70	13.05	13.36	8110312	109782592.000
02/02/2012	13.37	13.76	13.02	13.76	7533187	101824328.000
02/03/2012	13.57	14.46	13.57	14.22	10322566	146469984.000
02/06/2012	14.27	14.58	13.93	14.48	9399148	134886640.000
02/07/2012	14.35	14.35	13.80	13.98	6637740	93828416.000
02/08/2012	13.98	14.97	13.86	14.83	10613366	154982576.000
02/09/2012	14.79	15.36	14.65	14.79	12839260	193548064.000
02/10/2012	14.67	15.10	14.56	15.05	8239708	123170248.000
02/13/2012	14.80	15.33	14.74	15.08	7746253	117508904.000
02/14/2012	15.05	15.17	14.75	14.86	4904543	73506528.000
02/15/2012	14.82	15.48	14.62	15.30	8525231	129582064.000
02/16/2012	15.23	15.38	14.88	15.09	5953459	90646880.000
02/17/2012	15.14	15.22	14.65	14.83	5016411	75146792.000
02/20/2012	15.05	15.19	14.81	14.81	4718540	71132584.000
02/21/2012	14.78	15.57	14.60	15.45	7975272	121347936.000
02/22/2012	15.50	15.83	15.37	15.70	9507006	149444896.000
02/23/2012	15.67	15.77	15.25	15.46	7118097	111156072.000
02/24/2012	15.38	15.78	15.38	15.64	6689352	104914488.000
02/27/2012	15.82	15.87	15.47	15.47	9099565	143370336.000
02/28/2012	15.34	15.47	14.85	15.03	7172208	108953488.000
02/29/2012	14.86	14.98	14.59	14.65	5389354	79930768.000
03/01/2012	14.60	14.96	14.52	14.76	5954512	88326232.000
03/02/2012	14.80	14.96	14.75	14.90	7434091	111078216.000
03/05/2012	14.91	15.00	14.66	14.70	6153531	91943176.000
03/06/2012	14.52	14.60	14.20	14.30	6609129	95492424.000
03/07/2012	14.09	14.53	14.05	14.32	4125257	59531668.000
03/08/2012	14.33	14.80	14.33	14.53	4747928	69683416.000
03/09/2012	14.58	14.90	14.56	14.86	4700037	69680528.000
03/12/2012	14.93	15.04	14.70	14.83	4025509	60170576.000
03/13/2012	14.84	15.35	14.78	15.18	7361445	111745896.000
03/14/2012	15.24	15.30	13.94	14.10	9383635	139444016.000
03/15/2012	14.09	14.22	13.25	13.37	6648634	91040784.000
03/16/2012	13.41	13.63	13.21	13.63	4610371	62602916.000
03/19/2012	13.60	13.88	13.30	13.73	4754769	64802800.000
03/20/2012	13.75	13.75	13.21	13.22	4319404	58198288.000
03/21/2012	13.30	13.46	13.10	13.41	3207074	42971044.000
03/22/2012	13.44	13.57	13.17	13.39	2875350	38779616.000
03/23/2012	13.34	13.34	12.92	13.01	3301475	43623856.000
03/26/2012	13.03	13.18	12.85	13.00	2148661	28126812.000
03/27/2012	13.05	13.13	12.65	12.69	3249541	42293424.000
03/28/2012	12.66	12.66	12.00	12.01	3777331	46564428.000
03/29/2012	11.91	12.11	11.70	11.82	2892963	34791620.000
03/30/2012	11.57	11.57	10.63	10.63	10452779	113614248.000
04/05/2012	10.36	10.84	10.19	10.76	6334411	67368088.000
04/06/2012	10.70	10.84	10.47	10.78	4651417	50117976.000
04/09/2012	10.76	10.93	10.56	10.62	4232750	45818404.000
04/10/2012	10.66	10.79	10.10	10.57	4222642	44505544.000
04/11/2012	10.30	10.77	10.22	10.60	3062242	32505576.000
04/12/2012	10.60	10.86	10.52	10.84	4959051	53692344.000
04/13/2012	10.90	11.03	10.84	10.94	4859093	53551612.000
04/16/2012	10.88	10.99	10.76	10.92	3375513	37001024.000
04/17/2012	10.93	11.08	10.80	10.83	3675218	40515764.000
04/18/2012	10.84	11.20	10.78	11.11	4848534	53799912.000
04/20/2012	10.96	11.08	10.85	11.05	4522347	50114180.000
04/23/2012	10.90	10.90	9.94	9.94	10430680	106640984.000
04/24/2012	9.51	9.78	9.40	9.71	7152957	69468272.000
04/25/2012	9.61	9.81	9.57	9.77	4159238	40858876.000
04/26/2012	9.78	9.79	9.56	9.69	4093021	39986820.000
04/27/2012	9.60	10.10	9.50	9.95	5029126	49569660.000
05/02/2012	10.18	10.29	9.96	10.18	4955949	50752232.000
05/03/2012	10.05	10.25	10.01	10.10	2529726	25858812.000
05/04/2012	10.10	10.39	10.07	10.29	3230451	33509248.000
05/07/2012	10.25	10.70	10.19	10.60	3482752	36242168.000
05/08/2012	10.60	10.66	10.42	10.52	3267711	34478532.000
05/09/2012	10.40	10.40	10.15	10.17	2171746	22221296.000
05/10/2012	10.10	10.59	10.10	10.49	3571189	36963412.000
05/11/2012	10.48	10.61	10.25	10.33	2804175	29253590.000
05/14/2012	10.26	10.42	9.98	10.00	3102735	31602104.000
05/15/2012	9.95	9.96	9.70	9.81	3033527	29831536.000
05/16/2012	9.80	9.95	9.75	9.78	2188758	21534154.000
05/17/2012	9.83	10.10	9.73	10.01	2280435	22573592.000
05/18/2012	9.88	10.16	9.82	9.94	3174897	31790604.000
05/21/2012	9.83	9.91	9.63	9.71	2646451	25777462.000
05/22/2012	9.80	9.90	9.73	9.86	1761329	17293306.000
05/23/2012	9.86	9.86	9.50	9.63	2523255	24366116.000
05/24/2012	9.66	10.33	9.64	9.97	5536214	55749700.000
05/25/2012	9.95	9.95	9.52	9.57	3047314	29518466.000
05/28/2012	9.52	9.54	9.11	9.47	2896020	26950896.000
05/29/2012	9.48	9.79	9.36	9.66	2380971	22998738.000
05/30/2012	9.62	9.95	9.60	9.77	2424160	23724186.000
05/31/2012	9.79	10.09	9.68	9.90	3218214	31874382.000
06/01/2012	10.00	10.00	9.68	9.78	2716695	26598714.000
06/04/2012	9.60	9.60	9.32	9.38	2432232	23040102.000
06/05/2012	9.42	9.46	9.29	9.35	1740761	16312579.000
06/06/2012	9.37	9.49	9.32	9.39	1348025	12662045.000
06/07/2012	9.46	9.58	9.31	9.42	2288138	21586042.000
06/08/2012	9.48	9.49	9.16	9.22	1674433	15633858.000
06/11/2012	9.25	9.44	9.22	9.44	1334714	12488615.000
06/12/2012	9.40	9.60	9.30	9.44	1706163	16169859.000
06/13/2012	9.46	9.61	9.43	9.61	1959728	18694028.000
06/14/2012	9.56	9.67	9.44	9.47	1917740	18278602.000
06/15/2012	9.52	9.57	9.38	9.54	1535965	14584342.000
06/18/2012	9.58	10.16	9.56	9.83	5441845	53770700.000
06/19/2012	9.76	9.82	9.63	9.71	3265180	31728726.000
06/20/2012	9.76	9.85	9.70	9.76	2173882	21253248.000
06/21/2012	9.80	9.80	9.45	9.49	2420642	23171718.000
06/25/2012	9.43	9.47	9.10	9.13	1958925	18173124.000
06/26/2012	9.10	9.32	9.04	9.19	1721666	15835221.000
06/27/2012	9.20	9.26	9.08	9.09	1642095	15056224.000
06/28/2012	9.15	9.23	8.87	8.88	1715209	15596291.000
06/29/2012	8.75	9.77	8.72	9.26	3794103	34720248.000
07/02/2012	9.25	9.41	9.17	9.30	2878027	26681640.000
07/03/2012	9.26	9.48	9.15	9.22	2273628	21104072.000
07/04/2012	9.33	9.44	9.18	9.28	2514315	23392906.000
07/05/2012	9.27	9.27	8.79	8.85	2548856	22768446.000
07/06/2012	8.94	8.98	8.63	8.93	1866649	16509040.000
07/09/2012	8.88	8.90	8.25	8.26	3883905	33150622.000
07/10/2012	8.25	8.49	8.07	8.28	2571553	21243140.000
07/11/2012	8.24	8.32	8.11	8.28	1602663	13165664.000
07/12/2012	8.27	8.41	8.11	8.34	1836450	15224823.000
07/13/2012	8.27	8.53	8.22	8.22	2485975	20791742.000
07/16/2012	7.79	7.79	7.40	7.40	4524660	34069224.000
07/17/2012	7.40	7.53	7.29	7.45	2171573	16114956.000
07/18/2012	7.38	7.64	7.38	7.64	2288478	17193608.000
07/19/2012	7.60	7.79	7.52	7.63	2468498	18989552.000
07/20/2012	7.67	7.80	7.55	7.60	2269064	17459596.000
07/23/2012	7.50	7.55	7.32	7.44	4850430	35886096.000
07/24/2012	7.39	7.57	7.39	7.54	2261508	16943652.000
07/25/2012	7.49	7.69	7.45	7.49	1665850	12612413.000
07/26/2012	7.47	7.63	7.40	7.45	1685814	12633695.000
07/27/2012	7.46	7.56	7.41	7.50	1331373	9995747.000
07/30/2012	7.43	7.50	6.91	7.00	3523436	24984516.000
07/31/2012	6.96	6.99	6.79	6.87	1785699	12270473.000
08/01/2012	6.90	7.06	6.86	6.98	1992389	13911186.000
08/02/2012	6.98	7.17	6.98	7.04	2581589	18245532.000
08/03/2012	7.00	7.16	7.00	7.15	2257615	16012570.000
08/06/2012	7.07	7.29	7.05	7.27	2343922	16860850.000
08/07/2012	7.27	7.60	7.25	7.40	3510517	26009770.000
08/08/2012	7.37	7.43	7.31	7.41	2057014	15173337.000
08/09/2012	7.42	7.50	7.28	7.45	2257773	16686024.000
08/10/2012	7.44	7.57	7.42	7.50	2324818	17432328.000
08/13/2012	7.48	7.49	7.16	7.18	2799351	20446316.000
08/14/2012	7.15	7.21	6.93	7.17	2603258	18417448.000
08/15/2012	7.17	7.23	7.03	7.09	1526709	10861391.000
08/16/2012	7.00	7.13	7.00	7.13	1072873	7593393.500
08/17/2012	7.31	7.84	7.30	7.41	7521007	56786408.000
08/20/2012	7.18	7.32	7.06	7.26	4222648	30306338.000
08/21/2012	7.24	7.55	7.20	7.45	4898487	36056248.000
08/22/2012	7.41	7.55	7.32	7.39	3799399	28191688.000
08/23/2012	7.37	7.52	7.25	7.52	3715084	27548286.000
08/24/2012	7.45	7.50	7.20	7.21	3636589	26636978.000
08/27/2012	7.14	7.15	6.86	6.94	3166024	22067402.000
08/28/2012	6.97	7.13	6.88	7.01	2397671	16885390.000
08/29/2012	7.02	7.27	6.85	7.04	4851986	34455876.000
08/30/2012	6.95	7.08	6.56	6.73	5161397	35245524.000
08/31/2012	6.82	7.10	6.82	6.83	3845838	26690940.000
09/03/2012	6.72	6.96	6.61	6.90	2875835	19560550.000
09/04/2012	6.86	7.06	6.83	6.94	3509763	24404416.000
09/05/2012	6.83	7.63	6.81	7.34	10108994	74317936.000
09/06/2012	7.26	7.44	7.16	7.31	6450693	46801924.000
09/07/2012	7.30	7.63	7.22	7.61	9286524	69301376.000
09/10/2012	7.59	7.74	7.48	7.74	6297246	48226244.000
09/11/2012	7.68	7.93	7.60	7.86	6563370	50929840.000
09/12/2012	7.86	7.89	7.63	7.74	5311963	41105620.000
09/13/2012	8.06	8.45	7.78	7.80	15620513	126917656.000
09/14/2012	7.78	7.97	7.50	7.60	8063500	61728896.000
09/17/2012	7.48	7.59	7.20	7.20	4551047	33534912.000
09/18/2012	7.13	7.33	7.12	7.20	2563974	18544382.000
09/19/2012	7.20	7.33	7.18	7.26	1865214	13530937.000
09/20/2012	7.26	7.26	6.86	6.87	2609321	18440758.000
09/21/2012	6.87	6.98	6.81	6.85	1871594	12893221.000
09/24/2012	6.80	7.00	6.70	6.92	2765058	18966156.000
09/25/2012	6.94	6.98	6.80	6.80	1399465	9621903.000
09/26/2012	6.82	6.85	6.58	6.60	1931314	12944666.000
09/27/2012	6.65	6.92	6.35	6.75	2715998	18312422.000
09/28/2012	6.73	6.91	6.70	6.86	1800624	12270186.000
10/08/2012	6.85	6.94	6.81	6.87	1435483	9848448.000
10/09/2012	6.86	7.12	6.86	7.10	2429678	17065276.000
10/10/2012	7.08	7.26	7.01	7.21	3134749	22473098.000
10/11/2012	7.17	7.18	7.06	7.10	2483128	17663010.000
10/12/2012	7.20	7.24	6.81	6.89	4002780	27916050.000
10/15/2012	6.71	6.77	6.20	6.32	9610557	61226456.000
10/16/2012	6.36	6.53	6.36	6.38	4935801	31888548.000
10/17/2012	6.39	6.52	6.34	6.46	3107396	19978398.000
10/18/2012	6.48	6.63	6.46	6.62	4341293	28449774.000
10/19/2012	6.66	6.66	6.54	6.58	2987490	19728788.000
10/22/2012	6.52	6.67	6.51	6.65	2224514	14691724.000
10/23/2012	6.65	6.73	6.64	6.66	3809732	25444452.000
10/24/2012	6.70	6.85	6.62	6.82	4013275	27135816.000
10/25/2012	6.80	7.04	6.76	6.77	6003356	41397008.000
10/26/2012	6.80	6.83	6.50	6.50	3810703	25104296.000
10/29/2012	6.70	7.15	6.70	7.15	12510077	88952008.000
10/30/2012	7.18	7.35	6.88	6.99	15044990	106648248.000
10/31/2012	6.90	7.12	6.56	6.93	9177440	63022492.000
11/01/2012	6.86	7.16	6.84	7.07	9949334	69894784.000
11/02/2012	7.05	7.05	6.89	7.01	4832309	33651732.000
11/05/2012	6.99	7.01	6.70	6.80	5123331	34852712.000
11/06/2012	6.87	6.87	6.57	6.72	4111455	27418832.000
11/07/2012	6.73	6.82	6.66	6.70	2366430	15922687.000
11/08/2012	6.58	6.59	6.33	6.34	4012544	25970564.000
11/09/2012	6.26	6.37	6.25	6.31	2070245	13037390.000
11/12/2012	6.34	6.40	6.30	6.40	1479125	9390425.000
11/13/2012	6.40	6.47	6.16	6.19	2132471	13401158.000
11/14/2012	6.21	6.24	6.10	6.22	1368879	8465675.000
11/15/2012	6.18	6.20	6.02	6.02	2302446	14052954.000
11/16/2012	6.05	6.05	5.87	5.92	2253731	13355212.000
11/19/2012	5.92	6.00	5.87	5.98	1408824	8365075.000
11/20/2012	5.99	6.06	5.96	5.97	1564529	9396254.000
11/21/2012	5.95	6.10	5.89	6.09	1637587	9855706.000
11/22/2012	6.08	6.08	5.98	6.02	1010367	6093821.000
11/23/2012	6.05	6.07	5.98	6.01	1147580	6924834.000
11/26/2012	6.01	6.03	5.81	5.85	1859898	10952504.000
11/27/2012	5.81	5.82	5.55	5.58	2474206	13984759.000
11/28/2012	5.52	5.66	5.47	5.54	1694979	9387069.000
11/29/2012	5.58	5.66	5.49	5.50	2014427	11263425.000
11/30/2012	5.50	5.58	5.46	5.56	1280962	7095809.000
12/03/2012	5.51	5.58	5.30	5.30	1981852	10720309.000
12/04/2012	5.30	5.41	5.21	5.38	1531717	8111174.500
12/05/2012	5.35	5.67	5.34	5.56	2885451	16033009.000
12/06/2012	5.56	5.64	5.53	5.57	2027206	11308939.000
12/07/2012	5.55	5.75	5.54	5.72	2737324	15478840.000
12/10/2012	5.73	5.93	5.66	5.88	3499029	20407850.000
12/11/2012	5.90	6.07	5.81	5.81	3739106	22201578.000
12/12/2012	5.80	5.88	5.69	5.80	2130455	12260767.000
12/13/2012	5.85	5.96	5.70	5.73	2693505	15776749.000
12/14/2012	5.67	6.08	5.65	6.02	4769930	28054184.000
12/17/2012	6.03	6.24	5.94	6.10	6358674	38585692.000
12/18/2012	6.09	6.21	5.97	6.13	5188170	31506562.000
12/19/2012	6.12	6.25	6.01	6.08	3169770	19412992.000
12/20/2012	6.37	6.55	6.02	6.10	9888818	61890792.000
12/21/2012	6.06	6.15	5.99	6.01	4700740	28398190.000
12/24/2012	5.96	6.18	5.92	6.10	4634215	28142108.000
12/25/2012	6.08	6.20	6.01	6.19	5174855	31757754.000
12/26/2012	6.17	6.31	6.16	6.28	5014547	31251692.000
12/27/2012	6.29	6.40	6.18	6.26	5394615	33936624.000
12/28/2012	6.19	6.27	6.12	6.23	4258696	26398454.000
12/31/2012	6.20	6.23	6.10	6.13	4542390	27981432.000
01/04/2013	6.19	6.39	6.18	6.29	7528178	47456360.000
01/07/2013	6.28	6.39	6.23	6.38	4910915	31101256.000
01/08/2013	6.38	6.50	6.28	6.43	5820049	37164000.000
01/09/2013	6.44	6.62	6.36	6.44	6522816	42335512.000
01/10/2013	6.40	6.74	6.37	6.72	10801531	71256976.000
01/11/2013	6.67	6.77	6.43	6.48	8095438	53531488.000
01/14/2013	6.42	6.66	6.42	6.64	6482153	42552860.000
01/15/2013	6.66	6.86	6.59	6.76	6510273	44000572.000
01/16/2013	6.78	6.81	6.53	6.66	5099640	34066772.000
01/17/2013	6.65	6.68	6.46	6.52	3821247	25060248.000
01/18/2013	6.55	6.63	6.46	6.60	3569032	23391634.000
01/21/2013	6.64	6.65	6.55	6.61	3492804	23054540.000
01/22/2013	6.59	6.65	6.40	6.46	3764028	24656942.000
01/23/2013	6.44	6.47	6.29	6.39	3783530	24150830.000
01/24/2013	6.40	6.47	6.16	6.17	4153182	26252038.000
01/25/2013	6.15	6.29	6.14	6.27	2595308	16071592.000
01/28/2013	6.28	6.29	6.18	6.29	8036784	50025840.000
01/29/2013	6.30	6.34	6.25	6.28	3902606	24548810.000
01/30/2013	6.29	6.30	6.15	6.23	4139442	25735450.000
01/31/2013	6.13	6.13	5.95	6.01	5872893	35319664.000
02/01/2013	5.99	6.07	5.96	6.03	3113374	18759502.000
02/04/2013	6.04	6.08	5.93	5.94	3105376	18590428.000
02/05/2013	5.92	6.02	5.88	6.02	2446581	14587485.000
02/06/2013	6.02	6.08	6.00	6.05	2783042	16814146.000
02/07/2013	6.04	6.04	5.90	5.91	5751968	34175376.000
02/08/2013	5.94	6.05	5.92	6.02	3373220	20256584.000
02/18/2013	6.07	6.27	6.04	6.25	6908111	42728720.000
02/19/2013	6.22	6.40	6.18	6.32	8532980	53850840.000
02/20/2013	6.28	6.43	6.23	6.43	6971570	44147280.000
02/21/2013	6.38	6.53	6.27	6.32	6560415	41967880.000
02/22/2013	6.31	6.36	6.24	6.25	3509716	22057274.000
02/25/2013	6.27	6.38	6.26	6.35	3139077	19875590.000
02/26/2013	6.31	6.45	6.15	6.16	3989930	25262314.000
02/27/2013	6.17	6.26	6.12	6.16	3516180	21732852.000
02/28/2013	6.24	6.58	6.17	6.42	8829700	56570828.000
03/01/2013	6.32	6.65	6.31	6.55	8421484	54413960.000
03/04/2013	6.47	6.63	6.25	6.30	7148304	45929824.000
03/05/2013	6.30	6.47	6.28	6.45	5537542	35478452.000
03/06/2013	6.46	6.76	6.44	6.67	9534444	63190040.000
03/07/2013	6.64	6.92	6.55	6.66	8812497	59347548.000
03/08/2013	6.67	6.76	6.46	6.50	4937521	32399004.000
03/11/2013	6.49	6.54	6.43	6.46	3371707	21833004.000
03/12/2013	6.46	6.52	6.07	6.15	5069607	31736012.000
03/13/2013	6.18	6.18	5.93	5.99	3656496	22001170.000
03/14/2013	6.00	6.06	5.93	5.99	1761251	10572095.000
03/15/2013	5.98	6.12	5.96	6.01	3076037	18583482.000
03/18/2013	6.00	6.00	5.80	5.82	2563112	15111771.000
03/19/2013	5.85	5.86	5.54	5.73	4295735	24435696.000
03/20/2013	5.69	5.90	5.69	5.90	2991121	17409524.000
03/21/2013	5.88	5.96	5.86	5.91	2919127	17280652.000
03/22/2013	5.85	5.91	5.81	5.91	2083160	12220290.000
03/25/2013	5.90	5.91	5.84	5.90	2074346	12192965.000
03/26/2013	5.90	6.08	5.75	6.04	4701687	27888966.000
03/27/2013	6.00	6.04	5.83	5.92	2961553	17635906.000
03/28/2013	5.89	5.89	5.68	5.69	2652206	15301072.000
03/29/2013	5.70	5.85	5.67	5.70	2034410	11686392.000
04/01/2013	5.64	5.76	5.60	5.73	1858676	10607927.000
04/02/2013	5.73	5.81	5.65	5.72	1675796	9604742.000
04/03/2013	5.74	5.76	5.60	5.67	1846039	10434774.000
04/08/2013	5.57	5.71	5.53	5.70	1895213	10628221.000
04/09/2013	5.69	5.78	5.66	5.72	1196490	6857828.500
04/10/2013	5.81	5.93	5.77	5.82	3673045	21490712.000
04/11/2013	5.80	5.85	5.72	5.77	1866100	10824460.000
04/12/2013	5.77	5.84	5.75	5.81	1486854	8617832.000
04/15/2013	5.82	5.82	5.61	5.62	2095900	11898904.000
04/16/2013	5.52	5.68	5.51	5.65	1082377	6051591.000
04/17/2013	5.65	5.68	5.61	5.65	709823	4008565.750
04/18/2013	5.65	5.73	5.62	5.65	716733	4074327.750
04/19/2013	5.64	5.82	5.64	5.80	1883084	10860442.000
04/22/2013	5.74	6.10	5.70	6.05	5841739	34814456.000
04/23/2013	6.02	6.17	5.97	6.13	6286064	38191072.000
04/24/2013	6.05	6.20	6.01	6.17	5325281	32517306.000
04/25/2013	6.17	6.17	6.01	6.02	3148995	19201924.000
04/26/2013	6.03	6.26	5.97	6.10	4740276	28865534.000
05/02/2013	6.06	6.23	6.01	6.17	4952692	30548552.000
05/03/2013	6.16	6.47	6.12	6.37	8457358	53515440.000
05/06/2013	6.37	6.39	6.25	6.29	8389248	52907224.000
05/07/2013	6.29	6.54	6.28	6.40	12299977	78929728.000
05/08/2013	6.37	6.42	6.25	6.36	8965804	56715980.000
05/09/2013	6.30	6.33	5.96	6.10	9967206	60875532.000
05/10/2013	6.04	6.07	5.85	5.98	11550050	68918288.000
05/13/2013	5.95	6.06	5.95	6.05	5181308	31200776.000
05/14/2013	6.03	6.06	5.85	6.01	5279858	31518542.000
05/15/2013	6.03	6.18	6.00	6.16	7152792	43610372.000
05/16/2013	6.24	6.38	6.12	6.16	11018676	68981432.000
05/17/2013	6.08	6.55	6.08	6.46	15050679	95895728.000
05/20/2013	6.41	6.74	6.37	6.65	15538146	101577472.000
05/21/2013	6.88	6.95	6.52	6.69	15330198	103070960.000
05/22/2013	6.73	7.15	6.68	6.75	17510690	120458896.000
05/23/2013	6.57	6.73	6.49	6.53	10715552	70556552.000
05/24/2013	6.54	6.95	6.54	6.85	10475879	70773696.000
05/27/2013	6.85	6.97	6.72	6.89	9987976	68349328.000
05/28/2013	6.85	6.94	6.62	6.70	7455231	50309516.000
05/29/2013	6.70	6.96	6.69	6.91	8092295	55611452.000
05/30/2013	6.88	6.93	6.79	6.85	6161721	42109704.000
05/31/2013	6.84	7.34	6.83	6.97	13586336	96565296.000
06/26/2013	6.27	6.77	6.27	6.56	21054373	135824352.000
06/27/2013	6.47	7.22	6.33	7.22	26034411	176655664.000
06/28/2013	7.05	7.78	6.97	7.36	27739890	203229984.000
07/01/2013	7.23	7.86	7.07	7.73	21035089	157617296.000
07/02/2013	7.60	7.92	7.51	7.60	17580262	134376992.000
07/03/2013	7.52	7.95	7.32	7.82	18039053	137792816.000
07/04/2013	7.72	7.82	7.41	7.47	15361703	117077696.000
07/05/2013	7.42	7.63	7.10	7.14	12212810	90221776.000
07/08/2013	6.91	6.91	6.50	6.58	15074907	100937896.000
07/09/2013	6.52	6.70	6.45	6.65	7374282	48495468.000
07/10/2013	6.60	6.84	6.55	6.82	8079150	54187324.000
07/11/2013	6.82	6.96	6.66	6.84	8594203	58674332.000
07/12/2013	7.29	7.52	7.08	7.12	15743499	114910648.000
07/15/2013	7.18	7.75	7.11	7.51	14284848	107608112.000
07/16/2013	7.69	7.83	7.41	7.60	16772416	128466440.000
07/17/2013	7.60	7.61	7.35	7.37	9925310	74172376.000
07/18/2013	7.37	8.11	7.31	8.11	20602545	163789568.000
07/19/2013	8.23	8.50	7.98	7.98	21295764	175985056.000
07/22/2013	7.85	8.30	7.80	8.26	12935996	104497992.000
07/23/2013	8.22	8.33	8.03	8.26	10396471	85046632.000
07/24/2013	8.24	8.30	7.90	8.08	10794352	87807408.000
07/25/2013	8.04	8.07	7.55	7.57	11255451	87606712.000
07/26/2013	7.61	8.33	7.51	8.33	14191531	113776304.000
07/29/2013	8.71	8.95	8.48	8.52	21328154	185359024.000
07/30/2013	8.40	8.52	7.67	8.00	14172238	114420120.000
07/31/2013	7.90	8.60	7.80	8.12	11094050	91165128.000
08/01/2013	8.09	8.50	8.05	8.37	9052927	75534592.000
08/02/2013	8.43	9.19	8.37	8.64	15910375	140436992.000
08/05/2013	8.59	8.78	8.46	8.62	8739227	75306624.000
08/06/2013	8.63	9.01	8.52	8.84	11425182	100432400.000
08/07/2013	8.78	8.93	8.40	8.50	10729583	92061984.000
08/08/2013	8.38	8.65	8.25	8.57	6930670	58758288.000
08/09/2013	8.50	8.64	8.17	8.34	8855187	74015936.000
08/12/2013	8.34	8.53	8.24	8.48	7941767	66410592.000
08/13/2013	8.46	8.48	8.30	8.36	7937200	66456136.000
08/14/2013	8.37	8.42	8.05	8.18	7463024	61247532.000
08/15/2013	8.14	8.30	8.01	8.24	4561003	37489848.000
08/16/2013	8.18	8.52	8.07	8.10	7634519	63559044.000
08/19/2013	8.01	8.29	7.91	8.29	4383307	35783036.000
08/20/2013	8.28	8.49	8.24	8.48	6908240	57917516.000
08/21/2013	8.42	8.47	8.18	8.33	8164897	67907808.000
08/22/2013	8.29	8.41	8.20	8.23	4497248	37323232.000
08/23/2013	8.23	8.36	7.56	7.86	8145390	64292496.000
08/26/2013	7.83	8.05	7.81	7.96	5352904	42503732.000
08/27/2013	7.93	8.02	7.85	7.91	4625030	36594208.000
08/28/2013	7.87	7.91	7.60	7.66	6405323	49787040.000
08/29/2013	7.65	7.87	7.62	7.82	5373726	41516124.000
08/30/2013	7.79	7.79	7.21	7.35	11178098	83355424.000
09/02/2013	7.36	7.50	7.30	7.43	5389122	39844524.000
09/03/2013	7.40	7.50	7.37	7.45	5701514	42395068.000
09/04/2013	7.44	7.45	7.27	7.41	4550638	33532384.000
09/05/2013	7.42	7.78	7.41	7.66	9198852	70276288.000
09/06/2013	7.65	7.75	7.57	7.66	5315822	40765032.000
09/09/2013	7.66	7.68	7.48	7.59	4710967	35632968.000
09/10/2013	7.56	7.78	7.55	7.71	4539721	34945832.000
09/11/2013	7.72	7.75	7.41	7.44	4675194	35120212.000
09/12/2013	7.52	7.60	7.42	7.50	3295819	24701284.000
09/13/2013	7.46	7.57	7.34	7.55	3293019	24568624.000
09/16/2013	7.55	7.69	7.53	7.57	3029759	23078290.000
09/17/2013	7.57	7.78	7.56	7.61	4640175	35590084.000
09/18/2013	7.51	7.71	7.51	7.70	3009708	23033226.000
09/23/2013	7.68	8.05	7.68	8.03	8343103	66061552.000
09/24/2013	7.98	8.06	7.86	7.95	5366398	42591132.000
09/25/2013	7.88	7.91	7.48	7.55	9602692	73539600.000
09/26/2013	7.55	7.60	7.27	7.32	5516184	40882432.000
09/27/2013	7.28	7.39	7.28	7.31	2926510	21478598.000
09/30/2013	7.35	7.52	7.34	7.51	3344534	24866176.000
10/08/2013	7.50	7.59	7.39	7.59	5290218	39592084.000
10/09/2013	7.56	7.56	7.48	7.56	3847111	28929500.000
10/10/2013	7.53	7.78	7.49	7.56	5279387	40347584.000
10/11/2013	7.56	7.83	7.53	7.80	6954384	53624000.000
10/14/2013	7.81	7.81	7.66	7.75	4816636	37258456.000
10/15/2013	7.64	7.64	7.45	7.47	6807098	51218544.000
10/16/2013	7.49	7.54	7.25	7.29	3891687	28674738.000
10/17/2013	7.32	7.50	7.30	7.35	3584914	26432098.000
10/18/2013	7.35	7.40	7.28	7.34	2415621	17737734.000
10/21/2013	7.31	7.52	7.21	7.50	4227226	31345282.000
10/22/2013	7.50	7.80	7.43	7.65	7902197	60704544.000
10/23/2013	7.62	7.68	7.33	7.34	5337358	39950864.000
10/24/2013	7.37	7.47	7.28	7.37	2752760	20307800.000
10/25/2013	7.37	7.58	7.33	7.42	4177346	31168734.000
10/28/2013	7.40	7.40	7.00	7.12	4678875	33543022.000
10/29/2013	7.10	7.16	6.49	6.63	5628665	38343984.000
10/30/2013	6.63	6.78	6.60	6.74	2346250	15683930.000
10/31/2013	6.74	6.77	6.61	6.66	1778814	11894517.000
11/01/2013	6.66	6.68	6.46	6.58	2057393	13537975.000
11/05/2013	6.86	7.24	6.80	7.24	3808611	27096956.000
11/06/2013	7.50	7.96	7.39	7.68	21695092	168520544.000
11/07/2013	7.31	7.52	7.27	7.41	8993009	66633408.000
11/08/2013	7.39	7.80	7.29	7.55	10770270	81898080.000
11/11/2013	7.65	7.88	7.54	7.62	5894430	45224860.000
11/12/2013	7.48	7.77	7.34	7.42	7846318	58773400.000
11/13/2013	7.44	7.47	6.87	6.93	8877176	63826996.000
11/14/2013	6.86	7.12	6.82	7.12	5673919	39670240.000
11/15/2013	7.25	7.55	7.12	7.37	7818895	57461380.000
11/18/2013	7.38	7.49	7.31	7.48	6028881	44769196.000
11/19/2013	7.46	8.23	7.45	8.23	18994579	152282448.000
11/20/2013	8.15	8.36	8.04	8.33	19433997	160033776.000
11/21/2013	8.30	8.96	8.16	8.36	18327897	156999648.000
11/22/2013	8.32	8.96	8.32	8.78	16786768	145696112.000
11/25/2013	8.66	8.95	8.50	8.52	12509273	108488912.000
11/26/2013	8.52	8.68	8.35	8.51	7603510	64691596.000
11/27/2013	8.55	8.70	8.42	8.61	8693594	74464752.000
11/28/2013	8.53	8.79	8.49	8.54	9128492	78861560.000
11/29/2013	8.54	9.00	8.50	8.90	12412286	109222216.000
12/02/2013	8.45	8.68	8.01	8.01	13524115	111992736.000
12/03/2013	7.71	8.48	7.55	8.40	13901821	112604208.000
12/04/2013	8.30	9.24	8.25	9.24	14338239	127301688.000
12/05/2013	9.65	10.16	9.42	9.50	36941323	363070944.000
12/06/2013	10.13	10.45	9.76	9.95	38629718	393816128.000
12/09/2013	9.50	9.90	9.47	9.59	21779808	210060320.000
12/10/2013	9.51	10.17	9.51	9.59	27021170	264361248.000
12/11/2013	9.30	9.32	8.74	8.99	19519139	176368768.000
12/12/2013	9.05	9.20	8.93	9.00	12808406	115898280.000
12/13/2013	9.10	9.10	8.90	8.99	8601024	77435592.000
12/16/2013	9.07	9.07	8.57	8.82	6642030	58719324.000
12/17/2013	8.88	8.97	8.67	8.74	8361563	73788096.000
12/18/2013	8.85	9.05	8.61	8.72	12003768	106409976.000
12/19/2013	8.70	8.83	8.45	8.45	6990182	60459760.000
12/20/2013	8.46	8.55	8.04	8.13	7760345	64243744.000
12/23/2013	8.08	8.21	7.95	8.17	3975893	32264850.000
12/24/2013	8.17	8.26	7.98	8.12	4448722	36270144.000
12/25/2013	8.11	8.48	8.07	8.38	6640638	55211176.000
12/26/2013	8.35	8.81	8.30	8.40	13045092	111718824.000
12/27/2013	8.44	8.70	8.29	8.57	9581694	81808848.000
12/30/2013	8.56	8.68	8.45	8.57	6816408	58513300.000
12/31/2013	8.49	8.56	8.16	8.21	6879712	57201496.000
01/02/2014	8.20	8.70	8.15	8.59	8320125	70907624.000
01/03/2014	8.50	9.00	8.50	8.85	13299915	117605064.000
01/06/2014	8.75	9.08	8.60	8.65	9976398	88005720.000
01/07/2014	8.56	8.96	8.48	8.95	8131272	70803992.000
01/08/2014	9.01	9.25	8.88	8.93	9561034	86681496.000
01/09/2014	8.96	9.14	8.52	8.56	8509396	75433736.000
01/10/2014	8.49	8.54	8.19	8.22	5450888	45364060.000
01/13/2014	8.23	8.32	7.90	7.98	5951526	48405912.000
01/14/2014	8.01	8.19	7.97	8.19	9011984	72808296.000
01/15/2014	8.16	8.38	8.11	8.35	11805982	97530184.000
01/16/2014	8.33	8.52	8.24	8.43	10543332	88427008.000
01/17/2014	8.40	8.47	8.24	8.26	6140789	51176660.000
01/20/2014	8.25	8.39	8.11	8.35	6531701	53965780.000
01/21/2014	8.35	9.19	8.32	9.19	14576973	129158896.000
01/22/2014	9.30	9.37	9.06	9.25	19658103	181052384.000
01/23/2014	9.27	9.50	9.10	9.39	16181626	151140544.000
01/24/2014	9.47	9.59	9.32	9.50	13477000	127277848.000
01/27/2014	9.53	10.32	9.42	9.68	17857289	175131360.000
01/28/2014	9.50	9.73	9.18	9.31	12611995	119075016.000
01/29/2014	9.31	9.67	9.31	9.55	8548768	81092280.000
01/30/2014	9.45	9.49	9.21	9.23	6132614	57092308.000
02/07/2014	9.17	9.77	9.00	9.71	9695813	92210096.000
02/10/2014	9.88	10.68	9.76	10.68	14917278	151495344.000
02/11/2014	11.00	11.25	10.61	10.88	24959886	274032960.000
02/12/2014	10.72	11.45	10.72	11.16	17818357	199585232.000
02/13/2014	11.00	11.14	10.46	10.49	13844873	150246464.000
02/14/2014	10.48	11.16	10.18	11.14	15080475	161814336.000
02/17/2014	11.24	11.46	11.11	11.30	17104408	193162192.000
02/18/2014	11.25	11.60	11.03	11.32	15314547	173367616.000
02/19/2014	11.24	11.34	10.98	10.99	10352133	115087528.000
02/20/2014	10.85	10.97	10.35	10.51	11340726	120004992.000
02/21/2014	10.53	10.80	10.46	10.68	6254208	66592740.000
02/24/2014	10.60	11.09	10.35	11.09	8476200	90842640.000
02/25/2014	11.16	11.55	9.98	10.05	16997830	184043440.000
02/26/2014	9.84	10.22	9.63	10.10	8538372	84970064.000
02/27/2014	10.18	10.31	9.55	9.60	12427140	123795280.000
02/28/2014	9.67	9.99	9.40	9.92	7677251	74788616.000
06/04/2014	8.93	9.16	8.93	8.93	8758900	78268888.000
06/05/2014	8.50	8.68	8.26	8.43	22071485	186196096.000
06/06/2014	8.45	8.65	8.36	8.46	14642002	124417064.000
06/09/2014	8.41	8.70	8.38	8.53	10802355	92004160.000
06/11/2014	8.88	9.33	8.56	8.84	17644850	155181584.000
06/12/2014	8.70	8.80	8.38	8.40	12491793	106743848.000
06/13/2014	8.30	8.48	8.26	8.44	7790830	65557872.000
06/16/2014	8.40	8.70	8.37	8.60	8430705	71922584.000
06/17/2014	8.58	8.66	8.41	8.46	5530576	47016400.000
06/18/2014	8.46	9.31	8.46	8.80	20655876	185085808.000
06/19/2014	8.65	8.84	8.01	8.29	11333749	96752144.000
06/20/2014	8.17	8.37	8.10	8.32	5213686	43072604.000
06/23/2014	8.30	8.50	8.27	8.42	5710722	48084928.000
06/24/2014	8.43	8.45	8.24	8.41	5476547	45796164.000
06/25/2014	8.41	8.74	8.37	8.51	8132148	69725656.000
06/26/2014	8.50	8.73	8.48	8.67	8822973	76034384.000
06/27/2014	8.64	8.86	8.53	8.71	8012989	69747888.000
06/30/2014	8.75	8.98	8.58	8.91	10606132	93099944.000
07/01/2014	8.94	8.98	8.77	8.89	10095952	89634376.000
07/02/2014	8.86	8.88	8.64	8.80	9433173	82682000.000
07/03/2014	8.80	8.90	8.70	8.89	8255857	72616240.000
07/04/2014	8.88	9.05	8.72	8.98	11291881	100623608.000
07/07/2014	8.91	8.96	8.76	8.84	7597169	67270552.000
07/08/2014	8.84	8.95	8.66	8.93	8098765	71501920.000
07/09/2014	8.86	8.89	8.62	8.64	9055810	79523720.000
07/10/2014	8.65	8.78	8.51	8.55	5560566	48122044.000
07/11/2014	8.55	8.68	8.54	8.65	5536349	47707976.000
07/14/2014	8.46	8.62	8.39	8.60	7704718	65594880.000
07/15/2014	8.58	8.61	8.44	8.52	4892662	41587380.000
07/16/2014	8.50	8.61	8.37	8.38	4746678	40280624.000
07/17/2014	8.38	8.45	8.22	8.28	3683696	30745690.000
07/18/2014	8.25	8.36	8.24	8.34	3239360	26937940.000
07/21/2014	8.35	8.39	8.23	8.37	3355819	27945468.000
07/22/2014	8.38	8.47	8.32	8.45	3044835	25648060.000
07/23/2014	8.42	8.42	8.05	8.08	7432581	61173880.000
07/24/2014	8.05	8.15	7.58	8.06	11143988	87501200.000
07/25/2014	7.98	8.10	7.91	8.02	3638011	29148720.000
07/28/2014	8.03	8.21	8.02	8.19	4165261	33879936.000
07/29/2014	8.21	8.30	8.13	8.25	4789283	39422856.000
07/30/2014	8.25	8.39	8.20	8.33	4457626	36952100.000
07/31/2014	8.31	8.43	8.29	8.40	5048552	42225916.000
08/01/2014	8.40	8.47	8.26	8.29	6484854	54401912.000
08/04/2014	8.25	8.36	8.22	8.33	4191228	34816472.000
08/05/2014	8.36	8.63	8.28	8.62	8728222	74220664.000
08/06/2014	8.62	8.70	8.54	8.64	7525324	64925396.000
08/07/2014	8.64	8.74	8.55	8.57	7273356	62777164.000
08/08/2014	8.57	8.66	8.53	8.64	4239812	36485040.000
08/11/2014	8.65	8.81	8.65	8.80	6517255	57010656.000
08/12/2014	8.79	8.82	8.71	8.76	4697938	41077256.000
08/13/2014	8.76	8.76	8.40	8.73	7372585	63631784.000
08/14/2014	9.09	9.38	8.90	8.93	18863658	171217728.000
08/15/2014	8.83	9.79	8.83	9.48	21758450	204014800.000
08/18/2014	9.48	10.37	9.36	10.09	22303481	218510528.000
08/19/2014	9.99	10.18	9.71	9.88	12731233	126128976.000
08/20/2014	9.85	10.12	9.71	9.82	11480072	114006488.000
08/21/2014	9.81	10.03	9.71	9.98	9689668	95497616.000
08/22/2014	9.88	10.00	9.54	9.88	14016561	136286256.000
08/25/2014	9.88	9.88	9.66	9.74	7028391	68559608.000
08/26/2014	9.73	10.21	9.62	9.72	18827069	186543888.000
08/27/2014	9.63	10.02	9.30	9.92	14184685	136826400.000
08/28/2014	9.87	9.97	9.59	9.69	7607775	74299352.000
08/29/2014	9.45	9.88	9.45	9.60	8156162	78282048.000
09/01/2014	9.55	9.77	9.49	9.71	7011028	67811208.000
09/02/2014	9.81	10.13	9.80	10.08	11325262	113070176.000
09/03/2014	10.01	10.18	9.89	10.16	11293613	113339152.000
09/04/2014	10.21	10.47	10.11	10.13	11184080	114601016.000
09/05/2014	10.03	10.20	9.88	10.03	10239107	102552400.000
09/09/2014	10.02	10.13	9.73	10.00	6278915	62282460.000
数据来源:通达信
