300188 美亚柏科 日线
      日期	    开盘	    最高	    最低	    收盘	    成交量	    成交额
03/16/2011	11.55	12.93	11.43	12.37	9342406	451006528.000
03/17/2011	12.00	12.93	11.85	12.35	4151487	207343616.000
03/18/2011	12.55	13.37	12.33	13.35	3410169	177349536.000
03/21/2011	13.57	13.58	12.99	13.42	2088310	111901072.000
03/22/2011	13.29	13.80	13.00	13.47	2015112	108807384.000
03/23/2011	13.33	13.56	13.15	13.35	1054429	56810688.000
03/24/2011	13.33	14.33	13.22	14.02	1284655	71645536.000
03/25/2011	13.87	14.21	13.73	13.77	756799	42735844.000
03/28/2011	13.61	13.91	12.68	12.68	1171098	62260484.000
03/29/2011	12.54	12.57	12.15	12.35	864437	43096620.000
03/30/2011	12.33	12.47	11.73	11.86	448765	22030630.000
03/31/2011	11.86	12.22	11.86	12.08	311794	15227682.000
04/01/2011	12.03	12.15	11.60	12.12	395897	19171100.000
04/06/2011	12.07	12.09	11.49	11.60	885371	41799884.000
04/07/2011	11.59	12.10	11.50	11.86	448817	21546202.000
04/08/2011	11.80	12.02	11.80	11.85	285620	13744175.000
04/11/2011	11.77	11.85	11.40	11.44	549145	25763082.000
04/12/2011	11.44	11.68	11.44	11.64	212325	9954045.000
04/13/2011	11.61	12.32	11.55	12.10	521832	25408222.000
04/14/2011	12.07	12.19	11.84	12.15	272016	13235386.000
04/15/2011	12.04	12.19	11.87	12.17	275867	13480372.000
04/18/2011	11.99	12.28	11.85	12.01	257214	12539079.000
04/19/2011	11.87	11.87	11.50	11.71	311887	14744434.000
04/20/2011	11.70	11.82	11.56	11.82	191814	9117195.000
04/21/2011	12.07	12.31	11.85	11.92	352028	17185038.000
04/22/2011	11.86	12.10	11.82	11.94	164323	7968799.500
04/25/2011	11.63	12.32	11.47	12.00	376007	18237092.000
04/26/2011	11.77	11.99	11.12	11.60	234925	11060169.000
04/27/2011	11.52	11.85	11.41	11.55	142348	6702681.500
04/28/2011	11.55	11.67	11.22	11.46	142575	6595960.500
04/29/2011	11.25	11.46	11.10	11.44	154675	7027654.000
05/03/2011	11.39	11.60	11.22	11.59	64895	3009953.000
05/04/2011	11.72	11.81	11.37	11.51	71901	3378051.000
05/06/2011	11.34	11.69	11.34	11.58	42467	1984810.625
05/09/2011	11.60	12.04	11.60	11.87	89251	4285172.000
05/10/2011	11.99	11.99	11.76	11.77	65372	3125080.250
05/11/2011	11.72	11.82	11.35	11.45	109645	5142636.500
05/12/2011	11.45	11.62	11.41	11.42	87400	4071048.000
05/13/2011	11.57	11.77	11.50	11.57	76352	3587312.750
05/16/2011	11.65	11.82	11.50	11.66	126168	5943491.500
05/17/2011	11.67	11.73	11.35	11.59	65372	3053620.500
05/18/2011	11.85	12.06	11.57	11.59	413542	19887490.000
05/19/2011	11.40	11.52	11.13	11.15	225358	10325439.000
05/20/2011	11.15	11.34	10.73	10.74	225611	10034720.000
05/23/2011	10.80	10.86	10.27	10.30	138590	5919165.500
05/24/2011	10.22	10.58	10.10	10.46	93937	3958831.000
05/25/2011	10.21	10.53	10.00	10.03	123129	5102336.500
05/26/2011	10.21	10.22	9.57	9.62	314858	12517105.000
05/27/2011	9.70	9.70	9.14	9.32	160650	6102120.500
05/30/2011	9.30	9.60	9.21	9.34	84370	3218491.500
05/31/2011	9.33	9.39	8.77	9.04	670317	24551162.000
06/01/2011	8.90	9.44	8.85	9.44	373894	13902160.000
06/02/2011	9.27	9.33	9.02	9.19	177611	6621244.500
06/03/2011	9.22	9.36	9.10	9.32	98640	3702565.750
06/07/2011	9.29	9.58	9.27	9.57	165429	6377040.500
06/08/2011	9.57	9.84	9.37	9.59	157155	6094092.500
06/09/2011	9.58	9.59	9.17	9.17	168430	6391377.000
06/10/2011	9.17	9.30	9.10	9.29	76900	2867162.000
06/13/2011	9.27	9.27	8.98	9.14	107160	3970323.000
06/14/2011	9.23	9.29	9.11	9.15	90230	3374960.500
06/15/2011	9.31	9.31	9.10	9.16	73610	2737413.500
06/16/2011	9.24	9.24	9.00	9.07	55404	2038181.375
06/17/2011	8.98	9.14	8.97	8.99	38598	1423238.875
06/20/2011	8.89	8.95	8.80	8.82	56314	2029951.500
06/21/2011	8.92	8.92	8.82	8.91	25619	926341.563
06/22/2011	8.92	8.97	8.84	8.94	14983	542999.750
06/23/2011	8.93	9.47	8.88	9.33	100267	3764896.750
06/24/2011	9.32	9.57	9.20	9.44	128541	4931385.500
06/27/2011	9.52	9.52	9.17	9.35	336440	12789323.000
06/28/2011	9.25	9.38	9.07	9.18	210978	7886934.500
06/29/2011	9.15	9.19	8.86	8.94	222098	8139458.000
06/30/2011	8.95	9.12	8.92	8.94	301849	11059480.000
07/01/2011	8.99	9.12	8.96	9.05	243750	8979531.000
07/04/2011	9.00	9.28	8.98	9.28	274360	10231374.000
07/05/2011	9.27	9.53	9.23	9.43	324120	12386975.000
07/06/2011	9.43	9.50	9.27	9.44	197513	7510248.500
07/07/2011	9.43	10.10	9.37	9.85	714169	28297028.000
07/08/2011	9.80	9.92	9.70	9.83	185975	7408452.000
07/11/2011	9.75	9.81	9.51	9.72	177500	6961264.500
07/12/2011	9.60	9.60	9.27	9.35	170401	6509004.500
07/13/2011	9.34	9.52	9.34	9.47	255706	9828833.000
07/14/2011	9.54	9.75	9.46	9.72	254986	9969474.000
07/15/2011	9.62	9.95	9.62	9.90	254222	10164763.000
07/18/2011	9.97	10.34	9.95	10.32	363478	14928942.000
07/19/2011	10.34	10.34	9.86	10.03	326349	13425169.000
07/20/2011	10.05	10.34	10.05	10.27	260106	10719588.000
07/21/2011	10.05	10.22	9.74	9.85	370288	14887819.000
07/22/2011	9.85	9.90	9.72	9.83	160500	6383470.500
07/25/2011	9.75	9.77	9.47	9.52	124618	4868541.500
07/26/2011	9.65	9.65	9.22	9.34	271786	10300995.000
07/27/2011	9.30	9.55	9.25	9.51	164209	6283592.000
07/28/2011	9.47	9.47	9.32	9.44	281700	10730531.000
07/29/2011	9.53	9.57	9.27	9.32	137698	5224811.500
08/01/2011	9.21	9.66	9.21	9.53	201386	7767431.500
08/02/2011	9.59	9.59	9.28	9.57	204652	7871032.000
08/03/2011	9.50	10.31	9.44	9.98	694488	28407600.000
08/04/2011	9.85	10.07	9.85	9.98	451693	18293464.000
08/05/2011	9.38	10.04	9.38	9.87	311499	12351884.000
08/08/2011	9.85	9.85	9.32	9.55	366321	14149992.000
08/09/2011	9.35	9.65	9.22	9.56	495898	19196378.000
08/10/2011	9.76	9.94	9.51	9.90	339541	13597709.000
08/11/2011	9.60	10.52	9.60	10.17	682920	28306184.000
08/12/2011	10.21	10.82	10.21	10.76	1190459	51015960.000
08/15/2011	10.82	11.17	10.60	11.14	652935	29221518.000
08/16/2011	11.07	11.09	10.74	10.75	582781	25689168.000
08/17/2011	10.64	10.96	10.63	10.84	150395	6595074.000
08/18/2011	10.71	10.85	10.54	10.61	238319	10276750.000
08/19/2011	10.48	10.59	10.32	10.57	125527	5337711.000
08/22/2011	10.60	10.85	10.50	10.50	226858	9809582.000
08/23/2011	10.67	10.67	10.41	10.65	304620	13036058.000
08/24/2011	10.74	11.17	10.43	10.57	587652	25664366.000
08/25/2011	10.60	10.86	10.42	10.85	217171	9405209.000
08/26/2011	10.80	11.05	10.78	10.97	198131	8798901.000
08/29/2011	10.86	11.12	10.75	10.92	207320	9211228.000
08/30/2011	10.89	11.42	10.80	10.80	541033	24422984.000
08/31/2011	10.81	10.84	10.44	10.67	371779	15961240.000
09/01/2011	10.72	10.81	10.36	10.67	358359	15333968.000
09/02/2011	10.60	10.60	10.34	10.59	185225	7850467.000
09/05/2011	10.57	10.57	10.28	10.34	185339	7766564.500
09/06/2011	10.22	10.38	9.85	9.87	246261	10032712.000
09/07/2011	9.97	10.16	9.87	10.10	310360	12644646.000
09/08/2011	10.13	10.20	9.95	9.95	141606	5791734.500
09/09/2011	9.94	10.04	9.63	9.77	199353	7978198.000
09/13/2011	9.60	9.76	9.55	9.55	151411	5911824.000
09/14/2011	9.55	9.72	9.51	9.68	113474	4425144.000
09/15/2011	9.69	9.93	9.66	9.87	104700	4158418.250
09/16/2011	9.89	9.94	9.80	9.91	110200	4415705.500
09/19/2011	9.87	9.87	9.35	9.57	171010	6631897.000
09/20/2011	9.52	9.60	9.42	9.51	87552	3376587.750
09/21/2011	9.59	9.84	9.44	9.80	94638	3729047.750
09/22/2011	9.75	9.75	9.35	9.45	98800	3862934.250
09/23/2011	9.33	9.45	9.27	9.36	97320	3698631.000
09/26/2011	9.35	9.43	9.14	9.20	75640	2853615.500
09/27/2011	9.34	9.37	9.20	9.27	73894	2786484.000
09/28/2011	9.30	9.43	9.00	9.05	72481	2721648.000
09/29/2011	9.05	9.05	8.63	8.80	119579	4292431.000
09/30/2011	8.80	8.85	8.35	8.63	137797	4817160.000
10/10/2011	8.72	8.72	8.48	8.59	83790	2939443.250
10/11/2011	8.79	8.89	8.47	8.55	74385	2626884.500
10/12/2011	8.47	8.84	8.37	8.77	158021	5587453.500
10/13/2011	8.70	9.05	8.67	8.92	183005	6688967.000
10/14/2011	8.94	9.01	8.76	8.93	99585	3599981.750
10/17/2011	9.05	9.05	8.82	8.94	128073	4669017.000
10/18/2011	8.93	8.95	8.50	8.52	202200	7162981.000
10/19/2011	8.43	8.55	8.31	8.38	161140	5526452.000
10/20/2011	8.42	8.42	7.90	8.00	191150	6261718.000
10/21/2011	8.10	8.13	7.60	7.72	436768	13780945.000
10/24/2011	7.73	7.89	7.60	7.88	216325	6826140.500
10/25/2011	7.88	8.26	7.78	8.21	283395	9293164.000
10/26/2011	8.13	8.37	8.10	8.25	192493	6472169.000
10/27/2011	8.18	8.45	8.18	8.34	156739	5319683.000
10/28/2011	8.37	8.51	8.35	8.46	157638	5404483.500
10/31/2011	8.50	8.70	8.50	8.60	175953	6160515.500
11/01/2011	8.49	9.30	8.49	8.99	356634	13032710.000
11/02/2011	8.80	9.44	8.80	9.40	392538	14649832.000
11/03/2011	9.47	9.95	9.36	9.49	694113	27148270.000
11/04/2011	9.60	9.69	9.46	9.53	408655	15826783.000
11/07/2011	9.56	9.67	9.31	9.50	281633	10956839.000
11/08/2011	9.50	9.59	9.25	9.25	172760	6616982.000
11/09/2011	9.25	9.53	9.22	9.50	197858	7554063.000
11/10/2011	9.41	9.77	9.38	9.51	314179	12252072.000
11/11/2011	9.60	9.74	9.49	9.54	263789	10338532.000
11/14/2011	9.71	10.12	9.70	10.03	408488	16438906.000
11/15/2011	10.09	10.22	9.95	10.13	362363	14883775.000
11/16/2011	10.13	10.20	9.72	9.75	491491	19684682.000
11/17/2011	9.89	10.14	9.63	9.93	439095	17684256.000
11/18/2011	9.85	9.86	9.55	9.57	397900	15661871.000
11/21/2011	9.45	9.72	9.35	9.72	343873	13324141.000
11/22/2011	9.61	9.94	9.55	9.92	325508	12946109.000
11/23/2011	9.85	10.11	9.85	9.90	164508	6668263.500
11/24/2011	9.89	9.97	9.63	9.70	255825	10186428.000
11/25/2011	9.68	9.98	9.64	9.77	161081	6456272.000
11/28/2011	9.70	10.09	9.55	9.96	444274	17758890.000
11/29/2011	10.04	10.92	9.94	10.76	770012	32725168.000
11/30/2011	10.64	11.02	10.24	10.40	908583	39277440.000
12/01/2011	10.66	11.08	10.60	10.72	566743	24906070.000
12/02/2011	10.72	10.75	10.35	10.51	241622	10290973.000
12/05/2011	10.47	10.47	9.63	9.64	381021	15408713.000
12/06/2011	9.52	9.85	9.47	9.72	285801	11170214.000
12/07/2011	9.73	9.82	9.34	9.49	478142	18440732.000
12/08/2011	9.36	9.93	9.25	9.79	403064	15878117.000
12/09/2011	9.84	10.39	9.77	10.09	536724	22029734.000
12/12/2011	9.96	10.17	9.87	9.96	258402	10490239.000
12/13/2011	9.85	9.90	9.51	9.52	279523	10925063.000
12/14/2011	9.42	9.72	9.35	9.51	266777	10318987.000
12/15/2011	9.35	9.51	9.17	9.29	268903	10197916.000
12/16/2011	9.29	9.81	9.17	9.78	306486	11764518.000
12/19/2011	9.70	9.94	9.47	9.92	631123	24791982.000
12/20/2011	9.85	10.07	9.67	9.72	345676	13799800.000
12/21/2011	9.82	9.82	9.32	9.35	370995	14349441.000
12/22/2011	9.17	9.17	8.47	9.01	483927	17365298.000
12/23/2011	9.01	9.20	8.77	8.99	220191	8044855.000
12/26/2011	8.99	9.20	8.76	8.92	320858	11760914.000
12/27/2011	8.90	8.90	8.40	8.47	328061	11411605.000
12/28/2011	8.40	8.43	8.18	8.35	138931	4691520.000
12/29/2011	8.35	8.66	8.31	8.49	138982	4816416.500
12/30/2011	8.53	8.71	8.50	8.71	171720	6020187.000
01/04/2012	8.89	9.05	8.57	8.66	287403	10375775.000
01/05/2012	8.52	8.57	8.10	8.12	281131	9523135.000
01/06/2012	8.13	8.27	8.00	8.21	327246	10836230.000
01/09/2012	8.27	8.79	8.02	8.79	455762	15766360.000
01/10/2012	8.76	9.05	8.76	9.01	349200	12699335.000
01/11/2012	8.86	9.20	8.86	9.01	249337	9157268.000
01/12/2012	9.02	9.09	8.78	8.88	218297	7898598.500
01/13/2012	8.75	8.85	8.25	8.35	323328	11110301.000
01/16/2012	8.24	8.24	7.75	7.85	316266	10201698.000
01/17/2012	7.67	8.27	7.67	8.22	259973	8526230.000
01/18/2012	8.15	8.34	7.66	7.67	290042	9453950.000
01/19/2012	7.59	7.79	7.24	7.37	463623	14117580.000
01/20/2012	7.41	7.84	7.27	7.59	388484	11883471.000
01/30/2012	7.60	8.09	7.59	7.87	454518	14605594.000
01/31/2012	7.85	8.03	7.73	7.96	151919	4913886.000
02/01/2012	7.92	8.16	7.80	7.86	231918	7537414.000
02/02/2012	7.88	8.22	7.80	8.13	200949	6531791.000
02/03/2012	8.13	8.39	8.05	8.35	482349	16179146.000
02/06/2012	8.34	8.41	8.27	8.38	247258	8405330.000
02/07/2012	8.37	8.38	8.18	8.30	237608	8010728.500
02/08/2012	8.30	8.50	8.25	8.49	244591	8361857.000
02/09/2012	8.47	8.71	8.40	8.54	265701	9297368.000
02/10/2012	8.48	8.62	8.48	8.56	161184	5610157.500
02/13/2012	8.37	8.96	8.34	8.80	454147	16037555.000
02/14/2012	8.78	8.92	8.70	8.76	225743	8072679.500
02/15/2012	8.62	8.96	8.62	8.95	249044	8983188.000
02/16/2012	8.97	9.02	8.75	8.82	251762	9054564.000
02/17/2012	8.91	8.91	8.63	8.79	172202	6127902.500
02/20/2012	8.88	9.17	8.77	8.79	390458	14259664.000
02/21/2012	8.74	9.12	8.73	9.10	373029	13616042.000
02/22/2012	9.17	9.44	9.02	9.35	536335	20242490.000
02/23/2012	9.33	9.48	9.25	9.28	450657	17125328.000
02/24/2012	9.25	9.51	9.20	9.49	587198	22276034.000
02/27/2012	9.41	9.52	9.27	9.40	629569	24092424.000
02/28/2012	9.35	9.39	9.12	9.21	582506	21823116.000
02/29/2012	9.18	9.27	9.02	9.06	629704	23423610.000
03/01/2012	9.06	9.19	8.94	9.19	532520	19617264.000
03/02/2012	9.20	9.36	9.11	9.34	466256	17530796.000
03/05/2012	9.40	9.42	9.19	9.23	505271	19087318.000
03/06/2012	9.18	9.19	9.00	9.07	442235	16340530.000
03/07/2012	9.07	9.41	9.00	9.31	568147	21323802.000
03/08/2012	9.35	9.40	9.15	9.32	451646	17005042.000
03/09/2012	9.33	9.78	9.32	9.67	710681	27695548.000
03/12/2012	9.62	9.76	9.62	9.75	422927	16627326.000
03/13/2012	9.75	9.81	9.57	9.72	416132	16319613.000
03/14/2012	9.73	9.98	9.10	9.25	742307	29065752.000
03/15/2012	9.32	10.19	9.22	10.14	985165	38803020.000
03/16/2012	10.07	10.19	9.82	10.13	485247	19708898.000
03/19/2012	10.15	10.58	10.08	10.15	489745	20459228.000
03/20/2012	10.15	10.18	9.84	9.85	482025	19508058.000
03/21/2012	9.84	9.94	9.35	9.55	653772	25484578.000
03/22/2012	9.48	9.72	9.47	9.62	251710	9843867.000
03/23/2012	9.60	9.61	9.33	9.40	300041	11489193.000
03/26/2012	9.47	9.73	9.38	9.62	342805	13392306.000
03/27/2012	9.72	9.74	9.53	9.64	407880	15948688.000
03/28/2012	9.67	9.67	8.73	8.95	646218	23849464.000
03/29/2012	8.82	9.08	8.77	8.92	430181	15597680.000
04/05/2012	9.09	9.14	8.72	8.99	464050	16861956.000
04/06/2012	9.02	9.16	8.86	9.16	716852	26336602.000
04/09/2012	9.16	9.17	8.90	8.90	258000	9514222.000
04/10/2012	8.83	8.88	8.52	8.81	291381	10331172.000
04/11/2012	8.78	8.80	8.52	8.71	437663	15470240.000
04/12/2012	8.75	9.07	8.72	9.06	307291	11127467.000
04/13/2012	9.09	9.11	8.96	9.06	217330	7996008.500
04/16/2012	9.22	9.66	9.07	9.47	732164	28219256.000
04/17/2012	9.43	9.56	9.30	9.30	500430	19178296.000
04/18/2012	9.36	9.62	9.30	9.61	551614	21295210.000
04/19/2012	9.61	9.66	9.50	9.58	280242	10944205.000
04/20/2012	9.51	9.69	9.50	9.66	221926	8671400.000
04/23/2012	9.60	9.69	9.30	9.40	673723	26099982.000
04/24/2012	9.40	9.57	9.25	9.52	314745	12029905.000
04/25/2012	9.52	10.00	9.47	9.97	409274	16369286.000
04/26/2012	9.95	10.22	9.73	9.73	321060	12978443.000
04/27/2012	9.74	10.32	9.65	10.09	360309	14656284.000
05/02/2012	10.21	10.52	10.01	10.31	388949	16210132.000
05/03/2012	10.31	10.34	10.00	10.00	186961	7783691.000
05/04/2012	10.16	10.51	10.02	10.23	512658	21323500.000
05/07/2012	10.18	10.58	10.12	10.41	462519	19610202.000
05/08/2012	10.42	10.50	10.30	10.41	219295	9250363.000
05/09/2012	10.31	10.44	10.00	10.08	310965	12837570.000
05/10/2012	10.08	10.19	10.02	10.09	155736	6391027.500
05/11/2012	10.11	10.32	10.07	10.08	208956	8640498.000
05/14/2012	10.10	10.16	10.01	10.02	116936	4784350.500
05/15/2012	9.95	9.97	9.67	9.82	191763	7622783.500
05/16/2012	9.82	9.83	9.60	9.68	138987	5498248.000
05/17/2012	9.73	9.99	9.67	9.95	246074	9834422.000
05/18/2012	9.92	10.04	9.80	9.98	163952	6598676.000
05/21/2012	9.99	10.57	9.99	10.50	465069	19659418.000
05/22/2012	10.52	11.01	10.52	10.96	747757	32853084.000
05/23/2012	10.85	11.31	10.85	11.14	720690	32485368.000
05/24/2012	11.10	11.56	10.94	11.14	688502	31278146.000
05/25/2012	11.15	11.27	10.95	11.06	303813	13633888.000
05/28/2012	10.97	11.10	10.78	11.07	219010	9728706.000
05/29/2012	11.02	11.21	10.91	10.97	257539	11521242.000
05/30/2012	10.92	11.24	10.87	11.09	323992	14545930.000
05/31/2012	10.91	10.97	10.74	10.75	416941	18300156.000
06/01/2012	10.75	10.88	10.66	10.79	263069	11494601.000
06/04/2012	10.77	11.34	10.63	11.07	710576	31802010.000
06/05/2012	11.07	11.31	10.94	11.05	773720	34861744.000
06/06/2012	11.13	11.15	10.70	10.81	527714	11583872.000
06/07/2012	10.84	11.24	10.80	10.86	836823	18668304.000
06/08/2012	10.86	11.24	10.86	11.22	1008508	22609124.000
06/11/2012	11.32	11.82	11.09	11.39	870007	20005206.000
06/12/2012	11.41	11.95	11.20	11.91	1281532	30258834.000
06/13/2012	11.90	12.03	11.73	11.90	503506	12050944.000
06/14/2012	11.84	12.09	11.65	11.76	486686	11626607.000
06/15/2012	11.72	12.25	11.66	11.93	598587	14391435.000
06/18/2012	11.80	11.90	11.50	11.74	918635	21634742.000
06/19/2012	11.74	11.74	11.47	11.69	437139	10216098.000
06/20/2012	11.74	11.82	11.54	11.74	594344	13958680.000
06/21/2012	11.74	11.74	11.35	11.42	734899	17020268.000
06/25/2012	11.41	11.41	10.88	10.90	696893	15556869.000
06/26/2012	10.85	11.00	10.70	10.94	269176	5888980.000
06/27/2012	10.96	11.44	10.85	11.15	598786	13560506.000
06/28/2012	11.13	11.37	11.13	11.19	204077	4631835.500
06/29/2012	11.07	11.71	11.07	11.56	440595	10284778.000
07/02/2012	11.60	11.94	11.55	11.88	948606	22619726.000
07/03/2012	11.73	12.11	11.60	11.77	695930	16723658.000
07/04/2012	11.49	11.64	11.31	11.40	734249	16993956.000
07/05/2012	11.33	11.33	11.00	11.10	442771	9962372.000
07/06/2012	11.21	11.39	11.15	11.30	487585	11106953.000
07/09/2012	11.39	11.59	11.30	11.40	434053	10054372.000
07/10/2012	11.37	11.90	11.34	11.70	1012225	23648702.000
07/11/2012	11.73	12.07	11.65	12.07	706372	16999158.000
07/12/2012	12.12	12.17	11.84	11.90	783395	19028676.000
07/13/2012	11.93	12.29	11.80	11.95	363921	8853008.000
07/16/2012	11.86	12.09	11.60	11.70	632199	15073944.000
07/17/2012	11.64	11.72	11.31	11.58	345166	8003416.500
07/18/2012	11.68	11.70	11.06	11.40	518807	11830594.000
07/19/2012	11.40	11.99	11.37	11.85	356413	8466348.000
07/20/2012	11.85	11.97	11.75	11.78	182550	4360054.500
07/23/2012	11.74	12.80	11.47	12.39	1198690	29819422.000
07/24/2012	12.23	13.15	12.23	12.75	933783	24063036.000
07/25/2012	12.65	12.95	12.44	12.79	497179	12737349.000
07/26/2012	12.70	12.73	12.50	12.58	371670	9455265.000
07/27/2012	12.58	12.74	11.95	12.03	637841	15752937.000
07/30/2012	12.03	12.18	11.74	12.03	393569	9503208.000
07/31/2012	11.90	12.09	11.85	12.04	312447	7581246.000
08/01/2012	12.04	12.84	11.98	12.84	832755	21060352.000
08/02/2012	12.99	13.20	12.57	12.95	1063326	27953920.000
08/03/2012	12.82	13.62	12.80	13.60	1100412	29417306.000
08/06/2012	13.72	14.15	13.45	14.11	1379172	38605976.000
08/07/2012	14.08	14.11	13.75	13.90	833810	23314506.000
08/08/2012	13.91	13.98	13.54	13.67	554821	15303236.000
08/09/2012	13.69	14.08	13.59	13.92	527868	14752553.000
08/10/2012	13.81	14.87	13.81	14.60	1959055	56984132.000
08/13/2012	14.60	14.67	14.28	14.32	776042	22588574.000
08/14/2012	14.30	14.82	13.82	14.39	1139358	32546466.000
08/15/2012	14.30	14.45	13.90	14.10	416892	11901020.000
08/16/2012	14.10	14.72	13.90	13.94	1083462	31263000.000
08/17/2012	13.78	14.07	13.39	13.69	1126274	30942228.000
08/20/2012	13.65	14.22	13.42	13.99	1114638	31264372.000
08/21/2012	13.99	14.82	13.99	14.52	1244965	36131852.000
08/22/2012	14.52	15.39	14.40	15.13	1735904	52585212.000
08/23/2012	15.13	15.44	14.86	15.07	592389	17970312.000
08/24/2012	14.92	15.16	14.55	14.59	867187	25944242.000
08/27/2012	14.40	14.77	14.30	14.60	752570	21994440.000
08/28/2012	14.60	15.62	14.48	15.59	1012880	30693030.000
08/29/2012	15.59	15.84	15.25	15.28	872138	27201596.000
08/30/2012	15.14	15.27	13.74	14.01	2011822	57310812.000
08/31/2012	13.94	14.11	13.75	14.01	780496	21934458.000
09/03/2012	13.90	15.00	13.90	14.90	1025955	29870420.000
09/04/2012	14.93	15.08	14.40	14.62	887447	26392810.000
09/05/2012	14.62	15.00	14.47	14.80	515116	15312735.000
09/06/2012	14.85	15.07	13.60	14.05	1389285	39393620.000
09/07/2012	14.04	14.33	13.84	14.23	1254799	35725696.000
09/10/2012	14.24	14.38	14.05	14.23	848997	24342992.000
09/11/2012	14.25	14.33	13.65	13.99	1364357	38375060.000
09/12/2012	14.02	14.10	13.46	13.64	1396518	38419764.000
09/13/2012	13.59	13.82	13.16	13.32	1640209	44422332.000
09/14/2012	13.38	13.61	13.13	13.50	1176789	31561722.000
09/17/2012	13.51	13.64	12.77	12.80	1216441	32230768.000
09/18/2012	12.87	13.14	12.73	12.91	867991	22796384.000
09/19/2012	12.99	13.29	12.91	13.09	660675	17499582.000
09/20/2012	13.12	13.12	12.65	12.65	568573	14694475.000
09/21/2012	12.59	12.93	12.46	12.49	369737	9466019.000
09/24/2012	12.44	13.05	12.43	12.76	580640	14945177.000
09/25/2012	12.70	12.79	12.30	12.31	289503	7307529.500
09/26/2012	12.36	12.50	11.39	11.50	1136822	27010828.000
09/27/2012	11.59	12.07	11.42	11.85	651222	15465484.000
09/28/2012	11.83	12.22	11.60	12.15	347502	8449798.000
10/08/2012	12.10	12.62	12.10	12.56	476912	11983394.000
10/09/2012	12.63	13.26	12.47	13.22	764931	20027254.000
10/10/2012	13.22	13.38	13.00	13.37	494067	13178518.000
10/11/2012	13.10	13.31	13.01	13.24	650523	17256230.000
10/12/2012	13.22	13.62	11.90	11.90	2205925	55544124.000
10/15/2012	11.70	11.70	11.03	11.25	1324307	30104156.000
10/16/2012	11.18	11.52	11.18	11.32	565429	12967769.000
10/17/2012	11.34	11.51	11.06	11.38	553509	12600160.000
10/18/2012	11.29	11.54	11.29	11.52	457539	10609276.000
10/19/2012	11.56	11.56	11.36	11.51	191077	4410328.000
10/22/2012	11.40	11.59	11.40	11.52	291313	6764545.000
10/23/2012	11.61	11.61	11.25	11.25	352125	8083624.000
10/24/2012	11.19	11.33	10.90	10.95	424838	9466713.000
10/25/2012	10.95	11.25	10.90	11.19	311441	7040916.500
10/26/2012	11.19	11.32	11.05	11.29	175598	3960642.000
10/29/2012	11.25	11.55	11.25	11.47	316470	7328554.000
10/30/2012	11.47	11.55	11.26	11.43	262905	6084624.500
10/31/2012	11.40	11.40	10.91	11.15	640393	14425863.000
11/01/2012	11.19	11.89	11.12	11.53	968103	22654214.000
11/02/2012	11.45	11.69	11.45	11.49	620029	14481405.000
11/05/2012	11.54	11.82	11.20	11.21	429590	9913996.000
11/06/2012	11.15	11.19	10.85	10.94	629573	13899226.000
11/07/2012	10.91	11.00	10.76	10.76	323560	7081012.500
11/08/2012	10.74	10.81	10.60	10.60	217500	4701001.500
11/09/2012	10.51	10.65	10.28	10.30	550025	11550462.000
11/12/2012	10.24	10.77	10.20	10.50	532286	11306999.000
11/13/2012	10.50	10.69	10.42	10.58	312412	6647501.500
11/14/2012	10.35	10.79	10.35	10.55	178588	3817365.250
11/15/2012	10.40	10.60	10.40	10.52	246752	5236638.000
11/16/2012	10.45	10.87	10.45	10.64	342297	7380942.000
11/19/2012	10.67	10.67	10.45	10.63	114632	2439928.000
11/20/2012	10.75	10.95	10.55	10.80	377267	8213234.500
11/21/2012	10.89	11.10	10.72	10.99	343327	7573270.000
11/22/2012	10.91	10.91	10.67	10.67	125803	2733899.750
11/23/2012	10.66	10.74	10.64	10.72	161999	3494872.250
11/26/2012	10.75	10.75	10.41	10.41	216000	4578331.000
11/27/2012	10.40	10.40	9.70	9.70	376150	7494527.000
11/28/2012	9.65	9.70	9.07	9.51	776109	14842614.000
11/29/2012	9.40	9.79	9.40	9.45	318114	6238944.000
11/30/2012	9.49	9.71	9.38	9.61	250573	4859951.500
12/03/2012	9.60	9.76	9.35	9.60	221755	4289011.500
12/04/2012	9.60	9.65	9.35	9.60	225754	4326441.500
12/05/2012	9.69	10.57	9.60	10.57	717142	14799418.000
12/06/2012	10.68	10.72	10.40	10.42	285611	6068703.500
12/07/2012	10.43	10.55	10.38	10.44	614144	12968386.000
12/10/2012	10.46	11.08	10.36	11.02	688577	14893769.000
12/11/2012	10.94	11.19	10.70	11.19	1107251	24487748.000
12/12/2012	11.12	11.12	10.80	10.99	385744	8551010.000
12/13/2012	10.95	10.95	10.59	10.65	331305	7166347.000
12/14/2012	10.68	11.53	10.66	11.24	1082657	24186440.000
12/17/2012	11.24	11.33	11.00	11.08	439050	9887038.000
12/18/2012	10.95	11.12	10.79	10.88	576386	12739282.000
12/19/2012	10.74	10.95	10.71	10.94	290767	6369715.500
12/20/2012	10.94	11.14	10.71	11.08	448311	9902863.000
12/21/2012	11.15	11.33	10.73	11.24	890838	19866842.000
12/24/2012	11.25	12.05	11.12	11.80	1732594	40670552.000
12/25/2012	11.87	12.08	11.70	11.95	1166642	28031882.000
12/26/2012	12.12	12.55	12.12	12.30	1468388	36518800.000
12/27/2012	12.25	12.29	11.65	11.81	1599792	38268096.000
12/28/2012	11.84	11.87	11.49	11.81	643251	15112248.000
12/31/2012	11.75	12.09	11.72	11.90	1088703	26113358.000
01/04/2013	12.00	12.00	11.50	11.61	537677	12633978.000
01/07/2013	11.54	11.74	11.43	11.68	420731	9867512.000
01/08/2013	11.71	12.37	11.45	12.34	1320227	31917972.000
01/09/2013	12.20	12.44	11.85	12.40	1162531	28437772.000
01/10/2013	12.48	12.49	12.00	12.07	746134	18442058.000
01/11/2013	12.16	12.17	11.80	11.80	928440	22319210.000
01/14/2013	11.78	12.27	11.65	12.20	1120081	27181836.000
01/15/2013	12.16	12.62	12.00	12.56	1586256	39357652.000
01/16/2013	12.54	12.82	12.20	12.35	1227419	30861134.000
01/17/2013	12.22	12.37	12.00	12.02	494202	12115608.000
01/18/2013	12.02	12.12	11.21	11.65	2741059	63951112.000
01/21/2013	11.63	11.63	11.29	11.46	1527327	35029020.000
01/22/2013	11.60	11.90	11.36	11.49	1723009	40325840.000
01/23/2013	11.50	11.75	11.44	11.69	1166137	27323798.000
01/24/2013	11.70	12.22	11.30	11.46	1284798	30467214.000
01/25/2013	11.42	11.54	11.17	11.45	828597	19008174.000
01/28/2013	11.57	11.82	11.40	11.59	898849	20990198.000
01/29/2013	11.60	12.38	11.55	12.30	2555308	62144840.000
01/30/2013	12.30	12.58	12.00	12.42	2479956	61464460.000
01/31/2013	12.34	12.39	11.85	11.94	1358017	33043482.000
02/01/2013	11.91	12.20	11.77	11.84	974935	23451328.000
02/04/2013	11.80	11.97	11.30	11.43	1502299	34943588.000
02/05/2013	11.44	11.63	11.30	11.60	1000474	23220366.000
02/06/2013	11.63	11.69	11.55	11.65	745594	17482132.000
02/07/2013	11.64	11.77	11.47	11.75	676115	15903968.000
02/08/2013	11.65	12.44	11.65	12.39	2099480	51624008.000
02/18/2013	12.40	12.62	12.31	12.37	1256798	31596284.000
02/19/2013	12.35	12.59	12.23	12.44	1096906	27383072.000
02/20/2013	12.56	13.14	12.56	13.14	1970476	51380960.000
02/21/2013	13.10	13.50	12.84	13.25	2390160	63345892.000
02/22/2013	13.23	13.33	12.93	13.19	1332310	35183900.000
02/25/2013	13.14	13.18	12.85	13.12	965493	25248102.000
02/26/2013	13.05	13.75	12.96	13.14	2136026	57676300.000
02/27/2013	12.95	13.20	12.60	12.75	1235416	31874696.000
02/28/2013	12.60	13.00	12.60	12.90	690838	17849518.000
03/01/2013	13.10	13.27	12.80	13.18	766213	20197894.000
03/04/2013	13.07	13.15	12.71	13.02	981695	25567052.000
03/05/2013	12.90	13.60	12.81	13.49	1510491	40822936.000
03/06/2013	13.54	13.70	13.40	13.65	721200	19764194.000
03/07/2013	13.64	13.80	13.00	13.14	751401	20299902.000
03/08/2013	13.24	13.31	12.92	13.02	322816	8523540.000
03/11/2013	13.00	13.13	12.79	12.83	532176	13883234.000
03/12/2013	12.70	13.05	12.20	12.63	552789	14028235.000
03/13/2013	12.59	12.75	12.35	12.73	291236	7371888.500
03/14/2013	12.73	12.87	12.63	12.70	311656	8011616.000
03/15/2013	12.79	12.93	12.52	12.70	448229	11531596.000
03/18/2013	12.79	12.79	12.40	12.62	432228	10897674.000
03/19/2013	12.62	12.70	12.30	12.60	368119	9242563.000
03/20/2013	12.45	12.85	12.45	12.80	607922	15628098.000
03/21/2013	12.84	13.20	12.81	13.04	493692	12981761.000
03/22/2013	13.04	13.27	12.97	13.12	487990	12900089.000
03/25/2013	13.18	13.18	12.70	12.78	525229	13613582.000
03/26/2013	12.66	12.74	12.45	12.70	552165	13978797.000
03/27/2013	12.73	13.24	12.66	13.14	669287	17585154.000
03/28/2013	13.14	13.14	12.55	12.70	922851	23760052.000
03/29/2013	12.70	12.78	11.93	12.06	686670	16985126.000
04/01/2013	12.00	12.09	11.90	12.06	375174	9091090.000
04/02/2013	12.06	12.18	11.70	11.74	385389	9253624.000
04/03/2013	11.72	11.80	10.65	11.02	1596275	35663156.000
04/08/2013	10.85	11.30	10.76	11.24	1052155	23381262.000
04/09/2013	11.24	11.36	11.20	11.29	620792	14118833.000
04/10/2013	11.27	11.31	10.96	11.14	1047252	23593074.000
04/11/2013	11.14	11.14	11.03	11.06	142947	3196632.250
04/12/2013	11.03	11.17	11.00	11.16	268747	5997993.500
04/15/2013	11.13	11.15	10.91	11.11	286060	6358439.500
04/16/2013	10.94	11.30	10.84	11.30	236913	5304879.500
04/17/2013	11.15	11.55	11.15	11.53	312344	7179910.500
04/18/2013	11.54	11.56	11.42	11.52	180897	4203432.000
04/19/2013	11.52	11.79	11.45	11.70	411262	9684830.000
04/22/2013	11.58	12.12	11.52	12.12	604699	14550622.000
04/23/2013	12.09	12.09	11.65	11.85	440208	10475117.000
04/24/2013	11.70	12.34	11.55	12.31	1001202	24182054.000
04/25/2013	12.20	12.56	12.07	12.25	644580	15990944.000
04/26/2013	12.13	12.30	11.80	12.00	474812	11532825.000
05/02/2013	11.88	12.29	11.88	12.20	216927	5303840.000
05/03/2013	12.27	12.49	12.22	12.32	285131	7095143.500
05/06/2013	12.35	12.85	12.35	12.57	952520	24202078.000
05/07/2013	12.59	12.76	12.21	12.49	649679	16359316.000
05/08/2013	12.43	12.84	12.35	12.80	630749	16053346.000
05/09/2013	12.82	13.15	12.59	13.06	813861	21191530.000
05/10/2013	13.06	13.16	12.75	12.75	572802	14888868.000
05/13/2013	12.64	13.55	12.64	13.40	1044524	27637298.000
05/14/2013	13.39	13.40	12.90	13.14	729668	19353730.000
05/15/2013	13.19	13.89	13.03	13.83	1403803	38512952.000
05/16/2013	13.80	14.15	13.64	13.87	2636160	74222392.000
05/17/2013	13.85	14.90	13.71	14.84	1804718	52520996.000
05/20/2013	15.41	15.84	15.05	15.62	2762779	86177576.000
05/21/2013	15.40	15.59	14.84	15.27	3155474	96180984.000
05/22/2013	15.30	15.30	14.36	14.48	1545337	45849820.000
05/23/2013	14.48	15.31	14.29	14.47	1703509	50681832.000
05/24/2013	14.53	15.48	14.53	15.34	1877925	56477764.000
05/27/2013	15.25	16.34	15.25	16.00	1875997	60200992.000
05/28/2013	16.02	16.02	14.98	15.17	1026573	31611528.000
05/29/2013	15.23	15.50	14.90	15.50	888528	27230722.000
05/30/2013	15.33	15.43	14.97	15.31	962879	29461604.000
05/31/2013	15.40	15.91	15.25	15.50	1126771	35302636.000
06/03/2013	15.80	17.06	15.60	15.90	4365172	143872384.000
06/04/2013	15.60	16.30	14.30	14.30	2460998	73959584.000
06/05/2013	14.27	14.54	13.95	14.27	1166421	33469926.000
06/06/2013	14.27	14.80	14.12	14.34	1061047	30933226.000
06/07/2013	14.27	14.62	13.92	14.01	1106228	15689899.000
06/13/2013	13.77	13.77	12.63	13.59	2593504	34385956.000
06/14/2013	13.50	14.95	13.26	14.85	2928077	42445880.000
06/17/2013	15.20	16.16	15.04	15.08	3509382	54483040.000
06/18/2013	14.98	15.91	14.67	15.77	10648012	162965424.000
06/19/2013	15.67	15.95	15.08	15.86	8057703	125136264.000
06/20/2013	15.87	16.84	15.54	16.21	8539762	139482784.000
06/21/2013	15.77	17.83	15.27	17.83	11600473	200567920.000
06/24/2013	18.07	19.36	17.57	18.39	17274964	319339168.000
06/25/2013	17.66	17.67	16.55	17.23	19743853	338041984.000
06/26/2013	16.76	18.34	16.75	18.02	15650870	276031328.000
06/27/2013	17.69	18.62	17.01	18.13	16261102	287398752.000
06/28/2013	17.28	18.13	16.31	16.31	10304094	175145456.000
07/01/2013	15.68	16.30	15.34	16.26	9379387	148128816.000
07/02/2013	16.28	16.85	16.15	16.46	8796767	145101952.000
07/03/2013	16.28	16.70	15.45	16.30	7377102	118982208.000
07/04/2013	16.07	16.15	15.43	15.43	6850244	108368376.000
07/05/2013	15.17	16.41	15.04	15.59	7371845	116793664.000
07/08/2013	15.17	15.97	14.37	14.61	5091360	76820120.000
07/09/2013	14.02	14.60	14.02	14.45	4769536	68333120.000
07/10/2013	14.52	15.02	14.47	14.60	4530205	66945204.000
07/11/2013	14.61	15.07	14.33	14.76	4962382	73113104.000
07/12/2013	14.80	15.52	14.74	14.95	5435510	82736136.000
07/15/2013	15.13	15.76	15.07	15.65	5484287	85208032.000
07/16/2013	15.97	16.14	15.48	16.13	5686856	89991720.000
07/17/2013	16.06	17.62	15.92	16.57	8615192	143984048.000
07/18/2013	16.29	17.95	16.29	17.95	12110973	209572544.000
07/19/2013	17.67	18.60	16.85	16.87	11615016	207246544.000
07/22/2013	16.47	17.52	16.27	17.51	6816309	116262168.000
07/23/2013	17.49	18.01	17.03	17.66	8387958	147636464.000
07/24/2013	17.57	17.97	16.98	17.81	8244483	144688944.000
07/25/2013	17.81	17.86	16.03	16.03	8029235	133829320.000
07/26/2013	15.98	16.23	15.17	15.54	4664644	73003584.000
07/29/2013	15.52	15.52	14.85	15.11	2765103	42129888.000
07/30/2013	15.11	15.40	14.22	14.68	2836765	41989684.000
07/31/2013	14.57	15.37	14.57	15.05	2688810	40665096.000
08/01/2013	15.12	15.87	15.05	15.78	3209713	50181232.000
08/02/2013	15.95	16.72	15.79	16.14	3861697	63090388.000
08/05/2013	15.99	16.96	15.99	16.95	3869710	64328244.000
08/06/2013	16.87	16.89	16.49	16.77	3233566	54124112.000
08/07/2013	16.62	16.62	15.28	15.42	5423846	85438448.000
08/08/2013	16.00	16.97	15.97	16.97	8231454	138254240.000
08/09/2013	17.68	17.79	16.67	16.87	11808502	204599232.000
08/12/2013	16.33	16.66	15.80	16.03	7879304	127149296.000
08/13/2013	15.87	16.41	15.85	16.12	4883171	79162632.000
08/14/2013	16.26	16.40	15.59	16.12	4681001	75135512.000
08/15/2013	16.08	16.85	15.93	16.57	6644130	109473600.000
08/16/2013	16.32	17.45	15.85	16.52	9604267	160474032.000
08/19/2013	16.54	17.23	16.25	17.23	8291590	140914208.000
08/20/2013	17.00	18.32	16.92	17.94	13360026	235827840.000
08/21/2013	17.77	18.34	17.58	17.82	7697971	138175936.000
08/22/2013	17.92	18.17	17.29	17.68	8123301	144129920.000
08/23/2013	17.86	17.95	16.68	17.10	7056653	122546552.000
08/26/2013	18.17	18.81	18.08	18.17	14843175	275446880.000
08/27/2013	18.17	19.97	17.97	19.40	16455668	311406336.000
08/28/2013	18.78	19.27	18.47	18.54	10434431	196597776.000
08/29/2013	18.54	18.71	17.97	18.33	4903491	89602760.000
08/30/2013	18.33	18.35	16.49	16.57	6942321	120393040.000
09/02/2013	16.57	17.02	16.38	16.82	3691025	61813800.000
09/03/2013	16.84	17.22	16.80	17.17	3928580	66865988.000
09/04/2013	17.09	17.54	16.67	17.50	4287070	73631920.000
09/05/2013	17.39	17.75	17.09	17.44	3455028	60447912.000
09/06/2013	17.31	17.61	16.92	17.35	3521527	60805980.000
09/09/2013	17.47	18.06	17.22	18.00	4618209	81401000.000
09/10/2013	18.02	18.47	17.68	18.09	5396678	97613064.000
09/11/2013	18.02	18.02	16.72	17.11	3845198	66097616.000
09/12/2013	17.02	17.45	16.67	16.87	2576877	43876808.000
09/13/2013	16.84	17.11	16.63	16.96	2259448	38326428.000
09/16/2013	16.87	17.32	16.78	17.11	2823363	48348684.000
09/17/2013	17.32	17.75	17.07	17.16	3865357	67444224.000
09/18/2013	16.77	17.07	16.35	16.76	3223213	53470288.000
09/23/2013	16.90	17.68	16.89	17.61	4039790	70103280.000
09/24/2013	17.42	17.74	17.18	17.27	3897531	68092760.000
09/25/2013	17.24	17.40	16.76	16.83	2774251	47206800.000
09/26/2013	16.82	16.94	16.34	16.39	1926497	32135518.000
09/27/2013	16.39	16.72	16.37	16.46	1671426	27603784.000
09/30/2013	16.62	16.87	16.49	16.57	1475235	24616096.000
10/08/2013	16.56	17.12	16.50	17.06	2561427	43398036.000
10/09/2013	17.06	17.77	16.90	17.73	4964776	86904976.000
10/10/2013	17.67	17.77	16.98	17.11	3901305	68056248.000
10/11/2013	17.20	17.50	17.04	17.36	3289207	56951236.000
10/14/2013	17.30	17.63	17.17	17.52	2807026	49071120.000
10/15/2013	17.02	17.07	16.16	16.27	5863036	97148696.000
10/16/2013	16.36	16.40	15.47	15.58	2436746	38669880.000
10/17/2013	15.60	15.87	15.15	15.45	1678336	26158452.000
10/18/2013	15.50	15.90	15.38	15.79	1465965	23025036.000
10/21/2013	15.92	16.40	15.84	16.35	2271708	37011100.000
10/22/2013	16.52	16.52	15.42	15.43	2941233	46609920.000
10/23/2013	15.48	15.48	14.21	14.43	4499135	65708792.000
10/24/2013	14.50	14.66	14.32	14.58	1801853	26235392.000
10/25/2013	14.63	14.63	13.86	13.96	2009239	28493480.000
10/28/2013	14.02	14.21	13.71	14.18	1050895	14731118.000
10/29/2013	14.15	14.17	12.82	13.20	2159010	28889400.000
10/30/2013	13.21	13.81	13.05	13.70	1471404	19847498.000
10/31/2013	13.65	13.68	13.17	13.37	1211976	16321859.000
11/01/2013	13.35	13.65	13.22	13.49	1070270	14449059.000
11/04/2013	13.42	13.72	13.33	13.65	1008680	13751652.000
11/05/2013	13.50	13.86	13.29	13.84	1158713	15842633.000
11/06/2013	13.91	14.41	13.80	14.29	2664537	38024588.000
11/07/2013	14.28	14.36	13.87	13.91	1092786	15426489.000
11/08/2013	13.77	13.98	13.44	13.49	1113772	15171349.000
11/11/2013	13.56	13.87	13.28	13.74	697063	9536881.000
11/12/2013	13.85	14.05	13.75	13.99	774295	10808607.000
11/13/2013	15.39	15.39	15.39	15.39	2061923	31794852.000
11/14/2013	15.97	16.93	15.65	16.93	12471920	205771744.000
11/15/2013	18.60	18.63	18.23	18.63	13863897	258425312.000
11/18/2013	19.77	20.50	19.23	20.50	11859205	240212128.000
11/19/2013	20.77	21.45	19.40	19.64	21867974	439092480.000
11/20/2013	19.16	20.46	19.06	19.79	17763528	354355040.000
11/21/2013	19.07	19.12	18.21	18.88	14884520	277869504.000
11/22/2013	18.57	19.47	18.52	18.57	11776289	223890080.000
11/25/2013	18.35	18.74	17.75	18.57	7229795	132250280.000
11/26/2013	18.45	19.55	18.33	18.77	12200796	232471696.000
11/27/2013	18.90	19.16	18.13	18.96	8377447	156953680.000
11/28/2013	18.96	19.29	18.57	18.86	7170869	135611584.000
11/29/2013	18.86	19.64	18.37	19.12	9575283	183511744.000
12/02/2013	17.47	17.93	17.21	17.21	5169706	90029432.000
12/03/2013	15.49	16.25	15.49	15.95	10936528	172487984.000
12/04/2013	15.97	16.57	15.72	15.72	6620455	107572328.000
12/05/2013	15.58	16.23	15.58	15.86	4410300	70509224.000
12/06/2013	15.84	16.33	15.67	16.13	3676099	59091000.000
12/09/2013	16.19	16.40	15.92	16.30	3960522	64476992.000
12/10/2013	16.35	16.45	15.57	15.87	3929797	62667012.000
12/11/2013	15.95	16.25	15.70	16.06	3410199	54604656.000
12/12/2013	16.06	16.32	15.98	16.13	3632338	58780728.000
12/13/2013	16.07	16.46	15.90	15.97	3534239	57144296.000
12/16/2013	15.91	16.37	15.73	16.10	3778054	60803520.000
12/17/2013	15.90	16.10	15.37	15.60	2911272	45707460.000
12/18/2013	15.60	15.77	15.20	15.26	2111767	32546762.000
12/19/2013	15.12	15.50	15.12	15.14	1840859	28212502.000
12/20/2013	15.17	15.42	14.98	15.20	2558675	38935392.000
12/23/2013	15.21	15.21	14.25	14.98	2720683	40483192.000
12/24/2013	14.94	15.95	14.87	15.46	3278563	51068472.000
12/25/2013	15.37	16.23	15.30	16.21	3854376	61703644.000
12/26/2013	16.27	16.84	16.02	16.07	5574291	91895064.000
12/27/2013	16.15	16.69	15.97	16.60	4413506	72948256.000
12/30/2013	16.77	17.74	16.69	17.52	7061318	123438760.000
12/31/2013	17.23	17.38	16.69	17.17	4902199	83596984.000
01/02/2014	17.34	17.56	17.05	17.32	2901367	50253856.000
01/03/2014	17.16	17.54	16.73	17.18	3358677	57766364.000
01/06/2014	16.97	17.18	15.56	16.18	2819473	46916776.000
01/07/2014	16.07	16.73	16.07	16.63	1902813	31248242.000
01/08/2014	16.63	18.30	16.63	18.30	8502572	152709568.000
01/09/2014	18.30	18.96	17.64	17.68	11808923	218568240.000
01/10/2014	17.54	18.61	17.50	17.86	5540381	100398360.000
01/13/2014	17.87	18.37	17.78	18.11	3460478	62772588.000
01/14/2014	17.91	18.57	17.49	18.57	5281944	96320248.000
01/15/2014	18.37	18.74	18.07	18.26	5178785	94906824.000
01/16/2014	18.49	19.25	18.15	18.15	6743849	126320648.000
01/17/2014	17.77	18.47	17.55	18.11	4260891	76823776.000
01/20/2014	17.95	18.37	17.57	17.75	3191258	57287716.000
01/21/2014	17.60	18.21	17.60	18.19	3628468	65286492.000
01/22/2014	18.65	19.47	18.39	18.89	9764860	185032128.000
01/23/2014	18.77	20.78	18.47	20.31	13853247	278672128.000
01/24/2014	19.92	20.41	19.69	20.04	7555558	151466928.000
01/27/2014	20.35	21.17	19.82	20.49	7570008	155166672.000
01/28/2014	20.12	20.12	18.79	19.30	6738527	130709040.000
01/29/2014	19.27	20.41	19.07	20.37	5357330	105676760.000
01/30/2014	20.15	21.87	19.97	21.17	6726870	142211584.000
02/07/2014	20.95	21.82	20.48	21.52	4119680	88007568.000
02/10/2014	21.37	22.42	20.89	22.27	7016552	152362288.000
02/11/2014	21.97	22.38	20.81	21.96	6378420	138568896.000
02/12/2014	21.82	22.26	21.30	21.96	3681887	80582840.000
02/13/2014	21.77	21.77	19.87	20.12	5634445	117567528.000
02/14/2014	20.22	20.43	19.39	20.19	3965546	79387208.000
02/17/2014	20.40	22.21	20.22	22.21	8594373	185848960.000
02/18/2014	22.21	23.40	22.02	22.83	10594778	241233856.000
02/19/2014	22.65	24.48	22.37	23.72	9789007	230807136.000
02/20/2014	23.72	23.72	22.56	22.79	6233851	143070640.000
02/21/2014	22.89	23.60	22.47	22.93	4560600	105745792.000
02/24/2014	22.78	23.51	21.77	23.36	4430270	100215144.000
02/25/2014	23.37	24.35	21.02	21.47	6057580	137634608.000
02/26/2014	20.97	21.52	19.77	21.32	3945114	81965848.000
02/27/2014	21.05	22.12	20.18	20.48	4067610	87343216.000
02/28/2014	22.53	22.53	21.45	22.27	9722918	216731680.000
03/03/2014	22.17	23.85	21.48	23.11	8742657	198822016.000
03/04/2014	22.47	22.72	21.67	21.93	6091956	135313840.000
03/05/2014	21.94	22.49	21.27	21.39	3472419	76182376.000
03/06/2014	21.27	21.27	19.97	20.77	3632824	75166656.000
03/07/2014	20.87	21.13	20.17	20.59	2326730	48140408.000
03/10/2014	20.47	20.47	19.38	19.53	3359476	66504836.000
03/11/2014	19.53	19.94	19.14	19.78	2264888	44292740.000
03/12/2014	19.74	20.12	19.07	19.52	2148495	42012564.000
03/13/2014	19.52	20.45	19.35	20.38	3325083	66463724.000
03/14/2014	19.99	20.48	19.67	19.67	3052067	61279388.000
03/17/2014	19.76	20.27	19.28	20.24	2843625	56513428.000
03/18/2014	20.26	20.93	20.23	20.30	3180513	65412892.000
03/19/2014	20.27	20.27	19.64	19.90	1682339	33437444.000
03/20/2014	19.88	20.26	18.97	18.97	2433114	47979340.000
03/21/2014	18.65	19.32	18.13	19.07	2413780	44973724.000
03/24/2014	19.07	19.36	18.72	18.97	1944290	37090580.000
03/25/2014	18.82	19.17	18.36	18.52	1631467	30523316.000
03/26/2014	18.57	19.17	18.57	18.91	1523971	28846820.000
03/27/2014	18.97	18.97	17.97	18.04	2015167	36956060.000
03/28/2014	17.93	18.28	16.69	17.12	2676264	46471756.000
03/31/2014	16.76	17.47	16.76	17.07	1145695	19703304.000
04/01/2014	17.27	17.71	17.08	17.35	1656636	28900856.000
04/02/2014	17.50	17.53	16.99	17.10	1380944	23754532.000
04/03/2014	17.18	17.70	17.05	17.70	2030078	35598272.000
04/04/2014	17.56	17.94	17.47	17.86	1954008	34790216.000
04/08/2014	17.67	17.86	17.54	17.78	1555743	27580506.000
04/09/2014	17.85	18.47	17.76	18.39	2306361	42207960.000
04/10/2014	18.58	18.83	18.46	18.48	2872348	53627392.000
04/11/2014	18.08	18.38	17.77	17.96	1921642	34529292.000
04/14/2014	17.77	19.37	17.76	19.37	4297528	80874968.000
04/15/2014	19.35	19.42	18.87	19.33	2749024	52773160.000
04/16/2014	19.36	19.85	18.58	18.75	3713053	70734768.000
04/17/2014	18.95	18.96	18.45	18.72	1320569	24736516.000
04/18/2014	18.80	19.27	18.69	19.14	1459862	27703090.000
04/21/2014	18.93	19.31	18.47	18.48	1959063	37158184.000
04/22/2014	18.48	18.66	17.30	17.87	1923751	34566460.000
04/23/2014	17.72	17.82	17.47	17.72	1192103	21050700.000
04/24/2014	17.72	18.12	17.60	17.80	1268816	22735294.000
04/25/2014	17.90	17.97	16.79	16.94	1234098	21444772.000
04/28/2014	16.87	17.00	15.86	16.06	1464248	23862368.000
04/29/2014	16.06	16.51	16.06	16.45	1271740	20807314.000
04/30/2014	16.71	16.86	16.46	16.67	580710	9699743.000
05/05/2014	16.67	17.20	16.48	17.20	907556	15315355.000
05/06/2014	17.22	17.55	17.08	17.32	1110047	19298626.000
05/07/2014	17.32	17.32	16.59	16.65	1027609	17428234.000
05/08/2014	16.57	17.46	16.53	16.72	1454061	24833446.000
05/09/2014	16.64	16.94	16.23	16.37	944340	15549436.000
05/12/2014	16.57	17.07	16.44	16.89	1076852	18097848.000
05/13/2014	16.87	17.30	16.84	17.00	1154256	19751342.000
05/14/2014	17.05	17.05	16.80	17.04	587729	9968844.000
05/15/2014	16.97	17.25	16.60	16.60	924734	15726774.000
05/16/2014	16.65	17.17	16.28	16.95	1164055	19422752.000
05/19/2014	16.87	17.15	16.62	16.91	839143	14155345.000
05/20/2014	17.06	17.81	17.06	17.81	3322550	58202844.000
05/21/2014	17.57	17.89	17.35	17.76	2683506	47299956.000
05/22/2014	17.77	18.42	17.58	18.15	3866417	70001984.000
05/23/2014	18.85	19.63	18.48	19.28	6572314	125284608.000
05/26/2014	18.96	19.55	18.89	19.17	5038730	96717680.000
05/27/2014	19.13	20.17	19.02	19.05	5891198	115533992.000
05/28/2014	19.19	19.85	18.96	19.70	5117114	100125768.000
05/29/2014	19.74	19.87	18.87	19.12	3921062	75747416.000
05/30/2014	19.12	19.98	18.61	19.98	5840993	113969256.000
06/03/2014	19.77	19.91	19.29	19.32	3166642	62028052.000
06/04/2014	19.27	19.75	19.16	19.39	2620320	51020824.000
06/05/2014	19.36	19.62	18.87	19.61	2431716	47093868.000
06/06/2014	19.61	19.82	19.11	19.21	2357442	46119844.000
06/09/2014	18.97	18.97	18.38	18.38	2395018	44762988.000
06/10/2014	18.30	18.85	18.16	18.73	2462131	45892088.000
06/11/2014	18.63	18.92	18.63	18.79	2048352	38510424.000
06/12/2014	18.80	18.92	18.46	18.71	1774557	33125180.000
06/13/2014	18.62	20.58	18.52	19.77	5771819	113839376.000
06/16/2014	19.71	20.07	19.55	19.84	3536147	70366488.000
06/17/2014	19.81	20.45	19.72	20.08	4357487	87556120.000
06/18/2014	20.09	20.19	19.35	19.37	2653223	52400188.000
06/19/2014	19.28	19.51	17.68	18.09	3564656	66189948.000
06/20/2014	17.90	18.62	17.89	18.53	2031856	37200584.000
06/23/2014	18.47	19.45	18.38	18.88	2008214	38277112.000
06/24/2014	19.00	19.34	18.81	19.00	1400168	26614658.000
06/25/2014	19.10	19.10	18.38	18.77	1314594	24482522.000
06/26/2014	18.90	19.74	18.80	19.53	3629608	70782232.000
06/27/2014	19.70	20.28	19.45	19.83	4478743	88980344.000
06/30/2014	19.90	20.28	19.47	20.26	3969188	79124816.000
07/01/2014	20.20	21.18	20.04	20.78	5501982	114006152.000
07/02/2014	20.78	21.15	20.31	20.67	3139898	64876512.000
07/03/2014	20.70	20.90	20.18	20.29	2815188	57876116.000
07/04/2014	20.35	20.98	20.28	20.41	2683987	55366180.000
07/07/2014	20.46	21.26	20.00	21.15	3949978	81356464.000
07/08/2014	20.81	21.50	20.80	21.42	4183968	88674336.000
07/09/2014	21.30	21.35	20.38	20.47	2872374	60066608.000
07/10/2014	20.35	20.78	20.06	20.08	1728425	35382972.000
07/11/2014	20.40	20.48	19.93	20.40	1621105	32793150.000
07/14/2014	20.31	20.68	20.00	20.55	1625346	33083208.000
07/15/2014	20.72	21.17	20.22	20.90	3044417	63254120.000
07/16/2014	20.80	21.97	20.70	21.42	5305656	113871168.000
07/17/2014	21.15	21.15	19.60	19.84	5617602	114327632.000
07/18/2014	19.83	20.29	19.60	19.80	2835602	56581476.000
07/21/2014	19.82	20.20	19.20	20.20	2237248	44068108.000
07/22/2014	20.12	20.28	19.78	20.08	2348161	47161656.000
07/23/2014	20.30	20.40	19.21	19.40	2569056	50832436.000
07/24/2014	19.22	19.31	18.38	19.26	2570756	48579996.000
07/25/2014	19.26	19.45	19.00	19.30	1505817	28951140.000
07/28/2014	19.43	19.83	19.16	19.70	1800675	35211316.000
07/29/2014	19.65	20.16	19.65	19.82	2087349	41604452.000
07/30/2014	19.90	20.36	19.71	20.21	2491323	50002700.000
07/31/2014	20.01	20.19	19.85	20.06	1689452	33841344.000
08/01/2014	19.90	20.39	19.90	20.14	2670646	53916428.000
08/04/2014	20.52	21.00	20.18	20.33	1770190	36301232.000
08/05/2014	20.25	20.85	19.92	20.50	3394949	69388208.000
08/06/2014	20.35	20.67	20.22	20.29	2661460	54413424.000
08/07/2014	20.28	21.15	20.22	21.05	5260275	109432376.000
08/08/2014	21.10	21.47	20.80	20.80	5699753	120431224.000
08/11/2014	20.75	21.30	20.63	21.25	3410115	71423272.000
08/12/2014	21.40	21.92	21.35	21.48	5339979	115650104.000
08/13/2014	21.58	22.84	21.18	22.27	6643556	147174240.000
08/14/2014	22.21	23.55	22.16	22.96	8223169	189686544.000
08/15/2014	23.07	24.40	22.77	24.19	8927719	213267824.000
08/18/2014	24.27	24.55	23.77	24.22	7723163	186154096.000
08/19/2014	24.59	25.18	24.01	24.39	7259352	178872480.000
08/20/2014	24.40	24.43	23.65	24.34	4924912	118439928.000
08/21/2014	24.28	24.55	23.69	24.02	4071716	97763856.000
08/22/2014	24.00	26.27	23.96	25.20	5457831	136120048.000
08/25/2014	25.40	27.29	25.03	26.06	6354994	166847488.000
08/26/2014	25.76	26.28	25.11	25.76	4114886	105680640.000
08/27/2014	25.75	27.36	25.53	26.65	4507623	120787984.000
08/28/2014	26.78	27.00	25.74	26.55	4002921	105219480.000
08/29/2014	26.46	27.46	26.10	26.85	3633355	97392048.000
09/01/2014	26.91	29.54	26.88	29.54	9041545	261697664.000
09/02/2014	29.70	30.18	28.80	30.00	6988319	206369824.000
09/03/2014	30.00	30.99	29.50	30.68	5144554	154906080.000
09/04/2014	30.88	32.50	30.12	30.70	5336307	165376176.000
09/05/2014	30.15	30.15	28.86	29.59	8533015	250656448.000
09/09/2014	29.61	30.50	29.21	29.56	7464397	223024320.000
09/10/2014	29.41	30.49	29.01	30.42	5033299	151436096.000
09/11/2014	30.26	30.67	29.50	29.95	4642922	139404752.000
09/12/2014	30.00	30.70	29.76	30.40	2948463	89125304.000
09/15/2014	30.53	31.99	30.20	31.58	4794774	149950400.000
09/16/2014	31.21	32.80	31.00	31.62	4648989	146961200.000
09/17/2014	31.61	31.68	29.51	31.10	3879212	119080064.000
09/18/2014	31.00	31.00	29.64	29.93	3035227	91149728.000
09/19/2014	29.94	32.92	29.94	32.72	6909233	222884224.000
09/22/2014	33.00	34.50	31.80	31.84	6803135	222900992.000
09/23/2014	31.50	33.10	31.00	32.77	4970197	159272560.000
09/24/2014	32.30	34.19	32.03	33.50	4848951	161982000.000
09/25/2014	33.57	36.85	33.57	35.98	7104636	255455872.000
09/26/2014	36.20	36.85	34.90	36.60	4299366	154858480.000
09/29/2014	37.09	39.46	36.85	37.90	4276980	162346512.000
09/30/2014	37.99	38.50	37.30	38.45	3808050	144233312.000
10/08/2014	39.45	39.68	37.49	38.05	5512106	210760848.000
10/09/2014	38.05	38.18	36.34	37.14	4636422	170990240.000
10/10/2014	37.06	37.06	35.31	35.91	7051800	253511648.000
数据来源:通达信
