300162 雷曼光电 日线
      日期	    开盘	    最高	    最低	    收盘	    成交量	    成交额
01/13/2011	23.05	23.55	20.50	20.66	9367798	408793952.000
01/14/2011	20.55	21.18	20.13	20.75	4015664	170745616.000
01/17/2011	20.55	21.24	19.12	21.15	3497405	143744912.000
01/18/2011	20.87	20.93	20.30	20.50	2109883	88990912.000
01/19/2011	20.50	21.15	19.71	21.15	2818124	116985496.000
01/20/2011	20.64	20.68	19.96	19.97	2257893	94133088.000
01/21/2011	19.55	19.85	19.16	19.33	1449436	57754172.000
01/24/2011	19.27	19.64	18.50	18.50	1331717	51521804.000
01/25/2011	18.25	18.50	18.04	18.23	819847	30567916.000
01/26/2011	18.33	19.16	18.23	19.05	1072035	41414760.000
01/27/2011	18.90	19.25	18.58	19.13	663870	25785806.000
01/28/2011	19.25	20.24	19.20	20.03	1147493	46268752.000
01/31/2011	19.81	20.33	19.43	19.85	1044041	42620524.000
02/01/2011	19.90	20.15	19.59	19.95	536193	21783718.000
02/09/2011	19.99	20.31	19.34	19.48	651468	26432918.000
02/10/2011	19.55	20.29	19.31	20.18	873522	35721356.000
02/14/2011	20.37	20.50	19.99	20.19	1398100	57812216.000
02/15/2011	20.23	20.29	19.99	20.02	909077	37393228.000
02/16/2011	19.89	20.45	19.81	20.38	976067	40337616.000
02/17/2011	20.55	20.55	19.99	20.15	897005	37098216.000
02/18/2011	19.98	20.39	19.90	20.02	876274	36050336.000
02/21/2011	20.00	20.93	19.90	20.70	1227931	51409244.000
02/22/2011	20.65	20.79	19.45	19.45	1467027	60186528.000
02/23/2011	19.39	19.82	19.36	19.68	624071	24996970.000
02/24/2011	19.69	20.31	19.68	20.25	1388443	56957148.000
02/25/2011	20.25	20.26	19.85	19.89	603656	24671918.000
02/28/2011	19.93	20.19	19.66	20.05	560509	22962926.000
03/01/2011	20.05	20.40	19.96	20.25	615428	25403774.000
03/02/2011	20.06	20.17	19.63	19.90	481157	19521234.000
03/03/2011	19.90	19.90	19.21	19.23	909183	36319596.000
03/04/2011	19.23	19.50	19.12	19.42	558259	21963416.000
03/07/2011	19.43	19.54	19.32	19.49	463327	18431384.000
03/08/2011	19.41	19.53	19.30	19.48	371424	14758910.000
03/09/2011	19.45	19.74	19.26	19.68	516905	20618372.000
03/10/2011	19.60	20.35	19.56	20.19	1417820	58424936.000
03/11/2011	20.24	20.68	20.06	20.48	1116070	46525644.000
03/14/2011	20.45	21.67	20.25	21.45	1609924	70000152.000
03/15/2011	21.30	21.34	20.61	21.04	1122962	47846512.000
03/16/2011	21.01	21.17	20.62	20.75	952012	40445780.000
03/17/2011	20.85	21.19	20.14	20.25	809406	34228632.000
03/18/2011	20.49	20.69	20.21	20.38	431022	17942296.000
03/21/2011	20.42	20.55	20.16	20.38	334065	13890686.000
03/22/2011	20.45	20.54	19.80	19.90	554387	22653244.000
03/23/2011	19.90	20.27	19.86	20.17	490849	20242068.000
03/24/2011	20.30	20.49	20.06	20.18	317728	13168948.000
03/25/2011	20.19	20.49	20.16	20.37	542350	22552830.000
03/28/2011	20.48	20.73	19.72	19.76	677105	27921766.000
03/29/2011	19.77	19.80	18.96	19.27	695553	27321362.000
03/30/2011	18.60	18.60	18.12	18.26	851984	31999204.000
03/31/2011	18.16	18.47	17.57	17.71	752165	27675960.000
04/01/2011	17.80	18.00	17.64	17.93	420608	15351748.000
04/06/2011	17.83	17.83	17.57	17.63	360585	13070330.000
04/07/2011	17.55	17.98	17.51	17.90	562493	20450838.000
04/08/2011	17.94	18.00	17.77	17.99	400881	14712081.000
04/11/2011	17.99	18.15	17.46	17.55	544728	19800904.000
04/12/2011	17.60	17.62	16.96	17.04	1037664	36586964.000
04/13/2011	17.10	17.38	17.01	17.27	577740	20423314.000
04/14/2011	17.27	17.35	17.17	17.25	359433	12724594.000
04/15/2011	17.25	17.33	16.73	16.81	613312	21281672.000
04/18/2011	16.94	16.94	16.52	16.65	896264	30558348.000
04/19/2011	16.64	16.90	16.53	16.79	708470	24334184.000
04/21/2011	16.82	17.19	16.82	17.01	570034	19927244.000
04/22/2011	17.01	17.01	16.66	16.90	406731	14030364.000
04/25/2011	15.61	15.84	15.17	15.17	1676499	52663472.000
04/26/2011	14.66	14.66	14.30	14.40	839185	24951874.000
04/27/2011	14.40	14.48	13.19	13.50	1955099	55522188.000
04/28/2011	13.55	13.55	13.06	13.16	967402	26541604.000
04/29/2011	13.14	13.33	13.10	13.28	520002	14208876.000
05/03/2011	13.29	13.30	13.10	13.30	603556	16487225.000
05/04/2011	13.28	13.28	12.90	12.92	534734	14397518.000
05/05/2011	12.90	13.10	12.73	12.97	477042	12787819.000
05/06/2011	12.91	13.14	12.80	13.04	390325	10504728.000
05/09/2011	13.05	13.33	13.01	13.12	623493	16971118.000
05/10/2011	13.16	13.16	12.94	13.09	376507	10151441.000
05/11/2011	13.13	13.39	13.00	13.33	708806	19367452.000
05/12/2011	13.23	13.27	12.89	12.90	532765	14413725.000
05/13/2011	12.95	13.08	12.82	12.90	385421	10293253.000
05/16/2011	12.80	12.94	12.80	12.86	328106	8746461.000
05/17/2011	12.92	12.92	12.52	12.66	456284	11959560.000
05/18/2011	12.66	12.74	12.61	12.62	361873	9485746.000
05/19/2011	12.64	12.72	12.47	12.50	391272	10200178.000
05/20/2011	12.50	12.53	12.09	12.21	495466	12657058.000
05/23/2011	12.20	12.20	11.55	11.55	623491	15280565.000
05/24/2011	11.46	12.62	11.44	12.35	1239492	30952384.000
05/25/2011	12.21	12.35	11.77	11.78	533226	13298067.000
05/26/2011	11.81	12.00	11.64	11.66	307028	7508981.500
05/27/2011	11.70	11.84	11.47	11.68	379921	9198866.000
05/30/2011	11.68	12.09	11.57	11.88	458857	11349642.000
05/31/2011	11.88	12.20	11.82	12.15	478163	11965225.000
06/02/2011	11.95	12.05	11.67	11.84	436205	10704596.000
06/03/2011	11.78	12.05	11.72	11.98	320454	7949504.000
06/07/2011	12.00	12.10	11.91	12.01	271186	6749987.500
06/08/2011	12.01	12.01	11.70	11.94	232607	5711328.500
06/09/2011	11.83	11.94	11.66	11.67	273786	6676106.000
06/10/2011	11.63	11.71	11.43	11.61	230462	5534351.500
06/13/2011	11.48	11.70	11.35	11.68	180145	4329301.000
06/14/2011	11.68	11.83	11.65	11.81	204044	4992060.500
06/15/2011	11.81	12.00	11.60	11.61	278078	6781169.500
06/16/2011	11.56	11.64	11.38	11.39	247765	5890903.500
06/17/2011	11.47	11.75	11.40	11.53	459204	11068199.000
06/20/2011	11.60	11.76	11.48	11.67	362206	8745127.000
06/21/2011	11.74	11.80	11.37	11.53	562572	13441452.000
06/22/2011	11.53	11.53	11.20	11.28	456137	10731294.000
06/23/2011	11.16	11.59	10.87	11.57	809142	19094670.000
06/24/2011	11.48	11.98	11.43	11.90	899069	21924826.000
06/27/2011	11.93	12.14	11.93	12.04	736092	18389848.000
06/28/2011	12.13	12.13	11.91	12.00	325681	8096321.000
06/29/2011	12.00	12.30	12.00	12.01	666267	16806030.000
06/30/2011	12.14	12.20	11.92	12.15	476878	11973165.000
07/01/2011	12.20	12.50	12.14	12.28	584090	14976121.000
07/04/2011	12.51	12.51	12.30	12.49	634419	16304036.000
07/05/2011	12.45	12.52	12.28	12.42	563455	14493303.000
07/06/2011	12.40	12.67	12.22	12.62	623218	16064418.000
07/07/2011	12.61	12.92	12.33	12.82	1373810	36268728.000
07/08/2011	12.75	13.01	12.60	12.95	1115197	29539732.000
07/11/2011	12.92	13.60	12.92	13.41	1351986	37294180.000
07/12/2011	13.32	13.32	12.93	12.93	838442	22770940.000
07/13/2011	12.91	13.54	12.91	13.48	867225	23790468.000
07/14/2011	13.52	13.70	13.32	13.70	959541	26851434.000
07/15/2011	13.68	14.13	13.61	14.13	1133468	32619338.000
07/18/2011	14.15	14.45	13.88	13.91	1109838	32397716.000
07/19/2011	13.90	13.90	13.38	13.38	833289	23268262.000
07/20/2011	13.45	13.71	13.06	13.19	831336	22848524.000
07/21/2011	13.19	13.34	12.96	12.98	698464	18904288.000
07/22/2011	12.97	13.39	12.97	13.24	662393	18080826.000
07/25/2011	13.22	13.31	12.49	12.55	706895	18778602.000
07/26/2011	12.56	12.67	12.37	12.56	463492	11996128.000
07/27/2011	12.55	12.95	12.30	12.91	627189	16530556.000
07/28/2011	12.73	12.95	12.68	12.89	632111	16767590.000
07/29/2011	12.85	13.04	12.68	12.76	455222	12150044.000
08/01/2011	12.76	13.03	12.55	12.95	552865	14648560.000
08/02/2011	12.84	12.94	12.50	12.94	584402	15317433.000
08/03/2011	12.69	13.40	12.61	13.37	1466866	40186724.000
08/04/2011	13.37	13.49	13.09	13.23	815594	22357604.000
08/05/2011	12.58	12.89	12.45	12.63	802135	21114510.000
08/08/2011	12.40	12.60	11.33	11.45	1137107	27787258.000
08/09/2011	11.05	11.42	10.69	11.30	583558	13472370.000
08/10/2011	11.45	11.64	11.40	11.45	598769	14331287.000
08/11/2011	11.15	11.76	11.11	11.76	606567	14528840.000
08/12/2011	11.81	12.12	11.75	12.00	622970	15464871.000
08/15/2011	12.01	12.25	12.01	12.25	474673	11951159.000
08/16/2011	12.33	12.48	12.15	12.30	504891	12862733.000
08/17/2011	12.29	12.43	12.28	12.35	415351	10634907.000
08/18/2011	13.63	13.63	13.63	13.63	1018638	28684846.000
08/19/2011	13.99	15.04	13.98	14.99	6205068	184740832.000
08/22/2011	14.99	16.04	14.76	15.60	4685443	148745424.000
08/23/2011	15.40	15.55	14.88	15.40	3651426	114174720.000
08/24/2011	15.35	16.88	15.25	16.45	5005910	165700640.000
08/25/2011	16.06	16.26	15.57	15.89	3235239	105516992.000
08/26/2011	15.79	16.19	15.73	15.89	2295461	75048832.000
08/29/2011	15.80	16.85	15.62	16.31	3892241	130643776.000
08/30/2011	16.25	16.89	15.86	15.90	2580566	86848032.000
08/31/2011	15.75	16.00	15.11	15.58	1720329	55187500.000
09/01/2011	15.62	17.15	15.62	17.03	3327261	112534920.000
09/05/2011	16.09	16.49	15.80	15.90	2054972	68241824.000
09/06/2011	15.74	16.38	15.71	16.15	1289235	42596684.000
09/07/2011	16.19	16.70	15.83	16.60	1661912	55664316.000
09/08/2011	16.71	16.80	15.31	15.44	2073942	68080424.000
09/09/2011	15.31	15.64	15.09	15.15	1210884	38054340.000
09/13/2011	14.95	14.95	14.24	14.41	1004713	29886318.000
09/14/2011	14.50	14.80	14.26	14.80	889782	26681344.000
09/15/2011	14.80	14.87	14.52	14.55	871055	26374892.000
09/16/2011	14.72	15.34	14.64	15.06	1446389	44894020.000
09/19/2011	14.89	14.89	13.90	14.00	943816	27682420.000
09/20/2011	14.05	14.24	13.95	14.20	704479	20504978.000
09/21/2011	14.45	15.28	14.30	15.13	1733892	52963620.000
09/22/2011	14.80	14.99	14.41	14.55	1215635	36737116.000
09/23/2011	14.11	14.43	13.96	14.23	1024265	29927300.000
09/26/2011	14.03	14.28	13.39	13.44	1003146	28481698.000
09/27/2011	13.59	13.59	12.52	12.80	2347932	31236146.000
09/28/2011	12.86	13.02	12.03	12.08	1902798	24596326.000
09/29/2011	11.92	12.07	11.48	11.52	1759375	21233556.000
09/30/2011	11.45	11.68	11.30	11.45	829738	9859372.000
10/10/2011	11.64	11.74	11.41	11.41	949249	11332538.000
10/11/2011	11.75	11.85	10.70	10.84	2195237	25541930.000
10/12/2011	10.79	11.63	10.47	11.52	2703696	31173498.000
10/13/2011	11.46	12.30	11.30	12.15	3447413	42401268.000
10/14/2011	12.05	12.08	11.66	12.00	2079540	25476960.000
10/17/2011	11.93	13.24	11.90	13.24	4445305	58268580.000
10/18/2011	13.28	14.08	13.01	13.16	6394057	89233480.000
10/19/2011	13.25	13.38	12.10	12.48	4341754	56632584.000
10/20/2011	12.14	12.37	11.68	11.70	3095994	38145920.000
10/21/2011	11.62	11.82	11.15	11.27	2072321	24411228.000
10/25/2011	11.98	12.44	11.61	12.44	3995788	49597448.000
10/26/2011	12.97	13.72	12.71	13.72	6696914	92039216.000
10/27/2011	14.26	14.90	13.52	13.57	9200867	132999328.000
10/28/2011	13.72	14.57	13.45	13.79	8472402	121342688.000
10/31/2011	13.79	15.21	13.60	15.21	11745480	179406288.000
11/01/2011	15.29	16.77	14.86	16.77	14233162	228327856.000
11/02/2011	16.60	18.49	16.39	18.49	13188976	237129376.000
11/03/2011	19.40	20.38	19.20	20.38	13893248	281190560.000
11/04/2011	20.28	22.00	19.65	20.08	16529951	344677568.000
11/07/2011	19.80	20.40	19.64	20.10	8867066	180932608.000
11/08/2011	20.00	21.10	19.40	20.19	12777062	262105232.000
11/09/2011	19.86	22.25	19.58	22.25	15721318	338001184.000
11/10/2011	22.54	24.50	22.52	23.47	17828381	424522784.000
11/11/2011	22.90	23.93	22.36	22.91	9668858	226548128.000
11/14/2011	23.06	23.83	22.51	23.46	8539946	201795008.000
11/15/2011	23.15	23.50	22.58	23.28	7046801	165438352.000
11/16/2011	23.45	23.45	22.08	22.48	7565899	175382640.000
11/17/2011	22.40	22.54	21.60	21.90	7620949	170410608.000
11/18/2011	21.75	22.09	20.82	21.60	6880912	150741072.000
11/21/2011	21.49	21.97	20.90	21.39	4969413	108498792.000
11/22/2011	21.28	22.25	21.15	21.72	6893754	152390752.000
11/23/2011	21.48	21.75	20.68	21.13	5672864	122310120.000
11/24/2011	20.80	21.98	20.75	21.36	6706432	146794816.000
11/25/2011	21.20	21.20	19.68	19.98	9029347	186827600.000
11/28/2011	19.90	20.20	19.41	20.09	4981787	101021304.000
11/29/2011	20.20	20.30	19.48	19.98	4679541	95071400.000
11/30/2011	19.80	19.95	18.37	18.54	6882272	134610128.000
12/01/2011	19.18	19.43	18.38	18.42	7465687	144350432.000
12/02/2011	17.90	19.12	17.66	18.13	6884210	128651896.000
12/05/2011	18.05	18.74	17.81	17.81	6047792	113096208.000
12/06/2011	17.44	19.20	17.15	18.67	9514651	179134720.000
12/07/2011	18.38	18.97	18.29	18.80	7123853	135401600.000
12/08/2011	18.75	20.63	18.00	19.99	11487467	228144512.000
12/09/2011	19.46	19.98	18.62	18.81	8449632	166139888.000
12/12/2011	18.60	19.10	17.72	17.83	5061508	94974624.000
12/13/2011	17.62	18.35	16.80	18.30	7891379	142164256.000
12/14/2011	17.80	19.89	17.45	18.66	11705308	224862560.000
12/15/2011	18.59	19.48	17.88	18.01	7770232	148212272.000
12/16/2011	17.78	19.85	17.37	19.85	10257948	197215808.000
12/19/2011	19.60	21.55	19.50	21.02	13777881	287827584.000
12/20/2011	20.71	21.00	20.01	20.16	8148132	170157408.000
12/21/2011	20.30	20.88	19.31	19.46	7512735	155063904.000
12/22/2011	18.91	20.26	17.90	19.67	7780977	151491440.000
12/23/2011	19.40	19.68	18.73	19.04	5656622	111132416.000
12/26/2011	18.62	19.03	17.60	17.66	5284519	99142360.000
12/27/2011	17.61	17.65	15.85	15.85	6429349	109615272.000
12/28/2011	15.40	15.65	14.75	15.38	6345914	99023520.000
12/29/2011	15.16	15.58	14.85	14.85	3745371	58342648.000
12/30/2011	15.00	15.39	14.75	15.00	4012751	62061168.000
01/04/2012	15.18	15.35	13.91	14.00	4163605	63290228.000
01/05/2012	13.80	14.46	13.20	14.07	6107238	87061472.000
01/06/2012	13.90	14.35	13.63	14.20	3268381	47001992.000
01/09/2012	14.25	15.10	14.02	15.00	6448963	97349360.000
01/10/2012	14.82	16.09	14.60	15.68	8364422	132250928.000
01/11/2012	15.67	16.93	15.30	15.97	8862015	146352688.000
01/13/2012	15.56	15.88	14.33	14.33	6859538	105138024.000
01/16/2012	13.73	13.80	12.86	12.86	4450022	60914120.000
01/17/2012	12.56	13.90	12.56	13.67	5173016	70801728.000
01/18/2012	13.53	13.74	12.26	12.53	4921458	66654300.000
01/19/2012	12.45	13.57	11.96	13.11	5975625	79452480.000
01/20/2012	13.14	13.47	12.86	13.00	4334992	58783164.000
01/30/2012	13.01	13.49	12.50	13.12	2931078	39816820.000
01/31/2012	12.89	13.49	12.65	13.49	3917653	52948432.000
02/01/2012	13.25	14.06	13.21	13.35	5172915	72608216.000
02/02/2012	13.45	13.98	13.10	13.85	5277986	73603296.000
02/03/2012	13.73	15.28	13.60	15.28	7998686	118648688.000
02/06/2012	15.36	16.39	15.14	15.66	10728854	172124880.000
02/07/2012	15.56	15.56	15.08	15.17	5058284	79304408.000
02/08/2012	15.12	15.75	15.11	15.43	6112851	96628544.000
02/09/2012	15.33	17.01	15.16	15.96	10371383	172792928.000
02/10/2012	15.75	16.14	15.62	15.84	5839624	94809536.000
02/13/2012	15.75	16.82	15.53	16.31	7266346	120408528.000
02/14/2012	16.14	16.88	16.10	16.33	6269372	105929560.000
02/15/2012	16.23	16.90	16.18	16.67	5873859	100084192.000
02/16/2012	16.66	17.03	15.96	16.30	5419066	91679552.000
02/17/2012	16.26	16.47	15.63	15.90	4385429	71769384.000
02/20/2012	16.20	16.81	16.10	16.29	5333306	89596128.000
02/21/2012	16.15	17.96	16.01	17.96	10703362	186285648.000
02/22/2012	18.28	19.60	18.14	19.07	12947075	249150640.000
02/23/2012	18.90	18.99	18.32	18.61	8511480	162356192.000
02/24/2012	18.51	19.16	18.32	18.87	8392447	160755904.000
02/27/2012	18.97	19.50	18.64	18.80	8717515	168960464.000
02/28/2012	18.75	18.90	18.20	18.82	5682223	108041576.000
02/29/2012	18.64	18.82	17.82	17.85	4890430	91339616.000
03/01/2012	17.49	18.40	17.45	18.05	4063869	74811592.000
03/02/2012	17.96	18.57	17.95	18.56	4353629	81330256.000
03/05/2012	18.60	19.02	18.45	18.66	4947295	94747632.000
03/06/2012	18.70	18.75	18.00	18.04	3676861	68372000.000
03/07/2012	17.81	18.62	17.67	18.20	4175851	77689808.000
03/08/2012	18.11	19.96	18.11	18.97	9375259	183597312.000
03/09/2012	18.85	19.29	18.73	19.11	5914171	114855256.000
03/12/2012	19.18	19.30	18.68	18.99	4442827	85841120.000
03/13/2012	19.00	19.10	18.53	18.90	4365346	83698528.000
03/14/2012	18.94	19.20	17.16	17.53	6849116	128084712.000
03/15/2012	17.35	17.56	15.90	16.60	4861201	83364808.000
03/16/2012	16.43	16.90	16.15	16.90	3610386	61600024.000
03/19/2012	16.90	17.34	16.70	17.20	3060714	53405824.000
03/20/2012	17.17	17.17	16.27	16.28	3145369	53620160.000
03/21/2012	16.40	17.17	16.11	16.87	3737401	63695596.000
03/22/2012	16.69	16.90	16.45	16.59	2040701	34788812.000
03/23/2012	16.22	16.55	15.95	15.99	2291856	38115536.000
03/26/2012	15.89	16.17	15.73	15.97	1308337	21331630.000
03/27/2012	16.05	16.32	15.82	16.02	1744583	28829828.000
03/28/2012	15.92	15.92	14.40	14.56	2678492	41557780.000
03/29/2012	14.45	14.75	13.90	14.30	1869008	27544882.000
03/30/2012	14.30	14.66	13.81	13.98	1863506	27286002.000
04/05/2012	14.01	14.55	13.95	14.54	1858250	27346780.000
04/06/2012	14.61	15.15	14.42	15.11	2751012	41952200.000
04/09/2012	15.18	15.18	14.60	14.60	1881639	28653662.000
04/10/2012	14.40	14.86	13.86	14.84	2000878	29547734.000
04/11/2012	14.58	14.84	14.30	14.65	1589540	23845432.000
04/12/2012	14.67	15.55	14.63	15.37	3499520	54315896.000
04/13/2012	15.48	15.53	15.09	15.30	2895598	45508932.000
04/16/2012	15.11	15.19	14.80	14.99	1934719	29761346.000
04/17/2012	14.99	15.39	14.95	15.07	2616656	40788656.000
04/18/2012	15.04	15.59	14.96	15.57	2801486	44061968.000
04/19/2012	15.44	15.87	15.31	15.47	2591052	41392336.000
04/20/2012	15.21	16.19	15.16	15.86	4123156	66451728.000
04/23/2012	15.61	15.64	14.23	14.23	4855023	73070832.000
04/25/2012	13.59	13.84	12.90	13.55	3413340	46835972.000
04/26/2012	13.50	13.63	13.08	13.21	2069703	28371592.000
04/27/2012	13.21	13.80	13.13	13.50	2235318	31120616.000
05/02/2012	13.51	13.75	13.40	13.65	1842534	25775162.000
05/03/2012	13.68	13.72	13.35	13.53	1487080	20653024.000
05/04/2012	13.55	13.96	13.55	13.90	1850018	26132786.000
05/07/2012	13.75	15.32	13.65	15.32	3757832	55644820.000
05/08/2012	15.90	16.66	15.81	15.86	9876840	162539600.000
05/09/2012	15.59	15.59	14.98	15.02	4462134	69019600.000
05/10/2012	14.90	15.47	14.90	15.16	2733435	42425032.000
05/11/2012	15.33	15.33	14.85	14.97	2103257	32305242.000
05/14/2012	15.08	15.36	14.77	15.09	3088802	47740388.000
05/15/2012	14.91	16.09	14.90	15.80	4510771	72201848.000
05/16/2012	15.53	15.79	15.30	15.50	2323527	36683644.000
05/17/2012	15.73	15.98	15.51	15.62	2792943	44672364.000
05/18/2012	15.45	15.45	14.50	14.50	3084775	46998724.000
05/21/2012	14.30	14.61	13.21	14.10	2040340	29400184.000
05/22/2012	14.16	14.62	14.16	14.35	1483320	21817388.000
05/23/2012	14.10	14.42	13.97	14.03	1879686	27117892.000
05/24/2012	14.04	15.19	14.04	14.40	2937635	43721888.000
05/25/2012	14.46	14.60	13.96	14.03	1421274	20701162.000
05/28/2012	13.99	14.50	13.67	14.41	1789015	25666896.000
05/29/2012	14.40	15.36	14.40	14.98	4014350	61425832.000
05/30/2012	14.87	15.50	14.63	15.03	4030606	61895388.000
05/31/2012	14.99	15.66	14.74	15.39	4833333	75751912.000
06/01/2012	15.30	15.45	14.91	15.22	2547359	39375832.000
06/04/2012	14.84	15.06	14.36	14.36	2173552	32736082.000
06/05/2012	14.38	14.55	14.11	14.26	1555764	22774868.000
06/06/2012	14.18	14.48	14.10	14.22	1120249	16360702.000
06/07/2012	14.48	14.48	13.90	13.97	1220494	17625202.000
06/08/2012	14.15	14.39	13.92	14.29	1729222	25110632.000
06/11/2012	14.31	15.00	14.21	14.94	2805830	42118344.000
06/12/2012	14.74	14.85	14.51	14.55	1802762	26966506.000
06/13/2012	14.70	15.11	14.61	15.02	2858635	43506628.000
06/14/2012	14.99	15.02	14.40	14.48	2327341	34947408.000
06/15/2012	14.58	14.65	14.25	14.45	1390972	20498320.000
06/18/2012	14.60	15.14	14.49	14.99	2891557	44017948.000
06/19/2012	14.99	15.41	14.75	15.30	3788446	58415032.000
06/20/2012	15.40	15.48	15.01	15.02	2724327	42278344.000
06/21/2012	14.90	15.14	14.40	14.49	2264262	33891968.000
06/25/2012	14.29	14.55	14.05	14.11	1262011	18408718.000
06/26/2012	14.20	14.46	13.85	14.37	1308112	19010160.000
06/27/2012	14.37	14.47	14.01	14.08	1364760	19907270.000
06/28/2012	14.09	14.20	13.66	13.70	1719330	24265486.000
06/29/2012	13.51	13.88	13.31	13.88	1309578	18301524.000
07/02/2012	13.95	14.22	13.90	14.04	1278735	18304490.000
07/03/2012	14.01	14.58	13.96	14.28	2048168	29934890.000
07/04/2012	14.21	14.35	13.80	13.90	1563133	22393346.000
07/05/2012	13.94	13.94	13.48	13.53	1006873	14008790.000
07/06/2012	13.69	13.85	13.20	13.69	1485975	20532830.000
07/09/2012	13.50	13.70	13.08	13.19	1043939	14326116.000
07/10/2012	13.23	13.28	12.80	12.92	953280	12695453.000
07/11/2012	12.88	13.32	12.88	13.31	1149072	15458117.000
07/12/2012	13.49	13.78	13.20	13.52	1718557	23705072.000
07/13/2012	13.48	13.54	13.19	13.20	1154833	15734672.000
07/16/2012	13.20	13.44	12.33	12.39	1498492	19801774.000
07/17/2012	12.23	12.50	12.15	12.42	953834	12056302.000
07/18/2012	12.40	12.53	11.94	12.35	974553	12188659.000
07/19/2012	12.47	12.65	12.24	12.51	1157491	14830596.000
07/20/2012	12.64	12.64	12.31	12.34	688030	8793038.000
07/23/2012	12.38	12.38	11.89	12.11	727753	9014912.000
07/24/2012	12.12	12.30	11.98	12.19	781242	9758142.000
07/25/2012	12.19	12.45	11.99	12.15	985378	12345026.000
07/26/2012	12.16	12.35	12.05	12.07	806545	10071492.000
07/27/2012	12.20	12.28	12.03	12.08	560214	6963779.000
07/30/2012	12.15	12.21	11.50	11.55	815035	9907855.000
07/31/2012	11.59	11.59	10.48	10.90	1196338	13398753.000
08/01/2012	10.90	11.22	10.81	11.01	668023	7586699.000
08/02/2012	11.06	11.28	10.94	11.21	1072918	12300045.000
08/03/2012	11.30	11.70	11.10	11.65	1400844	16434082.000
08/06/2012	11.41	11.91	11.40	11.84	1207127	14477803.000
08/07/2012	11.82	12.05	11.71	11.84	1219024	14879516.000
08/08/2012	11.87	11.90	11.35	11.78	1146295	13734897.000
08/09/2012	11.80	11.97	11.65	11.95	1254531	15261159.000
08/10/2012	11.76	12.14	11.76	11.92	1276654	15631912.000
08/13/2012	11.81	11.90	11.38	11.43	1025647	12178751.000
08/14/2012	11.36	11.50	11.00	11.43	763753	8832011.000
08/15/2012	11.42	11.42	11.17	11.23	539646	6239186.500
08/16/2012	11.23	11.46	11.15	11.28	713186	8302281.000
08/17/2012	11.27	12.44	11.17	12.44	2334622	29216534.000
08/20/2012	12.83	12.83	12.05	12.49	4468986	57566088.000
08/21/2012	12.40	13.77	12.17	13.77	6845143	91419928.000
08/22/2012	13.53	13.99	13.29	13.54	4740700	66117184.000
08/23/2012	13.41	13.98	13.22	13.77	3893845	54208972.000
08/24/2012	13.64	13.77	12.83	12.90	2813266	38017304.000
08/27/2012	12.96	13.12	12.25	12.66	1664205	21533888.000
08/28/2012	12.75	13.49	12.63	13.14	2440320	32601502.000
08/29/2012	13.12	14.25	13.03	13.65	5585936	79038536.000
08/30/2012	13.45	13.46	12.26	12.58	3659485	47875640.000
08/31/2012	12.40	12.93	12.31	12.75	1547533	20077838.000
09/03/2012	12.59	13.17	12.30	13.13	2143968	28414492.000
09/04/2012	13.14	13.30	12.71	12.74	2351178	31302472.000
09/05/2012	12.64	13.54	12.52	13.28	3128919	41956500.000
09/06/2012	13.39	13.66	13.08	13.52	3044225	41720688.000
09/07/2012	13.73	14.70	13.41	14.17	5233953	74447440.000
09/10/2012	14.05	14.30	13.84	13.88	3001038	42961240.000
09/11/2012	13.80	14.28	13.71	13.80	2795087	39920404.000
09/12/2012	13.80	14.09	13.42	13.76	2308798	32173272.000
09/13/2012	13.82	13.82	13.35	13.35	1607590	22396940.000
09/14/2012	13.50	13.59	13.12	13.24	1431843	19567734.000
09/17/2012	13.24	13.30	12.50	12.51	1576389	20708526.000
09/18/2012	12.50	13.05	12.35	12.62	1087395	14158009.000
09/19/2012	12.78	12.84	12.58	12.81	805600	10468786.000
09/20/2012	12.86	12.86	12.01	12.08	1302144	16466807.000
09/21/2012	12.16	12.16	11.80	11.83	971070	11899523.000
09/24/2012	11.84	12.07	11.48	11.99	856030	10342349.000
09/25/2012	11.90	12.46	11.66	12.08	1338760	16623913.000
09/26/2012	11.90	12.08	11.50	11.58	854684	10265221.000
09/27/2012	11.59	12.25	11.59	11.95	1102543	13474507.000
09/28/2012	11.88	12.15	11.85	12.13	1007681	12426412.000
10/08/2012	12.34	12.34	11.98	12.07	821680	10218547.000
10/09/2012	12.10	12.73	12.05	12.56	1735389	22034476.000
10/10/2012	12.45	12.71	12.34	12.63	1645213	21115876.000
10/11/2012	12.60	12.60	12.13	12.18	1270817	16065764.000
10/12/2012	12.58	12.58	11.90	12.24	1088001	13699491.000
10/15/2012	12.30	12.30	11.71	11.88	906907	11013547.000
10/16/2012	11.88	12.03	11.75	11.86	727515	8872662.000
10/17/2012	11.90	12.03	11.82	11.98	548199	6711853.500
10/18/2012	11.98	12.38	11.98	12.23	1242073	15558998.000
10/19/2012	12.24	12.85	12.15	12.64	3116237	40337036.000
10/22/2012	12.66	12.69	12.30	12.66	1458829	18686234.000
10/23/2012	12.65	12.90	12.41	12.41	1650757	21384654.000
10/24/2012	12.19	12.37	12.05	12.10	1252961	15613481.000
10/25/2012	12.10	12.25	11.78	11.84	880708	10826259.000
10/26/2012	11.70	11.93	11.38	11.48	909941	10822819.000
10/29/2012	11.50	11.76	11.50	11.65	621991	7424324.500
10/30/2012	11.65	11.78	11.59	11.67	349342	4184108.000
10/31/2012	11.60	11.78	11.40	11.55	530298	6285494.500
11/01/2012	11.65	12.00	11.65	11.92	925146	11270326.000
11/02/2012	11.92	11.95	11.82	11.87	736676	8979287.000
11/05/2012	11.87	11.89	11.57	11.68	660294	7918314.000
11/06/2012	11.59	11.72	11.21	11.52	700844	8247079.500
11/07/2012	11.42	11.63	11.41	11.57	379555	4484323.000
11/08/2012	11.40	11.46	11.13	11.13	561199	6510493.000
11/09/2012	11.13	11.17	10.91	11.07	408501	4638436.000
11/12/2012	11.11	11.31	11.06	11.26	371457	4267559.000
11/13/2012	11.20	11.35	11.02	11.04	466552	5324551.500
11/14/2012	10.99	11.10	10.92	11.07	392644	4440437.000
11/15/2012	10.96	11.04	10.64	10.69	394532	4414902.500
11/16/2012	10.69	10.71	10.55	10.63	252689	2759685.750
11/19/2012	10.63	10.82	10.50	10.80	447955	4889880.500
11/20/2012	10.83	10.97	10.73	10.77	379901	4232748.000
11/21/2012	10.78	10.85	10.50	10.85	610919	6717883.500
11/22/2012	10.81	10.85	10.61	10.64	367860	4056315.500
11/23/2012	10.72	10.77	10.54	10.63	340856	3738819.750
11/26/2012	10.76	10.76	10.51	10.55	409959	4469756.000
11/27/2012	10.51	10.55	9.83	9.83	729382	7596148.500
11/28/2012	9.73	9.75	9.38	9.43	499409	4885978.500
11/29/2012	9.36	9.55	9.07	9.11	397590	3821339.750
11/30/2012	9.10	9.31	9.10	9.30	416451	3976128.500
12/03/2012	9.31	9.38	8.34	8.35	691621	6293921.500
12/04/2012	8.34	8.58	7.81	8.44	1093440	9279931.000
12/05/2012	8.33	9.09	8.27	8.87	1288973	11715664.000
12/06/2012	8.82	8.99	8.76	8.87	672023	6157896.000
12/07/2012	8.93	9.17	8.70	9.14	1193159	11134319.000
12/10/2012	9.10	10.08	9.10	10.08	1574632	15622101.000
12/11/2012	10.15	10.45	9.93	9.95	3102913	32594972.000
12/12/2012	9.81	10.10	9.59	9.80	1490187	14995217.000
12/13/2012	9.80	10.08	9.40	9.40	1044905	10331556.000
12/14/2012	9.46	10.10	9.39	9.86	1970448	19846978.000
12/17/2012	9.90	10.23	9.79	10.08	1562611	16107440.000
12/18/2012	10.04	10.34	9.84	9.98	1527432	15842115.000
12/19/2012	10.02	10.43	9.83	10.18	1910980	20133390.000
12/20/2012	10.15	10.48	9.94	10.23	1735917	18251852.000
12/21/2012	10.28	10.85	10.00	10.48	2823707	30210232.000
12/24/2012	10.23	10.79	10.18	10.33	1901613	20482618.000
12/25/2012	10.28	10.78	10.13	10.62	2650490	28711320.000
12/26/2012	10.58	11.56	10.55	11.26	3892077	44224180.000
12/27/2012	11.30	11.33	10.70	10.76	2992337	33705916.000
12/28/2012	10.70	10.84	10.50	10.78	1609060	17705246.000
12/31/2012	10.78	10.91	10.49	10.66	1403111	15335486.000
01/04/2013	10.72	10.85	10.50	10.62	1018515	11167320.000
01/07/2013	10.58	10.85	10.51	10.84	1377828	15203574.000
01/08/2013	10.80	11.24	10.70	11.14	2402652	27186434.000
01/09/2013	11.08	11.12	10.81	10.93	1518485	17082570.000
01/10/2013	10.95	11.53	10.95	11.39	3537256	41130000.000
01/11/2013	11.25	11.51	10.70	10.77	2599889	29822298.000
01/14/2013	10.73	11.26	10.61	11.15	2072994	23485514.000
01/15/2013	11.11	11.66	11.09	11.51	2903842	34160024.000
01/16/2013	11.58	11.61	11.03	11.36	2460720	28493750.000
01/17/2013	11.18	11.33	10.90	11.05	2082821	23753534.000
01/18/2013	11.10	11.56	10.91	11.49	3010467	34922768.000
01/21/2013	11.41	11.67	11.38	11.49	2671873	31548490.000
01/22/2013	11.46	11.46	10.80	10.88	2110729	24113356.000
01/23/2013	10.88	11.03	10.56	10.84	1415345	15706052.000
01/24/2013	10.83	11.03	10.24	10.37	1806785	19803824.000
01/25/2013	10.36	10.45	10.20	10.38	804415	8527892.000
01/28/2013	10.35	10.66	10.35	10.63	1037412	11222105.000
01/29/2013	10.53	11.18	10.47	10.84	1917419	21449828.000
01/30/2013	10.77	10.83	10.55	10.60	1452365	15921450.000
01/31/2013	10.61	10.66	10.40	10.53	915659	9904380.000
02/01/2013	10.54	10.67	10.42	10.57	1002151	10869159.000
02/04/2013	10.60	10.60	10.20	10.22	1340507	14288250.000
02/05/2013	10.10	10.23	9.91	10.18	1066340	11033314.000
02/06/2013	10.18	10.43	10.12	10.30	722938	7662107.000
02/07/2013	10.34	10.42	10.11	10.28	849577	8980058.000
02/08/2013	10.42	10.52	10.32	10.49	1176440	12640749.000
02/18/2013	10.57	11.57	10.57	11.57	5943713	68934752.000
02/19/2013	11.49	12.55	11.31	12.09	8399482	102918216.000
02/20/2013	11.91	12.28	11.73	12.19	4189644	51512596.000
02/21/2013	12.10	12.10	11.65	11.73	3231896	39331068.000
02/22/2013	11.57	12.04	11.41	11.69	2770577	33192240.000
02/25/2013	11.71	11.90	11.55	11.73	2087684	25140578.000
02/26/2013	11.90	11.90	11.23	11.38	2285736	27004340.000
02/27/2013	11.21	11.45	10.83	11.00	2382094	27139136.000
02/28/2013	11.07	11.44	11.00	11.41	2210076	25525908.000
03/01/2013	11.30	11.54	11.28	11.52	2169173	25450120.000
03/04/2013	11.43	11.43	10.71	10.90	1966007	22383238.000
03/05/2013	10.98	11.38	10.82	11.24	1519550	17394790.000
03/06/2013	11.23	12.39	11.12	12.39	4607493	57008944.000
03/07/2013	12.90	12.91	11.88	12.00	5363923	67923016.000
03/08/2013	12.06	12.08	11.66	11.80	2077955	25228340.000
03/11/2013	11.88	11.98	11.60	11.97	1543004	18708636.000
03/12/2013	12.10	12.12	11.15	11.30	2733063	32669008.000
03/13/2013	11.33	11.33	10.91	11.15	1323574	15056066.000
03/14/2013	11.10	11.50	11.03	11.31	1383003	16043061.000
03/15/2013	11.22	11.78	11.08	11.41	2400856	28355044.000
03/18/2013	11.23	11.78	11.20	11.37	1669441	19714362.000
03/19/2013	11.37	11.98	11.28	11.91	3481238	41937184.000
03/20/2013	11.85	12.14	11.66	12.06	3604685	43987204.000
03/21/2013	11.99	12.35	11.80	11.90	3609105	44576980.000
03/22/2013	11.90	12.07	11.62	11.96	2097839	25531468.000
03/25/2013	11.93	12.12	11.73	11.80	2195527	26868566.000
03/26/2013	11.70	11.70	11.22	11.29	2453575	28584526.000
03/27/2013	11.27	11.52	11.27	11.39	1573406	18427408.000
03/28/2013	11.32	11.32	10.61	10.65	1886866	21059198.000
03/29/2013	10.70	10.78	10.52	10.56	976428	10694189.000
04/01/2013	10.60	10.78	10.58	10.66	674517	7418224.500
04/02/2013	10.70	10.90	10.61	10.62	890314	9816157.000
04/03/2013	10.65	10.82	10.12	10.30	1129822	11996977.000
04/08/2013	10.25	10.48	9.95	10.43	942534	9870311.000
04/09/2013	10.43	10.68	10.35	10.58	831876	9039031.000
04/10/2013	10.58	10.68	10.28	10.35	772745	8296878.000
04/11/2013	10.45	10.50	10.35	10.39	618473	6628045.500
04/12/2013	10.31	10.49	10.25	10.25	428873	4571765.000
04/15/2013	10.17	10.34	9.89	10.02	604149	6231345.000
04/16/2013	9.82	10.18	9.72	10.18	497075	5118066.000
04/17/2013	10.18	10.27	10.06	10.27	449768	4718868.000
04/18/2013	10.24	10.58	10.16	10.52	1127927	12129826.000
04/19/2013	10.37	10.72	10.37	10.62	1346837	14693634.000
04/22/2013	10.50	10.87	10.40	10.78	1239717	13547309.000
04/23/2013	10.77	10.77	10.15	10.16	1217147	13056352.000
04/24/2013	10.34	10.73	10.28	10.54	1246589	13500838.000
04/25/2013	11.00	11.62	10.48	11.21	4681523	53980592.000
04/26/2013	11.00	11.21	10.40	10.46	2759256	30553230.000
05/02/2013	10.35	10.35	9.88	10.15	1187586	12340237.000
05/03/2013	10.20	10.67	10.17	10.49	1313705	14173344.000
05/06/2013	10.59	11.57	10.59	11.57	2195656	25596196.000
05/07/2013	11.80	11.81	11.16	11.24	4094619	47920348.000
05/08/2013	11.23	11.66	11.23	11.55	4124896	48622972.000
05/09/2013	11.42	11.78	11.26	11.60	3305579	38952364.000
05/10/2013	11.58	11.63	11.21	11.54	2166326	25463592.000
05/13/2013	11.53	11.95	11.42	11.82	2673060	32166092.000
05/14/2013	11.77	11.77	11.20	11.44	1588413	18596540.000
05/15/2013	11.33	12.36	11.33	12.08	4658510	57250000.000
05/16/2013	12.06	12.80	11.86	12.25	8212157	104342744.000
05/17/2013	12.07	13.42	11.79	13.16	9060705	118513456.000
05/20/2013	12.89	13.49	12.86	13.19	7168204	96574224.000
05/21/2013	13.08	13.55	12.88	13.34	4773565	64907484.000
05/22/2013	13.12	13.18	12.38	12.64	4673288	61124876.000
05/23/2013	12.64	12.94	12.48	12.60	2990388	38307240.000
05/24/2013	13.87	13.87	13.37	13.87	11315196	157353840.000
05/27/2013	14.50	15.27	14.40	15.27	9142281	136170912.000
05/28/2013	16.08	16.37	14.84	14.85	16469938	259778576.000
05/29/2013	14.50	15.35	14.21	14.92	10754664	159911184.000
05/30/2013	14.50	14.75	14.25	14.49	6764310	98810688.000
05/31/2013	14.43	14.59	13.96	14.10	6052531	86188736.000
06/03/2013	14.10	14.26	13.72	13.79	3946426	55401844.000
06/04/2013	13.80	14.03	13.20	13.55	4290694	59123196.000
06/05/2013	13.45	13.89	13.45	13.62	4085090	56214608.000
06/06/2013	13.75	14.17	13.10	13.12	5219919	72197664.000
06/07/2013	13.01	13.18	12.51	12.58	3918498	50784496.000
06/13/2013	12.40	12.43	11.79	12.30	3365298	41027024.000
06/14/2013	12.38	13.18	12.21	12.85	4924333	63385688.000
06/17/2013	12.74	13.26	12.58	12.79	3980109	51731220.000
06/18/2013	12.61	13.27	12.24	13.18	4819550	62365088.000
06/19/2013	12.92	13.44	12.81	13.34	3766126	49777244.000
06/20/2013	13.23	13.48	12.27	12.30	3711746	48436524.000
06/21/2013	11.89	12.48	11.40	12.17	2604029	31513460.000
06/24/2013	12.07	12.18	10.94	11.05	3072254	35462044.000
06/25/2013	10.90	11.33	10.01	11.26	3563165	38981392.000
06/26/2013	11.28	11.97	11.10	11.90	4642962	54285588.000
06/27/2013	11.82	12.25	11.50	11.61	4310915	51679872.000
06/28/2013	11.56	11.85	11.10	11.29	2658332	30665374.000
07/01/2013	11.20	11.80	11.08	11.78	2342768	27107046.000
07/02/2013	11.70	12.34	11.61	12.26	4033499	48928916.000
07/03/2013	12.12	12.31	11.59	12.14	3967438	47991328.000
07/04/2013	11.91	12.67	11.91	12.24	4297794	53643628.000
07/05/2013	12.21	12.60	11.97	12.60	4669300	58024492.000
07/08/2013	12.30	12.34	11.52	11.80	2966263	35994932.000
07/09/2013	11.55	12.26	11.17	12.23	3445114	40786556.000
07/10/2013	12.36	13.21	12.32	13.02	6391337	82267696.000
07/11/2013	12.99	13.25	12.53	13.05	5641434	73468072.000
07/12/2013	12.89	13.49	12.80	13.02	5365671	71374416.000
07/15/2013	12.75	13.44	12.70	13.35	5063004	67115928.000
07/16/2013	13.25	13.78	13.01	13.77	5895357	79838592.000
07/17/2013	13.62	13.77	13.05	13.18	4359085	59032968.000
07/18/2013	13.20	13.53	13.08	13.19	3107087	41696972.000
07/19/2013	13.21	13.66	13.01	13.01	4176410	56406516.000
07/22/2013	12.70	13.45	12.52	13.44	3308090	43704832.000
07/23/2013	13.44	13.87	13.19	13.65	4946963	67227352.000
07/24/2013	13.50	13.78	13.31	13.55	3533912	48285608.000
07/25/2013	13.43	13.62	12.72	12.77	3735293	49137480.000
07/26/2013	12.47	12.79	12.11	12.23	3207400	40078028.000
07/29/2013	12.20	12.63	12.15	12.25	2255162	28151150.000
07/30/2013	12.17	12.38	11.60	11.96	2589215	31178454.000
07/31/2013	11.93	12.25	11.81	12.05	1848953	22498492.000
08/01/2013	11.93	12.59	11.93	12.55	2527101	31598068.000
08/02/2013	12.78	13.82	12.78	13.82	4339916	59283428.000
08/05/2013	14.10	14.86	14.02	14.59	12002181	174028080.000
08/06/2013	14.30	14.50	14.05	14.36	6097435	87770016.000
08/07/2013	14.25	14.55	13.48	13.69	5962316	83426352.000
08/08/2013	13.75	14.41	13.48	14.16	5025657	70871976.000
08/09/2013	14.10	14.24	13.45	13.72	3856837	53456932.000
08/12/2013	13.75	14.15	13.47	14.04	4078879	56651676.000
08/13/2013	13.92	14.27	13.70	14.21	4441660	63035752.000
08/14/2013	14.21	14.26	13.60	13.77	3519515	49475892.000
08/15/2013	13.77	13.87	13.43	13.46	2694181	36930960.000
08/16/2013	13.37	13.72	12.52	12.60	4367648	57574720.000
08/19/2013	12.46	13.07	12.45	13.07	2827473	36641084.000
08/20/2013	13.12	13.86	13.12	13.50	4577542	62389672.000
08/21/2013	13.33	13.60	13.21	13.59	2523763	34156008.000
08/22/2013	13.50	13.68	13.31	13.45	2710843	36838796.000
08/23/2013	13.56	14.20	13.44	14.03	6474015	90195408.000
08/26/2013	14.00	14.12	13.75	14.05	3704587	51993048.000
08/27/2013	14.01	14.01	13.41	13.83	3282713	45329024.000
08/28/2013	13.70	13.72	13.23	13.23	2843972	38551280.000
08/29/2013	13.23	13.48	13.17	13.21	1672316	22428890.000
08/30/2013	13.12	13.38	12.42	12.60	2581083	33573236.000
09/02/2013	12.60	13.08	12.50	13.04	1477741	19065848.000
09/03/2013	13.04	13.24	12.96	13.18	1289518	17074740.000
09/04/2013	13.09	13.27	12.92	12.99	1441365	18966100.000
09/05/2013	12.93	14.25	12.85	13.77	5644116	78139704.000
09/06/2013	13.55	13.76	13.36	13.73	3735048	51117268.000
09/09/2013	13.69	13.99	13.43	13.99	4077299	56495436.000
09/10/2013	13.99	14.00	13.53	13.72	2498522	34546856.000
09/11/2013	13.69	13.82	12.60	13.01	3270064	43085932.000
09/12/2013	12.82	13.24	12.81	13.02	1341125	17619040.000
09/13/2013	13.02	13.28	12.90	13.22	1486512	19710764.000
09/16/2013	13.21	13.54	13.10	13.37	1629365	21910126.000
09/17/2013	13.40	13.42	12.90	12.93	1293172	17037042.000
09/18/2013	12.93	13.25	12.82	13.24	1190946	15715707.000
09/23/2013	13.29	13.68	13.16	13.55	2101613	28445266.000
09/24/2013	13.54	14.00	13.45	13.76	4442159	61641772.000
09/25/2013	13.69	13.89	13.46	13.65	2805719	38664832.000
09/26/2013	13.51	14.45	13.51	13.95	5664281	80407440.000
09/27/2013	13.94	14.39	13.73	14.25	4023752	56901980.000
09/30/2013	14.43	14.78	14.05	14.07	4635562	67363056.000
10/08/2013	13.91	15.00	13.66	14.85	5448587	78410624.000
10/09/2013	14.58	14.95	14.53	14.75	3889990	57669136.000
10/10/2013	14.83	14.89	13.91	14.09	3419161	49220440.000
10/11/2013	14.12	14.36	13.98	14.25	2338188	33397076.000
10/14/2013	14.24	14.66	13.90	14.61	3819102	54859660.000
10/15/2013	14.40	14.75	14.28	14.41	3133894	45719820.000
10/16/2013	14.34	14.53	13.51	13.62	2282980	31812464.000
10/17/2013	13.86	14.01	13.60	13.73	1386276	19218222.000
10/18/2013	13.66	14.10	13.60	13.96	1460693	20421046.000
10/21/2013	14.04	14.52	13.89	14.43	2561705	36860216.000
10/22/2013	14.38	14.72	14.08	14.23	2422764	35146588.000
10/23/2013	14.11	14.28	13.40	13.59	2114023	29383374.000
10/24/2013	13.60	13.90	13.34	13.48	1077258	14735432.000
10/25/2013	13.59	14.60	13.48	14.03	2973111	42144596.000
10/28/2013	13.54	13.54	12.65	12.76	2682924	34999600.000
10/29/2013	12.60	13.00	11.61	12.09	2137305	26334814.000
10/30/2013	12.09	12.45	11.90	12.31	983658	12158316.000
10/31/2013	12.31	12.36	12.05	12.20	981873	12095140.000
11/01/2013	12.16	12.29	11.90	12.10	707809	8623724.000
11/04/2013	12.10	12.35	12.02	12.20	600989	7407578.000
11/05/2013	12.14	12.45	12.14	12.42	1099074	13679260.000
11/06/2013	12.50	13.67	12.38	13.67	3032270	40552780.000
11/07/2013	13.67	14.40	13.51	13.83	6624970	92388192.000
11/08/2013	13.70	14.00	13.31	13.78	2947192	40468592.000
11/11/2013	15.17	15.17	14.10	14.41	9378266	138755088.000
11/12/2013	14.20	14.29	13.53	13.60	5970924	82760792.000
11/13/2013	13.47	13.75	13.29	13.33	2880647	39199280.000
11/14/2013	12.99	13.54	12.70	13.41	3174390	42158412.000
11/15/2013	13.31	13.95	13.28	13.56	3371272	46420868.000
11/18/2013	13.57	14.02	13.55	13.83	3449775	47928288.000
11/19/2013	13.98	14.85	13.65	14.40	6215244	89665664.000
11/20/2013	14.28	14.43	13.90	14.24	3021019	42882496.000
11/21/2013	14.20	14.32	13.87	14.00	2343494	33131674.000
11/22/2013	14.08	14.30	13.90	14.07	1878464	26649410.000
11/25/2013	14.07	14.52	13.85	14.18	2827553	40577724.000
11/26/2013	14.17	14.48	13.92	14.41	3141568	45085680.000
11/27/2013	14.38	15.14	14.22	14.82	6301435	93664768.000
11/28/2013	14.78	15.00	14.55	15.00	4162134	61897828.000
11/29/2013	15.00	15.54	14.77	14.88	5344368	81406440.000
12/02/2013	13.85	14.12	13.38	13.38	4380394	59883972.000
12/03/2013	12.98	13.44	12.62	13.30	2828998	37244184.000
12/04/2013	13.16	13.70	13.16	13.35	2798183	37946740.000
12/05/2013	13.35	14.04	13.18	13.55	3482298	48076664.000
12/06/2013	13.90	13.90	13.40	13.40	1640348	22499408.000
12/09/2013	13.36	13.68	13.28	13.60	1143728	15589020.000
12/10/2013	13.52	13.68	13.25	13.50	1156301	15650547.000
12/11/2013	13.40	13.60	13.30	13.40	789643	10692136.000
12/12/2013	13.53	13.87	13.36	13.80	1374101	18949396.000
12/13/2013	13.64	14.39	13.61	14.12	3181796	45264384.000
12/16/2013	14.18	14.70	13.95	14.36	3479213	50355004.000
12/17/2013	14.30	14.69	14.01	14.55	3431262	49795240.000
12/18/2013	14.58	15.20	14.24	14.50	6860279	101740432.000
12/19/2013	14.25	14.43	13.60	13.62	3623406	51544552.000
12/20/2013	13.66	13.97	13.20	13.33	2008686	27580194.000
12/23/2013	13.38	13.38	12.74	13.24	1576194	20760076.000
12/24/2013	13.30	13.86	13.15	13.80	1944517	26584998.000
12/25/2013	13.80	14.36	13.62	14.18	3491046	49608528.000
12/26/2013	14.48	14.48	13.80	13.90	2575178	36427332.000
12/27/2013	13.82	14.70	13.73	14.70	4218573	61214520.000
12/30/2013	14.70	14.80	14.48	14.51	2549306	37472464.000
12/31/2013	14.44	14.66	14.05	14.29	2292508	32973076.000
01/02/2014	14.27	15.73	14.15	15.73	7565346	117213480.000
01/03/2014	16.09	16.90	15.62	16.38	12867418	210799136.000
01/06/2014	16.27	17.87	16.17	16.65	11429957	194411104.000
01/07/2014	16.50	16.59	15.66	16.26	7174136	116340416.000
01/08/2014	15.95	17.67	15.95	16.62	8823330	148537232.000
01/09/2014	16.41	16.41	15.08	15.16	6634245	106148960.000
01/10/2014	15.02	15.50	14.83	15.21	4277528	65436476.000
01/13/2014	15.18	15.52	14.89	15.12	3195350	48974220.000
01/14/2014	15.14	16.45	15.00	16.34	5504908	87738936.000
01/15/2014	16.10	16.90	15.91	16.55	8610551	142393744.000
01/16/2014	16.16	16.77	15.76	16.09	7413525	120736128.000
01/17/2014	16.08	16.08	15.30	15.83	4171542	66079228.000
01/20/2014	15.85	16.49	15.75	16.38	5472482	89142008.000
01/21/2014	16.23	17.40	16.09	16.94	9220748	155777600.000
01/22/2014	16.52	16.98	16.25	16.85	7480191	125184864.000
01/23/2014	16.76	17.30	16.53	16.87	7214563	123149408.000
01/24/2014	16.69	17.82	16.50	17.40	8149629	141682400.000
01/27/2014	17.10	17.31	16.70	16.80	5063406	86719512.000
01/28/2014	16.69	17.00	15.91	16.19	4736508	77516272.000
01/29/2014	16.29	16.52	16.06	16.35	3156667	51890752.000
01/30/2014	16.24	16.26	15.51	15.53	4185188	66351472.000
02/07/2014	15.39	16.37	15.23	16.36	3814103	61437212.000
02/10/2014	16.36	16.86	16.16	16.70	4849860	80688808.000
02/11/2014	16.65	16.93	15.91	16.35	4635418	76809584.000
02/12/2014	16.48	17.15	16.15	17.12	6323894	106871296.000
02/13/2014	17.00	17.01	16.20	16.20	4530340	76166872.000
02/14/2014	16.10	16.50	15.58	16.50	3967945	64079164.000
02/17/2014	16.50	17.04	16.31	16.85	4922777	82928336.000
02/18/2014	16.90	17.66	16.60	17.17	8629093	149624064.000
02/19/2014	17.10	18.90	17.02	18.20	14054357	257718496.000
02/20/2014	18.03	18.16	17.30	17.63	8084486	143241152.000
02/21/2014	17.60	18.79	17.52	18.55	8475682	155401200.000
02/24/2014	18.40	19.75	18.31	19.30	9231638	177805632.000
02/25/2014	19.22	19.22	17.36	17.36	8707859	160452032.000
02/26/2014	16.81	16.98	15.70	16.85	5603606	92889592.000
02/27/2014	16.71	17.17	16.00	16.07	4727845	78287048.000
02/28/2014	15.88	16.30	15.40	16.18	3905489	62014312.000
03/03/2014	16.01	16.54	15.90	16.49	3680520	60141888.000
03/04/2014	16.28	16.40	15.58	15.98	3956695	63662700.000
03/05/2014	15.98	16.36	15.90	16.06	2838001	46037220.000
03/06/2014	16.00	16.10	15.40	15.76	2642316	41604548.000
03/07/2014	15.61	16.01	15.55	15.62	2602119	41273500.000
03/10/2014	15.29	15.30	14.31	14.31	3227079	47976428.000
03/11/2014	14.28	14.59	14.16	14.50	1852049	26901568.000
03/12/2014	14.50	14.87	14.32	14.82	1988664	29335168.000
03/13/2014	14.75	15.36	14.75	15.27	2780566	42470476.000
03/14/2014	15.10	15.24	14.90	15.12	1769767	26815252.000
03/17/2014	15.09	15.57	15.02	15.45	1901390	29379746.000
03/18/2014	15.48	15.75	15.25	15.40	2059079	32163570.000
03/19/2014	15.38	15.38	14.85	15.19	1924038	29236732.000
03/20/2014	15.15	15.28	14.51	14.52	1820268	27287354.000
03/21/2014	14.35	15.04	14.25	14.98	1610441	23768878.000
03/24/2014	15.10	15.15	14.60	14.70	1597828	23804178.000
03/25/2014	14.75	14.99	14.60	14.76	1222920	18234702.000
03/26/2014	14.88	15.38	14.72	15.25	2383438	36369848.000
03/27/2014	15.24	15.39	14.77	14.77	1991935	30126674.000
03/28/2014	14.73	14.73	13.90	13.90	2028638	28963654.000
03/31/2014	13.89	14.36	13.66	14.10	1157106	16377589.000
04/01/2014	14.15	14.66	14.05	14.63	1965599	28599524.000
04/02/2014	14.58	15.27	14.39	14.54	2264727	33704336.000
04/03/2014	14.64	14.85	14.21	14.63	1533263	22551026.000
04/04/2014	14.54	14.89	14.51	14.77	1306247	19368704.000
04/08/2014	14.65	14.70	14.18	14.70	1669842	24314780.000
04/09/2014	14.60	15.10	14.53	14.99	2225333	33400142.000
04/10/2014	14.98	15.61	14.90	15.17	4162516	64160468.000
04/11/2014	14.90	15.75	14.51	15.40	4232568	64561580.000
04/14/2014	15.20	15.74	15.11	15.50	3202096	49931340.000
04/15/2014	15.42	16.60	15.34	16.15	6434138	104126656.000
04/16/2014	15.90	16.18	15.70	16.17	3923673	62844544.000
04/17/2014	16.02	16.33	15.60	15.60	2910365	46575480.000
04/18/2014	15.49	15.89	15.49	15.71	2021799	32063636.000
04/21/2014	15.49	16.10	15.20	15.22	2707705	42561212.000
04/22/2014	15.14	15.33	14.36	14.75	2771763	41313204.000
04/23/2014	14.74	14.88	14.40	14.58	1476894	21760902.000
04/24/2014	14.56	14.73	14.31	14.63	1522461	22332100.000
04/25/2014	14.54	14.62	13.96	13.96	1644073	23606908.000
04/28/2014	13.96	14.07	12.96	13.02	1795011	24330620.000
04/29/2014	13.07	13.46	13.07	13.30	1238412	16591525.000
04/30/2014	13.40	13.65	13.31	13.48	1079142	14687246.000
05/05/2014	13.40	13.85	13.31	13.85	1197362	16409555.000
05/06/2014	13.90	14.24	13.81	13.94	1547451	21694286.000
05/07/2014	13.88	13.88	13.37	13.43	1517717	20687570.000
05/08/2014	13.45	13.77	13.33	13.48	1115088	15127223.000
05/09/2014	13.48	13.51	13.13	13.21	1054672	14009335.000
05/12/2014	13.39	14.35	13.25	13.97	1827048	25082792.000
05/13/2014	13.94	14.00	13.63	13.80	1291761	17841950.000
05/14/2014	13.80	14.06	13.68	13.94	968051	13453926.000
05/15/2014	13.90	14.25	13.68	13.70	1297754	18120144.000
05/16/2014	13.60	14.15	13.39	14.02	1551133	21333980.000
05/19/2014	13.95	14.28	13.88	14.28	2152299	30401102.000
05/20/2014	14.44	14.64	14.10	14.11	2183613	31338618.000
05/21/2014	14.00	14.42	13.83	14.41	1330616	18860814.000
05/22/2014	14.40	14.63	14.23	14.24	2060803	29824108.000
05/23/2014	14.22	14.63	14.22	14.55	1439555	20792744.000
05/26/2014	14.62	14.77	14.49	14.65	1977078	28959912.000
05/27/2014	14.65	14.81	14.50	14.53	1381557	20243514.000
05/28/2014	14.81	15.15	14.61	14.79	2490834	36911308.000
05/29/2014	14.83	15.10	14.70	14.85	2682258	40000420.000
05/30/2014	14.77	14.94	14.37	14.60	1723919	25120720.000
06/03/2014	14.60	14.75	14.31	14.32	1248448	18144856.000
06/04/2014	14.19	14.48	14.19	14.48	1253285	18019418.000
06/05/2014	14.61	15.93	14.58	15.93	6670739	102669920.000
06/06/2014	15.99	16.50	15.59	15.59	7986762	128038512.000
06/09/2014	15.39	16.17	15.25	15.92	5758764	91189000.000
06/10/2014	15.75	15.92	15.32	15.84	3946605	61881144.000
06/11/2014	15.74	16.07	15.56	15.95	3097774	49000236.000
06/12/2014	15.80	16.00	15.60	15.65	2989442	47161200.000
06/13/2014	15.60	16.17	15.50	15.88	3279693	52153816.000
06/16/2014	15.72	16.10	15.71	16.08	3431708	54777052.000
06/17/2014	16.16	16.69	16.01	16.30	6258534	102751896.000
06/18/2014	16.21	16.99	16.03	16.79	6221766	103398600.000
06/19/2014	16.77	16.77	15.11	15.57	4533361	72125760.000
06/20/2014	15.33	15.85	15.05	15.83	2432815	37684612.000
06/23/2014	15.77	16.39	15.72	15.98	2830303	45585592.000
06/24/2014	15.98	16.14	15.68	15.87	2134632	33835236.000
06/25/2014	15.72	15.87	15.20	15.41	2437721	37702020.000
06/26/2014	15.45	16.26	15.41	16.26	3455049	55009308.000
06/27/2014	16.20	16.39	16.00	16.25	2657587	43056616.000
06/30/2014	16.12	16.58	16.10	16.50	2550426	41717628.000
07/01/2014	16.45	16.48	16.16	16.45	2512309	40964028.000
07/02/2014	16.42	16.84	16.18	16.68	3276875	54314572.000
07/03/2014	16.60	16.90	16.51	16.60	3123510	52305964.000
07/04/2014	16.61	16.90	16.30	16.68	2742048	45483288.000
07/07/2014	16.70	16.70	16.20	16.34	2032547	33315980.000
07/08/2014	16.34	16.52	16.11	16.49	1568962	25703632.000
07/09/2014	16.38	16.94	16.29	16.30	3621725	60470340.000
07/10/2014	16.30	16.61	16.02	16.46	1700716	27873702.000
07/11/2014	16.47	17.35	16.29	17.00	3778326	64190056.000
07/14/2014	16.95	17.27	16.79	16.90	2769643	46951800.000
07/15/2014	16.90	17.34	16.63	16.81	2687193	45646984.000
07/16/2014	16.79	16.96	15.90	15.96	3293814	53635920.000
07/17/2014	15.87	16.10	15.70	15.93	1483820	23580672.000
07/18/2014	15.95	16.30	15.70	15.79	1761856	28294638.000
07/21/2014	15.85	16.06	15.51	15.95	1611800	25422316.000
07/22/2014	15.86	16.35	15.86	16.12	1712894	27681844.000
07/23/2014	16.16	16.16	15.31	15.51	2088362	32685840.000
07/24/2014	15.42	15.55	14.76	15.15	1624093	24577926.000
07/25/2014	15.05	15.37	15.05	15.27	1441570	21936178.000
07/28/2014	15.28	15.56	15.10	15.54	2173422	33413862.000
07/29/2014	15.55	15.76	15.41	15.69	2001834	31304680.000
07/30/2014	15.60	16.06	15.45	15.83	2980208	46950352.000
07/31/2014	15.78	15.96	15.61	15.88	2122266	33483484.000
08/01/2014	15.80	15.92	15.51	15.54	1945736	30589274.000
08/04/2014	15.63	16.02	15.56	16.00	2123921	33657388.000
08/05/2014	15.98	17.60	15.98	17.03	7242092	122509344.000
08/06/2014	17.00	17.13	16.68	16.97	3327134	56164080.000
08/07/2014	16.95	17.81	16.95	17.40	7050610	123681536.000
08/08/2014	17.10	17.80	17.06	17.60	4590159	80096816.000
08/11/2014	17.45	19.20	17.35	18.49	6011555	111029200.000
08/12/2014	18.53	18.76	18.07	18.31	3613732	66746144.000
08/13/2014	18.12	20.08	18.12	19.70	6089998	118472016.000
08/14/2014	19.74	21.00	19.56	19.60	5569034	112773176.000
08/15/2014	19.70	21.56	19.52	21.56	5322783	109312096.000
08/18/2014	22.10	23.72	22.07	23.15	8377665	193226544.000
08/19/2014	23.07	23.12	21.80	22.40	7521931	168326944.000
08/20/2014	22.29	22.30	21.60	21.70	3215225	70236576.000
08/21/2014	21.60	22.45	21.19	22.40	3712988	80780680.000
08/22/2014	22.10	22.33	21.45	21.53	3127325	67816336.000
08/25/2014	21.46	21.46	19.85	20.55	6603625	135185152.000
08/26/2014	20.50	20.55	20.15	20.49	2618604	53357632.000
08/27/2014	20.50	20.95	20.04	20.30	2678798	54820660.000
08/28/2014	20.15	21.48	19.98	21.21	6845760	143266272.000
08/29/2014	20.99	21.59	20.53	21.57	3999436	84655912.000
09/01/2014	21.30	22.40	21.10	22.23	3867181	84989992.000
09/02/2014	22.20	22.54	21.80	22.23	4514931	99982288.000
09/03/2014	22.16	24.45	22.03	24.45	5386195	124666904.000
09/04/2014	25.70	26.90	25.00	26.27	13549962	351127232.000
09/05/2014	26.65	26.65	24.69	25.17	6931687	175253504.000
09/09/2014	24.87	25.74	24.16	25.15	5672125	141715904.000
09/10/2014	24.65	24.83	24.30	24.36	4185799	102495768.000
09/11/2014	24.48	24.65	23.68	23.94	4212513	101836256.000
09/12/2014	23.95	24.09	23.54	24.06	2905681	69375424.000
09/15/2014	24.20	25.02	23.65	24.96	5737531	140716912.000
09/16/2014	24.85	24.87	23.10	23.18	5076801	120369784.000
09/17/2014	23.35	23.41	22.29	22.91	2532040	57674028.000
09/18/2014	22.87	23.42	22.33	23.35	2345774	53835392.000
09/19/2014	23.10	24.57	22.82	24.50	3423033	81662752.000
09/22/2014	24.20	26.12	24.06	25.11	5878601	148578496.000
09/23/2014	25.19	25.97	24.88	25.54	3897343	99744912.000
09/24/2014	25.21	25.95	24.86	25.72	3235364	81503160.000
09/25/2014	25.74	25.85	24.46	24.63	2998379	74499448.000
09/26/2014	24.45	25.12	24.02	24.70	2627017	64610812.000
09/29/2014	24.70	26.57	24.48	26.18	5173670	133043512.000
09/30/2014	26.23	28.80	25.75	28.04	6598484	182859520.000
10/08/2014	28.71	28.78	27.48	27.80	5457079	152749712.000
10/09/2014	27.66	30.58	26.90	30.58	5771096	170817248.000
10/10/2014	31.40	32.70	29.50	29.92	6601436	206147728.000
10/13/2014	29.50	32.91	28.00	32.91	5674100	171341312.000
10/14/2014	32.50	34.44	32.14	33.61	3986953	132589928.000
10/15/2014	33.60	34.00	31.62	32.80	3808341	124906040.000
10/16/2014	32.38	35.48	31.80	32.73	3817438	127786712.000
10/17/2014	32.40	34.50	31.78	32.75	4077927	135692848.000
10/20/2014	32.75	36.00	32.10	35.69	5429986	187129488.000
10/21/2014	35.94	36.95	34.23	34.70	4884112	174083968.000
10/22/2014	34.60	38.17	33.83	37.97	6441174	232965488.000
10/23/2014	37.39	39.31	36.07	38.10	6184012	231649936.000
10/24/2014	37.05	39.50	36.62	36.80	3920958	148726096.000
10/27/2014	36.44	38.09	35.80	37.43	2935539	109315016.000
10/28/2014	37.30	41.15	37.06	39.66	4331478	170811712.000
10/29/2014	39.03	40.65	38.30	39.50	6744657	262853744.000
10/30/2014	39.00	39.00	37.52	37.64	4543548	173009632.000
10/31/2014	37.49	37.70	34.25	35.52	6498647	231059056.000
数据来源:通达信
