300163 先锋新材 日线
      日期	    开盘	    最高	    最低	    收盘	    成交量	    成交额
01/13/2011	17.55	18.00	13.95	13.95	10690631	336561984.000
01/14/2011	13.26	13.47	12.63	12.67	6099690	163359264.000
01/17/2011	12.40	12.40	11.94	12.05	3131872	78664656.000
01/18/2011	11.80	12.59	11.72	12.38	2881028	72841096.000
01/19/2011	12.32	12.57	12.16	12.54	1859725	47457100.000
01/20/2011	12.45	12.45	11.90	11.95	1642758	41455448.000
01/21/2011	11.83	12.19	11.79	11.97	848721	21012366.000
01/24/2011	12.00	12.15	11.60	11.60	963366	23661012.000
01/25/2011	11.40	11.64	11.25	11.60	922275	21838258.000
01/26/2011	11.55	12.10	11.55	11.95	963827	23750444.000
01/27/2011	11.87	12.09	11.66	12.04	890217	22013710.000
01/28/2011	12.06	12.33	11.92	12.19	924586	23175938.000
01/31/2011	12.15	12.32	12.00	12.22	944639	23762056.000
02/01/2011	12.33	12.33	12.01	12.15	619322	15519304.000
02/09/2011	12.04	12.25	11.94	12.09	621427	15576039.000
02/10/2011	12.10	12.89	12.00	12.82	2033850	53183596.000
02/14/2011	12.90	13.05	12.62	13.01	1916895	50886508.000
02/15/2011	12.99	13.22	12.75	13.04	1628511	43541176.000
02/16/2011	12.97	13.27	12.85	13.15	1246431	33687432.000
02/17/2011	13.22	13.22	12.75	12.92	1228338	32914146.000
02/18/2011	12.73	13.85	12.73	13.75	3053825	84515456.000
02/21/2011	13.57	14.04	13.53	13.86	2292578	65122848.000
02/22/2011	13.68	13.75	13.05	13.05	1746996	48202368.000
02/23/2011	12.95	13.30	12.92	13.19	818579	22127002.000
02/24/2011	13.13	13.28	12.89	13.07	855010	22982692.000
02/25/2011	13.07	13.08	12.80	12.93	569086	15144418.000
02/28/2011	12.92	13.22	12.87	13.21	508343	13711896.000
03/01/2011	13.15	13.24	12.99	13.03	713064	19237108.000
03/02/2011	13.00	13.12	12.83	12.96	489497	13064004.000
03/03/2011	12.91	13.15	12.47	12.47	1023301	26828816.000
03/04/2011	12.58	12.67	12.37	12.61	543910	14041154.000
03/07/2011	12.65	12.79	12.62	12.72	728379	19112960.000
03/08/2011	12.70	13.05	12.66	13.00	744393	19846054.000
03/09/2011	12.85	13.01	12.75	12.97	634866	16823298.000
03/10/2011	12.68	12.94	12.68	12.92	947430	24997546.000
03/11/2011	12.79	13.37	12.78	13.16	1801992	48956336.000
03/14/2011	13.17	13.49	13.06	13.40	1186232	32436650.000
03/15/2011	13.36	13.37	12.75	13.16	1012740	27239442.000
03/16/2011	13.04	13.27	13.00	13.25	779708	21115704.000
03/17/2011	13.21	13.34	13.08	13.21	1115079	30327794.000
03/18/2011	13.23	13.39	13.04	13.20	663201	18016506.000
03/21/2011	13.19	13.19	12.90	12.90	566158	15181063.000
03/22/2011	12.90	13.25	12.79	13.04	712725	19086610.000
03/23/2011	13.00	13.19	13.00	13.12	550616	14847416.000
03/24/2011	13.18	13.18	12.97	13.03	550531	14779008.000
03/25/2011	13.00	13.06	12.86	12.92	439640	11722212.000
03/28/2011	12.82	13.00	12.66	12.83	691784	18269436.000
03/29/2011	12.88	12.88	12.28	12.31	815726	21054802.000
03/30/2011	12.34	12.40	11.90	11.90	511340	12742543.000
03/31/2011	11.90	12.08	11.87	11.94	312702	7731011.500
04/01/2011	12.02	12.29	11.96	12.10	578244	14491612.000
04/06/2011	11.97	12.17	11.80	11.99	387156	9574903.000
04/07/2011	12.11	12.13	11.93	12.00	280096	6958602.000
04/08/2011	12.05	12.13	12.00	12.06	336801	8393374.000
04/11/2011	12.10	12.11	11.82	11.82	439038	10847243.000
04/12/2011	11.82	11.94	11.72	11.81	303455	7443367.000
04/13/2011	11.79	12.16	11.79	12.13	923578	22855442.000
04/14/2011	12.00	12.06	11.90	12.00	364444	9026837.000
04/18/2011	12.05	12.05	11.70	11.81	452352	11057761.000
04/19/2011	11.85	11.89	11.66	11.85	319758	7762994.500
04/20/2011	11.85	12.06	11.82	12.05	376304	9287519.000
04/21/2011	12.05	12.33	11.95	12.25	426790	10699282.000
04/22/2011	12.25	12.25	12.06	12.14	186050	4666239.000
04/25/2011	11.99	12.20	11.74	11.74	288478	6976170.000
04/26/2011	11.67	11.69	10.95	10.96	766113	17600284.000
04/27/2011	10.61	10.89	9.99	9.99	1388280	29432284.000
04/28/2011	9.98	10.07	9.74	9.78	820390	16642205.000
04/29/2011	9.74	9.91	9.74	9.89	354541	7148502.000
05/03/2011	9.95	10.40	9.90	10.39	719570	15040147.000
05/04/2011	10.37	10.37	10.19	10.30	414141	8720334.000
05/05/2011	10.25	10.67	10.22	10.44	284471	6105561.500
05/06/2011	10.30	10.66	10.30	10.49	193670	4176322.500
05/09/2011	10.51	10.53	10.41	10.44	206488	4416276.000
05/10/2011	10.44	10.48	10.32	10.48	166897	3559543.750
05/11/2011	10.37	10.57	10.36	10.50	267489	5760499.500
05/12/2011	10.41	10.51	10.25	10.26	159909	3399015.750
05/16/2011	10.26	10.30	10.09	10.19	186710	3908084.750
05/17/2011	10.03	10.16	9.91	10.11	159157	3280753.500
05/18/2011	10.13	10.13	9.95	9.95	205553	4221200.000
05/19/2011	10.05	10.05	9.83	9.84	186309	3777274.000
05/20/2011	9.85	9.94	9.76	9.84	185802	3748087.500
05/23/2011	9.80	9.86	9.50	9.62	392280	7833073.000
05/24/2011	9.50	9.96	9.50	9.87	530865	10610081.000
05/25/2011	9.80	9.80	9.39	9.54	220049	4320570.000
05/26/2011	9.54	9.59	9.32	9.40	191887	3708323.250
05/27/2011	9.32	9.40	9.16	9.32	157700	2995810.750
05/30/2011	9.25	9.43	9.15	9.26	115675	2220733.750
05/31/2011	9.27	9.45	9.25	9.41	136050	2607298.750
06/01/2011	9.37	9.53	9.32	9.50	163371	3179725.000
06/02/2011	9.46	9.72	9.19	9.70	379218	7386825.000
06/03/2011	9.70	10.09	9.68	10.02	815439	16685141.000
06/07/2011	10.00	10.00	9.84	9.96	202711	4117461.750
06/08/2011	9.86	9.97	9.66	9.95	153475	3078824.750
06/09/2011	9.94	9.94	9.68	9.76	73621	1473436.500
06/10/2011	9.60	9.76	9.44	9.72	107175	2107402.500
06/13/2011	9.62	9.77	9.50	9.62	206462	4078606.000
06/14/2011	9.59	9.67	9.54	9.62	332516	6536366.000
06/15/2011	9.59	9.61	9.46	9.59	163202	3184842.250
06/16/2011	9.44	9.59	9.31	9.54	172850	3348227.000
06/17/2011	9.39	9.53	9.35	9.45	86500	1669680.250
06/20/2011	9.35	9.36	9.22	9.36	101720	1942092.625
06/21/2011	9.36	9.47	9.33	9.42	42810	825345.000
06/22/2011	9.50	9.50	9.31	9.40	59550	1148990.000
06/23/2011	9.40	9.82	9.27	9.73	536473	10605364.000
06/24/2011	9.69	9.92	9.57	9.89	674669	13553367.000
06/27/2011	9.80	10.23	9.80	9.96	686535	14133959.000
06/28/2011	9.96	9.96	9.88	9.95	218796	4450829.000
06/29/2011	9.90	10.01	9.78	9.85	129236	2619746.750
06/30/2011	9.90	9.98	9.77	9.94	179221	3648432.500
07/01/2011	9.96	10.01	9.86	9.87	214768	4375206.500
07/04/2011	9.87	10.29	9.87	10.13	944352	19520220.000
07/05/2011	10.14	10.22	10.05	10.15	244005	5060921.500
07/06/2011	10.21	10.23	10.07	10.17	288142	5996495.000
07/07/2011	10.15	10.47	10.01	10.31	852596	17985606.000
07/08/2011	10.33	10.34	10.16	10.20	358310	7511394.000
07/11/2011	10.12	10.32	10.06	10.17	317732	6610171.500
07/12/2011	10.11	10.22	9.90	9.93	326121	6722720.000
07/13/2011	9.87	10.17	9.87	10.15	236200	4872658.500
07/14/2011	10.22	10.40	10.10	10.40	638183	13420711.000
07/15/2011	10.46	10.81	10.39	10.66	1262094	27429924.000
07/18/2011	10.66	10.73	10.54	10.58	763767	16612117.000
07/19/2011	10.49	10.57	10.31	10.48	281865	6003062.000
07/21/2011	10.62	10.64	10.44	10.45	419058	9036910.000
07/22/2011	10.45	10.89	10.44	10.79	859572	18905282.000
07/25/2011	10.70	10.81	10.15	10.50	708547	15253024.000
07/26/2011	10.47	10.47	10.20	10.45	260722	5530076.000
07/27/2011	10.44	10.74	10.29	10.73	664294	14433545.000
07/28/2011	10.59	11.48	10.59	11.13	1324047	30325270.000
07/29/2011	11.12	11.20	10.80	10.84	705985	15781555.000
08/01/2011	10.81	11.13	10.80	11.01	573666	12881992.000
08/02/2011	11.04	11.37	10.91	11.37	916796	20845740.000
08/03/2011	11.26	11.64	11.17	11.47	1103602	25806256.000
08/04/2011	11.47	11.54	11.15	11.32	701200	16219748.000
08/05/2011	11.00	11.03	10.65	10.98	829456	18489128.000
08/08/2011	10.80	10.97	10.16	10.28	566926	12173405.000
08/09/2011	10.17	10.17	9.70	10.00	1498503	30506974.000
08/10/2011	10.17	10.25	9.93	9.95	704340	14586876.000
08/11/2011	9.70	10.13	9.51	10.13	625685	12679401.000
08/12/2011	10.20	10.37	10.10	10.16	548066	11467579.000
08/15/2011	10.19	10.44	10.16	10.40	465743	9859383.000
08/16/2011	10.39	10.42	10.05	10.18	667004	13946542.000
08/17/2011	10.21	10.30	10.04	10.21	309591	6459941.000
08/19/2011	9.86	9.86	9.55	9.81	679994	13514701.000
08/22/2011	10.04	10.04	9.70	9.70	444189	8968274.000
08/23/2011	9.75	10.08	9.75	10.06	574212	11644169.000
08/24/2011	10.22	10.98	10.19	10.59	1650300	35988356.000
08/25/2011	10.47	10.62	10.30	10.61	1044872	22363534.000
08/26/2011	10.49	10.86	10.45	10.73	801993	17570496.000
08/29/2011	10.55	10.95	10.55	10.75	837244	18524616.000
08/30/2011	10.77	10.90	10.34	10.37	789662	17086522.000
08/31/2011	10.44	10.44	10.10	10.27	328719	6910786.000
09/01/2011	10.27	10.46	10.16	10.30	324734	6866950.000
09/02/2011	10.42	10.42	10.09	10.09	231860	4827614.500
09/05/2011	10.00	10.00	9.65	9.69	376019	7538563.500
09/06/2011	9.69	9.74	9.55	9.63	191400	3781817.000
09/07/2011	9.66	9.93	9.66	9.93	273022	5511586.500
09/08/2011	9.98	10.06	9.77	9.85	245421	5005867.500
09/09/2011	9.85	10.00	9.65	9.68	145340	2908837.250
09/13/2011	9.73	9.73	9.41	9.54	189154	3706042.500
09/14/2011	9.54	9.71	9.47	9.71	184563	3626689.500
09/15/2011	9.78	9.83	9.66	9.67	148004	2957927.750
09/16/2011	9.67	9.76	9.60	9.68	142449	2829023.250
09/19/2011	9.65	9.65	9.32	9.33	188549	3654647.750
09/20/2011	9.41	9.41	9.25	9.36	123960	2374645.500
09/21/2011	9.38	9.71	9.33	9.68	194778	3838738.500
09/22/2011	9.55	9.65	9.40	9.43	134296	2625870.000
09/23/2011	9.25	9.39	9.21	9.32	158128	3017315.000
09/26/2011	9.35	9.36	9.23	9.30	117246	2239749.250
09/27/2011	9.32	9.40	9.20	9.36	76490	1463638.375
09/28/2011	10.31	10.32	10.31	10.32	1114612	23560724.000
09/29/2011	10.32	11.37	10.30	10.82	3974937	86784192.000
09/30/2011	10.80	10.80	10.41	10.60	1997510	43294348.000
10/10/2011	10.72	10.84	10.35	10.62	1751446	38017356.000
10/11/2011	10.87	11.30	10.25	10.50	2134943	47234344.000
10/12/2011	10.20	11.34	10.20	11.25	2500902	55869328.000
10/13/2011	11.13	11.39	10.95	11.23	1943216	44404900.000
10/14/2011	11.20	11.60	11.05	11.49	2105487	48906528.000
10/17/2011	11.54	12.00	11.27	11.29	2926606	69705840.000
10/18/2011	11.09	11.74	11.07	11.16	2415376	56572944.000
10/19/2011	11.15	11.40	10.65	10.75	1712730	38489248.000
10/20/2011	10.75	10.95	10.45	10.91	1293111	28433432.000
10/21/2011	10.85	10.85	10.20	10.20	1192977	25554774.000
10/24/2011	10.22	10.57	9.65	10.49	1503663	31037746.000
10/25/2011	10.45	11.15	10.38	11.15	2066428	45806312.000
10/26/2011	10.95	11.25	10.80	10.94	1777548	39997856.000
10/27/2011	10.89	11.14	10.78	10.90	906627	20256072.000
10/28/2011	11.07	11.46	10.89	11.23	1907279	43679376.000
10/31/2011	11.25	11.74	11.15	11.61	2041982	47572840.000
11/01/2011	11.52	11.84	11.34	11.78	1819798	42933580.000
11/02/2011	11.51	11.87	11.25	11.79	1508264	35679640.000
11/03/2011	11.88	12.05	11.41	11.42	1724650	41423420.000
11/04/2011	11.47	11.51	11.20	11.35	1040275	24142316.000
11/07/2011	11.26	11.70	11.23	11.51	1233741	29094226.000
11/08/2011	11.49	11.57	11.03	11.09	999368	23012332.000
11/09/2011	11.12	11.42	10.88	11.38	1011553	23169748.000
11/10/2011	11.15	11.69	11.03	11.31	1355012	31750730.000
11/11/2011	11.34	11.40	10.94	11.07	847798	19270046.000
11/14/2011	11.16	11.65	11.16	11.60	1058447	24870174.000
11/15/2011	11.60	11.89	11.45	11.69	1029933	24530504.000
11/16/2011	11.69	11.69	11.00	11.02	1023840	23678510.000
11/17/2011	11.01	11.31	10.96	11.11	621190	14116328.000
11/18/2011	10.99	10.99	10.60	10.70	630435	13876485.000
11/21/2011	10.66	10.90	10.66	10.90	382183	8425946.000
11/22/2011	10.84	11.00	10.66	11.00	316155	7006792.000
11/23/2011	11.05	11.07	10.69	10.74	495764	11008555.000
11/24/2011	10.31	10.73	10.31	10.55	464044	9995198.000
11/25/2011	10.50	10.75	10.40	10.44	358706	7773391.500
11/28/2011	10.44	10.57	10.32	10.46	284235	6077928.500
11/29/2011	10.55	10.73	10.49	10.70	385706	8396970.000
11/30/2011	10.63	10.71	9.75	9.84	664377	13813037.000
12/01/2011	10.14	10.34	10.01	10.01	511810	10676193.000
12/02/2011	9.91	9.97	9.65	9.75	326137	6539311.000
12/05/2011	9.59	9.66	9.31	9.38	298774	5819498.500
12/06/2011	9.30	9.58	9.30	9.51	178605	3467854.750
12/07/2011	9.51	9.64	9.44	9.58	206573	4053810.250
12/08/2011	9.54	9.77	9.50	9.60	196957	3901950.000
12/09/2011	9.44	9.66	9.44	9.59	128180	2518459.000
12/12/2011	9.56	9.64	9.50	9.54	139316	2737483.000
12/13/2011	9.49	9.52	9.24	9.27	248318	4756090.500
12/14/2011	9.22	9.35	9.10	9.15	187843	3576421.500
12/15/2011	9.11	9.11	8.44	8.65	325489	5899481.500
12/16/2011	8.59	9.02	8.56	8.95	200214	3612172.500
12/19/2011	8.94	8.94	8.53	8.87	254744	4585915.500
12/20/2011	8.78	9.06	8.75	8.84	219467	4029905.000
12/21/2011	8.94	8.97	8.65	8.66	168284	3055077.750
12/22/2011	8.56	8.56	8.11	8.28	346718	5918272.500
12/23/2011	8.20	8.42	8.19	8.27	209726	3582890.250
12/26/2011	8.27	8.31	8.18	8.19	133805	2274100.250
12/27/2011	8.19	8.24	7.79	7.80	197589	3233174.750
12/28/2011	7.72	7.72	7.50	7.68	191059	2996107.500
12/29/2011	7.51	7.73	7.51	7.69	130038	2064715.250
12/30/2011	7.61	7.98	7.61	7.87	162231	2640778.750
01/04/2012	7.80	7.96	7.56	7.56	177588	2838766.750
01/05/2012	7.53	7.53	7.05	7.06	202853	3043413.500
01/06/2012	7.05	7.17	6.85	7.15	119918	1741805.375
01/09/2012	7.15	7.50	7.02	7.45	192112	2907302.000
01/10/2012	7.49	7.78	7.46	7.70	382713	6049006.000
01/11/2012	7.70	8.20	7.65	7.79	381215	6180477.000
01/12/2012	7.79	7.90	7.67	7.73	335520	5393217.500
01/13/2012	7.66	7.72	7.10	7.17	469645	7128788.000
01/16/2012	7.06	7.32	7.01	7.01	160950	2362371.500
01/17/2012	7.01	7.44	6.99	7.35	411601	6145647.000
01/18/2012	7.44	7.44	6.96	6.99	315800	4725360.000
01/19/2012	6.96	7.44	6.85	7.33	402286	5980474.000
01/20/2012	7.34	7.43	7.25	7.32	278499	4227818.500
01/30/2012	7.33	7.53	7.26	7.33	353132	5389064.000
01/31/2012	7.33	7.38	7.21	7.30	170841	2576673.750
02/01/2012	7.33	7.44	7.25	7.25	228514	3471497.250
02/02/2012	7.30	7.42	7.24	7.42	255326	3867411.750
02/03/2012	7.42	7.58	7.40	7.56	466046	7230786.000
02/06/2012	7.58	7.72	7.55	7.68	419583	6612205.000
02/07/2012	7.61	7.61	7.43	7.48	296626	4601428.000
02/08/2012	7.48	7.74	7.47	7.74	335845	5288491.500
02/09/2012	7.75	7.88	7.70	7.74	429355	6918565.500
02/10/2012	7.77	7.89	7.74	7.79	354842	5723469.500
02/13/2012	7.74	7.99	7.62	7.91	439606	7149646.500
02/14/2012	7.91	7.98	7.82	7.87	311091	5049789.500
02/15/2012	7.87	8.02	7.80	8.02	344562	5639263.000
02/16/2012	8.00	8.09	7.91	7.98	303341	5011721.500
02/17/2012	8.06	8.06	7.88	7.94	249110	4090243.000
02/20/2012	8.04	8.13	7.89	7.94	340960	5611227.500
02/21/2012	8.00	8.09	7.85	8.05	431542	7089801.500
02/22/2012	8.04	8.33	7.98	8.30	892217	15088628.000
02/23/2012	8.25	8.55	8.25	8.48	1049561	18218234.000
02/27/2012	8.54	8.65	8.35	8.39	829432	14480378.000
02/28/2012	8.34	8.36	8.16	8.29	391228	6678709.500
02/29/2012	8.26	8.40	8.22	8.25	288150	4935730.500
03/01/2012	8.30	8.37	8.24	8.33	281798	4829241.500
03/02/2012	8.33	8.47	8.33	8.47	349263	6046516.500
03/05/2012	8.52	8.56	8.42	8.42	372109	6508319.000
03/06/2012	8.42	8.42	8.15	8.22	339312	5770678.000
03/07/2012	8.16	8.29	8.14	8.23	253033	4291966.000
03/08/2012	8.22	8.37	8.20	8.32	430455	7354838.000
03/09/2012	8.37	8.54	8.33	8.54	780402	13573385.000
03/12/2012	8.58	8.84	8.46	8.52	549469	9695682.000
03/13/2012	8.67	8.72	8.54	8.71	794764	14148716.000
03/14/2012	8.71	8.79	8.09	8.12	1051148	18589490.000
03/15/2012	8.15	8.20	7.99	8.10	397094	6632280.500
03/16/2012	8.17	8.33	8.09	8.33	399600	6788548.000
03/19/2012	8.32	8.46	8.27	8.45	386213	6674991.000
03/20/2012	8.49	8.49	8.20	8.20	439400	7503440.000
03/21/2012	8.27	8.29	8.05	8.15	354373	5960213.000
03/22/2012	8.12	8.22	8.10	8.16	178955	3011651.750
03/23/2012	8.15	8.22	8.01	8.07	127300	2131997.000
03/26/2012	8.00	8.08	8.00	8.08	117930	1956686.625
03/27/2012	8.13	8.30	8.05	8.06	163001	2738259.500
03/28/2012	8.05	8.05	7.53	7.59	305949	4902542.500
03/29/2012	7.55	7.55	7.30	7.33	199614	3064732.000
03/30/2012	7.40	7.40	7.21	7.39	317132	4806530.000
04/05/2012	7.24	7.57	7.24	7.54	174087	2680666.500
04/06/2012	7.52	7.57	7.45	7.54	104671	1626669.125
04/09/2012	7.50	7.56	7.35	7.39	58552	903425.938
04/10/2012	7.48	7.48	7.16	7.44	102057	1534948.125
04/11/2012	7.39	7.45	7.30	7.44	93055	1424787.750
04/12/2012	7.44	7.72	7.44	7.65	243246	3818208.250
04/13/2012	7.66	7.77	7.55	7.71	209648	3331477.500
04/17/2012	8.25	8.25	7.80	7.89	490467	8059581.500
04/18/2012	7.72	7.94	7.46	7.83	837550	13237799.000
04/19/2012	7.82	7.82	7.62	7.67	462624	7332801.500
04/20/2012	7.66	7.70	7.58	7.68	374475	5918610.000
04/23/2012	7.64	7.65	7.17	7.21	605589	9236649.000
04/24/2012	7.09	7.24	6.99	7.13	351424	5198463.000
04/25/2012	7.09	7.19	7.07	7.14	322798	4755322.500
04/26/2012	7.09	7.18	7.09	7.10	190738	2813295.000
04/27/2012	7.07	7.27	7.04	7.21	184150	2726364.750
05/02/2012	7.34	7.35	7.19	7.25	230780	3452407.750
05/03/2012	7.26	7.26	7.16	7.23	155361	2321452.250
05/04/2012	7.27	7.34	7.25	7.34	182136	2755337.250
05/07/2012	7.36	7.50	7.34	7.44	219702	3375558.250
05/08/2012	7.44	7.54	7.37	7.50	259659	4013939.000
05/09/2012	7.40	7.49	7.21	7.24	209809	3183956.250
05/10/2012	7.24	7.42	7.24	7.34	161685	2455752.500
05/11/2012	7.29	7.37	7.27	7.28	183999	2782806.750
05/14/2012	7.30	7.37	7.17	7.20	203847	3075082.000
05/15/2012	7.14	7.15	7.06	7.13	173415	2547753.500
05/16/2012	7.13	7.20	7.08	7.10	131952	1954833.500
05/17/2012	7.16	7.33	7.06	7.27	243520	3623812.000
05/18/2012	7.17	7.27	7.10	7.19	369160	5367439.000
05/21/2012	7.23	7.23	7.05	7.05	181326	2621107.750
05/22/2012	7.18	7.18	7.08	7.17	119528	1730957.000
05/23/2012	7.10	7.16	7.05	7.08	183297	2636394.000
05/24/2012	7.05	7.20	7.04	7.07	245734	3545074.250
05/25/2012	6.99	7.04	6.90	7.02	240444	3403708.000
05/28/2012	7.02	7.21	6.91	7.19	360481	5185036.000
05/29/2012	7.15	7.40	7.14	7.38	478498	7073747.500
05/30/2012	7.40	7.40	7.29	7.36	185958	2767321.750
05/31/2012	7.30	7.67	7.20	7.59	786509	12047423.000
06/01/2012	7.50	7.59	7.37	7.45	298100	4500303.500
06/04/2012	7.28	7.44	7.11	7.21	197300	2904752.000
06/05/2012	7.17	7.24	7.11	7.19	154215	2235717.750
06/06/2012	7.19	7.20	7.08	7.12	91909	1331037.750
06/07/2012	7.12	7.20	7.07	7.11	81100	1171331.125
06/08/2012	7.14	7.19	6.99	7.00	136600	1959104.875
06/11/2012	7.05	7.19	6.96	7.19	346638	4982683.500
06/12/2012	7.17	7.18	7.08	7.08	128281	1848428.000
06/13/2012	7.11	7.25	7.09	7.24	257108	3747908.250
06/14/2012	7.26	7.31	7.13	7.19	237200	3480955.000
06/15/2012	7.19	7.27	7.10	7.20	164231	2397367.750
06/18/2012	7.27	7.37	7.22	7.35	412717	6117571.500
06/19/2012	7.35	7.35	7.25	7.26	148073	2186755.000
06/20/2012	7.29	7.47	7.27	7.42	783751	11721543.000
06/21/2012	7.42	7.45	7.20	7.30	361322	5338543.500
06/25/2012	7.32	7.32	7.00	7.00	256993	3724121.000
06/26/2012	6.99	7.08	6.93	7.07	106352	1514848.500
06/27/2012	7.03	7.17	7.03	7.14	169800	2451206.000
06/28/2012	7.14	7.17	7.05	7.13	157020	2268143.500
06/29/2012	6.97	7.24	6.97	7.20	150918	2196533.250
07/02/2012	7.22	7.32	7.16	7.25	255230	3744098.500
07/03/2012	7.28	7.47	7.21	7.31	725415	10826375.000
07/04/2012	7.30	7.48	7.29	7.36	314300	4690315.000
07/05/2012	7.35	7.35	7.10	7.10	227106	3314790.750
07/06/2012	7.18	7.28	6.96	7.26	279272	4019872.000
07/09/2012	7.15	7.24	7.00	7.05	189500	2749736.000
07/10/2012	7.14	7.15	7.00	7.05	109265	1564881.500
07/11/2012	7.12	7.12	7.05	7.11	77806	1118395.750
07/12/2012	7.19	7.23	6.99	7.15	305482	4395870.000
07/13/2012	7.11	7.16	7.00	7.05	403648	5764253.500
07/16/2012	7.05	7.05	6.33	6.33	789800	10444408.000
07/17/2012	6.25	6.25	6.05	6.21	271083	3393664.000
07/18/2012	6.19	6.24	6.06	6.16	167749	2097044.625
07/19/2012	6.16	6.29	6.05	6.28	240215	3041899.250
07/20/2012	6.28	6.41	6.19	6.30	287584	3686560.500
07/23/2012	6.30	6.40	6.25	6.35	523198	6740425.000
07/24/2012	6.37	6.67	6.35	6.48	603098	7961347.000
07/25/2012	6.67	6.67	6.37	6.41	356579	4696602.500
07/26/2012	6.40	6.40	6.21	6.25	207097	2650826.500
07/27/2012	6.30	6.33	6.20	6.24	111856	1418380.250
07/30/2012	6.20	6.25	6.05	6.06	139550	1741754.000
07/31/2012	6.10	6.10	5.86	5.90	122400	1484167.375
08/01/2012	5.98	6.04	5.90	5.99	142677	1733784.500
08/02/2012	5.87	6.00	5.86	5.92	131100	1575829.000
08/03/2012	5.99	6.02	5.89	6.02	157354	1904187.000
08/06/2012	5.96	6.17	5.90	6.16	252337	3119232.000
08/07/2012	6.17	6.51	6.15	6.27	253025	3250793.250
08/08/2012	6.29	6.29	6.12	6.19	176981	2229112.000
08/09/2012	6.20	6.29	6.17	6.29	159989	2031562.250
08/10/2012	6.28	6.32	6.25	6.30	126333	1612098.000
08/13/2012	6.30	6.31	6.15	6.16	106674	1345090.875
08/14/2012	6.16	6.30	6.16	6.26	233286	2962571.000
08/15/2012	6.25	6.29	6.19	6.29	121335	1541264.375
08/16/2012	6.30	6.30	6.00	6.10	492471	6083889.500
08/17/2012	6.04	6.08	6.00	6.04	76440	938146.188
08/20/2012	5.96	6.12	5.96	6.07	93600	1148566.500
08/21/2012	6.08	6.32	6.02	6.31	434143	5501558.500
08/22/2012	6.33	6.36	6.22	6.36	340614	4360415.000
08/23/2012	6.33	6.42	6.28	6.42	434905	5624038.500
08/24/2012	6.38	6.43	6.25	6.40	314200	4034700.750
08/27/2012	6.36	6.42	6.24	6.25	242690	3096787.750
08/28/2012	6.31	6.31	6.21	6.26	374812	4768819.500
08/29/2012	6.17	6.30	6.17	6.26	284059	3617488.250
08/30/2012	6.21	6.27	5.98	6.12	189370	2350275.000
08/31/2012	6.17	6.24	6.05	6.22	136500	1709295.625
09/03/2012	6.17	6.27	6.17	6.22	276100	3498063.000
09/04/2012	6.29	6.29	6.15	6.21	322306	4082486.500
09/05/2012	6.19	6.38	6.11	6.36	850968	10899362.000
09/06/2012	6.33	6.48	6.27	6.42	911771	11805626.000
09/07/2012	6.47	6.70	6.42	6.65	1662268	22150956.000
09/10/2012	6.60	6.70	6.56	6.64	625869	8422579.000
09/11/2012	6.77	7.03	6.69	6.75	1157846	15984478.000
09/12/2012	6.71	6.76	6.56	6.67	686822	9286133.000
09/13/2012	6.65	6.69	6.58	6.60	331925	4473899.000
09/14/2012	6.62	6.77	6.55	6.65	359462	4856265.500
09/17/2012	6.68	6.73	6.35	6.40	331716	4356722.500
09/18/2012	6.45	6.45	6.27	6.28	302707	3897430.250
09/19/2012	6.32	6.32	6.15	6.17	1050826	13220611.000
09/20/2012	6.17	6.18	5.89	5.90	407943	4984715.000
09/21/2012	5.90	5.98	5.85	5.86	340391	4096677.750
09/24/2012	5.83	5.92	5.72	5.86	209233	2478946.000
09/25/2012	5.84	5.89	5.80	5.81	129268	1540008.750
09/26/2012	5.80	5.81	5.55	5.59	254709	2948668.750
09/27/2012	5.62	5.74	5.57	5.68	204971	2364828.750
09/28/2012	5.65	5.92	5.60	5.90	538398	6394386.500
10/08/2012	5.88	5.92	5.75	5.80	290700	3438674.000
10/09/2012	5.83	5.96	5.81	5.94	1381310	16559003.000
10/10/2012	5.91	6.12	5.82	6.12	2853110	34343292.000
10/11/2012	6.03	6.05	5.85	5.87	1358431	16465156.000
10/12/2012	5.93	5.93	5.80	5.84	551279	6581177.500
10/15/2012	5.80	5.81	5.56	5.65	645974	7447104.000
10/16/2012	5.66	5.69	5.55	5.62	402671	4627751.500
10/17/2012	5.62	5.72	5.60	5.68	296294	3416672.500
10/18/2012	5.66	5.78	5.64	5.77	465497	5440879.500
10/19/2012	5.75	5.80	5.71	5.77	293982	3452969.750
10/22/2012	5.72	5.82	5.70	5.81	272801	3204495.750
10/23/2012	5.81	5.83	5.72	5.72	352495	4144892.500
10/24/2012	5.68	5.75	5.68	5.72	253010	2944664.750
10/25/2012	5.70	5.77	5.62	5.72	655025	7611609.500
10/26/2012	5.70	5.71	5.57	5.59	369769	4239048.000
10/29/2012	5.65	5.65	5.56	5.56	177888	2032029.875
10/30/2012	5.65	5.65	5.54	5.58	270540	3064746.000
10/31/2012	5.57	5.58	5.50	5.55	233869	2635440.250
11/01/2012	5.53	5.63	5.53	5.62	617449	7039294.000
11/02/2012	5.64	5.65	5.59	5.61	441249	5043833.500
11/05/2012	5.63	5.65	5.55	5.56	282100	3213375.000
11/06/2012	5.57	5.57	5.42	5.47	422912	4707479.000
11/07/2012	5.49	5.50	5.44	5.47	257512	2871340.000
11/08/2012	5.43	5.44	5.33	5.33	281899	3098234.000
11/09/2012	5.31	5.35	5.31	5.34	196574	2135797.000
11/12/2012	5.31	5.40	5.31	5.40	227559	2495312.500
11/13/2012	5.40	5.41	5.32	5.33	200971	2194343.000
11/14/2012	5.33	5.69	5.32	5.45	468102	5196629.500
11/15/2012	5.44	5.48	5.32	5.35	260060	2870563.250
11/16/2012	5.33	5.44	5.33	5.36	253048	2768612.000
11/19/2012	5.35	5.40	5.28	5.40	227866	2480430.250
11/20/2012	5.37	5.50	5.37	5.47	287283	3184109.750
11/21/2012	5.47	5.61	5.44	5.60	565473	6375640.000
11/22/2012	5.54	5.62	5.49	5.55	313855	3538835.500
11/23/2012	5.54	5.57	5.50	5.52	160500	1807872.500
11/26/2012	5.52	5.52	5.28	5.30	330815	3641165.500
11/27/2012	5.30	5.32	5.06	5.10	321947	3377368.750
11/28/2012	5.11	5.24	5.00	5.24	582469	6126423.000
11/29/2012	5.19	5.30	5.04	5.05	217456	2293337.750
11/30/2012	5.07	5.18	5.07	5.17	201186	2109015.750
12/03/2012	5.06	5.17	5.00	5.03	162449	1681034.625
12/04/2012	5.02	5.15	4.98	5.12	191922	1981395.375
12/05/2012	5.12	5.34	5.06	5.33	540923	5800648.500
12/06/2012	5.34	5.37	5.26	5.30	302226	3272403.250
12/07/2012	5.32	5.47	5.30	5.45	452954	4995958.500
12/10/2012	5.46	5.59	5.40	5.58	715421	8024619.000
12/11/2012	5.61	5.61	5.46	5.48	483575	5436547.500
12/12/2012	5.45	5.56	5.45	5.50	270750	3033894.000
12/13/2012	5.45	5.55	5.39	5.49	318740	3558536.500
12/14/2012	5.48	5.71	5.46	5.70	929734	10679352.000
12/17/2012	5.69	5.88	5.69	5.76	1027252	12112538.000
12/18/2012	5.79	5.83	5.71	5.74	535343	6270980.000
12/19/2012	5.71	5.77	5.71	5.74	308967	3610981.500
12/20/2012	5.69	5.87	5.69	5.80	508619	5990048.500
12/21/2012	5.88	5.88	5.70	5.81	866979	10236200.000
12/24/2012	5.81	5.95	5.81	5.93	825991	9913726.000
12/25/2012	5.90	6.09	5.86	6.06	1162086	14182533.000
12/26/2012	6.01	6.35	6.01	6.32	1332432	16919882.000
12/27/2012	6.29	6.41	6.18	6.19	1206100	15362793.000
12/28/2012	6.19	6.32	6.15	6.31	855217	10885601.000
12/31/2012	6.36	6.36	6.21	6.27	677816	8633812.000
01/04/2013	6.28	6.34	6.20	6.27	850849	10834700.000
01/07/2013	6.29	6.54	6.26	6.43	1144340	14909516.000
01/08/2013	6.36	6.54	6.35	6.44	1047448	13703504.000
01/09/2013	6.37	6.52	6.34	6.37	793481	10360768.000
01/10/2013	6.37	6.43	6.33	6.43	846394	10978853.000
01/11/2013	6.44	6.51	6.25	6.28	770995	9999699.000
01/14/2013	6.29	6.54	6.21	6.52	1225573	16024212.000
01/15/2013	6.52	6.68	6.49	6.65	1225793	16413976.000
01/16/2013	6.70	6.97	6.56	6.92	2336757	32129372.000
01/17/2013	7.00	7.40	6.74	7.02	2252885	31973130.000
01/18/2013	7.09	7.14	6.87	7.02	1797833	25582898.000
01/21/2013	6.96	7.04	6.80	6.97	1538928	21615732.000
01/22/2013	6.89	7.01	6.51	6.80	1816805	24838460.000
01/23/2013	6.80	7.00	6.67	6.77	1195304	16500959.000
01/24/2013	6.74	6.82	6.34	6.50	1674900	22368416.000
01/25/2013	6.52	6.52	6.39	6.46	563970	7378320.500
01/28/2013	6.48	6.52	6.40	6.50	1587937	20878178.000
01/29/2013	6.48	6.62	6.48	6.53	881944	11712097.000
01/30/2013	6.41	6.53	6.38	6.44	796565	10425668.000
01/31/2013	6.46	6.53	6.40	6.49	488118	6419734.000
02/01/2013	6.48	6.50	6.40	6.47	469289	6143688.500
02/04/2013	6.47	6.51	6.42	6.51	496788	6532014.000
02/05/2013	6.50	6.59	6.43	6.58	553386	7336676.000
02/06/2013	6.57	6.70	6.50	6.67	822440	11097874.000
02/07/2013	6.62	6.72	6.60	6.67	477580	6471471.000
02/08/2013	6.63	6.76	6.62	6.73	476584	6492254.000
02/18/2013	6.73	6.79	6.59	6.76	499227	6837001.500
02/19/2013	6.76	6.85	6.61	6.64	516729	7047244.500
02/20/2013	6.61	6.75	6.50	6.75	431055	5820050.500
02/21/2013	6.71	6.81	6.55	6.58	766658	10418126.000
02/22/2013	6.56	6.66	6.53	6.58	366130	4897953.500
02/25/2013	6.58	6.64	6.50	6.53	496970	6608611.000
02/26/2013	6.50	6.61	6.47	6.50	401718	5354478.500
02/27/2013	6.48	6.58	6.48	6.50	244016	3233237.250
02/28/2013	6.49	6.64	6.49	6.62	461498	6174698.000
03/01/2013	6.67	6.80	6.61	6.77	722147	9856268.000
03/04/2013	6.77	6.82	6.50	6.60	855801	11647516.000
03/05/2013	6.60	6.78	6.53	6.77	547366	7419061.500
03/06/2013	6.80	7.08	6.80	7.03	1470036	20861292.000
03/07/2013	6.99	7.06	6.86	6.97	1157698	16371302.000
03/08/2013	6.97	7.00	6.78	6.85	658065	9137355.000
03/11/2013	6.84	6.84	6.66	6.70	1025353	14021450.000
03/12/2013	6.68	6.73	6.38	6.43	650951	8618595.000
03/13/2013	6.45	6.48	6.26	6.42	333495	4299832.500
03/14/2013	6.43	6.46	6.34	6.40	190541	2476681.250
03/15/2013	6.40	6.66	6.40	6.45	669976	8919050.000
03/18/2013	6.43	6.47	6.15	6.18	618721	7899563.000
03/19/2013	6.27	6.27	6.05	6.18	240397	3014612.250
03/20/2013	6.13	6.62	6.13	6.38	496696	6415816.500
03/21/2013	6.32	6.52	6.32	6.52	590815	7699085.000
03/22/2013	6.52	6.70	6.43	6.47	520728	6876154.000
03/25/2013	6.46	6.50	6.39	6.43	354550	4634114.500
03/26/2013	6.41	6.44	6.25	6.25	449692	5750655.000
03/27/2013	6.26	6.32	6.22	6.28	286064	3646997.500
03/28/2013	6.23	6.27	6.02	6.04	396257	4929244.000
03/29/2013	6.04	6.09	5.85	5.90	504210	6091322.000
04/01/2013	5.88	5.95	5.81	5.93	271946	3261942.250
04/02/2013	5.96	6.14	5.90	6.12	700963	8555686.000
04/03/2013	6.15	6.24	5.85	5.91	641419	7831275.000
04/08/2013	5.58	5.60	5.39	5.55	808251	9013701.000
04/09/2013	5.52	5.68	5.50	5.63	364360	4151575.000
04/10/2013	5.63	5.67	5.53	5.57	252136	2862766.750
04/11/2013	5.64	5.64	5.55	5.58	348123	3959936.250
04/12/2013	5.58	5.59	5.47	5.47	161961	1818581.250
04/15/2013	5.49	5.49	5.34	5.39	200800	2202691.250
04/16/2013	5.38	5.48	5.31	5.46	276435	3038974.500
04/17/2013	5.43	5.50	5.40	5.50	273474	3030134.250
04/18/2013	5.48	5.55	5.41	5.52	138899	1559025.750
04/19/2013	5.53	5.65	5.53	5.64	319402	3649443.500
04/22/2013	5.72	5.72	5.62	5.66	254153	2926859.750
04/23/2013	5.66	5.71	5.42	5.50	319502	3589770.250
04/24/2013	5.52	5.64	5.46	5.61	243415	2767708.750
04/25/2013	5.58	5.63	5.50	5.60	291500	3315415.000
04/26/2013	5.57	5.57	5.45	5.45	173911	1942966.375
05/02/2013	5.41	5.48	5.40	5.46	227610	2518223.000
05/03/2013	5.48	5.95	5.48	5.58	369541	4228548.500
05/06/2013	5.58	5.73	5.58	5.69	380912	4398215.500
05/07/2013	5.66	5.76	5.65	5.74	322218	3739513.250
05/08/2013	5.74	5.81	5.71	5.80	364201	4272686.500
05/09/2013	5.83	5.86	5.74	5.84	420795	4974102.000
05/10/2013	5.85	5.85	5.77	5.82	407368	4820968.000
05/13/2013	5.81	5.85	5.79	5.82	305738	3619967.750
05/14/2013	5.80	5.84	5.65	5.73	217803	2541797.250
05/15/2013	5.74	5.89	5.71	5.89	443223	5261761.500
05/16/2013	5.89	5.94	5.81	5.85	670137	8024392.500
05/17/2013	5.89	5.96	5.85	5.95	550212	6623903.500
05/20/2013	5.95	6.09	5.93	6.08	589755	7244181.000
05/21/2013	6.10	6.19	6.04	6.18	538550	6648902.500
05/22/2013	6.19	6.19	6.02	6.05	485643	5960391.500
05/23/2013	6.02	6.17	6.01	6.06	421113	5163946.000
05/24/2013	6.05	6.29	6.05	6.27	737674	9219737.000
05/27/2013	6.26	6.38	6.23	6.28	524359	6648453.500
05/28/2013	6.31	6.31	6.09	6.15	486368	6040428.500
05/29/2013	6.20	6.25	6.11	6.24	458827	5736613.500
05/30/2013	6.23	6.32	6.20	6.31	560132	7077597.500
05/31/2013	6.32	6.32	6.18	6.19	510371	6435045.000
06/03/2013	6.19	6.20	6.07	6.10	488020	6034296.500
06/04/2013	6.28	6.28	5.99	6.04	613777	7570653.500
06/05/2013	6.03	6.09	5.97	6.05	312306	3795796.500
06/06/2013	6.03	6.04	5.91	5.95	422010	5075021.500
06/07/2013	5.95	6.04	5.80	5.84	286326	3419414.750
06/13/2013	5.81	5.81	5.50	5.68	243474	2776129.000
06/14/2013	5.68	5.87	5.68	5.82	403132	4713000.000
06/17/2013	5.79	5.93	5.76	5.91	469233	5565049.500
06/18/2013	5.89	6.18	5.88	6.17	1322856	16111372.000
06/19/2013	6.09	6.33	6.06	6.31	1820984	22883984.000
06/20/2013	6.28	6.35	6.16	6.21	1469618	18516256.000
06/21/2013	6.08	6.19	5.92	6.15	1185976	14400874.000
06/24/2013	6.06	6.08	5.53	5.91	1088742	12862951.000
06/25/2013	5.75	6.26	5.55	6.09	1257822	14698060.000
06/26/2013	5.93	6.28	5.86	6.26	2419318	29504248.000
06/27/2013	6.21	6.38	6.05	6.08	1648404	20693772.000
06/28/2013	5.95	6.05	5.71	5.76	1044375	12356295.000
07/01/2013	5.79	5.94	5.71	5.89	661955	7782231.000
07/02/2013	5.94	6.05	5.81	6.03	734502	8831421.000
07/03/2013	6.02	6.64	5.90	6.64	3139957	40408824.000
07/04/2013	6.60	6.88	6.47	6.82	3317976	45182360.000
07/05/2013	6.80	7.12	6.66	6.67	2789371	38879592.000
07/08/2013	6.48	6.49	6.27	6.33	2096732	26932844.000
07/09/2013	6.37	6.45	6.18	6.40	1688923	21556384.000
07/10/2013	6.36	6.49	6.31	6.47	2083842	26857480.000
07/11/2013	6.48	6.54	6.34	6.46	2033494	26416686.000
07/12/2013	6.46	6.79	6.38	6.57	2479566	33073364.000
07/15/2013	6.50	6.74	6.48	6.70	1652572	21978282.000
07/16/2013	6.65	6.69	6.50	6.52	1900364	25117946.000
07/17/2013	6.52	6.52	6.36	6.43	1532956	19859544.000
07/18/2013	6.38	6.65	6.38	6.65	1518866	20127094.000
07/19/2013	6.65	6.81	6.30	6.30	2479903	32950962.000
07/22/2013	6.20	6.44	6.11	6.42	979912	12421693.000
07/23/2013	6.42	6.59	6.40	6.57	1069467	14044230.000
07/24/2013	6.54	6.79	6.48	6.78	1963884	26396384.000
07/25/2013	6.76	6.79	6.53	6.59	1408689	18800298.000
07/26/2013	6.52	6.85	6.45	6.84	1548415	20793216.000
07/29/2013	6.82	7.08	6.67	6.68	2023735	28023960.000
07/30/2013	6.73	6.83	6.43	6.78	1179117	15768595.000
07/31/2013	6.75	6.88	6.67	6.70	894924	12210825.000
08/01/2013	6.71	7.04	6.63	6.97	1744745	24309902.000
08/02/2013	6.91	7.24	6.90	7.08	2264422	32186694.000
08/05/2013	7.07	7.12	6.98	7.10	1255081	17809908.000
08/06/2013	7.10	7.11	6.99	7.01	1017909	14425797.000
08/07/2013	6.98	7.03	6.64	6.69	1772250	24184862.000
08/08/2013	6.64	6.75	6.59	6.65	1225321	16486310.000
08/09/2013	6.65	6.75	6.55	6.64	931258	12453804.000
08/12/2013	6.61	6.81	6.61	6.73	1115718	15140818.000
08/13/2013	6.73	6.82	6.73	6.77	606648	8277661.500
08/14/2013	6.78	6.82	6.70	6.76	692928	9446024.000
08/15/2013	6.78	6.99	6.76	6.78	1061509	14680927.000
08/16/2013	6.76	6.85	6.47	6.50	1086861	14569998.000
08/19/2013	6.46	6.63	6.46	6.62	592328	7823232.000
08/20/2013	6.62	6.69	6.56	6.62	602555	8037346.000
08/21/2013	6.61	6.73	6.57	6.71	521000	6995379.000
08/22/2013	6.63	6.74	6.63	6.64	521985	7011685.000
08/23/2013	6.64	6.69	6.40	6.50	961862	12642131.000
08/26/2013	6.47	6.64	6.47	6.64	652831	8651295.000
08/27/2013	6.63	6.78	6.62	6.73	622315	8401203.000
08/28/2013	6.75	6.75	6.61	6.64	609498	8192203.000
08/29/2013	6.68	6.71	6.58	6.64	414246	5526886.500
08/30/2013	6.62	6.67	6.38	6.42	611379	8047742.500
09/02/2013	6.42	6.52	6.38	6.51	325881	4227836.500
09/03/2013	6.55	6.60	6.50	6.59	222790	2949485.250
09/04/2013	6.58	6.65	6.55	6.60	271446	3612822.250
09/05/2013	6.63	6.64	6.53	6.60	366713	4878933.500
09/06/2013	6.57	6.73	6.57	6.71	961000	12892122.000
09/09/2013	6.71	6.79	6.68	6.75	678290	9203471.000
09/10/2013	6.77	6.77	6.60	6.66	675998	9076207.000
09/11/2013	6.67	6.69	6.44	6.46	977370	12849954.000
09/12/2013	6.47	6.55	6.43	6.47	493925	6438554.500
09/13/2013	6.46	6.58	6.45	6.55	333139	4369182.000
09/16/2013	6.53	6.78	6.53	6.73	1106653	14933482.000
09/17/2013	6.70	6.80	6.65	6.70	798223	10805370.000
09/18/2013	6.71	6.89	6.69	6.85	867231	11870829.000
09/23/2013	6.89	6.97	6.83	6.91	1149810	15959883.000
09/24/2013	6.94	6.94	6.78	6.84	935000	12865379.000
09/25/2013	6.81	6.94	6.76	6.78	630418	8678065.000
09/26/2013	6.80	6.85	6.70	6.78	433725	5938779.500
09/27/2013	6.71	6.94	6.71	6.91	727111	10029676.000
09/30/2013	6.92	7.18	6.86	7.13	1619064	22967480.000
10/08/2013	7.13	7.17	7.00	7.15	816991	11700323.000
10/09/2013	7.11	7.20	7.08	7.17	699331	10055498.000
10/10/2013	7.17	7.42	7.02	7.05	1671080	24428202.000
10/11/2013	7.10	7.16	7.00	7.09	745949	10630260.000
10/14/2013	7.07	7.32	7.06	7.27	792233	11512658.000
10/15/2013	7.27	7.43	7.08	7.38	1876427	27585054.000
10/16/2013	7.38	7.38	7.01	7.04	1059859	15288735.000
10/17/2013	7.05	7.75	6.71	7.75	2810245	42407300.000
10/18/2013	8.01	8.08	7.35	7.38	4486333	69615664.000
10/21/2013	7.30	7.83	7.24	7.61	3321466	49941616.000
10/22/2013	7.50	7.77	7.35	7.40	1993473	30250494.000
10/23/2013	7.47	7.67	7.35	7.44	1718101	26016786.000
10/24/2013	7.35	7.44	7.20	7.25	1102649	16173102.000
10/25/2013	7.25	7.34	7.17	7.18	864071	12609637.000
10/28/2013	7.16	7.29	7.13	7.22	463528	6731622.000
10/29/2013	7.27	7.27	6.60	6.77	1332146	18531858.000
10/30/2013	6.77	6.95	6.70	6.90	714732	9821718.000
10/31/2013	6.88	7.60	6.85	7.60	2459915	37015996.000
11/01/2013	7.60	7.74	7.33	7.54	2718812	41165644.000
11/04/2013	7.55	7.75	7.39	7.63	2470711	37516540.000
11/05/2013	7.56	7.79	7.41	7.65	1987534	30460776.000
11/06/2013	7.59	7.99	7.55	7.60	2428419	37905604.000
11/07/2013	7.56	7.64	7.40	7.40	1536055	23208410.000
11/08/2013	7.35	7.38	7.07	7.20	1255368	18274222.000
11/11/2013	7.20	7.93	7.12	7.93	2504058	39002116.000
11/12/2013	8.41	8.73	8.40	8.73	2520686	43628992.000
11/13/2013	8.78	9.38	8.59	8.99	10325293	184837440.000
11/14/2013	8.90	9.90	8.75	9.90	11484284	217803632.000
11/15/2013	9.79	10.65	9.66	10.06	11792340	239579312.000
11/18/2013	9.81	10.11	9.61	9.82	8354416	164365680.000
11/19/2013	9.66	9.94	9.51	9.75	6608525	128685304.000
11/20/2013	9.71	10.04	9.61	9.85	6614706	130487320.000
11/21/2013	9.73	9.80	9.45	9.59	5027871	96859880.000
11/22/2013	9.65	10.15	9.65	9.74	7327063	146284928.000
11/25/2013	9.51	9.93	9.13	9.93	6003629	114651168.000
11/26/2013	9.80	10.80	9.76	10.12	8887247	184687184.000
11/27/2013	10.06	10.45	9.81	10.03	5851767	119301280.000
11/28/2013	9.96	10.84	9.96	10.69	7214532	150834880.000
11/29/2013	10.48	10.94	10.40	10.49	8431523	179645792.000
12/02/2013	9.44	9.63	9.44	9.44	2748928	52219184.000
12/03/2013	8.49	8.82	8.49	8.65	6589085	113630296.000
12/04/2013	8.56	8.97	8.35	8.35	5474755	95605472.000
12/05/2013	8.30	8.44	8.20	8.32	2758991	46220484.000
12/06/2013	8.32	8.51	8.31	8.40	1700977	28803828.000
12/09/2013	8.43	8.77	8.43	8.66	2587620	44976312.000
12/10/2013	8.70	8.80	8.35	8.43	2765947	47343352.000
12/11/2013	8.33	8.62	8.33	8.44	1683762	28751512.000
12/12/2013	8.40	8.69	8.38	8.55	1945288	33504212.000
12/13/2013	8.54	8.98	8.46	8.89	3994775	70622384.000
12/16/2013	8.80	8.94	8.58	8.61	2187431	38433608.000
12/17/2013	8.64	8.78	8.31	8.75	2631265	45163344.000
12/18/2013	8.63	8.74	8.40	8.49	1416148	24288630.000
12/19/2013	8.52	8.70	8.48	8.49	1557702	26956324.000
12/20/2013	8.44	8.56	8.31	8.33	1109371	18766772.000
12/23/2013	8.22	8.33	7.94	8.03	1437874	23354466.000
12/24/2013	8.05	8.42	8.02	8.28	1433213	23867444.000
12/25/2013	8.55	9.11	8.54	9.11	2253747	40691664.000
12/26/2013	9.21	10.00	9.20	9.60	9707520	187755056.000
12/27/2013	9.29	10.20	9.29	9.70	7674987	150427456.000
12/30/2013	9.70	9.95	9.41	9.45	5000873	96876288.000
12/31/2013	9.33	9.39	8.96	9.05	3588989	65936784.000
01/02/2014	9.03	9.34	8.96	9.31	2709374	50173772.000
01/03/2014	9.27	10.12	9.10	9.85	6383847	124680168.000
01/06/2014	9.68	9.75	8.86	8.86	3713359	68611040.000
01/07/2014	8.69	8.88	8.58	8.69	3250976	56933580.000
01/08/2014	8.75	9.04	8.75	9.00	3413033	61226304.000
01/09/2014	8.84	8.85	8.23	8.23	3544224	61719140.000
01/10/2014	8.24	8.50	8.23	8.38	2093454	35085084.000
01/13/2014	8.40	8.70	8.29	8.51	1546543	26539070.000
01/14/2014	8.51	8.75	8.40	8.70	1952388	33740836.000
01/15/2014	8.71	8.90	8.64	8.79	2394907	42288716.000
01/16/2014	8.74	8.98	8.74	8.83	2236781	39791288.000
01/17/2014	8.79	8.82	8.69	8.69	1569746	27628578.000
01/20/2014	8.70	8.77	8.26	8.27	1988422	33635528.000
01/21/2014	8.73	9.09	8.65	8.89	4295249	76893376.000
01/22/2014	8.74	9.24	8.72	9.14	3804199	68912040.000
01/23/2014	9.05	9.35	9.01	9.14	3354186	62021252.000
01/24/2014	9.10	9.40	9.05	9.26	2996041	55900428.000
01/27/2014	9.23	9.60	9.12	9.46	2964606	56002848.000
01/28/2014	9.45	9.45	9.12	9.25	2117337	39399416.000
01/29/2014	9.21	9.35	9.19	9.34	1474891	27531838.000
01/30/2014	9.30	9.31	9.08	9.24	1328917	24581592.000
02/07/2014	9.11	9.54	9.11	9.49	1943750	36599596.000
02/10/2014	9.59	9.75	9.46	9.67	2450113	47331920.000
02/11/2014	9.68	9.74	9.35	9.51	2839189	54450108.000
02/12/2014	9.55	10.03	9.39	9.99	3777009	73517064.000
02/13/2014	9.86	10.00	9.43	9.50	2931562	57692680.000
02/14/2014	9.55	10.17	9.50	10.08	3479699	69266896.000
02/17/2014	10.09	10.25	9.96	10.22	3302076	67191496.000
02/18/2014	10.21	10.21	9.93	10.00	2669726	53859252.000
02/19/2014	9.95	10.05	9.80	9.95	1928666	38391880.000
02/20/2014	9.87	9.98	9.55	9.59	1967230	38268688.000
02/21/2014	9.58	9.79	9.46	9.65	998026	19284926.000
02/24/2014	9.60	9.82	9.60	9.77	1442355	28160932.000
02/25/2014	9.78	9.99	8.95	9.05	2688742	51814352.000
02/26/2014	9.07	9.08	8.60	9.00	1597006	28577070.000
02/27/2014	9.08	9.18	8.55	8.61	2070202	36962020.000
02/28/2014	8.53	8.78	8.53	8.74	811065	14091419.000
03/03/2014	8.80	8.93	8.70	8.93	869713	15510313.000
03/04/2014	8.93	9.00	8.76	8.96	933229	16706843.000
03/05/2014	9.00	9.02	8.85	8.86	868535	15628313.000
03/06/2014	8.86	9.03	8.72	8.99	808308	14501048.000
03/07/2014	8.90	9.24	8.90	9.00	1000471	18277712.000
03/10/2014	9.00	9.00	8.58	8.70	1081275	19087790.000
06/09/2014	9.08	9.57	9.05	9.57	1460238	27478846.000
06/10/2014	10.39	10.51	9.86	10.34	7011206	143327248.000
06/11/2014	10.18	10.29	10.03	10.23	4048886	82628824.000
06/12/2014	10.20	10.55	10.04	10.49	4262642	88267456.000
06/13/2014	10.53	10.83	10.34	10.38	3803541	80186104.000
06/16/2014	10.45	10.48	10.11	10.31	4105928	84854584.000
06/17/2014	10.21	10.36	9.76	9.87	6757722	67563432.000
06/18/2014	9.80	9.87	9.46	9.49	4786134	46320656.000
06/19/2014	9.48	9.72	8.84	9.01	5479398	50723692.000
06/20/2014	9.06	9.10	8.86	9.10	2717002	24476494.000
06/23/2014	9.10	9.33	9.08	9.33	3697944	34141320.000
06/24/2014	9.28	9.40	9.26	9.28	2081541	19370616.000
06/25/2014	9.28	9.29	9.00	9.06	2615644	23810128.000
06/26/2014	9.08	9.36	9.08	9.32	2872346	26599160.000
06/27/2014	9.35	9.54	9.23	9.41	3008098	28231328.000
06/30/2014	9.53	9.57	9.36	9.57	3261920	30928016.000
07/01/2014	9.61	9.61	9.42	9.53	2567240	24388110.000
07/02/2014	9.53	9.60	9.33	9.53	3119396	29517726.000
07/03/2014	9.50	9.88	9.43	9.77	5651812	54900376.000
07/04/2014	9.72	10.06	9.63	9.99	5662403	55968124.000
07/07/2014	9.91	10.05	9.76	10.02	3603143	35734844.000
07/08/2014	9.96	10.08	9.80	10.03	3245075	32278504.000
07/09/2014	10.00	10.04	9.68	9.69	3438585	33956764.000
07/10/2014	9.65	9.84	9.65	9.70	1875768	18295988.000
07/11/2014	9.85	10.67	9.81	10.28	13603618	141654032.000
07/14/2014	10.15	10.57	10.01	10.56	9045961	93345960.000
07/15/2014	10.45	10.51	10.23	10.42	5118558	53073464.000
07/16/2014	10.40	11.17	10.32	10.97	13502386	145979296.000
07/17/2014	10.87	10.97	10.60	10.90	6221533	67161608.000
07/18/2014	10.75	11.08	10.32	10.35	7067968	75285248.000
07/21/2014	10.37	11.16	10.37	11.10	9085500	97994752.000
07/22/2014	11.08	11.44	10.92	11.23	10492349	117534704.000
07/23/2014	11.05	11.63	11.01	11.18	8077684	91298584.000
07/24/2014	11.20	11.22	10.06	10.28	7713989	80828888.000
07/25/2014	10.33	10.53	10.09	10.30	4359638	44963112.000
07/28/2014	10.33	10.53	10.15	10.38	4549512	46976900.000
07/29/2014	10.40	10.66	10.28	10.59	4749580	49886168.000
07/30/2014	10.65	10.67	10.42	10.57	3913924	41299028.000
07/31/2014	10.64	10.85	10.50	10.83	3846761	40942708.000
08/01/2014	10.75	10.92	10.53	10.56	3894598	41902868.000
08/04/2014	10.57	10.74	10.51	10.70	2729352	29032692.000
08/05/2014	10.70	10.97	10.55	10.91	4938906	53326260.000
08/06/2014	10.83	11.07	10.78	10.88	3822506	41788328.000
08/07/2014	10.89	10.98	10.66	10.75	3459819	37310036.000
08/08/2014	10.75	10.84	10.69	10.79	2025761	21812536.000
08/11/2014	10.80	10.96	10.72	10.89	3118858	33915960.000
08/12/2014	10.95	11.07	10.85	11.05	4341392	47711780.000
08/13/2014	11.05	11.07	10.66	10.93	3555384	38583080.000
08/14/2014	10.90	11.29	10.84	11.02	5496668	61050256.000
08/15/2014	11.07	11.26	11.07	11.24	3629655	40566512.000
08/18/2014	11.23	11.65	11.21	11.48	6028782	69373216.000
08/19/2014	11.55	11.63	11.25	11.36	4554288	51960068.000
08/20/2014	11.40	11.58	11.34	11.42	3381537	38731468.000
08/21/2014	11.40	11.46	11.11	11.29	3380836	38027484.000
08/22/2014	11.28	11.44	11.20	11.43	3212813	36466976.000
08/25/2014	11.43	11.63	11.28	11.53	4306494	49443492.000
08/26/2014	11.53	12.50	11.45	12.03	10485647	126398912.000
08/27/2014	11.90	12.49	11.79	12.37	8214508	100540696.000
08/28/2014	12.45	12.45	11.75	11.88	5178726	62465420.000
08/29/2014	11.80	11.90	11.46	11.90	3557665	41540960.000
09/01/2014	11.90	12.25	11.85	12.20	3761427	45531236.000
09/02/2014	12.29	12.30	12.09	12.26	3281359	40066308.000
09/03/2014	12.28	12.35	12.02	12.21	3986592	48597148.000
09/04/2014	12.14	13.43	12.14	13.43	11618128	152180240.000
09/05/2014	13.43	13.53	13.15	13.35	7700722	102791608.000
09/09/2014	13.34	13.66	13.13	13.31	6280577	83781544.000
09/10/2014	13.19	13.46	13.15	13.36	4317608	57458564.000
09/11/2014	13.37	13.51	12.97	13.09	5354212	71029440.000
09/12/2014	12.95	13.23	12.95	13.19	2537773	33250970.000
09/15/2014	13.16	13.59	13.09	13.47	4043264	54204264.000
09/16/2014	13.45	13.58	12.70	12.71	4016008	52701824.000
09/17/2014	12.75	12.88	12.41	12.69	3142791	39585408.000
09/18/2014	12.59	12.80	12.58	12.71	1765851	22456140.000
09/19/2014	12.71	13.08	12.70	12.92	2373595	30609672.000
09/22/2014	12.89	13.24	12.80	12.92	2237765	29118968.000
09/23/2014	12.83	13.20	12.80	13.17	2137741	27916248.000
09/24/2014	13.18	13.47	13.07	13.36	3403084	45326620.000
09/25/2014	13.45	13.46	13.08	13.19	3085109	40920996.000
09/26/2014	13.20	13.26	12.95	13.25	2442671	32117056.000
09/29/2014	13.35	14.22	13.18	13.77	4994294	67486840.000
09/30/2014	13.60	14.17	13.28	13.43	11811340	162113024.000
10/08/2014	13.40	13.76	13.20	13.53	4994004	66904800.000
10/09/2014	13.50	13.63	13.23	13.50	4507452	60645272.000
10/10/2014	13.46	13.46	13.25	13.36	2737800	36519160.000
10/13/2014	13.34	13.34	12.90	13.19	3056100	39967888.000
10/14/2014	13.14	13.40	13.05	13.27	3206992	42546336.000
10/15/2014	13.29	13.35	13.05	13.23	1889851	24933394.000
10/16/2014	13.16	13.63	13.08	13.29	4372093	58487212.000
10/17/2014	13.25	13.25	12.60	12.87	4689909	60280444.000
10/20/2014	12.82	13.07	12.75	12.89	1644110	21185938.000
10/21/2014	12.83	12.99	12.78	12.78	1663144	21443664.000
10/22/2014	12.79	12.96	12.40	12.41	2033187	25843088.000
10/23/2014	12.41	12.50	11.78	12.04	2668176	32396590.000
10/24/2014	12.04	12.47	11.88	11.95	3195891	38802780.000
10/27/2014	11.86	12.24	11.82	12.22	1496120	18066980.000
10/28/2014	12.24	12.90	12.24	12.56	3303561	41397888.000
10/29/2014	12.62	12.91	12.52	12.71	2833665	35936400.000
10/30/2014	12.70	13.10	12.65	12.96	4758258	61446476.000
10/31/2014	12.96	13.00	12.70	12.90	2597310	33344434.000
数据来源:通达信
