300056 三维丝 日线
      日期	    开盘	    最高	    最低	    收盘	    成交量	    成交额
10/08/2010	13.28	13.69	13.28	13.63	267134	10701562.000
10/11/2010	13.57	13.59	12.56	12.82	959477	36963828.000
10/12/2010	12.68	12.93	12.58	12.73	851771	32165162.000
10/13/2010	12.66	12.92	12.66	12.76	494315	18689254.000
10/14/2010	12.83	13.17	12.78	12.82	571927	21927242.000
10/15/2010	12.60	12.83	12.12	12.30	838546	30859106.000
10/18/2010	12.20	12.21	11.66	11.99	534610	18838626.000
10/19/2010	12.00	12.83	11.96	12.72	574284	21387222.000
10/20/2010	12.63	13.33	12.45	13.05	812009	31278992.000
10/21/2010	13.04	13.04	12.58	12.83	242458	9121946.000
10/22/2010	12.83	13.39	12.80	13.18	482866	18829968.000
10/25/2010	13.49	13.70	13.12	13.35	377454	14960326.000
10/26/2010	13.32	13.54	12.91	13.15	267661	10350104.000
10/27/2010	13.29	13.29	13.10	13.16	334143	13013417.000
10/28/2010	13.11	13.11	12.55	12.84	422282	15866298.000
10/29/2010	12.78	13.34	12.78	13.10	347237	13430241.000
11/01/2010	13.15	14.36	13.15	13.87	609117	24798748.000
11/02/2010	13.90	14.12	13.57	13.58	554281	22383436.000
11/03/2010	13.43	13.56	13.04	13.39	426923	16763138.000
11/04/2010	13.30	13.52	13.17	13.35	266187	10432511.000
11/05/2010	13.57	14.68	13.50	14.44	1121097	46926320.000
11/09/2010	14.61	15.31	14.22	14.57	1414289	61121148.000
11/10/2010	14.57	14.57	14.23	14.49	1171726	49527388.000
11/11/2010	14.43	15.11	14.33	14.54	1047594	45591256.000
11/12/2010	14.45	14.78	13.51	13.63	1062682	44455636.000
11/15/2010	13.84	14.61	13.58	14.49	558045	23348360.000
11/16/2010	14.53	14.69	13.57	13.82	605210	25400244.000
11/17/2010	13.41	14.01	13.39	13.39	412528	16654528.000
11/18/2010	13.91	13.91	13.43	13.61	133758	5363502.000
11/19/2010	13.87	14.49	13.62	14.49	444566	18370324.000
11/22/2010	14.28	14.97	14.28	14.96	1071648	46900692.000
11/23/2010	15.02	15.42	14.72	15.13	1012192	44900436.000
11/24/2010	14.99	15.41	14.91	15.34	669068	29920680.000
11/25/2010	15.41	15.41	14.26	15.16	633419	27969746.000
11/26/2010	15.06	15.13	14.63	15.05	347960	15334868.000
11/29/2010	15.11	15.11	14.75	15.11	424438	18672076.000
11/30/2010	15.13	15.13	14.12	14.90	543630	23249602.000
12/01/2010	14.60	14.75	14.38	14.74	142453	6121149.500
12/02/2010	14.78	14.82	14.50	14.54	165004	7111499.000
12/03/2010	14.37	14.67	14.20	14.24	186289	7867402.000
12/06/2010	14.47	14.47	13.88	14.14	166696	6926531.500
12/07/2010	13.92	14.29	13.85	14.27	263714	10967517.000
12/08/2010	14.12	14.47	13.97	14.10	191428	7982201.500
12/09/2010	14.01	14.09	13.53	13.56	188630	7666487.500
12/10/2010	13.50	13.84	13.39	13.76	288821	11608448.000
12/13/2010	14.11	14.41	13.76	14.24	461603	19290776.000
12/14/2010	14.25	14.43	14.02	14.43	380226	15969458.000
12/15/2010	14.57	14.57	14.08	14.16	199762	8399735.000
12/16/2010	14.18	14.76	14.18	14.76	701636	30151042.000
12/17/2010	14.67	14.75	14.43	14.74	373655	15990574.000
12/20/2010	14.71	14.88	13.91	14.24	439967	18513954.000
12/21/2010	14.27	14.40	14.04	14.31	161277	6782172.500
12/22/2010	14.38	14.38	13.98	13.98	182340	7597276.500
12/23/2010	13.86	14.16	13.75	13.77	173798	7124176.000
12/24/2010	13.76	13.76	13.46	13.50	204400	8187016.500
12/27/2010	13.84	13.87	12.86	12.88	217347	8509264.000
12/28/2010	12.77	12.91	12.61	12.73	208581	7839722.500
12/29/2010	12.79	12.93	12.50	12.92	205371	7697359.500
12/30/2010	12.84	12.84	12.53	12.70	369173	13793231.000
12/31/2010	12.68	12.91	12.59	12.91	300493	11358666.000
01/04/2011	12.97	13.08	12.73	13.03	304874	11639966.000
01/05/2011	13.03	13.14	12.89	13.08	234062	9020240.000
01/06/2011	13.08	13.46	13.08	13.24	395765	15504809.000
01/07/2011	13.27	13.27	13.08	13.22	265222	10301407.000
01/10/2011	13.43	13.43	12.99	13.05	334508	12913904.000
01/11/2011	13.04	13.27	13.01	13.11	135975	5239230.500
01/12/2011	13.03	13.21	13.03	13.11	66325	2568150.000
01/13/2011	13.11	13.21	12.98	13.08	165957	6402905.000
01/14/2011	13.07	13.07	12.70	12.87	218890	8290221.000
01/17/2011	12.96	12.96	12.04	12.29	131200	4803401.000
01/18/2011	12.18	12.61	12.07	12.38	201800	7289264.500
01/19/2011	12.35	12.52	12.19	12.38	146365	5369783.000
01/20/2011	12.35	12.37	11.83	11.90	88904	3196694.250
01/21/2011	11.84	12.08	11.84	11.88	67672	2383781.000
01/24/2011	11.90	12.05	11.35	11.42	152657	5227674.000
01/25/2011	11.41	11.41	11.13	11.16	106959	3554739.750
01/26/2011	11.44	11.44	10.82	11.13	264600	8720075.000
01/27/2011	11.09	11.44	10.90	11.44	308799	10180895.000
01/28/2011	11.38	11.48	11.14	11.48	167149	5607615.500
01/31/2011	11.41	11.48	11.25	11.48	123392	4152833.250
02/01/2011	11.48	11.62	11.44	11.55	151034	5159014.500
02/09/2011	11.51	11.60	11.24	11.32	111259	3770192.000
02/10/2011	11.34	11.84	11.12	11.82	335665	11434920.000
02/11/2011	11.76	12.01	11.66	11.97	433071	15140395.000
02/14/2011	11.86	12.22	11.86	12.16	251243	8965100.000
02/15/2011	12.11	12.24	12.04	12.07	179591	6459087.000
02/16/2011	11.90	12.24	11.90	12.18	124267	4458195.500
02/17/2011	12.11	12.28	12.04	12.20	186929	6699172.000
02/18/2011	12.14	12.35	12.13	12.30	456089	16487211.000
02/21/2011	12.07	12.52	12.07	12.51	620681	22604830.000
02/22/2011	12.48	12.48	12.00	12.01	486015	17469012.000
02/23/2011	11.88	12.13	11.68	11.79	421683	14770415.000
02/24/2011	11.73	11.90	11.60	11.80	287557	9998701.000
02/25/2011	11.76	11.76	11.58	11.62	540573	18650942.000
02/28/2011	11.64	11.93	11.55	11.87	370655	12915932.000
03/01/2011	11.86	12.28	11.83	12.17	406966	14598871.000
03/02/2011	12.06	12.13	11.92	12.02	143661	5097184.500
03/03/2011	12.04	12.23	11.87	11.95	200854	7160475.500
03/04/2011	11.86	11.96	11.78	11.86	101600	3563971.000
03/07/2011	11.90	12.16	11.86	12.02	181387	6438903.500
03/08/2011	12.03	12.17	11.95	12.10	178608	6349711.500
03/09/2011	12.12	12.16	11.99	12.00	185469	6596187.000
03/10/2011	11.99	12.23	11.98	12.18	286927	10277223.000
03/11/2011	12.11	12.32	12.08	12.20	317699	11437185.000
03/14/2011	12.18	12.54	12.11	12.53	579071	21275336.000
03/15/2011	12.49	12.55	11.97	12.24	351910	12813392.000
03/16/2011	12.03	12.26	12.03	12.18	227560	8189521.500
03/17/2011	12.17	12.17	11.69	11.79	229380	8056698.000
03/18/2011	11.93	11.93	11.66	11.79	157670	5479985.500
03/21/2011	11.79	11.79	11.48	11.60	152519	5225013.500
03/22/2011	11.65	11.65	11.50	11.55	171114	5857041.500
03/23/2011	11.55	11.74	11.49	11.72	222367	7624522.000
03/24/2011	11.81	11.86	11.69	11.71	123732	4308468.500
03/25/2011	11.76	11.76	11.56	11.62	175569	6036312.000
03/28/2011	11.61	11.75	11.27	11.31	317553	10804756.000
03/29/2011	11.21	11.34	10.86	10.91	378060	12462783.000
03/30/2011	10.91	10.94	10.16	10.79	463279	14815832.000
03/31/2011	10.74	10.86	10.68	10.80	327063	10464364.000
04/01/2011	10.84	10.87	10.75	10.85	368382	11804822.000
04/06/2011	10.86	10.91	10.37	10.37	337145	10531972.000
04/07/2011	10.38	10.58	10.29	10.41	176100	5442508.000
04/08/2011	10.41	10.49	10.33	10.43	350845	10856467.000
04/11/2011	10.49	10.52	10.23	10.23	384815	11861471.000
04/12/2011	10.22	10.30	10.11	10.18	247200	7501468.000
04/13/2011	10.18	11.23	10.13	11.23	561825	17954148.000
04/14/2011	11.36	11.44	10.83	11.20	512484	17110724.000
04/15/2011	11.20	11.20	10.80	10.85	232550	7509071.000
04/18/2011	10.79	11.03	10.72	10.88	190796	6130364.000
04/19/2011	10.79	10.95	10.53	10.53	223659	7042494.000
04/20/2011	10.62	10.63	10.27	10.40	248673	7689314.500
04/21/2011	10.43	10.61	10.41	10.54	237168	7384123.000
04/22/2011	10.54	11.08	10.54	10.72	297314	9558560.000
04/25/2011	10.72	10.95	10.62	10.68	203091	6489503.500
04/26/2011	10.51	10.78	10.45	10.57	131539	4123384.000
04/27/2011	10.75	10.75	9.87	9.95	142830	4372442.000
04/28/2011	10.07	10.21	9.84	9.85	201839	5988315.000
04/29/2011	9.82	10.02	9.71	10.01	58558	1724301.375
05/03/2011	10.13	11.01	9.92	10.69	286733	8906438.000
05/04/2011	10.58	10.58	10.31	10.40	105106	3257058.000
05/05/2011	10.29	10.77	10.29	10.55	82768	2599034.500
05/06/2011	10.68	10.79	10.37	10.68	170680	5401422.500
05/09/2011	10.61	10.77	10.48	10.54	269243	8491098.000
05/10/2011	10.54	10.64	10.42	10.43	131627	4090501.750
05/11/2011	10.50	10.57	10.36	10.37	175715	5429508.500
05/12/2011	10.37	10.37	10.03	10.05	149203	4503493.000
05/13/2011	10.02	10.27	10.02	10.24	100536	3045525.000
05/16/2011	10.19	10.43	10.19	10.24	228500	6999346.500
05/17/2011	10.16	10.28	10.03	10.16	137955	4161194.250
05/18/2011	10.08	10.23	10.06	10.14	85850	2579234.500
05/19/2011	10.16	10.22	10.08	10.08	85736	2583758.750
05/20/2011	10.03	10.09	9.82	9.97	143950	4269786.000
05/23/2011	9.92	10.09	9.78	9.79	134070	3963315.000
05/24/2011	9.91	10.51	9.50	10.26	255937	7640211.500
05/25/2011	10.26	10.26	9.99	9.99	117932	3543059.250
05/27/2011	10.02	10.02	9.68	9.78	100870	2933437.750
05/30/2011	9.82	10.09	9.68	9.76	80220	2349823.750
05/31/2011	9.78	10.02	9.71	9.98	75297	2206492.750
06/01/2011	9.98	10.08	9.88	10.07	87192	2599139.750
06/03/2011	10.07	10.29	9.91	10.19	157443	4733190.000
06/07/2011	10.34	10.34	10.18	10.23	152895	4668815.000
06/08/2011	10.23	10.30	10.06	10.23	70484	2129728.500
06/09/2011	10.21	10.32	10.02	10.06	85833	2589274.750
06/10/2011	10.06	10.06	9.83	9.99	102847	2992156.000
06/13/2011	10.08	10.08	9.73	10.02	50059	1466214.750
06/14/2011	9.89	10.19	9.89	10.17	54809	1625623.500
06/15/2011	10.22	10.68	10.10	10.34	372321	11424095.000
06/16/2011	10.40	10.49	10.23	10.34	113775	3449874.500
06/17/2011	10.46	10.48	10.18	10.23	154003	4644480.500
06/20/2011	10.23	10.44	10.20	10.26	127190	3825170.500
06/21/2011	10.27	10.41	9.91	10.18	127820	3792975.000
06/22/2011	10.23	10.23	9.95	10.15	63509	1869851.875
06/23/2011	9.98	10.40	9.96	10.38	168571	5081972.500
06/24/2011	10.38	10.56	10.30	10.51	295516	9073337.000
06/27/2011	10.50	10.65	10.48	10.51	248670	7687822.500
06/28/2011	10.46	10.84	10.43	10.69	185074	5763599.500
06/29/2011	10.58	10.77	10.46	10.59	175523	5474151.500
06/30/2011	10.59	10.70	10.48	10.61	230743	7175229.500
07/01/2011	10.72	10.72	10.57	10.61	203063	6316675.000
07/04/2011	10.72	10.79	10.60	10.75	352061	11029473.000
07/05/2011	10.75	11.03	10.75	10.80	339863	10807824.000
07/06/2011	10.80	10.80	10.49	10.80	224486	7037170.000
07/07/2011	10.79	10.95	10.62	10.90	651218	20663602.000
07/08/2011	10.89	10.98	10.76	10.79	209566	6664008.500
07/11/2011	10.70	10.77	10.62	10.75	267939	8395456.000
07/12/2011	10.62	10.68	10.42	10.44	254533	7872755.500
07/13/2011	10.41	10.66	10.28	10.66	386901	11942460.000
07/14/2011	10.65	11.02	10.58	11.01	633439	20036356.000
07/15/2011	11.02	11.12	10.90	11.03	504633	16285499.000
07/18/2011	11.09	11.38	10.93	11.01	371747	12104839.000
07/19/2011	10.94	10.96	10.75	10.77	310014	9836829.000
07/20/2011	10.96	11.08	10.84	11.02	359435	11557398.000
07/21/2011	10.85	11.12	10.82	10.87	243358	7821817.500
07/22/2011	10.87	10.90	10.74	10.79	326941	10356494.000
07/25/2011	10.62	10.77	10.17	10.26	255786	7852213.000
07/26/2011	10.23	10.27	9.88	10.05	186337	5497509.500
07/27/2011	10.03	10.24	9.97	10.22	353481	10537637.000
07/28/2011	10.17	10.32	10.12	10.19	141409	4225972.500
07/29/2011	10.22	10.29	10.11	10.23	145954	4368999.000
08/01/2011	10.16	10.34	10.16	10.26	201072	6052651.000
08/02/2011	10.18	10.20	9.88	10.16	340730	9980678.000
08/03/2011	10.06	10.50	9.99	10.37	275729	8333841.500
08/04/2011	10.37	10.54	10.19	10.23	224613	6816922.000
08/05/2011	10.09	10.09	9.78	9.90	285307	8312636.000
08/08/2011	9.66	9.92	9.19	9.45	609266	17108240.000
08/09/2011	9.20	9.53	9.12	9.39	458937	12593832.000
08/10/2011	9.54	9.60	9.20	9.26	598224	16536143.000
08/11/2011	9.08	9.42	8.91	9.36	565107	15319768.000
08/12/2011	9.42	9.58	9.42	9.53	435127	12139890.000
08/15/2011	9.56	9.75	9.56	9.66	371099	10526086.000
08/16/2011	9.61	9.73	9.54	9.62	301131	8505883.000
08/17/2011	9.55	10.19	9.55	9.97	687991	20155858.000
08/18/2011	9.89	10.01	9.57	9.69	243459	6984897.000
08/19/2011	9.50	9.74	9.41	9.71	257034	7218819.000
08/22/2011	9.75	9.90	9.65	9.81	375639	10806444.000
08/23/2011	9.87	10.15	9.83	10.13	478369	14074727.000
08/24/2011	9.97	10.12	9.88	9.92	779645	22857794.000
08/25/2011	9.95	9.98	9.64	9.86	633665	18233756.000
08/26/2011	9.92	10.05	9.84	9.96	431033	12596367.000
08/29/2011	9.99	9.99	9.64	9.81	757359	21741578.000
08/30/2011	9.83	9.84	9.50	9.51	484788	13802179.000
08/31/2011	9.57	9.64	9.38	9.50	239436	6668858.500
09/01/2011	9.50	9.56	9.34	9.42	200076	5543076.500
09/02/2011	9.40	9.46	9.31	9.35	139800	3844315.250
09/05/2011	9.22	9.24	8.95	8.98	335871	8944624.000
09/06/2011	8.95	9.04	8.81	8.95	441346	11543102.000
09/07/2011	8.93	9.09	8.93	9.07	213366	5659362.000
09/08/2011	9.13	9.41	9.00	9.03	325017	8807006.000
09/09/2011	9.11	9.19	8.84	8.90	239406	6294821.500
09/13/2011	8.81	8.81	8.63	8.64	237222	6059918.500
09/14/2011	8.74	8.75	8.54	8.72	123123	3142990.750
09/15/2011	8.72	8.99	8.72	8.91	216545	5663856.500
09/16/2011	8.94	9.08	8.85	8.91	142384	3734397.000
09/19/2011	8.87	8.87	8.67	8.69	77999	2004002.125
09/20/2011	8.60	8.75	8.57	8.67	255620	6516711.500
09/21/2011	8.59	8.91	8.57	8.89	354509	9147312.000
09/22/2011	8.84	8.97	8.61	8.61	360190	9381081.000
09/23/2011	8.50	8.50	8.31	8.45	221763	5481758.000
09/26/2011	8.41	8.49	8.15	8.23	235010	5728223.500
09/27/2011	8.25	8.35	8.18	8.30	134945	3276205.750
09/28/2011	8.30	8.35	8.12	8.13	169700	4128836.000
09/29/2011	8.00	8.08	7.84	7.89	249651	5825373.500
09/30/2011	7.89	8.00	7.77	7.89	116901	2706564.000
10/10/2011	7.97	7.98	7.87	7.92	134685	3137128.500
10/11/2011	8.15	8.15	7.58	7.68	414900	9622066.000
10/12/2011	7.66	7.96	7.42	7.96	285798	6527159.000
10/13/2011	7.93	8.11	7.87	8.03	254998	6023924.000
10/14/2011	7.99	8.01	7.80	7.97	169113	3929313.500
10/17/2011	7.98	8.07	7.88	7.95	232452	5458111.500
10/18/2011	7.82	7.94	7.58	7.60	188515	4329326.500
10/19/2011	7.60	7.66	7.42	7.45	204567	4538651.500
10/20/2011	7.45	7.45	7.16	7.16	214439	4588405.500
10/21/2011	7.21	7.35	7.11	7.14	253790	5405861.500
10/24/2011	7.18	7.21	6.78	7.17	502343	10376560.000
10/25/2011	7.24	7.62	7.12	7.58	455202	9928066.000
10/26/2011	7.47	7.96	7.47	7.77	674921	15508623.000
10/27/2011	7.79	8.07	7.76	7.87	668846	15652578.000
10/28/2011	7.98	8.68	7.85	8.68	1483314	36396232.000
10/31/2011	8.92	9.50	8.92	9.36	3990804	108083432.000
11/01/2011	9.18	9.32	9.06	9.27	1988586	53720696.000
11/02/2011	9.00	9.88	8.98	9.73	2203136	60278972.000
11/03/2011	9.60	9.81	9.29	9.29	1912172	53058588.000
11/04/2011	9.26	9.46	9.02	9.25	1289034	34819300.000
11/07/2011	9.19	9.37	9.08	9.29	908667	24749780.000
11/08/2011	9.34	9.34	9.02	9.07	739541	19915820.000
11/09/2011	9.16	9.38	8.99	9.32	1030623	27911512.000
11/10/2011	9.22	9.71	9.09	9.09	1641631	45612588.000
11/11/2011	9.18	9.26	9.00	9.11	876965	23553474.000
11/14/2011	9.36	9.71	9.31	9.43	1540565	43049100.000
11/15/2011	9.32	9.67	9.32	9.57	1164279	32525442.000
11/16/2011	9.62	9.62	9.09	9.23	950875	26048994.000
11/17/2011	9.19	9.67	9.19	9.58	1941285	54301800.000
11/18/2011	9.47	9.63	9.13	9.16	1239308	33937512.000
11/21/2011	9.12	9.25	8.45	8.64	1410635	36011044.000
11/22/2011	8.50	8.76	8.50	8.73	566439	14407365.000
11/23/2011	8.73	8.83	8.64	8.69	482402	12400884.000
11/24/2011	8.62	8.84	8.42	8.78	624803	15919339.000
11/25/2011	8.76	8.82	8.53	8.67	450142	11536190.000
11/28/2011	8.77	8.87	8.62	8.73	589280	15166367.000
11/29/2011	8.80	8.84	8.67	8.79	393507	10106511.000
11/30/2011	8.71	8.87	7.91	8.06	936458	23269614.000
12/01/2011	8.39	8.53	8.29	8.39	677978	16803064.000
12/02/2011	8.41	8.48	8.08	8.15	408667	9941960.000
12/05/2011	8.27	8.27	7.64	7.79	498130	11520990.000
12/06/2011	7.70	8.08	7.63	7.96	376065	8752566.000
12/07/2011	7.93	8.21	7.87	7.98	661246	15614119.000
12/08/2011	7.98	8.27	7.61	8.11	910628	21343130.000
12/09/2011	7.82	8.60	7.82	8.50	1667554	40999428.000
12/12/2011	8.48	8.62	8.36	8.50	834196	20846720.000
12/13/2011	8.46	8.88	8.30	8.67	1554766	39470684.000
12/14/2011	8.50	8.69	7.98	8.04	1336695	32913040.000
12/15/2011	7.81	8.24	7.74	8.01	774717	18396464.000
12/16/2011	7.92	8.65	7.92	8.51	1457754	35474104.000
12/19/2011	8.53	9.05	8.37	8.90	2387662	61389708.000
12/20/2011	8.81	8.91	8.51	8.57	1938162	49581368.000
12/21/2011	8.69	8.73	7.97	7.97	2309925	56618408.000
12/22/2011	7.84	8.28	7.52	8.15	1945994	45188640.000
12/23/2011	8.01	8.28	7.97	8.09	1200256	28773336.000
12/26/2011	8.00	8.14	7.71	7.73	741052	17382698.000
12/27/2011	7.69	7.72	7.11	7.18	872009	19391426.000
12/28/2011	7.11	7.28	7.00	7.18	768166	16226574.000
12/29/2011	7.18	7.33	7.11	7.33	422209	9049015.000
12/30/2011	7.35	7.64	7.31	7.56	527972	11723534.000
01/04/2012	7.63	7.69	7.24	7.24	541752	12020421.000
01/05/2012	7.21	7.35	6.93	7.03	582826	12224685.000
01/06/2012	7.02	7.42	6.71	7.31	465205	9635616.000
01/09/2012	7.25	7.64	7.20	7.60	984253	21482806.000
01/10/2012	7.50	7.84	7.50	7.78	815599	18545254.000
01/11/2012	7.76	7.94	7.66	7.72	654477	15025083.000
01/13/2012	7.58	7.71	6.93	7.02	915513	19507220.000
01/16/2012	7.00	7.01	6.77	6.85	686420	14011651.000
01/17/2012	6.83	7.33	6.83	7.26	475517	9974709.000
01/18/2012	7.19	7.41	6.55	6.59	920956	18827002.000
01/19/2012	6.56	6.75	6.51	6.75	482781	9525942.000
01/20/2012	6.75	6.92	6.73	6.88	438298	8849568.000
01/30/2012	6.99	6.99	6.74	6.75	357303	7222165.000
01/31/2012	6.82	6.82	6.59	6.77	343366	6778114.500
02/01/2012	6.77	7.02	6.68	6.91	831011	17024980.000
02/02/2012	6.92	7.24	6.87	7.19	828302	17351310.000
02/03/2012	7.09	7.46	7.09	7.42	1022403	22061358.000
02/06/2012	7.45	7.61	7.32	7.44	919466	20191766.000
02/07/2012	7.36	7.42	7.18	7.31	707717	15223827.000
02/08/2012	7.23	7.55	7.22	7.54	812620	17860386.000
02/09/2012	7.51	7.91	7.49	7.63	1288043	29421984.000
02/10/2012	7.69	7.80	7.61	7.78	879664	20039946.000
02/13/2012	7.67	8.11	7.64	7.97	1210980	28415738.000
02/14/2012	7.87	7.98	7.77	7.79	967909	22423322.000
02/15/2012	7.71	7.91	7.71	7.87	608945	14036803.000
02/16/2012	7.87	7.87	7.70	7.75	724935	16637306.000
02/17/2012	7.77	7.84	7.56	7.76	770493	17490582.000
02/20/2012	7.87	8.04	7.73	8.04	1362648	31836200.000
02/21/2012	8.04	8.30	7.91	8.25	978322	23243834.000
02/22/2012	8.23	8.37	8.16	8.34	1199363	29142246.000
02/23/2012	8.35	8.43	8.20	8.32	962260	23540518.000
02/24/2012	8.33	8.62	8.30	8.60	1226030	30701450.000
02/27/2012	8.67	9.16	8.67	8.77	1933928	50451628.000
02/28/2012	8.69	8.86	8.22	8.77	2324054	58643976.000
02/29/2012	8.36	8.46	8.11	8.14	1709269	41469588.000
03/01/2012	8.25	8.41	8.13	8.15	1181924	28730066.000
03/02/2012	8.16	8.35	8.16	8.30	1321817	32056188.000
03/05/2012	8.37	8.42	8.25	8.27	1022948	25055960.000
03/06/2012	8.20	8.24	7.93	7.98	1041195	24649562.000
03/07/2012	7.85	8.12	7.85	7.94	789994	18634712.000
03/08/2012	7.94	8.04	7.94	7.98	1382451	32566280.000
03/09/2012	8.05	8.13	8.00	8.11	1440384	34246748.000
03/12/2012	8.09	8.27	8.08	8.23	1112484	26799382.000
03/13/2012	8.25	8.36	8.18	8.34	1106016	26909674.000
03/14/2012	8.34	8.39	7.61	7.63	2955498	70643656.000
03/15/2012	7.69	7.71	7.44	7.57	1401192	31263084.000
03/16/2012	7.60	7.76	7.53	7.72	1012676	22860042.000
03/19/2012	7.73	7.83	7.64	7.83	871509	19890630.000
03/20/2012	7.80	7.86	7.53	7.54	851503	19182184.000
03/21/2012	7.57	7.60	7.32	7.48	1054548	23176564.000
03/22/2012	7.42	7.54	7.41	7.52	574846	12694788.000
03/23/2012	7.49	7.50	7.31	7.34	820415	17895710.000
03/26/2012	7.35	7.45	7.34	7.39	325433	7107783.000
03/28/2012	7.30	7.41	6.92	6.93	681439	14237016.000
03/29/2012	6.93	7.01	6.76	6.88	501654	10234460.000
03/30/2012	6.96	6.96	6.73	6.79	565267	11387676.000
04/05/2012	6.82	7.11	6.80	7.07	736140	15200523.000
04/06/2012	7.07	7.16	6.97	7.07	545580	11402460.000
04/09/2012	7.05	7.09	6.95	6.96	365985	7570407.500
04/10/2012	6.92	7.01	6.74	6.97	533883	10829520.000
04/11/2012	6.82	7.04	6.82	6.99	457544	9405837.000
04/12/2012	7.00	7.18	7.00	7.16	618169	12965573.000
04/13/2012	7.20	7.26	7.13	7.17	483954	10282215.000
04/16/2012	7.10	7.20	7.07	7.16	394604	8320084.500
04/17/2012	7.11	7.19	7.02	7.06	386372	8091944.500
04/18/2012	7.06	7.27	6.90	7.25	503115	10660391.000
04/19/2012	7.25	7.30	7.20	7.27	495636	10624119.000
04/20/2012	7.30	7.34	7.22	7.33	527141	11359170.000
04/23/2012	7.18	7.23	6.80	6.86	972698	20071062.000
04/24/2012	6.76	6.92	6.70	6.84	586565	11792124.000
04/25/2012	6.86	6.98	6.84	6.90	291677	5978193.000
04/26/2012	6.96	6.96	6.80	6.85	388695	7886313.500
04/27/2012	6.79	6.93	6.79	6.93	714177	14502686.000
05/02/2012	6.98	7.10	6.97	7.06	570721	11859621.000
05/03/2012	7.04	7.04	6.90	6.98	496078	5648466.500
05/04/2012	7.07	7.33	7.01	7.17	1518193	17923554.000
05/07/2012	7.10	7.44	7.09	7.41	1925538	23043164.000
05/08/2012	7.44	7.51	7.29	7.38	1781223	21471728.000
05/09/2012	7.29	7.41	7.17	7.21	1400693	16632140.000
05/10/2012	7.25	7.32	7.13	7.21	1070909	12623075.000
05/11/2012	7.21	7.28	7.13	7.16	907865	10687022.000
05/14/2012	7.21	7.40	7.11	7.23	1375953	16280082.000
05/15/2012	7.21	7.21	6.98	7.06	926699	10713027.000
05/16/2012	6.99	7.10	6.86	6.86	863720	9879986.000
05/17/2012	6.94	6.99	6.85	6.96	484327	5490473.500
05/18/2012	6.91	7.56	6.86	7.23	3472299	41415520.000
05/21/2012	7.17	7.31	6.92	6.98	1828201	21034476.000
05/22/2012	7.00	7.08	6.98	7.06	732904	8418961.000
05/23/2012	7.06	7.08	6.88	6.88	917552	10465354.000
05/24/2012	6.85	6.98	6.85	6.91	522180	5900896.500
05/25/2012	6.93	7.07	6.79	6.80	787018	8891914.000
05/28/2012	6.80	6.93	6.76	6.92	684136	7668182.000
05/29/2012	6.92	7.13	6.91	7.03	787703	9036369.000
05/30/2012	7.04	7.46	6.99	7.26	3166816	37853860.000
05/31/2012	7.34	8.00	7.26	7.80	7692804	97124392.000
06/01/2012	7.68	7.74	7.38	7.52	4986360	61236896.000
06/04/2012	7.29	7.71	7.26	7.36	3462969	42392672.000
06/05/2012	7.43	7.79	7.43	7.79	4701671	58695060.000
06/06/2012	7.91	8.09	7.76	7.88	5509550	71254248.000
06/07/2012	7.96	8.28	7.83	7.86	4693254	61421116.000
06/08/2012	7.86	7.88	7.41	7.51	4864705	60440884.000
06/11/2012	7.45	8.28	7.35	8.28	7179112	92493912.000
06/12/2012	8.60	8.71	8.10	8.17	12450195	171491648.000
06/13/2012	8.19	8.66	8.01	8.47	8532809	116347792.000
06/14/2012	8.41	8.49	8.23	8.24	4877354	66138344.000
06/15/2012	8.23	8.63	8.04	8.48	6530140	88516608.000
06/18/2012	8.48	8.79	8.32	8.61	6293868	87888288.000
06/19/2012	8.59	8.59	8.26	8.27	4930453	67490536.000
06/20/2012	8.28	8.78	8.23	8.39	4605091	64051460.000
06/21/2012	8.29	8.29	7.93	8.01	3957251	51945012.000
06/25/2012	7.88	8.08	7.67	7.68	2107563	27046906.000
06/26/2012	7.72	7.73	7.36	7.66	1898511	23435770.000
06/27/2012	7.66	7.83	7.56	7.68	2190848	27488812.000
06/28/2012	7.64	7.78	7.48	7.50	2003165	24949186.000
06/29/2012	7.38	7.66	7.32	7.60	1602924	19627300.000
07/02/2012	7.67	7.95	7.66	7.83	2494136	31789134.000
07/03/2012	7.84	7.91	7.71	7.81	2054003	26204942.000
07/04/2012	7.83	7.88	7.49	7.64	2060329	25802210.000
07/05/2012	7.69	7.73	7.40	7.44	1955743	24062424.000
07/06/2012	7.48	7.51	6.99	7.27	3187730	37621664.000
07/09/2012	7.15	7.27	6.88	6.88	2233848	25799366.000
07/10/2012	6.87	7.00	6.81	6.93	1207453	13637713.000
07/11/2012	6.91	7.08	6.86	7.06	828587	9416672.000
07/12/2012	7.06	7.26	7.01	7.16	1554312	18195506.000
07/13/2012	6.53	6.66	6.43	6.43	3338127	35344608.000
07/16/2012	6.04	6.32	5.78	5.84	4050282	39891156.000
07/17/2012	5.84	5.94	5.73	5.88	843642	8108891.000
07/18/2012	5.88	5.88	5.68	5.84	1205899	11397957.000
07/19/2012	5.81	5.96	5.73	5.89	1383607	13332857.000
07/20/2012	5.85	5.90	5.75	5.76	972124	9303210.000
07/23/2012	5.75	5.85	5.68	5.76	751050	7150879.000
07/24/2012	5.70	5.88	5.69	5.81	700614	6648615.500
07/25/2012	5.79	5.98	5.73	5.85	1094428	10526732.000
07/26/2012	5.84	5.94	5.71	5.74	768860	7371831.000
07/27/2012	5.78	5.81	5.69	5.71	607958	5730126.500
07/30/2012	5.69	5.79	5.37	5.42	1266712	11383356.000
07/31/2012	5.39	5.50	5.30	5.38	603810	5334646.000
08/01/2012	5.38	5.52	5.35	5.44	387463	3482673.000
08/02/2012	5.49	5.53	5.35	5.48	447780	4017819.250
08/03/2012	5.53	5.58	5.40	5.56	553330	5009913.500
08/06/2012	5.51	5.77	5.48	5.76	740891	6895242.000
08/07/2012	5.79	5.84	5.73	5.82	781077	7418804.500
08/08/2012	5.78	6.09	5.73	5.88	1360949	13237254.000
08/09/2012	5.81	6.03	5.76	6.03	1164847	11333362.000
08/10/2012	5.99	6.00	5.87	5.94	1006075	9777255.000
08/13/2012	5.90	5.95	5.78	5.79	655380	6302189.000
08/14/2012	5.79	5.84	5.62	5.83	701062	6620746.500
08/15/2012	5.85	5.85	5.74	5.76	453449	4302349.500
08/16/2012	5.73	5.77	5.63	5.69	470116	4390054.500
08/17/2012	5.65	5.76	5.65	5.71	266926	2502088.750
08/20/2012	5.68	5.79	5.59	5.73	348131	3238614.000
08/21/2012	5.76	5.94	5.69	5.93	666198	6400868.500
08/22/2012	5.99	6.41	5.95	6.04	1609395	16153165.000
08/23/2012	5.98	6.09	5.93	6.07	705527	6943761.500
08/24/2012	6.03	6.08	5.97	6.08	875145	8640309.000
08/27/2012	6.02	6.28	5.98	6.16	2213222	22441910.000
08/28/2012	6.11	6.21	5.99	6.16	953121	9525900.000
08/29/2012	6.14	6.23	5.99	6.07	1372426	13751134.000
08/30/2012	6.09	6.09	5.60	5.74	1102269	10545885.000
08/31/2012	5.72	5.82	5.69	5.74	380865	3581022.500
09/03/2012	5.72	5.84	5.61	5.81	739162	6994882.000
09/04/2012	5.81	5.88	5.73	5.76	691869	6585466.000
09/05/2012	5.76	5.94	5.68	5.91	760031	7280774.500
09/06/2012	5.93	6.13	5.91	6.10	949205	9403944.000
09/07/2012	6.16	6.36	6.08	6.20	2454082	25018706.000
09/10/2012	6.17	6.41	6.12	6.33	1829047	18827484.000
09/11/2012	6.98	6.98	6.62	6.76	8757983	98721472.000
09/12/2012	6.60	6.71	6.46	6.60	3964890	42643084.000
09/13/2012	6.61	6.91	6.35	6.36	3199555	34361224.000
09/14/2012	6.39	6.54	6.28	6.34	1971812	20618194.000
09/17/2012	6.34	6.40	5.94	5.96	1686852	16956006.000
09/18/2012	5.95	6.01	5.82	5.88	766201	7444607.500
09/19/2012	5.89	6.03	5.78	5.92	1032870	9978966.000
09/20/2012	5.91	5.93	5.54	5.56	1297360	12099455.000
09/21/2012	5.54	6.02	5.53	5.58	1413346	13144018.000
09/24/2012	5.48	5.73	5.38	5.58	669078	6076109.000
09/25/2012	5.57	5.59	5.48	5.52	337658	3069118.250
09/26/2012	5.43	5.54	5.19	5.19	727622	6381219.000
09/27/2012	5.19	5.53	5.18	5.35	1007799	8854175.000
09/28/2012	5.31	5.46	5.29	5.43	768331	6815440.000
10/08/2012	5.39	5.52	5.35	5.44	725931	6496875.000
10/09/2012	5.44	5.83	5.37	5.66	1243267	11422828.000
10/10/2012	5.76	5.78	5.63	5.70	1036883	9673833.000
10/11/2012	5.68	5.74	5.54	5.56	760951	7037144.500
10/12/2012	5.56	5.64	5.42	5.58	647625	5898433.000
10/15/2012	5.46	5.66	5.32	5.41	1092418	9721508.000
10/16/2012	5.51	5.56	5.35	5.41	1010449	9053680.000
10/17/2012	5.38	5.45	5.38	5.45	342520	3051750.750
10/18/2012	5.44	5.56	5.44	5.55	751463	6821350.000
10/19/2012	5.54	5.59	5.49	5.54	603961	5490805.000
10/22/2012	5.51	5.53	5.43	5.48	746363	6723467.500
10/23/2012	5.49	5.58	5.44	5.46	868745	7859459.000
10/24/2012	5.41	5.46	5.38	5.38	493080	4381212.000
10/25/2012	5.41	5.44	5.28	5.31	606303	5358326.500
10/26/2012	5.29	5.33	5.14	5.17	847283	7273704.500
10/29/2012	5.17	5.21	5.04	5.08	506045	4269982.000
10/30/2012	5.15	5.16	5.08	5.10	301815	2545011.000
10/31/2012	5.14	5.54	5.14	5.28	2382996	21004120.000
11/01/2012	5.21	5.33	5.15	5.28	1467945	12727992.000
11/02/2012	5.29	5.31	5.23	5.26	760578	6587478.500
11/05/2012	5.25	5.28	5.18	5.22	442349	3796823.000
11/06/2012	5.24	5.24	4.98	5.06	1290800	10775108.000
11/07/2012	5.08	5.12	4.95	5.06	648825	5397695.500
11/08/2012	5.01	5.01	4.88	4.91	701259	5736220.500
11/09/2012	4.87	4.94	4.85	4.85	415019	3346833.750
11/12/2012	4.91	5.35	4.91	5.07	1803440	15210963.000
11/13/2012	5.09	5.15	4.94	4.95	1175106	9787660.000
11/14/2012	4.95	5.08	4.83	5.07	1245280	10188524.000
11/15/2012	5.01	5.24	4.96	5.03	1599032	13409103.000
11/16/2012	5.13	5.55	5.13	5.55	6948739	63012784.000
11/19/2012	5.53	5.89	5.29	5.71	10310731	95195880.000
11/20/2012	5.61	6.18	5.53	5.84	10108186	95359880.000
11/21/2012	5.70	5.75	5.43	5.64	6552804	60335608.000
11/22/2012	5.59	5.77	5.53	5.59	5073749	46954604.000
11/23/2012	5.55	5.57	5.38	5.46	3706503	33209964.000
11/26/2012	5.41	5.63	5.31	5.51	4896170	44081076.000
11/27/2012	5.39	5.39	4.94	4.94	3966209	33142346.000
11/28/2012	4.81	4.81	4.60	4.64	3029828	23481776.000
11/29/2012	4.64	4.76	4.59	4.63	1930073	14922467.000
11/30/2012	4.56	4.68	4.56	4.64	1195006	9139727.000
12/03/2012	4.63	4.64	4.29	4.31	1888591	14129095.000
12/04/2012	4.29	4.44	4.25	4.44	2043307	14679600.000
12/05/2012	4.43	4.69	4.39	4.68	2825182	21387126.000
12/06/2012	5.16	5.16	4.94	5.16	2608513	22143550.000
12/07/2012	5.38	5.53	5.12	5.41	9003626	78285848.000
12/10/2012	5.30	5.69	5.29	5.53	7255103	65931552.000
12/11/2012	5.41	5.57	5.29	5.39	4815967	42688916.000
12/12/2012	5.34	5.70	5.31	5.58	6919129	62761960.000
12/13/2012	5.57	5.57	5.26	5.26	4296417	37938024.000
12/14/2012	5.19	5.54	5.19	5.44	4936059	44028972.000
12/17/2012	5.44	5.63	5.34	5.54	4485979	40475240.000
12/18/2012	5.50	5.64	5.39	5.45	3881148	35177900.000
12/19/2012	5.43	5.69	5.38	5.51	3676863	33578028.000
12/20/2012	5.48	5.83	5.36	5.63	5546823	51155236.000
12/21/2012	5.66	5.66	5.46	5.59	3419763	31160016.000
12/24/2012	5.51	5.61	5.45	5.51	2200026	19946182.000
12/25/2012	5.50	5.71	5.44	5.68	3976797	36732472.000
12/26/2012	5.66	6.04	5.59	6.01	7063180	67266320.000
12/27/2012	5.99	5.99	5.66	5.67	5259128	50031636.000
12/28/2012	5.61	5.76	5.43	5.64	3693737	33974892.000
12/31/2012	5.57	5.79	5.54	5.65	2102413	19614830.000
01/04/2013	5.67	5.73	5.53	5.58	1854617	17112928.000
01/07/2013	5.49	5.78	5.49	5.76	2863492	26778194.000
01/08/2013	5.73	5.97	5.61	5.94	4657615	44472304.000
01/09/2013	5.86	6.02	5.79	5.86	4038994	39157228.000
01/10/2013	5.90	6.09	5.83	5.91	3509719	34129132.000
01/11/2013	5.91	5.94	5.69	5.69	2797709	26706524.000
01/14/2013	6.28	6.28	6.28	6.28	3399700	34982912.000
01/15/2013	6.93	6.93	6.93	6.93	1183608	13398443.000
01/16/2013	7.63	7.63	7.63	7.63	1840530	22914598.000
01/17/2013	8.41	8.41	8.07	8.21	24218189	328502304.000
01/18/2013	7.98	8.79	7.81	8.04	16426957	221759632.000
01/21/2013	7.97	8.86	7.96	8.86	10195221	140759360.000
01/22/2013	9.23	9.53	8.34	8.56	17980681	262996688.000
01/23/2013	8.71	9.34	8.37	8.98	15530640	223347536.000
01/24/2013	8.61	9.04	8.30	8.66	12585342	176537344.000
01/25/2013	8.57	9.41	8.49	8.82	15466789	224864160.000
01/28/2013	8.68	9.16	8.51	9.04	11744972	168713040.000
01/29/2013	9.18	9.96	8.79	9.48	20873028	318151008.000
01/30/2013	9.19	9.44	9.03	9.15	13605788	202999168.000
01/31/2013	9.23	9.32	8.54	8.84	12232276	177537200.000
02/01/2013	8.59	8.89	8.29	8.63	8705381	122259408.000
02/04/2013	8.56	8.72	8.26	8.40	6921907	94765656.000
02/05/2013	8.30	8.58	8.23	8.44	5136213	70249120.000
02/06/2013	8.41	8.71	8.36	8.46	5362494	74473120.000
02/07/2013	8.56	8.62	8.44	8.46	4785537	66365452.000
02/08/2013	8.46	8.77	8.30	8.67	7771230	108523768.000
02/18/2013	8.79	9.07	8.69	8.94	8999258	130292368.000
02/19/2013	8.91	8.91	8.51	8.54	5887280	82960080.000
02/20/2013	8.51	8.89	8.51	8.73	6870423	97971072.000
02/21/2013	8.73	8.73	8.30	8.36	4906916	68056736.000
02/22/2013	8.26	8.48	8.12	8.38	4887887	65772596.000
02/25/2013	8.55	9.24	8.49	9.24	13562802	199004320.000
02/26/2013	9.29	9.99	9.04	9.48	18559799	285098592.000
02/27/2013	9.44	9.67	9.05	9.35	8892247	134585632.000
02/28/2013	9.28	9.63	8.90	9.49	13817644	207102720.000
03/01/2013	9.29	9.91	9.23	9.80	15023110	235351216.000
03/04/2013	9.76	10.23	9.29	9.49	13091225	208124160.000
03/05/2013	9.57	9.57	8.96	9.44	7350936	111250736.000
03/06/2013	9.50	9.65	9.24	9.34	5994747	91231968.000
03/07/2013	9.33	9.39	8.75	8.79	6569992	96598192.000
03/08/2013	8.78	8.78	8.34	8.35	5745396	79467064.000
03/11/2013	8.33	8.59	8.33	8.44	3354548	46392772.000
03/12/2013	8.48	8.51	7.68	7.98	6315574	82735376.000
03/13/2013	7.91	7.91	7.53	7.66	5933574	74199744.000
03/14/2013	7.51	7.78	7.48	7.51	5074706	62826068.000
03/15/2013	7.48	7.74	7.36	7.50	5920477	73016208.000
03/18/2013	7.50	7.81	7.48	7.65	5539425	69107240.000
03/19/2013	7.66	7.70	7.14	7.46	4707613	56792404.000
03/20/2013	7.50	7.76	7.39	7.73	5579051	69227016.000
03/21/2013	7.73	8.28	7.64	8.04	9919222	129846192.000
03/22/2013	7.97	8.06	7.83	7.99	4997013	64579892.000
03/25/2013	8.03	8.10	7.83	7.84	3796781	48979144.000
03/26/2013	7.73	7.82	7.43	7.44	4577113	56071944.000
03/27/2013	7.45	7.57	7.28	7.37	3296117	39953448.000
03/28/2013	7.35	7.35	7.04	7.06	3001583	35093228.000
03/29/2013	7.13	7.21	7.06	7.10	1966284	22893978.000
04/01/2013	7.16	7.43	7.14	7.34	2986498	35550160.000
04/02/2013	7.29	7.74	7.29	7.40	5272056	64635568.000
04/03/2013	7.15	7.26	6.79	7.01	4081242	46687080.000
04/08/2013	6.85	6.95	6.48	6.91	3486353	38412592.000
04/09/2013	6.86	7.06	6.85	6.99	2560688	29250030.000
04/10/2013	6.91	7.04	6.77	7.04	2654819	30015944.000
04/11/2013	7.04	7.32	6.99	7.10	4316534	50423996.000
04/12/2013	7.03	7.09	6.85	6.85	2274287	25846446.000
04/15/2013	6.74	6.94	6.69	6.78	1804865	20118848.000
04/16/2013	6.71	7.01	6.63	7.01	2691573	30262376.000
04/17/2013	7.01	7.09	6.93	7.06	2569892	29459286.000
04/18/2013	7.00	7.48	6.98	7.33	5684740	67354032.000
04/19/2013	7.29	7.43	7.21	7.36	4471370	53602344.000
04/22/2013	7.29	7.51	7.24	7.49	4184127	50253760.000
04/23/2013	7.48	7.54	6.73	7.14	4084690	48357244.000
04/24/2013	7.10	7.41	7.07	7.36	3192446	37912532.000
04/25/2013	7.36	7.37	7.03	7.05	2745605	32397262.000
04/26/2013	7.00	7.14	6.63	6.93	2949665	32986294.000
05/02/2013	6.85	7.13	6.81	7.08	2126365	24228456.000
05/03/2013	7.08	7.38	7.03	7.25	2971743	35311304.000
05/06/2013	7.26	7.91	7.26	7.75	7648555	96110696.000
05/07/2013	7.71	8.54	7.71	8.19	13413392	179536384.000
05/08/2013	8.44	8.59	8.01	8.41	11989706	162150944.000
05/09/2013	8.44	9.15	8.33	8.98	15119322	215469344.000
07/11/2013	9.89	9.89	8.63	9.03	18054530	268761280.000
07/12/2013	8.63	9.24	8.56	8.83	11846129	170878528.000
07/15/2013	9.08	9.17	8.81	8.88	8681070	125932688.000
07/16/2013	8.82	9.08	8.66	8.78	6976937	100054464.000
07/17/2013	8.78	8.81	8.19	8.23	7803034	107466152.000
07/18/2013	8.21	8.59	8.19	8.46	6139940	83809328.000
07/19/2013	8.38	9.19	8.35	8.93	16291167	233373184.000
07/22/2013	8.81	9.79	8.64	9.78	15171429	228149696.000
07/23/2013	9.66	9.91	9.37	9.65	13073119	203121360.000
07/24/2013	9.57	10.63	9.41	10.63	14355636	231349056.000
07/25/2013	10.81	10.89	9.75	9.80	15674725	261271200.000
07/26/2013	9.69	10.79	9.38	10.28	12968926	210877408.000
07/29/2013	9.63	10.06	9.55	9.61	8394586	132898792.000
07/30/2013	9.56	9.80	8.88	9.24	6777200	102356960.000
07/31/2013	9.34	10.00	9.25	9.50	7570997	118325040.000
08/01/2013	9.44	9.98	9.42	9.86	8096428	127959856.000
08/02/2013	9.88	10.14	9.63	9.66	8973954	142905040.000
08/05/2013	9.58	9.86	9.44	9.72	5602015	87475408.000
08/06/2013	9.68	9.81	9.56	9.65	5500486	86211360.000
08/07/2013	9.63	9.63	9.00	9.14	6973666	104688264.000
08/08/2013	9.13	9.43	8.99	9.22	4031239	60492736.000
08/09/2013	9.19	9.29	8.89	9.06	4157671	61114900.000
08/12/2013	9.41	9.55	9.13	9.23	6077847	92241992.000
08/13/2013	9.15	9.45	9.09	9.30	4094098	61588260.000
08/14/2013	9.27	9.32	9.09	9.16	3413769	50803192.000
08/15/2013	9.11	9.25	8.95	8.99	3123574	46209216.000
08/16/2013	8.84	9.15	8.64	8.69	3775004	54803300.000
08/19/2013	8.57	8.99	8.57	8.98	2956212	42673592.000
08/20/2013	8.95	9.16	8.95	9.12	2824494	41610552.000
08/21/2013	9.13	9.56	9.06	9.41	6275454	95675344.000
08/22/2013	9.44	9.66	9.38	9.41	6552111	101055088.000
08/23/2013	9.44	9.59	8.98	9.53	6751181	102355344.000
08/26/2013	9.67	9.72	9.44	9.67	7514541	116959728.000
08/27/2013	9.67	9.67	9.48	9.56	4872511	75501952.000
08/28/2013	9.50	9.50	9.19	9.19	5290979	80294928.000
08/29/2013	9.09	9.43	9.08	9.11	3504638	52496528.000
08/30/2013	9.13	9.24	8.56	8.66	4889576	70156072.000
09/02/2013	8.70	9.02	8.54	9.00	3095551	44301896.000
09/03/2013	8.93	9.11	8.88	9.08	2521431	36858464.000
09/04/2013	9.09	9.17	8.94	8.97	2894336	42366332.000
09/05/2013	8.99	9.88	8.98	9.88	13094323	205208560.000
09/06/2013	10.06	10.06	9.59	9.94	12477214	199371552.000
09/09/2013	9.88	10.84	9.77	10.79	14338207	238589312.000
09/10/2013	10.85	11.41	10.60	11.05	15779228	283167392.000
09/11/2013	10.84	10.93	10.18	10.63	10731340	183827632.000
09/12/2013	10.51	10.93	10.26	10.30	7357992	125176320.000
09/13/2013	10.69	10.81	10.38	10.53	8600558	147618240.000
09/16/2013	10.34	10.63	10.21	10.41	5627738	94696104.000
09/17/2013	10.35	10.61	10.01	10.03	5634338	94065224.000
09/18/2013	10.06	10.85	9.98	10.83	8643674	147397904.000
09/23/2013	10.76	11.31	10.66	10.91	10343306	183809776.000
09/24/2013	10.91	11.33	10.77	11.05	9090504	163414352.000
09/25/2013	11.01	11.01	10.50	10.56	7604846	131950936.000
09/26/2013	10.50	10.73	10.34	10.38	4159980	71155704.000
09/27/2013	10.38	10.77	10.38	10.56	3932560	67397480.000
09/30/2013	10.81	11.30	10.72	11.20	7952560	142627872.000
10/08/2013	11.84	12.33	11.72	11.73	15785764	308624352.000
10/09/2013	11.47	12.92	11.47	12.92	21986302	438065216.000
10/10/2013	12.50	13.49	12.24	13.05	18458275	381268608.000
10/11/2013	12.82	13.50	12.79	12.88	10529434	221944832.000
10/14/2013	12.88	14.18	12.69	14.18	12044535	261297168.000
10/15/2013	14.54	15.61	13.96	15.61	18637380	453996096.000
10/16/2013	15.56	17.13	15.08	16.19	19288601	499166944.000
10/17/2013	16.01	17.82	15.97	17.82	16013906	442714592.000
10/18/2013	18.19	19.11	16.75	18.11	19824766	571524672.000
10/21/2013	17.87	19.93	17.63	19.93	11491363	352517152.000
10/22/2013	20.91	21.94	20.51	20.71	20886749	718603776.000
10/23/2013	20.78	22.29	19.26	21.37	19939209	671639232.000
10/24/2013	20.31	20.31	19.22	19.24	17818451	558856704.000
10/25/2013	19.06	21.18	19.06	20.50	20876609	689368640.000
10/28/2013	20.56	20.99	18.97	20.12	13713009	446283456.000
10/29/2013	19.24	19.56	18.09	18.09	14049122	422883040.000
10/30/2013	17.44	18.69	16.98	18.06	16508795	474851328.000
10/31/2013	17.75	18.18	17.12	17.12	12622837	358166432.000
11/01/2013	16.75	17.23	15.73	15.80	14398176	379999200.000
11/04/2013	16.24	17.31	16.24	16.75	16187559	435575232.000
11/05/2013	16.22	18.31	16.11	17.99	17207838	468256064.000
11/06/2013	17.57	19.44	17.53	18.25	20943701	627305728.000
11/07/2013	18.25	19.09	17.86	18.62	13825094	414324256.000
11/08/2013	18.24	18.81	17.73	18.39	12925868	381865408.000
11/11/2013	18.56	18.58	16.76	16.94	12058199	342851424.000
11/12/2013	16.93	18.01	16.48	18.01	12730063	353870592.000
11/13/2013	17.56	18.83	17.50	17.75	13448618	392455488.000
11/14/2013	17.74	18.72	17.53	18.19	13889549	407156480.000
11/15/2013	18.05	19.38	18.04	19.24	16665497	506666528.000
11/18/2013	19.38	19.56	18.94	19.48	13792419	428158816.000
11/19/2013	19.61	20.63	19.01	19.88	15040144	480867424.000
11/20/2013	19.88	19.88	19.26	19.73	9184226	289147744.000
11/21/2013	19.53	19.53	18.73	19.39	12262020	376270048.000
11/22/2013	19.31	19.40	18.63	18.63	9192034	280843232.000
11/25/2013	18.43	18.60	18.01	18.13	7594500	223889568.000
11/26/2013	18.13	18.57	18.13	18.29	6571867	194287488.000
11/27/2013	18.48	19.43	17.83	19.31	14120819	426042560.000
11/28/2013	19.31	19.31	18.68	18.71	9222155	280981888.000
11/29/2013	18.69	19.48	18.69	19.30	10976501	337981632.000
12/02/2013	17.56	17.97	17.36	17.36	8545881	241393712.000
12/03/2013	15.83	16.74	15.61	16.42	12150465	315444640.000
12/04/2013	16.43	17.09	15.88	15.91	10272330	274817856.000
12/05/2013	15.93	17.21	15.93	16.56	10903193	292614240.000
12/06/2013	16.72	17.03	16.16	16.48	6973684	186494448.000
12/09/2013	16.91	17.11	16.56	17.06	8456131	230105424.000
12/10/2013	16.87	16.88	16.22	16.34	7064757	187402176.000
12/11/2013	16.19	16.65	16.19	16.41	4885263	129479232.000
12/12/2013	16.38	16.71	16.13	16.52	5124211	136372400.000
12/13/2013	16.24	16.46	16.13	16.27	4159472	108974568.000
12/16/2013	16.18	17.50	16.16	17.36	12948409	352503840.000
12/17/2013	17.31	17.34	16.47	16.56	7160876	193832352.000
12/18/2013	16.50	16.68	15.81	15.97	5033721	130618288.000
12/19/2013	16.13	16.50	15.86	15.94	3594626	93749248.000
12/20/2013	16.02	16.28	15.74	16.03	3017701	77796544.000
12/23/2013	16.06	16.06	15.18	15.18	4971733	123891736.000
12/24/2013	15.02	15.59	14.88	15.25	3925382	96708528.000
12/25/2013	15.24	16.14	15.24	16.04	6810271	173636800.000
12/26/2013	15.93	16.04	15.31	15.34	5715344	144075344.000
12/27/2013	15.25	15.73	15.03	15.51	3695068	92493128.000
02/13/2014	17.07	17.07	17.07	17.07	579750	15948922.000
02/14/2014	18.74	18.79	17.97	18.79	18901212	564113536.000
02/17/2014	19.06	19.99	18.88	19.50	15601524	489385440.000
02/18/2014	19.52	19.52	18.76	18.97	10661666	326717984.000
02/19/2014	18.98	19.25	18.51	18.61	8940375	272021376.000
02/20/2014	18.47	18.59	17.66	17.94	7837452	227172976.000
02/21/2014	18.07	19.74	18.07	19.56	16150560	497516736.000
02/24/2014	20.44	21.13	19.81	20.71	16482678	544136320.000
02/25/2014	20.19	20.55	18.69	19.10	12904708	409998496.000
02/26/2014	18.63	20.08	18.19	20.08	11332374	354771680.000
02/27/2014	20.22	20.38	18.43	18.45	10542777	329558016.000
02/28/2014	18.00	19.06	17.88	18.91	6538328	195480416.000
03/03/2014	18.63	20.81	18.63	20.81	10192593	327016832.000
03/04/2014	21.13	21.94	20.74	21.28	17345799	595959872.000
03/05/2014	21.32	21.46	20.39	20.59	8698600	291362528.000
03/06/2014	20.63	20.81	19.61	20.24	7318472	238182592.000
03/07/2014	20.09	20.25	19.30	20.18	6656204	213541184.000
03/10/2014	20.14	21.11	19.35	19.69	8734409	286532640.000
03/11/2014	18.94	19.20	18.31	18.58	7041290	211652896.000
03/12/2014	18.44	18.81	18.01	18.40	4333542	128574064.000
03/13/2014	18.50	19.56	18.41	19.44	5663634	172940768.000
03/14/2014	19.14	19.19	18.50	18.69	4500162	136517072.000
03/17/2014	18.58	19.23	18.53	19.09	3634276	111067800.000
03/18/2014	19.09	20.62	18.94	20.33	8964315	286615328.000
03/19/2014	19.94	20.09	19.47	19.61	5888176	187058064.000
03/20/2014	19.49	19.85	17.64	18.00	6518446	196919872.000
03/21/2014	17.56	18.44	17.25	18.20	4217858	121397872.000
03/24/2014	18.22	18.72	18.04	18.11	3206286	94620360.000
03/25/2014	17.94	18.31	17.60	17.91	2880876	83031448.000
03/26/2014	18.00	18.57	17.98	18.49	3901895	114977120.000
03/27/2014	18.50	18.51	17.41	17.68	4994495	144164512.000
03/28/2014	17.42	17.61	16.13	16.33	5121916	138603872.000
03/31/2014	16.26	16.80	16.06	16.54	2521786	66885720.000
04/01/2014	16.88	17.18	16.78	16.94	2989846	81729280.000
04/02/2014	16.94	16.97	15.88	16.09	4777958	125033496.000
04/03/2014	16.00	16.34	15.64	16.02	2960168	76545152.000
04/04/2014	16.03	16.34	15.94	16.31	2854836	74652864.000
04/08/2014	15.73	16.03	14.88	15.93	5396268	134306368.000
04/09/2014	15.75	16.24	15.71	16.06	3979296	102937368.000
04/10/2014	16.52	16.74	16.16	16.18	5701141	151918192.000
04/11/2014	15.78	15.79	15.41	15.57	4439834	111662568.000
04/14/2014	15.51	16.02	15.50	15.82	2756580	70072816.000
04/15/2014	15.88	15.88	15.50	15.52	2489496	63034652.000
04/16/2014	15.56	15.74	15.44	15.52	1935146	48647800.000
04/17/2014	15.63	15.74	15.55	15.65	1988692	50193748.000
04/18/2014	15.54	15.83	15.54	15.83	2314689	58755284.000
04/21/2014	15.69	15.86	15.50	15.54	2484544	62693176.000
04/22/2014	15.44	15.63	14.26	14.84	4041475	97839400.000
04/23/2014	14.81	15.30	14.25	15.29	4280594	101995000.000
04/24/2014	15.19	15.26	14.79	14.89	3096797	75080376.000
04/25/2014	15.33	15.34	14.28	14.50	3046984	73686088.000
04/28/2014	14.25	14.25	13.04	13.04	4542495	98861712.000
04/29/2014	12.93	13.15	12.76	13.13	3483544	73217744.000
04/30/2014	13.12	13.37	13.01	13.16	2380744	50818964.000
05/05/2014	13.03	13.38	13.03	13.37	2086069	44714480.000
05/06/2014	13.44	13.79	13.43	13.58	3672267	80725560.000
05/07/2014	13.33	13.57	13.03	13.06	2532313	54064532.000
05/08/2014	12.91	13.28	12.76	12.85	2739731	57563460.000
05/09/2014	12.99	13.14	12.49	12.91	2825600	58644352.000
05/12/2014	12.95	13.34	12.91	13.29	2702261	57484768.000
05/13/2014	13.30	13.53	13.13	13.26	2381871	51260824.000
05/14/2014	13.13	13.13	12.80	12.97	2404685	50258116.000
05/15/2014	12.95	13.11	12.38	12.38	2804759	57450320.000
05/16/2014	12.31	12.37	11.87	12.28	2997685	58751884.000
05/19/2014	12.40	12.62	12.24	12.43	2369883	47683140.000
05/20/2014	12.63	12.92	12.50	12.56	3050967	62605972.000
05/21/2014	12.44	12.79	12.26	12.78	2541860	51781892.000
05/22/2014	12.76	13.13	12.60	12.63	3326741	69297312.000
05/23/2014	12.74	13.90	12.74	13.90	9407833	206284736.000
05/26/2014	14.06	15.19	13.90	14.99	12031285	282326656.000
05/27/2014	14.69	15.25	14.63	14.89	6816967	164230032.000
05/28/2014	14.92	15.63	14.92	15.56	7791791	192079328.000
05/29/2014	15.56	15.56	14.88	14.98	6302436	153821984.000
05/30/2014	14.79	15.27	14.50	14.90	6788251	101040336.000
06/03/2014	14.73	14.89	14.43	14.45	5380722	78770128.000
06/04/2014	14.60	15.90	14.56	15.90	24698064	382146400.000
06/05/2014	16.00	17.08	15.45	16.40	27277830	442835296.000
06/06/2014	16.20	16.63	15.91	16.20	14084806	229337840.000
06/09/2014	16.01	16.32	15.57	15.71	10831218	171920864.000
06/10/2014	15.61	16.55	15.41	16.41	13639643	218134752.000
06/11/2014	16.23	16.97	16.11	16.23	15181566	251624608.000
06/12/2014	16.00	16.11	15.68	15.97	8759723	139000512.000
06/13/2014	16.00	16.40	15.83	16.11	8872822	142977824.000
06/16/2014	16.10	16.53	16.01	16.23	9170601	148943072.000
06/17/2014	16.23	16.23	15.65	15.88	7967223	126300920.000
06/18/2014	16.03	16.04	15.26	15.28	6923873	107996048.000
06/19/2014	15.26	15.69	13.90	14.51	8642924	128920456.000
06/20/2014	14.58	14.68	14.25	14.67	5209480	75439896.000
06/23/2014	14.69	15.27	14.69	15.10	5851620	87722112.000
06/24/2014	15.10	15.47	14.92	15.20	4964647	75721648.000
06/25/2014	15.10	15.84	14.85	15.70	8418202	129567864.000
06/26/2014	15.87	15.88	15.61	15.72	8966030	141349008.000
06/27/2014	15.66	16.00	15.40	15.72	8324543	130762272.000
06/30/2014	15.75	15.75	15.46	15.60	5551782	86612888.000
07/01/2014	15.62	15.90	15.41	15.76	6917866	108563488.000
07/02/2014	15.70	15.92	15.42	15.59	6028699	94036952.000
07/03/2014	15.63	16.35	15.46	16.19	13331397	213290480.000
07/04/2014	16.09	16.25	15.75	15.81	7638574	121668936.000
07/07/2014	15.75	15.89	15.39	15.46	5336055	82867728.000
07/08/2014	15.47	15.88	15.35	15.79	6310564	98734008.000
07/09/2014	15.80	16.76	15.65	16.09	16184928	262717344.000
07/10/2014	15.91	16.60	15.66	16.12	13156150	212793600.000
07/11/2014	15.95	16.49	15.80	16.01	8337119	134409120.000
07/14/2014	16.11	17.61	16.10	17.61	19531131	328980896.000
07/15/2014	17.46	17.61	16.80	17.13	18553717	317724864.000
07/16/2014	17.07	17.45	16.63	16.90	13389060	229193504.000
07/17/2014	16.71	17.10	16.45	16.94	8978943	150323760.000
07/18/2014	16.89	17.12	16.60	16.61	6970084	117381016.000
07/21/2014	16.61	16.75	16.24	16.65	6462677	106542112.000
07/22/2014	16.51	17.10	16.51	16.75	6711695	112750312.000
07/23/2014	16.63	16.78	15.90	15.91	9144296	148824624.000
07/24/2014	15.80	15.80	15.00	15.28	7932082	121737752.000
07/25/2014	15.38	16.08	15.32	15.86	6711862	106070960.000
07/28/2014	15.90	16.18	15.60	16.11	6553731	104408160.000
07/29/2014	16.12	16.80	16.03	16.61	7804156	128795088.000
07/30/2014	16.75	16.98	16.47	16.69	7606718	127092032.000
07/31/2014	16.71	16.94	16.56	16.76	6250039	104750704.000
08/01/2014	16.69	17.90	16.53	16.98	13517020	233670672.000
08/04/2014	17.40	17.59	17.03	17.23	8528366	147292288.000
08/05/2014	17.07	17.50	16.67	17.39	9767769	167766384.000
08/06/2014	17.20	17.50	17.10	17.29	5922505	102347512.000
08/07/2014	17.35	17.77	17.12	17.13	7819045	136185584.000
08/08/2014	17.13	17.18	16.72	16.86	7086807	119753216.000
08/11/2014	16.71	17.79	16.71	17.79	14257118	248769856.000
08/12/2014	17.72	17.87	17.51	17.80	9484976	167705856.000
08/13/2014	17.67	18.20	17.50	17.64	8009449	142677760.000
08/14/2014	17.55	18.37	17.54	17.85	11272874	203870272.000
08/15/2014	17.74	18.07	17.71	17.97	7225732	129420008.000
数据来源:通达信
