300167 迪威视讯 日线
      日期	    开盘	    最高	    最低	    收盘	    成交量	    成交额
01/25/2011	6.98	6.98	6.28	6.39	2094372	94150184.000
01/26/2011	6.44	6.88	6.39	6.64	1273948	58454500.000
01/27/2011	6.54	6.73	6.36	6.66	886654	40027016.000
01/28/2011	6.66	6.77	6.59	6.68	497474	22906896.000
01/31/2011	6.66	6.83	6.62	6.77	473615	22018884.000
02/01/2011	6.73	6.78	6.73	6.76	291422	13534673.000
02/09/2011	6.76	6.81	6.61	6.62	320426	14821002.000
02/10/2011	6.61	7.19	6.60	7.13	747581	35737668.000
02/11/2011	7.03	7.16	7.03	7.13	429234	20952014.000
02/14/2011	7.16	7.46	7.13	7.43	750378	37744180.000
02/15/2011	7.44	7.45	7.29	7.30	508680	25710256.000
02/16/2011	7.28	7.51	7.28	7.49	720342	36830172.000
02/17/2011	7.49	7.54	7.39	7.49	484250	24829616.000
02/18/2011	7.44	7.47	7.32	7.44	422050	21416910.000
02/21/2011	7.44	7.49	7.38	7.49	398710	20419766.000
02/22/2011	7.47	7.49	7.09	7.09	587326	29388198.000
02/23/2011	7.19	7.47	7.14	7.35	536298	26982792.000
02/24/2011	7.34	7.41	7.24	7.30	341670	17165646.000
02/25/2011	7.28	7.28	7.17	7.25	173101	8589153.000
02/28/2011	7.21	7.32	7.21	7.28	204246	10210821.000
03/01/2011	7.28	7.38	7.27	7.33	257720	12945291.000
03/02/2011	7.29	7.32	7.25	7.29	231240	11573164.000
03/03/2011	7.29	7.32	7.10	7.12	261426	12925604.000
03/04/2011	7.11	7.19	7.05	7.19	99596	4887274.000
03/07/2011	7.20	7.34	7.20	7.26	212722	10635506.000
03/08/2011	7.25	7.33	7.24	7.33	239998	12011127.000
03/09/2011	7.37	7.37	7.25	7.30	194498	9737343.000
03/10/2011	7.26	7.40	7.26	7.27	320546	16130381.000
03/11/2011	7.30	7.42	7.27	7.30	520028	26216726.000
03/14/2011	7.35	7.47	7.31	7.46	504985	25684902.000
03/15/2011	7.46	7.50	7.28	7.37	467771	23660182.000
03/16/2011	7.36	7.46	7.32	7.40	289411	14652554.000
03/17/2011	7.34	7.39	7.24	7.25	376573	18924652.000
03/18/2011	7.24	7.34	7.24	7.28	127747	6396987.500
03/21/2011	7.24	7.31	7.19	7.23	164718	8197157.000
03/23/2011	7.21	7.31	7.21	7.29	127264	6348925.500
03/24/2011	7.29	7.31	7.22	7.25	128535	6408461.000
03/25/2011	7.25	7.26	7.18	7.21	210669	10434016.000
03/28/2011	7.21	7.24	7.06	7.08	252087	12357542.000
03/29/2011	7.09	7.10	6.82	6.85	313826	15018978.000
03/30/2011	6.76	6.88	6.64	6.75	290774	13487810.000
03/31/2011	6.76	6.82	6.73	6.76	103435	4824142.500
04/01/2011	6.80	6.85	6.76	6.84	81769	3824934.250
04/06/2011	6.82	6.90	6.82	6.84	108220	5093964.000
04/07/2011	6.84	6.88	6.82	6.87	110498	5195063.500
04/08/2011	6.87	6.95	6.84	6.93	100610	4782607.500
04/11/2011	6.92	6.93	6.81	6.84	129567	6120641.500
04/12/2011	6.81	6.86	6.78	6.80	82832	3873062.750
04/13/2011	6.77	6.96	6.77	6.95	124726	5898721.000
04/14/2011	6.91	6.95	6.26	6.87	155645	7312426.500
04/15/2011	6.80	6.83	6.64	6.68	249341	11473461.000
04/18/2011	6.68	6.70	6.61	6.65	84846	3875282.500
04/19/2011	6.65	6.65	6.54	6.61	115214	5216834.500
04/20/2011	6.64	6.66	6.60	6.64	51422	2346875.250
04/21/2011	6.64	6.69	6.64	6.67	67958	3117401.000
04/22/2011	6.66	6.66	6.41	6.45	302359	13456150.000
04/25/2011	6.45	6.45	6.33	6.33	145807	6411260.500
04/26/2011	6.28	6.34	6.07	6.13	208282	8871697.000
04/27/2011	6.11	6.21	6.02	6.04	121933	5133535.500
04/28/2011	6.21	6.21	5.74	5.74	221219	8932435.000
04/29/2011	5.74	5.77	5.68	5.75	72810	2881822.000
05/03/2011	5.75	5.80	5.71	5.80	93408	3714882.000
05/04/2011	5.74	5.78	5.71	5.71	112900	4474178.000
05/06/2011	5.73	5.79	5.66	5.78	77912	3082878.000
05/09/2011	5.80	5.95	5.80	5.90	167399	6789208.000
05/10/2011	5.95	5.95	5.87	5.90	84103	3422551.000
05/11/2011	5.87	5.93	5.87	5.91	89457	3632550.250
05/12/2011	5.93	6.00	5.89	5.90	132954	5457942.500
05/13/2011	5.89	5.92	5.86	5.90	73700	2993355.500
05/16/2011	5.86	5.90	5.83	5.88	69228	2803803.750
05/17/2011	5.85	5.94	5.85	5.93	123589	5028692.500
05/18/2011	5.98	6.05	5.93	6.01	210486	5761642.500
05/19/2011	6.01	6.06	5.98	6.02	150017	4127091.500
05/20/2011	5.97	6.01	5.95	5.97	154115	4209357.500
05/23/2011	5.97	6.01	5.72	5.74	298557	7903692.500
05/24/2011	5.68	5.86	5.45	5.74	280061	7187324.000
05/25/2011	5.68	5.68	5.46	5.46	186000	4732551.500
05/26/2011	5.46	5.53	5.25	5.28	122161	3007071.500
05/27/2011	5.28	5.28	5.12	5.13	250741	5945470.000
05/30/2011	5.13	5.19	5.03	5.10	177107	4177555.750
05/31/2011	5.15	5.18	5.10	5.16	106427	2510369.500
06/01/2011	5.16	5.21	5.16	5.19	72110	1714577.625
06/02/2011	5.15	5.15	5.01	5.04	113928	2650885.500
06/03/2011	5.04	5.20	5.04	5.17	93611	2210960.000
06/07/2011	5.17	5.30	5.17	5.29	112109	2709781.750
06/08/2011	5.24	5.31	5.20	5.30	142911	3440744.250
06/09/2011	5.25	5.27	5.06	5.06	67900	1614680.000
06/10/2011	5.04	5.11	5.00	5.11	101815	2350200.500
06/13/2011	5.03	5.15	5.00	5.15	103427	2406783.250
06/14/2011	5.07	5.21	5.07	5.15	104137	2461364.250
06/15/2011	5.14	5.16	5.01	5.04	178196	4141162.000
06/16/2011	5.03	5.05	4.79	4.96	163819	3739740.500
06/17/2011	4.99	4.99	4.84	4.87	185390	4143517.000
06/20/2011	4.84	4.84	4.70	4.71	155090	3388738.750
06/21/2011	4.71	4.74	4.60	4.72	148053	3177990.500
06/22/2011	4.73	4.76	4.64	4.70	113239	2444488.750
06/23/2011	4.64	4.87	4.62	4.84	150599	3283660.250
06/24/2011	4.80	5.12	4.79	5.02	359643	8200683.000
06/27/2011	5.03	5.19	5.03	5.06	347429	8146399.000
06/28/2011	5.12	5.12	5.02	5.06	377610	8727241.000
06/29/2011	5.02	5.07	5.00	5.02	249050	5757173.000
06/30/2011	5.02	5.11	4.98	5.11	88562	2050856.750
07/01/2011	5.07	5.14	5.04	5.10	211835	4955007.500
07/04/2011	5.08	5.21	5.08	5.21	148067	3500347.500
07/05/2011	5.21	5.32	5.20	5.32	171914	4137102.500
07/06/2011	5.30	5.58	5.24	5.56	404907	10085687.000
07/07/2011	5.57	5.81	5.57	5.81	528901	13914004.000
07/08/2011	5.73	5.90	5.72	5.86	328854	8751838.000
07/11/2011	5.76	5.86	5.75	5.81	137260	3642415.500
07/12/2011	5.75	5.78	5.64	5.78	234321	6105225.000
07/13/2011	5.69	5.79	5.68	5.79	241916	6372832.000
07/14/2011	5.87	5.91	5.68	5.90	448749	11818261.000
07/15/2011	5.85	6.17	5.84	6.17	584822	16206229.000
07/18/2011	6.16	6.16	6.00	6.06	308383	8531453.000
07/19/2011	6.00	6.00	5.84	5.94	171957	4637890.000
07/20/2011	5.86	6.00	5.86	5.95	112980	3054387.750
07/21/2011	5.85	5.97	5.85	5.90	86300	2326436.750
07/22/2011	5.88	6.01	5.88	6.00	163051	4438453.000
07/25/2011	6.00	6.00	5.75	5.88	503107	13359289.000
07/26/2011	5.81	5.88	5.78	5.85	228334	6080675.500
07/27/2011	5.87	6.07	5.81	6.06	181951	4952682.500
07/28/2011	6.01	6.17	5.98	6.16	243943	6796057.000
07/29/2011	5.91	5.96	5.72	5.96	758287	20302524.000
08/01/2011	5.84	6.15	5.84	6.06	447130	12362203.000
08/02/2011	6.00	6.19	5.86	6.19	371819	10219282.000
08/03/2011	6.18	6.18	6.08	6.10	303390	8498724.000
08/04/2011	6.17	6.18	6.04	6.14	251148	7060600.500
08/05/2011	5.97	6.16	5.90	6.15	208486	5780539.500
08/08/2011	6.14	6.16	5.75	6.10	289034	7913188.000
08/09/2011	5.90	6.24	5.48	6.24	423442	11720397.000
08/10/2011	6.24	6.39	6.18	6.36	351345	10138169.000
08/11/2011	6.17	6.46	6.17	6.44	328408	9559556.000
08/12/2011	6.47	6.51	6.31	6.31	218685	6363440.000
08/15/2011	6.40	6.42	6.26	6.32	137787	3970633.000
08/16/2011	6.32	6.34	5.97	6.21	395536	11116656.000
08/17/2011	6.15	6.21	6.06	6.14	155277	4341723.500
08/18/2011	6.13	6.17	6.04	6.07	142166	3971362.750
08/19/2011	6.07	6.15	5.92	6.12	237067	6609065.000
08/22/2011	6.10	6.15	5.96	6.04	136100	3779123.750
08/23/2011	6.00	6.14	6.00	6.12	206230	5745353.000
08/24/2011	6.23	6.36	6.13	6.31	572551	16363725.000
08/25/2011	6.26	6.32	6.15	6.28	177354	5057601.000
08/26/2011	6.27	6.34	6.24	6.32	128932	3713561.750
08/29/2011	6.33	6.33	6.13	6.27	207778	5889334.500
08/30/2011	6.24	6.30	6.20	6.27	249051	7124085.000
08/31/2011	6.24	6.28	6.17	6.24	81010	2305177.500
09/01/2011	6.17	6.45	6.17	6.37	314432	9085811.000
09/02/2011	6.35	6.38	6.26	6.32	93283	2685568.500
09/05/2011	6.24	6.30	6.07	6.19	130800	3691263.000
09/06/2011	6.13	6.14	6.05	6.11	87355	2432783.250
09/07/2011	6.05	6.17	6.04	6.16	43329	1214011.750
09/08/2011	6.16	6.17	6.10	6.10	37900	1060475.000
09/09/2011	6.06	6.12	6.01	6.03	27800	770100.000
09/13/2011	6.01	6.03	5.85	6.02	68375	1858506.750
09/14/2011	5.99	6.05	5.96	6.04	24400	670835.500
09/15/2011	6.09	6.10	6.05	6.08	61055	1695959.750
09/16/2011	6.12	6.12	6.04	6.07	19600	543480.625
09/19/2011	6.04	6.04	5.87	5.95	57048	1543835.625
09/20/2011	5.84	6.00	5.84	5.97	27369	745623.375
09/21/2011	6.00	6.14	5.97	6.12	109866	3064128.250
09/22/2011	6.11	6.11	5.91	5.96	68999	1898671.375
09/23/2011	6.10	6.10	5.91	6.03	45080	1228524.625
09/26/2011	6.03	6.03	5.91	5.91	59550	1620703.000
09/27/2011	6.01	6.02	5.91	5.96	46945	1285652.250
09/28/2011	5.97	5.97	5.36	5.88	69668	1863672.500
09/29/2011	5.87	5.87	5.58	5.81	73658	1938485.750
09/30/2011	5.68	5.78	5.63	5.77	51400	1345270.500
10/10/2011	5.76	5.83	5.69	5.83	31500	838286.563
10/11/2011	5.84	5.90	5.75	5.83	25300	676424.813
10/12/2011	5.68	5.90	5.68	5.90	69700	1866932.625
10/13/2011	5.90	5.94	5.88	5.90	99950	2703299.500
10/14/2011	6.05	6.05	5.68	5.87	35750	951784.000
10/17/2011	5.64	5.64	5.34	5.47	561949	13999007.000
10/18/2011	5.36	5.36	5.11	5.22	459052	10983482.000
10/19/2011	5.21	5.29	5.07	5.21	154599	3650920.500
10/20/2011	5.15	5.20	4.98	5.00	98350	2277954.500
10/21/2011	5.00	5.00	4.49	4.49	727891	15188484.000
10/24/2011	4.42	4.42	4.03	4.28	1204469	23069674.000
10/25/2011	4.21	4.40	4.09	4.37	1169388	22752924.000
10/26/2011	4.28	4.45	4.25	4.32	900082	17922888.000
10/27/2011	4.34	4.39	4.30	4.32	525756	10509901.000
10/28/2011	4.38	4.76	4.33	4.76	1923552	41030084.000
10/31/2011	4.77	5.24	4.70	5.24	2129470	48836204.000
11/01/2011	5.38	5.57	5.26	5.50	1932948	48106828.000
11/02/2011	5.36	5.68	5.35	5.59	1733206	43439872.000
11/03/2011	5.59	5.72	5.46	5.47	1371165	34657652.000
11/04/2011	5.45	5.55	5.25	5.36	1110691	27427974.000
11/07/2011	5.36	5.42	5.28	5.38	690318	16966230.000
11/08/2011	5.30	5.41	5.26	5.37	585724	14311066.000
11/09/2011	5.39	5.52	5.32	5.52	904963	22626962.000
11/10/2011	5.43	5.71	5.34	5.34	1155198	29152248.000
11/11/2011	5.24	5.42	5.24	5.35	406829	9923384.000
11/14/2011	5.35	5.48	5.30	5.46	528756	13082190.000
11/15/2011	5.46	5.50	5.36	5.38	435161	10786813.000
11/16/2011	5.38	5.44	5.03	5.05	604572	14382520.000
11/17/2011	5.05	5.19	5.05	5.09	486421	11413434.000
11/18/2011	5.11	5.20	4.89	4.90	450388	10472084.000
11/21/2011	4.87	4.92	4.68	4.74	378852	8239760.000
11/22/2011	4.74	4.80	4.68	4.80	278422	6092421.500
11/23/2011	4.81	4.85	4.76	4.77	217727	4799930.500
11/24/2011	4.70	4.90	4.68	4.88	263371	5829396.500
11/25/2011	4.83	4.95	4.83	4.84	211657	4749343.500
11/28/2011	4.84	4.84	4.76	4.81	200720	4423971.500
11/29/2011	4.79	4.90	4.79	4.90	280819	6255554.500
11/30/2011	4.88	4.92	4.46	4.50	355584	7612379.500
12/01/2011	4.59	4.76	4.51	4.60	282894	6036624.500
12/02/2011	4.53	4.60	4.48	4.51	95045	1979164.625
12/05/2011	4.48	4.58	4.39	4.40	134448	2776239.000
12/06/2011	4.39	4.48	4.32	4.39	169012	3423040.750
12/07/2011	4.36	4.52	4.36	4.51	168550	3465725.250
12/08/2011	4.51	4.79	4.36	4.65	318154	6697378.500
12/09/2011	4.53	4.68	4.53	4.59	162260	3427426.000
12/12/2011	4.59	4.65	4.56	4.60	101923	2153001.750
12/13/2011	4.55	4.59	4.24	4.28	187140	3745201.000
12/14/2011	4.20	4.29	4.16	4.19	179000	3463050.500
12/15/2011	4.18	4.22	4.12	4.12	82750	1585445.625
12/16/2011	4.08	4.34	4.08	4.34	168778	3277342.500
12/19/2011	4.30	4.50	4.07	4.48	205803	4116574.500
12/20/2011	4.47	4.52	4.35	4.35	204880	4171851.000
12/21/2011	4.43	4.46	4.26	4.27	166462	3365058.250
12/22/2011	4.22	4.24	4.06	4.13	145143	2779261.000
12/23/2011	4.17	4.27	4.12	4.19	100470	1949882.000
12/26/2011	4.20	4.38	4.18	4.18	174024	3433329.750
12/27/2011	4.16	4.18	3.90	3.90	192553	3574923.500
12/28/2011	3.82	3.90	3.64	3.75	133536	2310335.500
12/29/2011	3.69	3.76	3.69	3.71	77994	1338862.750
12/30/2011	3.76	3.83	3.72	3.78	61049	1065113.750
01/04/2012	3.79	3.83	3.61	3.64	123586	2130274.250
01/05/2012	3.57	3.67	3.28	3.30	230698	3643423.750
01/06/2012	3.35	3.45	3.35	3.40	178502	2812397.250
01/09/2012	3.37	3.60	3.26	3.57	215163	3424159.000
01/10/2012	3.57	3.72	3.53	3.69	194861	3279625.000
01/11/2012	3.66	3.76	3.64	3.71	140377	2407345.250
01/12/2012	3.76	3.76	3.61	3.67	138226	2350880.500
01/13/2012	3.67	3.70	3.44	3.44	131220	2126646.000
01/16/2012	3.28	3.43	3.28	3.28	96847	1497526.125
01/17/2012	3.28	3.50	3.28	3.43	138648	2169611.000
01/18/2012	3.49	3.59	3.29	3.33	162258	2577244.500
01/19/2012	3.30	3.41	3.30	3.36	109591	1705981.750
01/20/2012	3.40	3.43	3.37	3.42	121843	1924442.625
01/30/2012	3.41	3.48	3.38	3.45	128680	2050198.750
01/31/2012	3.41	3.43	3.37	3.43	97950	1543108.000
02/01/2012	3.44	3.45	3.35	3.43	114524	1809305.375
02/02/2012	3.43	3.48	3.39	3.43	246266	3903504.000
02/03/2012	3.45	3.72	3.42	3.65	1135377	18568624.000
02/06/2012	3.65	3.68	3.55	3.66	851288	14206000.000
02/07/2012	3.64	3.64	3.53	3.54	357889	5922301.000
02/08/2012	3.54	3.64	3.52	3.61	340240	5647349.500
02/09/2012	3.62	3.71	3.60	3.62	407092	6893202.500
02/10/2012	3.61	3.69	3.60	3.68	289574	4877473.000
02/13/2012	3.68	3.81	3.57	3.74	1088171	18480528.000
02/14/2012	3.68	3.79	3.68	3.71	816991	14043497.000
02/15/2012	3.70	3.86	3.68	3.81	1113568	19466532.000
02/16/2012	3.79	3.88	3.70	3.71	1450924	25312974.000
02/17/2012	3.76	3.76	3.57	3.63	1439745	24260178.000
02/20/2012	3.67	4.00	3.66	4.00	3013044	54162596.000
02/21/2012	4.01	4.42	3.99	4.42	5675253	109553672.000
02/22/2012	4.61	4.87	4.51	4.87	7239019	156273104.000
02/23/2012	4.98	5.06	4.82	4.93	11292304	254467472.000
02/24/2012	4.88	4.95	4.83	4.89	5910672	132378600.000
02/27/2012	4.87	4.97	4.86	4.91	5488857	123492312.000
02/28/2012	4.84	4.93	4.73	4.85	4570739	101221592.000
02/29/2012	4.85	4.88	4.72	4.86	3713396	82124744.000
03/01/2012	4.86	5.00	4.77	4.92	5520522	123902200.000
03/02/2012	4.91	5.05	4.85	4.96	6586244	150239792.000
03/05/2012	4.96	5.28	4.88	4.88	9019316	208836336.000
03/06/2012	4.77	5.06	4.73	5.05	6507262	145669056.000
03/07/2012	4.97	5.23	4.87	4.88	6236862	143946176.000
03/08/2012	4.86	5.01	4.86	4.93	3060337	69159416.000
03/09/2012	4.99	5.06	4.94	4.99	3546700	81185920.000
03/12/2012	5.01	5.12	4.92	5.10	5248986	121545192.000
03/13/2012	5.13	5.13	4.95	5.02	3426404	78834792.000
03/14/2012	5.03	5.11	4.51	4.51	5814984	128783976.000
03/15/2012	4.40	4.50	4.19	4.24	4062158	80715904.000
03/16/2012	4.24	4.34	4.19	4.33	2861052	56268616.000
03/19/2012	4.29	4.34	4.21	4.32	2125234	41817456.000
03/20/2012	4.32	4.32	4.16	4.17	1829366	35524176.000
03/21/2012	4.19	4.23	4.04	4.17	2441983	46307468.000
03/22/2012	4.14	4.21	4.08	4.15	1635411	31251636.000
03/23/2012	4.14	4.15	3.99	4.01	2047551	38286596.000
03/26/2012	3.97	4.03	3.92	3.99	1249519	22929702.000
03/27/2012	4.01	4.10	3.99	4.00	1533640	28549782.000
03/28/2012	3.99	3.99	3.68	3.74	1703914	30168970.000
03/29/2012	3.69	3.82	3.69	3.74	1438442	24835974.000
03/30/2012	3.74	3.83	3.55	3.64	1467604	24856718.000
04/05/2012	3.61	3.76	3.49	3.72	1513068	25604980.000
04/06/2012	3.70	3.80	3.66	3.76	1945972	33627936.000
04/09/2012	3.70	3.77	3.64	3.64	1232884	21127512.000
04/10/2012	3.61	3.67	3.46	3.66	1582368	26140618.000
04/11/2012	3.60	3.78	3.56	3.75	1726739	29636488.000
04/12/2012	3.75	3.98	3.68	3.90	2892187	51287160.000
04/13/2012	3.90	3.95	3.83	3.86	2120069	37918636.000
04/16/2012	3.82	3.88	3.79	3.80	1613909	28455454.000
04/17/2012	3.75	3.84	3.72	3.75	1079884	18801874.000
04/18/2012	3.78	3.89	3.75	3.86	1356612	23947220.000
04/19/2012	3.86	3.89	3.82	3.88	1357531	24153678.000
04/20/2012	3.89	4.01	3.87	3.92	1445446	26207784.000
04/23/2012	3.88	3.88	3.52	3.52	3220445	53155320.000
04/24/2012	3.35	3.41	3.20	3.28	2470739	37610324.000
04/25/2012	3.32	3.34	3.27	3.31	1342384	20534690.000
04/26/2012	3.30	3.34	3.24	3.26	1186578	18023284.000
04/27/2012	3.27	3.38	3.26	3.34	1165428	17953928.000
05/02/2012	3.38	3.38	3.30	3.36	1007046	15615375.000
05/03/2012	3.34	3.41	3.32	3.38	885114	13757675.000
05/04/2012	3.38	3.50	3.35	3.48	1594061	25466754.000
05/07/2012	3.45	3.57	3.44	3.57	1429845	23281544.000
05/08/2012	3.58	3.86	3.57	3.63	2732113	46614964.000
05/09/2012	3.58	3.61	3.47	3.48	1496217	24362688.000
05/10/2012	3.47	3.58	3.47	3.52	1038296	17005440.000
05/11/2012	3.54	3.56	3.50	3.52	840323	13725171.000
05/14/2012	3.55	3.56	3.45	3.46	1045903	16928074.000
05/15/2012	3.41	3.43	3.36	3.42	758832	11915813.000
05/16/2012	3.41	3.51	3.41	3.44	970229	15576514.000
05/17/2012	3.43	3.54	3.42	3.53	960286	15536537.000
05/18/2012	3.51	3.60	3.48	3.48	1099331	18015912.000
05/21/2012	3.47	3.53	3.43	3.52	862910	13914734.000
05/22/2012	3.52	3.61	3.52	3.58	933615	15398133.000
05/23/2012	3.56	3.60	3.44	3.48	976732	15845156.000
05/24/2012	3.49	3.51	3.46	3.47	624591	10070038.000
05/25/2012	3.48	3.48	3.30	3.32	1003235	15683334.000
05/28/2012	3.30	3.35	3.22	3.34	703002	10659379.000
05/29/2012	3.32	3.42	3.32	3.40	815808	12773243.000
05/30/2012	3.40	3.46	3.39	3.42	668161	10621821.000
05/31/2012	3.39	3.57	3.39	3.50	1212508	19658130.000
06/01/2012	3.51	3.56	3.49	3.52	772260	12575338.000
06/04/2012	3.46	3.48	3.33	3.33	821284	12986402.000
06/05/2012	3.34	3.40	3.32	3.37	519184	8088719.000
06/06/2012	3.37	3.41	3.33	3.37	395419	6187259.500
06/07/2012	3.41	3.45	3.36	3.39	518562	8173235.500
06/08/2012	3.42	3.60	3.39	3.50	1742367	28260936.000
06/11/2012	3.53	3.70	3.53	3.69	2773022	46726432.000
06/12/2012	3.63	3.65	3.57	3.59	1419204	23626666.000
06/13/2012	3.65	3.77	3.62	3.69	1987711	33975232.000
06/14/2012	3.66	3.69	3.61	3.61	996503	16796112.000
06/15/2012	3.64	3.64	3.57	3.64	873655	14561548.000
06/18/2012	3.64	3.69	3.60	3.68	1198033	20273496.000
06/19/2012	3.66	3.70	3.63	3.68	1451626	16200815.000
06/20/2012	3.68	4.06	3.66	4.06	2167920	26239784.000
06/21/2012	4.24	4.24	3.87	3.96	7457118	92215712.000
06/25/2012	3.87	3.90	3.70	3.74	3435756	39479976.000
06/26/2012	3.70	3.80	3.63	3.80	2496435	28237812.000
06/27/2012	3.78	3.86	3.66	3.69	3009132	34454932.000
06/28/2012	3.70	3.76	3.59	3.61	2164123	24329292.000
06/29/2012	3.54	3.58	3.44	3.57	2431426	25994982.000
07/02/2012	3.57	3.64	3.55	3.61	1594213	17451792.000
07/03/2012	3.61	3.70	3.58	3.68	2021782	22523860.000
07/04/2012	3.71	3.84	3.65	3.68	2509864	28469258.000
07/05/2012	3.60	3.66	3.48	3.48	1864211	20030160.000
07/06/2012	3.52	3.54	3.34	3.53	2185959	23001338.000
07/09/2012	3.50	3.53	3.38	3.39	970510	10239964.000
07/10/2012	3.36	3.44	3.35	3.40	764285	7919961.000
07/11/2012	3.29	3.29	3.12	3.23	1886424	18420298.000
07/12/2012	3.22	3.29	3.17	3.24	1421512	14023303.000
07/13/2012	3.25	3.28	3.16	3.21	1570938	15488407.000
07/16/2012	3.21	3.22	2.95	2.98	1629052	15111707.000
07/17/2012	2.96	3.04	2.96	3.01	655970	6023884.000
07/18/2012	2.99	3.08	2.97	3.04	865414	7987784.000
07/19/2012	3.06	3.14	3.02	3.09	714349	6720828.000
07/20/2012	3.08	3.14	3.05	3.09	688811	6533061.000
07/23/2012	3.08	3.09	3.02	3.03	1180930	10971050.000
07/24/2012	3.00	3.09	3.00	3.07	521021	4868778.500
07/25/2012	3.18	3.38	3.15	3.26	5362315	53836520.000
07/26/2012	3.18	3.23	3.12	3.12	2540933	24530978.000
07/27/2012	3.14	3.18	3.08	3.15	1755738	16733066.000
07/30/2012	3.14	3.15	3.00	3.02	1182227	11091664.000
07/31/2012	3.02	3.02	2.90	2.94	1105107	9936347.000
08/01/2012	2.97	3.02	2.95	2.98	737290	6726537.500
08/02/2012	2.98	3.01	2.92	2.96	718323	6495444.500
08/03/2012	2.98	3.07	2.96	3.06	1321497	12171745.000
08/06/2012	3.05	3.18	3.02	3.15	1422630	13555917.000
08/07/2012	3.15	3.23	3.15	3.18	1270698	12339806.000
08/08/2012	3.18	3.19	3.12	3.15	840430	8109479.000
08/09/2012	3.15	3.23	3.14	3.23	1136366	11095899.000
08/10/2012	3.23	3.33	3.20	3.30	1489686	14775228.000
08/13/2012	3.29	3.30	3.20	3.20	1294256	12773704.000
08/14/2012	3.20	3.30	3.16	3.29	1070146	10573931.000
08/15/2012	3.26	3.31	3.21	3.24	691948	6854090.500
08/16/2012	3.21	3.31	3.21	3.21	589652	5853973.500
08/17/2012	3.21	3.25	3.16	3.23	563774	5514516.500
08/20/2012	3.21	3.22	3.12	3.21	593975	5752648.500
08/21/2012	3.21	3.51	3.20	3.33	2194066	22428406.000
08/22/2012	3.31	3.37	3.27	3.33	1041428	10507815.000
08/23/2012	3.31	3.44	3.31	3.44	1575863	16228220.000
08/24/2012	3.40	3.45	3.31	3.32	1104978	11343636.000
08/27/2012	3.31	3.31	3.22	3.25	842785	8364902.000
08/28/2012	3.25	3.38	3.25	3.32	614244	6199049.000
08/29/2012	3.29	3.45	3.27	3.37	1382475	14257506.000
08/30/2012	3.40	3.44	3.18	3.35	2006864	20238462.000
08/31/2012	3.35	3.47	3.30	3.43	1391725	14427227.000
09/03/2012	3.40	3.52	3.40	3.45	1456321	15386503.000
09/04/2012	3.47	3.71	3.44	3.59	2607845	28550502.000
09/05/2012	3.55	3.71	3.54	3.64	1827952	20254296.000
09/06/2012	3.64	3.71	3.55	3.62	1485797	16343816.000
09/07/2012	3.95	3.99	3.95	3.99	2368993	28652506.000
09/10/2012	4.24	4.39	4.15	4.39	14409799	188306464.000
09/11/2012	4.21	4.24	4.07	4.14	7479317	94305824.000
09/12/2012	4.15	4.28	4.02	4.12	5853489	73933440.000
09/13/2012	4.07	4.11	3.89	3.89	4558657	55324648.000
09/14/2012	3.90	3.97	3.82	3.84	4000454	47401940.000
09/17/2012	3.85	3.87	3.66	3.70	3064848	35116264.000
09/18/2012	3.70	3.84	3.67	3.82	3261419	37387228.000
09/19/2012	3.82	3.88	3.77	3.78	2449110	28456440.000
09/20/2012	3.75	3.78	3.61	3.68	2313195	25930156.000
09/21/2012	3.66	3.68	3.45	3.45	1871972	20201154.000
09/24/2012	3.44	3.56	3.38	3.55	1426619	15238649.000
09/25/2012	3.51	3.56	3.41	3.46	1149378	12149049.000
09/26/2012	3.45	3.55	3.36	3.42	1154262	12139827.000
09/27/2012	3.43	3.54	3.39	3.52	1263141	13421927.000
09/28/2012	3.48	3.67	3.48	3.61	2117825	23132806.000
10/08/2012	3.62	3.66	3.51	3.54	686343	7422246.000
10/09/2012	3.57	3.66	3.54	3.66	1531155	16916716.000
10/10/2012	3.64	3.96	3.63	3.82	3178483	36859244.000
10/11/2012	3.80	3.91	3.69	3.71	1549512	17802146.000
10/12/2012	3.70	3.89	3.69	3.76	1476303	17030292.000
10/15/2012	3.70	3.75	3.58	3.73	1351159	15052282.000
10/16/2012	3.73	3.80	3.65	3.76	1174458	13375953.000
10/17/2012	3.78	3.86	3.69	3.81	1327025	15303514.000
10/18/2012	3.84	3.87	3.78	3.83	2100705	24498030.000
10/19/2012	3.82	3.90	3.78	3.79	776046	9053558.000
10/22/2012	3.77	3.77	3.64	3.71	1079184	12138105.000
10/23/2012	3.71	3.73	3.61	3.61	863451	9580862.000
10/24/2012	3.61	3.63	3.55	3.63	508202	5566387.500
10/25/2012	3.63	3.63	3.55	3.56	1670251	18323976.000
10/26/2012	3.55	3.58	3.47	3.54	428538	4590579.000
10/29/2012	3.49	3.58	3.49	3.54	325185	3506882.500
10/30/2012	3.54	3.64	3.52	3.62	879698	9596600.000
10/31/2012	3.62	3.66	3.55	3.66	1479692	16364883.000
11/01/2012	3.63	3.70	3.62	3.67	577331	6456163.000
11/02/2012	3.67	3.69	3.56	3.59	878240	9660466.000
11/05/2012	3.57	3.60	3.52	3.52	501000	5394554.000
11/06/2012	3.55	3.55	3.40	3.43	721007	7527916.000
11/07/2012	3.42	3.44	3.38	3.41	461526	4786679.000
11/08/2012	3.38	3.42	3.28	3.29	503603	5110329.500
11/09/2012	3.31	3.36	3.27	3.30	345023	3472823.750
11/12/2012	3.31	3.34	3.31	3.33	265600	2694890.500
11/13/2012	3.33	3.35	3.27	3.29	252330	2527990.250
11/14/2012	3.27	3.29	3.23	3.26	228823	2267788.500
11/15/2012	3.26	3.30	3.23	3.25	225717	2247447.000
11/16/2012	3.23	3.25	3.17	3.18	286483	2796236.750
11/19/2012	3.20	3.23	3.17	3.23	205385	2003629.875
11/20/2012	3.24	3.27	3.18	3.21	315851	3108006.000
11/21/2012	3.22	3.25	3.15	3.25	214912	2106864.500
11/22/2012	3.24	3.24	3.18	3.20	153400	1505373.000
11/23/2012	3.20	3.23	3.18	3.20	111001	1086525.750
11/26/2012	3.18	3.22	3.09	3.09	234900	2262151.000
11/27/2012	3.09	3.10	2.91	2.92	328250	2977303.000
11/28/2012	2.96	2.96	2.85	2.85	266251	2347872.750
11/29/2012	2.85	2.91	2.81	2.83	159831	1398197.625
11/30/2012	2.83	2.89	2.83	2.88	150370	1319518.250
12/03/2012	2.83	2.89	2.81	2.83	220700	1909451.125
12/04/2012	2.83	2.88	2.79	2.88	227086	1969658.625
12/05/2012	2.89	3.01	2.87	3.00	453075	4112426.750
12/06/2012	3.01	3.05	2.96	2.97	318887	2915030.000
12/07/2012	3.00	3.04	2.98	3.03	549488	5049568.500
12/10/2012	3.01	3.08	2.97	3.08	1270258	11738835.000
12/11/2012	3.08	3.08	3.02	3.03	520379	4826500.500
12/12/2012	3.02	3.07	2.96	3.01	488740	4476959.000
12/13/2012	2.98	3.04	2.95	2.95	323341	2932018.500
12/14/2012	2.95	3.11	2.93	3.08	1104177	10268903.000
12/17/2012	3.07	3.18	3.06	3.10	805723	7668467.000
12/18/2012	3.10	3.18	3.08	3.13	878464	8395637.000
12/19/2012	3.07	3.17	3.07	3.16	936262	8918290.000
12/20/2012	3.14	3.19	3.10	3.18	701146	6746726.500
12/21/2012	3.21	3.21	3.14	3.16	696189	6719822.500
12/24/2012	3.15	3.27	3.13	3.22	654961	6409805.500
12/25/2012	3.23	3.31	3.20	3.31	1009936	10078820.000
12/26/2012	3.31	3.62	3.31	3.51	1680842	17804060.000
12/27/2012	3.56	3.64	3.48	3.57	1687996	18346216.000
12/28/2012	3.50	3.72	3.50	3.70	1986426	22088866.000
12/31/2012	3.71	3.74	3.61	3.73	1320625	14802719.000
01/04/2013	3.70	3.73	3.58	3.58	599331	6636973.500
01/07/2013	3.58	3.62	3.52	3.62	773524	8377911.000
01/08/2013	3.58	3.67	3.56	3.62	623011	6839456.000
01/09/2013	3.58	3.67	3.58	3.63	856712	9430813.000
01/10/2013	3.63	3.65	3.51	3.54	1280828	13935190.000
01/11/2013	3.54	3.66	3.43	3.45	1583816	17160012.000
01/14/2013	3.44	3.64	3.43	3.60	1103697	11969069.000
01/15/2013	3.59	3.69	3.58	3.69	1041354	11538378.000
01/16/2013	3.67	3.78	3.59	3.65	1039379	11680778.000
01/17/2013	3.66	3.69	3.62	3.65	770311	8564003.000
01/18/2013	3.69	3.74	3.67	3.71	626555	7074109.000
01/21/2013	3.66	3.75	3.66	3.71	651952	7332883.500
01/22/2013	3.71	3.75	3.61	3.61	839612	9386710.000
01/23/2013	3.59	3.66	3.45	3.60	938479	10081925.000
01/24/2013	3.59	3.69	3.55	3.64	1194354	13142403.000
01/25/2013	3.63	3.67	3.54	3.55	435500	4766005.000
01/28/2013	3.61	3.62	3.55	3.62	406754	4454499.500
01/29/2013	3.69	3.71	3.65	3.69	910088	10175964.000
01/30/2013	3.71	3.71	3.61	3.62	618650	6862263.000
01/31/2013	3.62	3.65	3.56	3.58	450585	4912947.500
02/01/2013	3.56	3.64	3.56	3.62	433191	4774821.000
02/04/2013	3.65	3.99	3.58	3.99	2417492	28499134.000
02/05/2013	3.98	3.99	3.86	3.91	1636682	19441020.000
02/06/2013	3.98	4.22	3.92	4.02	1620489	20064224.000
02/07/2013	3.96	4.19	3.96	4.08	1294000	16004256.000
02/08/2013	4.21	4.41	4.16	4.32	2229435	29203500.000
02/18/2013	4.31	4.50	4.29	4.43	1330952	17837986.000
02/19/2013	4.36	4.45	4.23	4.23	950125	12399818.000
02/20/2013	4.23	4.31	4.13	4.25	813829	10406692.000
02/21/2013	4.21	4.25	4.05	4.05	836417	10480307.000
02/22/2013	4.06	4.18	4.06	4.12	630302	7904571.500
02/25/2013	4.15	4.16	4.08	4.14	381633	4758439.000
02/26/2013	4.14	4.14	4.05	4.08	748313	9279809.000
02/27/2013	4.08	4.14	4.06	4.13	366755	4556969.500
02/28/2013	4.09	4.24	4.09	4.24	548652	6971956.500
03/01/2013	4.27	4.37	4.22	4.36	1113455	14522780.000
03/04/2013	4.36	4.80	4.32	4.58	2172113	30334300.000
03/05/2013	4.53	4.70	4.53	4.68	955884	13396466.000
03/06/2013	5.01	5.14	4.71	4.75	1706036	25272096.000
03/07/2013	4.66	4.88	4.62	4.63	1097566	15625171.000
03/08/2013	4.63	4.68	4.49	4.52	772753	10673894.000
03/11/2013	4.51	4.61	4.50	4.52	497587	6867419.500
03/12/2013	4.57	4.57	4.13	4.22	1147723	14950550.000
03/13/2013	4.21	4.35	4.08	4.33	1067461	13678472.000
03/14/2013	4.29	4.32	4.23	4.27	483834	6262968.500
03/15/2013	4.20	4.37	4.20	4.28	594343	7749363.500
03/18/2013	4.25	4.34	4.21	4.27	363668	4719872.500
03/19/2013	4.21	4.28	4.21	4.28	344039	4438846.500
03/20/2013	4.29	4.40	4.26	4.40	1040937	13793349.000
03/21/2013	4.40	4.55	4.36	4.52	1217827	16504913.000
03/22/2013	4.55	4.55	4.44	4.54	1299838	17699392.000
03/25/2013	4.55	4.56	4.47	4.53	1380950	18935728.000
03/26/2013	4.53	4.70	4.45	4.69	1292547	17971968.000
03/27/2013	4.67	4.84	4.66	4.77	1760526	25358320.000
03/28/2013	4.74	4.75	4.45	4.45	1596111	22141124.000
03/29/2013	4.45	4.58	4.42	4.50	1125439	15280864.000
04/01/2013	4.47	4.54	4.12	4.17	2686477	35032188.000
04/02/2013	4.17	4.17	3.74	3.77	4997906	58865516.000
04/03/2013	3.75	3.91	3.62	3.91	2622678	30098010.000
04/08/2013	3.97	4.31	3.95	4.31	3296669	41375580.000
04/09/2013	4.33	4.66	4.27	4.48	2768381	37631544.000
04/10/2013	4.50	4.54	4.33	4.34	1783610	23755522.000
04/11/2013	4.33	4.39	4.19	4.19	1458018	18999008.000
04/12/2013	4.20	4.27	4.15	4.18	974919	12432396.000
04/16/2013	3.81	3.93	3.75	3.92	2794200	32368578.000
04/17/2013	3.88	3.98	3.86	3.94	1483882	17758332.000
04/18/2013	3.91	4.07	3.90	4.06	1142170	13966421.000
04/23/2013	4.17	4.40	4.17	4.21	1939325	25052462.000
04/24/2013	4.15	4.34	4.11	4.32	2120019	27579192.000
04/25/2013	4.31	4.44	4.23	4.24	1684023	22193302.000
04/26/2013	4.24	4.37	4.24	4.36	1321256	17366826.000
05/02/2013	4.38	4.45	4.31	4.41	964835	12888504.000
05/03/2013	4.38	4.57	4.38	4.56	1360389	18614168.000
05/06/2013	4.56	4.78	4.55	4.63	1397214	19784844.000
05/07/2013	4.62	4.72	4.58	4.70	992610	14065309.000
05/08/2013	4.73	5.18	4.73	5.18	3730369	57029240.000
05/09/2013	5.35	5.55	5.12	5.44	4847733	78310536.000
05/10/2013	5.33	5.84	5.26	5.80	4265066	70968928.000
05/13/2013	5.67	5.83	5.45	5.56	3084136	52231084.000
05/14/2013	5.57	5.58	5.30	5.49	2426555	39945596.000
05/15/2013	5.41	5.61	5.41	5.58	1568396	26394026.000
05/16/2013	5.53	5.59	5.43	5.44	2799260	46462636.000
05/17/2013	5.44	5.96	5.41	5.94	3362848	58222456.000
05/20/2013	5.91	6.24	5.91	6.21	2045107	37841748.000
05/21/2013	6.31	6.50	6.18	6.43	2413226	46396476.000
05/22/2013	6.38	6.44	6.25	6.28	1907500	36532160.000
05/23/2013	6.25	6.91	6.24	6.84	2695352	54432216.000
05/24/2013	6.98	7.28	6.84	7.11	4169949	88952880.000
05/27/2013	6.95	7.20	6.77	7.06	6050647	63573216.000
05/28/2013	6.95	7.15	6.57	6.68	5249288	53237832.000
05/29/2013	6.59	7.35	6.59	7.35	7946779	84716208.000
05/30/2013	7.28	7.57	7.23	7.27	9018037	100167264.000
05/31/2013	7.21	7.45	7.03	7.31	4826264	52726972.000
06/03/2013	7.20	7.33	6.92	7.00	3418850	36465008.000
06/04/2013	7.00	7.18	6.73	7.17	3150534	32897510.000
06/05/2013	7.13	7.75	7.08	7.67	5597367	63340752.000
06/06/2013	7.57	7.70	7.45	7.53	2994451	33823816.000
06/07/2013	7.60	7.85	7.32	7.67	4294853	49271584.000
06/13/2013	7.54	7.65	7.26	7.63	3427274	38531028.000
06/14/2013	7.66	8.19	7.54	8.17	6753579	80165736.000
06/17/2013	8.07	8.41	8.00	8.03	6564751	80603248.000
06/18/2013	8.00	8.51	7.88	8.44	5559522	68476032.000
06/19/2013	8.41	9.01	8.30	8.83	7534099	98603120.000
06/20/2013	8.87	9.72	8.77	9.15	12386522	172874176.000
06/21/2013	8.80	9.69	8.23	9.53	9101895	123101896.000
06/24/2013	9.40	9.67	8.58	8.58	8330421	113737344.000
06/25/2013	8.19	9.11	7.72	8.85	9796643	121083032.000
06/26/2013	8.70	9.63	8.59	9.57	8796162	119852872.000
06/27/2013	9.70	9.85	8.61	8.77	9007090	125245232.000
06/28/2013	8.37	8.93	8.00	8.27	5715750	72446544.000
07/02/2013	9.09	9.09	8.93	9.09	2658898	36222292.000
07/03/2013	9.47	9.93	9.27	9.93	11619071	168327104.000
07/04/2013	9.67	10.80	9.54	10.44	9996416	152471680.000
07/05/2013	10.27	10.53	9.83	9.83	6552409	100090352.000
07/08/2013	9.42	9.89	9.11	9.37	4772027	67918248.000
07/09/2013	9.54	9.79	9.37	9.47	4206317	60104204.000
07/10/2013	9.45	9.72	9.27	9.60	3822154	54767636.000
07/11/2013	9.52	9.70	9.14	9.36	6172272	86953280.000
07/12/2013	9.33	9.72	9.27	9.39	5164479	73979288.000
07/15/2013	9.27	10.05	9.22	9.99	6398519	93915120.000
07/16/2013	9.95	10.15	9.81	10.08	4851825	72859440.000
07/17/2013	10.10	10.10	9.73	9.74	3811250	56620880.000
07/18/2013	9.67	9.99	9.66	9.74	3458891	50950388.000
07/19/2013	9.85	9.93	9.07	9.16	5772943	81867856.000
07/22/2013	9.21	9.53	9.07	9.33	3282980	45895388.000
07/23/2013	9.55	10.07	9.45	10.01	6941411	102765920.000
07/24/2013	9.97	10.26	9.85	10.22	7259908	110153776.000
07/25/2013	10.20	10.23	9.47	9.66	4605912	67677408.000
07/26/2013	9.73	9.73	9.25	9.66	2406871	34388272.000
07/29/2013	9.69	9.69	9.27	9.43	2298776	32441496.000
07/30/2013	8.99	9.00	8.49	8.79	7525904	97444016.000
07/31/2013	8.60	8.71	8.30	8.47	3104000	39588340.000
08/01/2013	8.39	8.71	8.21	8.64	4094342	52168024.000
08/02/2013	8.60	8.76	8.55	8.64	3582900	46380760.000
08/05/2013	8.63	8.90	8.57	8.84	2615083	34410240.000
08/06/2013	8.84	8.99	8.80	8.85	2467796	32780708.000
08/07/2013	8.77	8.85	8.53	8.57	2442729	31664448.000
08/08/2013	8.47	8.73	8.47	8.68	1510095	19604002.000
08/09/2013	8.73	8.73	8.41	8.61	1533748	19715988.000
08/12/2013	8.61	8.65	8.31	8.37	1691803	21426998.000
08/13/2013	8.37	8.61	8.33	8.46	1797977	22880194.000
08/14/2013	8.50	8.50	8.20	8.35	1780526	22309510.000
08/15/2013	8.33	8.43	8.23	8.23	1803936	22455834.000
08/16/2013	8.13	8.23	7.87	7.88	2062332	24991000.000
08/19/2013	7.90	8.50	7.81	8.47	2252847	27882408.000
08/20/2013	8.33	8.77	8.26	8.71	3897636	50376192.000
08/21/2013	8.67	8.97	8.52	8.70	2287539	30039094.000
08/22/2013	8.71	9.03	8.61	8.92	2587529	34601684.000
08/23/2013	8.93	9.11	8.53	8.92	2563097	34403148.000
08/26/2013	8.93	9.11	8.86	8.93	2200589	29578922.000
08/27/2013	8.97	8.97	8.60	8.77	2689435	35194124.000
08/28/2013	8.73	8.78	8.34	8.35	3002158	38474044.000
08/29/2013	8.35	8.44	8.22	8.40	1275534	16020890.000
08/30/2013	8.40	8.41	7.93	8.06	2115848	25895302.000
09/02/2013	8.06	8.18	7.95	8.11	801686	9737900.000
09/03/2013	8.08	8.46	8.05	8.43	1436894	17867422.000
09/04/2013	8.43	8.53	8.36	8.53	1094143	13904729.000
09/05/2013	8.53	9.37	8.47	9.25	4922906	67218888.000
09/06/2013	9.21	9.59	8.99	9.27	4098633	57071204.000
09/09/2013	9.26	9.99	9.13	9.92	5430048	77719568.000
09/10/2013	9.69	10.00	9.67	9.67	2359383	34602964.000
09/11/2013	9.65	9.87	9.23	9.35	2706480	38760864.000
09/12/2013	9.20	9.94	9.15	9.74	2890966	42169824.000
09/13/2013	9.73	9.89	9.65	9.79	1535190	22551592.000
09/16/2013	9.79	10.19	9.65	10.17	3350889	50197412.000
09/17/2013	10.17	10.33	9.87	9.88	2711253	40900952.000
09/18/2013	9.87	10.73	9.83	10.45	3015261	46484724.000
09/23/2013	10.46	11.40	10.33	11.26	4690901	77334416.000
09/24/2013	11.13	11.85	11.10	11.64	4317380	75212472.000
09/25/2013	11.60	11.79	11.42	11.67	2746055	47750872.000
09/26/2013	11.53	11.93	11.53	11.67	2595804	45810248.000
09/27/2013	11.62	11.80	11.33	11.49	2905053	50178704.000
09/30/2013	11.49	11.80	11.41	11.79	2114804	36813492.000
10/08/2013	12.11	12.31	11.87	11.93	3510708	63748812.000
10/09/2013	11.81	12.19	11.74	12.19	2235925	40246992.000
10/10/2013	12.24	12.27	11.67	11.78	2884960	51416048.000
10/11/2013	11.81	12.05	11.43	12.05	2782188	49021900.000
10/14/2013	10.85	11.67	10.84	11.52	5773276	98278504.000
10/15/2013	11.29	12.41	11.27	12.30	4544133	82134752.000
10/16/2013	12.25	12.25	11.68	11.88	3220660	57687712.000
10/17/2013	11.99	12.27	11.88	11.93	1548123	28091394.000
10/18/2013	11.93	12.17	11.83	11.83	1320102	23731978.000
10/21/2013	11.93	12.03	11.55	11.87	2693441	47652748.000
10/22/2013	11.87	11.94	11.37	11.49	2498207	43718156.000
10/23/2013	11.49	11.65	11.01	11.25	2116950	35807488.000
10/24/2013	11.25	11.99	11.25	11.81	2490670	43675100.000
10/25/2013	11.81	11.98	11.00	11.17	2378579	40531300.000
10/28/2013	11.30	11.30	10.20	10.77	2299908	36747164.000
10/29/2013	11.00	11.31	10.15	10.59	2049218	32910032.000
10/30/2013	10.59	10.69	10.35	10.47	1170659	18358786.000
10/31/2013	10.47	10.58	10.21	10.39	813060	12633017.000
11/01/2013	10.39	11.05	10.27	10.85	1720831	27950800.000
11/04/2013	10.85	11.94	10.73	10.97	2159738	36054288.000
11/05/2013	10.87	10.87	10.51	10.79	1417900	22716048.000
11/06/2013	10.79	10.85	10.57	10.71	925375	14876060.000
11/07/2013	10.59	10.67	10.27	10.31	698323	10912355.000
11/08/2013	10.15	10.32	9.43	9.55	2083079	30659390.000
11/11/2013	9.52	10.23	8.79	10.23	2434873	34928044.000
11/12/2013	10.26	10.65	10.01	10.60	2337316	36931264.000
11/13/2013	10.57	10.67	10.37	10.55	1110981	17510232.000
11/14/2013	10.45	11.13	10.40	11.08	2007084	32307302.000
11/15/2013	11.46	11.67	11.15	11.30	2558256	43992232.000
11/18/2013	11.24	11.53	11.13	11.43	1492031	25378354.000
11/19/2013	11.50	11.50	11.30	11.40	849042	14480513.000
11/20/2013	11.47	11.47	10.95	11.12	1304076	21847162.000
11/21/2013	11.07	11.07	10.65	10.77	1481170	24015344.000
11/22/2013	10.79	11.09	10.79	10.99	1139679	18741296.000
11/25/2013	11.02	11.31	10.93	11.25	1787323	29849676.000
11/26/2013	11.29	11.49	11.20	11.40	1304377	22288170.000
11/27/2013	11.50	11.55	11.22	11.49	1329576	22726082.000
11/28/2013	11.49	11.59	11.36	11.47	1040636	17962818.000
11/29/2013	11.50	11.93	11.50	11.78	2345660	41381300.000
12/02/2013	11.23	11.62	10.87	11.06	3382783	56974392.000
12/03/2013	10.60	11.73	10.60	11.49	1812109	30728558.000
12/04/2013	11.35	11.53	10.73	10.79	3406800	56883076.000
12/05/2013	10.77	10.88	10.25	10.25	2163751	34018860.000
12/06/2013	10.25	10.67	10.21	10.45	974545	15262790.000
12/09/2013	10.45	10.59	10.41	10.57	512890	8098444.000
12/10/2013	10.57	10.59	10.27	10.29	809873	12589399.000
12/11/2013	10.29	10.38	10.05	10.22	718651	10996048.000
12/12/2013	10.23	10.50	10.17	10.37	1145762	17779628.000
12/13/2013	10.37	10.44	10.17	10.22	750064	11524946.000
12/16/2013	10.01	10.35	10.01	10.35	684604	10559720.000
12/17/2013	10.32	10.38	10.08	10.21	498150	7657315.000
12/18/2013	10.33	10.75	10.33	10.68	1520518	24235356.000
12/19/2013	10.69	10.75	10.40	10.51	800324	12721781.000
12/20/2013	10.67	10.67	10.41	10.55	616053	9706711.000
12/23/2013	10.55	10.67	10.45	10.53	524424	8300534.500
12/24/2013	10.60	10.66	10.47	10.61	617544	9795690.000
12/25/2013	10.69	10.93	10.59	10.83	798189	12922224.000
12/26/2013	10.86	10.86	10.68	10.73	601439	9691414.000
12/27/2013	10.73	10.87	10.67	10.87	1033291	16723940.000
12/30/2013	10.85	11.31	10.85	11.28	1515865	25412278.000
12/31/2013	11.23	11.39	11.14	11.27	1327169	22404014.000
01/02/2014	11.29	11.37	11.17	11.33	830151	14073499.000
01/03/2014	11.33	11.41	11.27	11.33	888072	15102450.000
01/06/2014	11.31	11.33	10.90	10.98	884943	14682391.000
01/07/2014	10.90	11.00	10.67	10.93	360758	5906832.000
01/08/2014	11.00	11.00	10.67	10.77	1111172	18036666.000
01/09/2014	10.75	10.99	10.67	10.77	1093548	17779396.000
01/10/2014	10.77	11.23	10.72	11.21	4423681	73491848.000
01/13/2014	11.20	11.21	10.75	10.80	1898938	31127294.000
01/14/2014	10.79	10.95	10.67	10.93	984337	15961803.000
01/15/2014	10.85	10.97	10.67	10.85	849330	13761867.000
01/16/2014	10.91	11.23	10.80	11.20	1724439	28746140.000
01/17/2014	11.15	11.67	11.07	11.53	3787480	64592744.000
01/20/2014	11.60	11.90	11.41	11.83	3312296	58061280.000
01/21/2014	11.80	12.01	11.71	11.90	1924291	34241424.000
01/22/2014	12.25	12.60	11.90	12.06	3670747	66799780.000
01/23/2014	11.93	12.17	11.80	11.97	2560586	46037664.000
01/24/2014	11.97	11.97	11.69	11.91	2393870	42387932.000
01/27/2014	11.83	11.87	11.52	11.69	1570434	27523518.000
01/28/2014	11.69	11.81	11.40	11.62	820605	14255097.000
01/29/2014	11.55	11.91	11.55	11.78	1500552	26445368.000
01/30/2014	11.80	11.90	11.57	11.64	1417338	24993486.000
02/07/2014	11.73	11.80	11.57	11.79	1256735	22004546.000
02/10/2014	11.79	12.23	11.77	12.20	3145513	56847908.000
02/11/2014	12.19	12.52	12.01	12.29	2667872	49174972.000
02/12/2014	12.29	12.30	12.01	12.09	1619769	29475294.000
02/13/2014	12.13	13.19	12.13	12.79	5051998	96096544.000
02/14/2014	13.01	13.99	12.91	13.97	8272583	168285376.000
02/17/2014	13.93	14.93	13.83	14.83	8175658	179354896.000
02/18/2014	14.85	15.41	14.00	15.12	5270379	117413920.000
02/19/2014	15.00	15.53	14.60	14.73	4224154	95221560.000
02/20/2014	14.95	15.07	14.37	14.60	3503636	77169336.000
02/21/2014	14.59	15.46	14.45	15.37	3900987	88618976.000
02/24/2014	15.37	16.06	14.83	15.32	4305654	99111904.000
02/25/2014	15.31	15.41	13.87	14.28	4569273	101454744.000
02/26/2014	14.17	14.67	13.39	14.33	2537388	53728560.000
02/27/2014	14.35	15.25	14.33	14.53	3723270	82632584.000
02/28/2014	14.57	15.19	14.41	15.17	3078148	68797080.000
03/03/2014	15.99	16.33	15.30	15.85	2886904	68745048.000
03/04/2014	15.91	16.66	15.49	16.65	5069650	122998296.000
03/05/2014	16.73	16.92	16.40	16.65	2897850	72355424.000
03/06/2014	16.59	16.59	16.11	16.15	2234944	54464136.000
03/07/2014	16.05	16.34	15.57	15.85	2974394	70819240.000
03/10/2014	15.86	15.87	15.06	15.06	2426658	55972780.000
03/11/2014	14.91	15.15	14.12	14.19	2612904	57188968.000
03/12/2014	14.32	14.51	13.72	14.32	2193869	46281040.000
03/13/2014	14.39	14.72	14.13	14.71	2022037	43710036.000
03/14/2014	14.66	15.60	14.43	15.27	3112746	71420680.000
03/17/2014	15.53	15.87	15.20	15.81	1644249	38719316.000
03/18/2014	15.69	15.92	15.37	15.86	1491187	35192092.000
03/19/2014	15.69	15.80	15.28	15.41	1833232	42452072.000
03/20/2014	15.30	15.43	14.35	14.59	2030865	45423736.000
03/21/2014	14.34	14.99	13.85	14.99	2427221	52064164.000
03/24/2014	14.91	14.99	14.33	14.40	1378335	30065520.000
03/25/2014	14.29	14.37	13.69	13.89	2411315	50713068.000
03/26/2014	13.79	14.29	13.78	14.08	1029702	21801344.000
03/27/2014	14.08	14.33	13.67	14.19	1674769	35241944.000
03/28/2014	14.03	14.19	13.73	13.82	993146	20689834.000
03/31/2014	13.93	14.03	13.75	13.94	625263	13045191.000
04/01/2014	13.98	14.47	13.94	14.46	1368134	29451946.000
04/02/2014	14.44	14.64	14.07	14.32	962767	20710060.000
04/03/2014	14.80	15.12	14.51	14.55	1327523	29141216.000
04/04/2014	14.32	14.58	14.14	14.52	575503	12481204.000
04/08/2014	14.38	14.51	14.23	14.37	604565	13027149.000
04/09/2014	14.53	14.67	14.41	14.64	967512	21166084.000
04/10/2014	14.67	14.99	14.17	14.33	2252981	49568768.000
04/11/2014	14.22	14.22	13.47	13.85	1759524	36310180.000
04/14/2014	13.80	13.92	13.73	13.85	572788	11872997.000
04/15/2014	13.73	14.00	13.70	13.87	614047	12762866.000
04/16/2014	13.92	13.92	13.72	13.85	1147420	23712604.000
04/17/2014	13.81	13.99	13.81	13.87	1161763	24181722.000
04/18/2014	13.79	13.93	13.79	13.92	1490931	31000884.000
04/21/2014	13.93	14.15	13.92	13.93	2389935	50439440.000
04/22/2014	13.83	14.01	13.54	13.90	1197710	24728724.000
04/23/2014	13.89	14.05	13.81	13.93	848548	17740450.000
04/24/2014	13.43	13.65	13.08	13.59	2169715	43582492.000
04/25/2014	13.67	13.91	13.39	13.50	981986	20166022.000
04/29/2014	12.47	12.53	12.15	12.20	3704285	67983992.000
04/30/2014	12.20	12.39	12.01	12.29	942540	17309908.000
05/05/2014	12.29	12.29	11.87	12.08	1463022	26334098.000
05/06/2014	12.09	12.31	12.04	12.23	1062543	19457328.000
05/07/2014	12.29	12.29	11.46	11.53	1480106	26322752.000
05/08/2014	11.64	11.64	11.04	11.08	1299252	22122190.000
05/09/2014	11.05	11.15	10.23	11.00	3749990	59589112.000
05/12/2014	10.84	11.32	10.84	11.23	1476124	24503214.000
05/13/2014	11.27	11.51	11.09	11.19	935171	15874976.000
05/14/2014	11.23	11.48	11.15	11.23	753681	12794278.000
05/15/2014	11.21	11.47	11.03	11.13	1188797	20109354.000
05/16/2014	11.17	11.17	10.60	10.97	917626	14841400.000
05/19/2014	11.00	11.00	10.67	10.90	945540	15279855.000
05/20/2014	11.06	11.39	11.03	11.25	1099569	18521540.000
05/21/2014	11.29	11.34	11.13	11.34	736493	12466084.000
05/22/2014	11.45	11.79	11.30	11.62	1202286	20803428.000
05/23/2014	11.55	11.84	11.41	11.79	934267	16292503.000
05/26/2014	11.80	12.17	11.80	12.06	873498	15707456.000
05/27/2014	12.09	12.20	12.00	12.17	941646	17120318.000
05/28/2014	12.16	12.77	12.00	12.71	1682439	31239430.000
05/29/2014	12.75	13.20	12.67	12.82	1431841	27669374.000
05/30/2014	12.67	12.92	12.61	12.85	969156	18480350.000
06/03/2014	12.83	13.10	12.70	13.06	1199784	23273098.000
06/04/2014	13.17	13.18	12.51	12.90	1552814	19980882.000
06/05/2014	12.66	13.10	12.60	13.00	1634363	21028512.000
06/06/2014	12.99	12.99	12.75	12.90	1180472	15162523.000
06/09/2014	12.87	13.16	12.70	12.85	1059729	13760235.000
06/10/2014	12.95	13.13	12.71	13.04	1053253	13644785.000
06/11/2014	13.04	13.78	12.98	13.77	3207695	43504744.000
06/12/2014	13.70	14.13	13.55	13.94	1939875	26870054.000
06/13/2014	13.89	14.13	13.75	13.96	1454291	20323760.000
06/16/2014	13.90	14.16	13.86	13.90	995853	13897886.000
06/17/2014	13.79	13.80	13.01	13.32	2290462	30787864.000
06/18/2014	13.40	13.48	13.08	13.42	923455	12283971.000
06/19/2014	13.45	13.53	12.87	13.28	1741810	22980184.000
06/20/2014	13.18	14.12	12.97	14.08	2844721	38821548.000
06/23/2014	14.06	14.23	13.98	14.09	1367238	19279334.000
06/24/2014	14.05	14.17	13.88	13.98	1362189	19031098.000
06/25/2014	14.00	14.12	13.77	13.80	906914	12599750.000
06/26/2014	13.80	14.02	13.72	13.92	1139708	15852265.000
06/27/2014	14.05	14.25	13.95	14.11	1796669	25357374.000
06/30/2014	14.17	14.25	13.88	14.25	1677896	23630602.000
07/01/2014	14.22	14.25	13.88	13.97	2059968	28869430.000
07/02/2014	13.89	14.19	13.70	13.90	2084451	29057126.000
07/03/2014	13.97	14.07	13.77	13.90	1325491	18431450.000
07/04/2014	13.87	13.93	13.50	13.65	1488798	20300370.000
07/07/2014	13.65	13.73	13.40	13.52	1052714	14232372.000
07/08/2014	13.51	13.70	13.38	13.67	1135304	15347541.000
07/09/2014	13.77	14.69	13.55	14.51	5423769	77726200.000
07/10/2014	14.44	14.58	14.25	14.48	2290564	32993840.000
07/11/2014	14.51	14.93	14.34	14.43	2391790	34982496.000
07/14/2014	14.50	14.55	14.01	14.37	1994655	28546768.000
07/15/2014	14.11	14.12	13.60	13.66	2829434	38979988.000
07/16/2014	13.70	13.89	13.23	13.36	2037119	27329252.000
07/17/2014	13.21	13.43	13.13	13.39	617086	8207965.000
07/18/2014	13.39	13.48	13.25	13.26	901327	12051491.000
07/21/2014	13.25	13.45	13.11	13.32	559955	7439509.500
07/22/2014	13.31	13.46	13.31	13.37	1267191	16957680.000
07/23/2014	13.37	13.44	12.70	12.73	1522158	19751034.000
07/24/2014	12.73	12.78	12.13	12.24	1828370	22447114.000
07/25/2014	12.28	12.56	12.20	12.34	888167	10948979.000
07/28/2014	12.39	12.60	12.26	12.50	1698726	21127246.000
07/29/2014	12.58	13.33	12.54	12.97	1732876	22522206.000
07/30/2014	13.07	13.30	12.95	13.19	1109367	14644046.000
07/31/2014	13.21	13.36	13.06	13.14	1137869	15035855.000
08/01/2014	13.27	13.27	12.91	13.05	1346283	17656438.000
08/04/2014	12.97	13.25	12.56	12.87	823820	10674826.000
08/05/2014	12.80	13.32	12.79	13.20	1438410	18904246.000
08/06/2014	13.08	13.30	13.00	13.20	991942	13040649.000
08/07/2014	13.09	13.39	13.02	13.16	1133630	15040188.000
08/08/2014	13.25	13.77	13.15	13.50	2382723	32320202.000
08/11/2014	13.53	13.65	13.39	13.49	1345778	18152456.000
08/12/2014	13.50	13.56	13.20	13.30	1881057	25074480.000
08/13/2014	13.32	13.35	12.90	13.15	1658397	21714624.000
08/14/2014	13.12	13.23	13.06	13.21	1431455	18825194.000
08/15/2014	13.48	14.06	13.41	14.00	4818348	66530836.000
08/18/2014	14.01	14.13	13.77	14.07	3347775	46686064.000
08/19/2014	14.07	14.49	14.07	14.24	2986412	42688752.000
08/20/2014	14.25	14.65	14.14	14.32	3358590	48632356.000
08/21/2014	14.33	14.66	13.91	14.28	2869309	40984544.000
08/22/2014	14.13	14.73	14.03	14.73	4345632	62694024.000
08/25/2014	14.81	15.39	14.73	15.16	6982201	105481424.000
08/26/2014	15.16	15.37	14.50	14.66	3878406	57636504.000
08/27/2014	14.56	14.85	14.54	14.67	2258924	33130864.000
08/28/2014	14.50	14.67	14.04	14.22	2145579	30702172.000
08/29/2014	14.25	14.39	14.00	14.36	1020798	14534368.000
09/01/2014	14.51	14.79	14.30	14.67	1886258	27562618.000
09/02/2014	14.68	15.17	14.68	15.04	3971522	59105112.000
09/03/2014	15.10	15.74	15.08	15.53	5327006	82128776.000
09/04/2014	15.60	15.68	15.24	15.48	3160853	48830984.000
09/05/2014	15.48	15.59	15.26	15.49	2522763	38838624.000
09/09/2014	15.56	15.58	15.18	15.28	2227545	34221120.000
09/10/2014	15.29	15.33	14.93	15.13	2185718	33092940.000
09/11/2014	15.35	16.30	15.10	16.11	10494986	165007408.000
09/12/2014	15.91	16.09	15.62	15.86	5765257	91258504.000
09/15/2014	15.75	16.79	15.66	16.52	6126438	99390208.000
09/16/2014	16.40	16.97	15.70	15.78	8649948	142348592.000
09/17/2014	15.79	16.20	15.30	16.20	3512901	55494520.000
09/18/2014	16.08	16.79	16.00	16.48	5221783	85995760.000
09/19/2014	16.78	16.93	16.30	16.53	3236908	53740540.000
09/22/2014	16.36	16.49	15.89	16.00	3057868	49163804.000
09/23/2014	15.99	16.27	15.85	16.14	2177995	35073404.000
09/24/2014	16.00	16.17	15.79	16.07	2436678	39014300.000
09/25/2014	16.35	16.35	15.30	15.44	7696943	120234280.000
09/26/2014	15.28	15.49	15.22	15.30	3973352	60888764.000
09/29/2014	15.50	15.79	15.48	15.55	3170945	49569620.000
09/30/2014	15.50	16.27	15.50	15.96	4048644	64770036.000
10/08/2014	16.05	16.25	15.80	16.01	4467847	71377968.000
10/09/2014	16.01	16.10	15.43	15.60	4341460	68255144.000
10/10/2014	15.55	15.55	15.13	15.39	4040500	61903604.000
10/13/2014	15.36	15.38	14.92	15.29	2623700	39636844.000
10/14/2014	15.10	16.40	15.10	16.38	10872875	172584560.000
10/15/2014	15.90	16.28	15.70	16.19	8071836	128839936.000
10/16/2014	16.30	16.58	15.60	15.65	9358648	150761104.000
10/17/2014	15.49	15.49	14.80	15.23	4051476	61612784.000
10/20/2014	15.48	15.68	15.37	15.51	2678722	41580376.000
10/21/2014	15.48	15.53	15.10	15.13	2345688	35946056.000
10/22/2014	15.37	15.53	15.10	15.15	2677522	40838784.000
10/23/2014	15.04	15.24	14.43	14.85	3425947	50436032.000
10/24/2014	14.87	15.06	14.60	14.60	2172662	32187082.000
10/27/2014	14.58	14.58	13.91	14.28	2937401	41667392.000
10/28/2014	14.37	14.90	14.28	14.79	2194581	32167038.000
10/29/2014	14.97	14.98	14.71	14.90	2744525	40844320.000
10/30/2014	14.95	14.96	14.55	14.61	2963059	43533524.000
10/31/2014	14.65	14.77	14.14	14.37	3191411	45689096.000
数据来源:通达信
