300146 汤臣倍健 日线
      日期	    开盘	    最高	    最低	    收盘	    成交量	    成交额
12/15/2010	12.12	12.27	11.27	11.28	8906537	1350273920.000
12/16/2010	10.74	11.62	10.73	11.04	3711392	541412864.000
12/17/2010	10.93	11.97	10.92	11.80	3191199	473793440.000
12/20/2010	11.94	12.85	11.84	12.26	3160065	503637728.000
12/21/2010	12.35	12.76	12.13	12.38	1885511	304208416.000
12/22/2010	12.19	12.68	11.97	12.59	1275257	203427456.000
12/23/2010	12.47	12.63	11.80	11.80	1504523	236486176.000
12/24/2010	11.72	11.95	11.30	11.43	977194	147100656.000
12/27/2010	11.48	11.78	10.85	10.93	1002209	148067056.000
12/28/2010	10.80	11.28	10.80	11.13	703819	101179400.000
12/29/2010	11.05	11.25	10.93	11.05	457512	66017468.000
12/30/2010	11.07	11.21	10.94	11.12	539614	77748616.000
12/31/2010	11.12	11.59	11.04	11.55	560188	83001688.000
01/04/2011	11.62	11.86	11.45	11.59	696344	105178784.000
01/05/2011	11.47	11.55	11.02	11.08	947089	138759776.000
01/06/2011	11.05	11.19	10.84	11.18	954610	137453216.000
01/07/2011	11.09	11.16	10.85	10.88	579635	82882536.000
01/10/2011	10.80	10.88	9.97	10.08	1612129	218143504.000
01/11/2011	10.04	10.29	9.88	10.18	489541	64479104.000
01/12/2011	10.13	10.35	9.90	10.07	311700	41466040.000
01/13/2011	10.05	10.12	9.80	9.81	462207	60157740.000
01/14/2011	9.73	9.88	9.68	9.69	396255	50961276.000
01/17/2011	9.80	10.18	9.29	9.46	976842	124145784.000
01/18/2011	9.50	9.50	9.22	9.29	361102	44554028.000
01/19/2011	9.32	9.46	9.28	9.43	346215	42955472.000
01/20/2011	9.45	9.45	8.97	9.06	465607	56641752.000
01/21/2011	8.99	9.26	8.95	9.22	247313	29958614.000
01/24/2011	9.15	9.33	8.80	8.84	230750	27670746.000
01/25/2011	8.86	8.93	8.48	8.63	421252	48406416.000
01/27/2011	8.63	8.96	8.55	8.92	400972	46898584.000
01/28/2011	8.88	9.05	8.80	8.97	258194	30621676.000
01/31/2011	8.92	9.13	8.87	9.03	237147	28348172.000
02/01/2011	9.06	9.18	8.85	8.93	160237	18993172.000
02/09/2011	8.80	8.99	8.80	8.83	151418	17889040.000
02/10/2011	8.82	9.35	8.72	9.33	349839	42167280.000
02/11/2011	9.30	9.37	9.22	9.33	224566	27623130.000
02/14/2011	9.26	9.63	9.26	9.58	320207	40036860.000
02/15/2011	9.63	9.63	9.42	9.43	220084	27611424.000
02/16/2011	9.38	9.57	9.36	9.55	227713	28451140.000
02/17/2011	9.48	9.68	9.48	9.59	243014	30648716.000
02/18/2011	9.55	9.61	9.44	9.47	168574	21151452.000
02/21/2011	9.44	9.51	9.22	9.37	557610	68878984.000
02/22/2011	9.33	9.34	8.80	8.84	747241	89245528.000
02/23/2011	8.84	8.93	8.76	8.90	267310	31431788.000
02/24/2011	8.90	8.90	8.76	8.88	298086	34955500.000
02/25/2011	8.89	9.41	8.89	9.24	708632	86350144.000
02/28/2011	9.24	9.31	9.01	9.13	319322	38565316.000
03/01/2011	9.06	9.30	9.06	9.30	338552	41122908.000
03/02/2011	9.25	9.34	9.12	9.29	286203	34931260.000
03/03/2011	9.25	9.32	8.88	8.97	303587	36540664.000
03/04/2011	8.97	9.04	8.88	9.01	121376	14438293.000
03/07/2011	9.04	9.20	8.88	9.20	263630	31521714.000
03/08/2011	9.22	9.23	9.08	9.22	139809	16975860.000
03/09/2011	9.24	9.24	9.04	9.10	239016	28848848.000
03/10/2011	9.13	9.22	9.08	9.16	249268	30240666.000
03/11/2011	9.10	9.22	9.02	9.07	272139	32871754.000
03/14/2011	9.05	9.43	9.00	9.34	514694	63002256.000
03/15/2011	9.35	9.43	9.03	9.14	684970	83351536.000
03/16/2011	9.10	9.48	9.10	9.39	535294	66250824.000
03/17/2011	9.37	9.90	9.27	9.64	759736	96877992.000
03/18/2011	9.77	9.77	9.54	9.61	344188	43651168.000
03/21/2011	9.47	9.62	9.28	9.29	359101	44546496.000
03/22/2011	9.33	9.35	9.19	9.26	323401	39508052.000
03/23/2011	9.22	9.29	9.15	9.29	344230	42071328.000
03/24/2011	9.25	9.36	9.14	9.15	337398	41101448.000
03/25/2011	9.15	9.25	9.13	9.19	238779	29004074.000
03/28/2011	9.15	9.22	9.10	9.10	378903	45860588.000
03/29/2011	9.08	9.08	8.72	8.76	692325	81376400.000
03/30/2011	8.73	8.82	8.55	8.59	267456	30701174.000
03/31/2011	8.59	8.69	8.56	8.61	124912	14354205.000
04/01/2011	8.61	8.68	8.56	8.65	124140	14260406.000
04/06/2011	8.62	8.71	8.51	8.51	218113	24939148.000
04/07/2011	8.42	8.51	8.42	8.47	225055	25380204.000
04/08/2011	8.48	8.68	8.48	8.61	174165	19996728.000
04/11/2011	8.61	8.75	8.44	8.59	215475	24576706.000
04/12/2011	8.51	8.58	8.47	8.55	97437	11082531.000
04/13/2011	8.55	8.62	8.50	8.61	172004	19701234.000
04/14/2011	8.64	8.64	8.21	8.32	510378	56951652.000
04/18/2011	8.33	8.54	8.30	8.31	371877	41684012.000
04/19/2011	8.22	8.22	7.75	7.85	469702	50037636.000
04/20/2011	7.79	7.96	7.78	7.93	202210	21412538.000
04/21/2011	7.93	8.22	7.87	8.09	310290	33529008.000
04/22/2011	8.14	8.30	8.12	8.22	401825	44092072.000
04/25/2011	8.22	8.25	7.98	8.03	222483	24112058.000
04/26/2011	8.04	8.04	7.80	7.82	169245	17987356.000
04/27/2011	7.89	7.92	7.63	7.69	272066	28561782.000
04/28/2011	7.74	7.80	7.47	7.50	198644	20393460.000
04/29/2011	7.43	7.64	7.43	7.63	141768	14513382.000
05/03/2011	7.63	7.68	7.54	7.66	127659	13122037.000
05/04/2011	7.68	7.68	7.46	7.47	142415	14458569.000
05/05/2011	7.47	7.72	7.43	7.63	313018	32145328.000
05/06/2011	7.61	7.84	7.48	7.80	232639	24015944.000
05/09/2011	7.81	8.13	7.74	8.02	239777	25712184.000
05/11/2011	8.05	8.24	8.03	8.23	353416	38627408.000
05/12/2011	8.23	8.23	8.07	8.14	249674	27267838.000
05/13/2011	8.05	8.18	8.05	8.18	157590	17167926.000
05/16/2011	8.18	8.29	8.14	8.16	149349	16441920.000
05/17/2011	8.12	8.17	7.88	7.95	136871	14698202.000
05/18/2011	7.93	8.14	7.93	8.09	114961	12414911.000
05/19/2011	8.08	8.08	7.83	7.88	165586	17667236.000
05/20/2011	7.88	8.05	7.77	8.02	177287	18796842.000
05/23/2011	8.02	8.05	7.72	7.74	135767	14278472.000
05/24/2011	7.72	8.13	7.53	8.00	462092	24393470.000
05/25/2011	7.93	7.99	7.54	7.54	272041	13994806.000
05/26/2011	7.49	7.63	6.80	6.93	905519	43769188.000
05/27/2011	6.93	6.93	6.64	6.78	487639	22251024.000
05/30/2011	6.80	6.97	6.72	6.75	492169	22756894.000
05/31/2011	6.74	6.85	6.68	6.85	271173	12451582.000
06/01/2011	6.88	7.07	6.80	7.03	268603	12590451.000
06/02/2011	6.93	7.02	6.87	6.94	347658	16298810.000
06/03/2011	6.97	7.28	6.93	7.20	461457	21998380.000
06/07/2011	7.18	7.61	7.12	7.54	525639	26288568.000
06/08/2011	7.52	7.52	7.28	7.41	259634	12832856.000
06/09/2011	7.44	7.47	7.28	7.30	321675	15969102.000
06/10/2011	7.27	7.40	7.22	7.38	164985	8089654.500
06/13/2011	7.30	7.41	7.27	7.38	208527	10256083.000
06/14/2011	7.30	7.38	7.30	7.32	259755	12784352.000
06/15/2011	7.32	7.38	7.24	7.28	158201	7740932.000
06/16/2011	7.27	7.38	7.14	7.33	264441	12931161.000
06/17/2011	7.33	7.38	7.19	7.19	271160	13258578.000
06/20/2011	7.18	7.33	6.98	7.18	457625	22094292.000
06/21/2011	7.13	7.15	6.98	7.06	157389	7478435.500
06/22/2011	7.07	7.18	7.00	7.13	103623	4938273.500
06/23/2011	7.09	7.44	7.02	7.35	353566	17306748.000
06/24/2011	7.51	8.13	7.51	7.93	930051	48750648.000
06/27/2011	7.93	8.07	7.83	8.01	630352	33478596.000
06/28/2011	8.02	8.38	7.94	8.29	652416	35670092.000
06/29/2011	8.34	8.45	8.18	8.28	353656	19463124.000
06/30/2011	8.30	8.64	8.21	8.63	725140	41024060.000
07/01/2011	8.73	8.92	8.65	8.82	624070	36288412.000
07/04/2011	8.82	8.88	8.76	8.88	761007	44216832.000
07/05/2011	8.88	9.08	8.78	8.81	574122	33643228.000
07/06/2011	8.80	8.80	8.58	8.75	629510	36010216.000
07/07/2011	8.65	8.85	8.63	8.73	634877	36492984.000
07/08/2011	8.71	8.77	8.60	8.71	351995	20143942.000
07/11/2011	8.71	8.95	8.64	8.89	467003	27033358.000
07/12/2011	8.80	8.85	8.68	8.77	423702	24516116.000
07/13/2011	8.77	9.13	8.77	9.13	575004	34011536.000
07/14/2011	9.13	9.55	9.09	9.54	1103103	68017960.000
07/15/2011	9.52	9.80	9.47	9.53	966822	60917236.000
07/18/2011	9.53	9.58	9.26	9.30	612843	37659400.000
07/19/2011	9.30	9.30	8.90	9.08	520282	30918320.000
07/20/2011	9.05	9.16	8.92	9.12	289463	17271276.000
07/21/2011	9.11	9.35	9.03	9.08	415966	25004998.000
07/22/2011	9.10	9.33	9.10	9.27	281970	17079380.000
07/26/2011	8.92	9.13	8.75	9.03	407179	23993560.000
07/27/2011	9.03	9.55	8.98	9.50	395370	24295046.000
07/28/2011	9.30	9.76	9.30	9.73	939736	58889412.000
07/29/2011	9.73	9.97	9.55	9.73	719152	45921684.000
08/01/2011	9.50	9.77	9.47	9.65	329071	20694944.000
08/02/2011	9.65	9.66	9.37	9.55	485316	30076814.000
08/03/2011	9.43	10.13	9.39	10.09	958610	61708140.000
08/04/2011	10.08	10.13	9.77	9.85	638788	41214752.000
08/05/2011	9.55	10.11	9.46	9.92	766622	49391168.000
08/08/2011	9.84	9.84	9.43	9.59	932100	58862280.000
08/09/2011	9.05	9.88	9.04	9.66	505722	31439166.000
08/10/2011	9.80	10.05	9.67	9.88	556068	35890452.000
08/11/2011	9.80	10.36	9.72	10.33	830366	54683028.000
08/12/2011	10.40	10.61	10.13	10.15	903110	60795244.000
08/15/2011	10.20	10.78	10.14	10.73	743449	50845504.000
08/16/2011	10.75	10.75	10.48	10.55	376995	25986948.000
08/17/2011	10.49	10.80	10.49	10.75	383370	26577084.000
08/18/2011	10.76	10.85	10.30	10.35	1038205	71587480.000
08/19/2011	10.13	10.51	10.06	10.35	484430	32389096.000
08/22/2011	10.33	10.80	10.33	10.65	713227	49263688.000
08/23/2011	10.65	10.87	10.60	10.86	374921	26141098.000
08/24/2011	10.87	10.91	10.61	10.70	510556	35573152.000
08/25/2011	10.60	10.75	10.30	10.61	661959	45236708.000
08/26/2011	10.60	10.83	10.48	10.78	410756	28597862.000
08/29/2011	10.67	10.80	10.47	10.80	461699	31956728.000
08/30/2011	10.84	10.97	10.69	10.92	477692	33617648.000
08/31/2011	10.82	10.97	10.58	10.96	418926	29527304.000
09/01/2011	10.93	11.13	10.89	10.95	392031	27922128.000
09/02/2011	10.92	10.92	10.52	10.55	709748	49084816.000
09/05/2011	10.41	10.41	10.00	10.24	1237703	82189920.000
09/06/2011	10.14	10.29	10.01	10.18	334075	22056264.000
09/07/2011	10.18	10.53	10.18	10.49	261489	17560736.000
09/08/2011	10.55	10.55	10.27	10.36	279021	18872260.000
09/09/2011	10.36	10.37	10.10	10.15	264239	17512876.000
09/13/2011	9.97	10.13	9.77	9.88	577432	37134324.000
09/14/2011	9.95	10.19	9.87	10.19	261508	17069788.000
09/15/2011	10.20	10.47	10.15	10.46	273685	18390088.000
09/16/2011	10.48	10.94	10.36	10.90	405721	28278876.000
09/19/2011	10.88	11.03	10.64	10.85	341427	24019616.000
09/20/2011	10.78	11.20	10.68	11.10	346936	24754178.000
09/21/2011	11.11	11.23	10.98	11.08	448237	32196564.000
09/22/2011	10.97	11.17	10.77	10.77	273897	19435708.000
09/23/2011	10.50	10.78	10.35	10.63	237863	16277941.000
09/27/2011	10.60	10.61	10.13	10.29	298717	20030230.000
09/28/2011	10.38	10.38	10.24	10.26	173717	11647797.000
09/29/2011	10.18	10.30	9.97	10.13	734386	48094844.000
09/30/2011	10.38	10.60	10.10	10.46	781572	52029212.000
10/10/2011	10.45	10.58	10.09	10.43	341954	22878266.000
10/11/2011	10.62	11.06	10.38	10.98	803775	55997996.000
10/12/2011	10.93	12.12	10.82	11.88	1138167	85168560.000
10/13/2011	11.83	12.03	11.73	11.84	561474	42886372.000
10/14/2011	11.84	12.06	11.72	12.04	553144	42469052.000
10/17/2011	12.12	12.35	11.82	12.23	905395	70601904.000
10/18/2011	12.13	12.13	11.56	11.64	679639	52172692.000
10/19/2011	11.65	12.43	11.65	12.37	990005	77276000.000
10/20/2011	12.38	12.48	11.97	12.25	951342	74486040.000
10/21/2011	12.10	12.25	11.84	11.97	921070	71300656.000
10/24/2011	12.12	12.35	11.67	12.18	752862	58191696.000
10/25/2011	12.11	12.46	12.01	12.10	885009	69647608.000
10/26/2011	12.00	12.36	11.68	12.24	793274	61243028.000
10/27/2011	11.97	12.30	11.64	11.88	883240	67409384.000
10/28/2011	11.88	12.11	11.65	11.72	734576	55938240.000
10/31/2011	11.68	12.95	11.63	12.53	1225297	97004744.000
11/01/2011	12.36	12.93	12.33	12.45	785254	63480252.000
11/02/2011	12.36	12.96	12.20	12.86	706633	57447892.000
11/03/2011	12.86	13.11	12.53	12.58	652871	53420660.000
11/04/2011	12.58	12.79	11.97	12.13	1137680	90066800.000
11/07/2011	12.07	12.42	11.99	12.22	415776	32663770.000
11/08/2011	12.29	13.11	12.29	12.87	809239	66033416.000
11/09/2011	12.95	14.05	12.78	13.98	1396796	120574112.000
11/10/2011	13.81	14.38	13.65	13.87	1043680	92967312.000
11/11/2011	13.74	13.95	13.30	13.58	862360	74813008.000
11/14/2011	13.78	14.05	13.60	14.00	614378	54050084.000
11/15/2011	14.12	14.12	13.60	13.96	710490	62267752.000
11/16/2011	13.95	14.08	13.53	13.71	690196	60296800.000
11/17/2011	13.63	14.00	13.41	13.83	759793	66251520.000
11/18/2011	13.72	13.72	13.04	13.15	1109970	94558312.000
11/21/2011	13.13	13.58	12.92	13.55	740710	62418948.000
11/22/2011	13.38	13.97	13.36	13.72	677105	59160112.000
11/23/2011	13.72	13.96	13.38	13.45	585245	50969528.000
11/24/2011	13.30	13.73	13.20	13.54	359425	30915404.000
11/25/2011	13.63	13.82	13.41	13.68	468230	40734004.000
11/28/2011	13.70	13.90	13.47	13.85	778365	68220160.000
11/29/2011	13.95	13.95	13.47	13.72	521420	45606364.000
11/30/2011	13.65	13.68	12.64	13.05	1121786	94109648.000
12/01/2011	13.30	13.61	12.98	13.29	992007	84198032.000
12/02/2011	13.13	13.13	12.65	12.93	623916	51449576.000
12/05/2011	12.83	12.85	12.08	12.20	826971	65947580.000
12/06/2011	12.03	12.25	11.60	12.11	1156490	88393176.000
12/07/2011	12.07	12.28	11.80	12.17	597063	46145820.000
12/08/2011	12.17	12.95	11.97	12.43	1017759	81599992.000
12/09/2011	12.35	12.49	12.13	12.18	469491	37079588.000
12/12/2011	12.18	12.45	11.78	11.80	404641	31484202.000
12/13/2011	11.79	11.95	11.71	11.71	434727	33085622.000
12/14/2011	11.50	11.81	11.14	11.26	627760	46496548.000
12/15/2011	11.24	11.70	11.15	11.64	820302	60804400.000
12/16/2011	11.63	12.37	11.58	12.35	529973	40800936.000
12/19/2011	12.28	12.62	12.13	12.43	433852	34473548.000
12/20/2011	12.30	12.46	12.08	12.22	287611	22642152.000
12/21/2011	12.25	12.46	11.94	11.94	342577	26878090.000
12/22/2011	11.84	12.10	11.49	11.96	354767	26909774.000
12/23/2011	11.97	12.38	11.84	12.28	276919	21718102.000
12/26/2011	12.26	12.80	12.18	12.35	432604	34852108.000
12/27/2011	12.22	12.22	11.13	11.59	877813	65602352.000
12/28/2011	11.63	11.70	11.27	11.64	385134	28417992.000
12/29/2011	11.63	12.00	11.54	11.98	273141	20869692.000
12/30/2011	12.18	12.44	11.85	12.12	367949	28767304.000
01/04/2012	12.24	12.70	12.05	12.06	677416	53956448.000
01/05/2012	11.78	12.20	11.30	11.72	497003	37795392.000
01/06/2012	11.63	12.30	11.42	12.25	819792	62842568.000
01/09/2012	12.27	12.62	12.12	12.61	701377	55681368.000
01/10/2012	12.52	12.92	12.43	12.78	806607	65558128.000
01/11/2012	12.77	13.08	12.61	12.99	971703	79821504.000
01/12/2012	12.88	13.07	12.70	12.93	456903	37734496.000
01/13/2012	12.93	12.93	12.23	12.43	704037	56218476.000
01/16/2012	12.30	12.36	11.91	12.13	1212336	93987152.000
01/17/2012	12.30	12.61	11.80	12.52	434439	34279436.000
01/18/2012	12.53	12.62	11.63	11.80	868974	66909680.000
01/19/2012	11.77	11.80	10.53	10.72	1329329	93700816.000
01/20/2012	10.55	11.03	10.55	10.97	640537	45226188.000
01/30/2012	11.13	11.56	10.97	11.34	625291	45765676.000
01/31/2012	11.38	11.45	10.90	11.43	739010	53743088.000
02/01/2012	11.80	12.28	11.55	11.63	1645469	124662680.000
02/02/2012	11.63	11.70	11.12	11.45	1259883	91979928.000
02/03/2012	11.39	11.57	11.24	11.43	673689	49573308.000
02/06/2012	11.43	11.75	11.32	11.68	804162	59909440.000
02/07/2012	11.53	11.63	11.27	11.27	683417	50142860.000
02/08/2012	11.27	11.55	11.27	11.48	495254	36467416.000
02/09/2012	11.45	11.80	11.45	11.59	587875	44074120.000
02/10/2012	11.58	11.63	11.38	11.58	524480	38973676.000
02/13/2012	11.47	12.27	11.47	12.21	1037068	80355304.000
02/14/2012	12.20	12.23	12.05	12.14	353248	27555340.000
02/15/2012	12.05	12.26	11.97	12.23	413336	32241698.000
02/16/2012	12.23	12.29	12.02	12.13	337297	26303102.000
02/17/2012	12.02	12.17	11.87	12.06	327429	25310796.000
02/20/2012	12.13	12.47	12.08	12.32	528905	41574136.000
02/21/2012	12.30	12.45	12.07	12.45	405593	31929846.000
02/23/2012	12.93	13.25	12.58	12.63	1826728	149690336.000
02/24/2012	12.64	13.13	12.64	12.83	1404492	115752800.000
02/27/2012	12.84	13.41	12.73	13.17	1434067	120290864.000
02/28/2012	13.17	13.55	12.95	13.34	1293834	109873088.000
02/29/2012	13.35	13.38	13.05	13.17	726812	61451612.000
03/01/2012	13.17	13.48	12.89	13.35	993762	84255256.000
03/02/2012	13.47	14.11	13.41	14.10	1910125	168459072.000
03/05/2012	13.97	15.56	13.92	14.60	4957053	228194704.000
03/06/2012	14.47	14.47	13.68	14.03	4106402	180779232.000
03/07/2012	13.70	14.26	13.55	13.93	2496637	109817536.000
03/08/2012	14.03	14.17	13.89	13.97	1736195	76556680.000
03/09/2012	14.00	14.23	13.93	14.18	1621183	71770832.000
03/12/2012	14.19	15.67	14.19	15.67	6376542	304204896.000
03/13/2012	15.42	15.63	14.93	15.24	5264997	251287312.000
03/14/2012	15.23	15.63	14.26	14.67	4937989	233731440.000
03/15/2012	14.63	15.12	14.20	14.70	3427662	157702800.000
03/16/2012	14.73	15.13	14.53	15.03	3103499	144241808.000
03/19/2012	15.13	15.27	14.91	15.00	2284750	107897160.000
03/20/2012	14.90	14.90	14.23	14.29	2694832	122882664.000
03/21/2012	15.79	15.79	15.03	15.18	7223707	351371200.000
03/22/2012	15.37	16.77	15.33	16.77	6078747	310322624.000
03/26/2012	16.57	18.30	16.03	17.90	6858570	373413280.000
03/27/2012	17.90	18.97	17.33	18.03	5166728	292138848.000
03/28/2012	18.00	18.52	17.57	18.09	4419015	248957472.000
04/05/2012	16.21	16.97	16.21	16.50	9437851	484749024.000
04/06/2012	16.30	17.39	16.30	16.97	4620813	245182416.000
04/09/2012	16.57	16.63	15.47	15.98	4288051	215462928.000
04/10/2012	15.72	16.26	15.17	15.96	2638192	130179752.000
04/11/2012	16.13	17.63	15.85	17.63	4577437	242968688.000
04/12/2012	17.53	17.93	17.21	17.68	3718415	204387408.000
04/13/2012	17.83	18.85	17.63	17.63	3172085	179077744.000
04/16/2012	17.30	18.36	16.84	17.81	3670032	199256288.000
04/17/2012	17.80	18.29	17.53	17.61	2384743	132625584.000
04/18/2012	17.56	17.93	17.13	17.67	2351009	128685720.000
04/19/2012	17.57	18.27	17.50	17.70	2297232	128286744.000
04/20/2012	17.86	17.95	17.13	17.21	2611980	142281216.000
04/23/2012	16.75	16.75	15.43	16.14	4092267	206747552.000
04/24/2012	15.65	16.43	15.65	16.37	2005317	101083448.000
04/25/2012	16.21	16.52	15.68	15.96	1708268	85590904.000
04/26/2012	15.98	16.30	15.63	15.63	1283999	63791520.000
04/27/2012	15.63	16.53	15.58	16.49	1875491	94959224.000
05/02/2012	16.63	17.80	16.59	17.28	3057700	164731760.000
05/03/2012	17.13	18.26	17.09	17.73	2663322	147818832.000
05/04/2012	17.73	18.13	17.57	17.80	1909739	106259632.000
05/07/2012	17.77	19.65	17.64	19.65	4051946	235541984.000
05/08/2012	19.75	19.95	18.97	19.24	2731997	165825664.000
05/09/2012	18.97	20.45	18.97	20.13	3316347	205915104.000
05/10/2012	19.97	20.96	19.90	20.13	2614535	164808448.000
05/11/2012	20.12	20.54	19.64	19.88	1807693	112300312.000
05/14/2012	19.96	20.48	19.90	20.03	1862392	116603680.000
05/15/2012	19.83	20.43	19.23	20.43	1993602	123887208.000
05/16/2012	20.29	20.45	19.45	19.64	2450729	151551312.000
05/17/2012	19.52	19.86	18.83	19.12	2967604	176149280.000
05/18/2012	18.85	19.12	18.52	18.59	2346470	136574384.000
05/21/2012	18.50	20.04	18.50	19.54	3311201	200208032.000
05/22/2012	19.55	20.36	19.20	19.59	3317808	202613008.000
05/23/2012	19.61	19.61	18.97	19.30	2650370	158248624.000
05/24/2012	19.13	19.59	18.90	19.05	2118340	125910464.000
05/25/2012	19.05	19.43	18.88	19.10	2199748	130817736.000
05/28/2012	18.97	19.10	18.21	18.90	2075907	120343768.000
05/29/2012	18.85	19.63	18.80	19.48	2204724	132603632.000
05/30/2012	19.30	19.46	18.94	19.04	2109971	125576824.000
05/31/2012	18.99	18.99	18.63	18.81	2048801	119629760.000
06/01/2012	18.87	19.50	18.61	19.35	2446737	145315104.000
06/04/2012	18.97	19.73	18.89	19.27	2039100	122940112.000
06/05/2012	19.46	19.48	18.87	18.97	1576962	93435976.000
06/06/2012	19.04	19.26	18.92	19.12	1074336	63672632.000
06/07/2012	19.36	19.70	19.14	19.35	1904375	115131320.000
06/08/2012	19.40	19.89	19.40	19.67	2359735	144342960.000
06/11/2012	19.76	21.13	19.76	20.87	3692545	236987920.000
06/12/2012	20.85	22.04	20.70	21.62	3426141	228719008.000
06/13/2012	21.63	21.73	21.00	21.63	2106807	139707008.000
06/14/2012	21.67	22.50	21.40	21.57	2443766	165626496.000
06/15/2012	21.47	21.82	21.03	21.63	1996816	132144624.000
06/18/2012	21.34	22.12	20.84	21.10	3551311	233634960.000
06/19/2012	21.06	21.50	20.80	21.10	2214704	144945456.000
06/20/2012	21.15	21.47	20.83	20.93	1419079	92557160.000
06/21/2012	20.87	20.97	20.30	20.85	1281040	82225888.000
06/25/2012	20.89	21.37	20.47	20.73	1426178	92777288.000
06/26/2012	20.62	20.93	20.13	20.73	1990046	126573728.000
06/27/2012	20.76	21.12	20.57	20.75	1447011	93624000.000
06/28/2012	20.70	21.63	20.59	21.44	2624284	171654336.000
06/29/2012	21.42	21.83	21.16	21.69	2045764	136788400.000
07/02/2012	21.79	22.36	21.59	22.15	2395012	162869808.000
07/03/2012	22.23	22.70	21.78	21.83	2703851	185663168.000
07/04/2012	21.82	21.97	21.30	21.35	1891175	126164264.000
07/05/2012	21.33	21.66	20.97	21.48	1549488	102116584.000
07/06/2012	21.55	22.47	21.55	22.40	2623786	179020336.000
07/09/2012	22.37	22.69	22.13	22.42	2280065	158322720.000
07/10/2012	22.49	22.55	21.97	22.19	1332766	91684696.000
07/11/2012	22.30	23.08	21.94	23.05	1910467	133226312.000
07/12/2012	23.05	23.29	22.73	22.97	2144565	152542144.000
07/13/2012	22.97	23.18	22.71	22.90	1239465	87880904.000
07/16/2012	22.87	23.13	21.90	21.94	2237635	155982576.000
07/17/2012	21.99	22.29	21.37	22.09	2157228	146052080.000
07/18/2012	22.12	22.13	20.64	21.52	3030715	200284256.000
07/19/2012	21.39	21.73	20.81	21.38	1943122	128403944.000
07/20/2012	21.22	22.43	21.07	21.93	2309601	157241280.000
07/23/2012	21.70	22.20	21.30	21.59	1126686	75661992.000
07/24/2012	21.55	21.76	20.87	21.38	1403050	92394528.000
07/25/2012	21.37	21.78	21.17	21.58	1028301	68615960.000
07/26/2012	21.41	22.36	21.41	22.05	1681138	115108520.000
07/27/2012	22.15	22.60	21.63	21.97	1547941	105962568.000
07/30/2012	21.70	22.08	20.89	21.03	2160739	142973232.000
07/31/2012	20.95	21.13	19.63	19.68	2466459	155845360.000
08/01/2012	19.66	20.37	19.38	20.16	1949317	121075624.000
08/02/2012	20.07	20.37	19.77	20.23	1016187	63431196.000
08/03/2012	20.26	20.97	20.09	20.95	1492077	95414048.000
08/06/2012	20.77	21.49	20.64	21.27	1418471	93291256.000
08/07/2012	21.30	21.56	21.07	21.30	1000836	66218712.000
08/08/2012	21.30	21.45	21.07	21.13	568413	37313304.000
08/09/2012	21.05	22.06	21.02	22.05	1433293	96172336.000
08/10/2012	22.03	22.24	21.57	21.63	1049169	71027704.000
08/13/2012	21.58	21.97	21.56	21.56	1279237	86349720.000
08/14/2012	21.53	22.23	20.83	22.01	1430697	95251200.000
08/15/2012	21.80	22.03	21.52	21.54	803636	53950068.000
08/16/2012	21.55	21.72	20.96	20.99	819005	54146744.000
08/17/2012	20.93	21.09	19.98	20.38	1776713	112505328.000
08/20/2012	20.27	20.96	20.04	20.88	704849	45016976.000
08/21/2012	20.73	21.27	20.73	21.10	707549	46203008.000
08/22/2012	21.10	21.26	20.40	20.51	915863	59106492.000
08/23/2012	20.37	20.72	20.03	20.33	1426025	89548384.000
08/24/2012	20.34	20.73	20.00	20.03	1022183	64369488.000
08/27/2012	19.97	20.18	19.63	19.70	1136629	70082608.000
08/28/2012	19.64	20.23	19.52	19.94	744077	45935500.000
08/29/2012	19.91	20.19	19.71	19.75	532041	32968748.000
08/30/2012	19.75	19.97	18.70	18.80	2851187	168882416.000
08/31/2012	18.80	19.46	18.65	19.24	860401	51273200.000
09/03/2012	19.24	19.97	19.06	19.93	1068401	65343160.000
09/04/2012	19.97	20.03	19.48	19.53	883270	54069892.000
09/05/2012	19.25	19.59	19.12	19.47	918809	55290168.000
09/06/2012	19.38	19.80	19.38	19.69	532021	32448982.000
09/07/2012	19.97	20.69	19.84	20.39	1632734	103190104.000
09/10/2012	20.63	21.10	20.43	20.54	1287159	83068616.000
09/11/2012	20.57	20.86	20.18	20.41	829689	52703208.000
09/12/2012	20.61	20.72	20.31	20.47	676536	42925364.000
09/13/2012	20.50	20.62	20.00	20.00	729288	45929316.000
09/14/2012	20.13	20.29	19.87	19.94	693279	43060496.000
09/17/2012	19.94	19.94	19.33	19.34	911949	55424052.000
09/18/2012	19.46	20.30	19.45	19.97	1619981	100958320.000
09/19/2012	20.05	20.26	19.91	19.99	629195	39106312.000
09/20/2012	19.99	20.61	19.64	19.83	1958094	122606248.000
09/21/2012	18.63	18.64	17.78	17.78	4261926	238340512.000
09/24/2012	16.40	18.09	16.40	17.42	3567361	192874080.000
09/25/2012	17.13	17.87	16.90	16.95	3003052	161937616.000
09/26/2012	16.93	17.19	15.92	16.19	3323758	168827120.000
09/27/2012	16.12	16.79	15.98	16.57	1889316	96552136.000
09/28/2012	16.38	17.05	16.26	16.97	941812	49233624.000
10/08/2012	16.99	17.93	16.97	17.80	2300001	126188568.000
10/09/2012	17.80	18.14	17.64	18.09	1232589	69091424.000
10/10/2012	18.09	18.58	17.89	18.37	1045261	59792252.000
10/11/2012	18.57	19.43	18.36	18.97	2769070	164668944.000
10/12/2012	18.95	19.13	18.69	18.93	934414	55007272.000
10/15/2012	18.90	18.90	18.30	18.37	878546	50646836.000
10/16/2012	18.37	19.35	18.32	18.87	924148	54680400.000
10/17/2012	18.91	19.25	18.91	19.01	484958	28805236.000
10/18/2012	18.97	19.36	18.96	19.20	470396	28044936.000
10/19/2012	19.20	19.30	18.96	19.01	447149	26479032.000
10/22/2012	19.01	19.23	18.97	19.08	297671	17686960.000
10/23/2012	19.20	19.20	18.32	18.37	1077173	62531424.000
10/24/2012	18.35	18.80	18.20	18.80	551480	31774592.000
10/25/2012	18.73	19.06	18.53	18.58	628637	36778692.000
10/26/2012	18.51	18.51	18.13	18.19	657428	37389816.000
10/29/2012	18.17	18.30	17.77	18.30	419381	23584698.000
10/30/2012	18.30	18.62	18.30	18.52	582176	33509796.000
10/31/2012	18.53	18.87	18.43	18.73	426461	24761728.000
11/01/2012	18.90	19.16	18.70	18.93	646513	38262728.000
11/02/2012	19.03	19.13	18.85	19.03	348983	20609022.000
11/05/2012	19.03	19.09	18.30	18.33	877236	51031504.000
11/06/2012	18.30	18.46	17.96	18.36	710816	40144260.000
11/07/2012	18.30	18.38	17.92	18.07	652257	36713768.000
11/08/2012	17.91	18.13	17.64	17.76	737136	40924060.000
11/09/2012	17.69	17.92	17.30	17.30	410479	22549012.000
11/12/2012	17.30	17.90	17.26	17.37	408568	22317196.000
11/13/2012	17.57	17.57	17.07	17.13	1080884	57961576.000
11/14/2012	17.13	17.50	17.03	17.47	698963	37684692.000
11/15/2012	17.33	17.78	17.31	17.39	476690	26102000.000
11/16/2012	17.38	17.47	16.97	17.07	569992	30638104.000
11/19/2012	17.07	17.36	16.73	17.10	743762	39539820.000
11/20/2012	17.19	17.87	17.05	17.54	685617	37617984.000
11/21/2012	17.56	17.87	17.10	17.60	560195	30519558.000
11/22/2012	17.57	17.57	16.93	16.93	395693	21169690.000
11/23/2012	16.88	17.19	16.26	16.47	965413	50433636.000
11/26/2012	16.48	16.73	16.17	16.34	643179	32913272.000
11/27/2012	16.14	16.63	16.02	16.40	907709	46236420.000
11/28/2012	16.13	16.56	15.93	16.19	810117	40846828.000
11/29/2012	16.07	16.61	16.07	16.35	442270	22664018.000
11/30/2012	16.46	16.57	15.80	16.47	826515	42014464.000
12/03/2012	16.33	16.35	15.97	16.22	609329	30802528.000
12/04/2012	16.14	16.63	15.83	16.60	747282	37858340.000
12/05/2012	16.47	17.47	16.47	17.30	1126853	60359688.000
12/06/2012	17.30	17.46	16.97	17.07	355922	19021142.000
12/07/2012	16.85	17.37	16.85	17.07	825669	44282984.000
12/10/2012	17.18	17.28	16.87	17.19	1225816	65191724.000
12/11/2012	17.16	17.34	17.04	17.11	374504	20118498.000
12/12/2012	17.12	17.12	16.68	16.81	743735	39147304.000
12/13/2012	16.73	16.86	16.53	16.77	1029453	53630208.000
12/14/2012	16.76	17.47	16.65	17.30	1079831	58087536.000
12/17/2012	17.29	17.90	16.80	17.11	1092084	59313776.000
12/18/2012	17.11	17.29	16.87	16.93	753356	40054772.000
12/19/2012	16.80	17.13	16.80	17.07	583666	31016926.000
12/20/2012	17.08	17.33	17.00	17.14	736417	39483800.000
12/21/2012	17.18	17.18	16.80	17.08	1201760	63740164.000
12/24/2012	15.59	17.97	15.59	17.66	2266023	120781928.000
12/25/2012	17.53	18.12	17.37	18.09	1244900	69261648.000
12/26/2012	18.27	18.49	17.83	18.22	1395780	78890712.000
12/27/2012	18.22	18.59	17.85	18.40	1152643	64915020.000
12/28/2012	18.36	19.20	18.19	18.97	1647530	96197176.000
12/31/2012	18.97	19.27	18.59	18.70	1645872	96364904.000
01/04/2013	18.84	18.92	18.27	18.30	845924	48614280.000
01/07/2013	18.44	18.59	17.97	18.53	544360	31060030.000
01/08/2013	18.40	18.80	18.39	18.60	831521	48187916.000
01/09/2013	18.56	18.60	18.14	18.27	1036161	59322504.000
01/10/2013	18.35	18.63	18.14	18.28	894501	51205888.000
01/11/2013	18.30	18.90	18.22	18.40	1061428	61061396.000
01/14/2013	18.27	18.90	18.24	18.87	1384332	80392280.000
01/15/2013	18.89	19.27	18.57	19.27	1774458	103967680.000
01/16/2013	19.14	19.60	18.89	19.43	1291355	77101416.000
01/18/2013	19.83	21.45	19.83	20.59	2437202	156736608.000
01/21/2013	20.62	21.63	20.62	21.30	1631862	107760752.000
01/22/2013	21.07	21.30	20.73	20.93	860911	55881208.000
01/23/2013	20.72	21.49	19.98	20.97	1506632	96698832.000
01/24/2013	20.83	21.23	20.35	20.57	902679	58105872.000
01/25/2013	20.57	21.23	20.35	21.11	1024136	66498772.000
01/28/2013	21.00	21.73	21.00	21.69	1110862	73930008.000
01/29/2013	21.70	21.80	21.34	21.43	770725	51407216.000
01/30/2013	21.34	21.57	21.08	21.23	513570	33822624.000
01/31/2013	21.40	21.40	20.64	20.70	594303	38421304.000
02/01/2013	20.89	21.20	20.69	20.80	580922	37764280.000
02/04/2013	20.63	21.07	20.30	20.37	667081	42346400.000
02/05/2013	20.50	20.95	20.24	20.85	486322	31254626.000
02/06/2013	21.01	21.62	20.67	21.52	955741	63500344.000
02/07/2013	21.53	22.00	21.43	21.62	675809	45512272.000
02/08/2013	21.59	22.67	21.56	22.37	1083183	74611840.000
02/18/2013	22.60	22.60	22.04	22.27	607430	42055636.000
02/19/2013	22.17	22.47	21.75	21.80	570951	38921924.000
02/20/2013	21.80	22.77	21.80	22.57	1163338	80669664.000
02/21/2013	22.56	23.13	21.87	21.97	1312438	90989848.000
02/22/2013	22.00	22.61	21.90	22.42	1004777	69282616.000
02/25/2013	22.21	23.16	22.21	22.85	928138	65457004.000
02/26/2013	22.63	23.08	20.63	21.87	3917083	265860464.000
02/27/2013	21.64	22.42	21.64	22.19	1481094	101233736.000
02/28/2013	21.63	21.80	21.11	21.48	3293366	218951760.000
03/01/2013	21.51	21.53	21.21	21.29	1948739	128736168.000
03/04/2013	21.29	21.43	20.60	20.63	2042619	132906088.000
03/05/2013	20.67	20.93	19.97	20.60	2706564	172690880.000
03/06/2013	20.70	22.57	20.70	22.42	2639984	179508048.000
03/07/2013	22.42	22.82	21.98	22.26	1553290	108014152.000
03/08/2013	22.30	22.56	21.97	22.22	629615	43201676.000
03/11/2013	22.30	22.86	22.06	22.59	1065993	74404536.000
03/12/2013	22.59	22.63	20.97	21.69	1089351	73500696.000
03/13/2013	21.45	21.62	20.98	21.11	536373	35239524.000
03/14/2013	21.06	21.55	21.03	21.30	388432	25598398.000
03/15/2013	21.27	21.98	20.99	21.60	646096	43161016.000
03/18/2013	21.50	21.86	21.23	21.30	350179	23309024.000
03/19/2013	21.17	21.52	21.05	21.14	456516	30103648.000
03/20/2013	21.20	22.15	21.20	22.01	784946	53364880.000
03/21/2013	21.99	22.73	21.99	22.22	750788	51886460.000
03/22/2013	22.27	22.50	21.86	22.35	828636	57104740.000
03/25/2013	22.33	22.53	21.80	22.47	866864	59370328.000
03/26/2013	22.27	22.75	21.87	22.43	599526	41532408.000
03/27/2013	22.56	22.60	22.27	22.30	345972	23967800.000
03/28/2013	22.22	23.63	22.04	23.39	1799080	128298448.000
03/29/2013	23.47	23.62	22.82	23.47	1143555	81946232.000
04/01/2013	23.48	23.63	23.01	23.24	691997	49883116.000
04/02/2013	23.31	24.09	22.01	22.40	1844314	87183128.000
04/03/2013	22.28	23.07	21.60	22.40	1400384	63436872.000
04/08/2013	22.04	23.78	22.00	23.30	2200684	103744384.000
04/09/2013	23.29	23.95	23.29	23.76	2093763	101059272.000
04/10/2013	23.80	24.70	22.99	23.52	2619147	127804264.000
04/11/2013	23.52	23.65	23.07	23.55	913966	43711376.000
04/12/2013	23.50	24.22	23.29	23.94	1108374	54058896.000
04/15/2013	23.74	23.74	22.44	22.45	3166873	148141936.000
04/16/2013	22.25	23.15	21.77	22.91	1329208	61923256.000
04/17/2013	22.90	23.75	22.76	23.60	1299212	61853332.000
04/18/2013	23.60	23.79	23.23	23.65	862053	41367060.000
04/19/2013	23.64	24.13	23.60	23.69	1164199	56636716.000
04/22/2013	23.67	24.47	23.67	24.35	1633391	80823064.000
04/23/2013	24.43	24.49	23.39	23.84	1728188	84114984.000
04/24/2013	23.83	24.40	23.57	24.06	1423575	69740520.000
04/25/2013	24.08	24.17	23.18	23.28	1625915	78429088.000
04/26/2013	23.29	23.44	22.90	23.05	1148773	54325976.000
05/02/2013	23.06	23.85	22.75	23.66	945370	45387188.000
05/03/2013	23.68	24.70	23.67	24.21	2108262	104707872.000
05/06/2013	24.31	24.69	24.00	24.15	1328349	65634900.000
05/07/2013	24.14	24.44	23.90	24.23	949662	46756732.000
05/08/2013	24.26	25.40	24.15	25.32	2588483	131187576.000
05/09/2013	25.23	25.78	24.90	25.46	1811910	93501808.000
05/10/2013	25.27	25.65	24.93	25.10	967577	49553716.000
05/13/2013	25.13	25.60	24.74	25.45	1085750	55844488.000
05/14/2013	25.45	25.45	24.55	24.77	1430289	72515944.000
05/15/2013	24.51	25.14	24.11	25.09	2355884	117898648.000
05/16/2013	25.08	25.90	24.51	25.17	3537002	182410064.000
05/17/2013	25.09	25.59	24.65	24.99	2639198	134310240.000
05/20/2013	24.78	25.30	24.15	24.50	3236483	161487840.000
05/21/2013	24.45	24.58	23.90	24.58	3118423	153367472.000
05/22/2013	24.35	25.30	24.16	24.90	3586450	182100672.000
05/23/2013	24.68	25.29	24.41	24.86	2797384	142051312.000
05/24/2013	24.85	25.35	24.78	24.85	2248265	114547000.000
05/27/2013	24.96	25.22	24.76	25.08	2191304	111658040.000
05/28/2013	25.26	25.41	24.88	24.89	2247426	114640568.000
05/29/2013	24.75	24.80	23.80	24.03	4321479	212071952.000
05/30/2013	23.80	24.06	23.71	24.03	2003576	97538736.000
05/31/2013	24.10	24.62	23.96	24.31	1674437	83319208.000
06/03/2013	24.25	24.25	23.61	23.68	1834657	89476704.000
06/04/2013	23.64	23.82	23.28	23.33	1404485	67399776.000
06/05/2013	23.33	23.58	22.09	22.34	2228683	102837144.000
06/06/2013	22.35	22.86	22.35	22.49	1542640	71157168.000
06/07/2013	22.44	22.94	22.44	22.80	1380933	64403432.000
06/13/2013	22.78	22.78	21.75	22.30	1797910	81009128.000
06/14/2013	22.30	23.23	22.30	23.10	1012930	47372780.000
06/17/2013	23.15	23.25	22.83	22.95	847861	39980920.000
06/18/2013	22.95	23.08	22.51	22.82	699292	32466876.000
06/19/2013	22.86	22.86	22.29	22.50	709761	32555180.000
06/20/2013	22.56	22.69	21.95	21.95	1067947	48729364.000
06/21/2013	21.66	21.71	21.04	21.07	1614266	70572208.000
06/24/2013	21.05	21.05	19.66	19.86	3067984	126188848.000
06/25/2013	19.70	21.27	19.13	20.75	2696553	111427240.000
06/26/2013	20.80	22.24	20.80	22.13	2818485	124766488.000
06/27/2013	22.25	22.77	21.48	21.48	1210296	54905328.000
06/28/2013	21.46	21.97	21.27	21.50	1200448	53099256.000
07/01/2013	22.35	23.70	22.25	23.70	3361889	160558880.000
07/02/2013	23.70	24.78	23.55	24.64	3345415	166052880.000
07/03/2013	24.50	25.70	24.13	25.59	4050922	206581472.000
07/04/2013	25.63	25.87	25.26	25.50	1780986	92948392.000
07/05/2013	25.25	25.48	24.27	25.30	2940538	148887648.000
07/08/2013	24.83	25.20	24.34	24.50	1227515	61802252.000
07/09/2013	24.49	24.69	24.25	24.50	695570	34786224.000
07/10/2013	24.42	24.76	24.30	24.75	917353	45995904.000
07/11/2013	24.61	25.57	24.50	25.50	1379891	70852856.000
07/12/2013	25.29	26.24	25.29	25.90	1347838	71353424.000
07/15/2013	25.93	26.45	25.26	26.35	1485845	78771376.000
07/16/2013	26.19	27.00	26.08	26.18	2061393	111039192.000
07/17/2013	26.10	26.21	25.35	25.38	1030058	54116676.000
07/18/2013	25.01	25.75	25.01	25.38	1047130	54295212.000
07/19/2013	25.15	26.18	25.15	25.38	874306	45882404.000
07/22/2013	25.30	26.20	25.01	26.00	1016644	53272816.000
07/23/2013	26.08	26.75	26.08	26.44	834141	45054056.000
07/24/2013	26.50	26.69	26.19	26.40	857671	46328620.000
07/25/2013	26.56	26.79	25.41	26.36	1327090	70133552.000
07/26/2013	26.21	26.50	25.59	25.79	940268	49593496.000
07/29/2013	25.79	26.00	25.51	25.65	721692	37835516.000
07/30/2013	25.75	26.85	25.75	26.60	1497220	80513760.000
07/31/2013	26.68	26.85	26.30	26.48	991879	53635924.000
08/01/2013	26.58	27.96	26.51	27.95	1753908	98081168.000
08/02/2013	28.00	29.70	28.00	28.54	2380441	140264992.000
08/05/2013	28.13	29.45	28.01	29.33	2519710	148594432.000
08/06/2013	29.83	29.83	28.51	29.00	3150256	187308880.000
08/07/2013	29.35	29.35	27.99	28.63	2501587	145343264.000
08/08/2013	28.25	28.63	28.10	28.36	774777	44815320.000
08/09/2013	28.36	29.62	28.36	29.25	1655717	98612768.000
08/12/2013	29.15	29.45	28.90	29.15	695310	41283240.000
08/13/2013	29.19	29.29	28.55	28.60	654776	38472244.000
08/14/2013	28.52	28.69	28.24	28.32	591972	34218076.000
08/15/2013	28.30	28.74	28.16	28.25	433612	25100476.000
08/16/2013	28.40	28.59	27.99	27.99	540769	31114792.000
08/19/2013	27.86	29.23	27.86	29.20	898721	52767060.000
08/20/2013	29.01	29.29	28.76	29.08	829438	48969820.000
08/21/2013	29.01	29.99	29.01	29.97	1269247	76751136.000
08/22/2013	29.95	30.39	29.41	29.92	1062418	64574428.000
08/23/2013	29.92	31.50	29.91	31.18	1731985	108871960.000
08/26/2013	31.05	31.98	31.05	31.35	1369695	87735912.000
08/27/2013	31.30	31.82	30.80	31.50	796993	50450476.000
08/28/2013	31.25	32.58	30.96	31.01	1412026	91289984.000
08/29/2013	31.20	31.28	29.65	30.25	1364091	83984768.000
08/30/2013	30.18	31.25	29.84	29.95	1068502	66203844.000
09/02/2013	29.95	30.88	29.68	30.58	575895	35850400.000
09/03/2013	30.76	31.75	30.21	30.43	1047086	65411120.000
09/04/2013	30.56	30.65	29.25	29.25	1992095	119998688.000
09/05/2013	29.25	30.25	29.25	30.17	1443404	87403696.000
09/06/2013	30.18	30.42	29.48	29.83	618264	37547240.000
09/09/2013	29.85	30.10	29.29	29.44	838028	50123944.000
09/10/2013	29.40	29.40	27.81	28.00	1936424	112363136.000
09/11/2013	28.25	29.05	27.86	28.51	1374895	79487064.000
09/12/2013	28.50	29.45	28.31	29.13	1347749	79929752.000
09/13/2013	29.13	29.48	28.55	29.15	721214	42571952.000
09/16/2013	29.18	30.34	29.18	29.91	1372369	83909776.000
09/17/2013	29.96	30.64	29.96	30.18	1153889	71271464.000
09/18/2013	30.25	31.03	30.20	31.00	1063255	66399556.000
09/23/2013	30.99	31.26	30.00	30.95	1872039	116537384.000
09/24/2013	30.95	31.50	30.44	30.65	1276355	80862456.000
09/25/2013	30.90	31.80	30.65	31.19	1010446	64324056.000
09/26/2013	31.23	31.70	30.91	31.65	987646	62894948.000
09/27/2013	31.59	32.50	31.35	31.97	1088205	70673904.000
09/30/2013	32.09	33.06	31.70	32.50	1680611	110553816.000
10/08/2013	33.50	35.00	33.50	34.61	1985262	138448000.000
10/09/2013	34.01	34.81	33.94	34.60	2110151	147360880.000
10/10/2013	34.31	34.34	33.13	33.25	1586635	108294632.000
10/11/2013	33.25	35.00	33.01	34.42	1695864	117559264.000
10/14/2013	34.50	34.84	33.76	34.15	1464101	101968320.000
10/15/2013	34.23	36.30	34.23	35.37	1324620	95965048.000
10/16/2013	35.30	35.35	33.75	34.50	1400120	97282296.000
10/17/2013	34.70	34.95	34.01	34.11	646658	45261728.000
10/18/2013	34.11	34.79	33.60	34.32	446220	30892330.000
10/21/2013	34.32	36.29	34.20	35.99	752250	54356796.000
10/22/2013	35.78	37.15	35.56	35.75	982200	72050416.000
10/23/2013	35.60	35.73	34.08	34.70	906547	63830584.000
10/24/2013	34.80	35.50	33.51	34.15	821153	57089400.000
10/25/2013	34.50	34.66	31.93	32.76	1536716	102663952.000
10/28/2013	32.66	33.39	32.42	32.59	714578	47735424.000
10/29/2013	32.76	33.10	31.00	31.70	1527191	98256264.000
10/30/2013	31.95	33.82	31.91	33.48	1260725	84033344.000
10/31/2013	33.40	34.05	32.80	33.64	923748	62798504.000
11/01/2013	33.58	34.20	33.39	33.98	984672	67615296.000
11/04/2013	34.00	36.44	33.55	34.66	1622887	115433528.000
11/05/2013	34.45	35.50	34.14	35.24	521396	36928220.000
11/06/2013	34.92	36.02	34.75	34.75	1182259	85403648.000
11/07/2013	34.80	34.81	33.50	33.50	964230	66467980.000
11/08/2013	33.46	33.90	33.01	33.50	735122	50041020.000
11/11/2013	33.60	33.83	33.16	33.31	386554	26240918.000
11/12/2013	33.40	34.39	33.33	34.14	434308	30043902.000
11/13/2013	34.15	34.70	33.91	34.03	291980	20303198.000
11/14/2013	33.93	34.74	33.64	34.53	411445	28726936.000
11/15/2013	34.85	35.49	34.11	34.17	736408	52265324.000
11/18/2013	34.18	34.73	33.10	33.45	1961063	134316160.000
11/19/2013	33.63	34.60	33.60	34.60	793782	55198108.000
11/20/2013	34.60	34.99	34.16	34.68	472792	33065896.000
11/21/2013	34.43	34.69	33.58	34.00	695326	48008852.000
11/22/2013	33.93	34.56	33.81	34.35	1192220	83271568.000
11/25/2013	34.60	34.75	34.25	34.60	745519	52216504.000
11/26/2013	34.59	35.40	34.00	35.10	602778	42550560.000
11/27/2013	35.09	35.60	34.65	34.90	672299	48003368.000
11/28/2013	34.90	36.53	34.90	36.44	1272462	92948768.000
11/29/2013	36.53	37.15	36.40	36.75	811969	60609640.000
12/02/2013	35.10	36.75	34.50	35.35	1763430	127845200.000
12/03/2013	35.30	36.00	33.75	35.65	1404577	98859608.000
12/04/2013	35.70	36.00	33.85	34.18	1404897	100304608.000
12/05/2013	34.15	34.15	32.03	32.14	2702288	180727552.000
12/06/2013	32.10	32.46	31.58	32.14	1294947	84144992.000
12/09/2013	32.19	32.88	32.14	32.70	1716053	113473952.000
12/10/2013	32.72	33.07	31.68	32.00	1597683	104251656.000
12/11/2013	32.00	32.00	31.26	31.50	1594458	102532952.000
12/12/2013	31.44	31.71	30.81	31.32	2182159	138849184.000
12/13/2013	31.35	32.50	31.08	32.10	1140306	74229448.000
12/16/2013	32.11	33.24	32.11	33.18	1511079	101165504.000
12/17/2013	33.25	33.25	32.78	33.07	667474	44782668.000
12/18/2013	33.00	33.00	32.26	32.26	518332	34165348.000
12/19/2013	32.50	32.89	32.39	32.68	468739	31165102.000
12/20/2013	32.67	33.14	32.28	32.84	484866	32384306.000
12/23/2013	32.82	33.50	32.25	33.45	621931	41604492.000
12/24/2013	33.56	34.75	33.05	34.31	832974	57854084.000
12/25/2013	34.56	34.97	34.25	34.60	607287	42679728.000
12/26/2013	34.75	34.90	34.06	34.37	537526	37457324.000
12/27/2013	34.35	34.74	34.04	34.53	402248	28114004.000
12/30/2013	34.83	35.00	34.38	34.64	425068	29843858.000
12/31/2013	34.78	36.30	34.60	35.95	1136958	81939232.000
01/02/2014	36.43	36.43	35.08	35.61	749997	53883004.000
01/03/2014	35.28	36.32	35.26	35.96	832850	60876044.000
01/06/2014	35.57	36.15	34.06	34.58	1093177	77611736.000
01/07/2014	34.58	36.13	34.57	36.09	891730	64614916.000
01/08/2014	36.14	37.75	35.69	37.13	1330190	100626560.000
01/09/2014	37.13	37.98	36.00	36.35	738457	55858588.000
01/10/2014	36.03	36.70	36.03	36.20	598082	44102528.000
01/13/2014	36.12	37.63	36.01	37.50	784259	58982636.000
01/14/2014	37.50	37.55	36.50	37.50	779634	58526780.000
01/15/2014	37.33	37.95	36.90	37.04	480241	36380192.000
01/16/2014	37.10	37.73	36.30	36.30	498414	37107180.000
01/17/2014	36.31	37.33	36.25	37.00	581161	43602192.000
01/20/2014	36.64	38.24	36.64	37.65	824899	62954312.000
03/25/2014	33.84	33.84	33.84	33.84	3616200	248324448.000
03/26/2014	33.65	35.25	32.55	33.45	4068139	279484032.000
03/27/2014	33.30	33.30	31.44	31.50	3197372	209867968.000
03/28/2014	31.50	31.50	29.70	29.72	3959093	245008272.000
03/31/2014	30.00	30.75	29.51	29.71	3952509	242986464.000
04/01/2014	29.98	32.50	29.81	32.45	2778330	176537072.000
04/02/2014	32.40	32.40	30.38	31.48	3661674	232449584.000
04/03/2014	31.15	31.63	30.74	31.16	1730115	109343560.000
04/04/2014	31.36	33.35	30.99	32.39	4162188	134953888.000
04/08/2014	32.01	32.88	31.60	32.55	3138405	101803376.000
04/09/2014	32.39	32.98	32.18	32.72	2304795	75097528.000
04/10/2014	32.73	34.95	32.56	34.20	4933392	168536768.000
04/11/2014	34.30	35.00	33.02	34.82	3872178	132126032.000
04/14/2014	34.70	35.22	34.16	34.60	3141683	109007952.000
04/15/2014	34.58	35.60	34.40	34.79	3110142	109200712.000
04/16/2014	34.87	35.30	34.25	35.08	2636897	92231944.000
04/17/2014	35.35	35.68	34.48	34.69	2646555	92471672.000
04/18/2014	34.30	34.69	33.50	34.01	2342378	79589104.000
04/21/2014	33.62	34.19	32.69	32.74	3171242	106158888.000
04/22/2014	32.74	32.80	30.85	31.93	3654202	115897024.000
04/23/2014	32.06	32.92	32.06	32.50	3104672	100863400.000
04/24/2014	32.78	32.97	32.20	32.58	1966040	64113632.000
04/25/2014	32.20	32.80	31.31	31.55	1583182	50898932.000
04/28/2014	31.10	32.00	30.42	30.68	3221351	99594912.000
04/29/2014	30.69	31.98	30.51	31.80	3019124	95277792.000
04/30/2014	31.77	32.57	31.75	32.29	1903774	61420308.000
05/05/2014	32.20	33.56	32.02	33.36	2679412	88518856.000
05/06/2014	33.50	33.88	33.00	33.05	2422923	80827440.000
05/07/2014	33.00	33.10	32.19	32.60	1800089	58710360.000
05/08/2014	32.60	33.48	32.52	33.00	2397971	79353784.000
05/09/2014	32.90	33.25	32.02	32.30	1760935	57195812.000
05/12/2014	32.77	33.00	31.13	31.95	3425622	110021200.000
05/13/2014	31.98	32.49	31.14	31.33	3002926	95085200.000
05/14/2014	30.50	31.44	30.30	30.52	4857326	149163424.000
05/15/2014	30.31	30.33	29.16	29.22	5798517	171053312.000
05/16/2014	29.40	30.16	28.54	29.30	3889606	114014008.000
05/19/2014	29.26	29.67	28.93	29.63	2499636	73468016.000
05/20/2014	29.68	30.10	29.22	29.78	4123011	122371768.000
05/21/2014	29.50	29.68	29.01	29.17	2937236	86172040.000
05/22/2014	29.18	29.47	28.88	29.00	4620115	134312896.000
05/23/2014	28.80	29.19	28.20	29.18	5870668	167773776.000
05/26/2014	29.58	31.08	29.50	30.94	6059148	185481552.000
05/27/2014	30.94	30.98	30.36	30.43	1951593	59668080.000
05/28/2014	30.42	31.06	30.35	30.98	2803861	86356368.000
05/29/2014	31.05	31.24	30.33	30.47	2042019	62878540.000
05/30/2014	30.63	30.63	29.89	30.35	1654303	50013892.000
06/03/2014	30.35	30.95	30.33	30.54	1755784	53799816.000
06/04/2014	30.30	30.79	30.16	30.32	1417972	43168528.000
06/05/2014	30.30	30.59	29.78	30.18	2890453	86923888.000
06/06/2014	30.25	30.38	29.71	29.93	2294031	68759192.000
06/09/2014	29.90	29.91	28.57	28.57	4130997	120161528.000
06/10/2014	28.65	28.99	28.05	28.80	3240932	92778464.000
06/11/2014	28.97	28.97	28.00	28.15	4940332	139980592.000
06/12/2014	28.12	28.42	27.31	27.38	5677926	157313072.000
06/13/2014	27.40	27.50	24.80	26.42	19037347	494680736.000
06/16/2014	26.00	26.11	25.40	25.80	11128649	286993280.000
06/17/2014	25.89	26.28	25.68	25.95	8256513	214654624.000
06/18/2014	25.97	26.05	24.88	25.12	9813201	247690336.000
06/19/2014	25.25	25.35	23.89	24.07	6765665	166298960.000
06/20/2014	24.15	24.48	24.01	24.48	4770193	115822144.000
06/23/2014	24.53	25.71	24.53	25.15	7181310	180905600.000
06/24/2014	25.16	25.34	24.70	25.17	3700364	92496232.000
06/25/2014	24.90	25.45	24.74	25.14	3773198	94980864.000
06/26/2014	25.16	25.69	25.16	25.49	4695821	119312792.000
06/27/2014	25.52	25.63	25.09	25.28	3503123	88600904.000
06/30/2014	25.23	25.47	24.40	24.65	12021886	296389856.000
07/01/2014	25.50	26.98	25.30	26.52	16293910	425702560.000
07/02/2014	26.40	26.82	26.22	26.59	8369500	222105904.000
07/03/2014	26.53	28.40	26.51	27.90	12358065	340711008.000
07/04/2014	27.91	27.92	27.22	27.69	7086434	195095760.000
07/07/2014	27.73	27.78	26.12	26.30	11856681	314647200.000
07/08/2014	26.43	26.43	25.54	26.07	7903198	203983104.000
07/09/2014	25.99	26.38	25.45	25.47	6092497	157704688.000
07/10/2014	25.14	25.38	24.86	25.08	5868289	147163312.000
07/11/2014	25.10	25.48	25.06	25.18	3779857	95592464.000
07/14/2014	25.50	26.40	25.50	26.33	6041696	157851824.000
07/15/2014	26.41	26.70	25.90	26.42	6404507	169019728.000
07/16/2014	26.58	26.85	25.51	25.75	5204286	135934272.000
07/17/2014	25.60	26.25	25.50	26.07	3426668	88922392.000
07/18/2014	25.83	26.37	25.80	25.97	3345170	87209648.000
07/21/2014	26.00	26.18	25.03	25.23	5023630	127492192.000
07/22/2014	25.20	25.51	25.01	25.48	4390228	110684312.000
07/23/2014	25.35	25.48	24.32	24.69	5435809	135139008.000
07/24/2014	24.56	24.76	24.03	24.55	3576519	87311216.000
07/25/2014	24.55	27.01	24.55	26.70	17777369	471206144.000
07/28/2014	27.00	28.28	26.50	27.86	12220199	335690560.000
07/29/2014	27.80	27.99	27.32	27.65	8751725	242269056.000
07/30/2014	27.51	28.64	27.37	28.13	9379151	264771184.000
07/31/2014	28.09	28.09	27.42	27.81	6542558	181582368.000
08/01/2014	27.68	28.71	27.40	27.71	6844856	192757088.000
08/04/2014	27.70	28.15	27.40	27.63	5369518	148256304.000
08/05/2014	28.03	28.40	27.66	28.03	6911794	193882560.000
08/06/2014	28.15	28.31	27.81	28.29	5547792	155685920.000
08/07/2014	28.73	29.19	28.29	28.31	8109323	233593824.000
08/08/2014	28.30	28.39	27.82	28.06	4600624	129116840.000
08/11/2014	28.20	29.48	28.19	29.36	8873323	257493344.000
08/12/2014	29.38	29.65	28.90	29.59	6309153	184442496.000
08/13/2014	29.41	29.98	29.00	29.17	5715213	167953328.000
08/14/2014	29.17	29.54	29.03	29.06	3999795	116813920.000
08/15/2014	29.03	29.17	28.67	29.03	3672340	106503064.000
08/18/2014	29.04	29.88	29.04	29.72	5858805	172984656.000
08/19/2014	29.93	30.00	29.56	29.70	4946267	147629904.000
08/20/2014	29.77	29.80	29.20	29.26	3971983	116633264.000
08/21/2014	29.26	29.30	28.53	29.26	5589191	161639936.000
08/22/2014	29.13	29.63	29.00	29.30	4746671	138915808.000
08/25/2014	29.39	29.42	28.55	28.61	5001348	143805024.000
08/26/2014	28.56	28.64	27.62	27.91	5576943	156151312.000
08/27/2014	27.90	27.91	27.11	27.69	4523408	124574456.000
08/28/2014	27.69	28.09	27.45	28.02	3517528	98191640.000
08/29/2014	28.00	28.38	27.82	28.16	1908061	53676360.000
09/01/2014	28.25	29.00	27.89	28.89	5980914	169791184.000
09/02/2014	28.93	29.45	28.71	29.45	5450433	158330304.000
09/03/2014	29.45	29.55	29.01	29.41	5439275	159513968.000
09/04/2014	29.45	29.50	28.90	29.31	4917710	143321280.000
09/05/2014	29.31	29.31	28.84	28.99	4750552	137766976.000
09/09/2014	29.01	29.20	28.80	29.06	3357630	97314920.000
09/10/2014	29.00	30.50	28.83	30.50	10814328	323457856.000
09/11/2014	30.50	31.45	30.00	31.18	10177810	314127040.000
09/12/2014	31.11	31.25	30.57	30.98	4783384	147752416.000
09/15/2014	30.91	30.91	30.16	30.34	5108641	155387744.000
09/16/2014	30.21	30.96	29.40	29.60	4933563	149252944.000
09/17/2014	29.70	29.94	29.18	29.61	4524909	133508552.000
09/18/2014	29.25	30.15	29.25	29.92	3322383	99210472.000
09/19/2014	29.95	30.27	29.43	29.66	3650252	108396944.000
09/22/2014	29.66	29.68	28.45	28.55	5356426	154357312.000
09/23/2014	28.70	29.19	28.65	29.05	4331654	125054472.000
09/24/2014	29.08	29.25	28.76	29.12	3845335	111736472.000
09/25/2014	29.20	29.48	28.72	28.77	5323983	154973248.000
09/26/2014	28.67	29.09	28.35	28.62	5306839	151865728.000
09/29/2014	28.78	29.32	28.72	28.95	5138216	148561584.000
09/30/2014	29.00	29.33	28.80	29.31	4018913	116998832.000
10/08/2014	29.30	29.30	27.00	28.05	27563300	765099072.000
10/09/2014	27.89	27.98	27.50	27.74	16323006	452148256.000
10/10/2014	27.63	27.90	27.50	27.69	8042500	222810400.000
10/13/2014	27.70	27.73	26.90	27.17	9082700	246726816.000
10/14/2014	27.17	27.57	27.16	27.43	6589092	180708704.000
10/15/2014	27.45	27.79	27.43	27.72	8304412	229930240.000
10/16/2014	27.66	27.66	27.00	27.04	7833367	214125504.000
10/17/2014	27.03	27.23	26.38	26.59	7576421	202056752.000
10/20/2014	26.67	26.93	26.58	26.78	4472953	119480504.000
10/21/2014	26.78	27.04	26.62	26.66	3949863	105862136.000
10/22/2014	26.73	26.84	26.20	26.22	4389828	116362504.000
10/23/2014	26.22	26.32	25.78	25.82	4569629	118418104.000
10/24/2014	25.82	26.35	25.80	26.10	3227575	84274344.000
10/27/2014	26.15	26.56	25.86	26.55	3429230	89857384.000
10/28/2014	26.61	27.09	26.61	26.97	6345360	170179552.000
10/29/2014	27.10	27.14	26.82	26.98	5178326	139681504.000
10/30/2014	26.98	27.16	26.75	26.91	4375621	117895256.000
10/31/2014	27.22	27.39	26.86	27.01	5177955	140237424.000
数据来源:通达信
