300136 信维通信 日线
      日期	    开盘	    最高	    最低	    收盘	    成交量	    成交额
11/05/2010	10.80	12.94	10.68	12.82	11664457	556599040.000
11/08/2010	12.60	14.12	12.48	14.12	4109310	221358688.000
11/09/2010	14.12	15.23	13.35	13.92	4804861	277871456.000
11/10/2010	14.38	15.10	14.24	14.62	2456823	145157856.000
11/11/2010	14.48	15.27	14.48	14.98	1599830	96860736.000
11/12/2010	14.72	15.08	13.65	14.61	1943376	114141544.000
11/15/2010	14.60	15.60	14.23	15.41	1739397	104930944.000
11/16/2010	15.34	15.85	14.10	14.35	1864203	111789056.000
11/17/2010	14.02	14.30	13.60	13.67	1325283	74222104.000
11/18/2010	13.98	14.35	13.44	14.11	964948	54360156.000
11/19/2010	14.12	15.23	13.85	15.03	1533073	90646136.000
11/22/2010	14.91	16.45	14.91	15.94	1463874	93960384.000
11/23/2010	15.65	16.54	15.60	16.43	1115786	72677504.000
11/24/2010	16.16	16.68	16.16	16.43	630021	41690844.000
11/25/2010	16.30	16.60	15.73	16.13	683699	44411036.000
11/26/2010	15.88	16.35	15.75	16.01	622488	40105364.000
11/29/2010	16.10	16.10	15.57	16.01	686545	43833388.000
11/30/2010	16.02	16.48	14.88	16.17	993020	63378328.000
12/01/2010	16.17	16.31	15.61	15.61	561225	35771804.000
12/02/2010	15.68	15.85	14.90	15.00	729072	44898440.000
12/03/2010	14.98	15.35	14.74	14.92	465038	28036256.000
12/06/2010	14.96	15.10	14.13	14.68	536881	31613798.000
12/07/2010	14.65	15.13	14.18	15.03	319609	19069742.000
12/08/2010	15.03	15.15	14.30	14.35	444293	26215790.000
12/09/2010	14.43	14.53	14.14	14.30	608224	35204200.000
12/10/2010	14.22	14.67	14.21	14.58	340800	19909636.000
12/13/2010	14.85	15.80	14.66	15.50	659728	41036388.000
12/14/2010	15.50	16.23	15.48	15.96	670979	43197236.000
12/15/2010	15.93	15.93	15.50	15.74	419869	26575166.000
12/16/2010	15.74	16.25	15.64	16.10	410112	26526554.000
12/17/2010	16.10	17.24	15.89	17.24	603930	40448220.000
12/20/2010	17.11	18.30	16.98	17.40	768195	54529068.000
12/21/2010	17.40	17.84	17.18	17.30	389018	27315944.000
12/22/2010	17.10	17.30	16.61	16.70	442013	30099402.000
12/23/2010	16.63	16.98	15.98	16.10	294375	19675228.000
12/24/2010	16.10	16.78	15.63	15.75	361485	23539498.000
12/27/2010	16.25	16.32	14.60	14.69	425967	26511572.000
12/28/2010	14.69	14.97	14.06	14.70	778204	45042256.000
12/29/2010	14.70	15.35	14.50	15.18	462554	28174374.000
12/30/2010	15.32	16.00	15.23	15.72	560236	35240000.000
12/31/2010	15.74	17.09	15.13	16.80	644102	42814640.000
01/04/2011	17.07	18.23	16.85	17.64	1062234	75406872.000
01/05/2011	17.64	17.97	17.10	17.35	439077	30924878.000
01/06/2011	17.10	18.88	17.10	18.35	554023	40305224.000
01/07/2011	17.90	18.85	16.98	17.10	605854	42914452.000
01/10/2011	17.10	17.32	15.63	16.10	1050810	69661944.000
01/11/2011	16.10	16.45	15.63	16.19	335969	21670942.000
01/12/2011	16.21	16.90	15.85	16.30	359853	23874140.000
01/13/2011	16.20	16.59	16.10	16.25	188237	12389274.000
01/14/2011	16.30	16.30	15.33	15.54	460415	28911134.000
01/17/2011	15.39	15.73	14.83	15.02	326487	19950946.000
01/18/2011	14.75	15.70	14.75	15.59	464040	28848744.000
01/19/2011	15.57	15.88	15.10	15.87	288759	18185648.000
01/20/2011	15.68	16.21	15.10	15.38	371733	23686924.000
01/21/2011	15.18	15.35	14.84	15.23	460328	27980310.000
01/24/2011	15.10	15.31	13.69	13.70	1190410	67263536.000
01/25/2011	12.77	13.70	12.51	13.40	491983	25935486.000
01/26/2011	13.35	13.48	12.63	12.86	579582	30468626.000
01/27/2011	12.65	13.28	12.65	13.08	494820	26050804.000
01/28/2011	13.05	13.77	12.91	13.70	343101	18526660.000
01/31/2011	13.57	14.05	13.43	13.57	330914	18263394.000
02/01/2011	13.70	13.72	12.80	13.35	570399	30169310.000
02/09/2011	13.07	13.31	12.85	12.98	1608027	84990848.000
02/10/2011	12.85	13.97	12.78	13.94	883310	47551976.000
02/11/2011	13.85	14.64	13.80	14.55	801778	46734980.000
02/14/2011	14.55	14.90	14.27	14.35	627841	36940208.000
02/15/2011	14.35	14.50	14.23	14.44	450747	26197238.000
02/16/2011	14.60	15.75	14.55	15.63	710389	43453620.000
02/17/2011	15.49	15.72	15.11	15.36	421693	26233674.000
02/18/2011	15.35	15.44	15.00	15.38	519153	31710838.000
02/21/2011	15.19	15.98	15.19	15.68	646193	40860804.000
02/22/2011	15.70	15.70	14.82	14.98	571252	34782812.000
02/23/2011	14.98	15.30	14.64	14.85	838866	50638004.000
02/24/2011	14.85	15.17	14.60	14.93	355238	21241896.000
02/25/2011	14.86	14.98	14.50	14.73	318396	18879294.000
02/28/2011	14.55	14.72	14.02	14.72	775126	44657024.000
03/01/2011	14.66	14.66	14.30	14.43	249938	14597698.000
03/02/2011	14.35	14.50	14.02	14.25	286567	16447040.000
03/03/2011	14.13	14.33	13.50	13.85	634135	35244656.000
03/04/2011	13.77	13.85	12.86	13.76	906039	48705084.000
03/07/2011	13.66	14.21	13.49	14.05	844179	46647112.000
03/08/2011	14.08	14.35	13.86	14.25	494814	28404192.000
03/09/2011	14.23	14.33	14.10	14.13	263806	15155631.000
03/10/2011	14.13	14.50	13.85	14.32	257014	14784285.000
03/11/2011	14.25	14.49	14.13	14.30	322055	18624292.000
03/14/2011	14.31	14.35	14.00	14.20	224282	12840954.000
03/15/2011	14.35	14.35	13.60	13.70	309265	17235404.000
03/16/2011	13.60	13.71	13.28	13.48	467050	25390456.000
03/17/2011	13.48	13.60	13.29	13.55	252461	13735015.000
03/18/2011	13.58	14.10	13.55	14.10	253538	14240088.000
03/21/2011	14.00	14.22	13.88	14.15	202093	11488375.000
03/22/2011	14.15	14.82	13.90	14.63	575406	33690068.000
03/23/2011	14.60	14.85	14.28	14.66	487126	28709922.000
03/24/2011	14.73	14.73	14.48	14.60	273286	16069836.000
03/25/2011	14.60	14.73	14.36	14.55	487731	28774684.000
03/29/2011	14.35	14.53	13.08	13.08	740138	40091908.000
03/30/2011	12.90	13.24	12.60	12.68	354363	18490228.000
03/31/2011	12.69	12.99	12.55	12.68	310432	16007261.000
04/01/2011	12.85	12.85	12.10	12.55	442055	22235638.000
04/06/2011	12.42	12.55	11.98	12.10	300506	14831861.000
04/07/2011	12.20	12.33	12.06	12.19	392707	19337490.000
04/08/2011	12.23	12.90	12.17	12.85	646937	32981526.000
04/11/2011	12.84	12.84	12.20	12.32	541897	27344838.000
04/12/2011	12.25	12.44	12.11	12.32	137233	6857248.500
04/13/2011	12.49	12.49	12.25	12.43	156353	7852255.000
04/14/2011	12.45	12.48	12.30	12.40	117349	5879266.500
04/15/2011	12.39	12.45	11.58	12.03	346552	16783800.000
04/19/2011	11.92	11.92	11.33	11.75	558871	26239378.000
04/20/2011	11.60	11.96	11.60	11.85	192396	9199859.000
04/21/2011	11.75	11.96	11.75	11.83	141543	6774243.500
04/22/2011	11.85	11.95	11.60	11.83	233276	11127089.000
04/25/2011	11.80	11.83	11.30	11.33	288044	13393266.000
04/26/2011	11.33	11.50	11.13	11.15	242980	11120546.000
04/27/2011	11.16	11.27	10.85	11.05	268050	12060908.000
04/28/2011	11.10	11.46	11.03	11.27	392420	17931080.000
04/29/2011	11.36	11.45	10.98	11.45	351309	8013122.500
05/03/2011	11.33	11.41	10.80	11.22	547409	12146408.000
05/04/2011	11.12	11.17	10.93	11.10	292660	6495063.000
05/05/2011	11.05	11.40	11.01	11.28	302400	6860060.000
05/06/2011	11.25	11.42	11.05	11.39	362762	8197877.000
05/09/2011	11.39	11.50	11.21	11.36	136650	3129089.500
05/10/2011	11.33	11.37	11.18	11.29	161063	3661373.000
05/11/2011	11.29	11.39	11.20	11.32	288534	6584162.000
05/12/2011	11.24	11.24	10.83	10.83	574277	12654714.000
05/13/2011	10.72	10.91	10.58	10.89	323682	6999326.000
05/16/2011	10.90	10.90	10.58	10.59	210050	4529749.000
05/17/2011	10.53	10.73	10.53	10.63	131697	2822787.750
05/18/2011	10.54	11.01	10.54	10.98	371895	8125602.500
05/19/2011	10.98	11.28	10.93	11.18	479838	10778419.000
05/20/2011	11.28	11.28	10.94	11.06	190484	4246026.000
05/23/2011	10.93	10.96	10.31	10.40	232124	4943056.500
05/24/2011	10.24	10.87	9.78	10.61	1409661	28772920.000
05/25/2011	10.43	10.48	10.08	10.09	1475225	30349278.000
05/26/2011	10.25	10.39	10.12	10.23	607537	12540516.000
05/27/2011	10.42	10.43	10.05	10.27	454892	9351143.000
05/30/2011	10.07	10.93	9.99	10.31	772832	16348600.000
05/31/2011	10.59	10.62	9.89	10.30	616023	12585850.000
06/01/2011	10.38	10.72	10.35	10.48	633424	13338129.000
06/02/2011	10.18	10.41	9.83	10.33	768414	15583706.000
06/03/2011	10.14	10.54	10.14	10.46	455566	9527038.000
06/07/2011	10.34	10.56	10.18	10.32	378720	7876794.000
06/08/2011	10.11	10.27	9.92	10.08	473818	9582144.000
06/09/2011	10.12	10.15	9.69	9.72	459582	9157669.000
06/10/2011	9.68	9.75	9.33	9.48	708840	13554854.000
06/13/2011	9.36	9.68	9.23	9.51	339714	6490472.500
06/14/2011	9.55	9.62	9.42	9.55	1174198	22443712.000
06/15/2011	9.47	9.52	9.23	9.41	1185702	22279914.000
06/16/2011	9.27	9.32	9.18	9.22	257550	4797889.500
06/17/2011	9.19	9.27	9.02	9.06	236501	4371087.500
06/20/2011	9.13	9.13	8.86	8.90	296400	5355570.000
06/21/2011	8.87	9.00	8.33	8.46	949087	16291155.000
06/22/2011	8.52	8.52	8.32	8.40	633740	10730900.000
06/23/2011	8.26	8.87	8.26	8.82	1008274	17672342.000
06/24/2011	8.77	9.43	8.69	9.05	938817	17159552.000
06/27/2011	9.14	9.48	9.01	9.45	890108	16779552.000
06/28/2011	9.43	9.43	9.20	9.41	325146	6111077.500
06/29/2011	9.39	9.52	8.99	9.10	538332	10020301.000
06/30/2011	9.10	9.24	9.08	9.21	262850	4870763.500
07/01/2011	9.23	9.64	9.21	9.48	589161	11151897.000
07/04/2011	9.48	9.96	9.48	9.88	600805	11827288.000
07/05/2011	9.86	10.48	9.74	10.43	1659645	34399504.000
07/06/2011	10.40	10.97	10.18	10.77	897230	19224920.000
07/07/2011	10.63	11.43	10.63	11.37	1196707	26945528.000
07/08/2011	11.33	11.64	11.03	11.28	661376	15048870.000
07/11/2011	11.23	11.38	11.08	11.26	394499	8960724.000
07/12/2011	11.25	11.25	10.78	10.88	457503	10078502.000
07/13/2011	10.83	11.12	10.63	11.05	371900	8121980.500
07/14/2011	11.07	11.68	10.98	11.51	750636	17294460.000
07/15/2011	11.58	11.77	11.33	11.48	1074175	24949582.000
07/18/2011	11.49	11.71	11.33	11.44	1158745	26723608.000
07/19/2011	11.25	12.10	11.25	11.99	1627919	38591348.000
07/20/2011	12.00	12.83	12.00	12.78	1589022	40019284.000
07/21/2011	12.78	13.24	12.47	12.93	2149578	55919532.000
07/22/2011	12.73	13.18	12.34	12.58	2705622	68424696.000
07/25/2011	12.58	12.61	11.59	11.63	1202095	28949000.000
07/26/2011	11.44	12.18	11.44	11.91	1032611	24731290.000
07/27/2011	12.02	12.18	11.58	12.08	610553	14782771.000
07/28/2011	12.12	13.23	11.96	13.10	1094816	28085978.000
07/29/2011	12.98	13.87	12.98	13.18	1874618	51000100.000
08/01/2011	13.18	13.42	12.63	12.82	1073103	27613812.000
08/02/2011	12.80	12.82	12.18	12.58	735996	18236386.000
08/03/2011	12.43	12.92	12.22	12.63	579083	14796216.000
08/04/2011	12.58	12.68	12.38	12.63	358969	9024645.000
08/05/2011	11.98	12.71	11.97	12.38	303844	7559269.000
08/08/2011	12.13	12.53	11.47	12.48	803369	19434038.000
08/09/2011	12.26	13.33	11.98	13.30	1143355	29421436.000
08/10/2011	13.42	13.70	13.14	13.15	783521	21132498.000
08/11/2011	12.83	13.38	12.83	13.04	512229	13476459.000
08/12/2011	13.09	13.57	12.87	13.02	411416	10944931.000
08/15/2011	13.22	13.42	12.88	13.28	375180	9959355.000
08/16/2011	13.25	13.83	12.98	13.12	912700	24917920.000
08/17/2011	13.12	13.50	12.77	13.14	693580	18428170.000
08/18/2011	13.13	13.43	12.83	13.43	541331	14250020.000
08/19/2011	12.94	13.52	12.94	13.27	513352	13726326.000
08/22/2011	13.03	13.46	13.03	13.36	313233	8392467.000
08/23/2011	13.36	14.71	13.35	14.65	2077778	60456412.000
08/24/2011	14.61	14.61	13.93	14.14	900942	25965296.000
08/25/2011	14.14	14.27	13.78	13.96	737829	20677444.000
08/26/2011	13.97	14.43	13.88	14.33	671223	19005626.000
08/29/2011	14.33	14.37	13.68	13.77	735574	20722890.000
08/30/2011	13.78	13.96	12.93	13.09	945958	25338112.000
08/31/2011	13.02	13.02	12.28	12.28	1382807	34650876.000
09/01/2011	12.28	12.55	12.23	12.34	798315	19820110.000
09/02/2011	12.33	12.42	11.93	12.38	412695	10122721.000
09/05/2011	12.18	12.31	11.99	12.04	267041	6478188.500
09/06/2011	12.02	12.21	11.76	11.96	370531	8908414.000
09/07/2011	11.93	12.37	11.93	12.12	606419	14792015.000
09/08/2011	12.16	12.47	11.93	11.93	575617	14135190.000
09/09/2011	11.92	11.92	11.43	11.66	815469	19140174.000
09/13/2011	11.65	11.77	11.43	11.44	378484	8843651.000
09/14/2011	11.61	11.61	11.41	11.59	170755	3948975.000
09/15/2011	11.88	12.18	11.62	11.95	542636	13085874.000
09/16/2011	11.53	12.26	11.48	12.21	278228	6725399.000
09/19/2011	12.18	12.20	11.61	11.68	175318	4171324.500
09/20/2011	11.55	11.90	11.53	11.77	156266	3697956.000
09/21/2011	11.94	12.41	11.56	12.23	217237	5325367.000
09/22/2011	12.03	12.21	11.72	11.73	267000	6392827.000
09/23/2011	11.73	11.89	11.47	11.72	201585	4736241.000
09/26/2011	11.67	11.83	11.43	11.48	156842	3653794.000
09/27/2011	11.62	11.66	11.43	11.46	196923	4558919.000
09/28/2011	11.44	11.61	11.01	11.17	158255	3602235.250
09/29/2011	11.11	11.12	10.54	10.74	101901	2214964.250
09/30/2011	10.74	11.02	10.73	10.92	328569	7220886.000
10/10/2011	11.03	11.34	10.53	10.91	196979	4379654.000
10/11/2011	11.30	11.32	10.61	10.83	263923	5835505.000
10/12/2011	10.68	11.23	10.68	11.21	669431	14893377.000
10/13/2011	11.23	11.51	11.09	11.41	708092	16183838.000
10/14/2011	11.43	11.43	11.05	11.27	410248	9232436.000
10/17/2011	11.28	11.52	11.23	11.32	446584	10188918.000
10/18/2011	11.15	11.35	11.04	11.13	675644	15249567.000
10/19/2011	11.13	11.27	10.78	10.87	230595	5077007.500
10/20/2011	10.97	10.97	9.88	10.16	422342	8664882.000
10/21/2011	10.15	10.25	9.98	10.16	166755	3417311.250
10/24/2011	9.99	10.18	9.38	9.85	513175	10069708.000
10/25/2011	9.69	10.23	9.60	10.23	379416	7601088.000
10/26/2011	10.21	10.40	10.13	10.28	236301	4903385.000
10/27/2011	10.23	10.28	9.93	9.98	637220	13025547.000
10/28/2011	10.05	10.68	10.05	10.62	1511370	31552424.000
10/31/2011	10.56	11.23	10.56	11.15	1697747	37500908.000
11/01/2011	11.08	11.92	10.94	11.59	1697462	39555812.000
11/02/2011	11.43	12.05	11.12	12.05	1811853	42968220.000
11/03/2011	12.07	12.41	11.82	11.85	1761741	42481552.000
11/04/2011	11.73	12.02	11.53	11.83	1294415	30723820.000
11/07/2011	11.85	12.05	11.48	12.03	977363	23040656.000
11/08/2011	12.08	12.17	11.55	11.86	869687	20730572.000
11/09/2011	11.90	12.10	11.55	12.10	864972	20608702.000
11/10/2011	12.08	12.91	11.95	12.59	2216316	55984920.000
11/11/2011	12.57	13.36	12.53	13.03	2551267	66594816.000
11/14/2011	13.09	13.35	12.79	13.23	1523426	40096328.000
11/15/2011	13.24	13.68	13.04	13.58	1034798	27805838.000
11/16/2011	13.55	13.55	12.21	12.53	3048639	78457776.000
11/17/2011	12.53	12.74	12.27	12.45	1752609	44073812.000
11/18/2011	12.25	12.45	11.78	11.85	1180712	28469894.000
11/21/2011	11.87	11.99	11.18	11.58	633249	14785295.000
11/22/2011	11.49	11.91	11.33	11.72	822829	19174914.000
11/23/2011	11.80	11.91	11.54	11.63	296471	6993922.500
11/24/2011	11.28	11.87	11.28	11.54	402957	9351461.000
11/25/2011	11.55	11.92	11.53	11.66	360808	8532445.000
11/28/2011	11.73	11.90	11.61	11.87	373856	8884329.000
11/29/2011	11.93	12.42	11.89	12.39	1266234	30950920.000
11/30/2011	12.25	12.53	11.74	11.94	891271	21892590.000
12/01/2011	12.31	12.67	12.14	12.41	927763	23160508.000
12/02/2011	12.41	12.41	11.68	11.68	748842	17922826.000
12/05/2011	11.51	11.62	11.33	11.40	420982	9717045.000
12/06/2011	11.12	11.43	11.12	11.30	344282	7850782.000
12/07/2011	11.30	11.53	11.17	11.22	319842	7260276.000
12/08/2011	11.16	11.37	10.69	10.83	526280	11598306.000
12/09/2011	10.63	10.83	10.58	10.62	309980	6674442.500
12/12/2011	10.58	10.77	10.18	10.33	543350	11323522.000
12/13/2011	10.08	10.27	9.83	10.08	552645	11123761.000
12/14/2011	9.94	10.08	9.86	9.93	218628	4392014.000
12/15/2011	9.69	10.07	9.69	9.83	258995	5164894.000
12/16/2011	9.71	10.15	9.71	10.13	425590	8607948.000
12/19/2011	9.98	10.03	9.43	9.64	1194583	23182900.000
12/20/2011	9.58	10.18	9.50	10.04	1229960	24607944.000
12/21/2011	10.02	10.08	9.53	9.55	1468098	28658948.000
12/22/2011	9.41	9.41	8.73	9.00	1187323	21633320.000
12/23/2011	8.93	9.10	8.79	8.96	664596	11952094.000
12/26/2011	9.07	9.23	8.98	9.07	493342	9088085.000
12/27/2011	9.04	9.04	8.43	8.53	687740	12104172.000
12/28/2011	8.60	8.67	8.24	8.66	480140	8174222.000
12/29/2011	8.66	8.83	8.53	8.83	386909	6782786.500
12/30/2011	8.79	9.08	8.79	9.00	480752	8714502.000
01/04/2012	9.07	9.12	8.84	8.85	215467	3888709.000
01/05/2012	8.83	8.85	7.96	7.96	866764	14275527.000
01/06/2012	7.93	7.96	7.26	7.50	1141528	17154490.000
01/09/2012	7.52	7.82	7.17	7.78	1213677	18528776.000
01/10/2012	7.72	8.46	7.68	8.32	2198518	36233744.000
01/11/2012	8.27	8.93	8.11	8.43	1765545	30266374.000
01/12/2012	8.23	8.58	8.22	8.26	1165421	19583460.000
01/13/2012	8.27	8.28	7.43	7.43	2552608	39766100.000
01/16/2012	7.25	7.51	6.73	6.93	1399283	20205084.000
01/17/2012	6.93	7.43	6.88	7.43	1887014	27433370.000
01/18/2012	7.47	7.64	6.88	6.95	1324337	19252278.000
01/19/2012	6.93	7.38	6.83	7.16	902654	13061705.000
01/20/2012	7.26	7.84	7.16	7.53	2183172	33355058.000
01/30/2012	7.73	7.76	7.45	7.45	1730334	26498508.000
01/31/2012	7.45	7.54	7.26	7.44	1028226	15375595.000
02/01/2012	7.42	7.98	7.42	7.79	2457318	38664348.000
02/02/2012	7.91	8.34	7.79	8.34	3066493	50215692.000
03/12/2012	9.18	9.18	9.18	9.18	34879	645610.313
03/13/2012	10.11	10.11	10.11	10.11	1339296	27268066.000
03/14/2012	11.13	11.13	11.07	11.13	13036698	292017024.000
03/15/2012	11.41	11.58	10.43	10.71	12642166	280681600.000
03/16/2012	10.50	11.25	10.34	10.95	9733902	210295200.000
03/19/2012	10.68	11.17	10.55	10.92	6189888	134742192.000
03/20/2012	10.85	10.85	10.25	10.31	5544312	116794328.000
03/21/2012	10.30	10.37	9.78	10.08	4897562	99019944.000
03/22/2012	9.93	10.25	9.93	10.02	3182202	64952444.000
03/23/2012	9.94	9.96	9.33	9.41	3875071	74885144.000
03/26/2012	9.46	9.63	9.38	9.44	3273885	62582592.000
03/27/2012	9.51	9.67	9.40	9.47	2437114	46869744.000
03/28/2012	9.45	9.49	8.59	9.28	5594997	101992648.000
03/29/2012	9.12	9.27	8.94	8.94	2803818	51422004.000
04/05/2012	8.83	9.47	8.83	9.38	3127151	58045716.000
04/06/2012	9.37	9.76	9.33	9.68	3000281	58138468.000
04/09/2012	9.68	10.12	9.68	9.88	3269955	65248604.000
04/10/2012	9.90	10.15	9.68	10.12	3103675	62565916.000
04/11/2012	10.00	10.32	9.83	10.01	2049742	41569080.000
04/12/2012	10.00	10.17	9.73	9.96	1519523	30246230.000
04/13/2012	9.88	9.90	9.65	9.82	1932738	38002040.000
04/16/2012	9.72	9.72	9.52	9.52	1096183	21163216.000
04/17/2012	9.44	9.60	9.38	9.50	604410	11591539.000
04/18/2012	9.58	9.78	9.43	9.72	983104	19156382.000
04/19/2012	9.67	10.02	9.67	9.72	1396646	27739386.000
04/20/2012	9.72	9.92	9.63	9.77	992299	19490132.000
04/23/2012	9.73	9.73	8.79	8.95	2657337	48409900.000
04/24/2012	8.88	9.15	8.59	8.92	921680	16288051.000
04/25/2012	8.83	8.92	8.47	8.68	1019911	17615170.000
04/26/2012	8.77	8.80	8.63	8.79	704995	12290744.000
04/27/2012	8.83	9.39	8.61	9.23	1192414	21685796.000
05/02/2012	9.30	9.48	9.05	9.28	1062274	19726850.000
05/03/2012	9.21	9.35	9.11	9.22	647540	11966930.000
05/04/2012	9.22	9.90	9.22	9.85	2479323	47914148.000
05/07/2012	9.68	10.48	9.68	10.40	4665053	95274832.000
05/08/2012	10.45	10.79	10.35	10.54	3463870	73067392.000
05/09/2012	10.55	10.68	10.35	10.43	1999401	41920412.000
05/10/2012	10.40	10.59	10.00	10.10	2817685	57609648.000
05/11/2012	9.95	10.23	9.90	10.20	1253336	25246682.000
05/14/2012	10.22	10.74	9.93	10.38	1820958	37784552.000
05/15/2012	10.29	10.29	9.50	9.84	4108909	80041160.000
05/16/2012	9.69	9.97	9.51	9.75	1018880	20045990.000
05/17/2012	9.61	9.86	9.61	9.76	657552	12824112.000
05/18/2012	9.75	9.97	9.63	9.75	726788	14268079.000
05/21/2012	9.90	10.23	9.66	10.02	784498	15445105.000
05/22/2012	10.03	10.23	9.83	9.90	1005160	19970160.000
05/23/2012	9.76	9.86	9.36	9.83	988634	19052110.000
05/24/2012	9.99	10.00	9.35	9.48	1393625	26704764.000
05/25/2012	9.48	9.58	8.78	8.86	958324	17373918.000
05/28/2012	8.81	8.90	8.26	8.80	1613501	27777216.000
05/29/2012	8.79	9.22	8.64	8.90	1700017	30248686.000
05/30/2012	8.89	8.98	8.80	8.95	920408	16376396.000
05/31/2012	8.94	9.33	8.87	9.22	1618665	29596616.000
06/01/2012	9.19	9.27	9.00	9.22	696563	12723523.000
06/04/2012	9.06	9.22	9.02	9.12	604882	11053849.000
06/05/2012	9.20	9.20	8.59	8.92	599066	10689824.000
06/06/2012	8.85	9.08	8.85	8.88	258903	4628655.000
06/07/2012	8.95	8.95	8.76	8.77	262500	4644574.000
06/08/2012	8.84	8.85	8.55	8.60	285492	4927446.500
06/11/2012	8.58	8.72	8.30	8.32	1402785	23720474.000
06/12/2012	8.33	8.41	7.54	7.68	2958186	46831332.000
06/13/2012	7.69	7.82	7.65	7.78	1622644	25157054.000
06/14/2012	7.79	8.05	7.73	7.83	1425220	22577732.000
06/15/2012	7.85	8.05	7.83	7.93	809102	12875346.000
06/18/2012	7.90	8.15	7.90	8.00	1236211	19817576.000
06/19/2012	8.00	8.04	7.83	7.86	717140	11313376.000
06/20/2012	7.88	8.65	7.86	8.65	3702189	62881400.000
06/21/2012	8.60	8.74	8.25	8.65	2860624	48493128.000
06/25/2012	8.50	8.58	8.25	8.26	1071446	17941256.000
06/26/2012	8.22	8.25	7.57	8.15	1130325	18032056.000
06/27/2012	8.01	8.58	8.01	8.35	1542681	25872588.000
06/28/2012	8.25	8.49	7.99	7.99	1095555	18197230.000
06/29/2012	7.94	8.18	7.72	8.05	1028007	16467068.000
07/02/2012	8.08	8.49	8.08	8.45	1441790	23975978.000
07/03/2012	8.44	8.63	8.36	8.45	1633792	27836530.000
07/04/2012	8.39	8.58	8.25	8.25	693275	11662310.000
07/05/2012	8.75	8.89	8.44	8.55	2637786	45610836.000
07/06/2012	8.35	8.49	7.70	8.15	2091799	33718604.000
07/09/2012	8.00	8.06	7.76	7.79	1136917	17945488.000
07/10/2012	7.79	7.80	7.01	7.01	2806365	39815716.000
07/11/2012	6.87	7.03	6.63	6.80	2831969	38342572.000
07/12/2012	6.54	6.74	6.51	6.69	2350287	31060484.000
07/13/2012	6.68	6.70	6.45	6.53	1269366	16649344.000
07/16/2012	6.56	6.56	6.06	6.12	1068168	13298226.000
07/17/2012	6.12	6.34	6.06	6.33	1010024	12646563.000
07/18/2012	6.33	6.37	6.17	6.33	653202	8148425.500
07/19/2012	6.33	6.62	6.25	6.55	1415010	18378112.000
07/20/2012	6.54	6.75	6.47	6.70	1330309	17756250.000
07/23/2012	6.58	6.69	6.45	6.52	716300	9387697.000
07/24/2012	6.52	6.57	6.36	6.49	481168	6218260.000
07/25/2012	6.40	6.58	6.40	6.45	569914	7358776.500
07/26/2012	6.49	6.65	6.44	6.48	681857	8938486.000
07/27/2012	6.55	6.69	6.35	6.61	827050	10810684.000
07/30/2012	6.63	6.70	6.50	6.56	986044	13007753.000
07/31/2012	6.58	6.61	5.95	5.96	1168172	14266119.000
08/01/2012	6.00	6.09	5.86	6.00	708643	8484151.000
08/02/2012	6.00	6.05	5.88	5.92	341034	4058137.750
08/03/2012	5.92	6.04	5.90	6.02	976543	11677146.000
08/06/2012	5.95	6.23	5.95	6.20	1942905	23779888.000
08/07/2012	6.18	6.43	6.16	6.42	1803654	22832224.000
08/08/2012	6.36	6.40	6.27	6.35	685701	8679183.000
08/09/2012	6.42	6.60	6.31	6.48	1394016	18041730.000
08/10/2012	6.61	7.13	6.50	7.13	4787379	66955348.000
08/13/2012	7.00	7.06	6.75	6.75	2597367	35695476.000
08/14/2012	6.72	6.79	6.40	6.74	1944505	25622266.000
08/15/2012	6.65	6.65	6.50	6.52	1113779	14600698.000
08/16/2012	6.49	6.49	6.11	6.12	1750287	21948990.000
08/17/2012	6.12	6.22	6.04	6.19	972225	11952843.000
08/20/2012	6.13	6.47	6.08	6.36	1488423	18772182.000
08/21/2012	6.34	6.96	6.33	6.81	3182171	42934592.000
08/22/2012	6.65	7.49	6.65	7.49	6434331	92958208.000
08/23/2012	7.40	7.68	7.20	7.53	4473310	66384768.000
08/24/2012	7.38	7.48	7.18	7.24	2429375	35557472.000
08/27/2012	7.14	7.39	7.01	7.31	1923359	27693176.000
08/28/2012	7.28	7.79	7.18	7.68	2212326	33192158.000
08/29/2012	7.63	7.78	7.23	7.23	2078894	31325480.000
08/30/2012	7.25	7.34	6.67	6.90	1901449	26366022.000
08/31/2012	6.85	7.13	6.78	7.04	1197344	16754861.000
09/03/2012	7.00	7.35	6.93	7.32	1818112	26363926.000
09/04/2012	7.38	7.93	7.34	7.47	3619426	55018796.000
09/05/2012	7.28	7.85	7.21	7.55	2473477	37505744.000
09/06/2012	7.40	7.92	7.40	7.79	2917058	44881680.000
09/07/2012	7.83	8.18	7.80	7.97	3647428	58211596.000
09/10/2012	7.91	8.17	7.69	7.74	4585590	72280416.000
09/11/2012	7.68	7.81	7.58	7.68	1860239	28602102.000
09/12/2012	7.68	7.90	7.61	7.83	2708446	42113216.000
09/13/2012	7.82	7.82	7.21	7.22	4467726	66845100.000
09/14/2012	7.25	7.35	7.13	7.24	2419622	34991064.000
09/17/2012	7.18	7.36	7.10	7.28	1556694	22477494.000
09/18/2012	7.26	7.80	7.19	7.58	4612509	69829888.000
09/19/2012	7.65	7.90	7.53	7.85	4597493	71245656.000
09/20/2012	7.78	7.80	7.43	7.43	3035261	46428356.000
09/21/2012	7.43	7.57	7.11	7.23	1334050	19701738.000
09/24/2012	7.16	7.56	7.11	7.43	1313852	19423372.000
09/25/2012	7.24	7.33	6.88	6.88	2043516	29036528.000
09/26/2012	6.79	7.03	6.52	6.55	1130202	15422738.000
09/27/2012	6.55	6.83	6.35	6.70	2261030	29836718.000
09/28/2012	6.64	6.85	6.57	6.82	1527244	20452038.000
10/08/2012	6.82	6.82	6.64	6.70	794924	10629164.000
10/09/2012	6.80	7.19	6.70	7.19	2004393	27877284.000
10/10/2012	7.14	7.84	7.14	7.66	4325313	65907004.000
10/11/2012	7.56	7.61	7.45	7.51	1764521	26495636.000
10/12/2012	7.52	7.69	7.23	7.35	1215303	17904638.000
10/15/2012	7.34	7.60	7.22	7.59	1791033	26644078.000
10/16/2012	7.49	7.75	7.46	7.50	2287754	34904440.000
10/17/2012	7.46	7.60	7.41	7.59	1045562	15684432.000
10/18/2012	7.52	7.88	7.47	7.88	2288182	35584696.000
10/19/2012	7.90	8.42	7.79	8.42	4473944	73597072.000
10/22/2012	8.41	9.23	8.35	9.18	6045902	106301704.000
10/23/2012	9.18	9.32	8.83	8.89	4972910	89527568.000
10/24/2012	8.89	9.10	8.70	8.85	3438516	61165004.000
10/25/2012	8.81	8.96	8.69	8.86	2010851	35470576.000
10/26/2012	8.85	8.90	8.55	8.68	1991447	34503208.000
10/29/2012	8.69	8.99	8.58	8.83	3250113	56834948.000
10/30/2012	8.82	8.90	8.61	8.88	2277025	39962408.000
10/31/2012	8.87	8.90	8.61	8.75	866949	15177592.000
11/01/2012	8.71	8.78	8.40	8.52	3148531	53761144.000
11/02/2012	8.44	8.55	8.37	8.40	1658194	27934266.000
11/05/2012	8.43	8.62	8.37	8.49	1567368	26586272.000
11/06/2012	8.57	8.57	8.15	8.29	1307302	21666072.000
11/07/2012	8.27	8.64	8.27	8.43	1470168	24878512.000
11/08/2012	8.29	8.44	8.15	8.35	931878	15395376.000
11/09/2012	8.21	8.39	8.11	8.36	656082	10779161.000
11/12/2012	8.35	8.45	8.25	8.44	697856	11677817.000
11/13/2012	8.49	8.63	8.08	8.09	1708379	28337604.000
11/14/2012	7.94	7.95	7.71	7.83	2062746	32271548.000
11/15/2012	7.80	7.89	7.70	7.75	1137626	17671820.000
11/16/2012	7.71	7.95	7.61	7.85	967387	15097617.000
11/19/2012	7.81	7.88	7.40	7.72	2169478	33045032.000
11/20/2012	7.87	7.89	7.69	7.82	315382	4902143.000
11/21/2012	7.84	7.90	7.62	7.86	310272	4813894.000
11/22/2012	7.83	7.87	7.71	7.80	210802	3275368.000
11/23/2012	7.72	8.09	7.72	7.83	681824	10793610.000
11/26/2012	7.77	7.82	7.51	7.63	698957	10643717.000
11/27/2012	7.60	7.74	7.03	7.15	1303193	18773576.000
11/28/2012	7.20	7.20	6.82	6.90	523733	7297009.500
11/29/2012	6.94	7.10	6.75	6.80	381637	5259973.500
11/30/2012	6.80	7.02	6.74	6.95	332465	4620499.000
12/03/2012	7.13	7.13	6.91	6.99	175125	2464393.250
12/04/2012	7.03	7.10	6.78	7.02	323848	4468158.000
12/05/2012	7.02	7.43	6.81	7.43	576215	8369274.500
12/06/2012	7.40	7.64	7.30	7.50	303196	4499365.500
12/07/2012	7.39	7.62	7.38	7.61	401699	6035746.500
12/10/2012	7.53	7.84	7.51	7.82	400385	6158214.000
12/11/2012	7.75	7.80	7.61	7.67	480340	7360736.000
12/12/2012	7.58	7.73	7.40	7.56	444918	6693411.000
12/13/2012	7.56	7.56	7.27	7.32	258136	3803448.250
12/14/2012	7.37	7.58	7.22	7.58	1238774	18558218.000
12/17/2012	7.51	7.58	6.83	6.90	2552471	36129980.000
12/18/2012	6.90	7.00	6.80	6.85	1739608	23964714.000
12/19/2012	6.88	7.24	6.76	7.11	1494633	21080690.000
12/20/2012	7.14	7.14	6.96	7.04	1027560	14466387.000
12/21/2012	7.08	7.44	7.01	7.30	1467604	21192046.000
12/24/2012	7.33	7.57	7.33	7.53	1854449	27750468.000
12/25/2012	7.53	7.60	7.35	7.50	2070370	30937910.000
12/26/2012	7.43	8.10	7.43	7.98	2923575	45562352.000
12/27/2012	7.99	8.10	7.84	7.95	1537289	24393368.000
12/28/2012	7.95	8.08	7.77	7.94	1015751	16091242.000
12/31/2012	7.94	8.04	7.80	8.00	932151	14837333.000
01/04/2013	8.07	8.14	7.63	7.67	1454971	22548710.000
01/07/2013	7.68	7.68	7.36	7.59	1288614	19331076.000
01/08/2013	8.35	8.35	8.35	8.35	2564847	42832944.000
01/09/2013	9.09	9.18	8.55	9.00	12345375	218363376.000
01/10/2013	8.75	8.95	8.69	8.75	5229359	92008240.000
01/11/2013	8.84	9.20	8.56	8.65	3727608	66047812.000
01/14/2013	8.53	9.02	8.48	9.00	5859319	103994336.000
01/15/2013	8.93	9.79	8.68	9.34	4026396	74597336.000
01/16/2013	9.28	9.53	9.10	9.39	1710908	32143508.000
01/17/2013	9.45	9.45	9.14	9.30	1128016	20988560.000
01/18/2013	9.31	9.48	8.87	9.11	2283262	41350328.000
01/21/2013	9.05	9.08	8.65	9.03	2301829	40494720.000
01/22/2013	8.95	8.99	8.75	8.83	1752720	30882588.000
01/23/2013	8.64	8.80	8.53	8.75	1540583	26687690.000
01/24/2013	8.54	8.75	8.20	8.38	2151036	36436384.000
01/25/2013	8.60	8.62	8.24	8.33	1036389	17529174.000
01/28/2013	8.19	8.19	7.91	8.17	4417272	70599704.000
01/29/2013	8.13	8.34	7.99	8.33	3088882	50067176.000
01/30/2013	8.00	8.09	7.86	7.90	6125852	97453408.000
01/31/2013	7.88	7.88	7.62	7.68	2678338	41223892.000
02/01/2013	7.70	7.71	7.53	7.63	2894802	44103884.000
02/04/2013	7.64	7.64	7.16	7.35	4304964	63256204.000
02/05/2013	7.26	7.50	7.22	7.46	1929719	28529450.000
02/06/2013	7.45	7.59	7.41	7.54	2195042	33127306.000
02/07/2013	7.56	7.71	7.52	7.68	2210851	33744764.000
02/08/2013	7.71	7.98	7.70	7.87	3122954	49032960.000
02/18/2013	7.99	7.99	7.54	7.55	4096174	62734496.000
02/19/2013	7.55	7.60	7.43	7.57	2640870	39597508.000
02/20/2013	7.56	7.85	7.46	7.80	3552378	54541464.000
02/21/2013	7.70	7.87	7.56	7.79	2491436	38458736.000
02/22/2013	7.75	7.82	7.61	7.64	1892607	29213544.000
02/25/2013	7.65	8.02	7.65	8.01	3470677	54873272.000
02/26/2013	8.00	8.15	7.88	8.05	3210338	51700052.000
02/27/2013	8.05	8.11	7.90	7.97	2375446	37982644.000
02/28/2013	7.86	7.98	7.58	7.78	3105476	48041500.000
03/01/2013	7.73	7.80	7.59	7.80	3713565	56875264.000
03/04/2013	7.68	7.68	7.25	7.43	2751343	41260076.000
03/05/2013	7.43	7.85	7.36	7.81	3707352	57029136.000
03/06/2013	7.79	8.58	7.75	8.45	6914336	114438048.000
03/07/2013	8.81	9.17	8.61	9.05	15979157	283772640.000
03/08/2013	8.92	9.27	8.88	9.00	6922526	125355848.000
03/11/2013	8.95	9.35	8.83	9.27	4664199	85248880.000
03/12/2013	9.27	9.28	8.75	8.90	4642135	82819568.000
03/13/2013	8.87	8.94	8.44	8.83	2440801	42121656.000
03/14/2013	8.68	9.00	8.64	8.98	2399649	42554888.000
03/15/2013	8.95	9.14	8.79	8.90	2912513	52168864.000
03/18/2013	8.85	8.92	8.45	8.73	1250005	21810694.000
03/19/2013	8.70	8.70	8.38	8.57	1690042	28813302.000
03/20/2013	8.58	8.89	8.51	8.82	1213410	21153838.000
03/21/2013	8.82	9.45	8.79	9.24	3993224	73380240.000
03/22/2013	9.11	9.90	9.11	9.70	3724149	71771504.000
03/25/2013	9.71	9.75	9.34	9.61	2395743	45676456.000
03/26/2013	9.52	9.72	9.44	9.45	1878413	35874300.000
03/27/2013	9.70	10.03	9.63	9.97	3519516	69803904.000
03/28/2013	9.90	10.54	9.68	9.90	4631853	92835952.000
03/29/2013	9.90	10.08	9.50	9.84	2012671	39453744.000
04/01/2013	9.71	10.34	9.70	10.15	2700875	54014404.000
04/02/2013	10.14	10.45	9.94	9.94	2745444	55796468.000
04/03/2013	9.92	10.00	9.81	9.84	1794308	35589940.000
04/08/2013	9.74	10.60	9.50	10.38	1860060	37531108.000
04/09/2013	10.38	10.98	10.34	10.79	2214042	47296016.000
04/10/2013	10.90	11.18	10.80	11.10	2074770	45979068.000
04/11/2013	11.08	11.10	10.60	10.85	1243396	26791732.000
04/12/2013	10.66	11.10	10.54	10.85	543611	11863578.000
04/15/2013	10.95	10.95	10.19	10.31	1718091	35600944.000
04/16/2013	9.99	10.18	9.91	10.15	2038796	40978484.000
04/17/2013	10.17	10.45	10.04	10.38	2289360	47212324.000
04/18/2013	10.39	10.90	10.30	10.59	2122804	44794032.000
04/19/2013	10.60	10.70	10.36	10.54	1427871	29992578.000
04/22/2013	10.54	11.60	10.54	11.60	4692237	104785352.000
04/23/2013	11.59	12.10	11.20	11.36	3553529	82878784.000
04/24/2013	11.39	11.95	11.08	11.49	4256712	97593664.000
04/25/2013	11.36	11.90	11.08	11.34	3112996	71703456.000
04/26/2013	11.26	11.76	11.15	11.31	1474577	33750380.000
05/02/2013	11.25	11.75	10.78	11.41	2793960	61919380.000
05/03/2013	11.39	12.17	11.36	12.09	2156854	51026884.000
05/06/2013	12.13	12.65	11.95	12.53	1752828	43760936.000
05/07/2013	12.50	12.50	11.84	11.88	2512846	60425692.000
05/08/2013	11.89	12.10	11.69	11.96	2293776	54823272.000
05/09/2013	11.96	12.30	11.60	11.89	3234502	77831704.000
05/10/2013	11.89	11.89	11.30	11.75	2804221	65044884.000
05/13/2013	11.62	11.83	11.35	11.69	2828324	65281752.000
05/14/2013	11.65	11.95	11.45	11.86	1944148	45722956.000
05/15/2013	11.91	12.56	11.51	12.43	3915795	95239888.000
05/16/2013	12.36	12.94	11.94	12.34	3651222	90922032.000
05/17/2013	12.15	12.38	11.96	12.20	2505098	60961936.000
05/20/2013	12.20	12.50	11.86	12.49	2142337	51928312.000
05/21/2013	12.35	12.90	12.35	12.54	2243449	56963636.000
05/22/2013	12.70	12.70	11.82	11.90	3576399	86317904.000
05/23/2013	11.80	12.35	11.67	11.89	1397478	33404512.000
05/24/2013	11.93	12.15	11.60	12.05	1699910	40547716.000
05/27/2013	12.04	12.19	11.56	11.65	2675855	63672752.000
05/28/2013	11.65	11.77	10.65	11.33	4268374	96457736.000
05/29/2013	11.30	11.33	10.90	10.99	4603998	101354904.000
05/30/2013	11.00	11.30	10.90	11.16	2298152	50942828.000
05/31/2013	11.17	11.75	11.05	11.59	2555757	59015792.000
06/03/2013	11.59	11.69	11.00	11.05	1710156	38331956.000
06/04/2013	11.00	11.02	10.15	10.25	3640128	76472064.000
06/05/2013	10.25	10.58	10.25	10.43	1445844	30075336.000
06/06/2013	10.61	11.18	10.61	10.94	2793434	61395608.000
06/07/2013	10.90	11.22	10.55	10.75	1409523	30831746.000
06/13/2013	10.51	10.98	10.29	10.80	1293375	27393784.000
06/14/2013	10.99	11.55	10.89	11.41	2847768	63826972.000
06/17/2013	11.41	11.75	11.28	11.57	2727389	63197684.000
06/18/2013	11.60	11.60	11.19	11.44	1422520	32365582.000
06/19/2013	11.39	11.54	10.94	11.41	863537	19636046.000
06/20/2013	11.30	11.90	11.30	11.40	2492232	57642572.000
06/21/2013	11.00	11.75	10.75	11.53	2116601	48714188.000
06/24/2013	11.53	11.72	11.02	11.05	2246911	50778624.000
06/25/2013	10.84	11.49	10.25	11.43	2330504	50404304.000
06/26/2013	11.56	12.57	11.40	12.57	6825147	166494208.000
06/27/2013	12.74	13.37	12.55	12.78	3670932	94519520.000
06/28/2013	12.50	12.98	11.95	12.15	2941910	73107048.000
07/01/2013	12.05	12.50	11.75	12.50	3346660	80826616.000
07/02/2013	12.37	12.65	12.14	12.64	2896230	72081088.000
07/03/2013	12.90	13.60	12.50	13.32	4873706	128074040.000
07/04/2013	13.16	13.54	12.68	12.78	2714332	70906560.000
07/05/2013	12.80	13.17	12.35	12.80	2695799	68759896.000
07/08/2013	12.69	12.69	11.75	11.98	2741277	66212144.000
07/09/2013	11.44	11.99	11.25	11.49	3727679	85659120.000
07/10/2013	11.50	11.64	11.00	11.56	2533482	57790888.000
07/11/2013	11.50	11.80	11.35	11.49	2161342	49746020.000
07/12/2013	11.37	11.80	11.37	11.63	2346814	54597080.000
07/15/2013	11.80	12.68	11.55	12.58	3751752	92027080.000
07/16/2013	12.55	12.55	12.09	12.42	2003084	49313104.000
07/17/2013	12.34	12.60	11.65	11.83	2372028	57434300.000
07/18/2013	11.79	12.25	10.85	12.04	6218245	142428208.000
07/19/2013	11.79	11.89	10.85	10.85	4733477	108109056.000
07/22/2013	10.50	11.19	10.25	10.93	2637482	57433520.000
07/23/2013	10.93	11.15	10.80	11.06	2635705	57850000.000
07/24/2013	10.88	11.00	10.57	10.88	2775754	59915628.000
07/25/2013	10.90	11.44	10.90	11.05	3268291	73330592.000
07/26/2013	11.22	11.23	10.49	11.06	1971361	43222280.000
07/29/2013	10.50	11.05	10.50	10.62	1556255	33385560.000
07/30/2013	10.62	10.92	9.79	10.16	1463995	29850038.000
07/31/2013	10.14	10.49	10.14	10.25	1676869	34473572.000
08/01/2013	10.26	10.68	10.26	10.63	1370646	28719968.000
08/02/2013	10.66	11.39	10.64	11.20	3914492	87060648.000
08/05/2013	10.99	11.89	10.99	11.67	4424149	103403320.000
08/06/2013	11.70	11.89	11.40	11.69	2748312	64085576.000
08/07/2013	11.70	11.83	11.03	11.08	1762011	39442376.000
08/08/2013	11.08	11.24	10.68	11.15	3234696	71144640.000
08/09/2013	11.21	11.60	10.97	11.23	2457004	55507696.000
08/12/2013	11.14	11.49	10.73	10.92	2521340	55151632.000
08/13/2013	10.79	10.95	10.58	10.63	3482846	74284832.000
08/14/2013	10.61	10.82	10.52	10.75	2847781	60781484.000
08/15/2013	10.76	10.87	10.65	10.79	1770622	38096600.000
08/16/2013	10.72	11.28	10.68	11.11	3237327	71747088.000
08/19/2013	11.04	11.61	11.04	11.48	2044677	46872096.000
08/20/2013	11.49	11.75	11.25	11.42	1980914	45428192.000
08/21/2013	11.58	12.56	11.42	12.56	6190257	149337840.000
08/22/2013	12.31	13.50	12.31	13.11	5546276	142474464.000
08/23/2013	13.24	13.28	12.56	12.87	2820023	72893416.000
08/26/2013	12.87	13.60	12.85	13.05	2390013	63601140.000
08/27/2013	13.09	13.55	12.90	13.19	1134912	29976636.000
08/28/2013	13.00	13.14	12.55	12.65	2230127	56791548.000
08/29/2013	12.65	13.13	12.50	13.01	1550373	39985192.000
08/30/2013	12.76	13.05	11.71	11.71	2976317	72283488.000
09/02/2013	11.68	11.90	11.37	11.61	2925918	67780856.000
09/03/2013	11.64	12.75	11.42	12.13	3595299	85977416.000
09/04/2013	12.20	12.56	11.94	12.41	3482151	85668040.000
09/05/2013	12.36	12.75	12.01	12.51	2679116	66433816.000
09/06/2013	12.65	13.00	12.33	12.40	2229386	56106052.000
09/09/2013	12.44	12.44	11.73	11.95	2719622	65057216.000
09/10/2013	12.03	12.30	11.46	11.50	3975608	92923664.000
09/11/2013	10.76	11.25	10.35	10.35	7438100	155006784.000
09/12/2013	10.00	10.45	9.83	10.33	5544995	112840200.000
09/13/2013	10.23	10.69	10.23	10.53	3282354	69355440.000
09/16/2013	10.54	10.66	10.13	10.15	3055200	63120776.000
09/17/2013	10.15	10.19	9.61	9.63	5941541	116775808.000
09/18/2013	9.69	9.75	9.43	9.64	4109567	78626832.000
09/23/2013	9.69	10.31	9.69	10.10	4149619	83435800.000
09/24/2013	10.30	10.59	10.21	10.29	5653894	117263720.000
09/25/2013	10.24	10.48	10.02	10.22	2118872	43532868.000
09/26/2013	10.16	10.48	10.08	10.20	3448621	71391680.000
09/27/2013	10.37	10.38	9.88	9.98	1600838	32362198.000
09/30/2013	9.97	10.30	9.86	10.14	1580917	32093364.000
10/08/2013	9.67	9.69	9.12	9.19	8665237	159189120.000
10/09/2013	9.04	9.23	8.91	9.15	6215367	113382560.000
10/10/2013	9.15	9.19	8.75	8.84	9134384	162900832.000
10/11/2013	8.84	8.91	8.48	8.62	7545651	130622104.000
10/14/2013	8.59	8.83	8.56	8.83	4946075	86207872.000
10/15/2013	8.79	8.79	8.57	8.65	5456675	94121128.000
10/16/2013	8.66	8.68	8.42	8.48	4169693	70798376.000
10/17/2013	8.52	8.62	8.41	8.58	3694166	63019756.000
10/18/2013	8.56	8.73	8.47	8.66	4132259	71106152.000
10/21/2013	8.72	8.87	8.65	8.84	4876954	85666848.000
10/22/2013	8.89	8.93	8.64	8.71	4126106	71998336.000
10/23/2013	8.68	8.70	8.30	8.40	3940606	66677584.000
10/24/2013	8.35	8.48	8.26	8.30	2615897	43595972.000
10/25/2013	8.25	8.33	7.93	8.00	3056764	49527068.000
10/28/2013	8.01	8.15	7.91	8.05	1450400	23313318.000
10/29/2013	8.05	8.13	7.55	7.65	2633229	40898880.000
10/30/2013	7.68	7.90	7.48	7.84	3215387	49046392.000
10/31/2013	7.77	7.80	7.63	7.75	1400811	21572112.000
11/01/2013	7.71	7.89	7.66	7.83	2038478	31786032.000
11/04/2013	7.85	7.90	7.72	7.77	1713882	26710404.000
11/05/2013	7.79	7.92	7.66	7.90	2623351	40968776.000
11/06/2013	7.89	7.96	7.75	7.76	2331497	36692296.000
11/07/2013	7.72	7.74	7.26	7.29	5003087	74074104.000
11/08/2013	7.25	7.25	6.99	7.03	2809712	39745288.000
11/11/2013	7.03	7.28	6.98	7.22	2386204	34162864.000
11/12/2013	7.25	7.38	7.20	7.31	2009559	29414500.000
11/13/2013	7.31	7.33	7.15	7.17	1278863	18517392.000
11/14/2013	7.14	7.48	7.13	7.48	2312804	33957688.000
11/15/2013	7.50	7.72	7.48	7.57	2861708	43531496.000
11/18/2013	7.58	7.85	7.50	7.73	3296937	50782372.000
11/19/2013	7.75	7.88	7.66	7.87	3086802	48024524.000
11/20/2013	7.91	7.95	7.75	7.88	2817519	44094812.000
11/21/2013	7.88	7.96	7.76	7.81	2109850	33085250.000
11/22/2013	7.81	7.82	7.64	7.70	1977644	30400952.000
11/25/2013	7.60	7.84	7.54	7.74	1998615	30861674.000
11/26/2013	7.72	8.38	7.69	8.31	6302234	101868216.000
11/27/2013	8.28	8.58	8.16	8.55	7807260	131440008.000
11/28/2013	8.60	9.10	8.59	8.81	9686189	172196208.000
11/29/2013	8.75	8.83	8.57	8.69	5005895	86959560.000
12/02/2013	8.34	8.38	7.82	7.82	5865110	94779584.000
12/03/2013	7.70	8.34	7.31	8.25	5635202	88301280.000
12/04/2013	8.11	8.46	8.11	8.37	3842251	64057132.000
12/05/2013	8.50	8.50	7.96	8.00	3311164	53823972.000
12/06/2013	7.95	8.14	7.92	7.99	1130879	18146060.000
12/09/2013	8.03	8.58	8.03	8.50	3274227	54542876.000
12/10/2013	8.56	8.78	8.37	8.47	3194363	54967248.000
12/11/2013	8.45	8.57	8.35	8.50	1463674	24726246.000
12/12/2013	8.55	8.64	8.40	8.59	1842344	31568134.000
12/13/2013	8.63	8.63	8.43	8.48	1707726	29015322.000
12/16/2013	8.47	9.00	8.37	8.85	6082644	107120096.000
12/17/2013	8.81	9.14	8.55	9.10	6666526	119249624.000
12/18/2013	9.08	9.32	8.90	9.13	2878522	52659248.000
12/19/2013	9.13	9.24	9.00	9.06	1970362	35971980.000
12/20/2013	9.06	9.11	8.66	8.98	2559110	45407596.000
12/23/2013	8.86	9.04	8.48	8.64	2791192	48756580.000
12/24/2013	8.57	8.80	8.53	8.71	1427815	24698402.000
12/25/2013	8.74	8.96	8.54	8.81	1688621	29776184.000
12/26/2013	8.86	9.09	8.68	8.82	1683197	29930048.000
12/27/2013	8.90	9.02	8.76	8.93	1264895	22563942.000
12/30/2013	8.91	9.29	8.91	9.23	3526272	64333936.000
12/31/2013	9.25	9.48	9.15	9.45	2758109	51745296.000
01/02/2014	9.44	10.08	9.36	9.93	6175123	122239792.000
01/03/2014	9.89	10.34	9.85	9.95	5936928	120945096.000
01/06/2014	9.76	10.33	9.76	9.99	7041904	143275072.000
01/07/2014	10.00	10.17	9.75	9.92	2999563	59241532.000
01/08/2014	9.90	10.24	9.86	9.90	2269935	45541004.000
01/09/2014	9.90	10.74	9.85	10.50	5288805	109676752.000
01/10/2014	10.50	10.69	10.13	10.25	3757798	77366544.000
01/13/2014	10.24	10.40	9.79	10.21	3114177	62205264.000
01/14/2014	10.16	10.60	10.02	10.33	2884296	59839544.000
01/15/2014	10.33	10.50	10.00	10.14	2368018	48157100.000
01/16/2014	10.06	10.33	9.76	10.07	3003745	59996864.000
01/17/2014	10.10	10.17	9.85	10.00	1923594	38277736.000
01/20/2014	10.00	10.18	9.76	10.00	1875861	37109116.000
01/21/2014	9.87	10.28	9.87	10.28	2386473	48226348.000
01/22/2014	10.26	10.90	10.20	10.89	4073904	87305544.000
01/23/2014	10.90	11.23	10.76	11.00	3125682	68418728.000
01/24/2014	11.05	11.21	10.78	10.97	2939753	64798520.000
01/27/2014	10.95	11.08	10.80	10.90	2887969	63034268.000
01/28/2014	10.75	10.95	10.49	10.77	2295960	49072508.000
01/29/2014	10.56	10.95	10.56	10.81	1671333	36177008.000
01/30/2014	10.81	10.93	10.51	10.83	1064425	22901804.000
02/07/2014	10.66	10.91	10.53	10.83	2225481	47756148.000
02/10/2014	10.79	11.74	10.68	11.52	4036170	90474144.000
02/11/2014	11.43	11.98	11.40	11.90	3072033	72069056.000
02/12/2014	11.83	11.98	11.56	11.95	1366438	32197176.000
02/13/2014	11.85	11.91	11.00	11.40	3002848	68721784.000
02/14/2014	11.27	11.50	11.11	11.47	1258979	28586472.000
02/17/2014	11.50	11.75	11.46	11.49	1681309	38766116.000
02/18/2014	11.49	11.76	11.39	11.58	1785905	41540108.000
02/19/2014	11.59	11.98	11.50	11.87	2154791	50959856.000
02/20/2014	11.85	11.97	11.66	11.75	1496579	35331124.000
02/21/2014	11.75	11.92	11.33	11.65	1236780	28620038.000
02/24/2014	11.65	11.76	11.30	11.45	1515115	34858572.000
02/25/2014	11.45	11.60	10.31	10.31	4120470	88604176.000
02/26/2014	10.00	10.45	9.76	10.42	2137122	43066912.000
02/27/2014	10.32	10.64	10.02	10.06	1717397	35596960.000
02/28/2014	10.04	10.48	9.95	10.35	993018	20140658.000
03/03/2014	10.35	10.69	10.07	10.35	1411286	29027820.000
03/04/2014	10.34	10.39	10.00	10.10	1120924	22765138.000
03/05/2014	10.10	10.28	10.00	10.16	996299	20231482.000
03/06/2014	10.25	10.56	10.14	10.31	1015052	20914912.000
03/07/2014	10.32	10.55	10.10	10.18	1093350	22391362.000
03/10/2014	10.02	10.20	9.45	9.45	1542031	30102662.000
03/11/2014	9.45	9.60	9.25	9.25	1167411	21912424.000
03/12/2014	9.25	9.58	9.25	9.40	929101	17493764.000
03/13/2014	9.46	9.72	9.45	9.68	1273828	24363540.000
03/14/2014	9.68	9.95	9.49	9.64	1703748	33030416.000
03/17/2014	9.69	10.05	9.68	10.00	1048021	20671792.000
03/18/2014	9.90	10.29	9.85	10.13	1033733	21038538.000
03/19/2014	10.10	10.25	9.76	9.89	1046675	20841366.000
03/20/2014	9.92	10.15	9.82	10.05	1620154	32360492.000
03/21/2014	10.05	10.08	9.46	9.80	1840606	35728104.000
03/24/2014	10.18	10.78	10.09	10.78	3415143	72754128.000
03/25/2014	11.25	11.27	10.75	10.85	5300077	117089592.000
03/26/2014	11.00	11.08	10.74	10.98	1877855	40943336.000
03/27/2014	10.94	10.94	10.61	10.66	1795739	38478284.000
03/28/2014	10.50	10.65	9.76	9.90	1670351	33791500.000
03/31/2014	9.89	10.25	9.55	9.60	1858263	36719776.000
04/01/2014	9.60	10.01	9.59	9.93	982508	19374894.000
04/02/2014	9.95	10.30	9.93	10.06	1326852	26863442.000
04/03/2014	10.06	10.33	9.96	10.32	1092555	22262240.000
04/04/2014	10.30	10.70	10.26	10.64	1326282	27979632.000
04/08/2014	10.50	10.71	10.33	10.68	910156	19205746.000
04/09/2014	10.93	10.93	10.69	10.82	1354404	29223634.000
04/10/2014	10.81	11.00	10.66	10.66	1465241	31696440.000
04/11/2014	10.60	11.01	10.34	11.00	2471974	52847000.000
04/14/2014	11.45	11.45	11.03	11.15	2629653	58975424.000
04/15/2014	11.22	11.33	11.00	11.20	1520838	34027392.000
04/16/2014	11.22	11.23	11.03	11.17	965310	21479814.000
04/17/2014	11.23	11.94	11.20	11.80	2987912	70005568.000
04/18/2014	11.83	12.35	11.67	12.35	2773986	66976656.000
04/21/2014	12.33	12.33	11.91	11.95	2414817	58369424.000
04/22/2014	11.87	11.95	10.94	11.12	4756653	107179288.000
04/23/2014	11.10	11.38	10.99	11.12	1704402	38218344.000
04/24/2014	11.12	11.29	11.06	11.26	1299512	29091480.000
04/25/2014	11.26	11.34	11.01	11.18	1372608	30547074.000
04/28/2014	11.18	11.18	10.11	10.13	2435211	51834148.000
04/29/2014	10.14	10.72	10.12	10.67	1094650	22883116.000
04/30/2014	10.65	11.24	10.65	11.22	1345366	29722848.000
05/05/2014	11.22	11.39	11.09	11.31	1017364	22902948.000
05/06/2014	11.34	11.55	11.20	11.36	1444899	33005840.000
05/07/2014	11.35	11.55	11.14	11.38	1241715	28213818.000
05/08/2014	11.34	11.65	11.30	11.38	1475910	33994252.000
05/09/2014	11.32	11.50	11.03	11.19	1020973	22894742.000
05/12/2014	11.18	11.63	11.09	11.50	1116403	25392470.000
05/13/2014	11.43	11.84	11.40	11.51	1043497	24271746.000
05/14/2014	11.67	11.74	11.35	11.60	1198141	27786886.000
05/15/2014	11.77	11.80	11.00	11.03	1585723	35683828.000
05/16/2014	11.00	11.10	10.88	10.98	800796	17606572.000
05/19/2014	10.99	11.45	10.80	10.99	1525947	33960624.000
05/20/2014	10.99	11.36	10.99	11.09	1279918	28682226.000
05/21/2014	11.09	11.24	10.85	11.22	558655	12438242.000
05/22/2014	11.32	11.50	11.10	11.26	1141736	25797440.000
05/23/2014	11.22	11.40	11.11	11.34	929842	20931474.000
05/26/2014	11.35	11.85	11.35	11.71	2355569	54978648.000
05/27/2014	11.71	11.99	11.56	11.91	2819750	66872096.000
05/28/2014	11.91	12.00	11.76	11.95	1957159	46533996.000
05/29/2014	11.94	12.05	11.65	11.85	2774848	65955936.000
05/30/2014	11.90	12.10	11.74	11.93	1790066	42780704.000
06/03/2014	11.93	12.00	11.59	11.60	1480461	34944492.000
06/04/2014	11.61	12.00	11.50	11.95	1677058	39386380.000
06/05/2014	12.00	12.32	11.90	12.21	2191369	53230568.000
06/06/2014	12.21	12.33	11.95	12.22	1643959	39876176.000
06/09/2014	12.25	13.35	12.18	13.21	4620092	120238872.000
06/10/2014	13.15	13.47	13.01	13.44	4101704	109112112.000
06/11/2014	13.46	13.55	13.04	13.22	2890493	76662904.000
06/12/2014	13.23	13.30	12.87	13.18	2127544	55671680.000
06/13/2014	13.09	13.39	13.05	13.28	2044539	54231704.000
06/16/2014	13.25	13.49	13.09	13.23	2026694	53715136.000
06/17/2014	13.23	13.83	12.73	12.73	4366306	115677872.000
06/18/2014	12.68	12.75	12.20	12.70	3937712	98120720.000
06/19/2014	12.57	12.65	11.89	12.15	2068808	50976880.000
06/20/2014	12.24	12.74	12.14	12.66	2200521	54885176.000
06/23/2014	12.60	13.12	12.60	13.04	2499109	65094396.000
06/24/2014	13.00	13.13	12.76	13.05	1059564	27517496.000
06/25/2014	13.05	13.15	12.83	12.99	963217	24978828.000
06/26/2014	12.95	13.47	12.95	13.40	2334033	62028648.000
06/27/2014	13.65	13.74	13.25	13.39	2340071	62952520.000
06/30/2014	13.48	13.54	13.25	13.47	1297015	34938368.000
07/01/2014	13.48	13.71	13.30	13.66	1853645	50131332.000
07/02/2014	14.00	14.16	13.54	13.68	3075276	84859512.000
07/03/2014	13.67	13.79	13.38	13.49	1824919	49406500.000
07/04/2014	13.50	13.70	13.45	13.49	1548658	42019988.000
07/07/2014	13.47	13.59	13.39	13.47	1207085	32582722.000
07/08/2014	13.47	13.65	13.30	13.49	1296185	34965940.000
07/09/2014	13.42	13.57	13.21	13.21	1858826	49999904.000
07/10/2014	13.21	13.55	13.21	13.40	1535422	41303564.000
07/11/2014	13.30	13.68	13.23	13.40	1723526	46325320.000
07/14/2014	13.34	13.60	13.28	13.49	1040641	28016136.000
07/15/2014	13.48	13.58	13.26	13.40	1321537	35421480.000
07/16/2014	13.41	13.54	12.89	12.93	1971235	51867356.000
07/17/2014	12.99	13.11	12.70	12.95	1902980	24419260.000
07/18/2014	13.00	13.56	12.81	13.25	3107919	41188836.000
07/21/2014	13.33	13.33	12.92	13.18	1524339	20011226.000
07/22/2014	13.18	13.48	13.01	13.42	2734744	36571904.000
07/23/2014	13.30	13.47	12.75	12.92	3306851	43196344.000
07/24/2014	12.90	12.97	11.78	12.15	7135648	86637136.000
07/25/2014	12.02	12.35	12.01	12.27	2543291	31062454.000
07/28/2014	12.30	12.42	12.13	12.40	3300224	40547872.000
07/29/2014	12.50	12.82	12.33	12.76	2885070	36619972.000
07/30/2014	12.62	12.81	12.58	12.60	2781424	35258016.000
07/31/2014	12.68	12.76	12.37	12.52	2911372	36401612.000
08/01/2014	12.42	12.67	12.17	12.29	3689950	45467072.000
08/04/2014	12.30	12.48	12.24	12.45	1994172	24707240.000
08/05/2014	12.44	12.73	12.33	12.65	3011883	37820228.000
08/06/2014	12.66	12.85	12.65	12.71	2722609	34693184.000
08/07/2014	12.82	13.73	12.67	13.65	8062312	107184752.000
08/08/2014	13.64	13.80	13.36	13.77	5991405	81736240.000
08/11/2014	14.01	14.11	13.70	13.93	6404134	88862088.000
08/12/2014	14.00	14.06	13.75	13.99	4450896	61935272.000
08/13/2014	13.98	14.01	13.50	13.99	4601735	63676628.000
08/14/2014	13.99	14.45	13.89	14.12	8748910	124119128.000
08/15/2014	14.31	14.38	14.10	14.18	8188933	116459184.000
08/18/2014	14.20	14.75	14.20	14.70	8113539	118124536.000
08/19/2014	14.70	14.98	14.55	14.85	5993035	88556880.000
08/20/2014	15.02	15.02	14.55	14.68	5191076	76557256.000
08/21/2014	14.69	14.78	14.03	14.55	4491563	64775424.000
08/22/2014	14.48	14.80	14.42	14.74	3807986	55902360.000
08/25/2014	14.78	14.80	14.27	14.65	4152290	60353876.000
08/26/2014	14.65	14.65	14.01	14.08	3541592	50707948.000
08/27/2014	14.10	14.30	14.05	14.12	2680003	37913724.000
08/28/2014	14.08	14.61	13.95	14.53	3919573	55780192.000
08/29/2014	14.58	15.98	14.58	15.30	12110842	188126992.000
09/01/2014	15.35	16.20	15.18	16.10	15679316	250133824.000
09/02/2014	16.14	16.58	15.81	16.12	17510398	281776352.000
09/03/2014	16.14	16.14	15.61	15.85	10420926	165647184.000
09/04/2014	15.90	16.48	15.67	16.03	9974250	159926624.000
09/05/2014	16.06	16.18	15.65	15.93	6008322	95257392.000
09/09/2014	15.95	16.37	15.84	15.95	9785091	157233136.000
09/10/2014	16.00	16.98	15.90	16.25	14440713	237128464.000
09/11/2014	16.35	16.49	16.00	16.18	8847394	143537264.000
09/12/2014	16.15	16.18	15.70	16.18	7187437	114447792.000
09/15/2014	16.11	16.91	16.11	16.88	14609759	242570640.000
09/16/2014	16.89	16.97	16.17	16.23	9399536	155966688.000
09/17/2014	16.25	16.35	15.82	16.11	4744612	76137552.000
09/18/2014	16.09	16.28	15.82	16.24	4728149	75942016.000
09/19/2014	16.24	16.41	16.01	16.20	3964218	64306276.000
09/22/2014	16.20	16.60	16.01	16.27	4387474	71516048.000
09/23/2014	16.27	17.17	16.27	17.14	12208053	205608336.000
09/24/2014	17.16	17.26	16.82	17.20	7302939	124506416.000
09/25/2014	17.18	17.54	16.88	17.03	7285929	125404032.000
09/26/2014	16.99	17.35	16.81	17.20	7181659	122434456.000
09/29/2014	17.20	17.46	16.72	16.84	7755473	132822320.000
09/30/2014	16.81	16.95	16.56	16.75	6307086	105630256.000
10/08/2014	16.73	16.96	16.60	16.85	6751986	113511112.000
10/09/2014	16.93	17.65	16.90	17.65	12778010	221220848.000
10/10/2014	17.71	18.56	17.70	17.80	10107551	181864080.000
10/13/2014	17.51	17.69	17.13	17.45	7537500	130970544.000
10/14/2014	17.28	17.85	17.18	17.38	5419871	94990832.000
10/15/2014	17.37	17.46	17.05	17.17	4991712	85782088.000
10/16/2014	17.18	17.27	16.81	16.81	5158103	87857136.000
10/17/2014	16.71	16.75	15.62	16.12	8139639	131430944.000
10/20/2014	16.12	16.85	16.12	16.64	4716772	78151696.000
10/21/2014	16.66	16.76	16.28	16.37	3469961	57232948.000
10/22/2014	16.48	17.15	16.43	16.68	6344874	107192344.000
10/23/2014	16.55	17.19	16.45	16.69	5756631	96958928.000
10/24/2014	16.69	16.89	16.30	16.43	3504398	57837964.000
10/27/2014	16.44	17.10	16.44	17.04	6005024	100952992.000
10/28/2014	17.05	17.52	16.99	17.34	6082063	105099784.000
10/29/2014	17.42	17.70	17.22	17.38	8174706	143231376.000
10/30/2014	17.35	17.74	17.30	17.65	7178884	125945256.000
10/31/2014	17.65	17.77	17.29	17.48	6316915	110203400.000
数据来源:通达信
