300201 海伦哲 日线
      日期	    开盘	    最高	    最低	    收盘	    成交量	    成交额
04/07/2011	5.14	5.30	5.04	5.15	12656349	290235968.000
04/08/2011	4.99	5.30	4.90	5.19	6810747	154016304.000
04/11/2011	5.12	5.13	4.92	4.92	4293980	95275256.000
04/12/2011	4.88	5.03	4.87	4.98	2423502	53304848.000
04/13/2011	4.96	5.00	4.92	4.98	2033541	44683068.000
04/14/2011	4.97	4.97	4.82	4.85	2694580	58297636.000
04/15/2011	4.83	4.93	4.81	4.87	1469687	31746484.000
04/18/2011	4.85	4.96	4.84	4.95	1661341	36175100.000
04/19/2011	4.88	4.89	4.77	4.79	1518712	32534444.000
04/20/2011	4.82	4.84	4.78	4.79	904205	19240498.000
04/21/2011	4.81	4.82	4.76	4.80	694065	14753582.000
04/22/2011	4.73	4.73	4.46	4.49	2829665	57054488.000
04/25/2011	4.44	4.48	4.40	4.42	837855	16490277.000
04/26/2011	4.42	4.42	4.28	4.31	823474	15853859.000
04/27/2011	4.31	4.36	4.24	4.28	571937	10956458.000
04/28/2011	4.29	4.30	4.08	4.09	637004	11820413.000
04/29/2011	4.11	4.16	4.08	4.15	341325	6249732.000
05/03/2011	4.14	4.19	4.12	4.17	298027	5497960.500
05/04/2011	4.16	4.16	4.05	4.08	357192	6507626.500
05/05/2011	4.07	4.11	4.03	4.09	324486	5883053.500
05/06/2011	4.06	4.11	4.06	4.07	316858	5745489.000
05/09/2011	4.07	4.16	4.06	4.15	390048	7148245.500
05/10/2011	4.13	4.16	4.08	4.15	362920	6659536.500
05/11/2011	4.14	4.16	4.10	4.12	365132	6673905.000
05/12/2011	4.11	4.13	4.06	4.06	320596	5834051.500
05/13/2011	4.11	4.14	4.06	4.14	324000	5897599.000
05/16/2011	4.14	4.27	4.14	4.24	668052	12520086.000
05/17/2011	4.21	4.25	4.17	4.22	308860	5773490.500
05/18/2011	4.21	4.27	4.19	4.24	326365	6146481.500
05/19/2011	4.24	4.25	4.14	4.17	274265	5140795.500
05/20/2011	4.18	4.18	4.10	4.11	170370	3121327.750
05/23/2011	4.10	4.10	3.96	3.97	298110	5318527.000
05/24/2011	3.97	4.08	3.90	4.02	346388	6133829.500
05/25/2011	4.00	4.02	3.92	3.96	226778	3987775.250
05/26/2011	3.99	4.00	3.91	3.91	175100	3079497.000
05/27/2011	3.90	3.93	3.83	3.84	182700	3147002.500
05/30/2011	3.84	3.91	3.77	3.84	239300	4086141.750
05/31/2011	3.84	3.89	3.80	3.88	209219	3575455.750
06/01/2011	3.87	3.90	3.85	3.89	202699	3498678.500
06/02/2011	3.86	3.86	3.78	3.82	321810	5466583.000
06/03/2011	3.84	3.96	3.81	3.94	361226	6294305.500
06/07/2011	3.94	3.98	3.92	3.97	314257	5531012.000
06/08/2011	3.98	3.98	3.91	3.96	145333	2541360.250
06/09/2011	3.93	3.97	3.89	3.91	196571	3426574.250
06/10/2011	3.91	3.91	3.81	3.89	131048	2249754.750
06/13/2011	3.89	3.89	3.80	3.87	57360	981702.438
06/14/2011	3.83	3.94	3.83	3.91	93768	1625660.250
06/15/2011	3.89	3.93	3.83	3.85	64800	1117826.875
06/16/2011	3.85	3.87	3.78	3.82	138407	2355535.750
06/17/2011	3.79	3.83	3.78	3.80	89744	1518118.250
06/20/2011	3.81	3.82	3.74	3.74	165409	2759756.500
06/21/2011	3.76	3.82	3.72	3.81	132686	2226494.500
06/22/2011	3.78	3.81	3.74	3.75	112915	1886655.750
06/23/2011	3.75	3.86	3.72	3.85	210411	3556936.750
06/24/2011	3.82	3.92	3.81	3.90	349934	6035824.000
06/27/2011	3.91	3.96	3.89	3.91	363663	6343168.000
06/28/2011	3.92	3.92	3.83	3.89	321874	5540970.500
06/29/2011	3.88	3.90	3.87	3.88	173270	2986853.250
06/30/2011	3.89	3.97	3.86	3.97	432305	7577518.000
07/01/2011	3.98	4.04	3.94	4.02	303285	5401180.000
07/04/2011	4.03	4.07	4.02	4.05	280480	5031285.500
07/05/2011	4.05	4.08	4.03	4.07	289440	5217310.000
07/06/2011	4.05	4.09	4.03	4.09	273807	4947655.500
07/07/2011	4.08	4.18	4.08	4.13	531199	9763348.000
07/08/2011	4.10	4.16	4.05	4.06	278599	5062706.000
07/11/2011	4.05	4.10	4.01	4.09	282538	5106487.500
07/12/2011	4.00	4.07	3.95	4.05	1008457	17996066.000
07/13/2011	4.01	4.09	4.00	4.08	490959	8851939.000
07/14/2011	4.08	4.12	4.07	4.12	518420	9440681.000
07/15/2011	4.12	4.21	4.10	4.18	677387	12560409.000
07/18/2011	4.16	4.20	4.11	4.14	351968	6482982.500
07/19/2011	4.10	4.14	4.03	4.05	289194	5226633.000
07/20/2011	4.06	4.12	4.01	4.06	185201	3328658.750
07/21/2011	4.06	4.06	3.98	3.99	165370	2943655.000
07/22/2011	4.00	4.13	3.99	4.12	375123	6784772.500
07/25/2011	4.12	4.14	4.03	4.06	411807	7473582.000
07/26/2011	4.04	4.06	3.99	4.03	190573	3403474.750
07/27/2011	4.01	4.21	4.01	4.20	417511	7678368.000
07/28/2011	4.14	4.37	4.13	4.35	1170498	22259356.000
07/29/2011	4.31	4.37	4.26	4.28	770165	14750801.000
08/01/2011	4.25	4.33	4.19	4.31	387705	7386166.500
08/02/2011	4.28	4.33	4.19	4.32	380668	7208614.500
08/03/2011	4.28	4.40	4.24	4.35	482193	9319990.000
08/04/2011	4.35	4.36	4.29	4.30	271050	5199434.000
08/05/2011	4.14	4.29	4.11	4.24	1407872	26435266.000
08/08/2011	4.17	4.21	3.97	4.08	446061	8079052.000
08/09/2011	4.01	4.12	3.97	4.11	380414	6837724.000
08/10/2011	4.11	4.21	4.11	4.19	201502	3727820.500
08/11/2011	4.13	4.23	4.09	4.23	299353	5561948.500
08/12/2011	4.23	4.40	4.23	4.29	255081	4889706.000
08/15/2011	4.29	4.37	4.26	4.37	246797	4749046.500
08/16/2011	4.39	4.39	4.34	4.36	284576	5507165.000
08/17/2011	4.30	4.58	4.30	4.52	888568	17716796.000
08/18/2011	4.52	4.74	4.47	4.64	1983530	41077544.000
08/19/2011	4.55	4.60	4.43	4.57	736423	14741546.000
08/22/2011	4.47	4.54	4.44	4.46	355669	7088444.500
08/23/2011	4.46	4.61	4.44	4.61	564971	11271862.000
08/24/2011	4.60	4.60	4.50	4.53	376089	7580787.000
08/25/2011	4.51	4.51	4.38	4.45	507814	10006412.000
08/26/2011	4.44	4.53	4.43	4.49	270819	5378975.500
08/29/2011	4.51	4.61	4.50	4.53	563617	11392238.000
08/30/2011	4.54	4.56	4.34	4.38	443369	8765753.000
08/31/2011	4.39	4.42	4.17	4.27	1022876	19398608.000
09/01/2011	4.24	4.34	4.17	4.22	308687	5802059.000
09/02/2011	4.22	4.27	4.16	4.26	176790	3318369.000
09/05/2011	4.19	4.26	4.18	4.23	143269	2686565.250
09/06/2011	4.23	4.36	4.20	4.32	486506	9301292.000
09/07/2011	4.32	4.39	4.28	4.37	310004	5964495.000
09/08/2011	4.35	4.37	4.24	4.25	187094	3580198.500
09/09/2011	4.25	4.31	4.19	4.21	104100	1954589.500
09/13/2011	4.13	4.17	4.09	4.14	163449	2985147.250
09/14/2011	4.14	4.19	4.11	4.18	74799	1374616.750
09/15/2011	4.23	4.24	4.20	4.21	83499	1563156.250
09/16/2011	4.21	4.24	4.20	4.24	96822	1812910.000
09/19/2011	4.24	4.46	4.24	4.29	217597	4157107.000
09/20/2011	4.28	4.31	4.24	4.31	88038	1669779.000
09/21/2011	4.33	4.43	4.30	4.36	216847	4196737.500
09/22/2011	4.34	4.37	4.21	4.22	187500	3551492.750
09/23/2011	4.17	4.18	4.13	4.14	90910	1673888.000
09/26/2011	4.18	4.26	4.07	4.08	106600	1958920.500
09/27/2011	4.10	4.13	4.02	4.08	104990	1894342.250
09/28/2011	4.13	4.13	4.03	4.09	73400	1330256.000
09/29/2011	3.97	4.05	3.94	3.99	82449	1459432.250
09/30/2011	4.04	4.12	3.98	3.99	80269	1433941.875
10/10/2011	3.99	4.04	3.88	3.99	64209	1125021.750
10/11/2011	3.95	4.09	3.94	3.97	34900	619396.000
10/12/2011	3.97	4.11	3.85	4.08	108940	1945375.750
10/13/2011	4.13	4.13	4.06	4.11	79625	1453771.250
10/14/2011	4.08	4.11	4.01	4.08	335451	6014811.500
10/17/2011	4.09	4.11	4.04	4.05	81208	1468715.000
10/18/2011	4.01	4.02	3.92	3.94	81220	1429561.625
10/19/2011	4.00	4.00	3.90	3.92	81800	1424319.750
10/20/2011	3.88	3.92	3.78	3.78	131140	2229277.000
10/21/2011	3.82	3.82	3.73	3.73	67978	1140277.250
10/24/2011	3.76	3.76	3.62	3.70	155801	2569196.750
10/25/2011	3.74	3.86	3.67	3.83	289042	4810794.000
10/26/2011	3.82	3.89	3.77	3.86	246700	4230895.000
10/27/2011	3.89	3.89	3.85	3.86	68701	1181630.250
10/28/2011	3.92	3.93	3.84	3.90	153316	2646075.000
10/31/2011	3.88	4.01	3.87	3.95	134036	2345419.500
11/01/2011	3.93	3.95	3.91	3.95	73702	1286834.125
11/02/2011	3.90	4.00	3.83	3.99	180164	3122728.500
11/03/2011	3.99	4.05	3.98	3.98	256740	4587317.000
11/04/2011	4.03	4.03	3.97	3.99	144320	2555158.750
11/07/2011	3.98	4.02	3.97	3.99	73301	1300931.750
11/08/2011	4.00	4.01	3.96	3.97	100670	1785140.875
11/09/2011	3.97	4.06	3.93	4.04	153261	2707334.750
11/10/2011	4.01	4.11	3.97	4.05	278669	5003619.500
11/11/2011	4.01	4.11	3.99	4.03	208243	3742117.250
11/14/2011	4.05	4.16	4.05	4.15	404681	7397357.500
11/15/2011	4.15	4.26	4.15	4.20	348508	6512956.000
11/16/2011	4.24	4.29	4.05	4.05	400427	7431016.500
11/17/2011	4.04	4.16	4.04	4.10	143290	2609094.000
11/18/2011	4.08	4.10	3.95	3.98	167100	2970425.250
11/21/2011	3.98	3.98	3.84	3.95	236130	4078192.500
11/22/2011	3.89	3.97	3.88	3.97	177039	3095404.500
11/23/2011	3.99	3.99	3.91	3.95	79800	1394973.000
11/24/2011	3.95	3.95	3.85	3.93	72100	1246509.000
11/25/2011	3.99	3.99	3.89	3.91	125600	2201829.750
11/28/2011	3.87	3.94	3.87	3.89	118690	2055815.125
11/29/2011	3.91	4.01	3.89	4.01	123485	2160006.750
11/30/2011	3.96	3.97	3.75	3.84	175337	3005005.250
12/02/2011	3.86	3.87	3.76	3.76	120000	2028634.000
12/05/2011	3.77	3.82	3.72	3.75	95924	1608250.375
12/06/2011	3.81	3.81	3.74	3.76	39100	653267.000
12/07/2011	3.73	3.84	3.73	3.79	45300	761051.000
12/08/2011	3.75	3.86	3.73	3.80	50200	847497.000
12/09/2011	3.84	3.84	3.72	3.76	31200	523897.000
12/12/2011	3.73	3.79	3.73	3.78	25400	425126.000
12/13/2011	3.77	3.81	3.73	3.76	47350	791213.000
12/14/2011	3.73	3.77	3.69	3.72	83300	1374907.000
12/15/2011	3.73	3.73	3.50	3.56	132910	2132031.000
12/16/2011	3.60	3.60	3.44	3.54	125799	1966091.375
12/19/2011	3.49	3.55	3.49	3.55	183938	2884398.750
12/20/2011	3.55	3.61	3.52	3.54	71420	1127342.375
12/21/2011	3.56	3.60	3.46	3.46	207000	3239775.000
12/22/2011	3.44	3.51	3.34	3.46	163489	2496534.500
12/23/2011	3.45	3.52	3.39	3.48	69208	1072235.625
12/26/2011	3.51	3.51	3.42	3.50	67400	1042065.000
12/27/2011	3.50	3.50	3.42	3.42	76302	1170170.625
12/28/2011	3.41	3.42	3.31	3.38	59902	901954.500
12/29/2011	3.40	3.45	3.36	3.41	22600	342893.000
12/30/2011	3.45	3.45	3.41	3.43	98812	1505123.000
01/04/2012	3.46	3.53	3.36	3.36	89402	1352546.750
01/05/2012	3.33	3.34	3.03	3.12	159721	2272051.250
01/06/2012	3.19	3.25	3.07	3.17	147198	2079958.375
01/09/2012	3.16	3.28	3.16	3.28	141798	2026749.000
01/10/2012	3.34	3.37	3.24	3.37	136490	2022712.000
01/11/2012	3.35	3.39	3.33	3.39	86519	1291544.875
01/12/2012	3.39	3.39	3.32	3.36	74100	1103820.000
01/13/2012	3.33	3.36	3.20	3.20	59100	851195.000
01/16/2012	3.19	3.20	3.05	3.08	171600	2376392.000
01/17/2012	3.05	3.21	3.05	3.13	395959	5518689.000
01/18/2012	3.13	3.14	2.96	2.96	262964	3573390.750
01/19/2012	3.02	3.03	2.94	2.98	108736	1445847.250
01/20/2012	2.99	3.03	2.97	3.01	125637	1684869.375
01/30/2012	3.00	3.06	2.96	3.00	194201	2613546.500
01/31/2012	3.00	3.04	2.98	3.03	100333	1344189.875
02/01/2012	3.20	3.20	3.00	3.04	132900	1837365.625
02/02/2012	3.03	3.11	3.02	3.11	147082	2015614.750
02/06/2012	3.17	3.43	3.12	3.41	831213	12430133.000
02/07/2012	3.39	3.42	3.30	3.41	290036	4363818.500
02/08/2012	3.41	3.46	3.37	3.43	252154	3841098.250
02/09/2012	3.45	3.48	3.38	3.43	215089	3282684.750
02/10/2012	3.39	3.44	3.39	3.39	514139	7803986.500
02/13/2012	3.39	3.47	3.39	3.45	226964	3477569.000
02/14/2012	3.45	3.45	3.33	3.42	95213	1440625.250
02/15/2012	3.40	3.48	3.37	3.44	171191	2620167.250
02/16/2012	3.48	3.54	3.45	3.50	217564	3388924.750
02/17/2012	3.53	3.77	3.49	3.73	575620	9450426.000
02/20/2012	3.73	3.76	3.65	3.66	145217	2380562.000
02/21/2012	3.66	3.75	3.66	3.71	208568	3440263.500
02/22/2012	3.67	3.75	3.67	3.72	128588	2120345.000
02/23/2012	3.77	3.77	3.70	3.75	171053	2832269.500
02/24/2012	3.75	3.75	3.70	3.74	81816	1356535.750
02/27/2012	3.75	3.89	3.72	3.81	421977	7185010.500
02/28/2012	4.19	4.19	4.19	4.19	834938	15538196.000
02/29/2012	4.53	4.58	4.35	4.37	4173385	82865448.000
03/01/2012	4.28	4.31	4.21	4.24	1327963	25119412.000
03/02/2012	4.21	4.36	4.21	4.28	1124889	21429934.000
03/05/2012	4.28	4.50	4.24	4.40	1529390	29768530.000
03/06/2012	4.35	4.40	4.25	4.26	1053581	20042320.000
03/07/2012	4.21	4.30	4.21	4.21	717665	13528185.000
03/08/2012	4.26	4.27	4.21	4.25	553146	10411922.000
03/09/2012	4.23	4.31	4.23	4.30	869446	16464160.000
03/12/2012	4.30	4.42	4.26	4.38	1287894	24872382.000
03/13/2012	4.35	4.82	4.34	4.73	2621244	53097200.000
03/14/2012	4.64	4.74	4.27	4.39	2281555	46406488.000
03/15/2012	4.42	4.45	4.24	4.32	1319588	25300224.000
03/16/2012	4.29	4.59	4.29	4.59	1250171	24725868.000
03/19/2012	4.85	5.06	4.74	4.76	3789504	81745984.000
03/20/2012	4.67	4.69	4.57	4.57	1799111	36765736.000
03/21/2012	4.58	4.68	4.46	4.59	1134719	23091630.000
03/22/2012	4.55	4.60	4.48	4.55	623179	12559715.000
03/23/2012	4.55	4.68	4.44	4.46	1051132	21255842.000
03/26/2012	4.45	4.45	4.26	4.33	1038961	19866066.000
03/27/2012	4.34	4.37	4.23	4.24	686806	13081017.000
03/28/2012	4.09	4.17	3.99	4.03	950348	17094616.000
03/29/2012	3.93	4.03	3.91	3.94	855484	15048532.000
03/30/2012	3.96	4.05	3.92	4.05	1189107	21087586.000
04/05/2012	4.05	4.13	3.96	4.12	683720	12406708.000
04/06/2012	4.08	4.08	4.00	4.03	722206	12947180.000
04/09/2012	4.03	4.12	3.97	4.09	613923	11059518.000
04/11/2012	4.07	4.09	4.01	4.06	761206	13677305.000
04/12/2012	4.05	4.06	3.89	4.00	2766296	48706164.000
04/13/2012	3.99	4.02	3.94	3.95	2208535	38905308.000
04/16/2012	3.91	3.94	3.86	3.91	1434620	24820130.000
04/17/2012	3.91	4.06	3.89	3.99	1935443	34179104.000
04/18/2012	3.99	4.02	3.91	4.01	1887033	33237362.000
04/19/2012	3.96	4.02	3.96	4.00	1074434	19076024.000
04/20/2012	4.00	4.07	3.98	4.04	1595925	28642640.000
04/23/2012	4.03	4.03	3.63	3.74	3165772	52581280.000
04/24/2012	3.68	3.71	3.51	3.59	1583722	25371598.000
04/25/2012	3.60	3.68	3.57	3.64	844634	13699248.000
04/26/2012	3.67	3.67	3.63	3.64	601635	9744036.000
04/27/2012	3.64	3.72	3.62	3.68	897707	14673831.000
05/02/2012	3.69	3.73	3.56	3.58	1828032	13215831.000
05/03/2012	3.56	3.60	3.52	3.58	1144098	8164477.000
05/04/2012	3.55	3.73	3.55	3.70	2369002	17412262.000
05/07/2012	3.68	3.79	3.60	3.77	2932863	21798088.000
05/08/2012	3.73	3.80	3.71	3.76	1707139	12851774.000
05/09/2012	3.70	3.73	3.61	3.64	1366276	10023858.000
05/10/2012	3.63	3.75	3.63	3.70	1108273	8224327.000
05/11/2012	3.70	3.70	3.60	3.61	1080990	7894443.500
05/14/2012	3.64	3.67	3.59	3.59	1280604	9310583.000
05/15/2012	3.54	3.58	3.54	3.57	862014	6157130.500
05/16/2012	3.58	3.61	3.55	3.56	570357	4083271.750
05/17/2012	3.56	3.69	3.54	3.61	1709443	12428547.000
05/18/2012	3.59	3.62	3.49	3.51	1789674	12721861.000
05/21/2012	3.48	3.54	3.39	3.42	1108180	7659690.000
05/22/2012	3.43	3.49	3.42	3.48	899824	6227690.000
05/23/2012	3.46	3.46	3.38	3.40	849733	5826488.000
05/24/2012	3.39	3.45	3.38	3.41	570653	3902973.250
05/25/2012	3.37	3.42	3.33	3.33	616861	4159675.000
05/28/2012	3.32	3.35	3.19	3.34	1493699	9795815.000
05/29/2012	3.35	3.43	3.34	3.42	1470408	10004494.000
05/30/2012	3.42	3.45	3.37	3.42	1025160	7013279.000
05/31/2012	3.42	3.47	3.39	3.43	1462571	10069317.000
06/01/2012	3.43	3.45	3.39	3.42	1181192	8111953.500
06/04/2012	3.35	3.37	3.21	3.22	1273709	8437583.000
06/05/2012	3.23	3.27	3.19	3.23	688842	4455802.500
06/06/2012	3.23	3.26	3.20	3.20	646590	4184107.250
06/07/2012	3.23	3.27	3.20	3.21	802665	5215173.000
06/08/2012	3.24	3.27	3.19	3.24	525023	3402620.250
06/11/2012	3.24	3.36	3.21	3.33	1191065	7898215.500
06/12/2012	3.31	3.34	3.26	3.31	875467	5802053.000
06/13/2012	3.33	3.36	3.28	3.36	1102413	7372233.000
06/14/2012	3.35	3.38	3.31	3.31	1011480	6781347.500
06/15/2012	3.33	3.36	3.28	3.31	935199	6224707.000
06/18/2012	3.33	3.38	3.31	3.35	935582	6304370.500
06/19/2012	3.38	3.40	3.33	3.38	1101463	7453504.500
06/20/2012	3.41	3.64	3.38	3.54	4135794	29326918.000
06/21/2012	3.51	3.51	3.38	3.41	1997011	13768470.000
06/26/2012	3.33	3.33	3.14	3.24	1317279	8521134.000
06/27/2012	3.22	3.29	3.22	3.23	699077	4572655.000
06/28/2012	3.20	3.27	3.20	3.21	548269	3556944.250
06/29/2012	3.19	3.28	3.16	3.28	777923	5054806.500
07/02/2012	3.30	3.33	3.27	3.29	639038	4227277.000
07/03/2012	3.24	3.35	3.24	3.32	942744	6263829.500
07/04/2012	3.32	3.41	3.30	3.40	1140120	7701814.500
07/05/2012	3.38	3.57	3.26	3.26	991351	6597096.000
07/06/2012	3.27	3.29	3.19	3.28	942758	6132410.000
07/09/2012	3.28	3.29	3.20	3.22	576272	3739498.250
07/10/2012	3.22	3.36	3.22	3.24	722381	4741461.000
07/11/2012	3.25	3.25	3.14	3.19	776280	4944224.500
07/12/2012	3.19	3.23	3.15	3.22	531264	3402041.750
07/13/2012	3.22	3.28	3.20	3.25	751831	4891720.500
07/16/2012	3.29	3.36	3.21	3.23	2234693	14877658.000
07/17/2012	3.24	3.31	3.09	3.16	957623	6042400.000
07/18/2012	3.11	3.20	3.10	3.18	394615	2493193.250
07/19/2012	3.18	3.25	3.14	3.22	1484320	9512191.000
07/20/2012	3.17	3.21	3.11	3.11	1372223	8664072.000
07/23/2012	3.11	3.12	3.04	3.04	997361	6144618.500
07/24/2012	3.04	3.08	3.03	3.04	968620	5940880.000
07/25/2012	3.10	3.10	3.03	3.03	1099439	6755791.000
07/26/2012	3.02	3.05	2.96	2.96	1230079	7423276.000
07/27/2012	2.99	2.99	2.86	2.90	1683374	9849718.000
07/30/2012	2.91	2.91	2.82	2.83	632154	3629054.250
07/31/2012	2.83	2.83	2.77	2.79	457212	2565225.250
08/01/2012	2.78	2.86	2.77	2.83	496998	2820168.750
08/02/2012	2.82	2.84	2.79	2.79	326288	1841869.000
08/03/2012	2.81	2.86	2.81	2.86	656379	3742771.500
08/06/2012	2.86	2.93	2.83	2.93	980360	5693974.500
08/07/2012	2.93	3.01	2.90	2.99	1305609	7765914.000
08/08/2012	2.98	3.00	2.91	2.97	941131	5608861.500
08/09/2012	2.96	3.00	2.93	3.00	900376	5378380.500
08/10/2012	3.00	3.02	2.98	3.00	879791	5300086.000
08/13/2012	3.00	3.00	2.92	2.93	822240	4885983.000
08/14/2012	2.93	2.97	2.87	2.96	976831	5742457.000
08/15/2012	2.96	2.99	2.93	2.97	722271	4300103.000
08/16/2012	2.97	3.00	2.93	2.97	518468	3092202.250
08/17/2012	2.99	2.99	2.92	2.96	592242	3498270.750
08/20/2012	2.96	2.97	2.91	2.96	507727	2996365.000
08/21/2012	2.95	3.07	2.94	3.03	1712611	10363049.000
08/22/2012	3.03	3.06	2.98	3.01	872456	5301592.000
08/23/2012	3.04	3.14	3.04	3.14	2889915	18006910.000
08/24/2012	3.11	3.46	3.10	3.28	6905828	46630348.000
08/27/2012	3.17	3.22	3.06	3.08	3392667	21280612.000
08/28/2012	3.06	3.20	3.06	3.14	1774489	11178516.000
08/29/2012	3.13	3.19	3.09	3.12	1448436	9136064.000
08/30/2012	3.12	3.14	2.94	3.00	1663388	10154120.000
08/31/2012	2.98	3.01	2.92	2.97	1127688	6693721.500
09/03/2012	2.96	3.04	2.93	3.03	936777	5663135.000
09/04/2012	3.03	3.08	3.01	3.02	978216	5985922.500
09/05/2012	3.00	3.17	2.97	3.16	1946207	12142775.000
09/06/2012	3.17	3.26	3.14	3.18	2167783	13894906.000
09/07/2012	3.20	3.34	3.20	3.31	3242553	21351772.000
09/10/2012	3.28	3.43	3.28	3.35	2815452	18877012.000
09/11/2012	3.32	3.33	3.28	3.30	1397352	9253591.000
09/12/2012	3.35	3.48	3.31	3.39	2689783	18370274.000
09/13/2012	3.48	3.48	3.34	3.34	2328817	15862235.000
09/14/2012	3.34	3.39	3.26	3.29	1782211	11851996.000
09/17/2012	3.33	3.33	3.17	3.19	889410	5758088.000
09/18/2012	3.24	3.24	3.16	3.18	790845	5066893.000
09/19/2012	3.15	3.22	3.14	3.21	719266	4597402.500
09/20/2012	3.18	3.21	3.09	3.11	762220	4799324.000
09/21/2012	3.12	3.13	3.04	3.05	625843	3885264.250
09/24/2012	3.05	3.11	2.99	3.07	536470	3302308.000
09/25/2012	3.06	3.10	3.03	3.05	222200	1362261.000
09/26/2012	3.04	3.04	2.89	2.90	779828	4612759.500
09/27/2012	2.90	3.08	2.90	3.02	864188	5202248.500
09/28/2012	3.02	3.09	3.00	3.08	476240	2928848.750
10/08/2012	3.11	3.15	3.08	3.14	454131	2845777.000
10/09/2012	3.15	3.21	3.13	3.19	742622	4740871.000
10/10/2012	3.20	3.22	3.16	3.20	622242	3984084.250
10/11/2012	3.21	3.23	3.09	3.10	649962	4096924.250
10/12/2012	3.08	3.18	3.07	3.17	876521	5509689.000
10/15/2012	3.17	3.17	3.05	3.12	677435	4208403.000
10/16/2012	3.12	3.16	3.10	3.13	392141	2466750.500
10/17/2012	3.12	3.18	3.12	3.18	1003548	6364816.000
10/18/2012	3.18	3.24	3.17	3.22	1065955	6873201.000
10/19/2012	3.22	3.23	3.15	3.17	727801	4656470.500
10/22/2012	3.14	3.21	3.13	3.20	529839	3386089.000
10/23/2012	3.20	3.23	3.14	3.14	613101	3917353.750
10/24/2012	3.12	3.17	3.10	3.13	490800	3102118.250
10/25/2012	3.13	3.17	3.09	3.09	565682	3552393.250
10/26/2012	3.08	3.12	3.00	3.00	710167	4339856.000
10/29/2012	2.99	3.03	2.99	3.00	425931	2569595.250
10/30/2012	3.01	3.05	2.99	3.04	373980	2274563.750
10/31/2012	3.07	3.10	3.00	3.10	381591	2338365.500
11/01/2012	3.10	3.15	3.09	3.14	842601	5293312.000
11/02/2012	3.15	3.17	3.12	3.16	477041	3008530.250
11/05/2012	3.16	3.18	3.14	3.18	587900	3740429.000
11/06/2012	3.17	3.42	3.15	3.28	3299572	21693328.000
11/07/2012	3.29	3.45	3.29	3.44	4649211	31492178.000
11/08/2012	3.44	3.44	3.26	3.26	2633991	17665456.000
11/09/2012	3.23	3.42	3.21	3.40	2178863	14585328.000
11/12/2012	3.38	3.47	3.34	3.36	1506037	10176880.000
11/13/2012	3.32	3.42	3.31	3.33	1667449	11249703.000
11/14/2012	3.33	3.36	3.26	3.32	1062890	7047350.500
11/15/2012	3.28	3.46	3.28	3.36	1782037	12106492.000
11/16/2012	3.34	3.42	3.33	3.42	2199425	14984264.000
11/19/2012	3.42	3.76	3.38	3.58	7007983	51002908.000
11/20/2012	3.52	3.68	3.49	3.65	4217138	30269452.000
11/21/2012	3.62	3.66	3.53	3.62	2844326	20489562.000
11/22/2012	3.63	3.64	3.50	3.51	2618021	18667182.000
11/23/2012	3.51	3.61	3.50	3.55	1982241	14149703.000
11/26/2012	3.56	3.57	3.36	3.39	2150336	14951837.000
11/27/2012	3.34	3.40	3.24	3.27	1557973	10303804.000
11/28/2012	3.27	3.34	3.24	3.30	1241411	8233180.500
11/29/2012	3.31	3.38	3.20	3.26	801238	5262187.000
11/30/2012	3.26	3.33	3.21	3.29	734646	4843931.000
12/03/2012	3.27	3.32	2.96	2.98	2916320	18045978.000
12/04/2012	2.98	2.99	2.84	2.92	2242770	13080972.000
12/05/2012	2.92	3.07	2.90	3.02	3137132	18950904.000
12/06/2012	3.02	3.04	2.94	3.03	1775688	10675392.000
12/07/2012	3.04	3.13	3.00	3.08	1419844	8775604.000
12/10/2012	3.11	3.21	3.08	3.18	1617008	10269294.000
12/11/2012	3.16	3.19	3.11	3.14	1013659	6405748.500
12/12/2012	3.11	3.15	3.03	3.13	1142385	7092461.000
12/13/2012	3.10	3.12	3.05	3.05	807270	4990241.000
12/14/2012	3.04	3.24	3.04	3.22	1852200	11789812.000
12/17/2012	3.23	3.27	3.18	3.24	1650560	10692417.000
12/18/2012	3.25	3.26	3.19	3.20	1080330	6988197.000
12/19/2012	3.19	3.26	3.19	3.23	1032889	6688177.500
12/20/2012	3.22	3.31	3.21	3.26	1307453	8569510.000
12/21/2012	3.25	3.30	3.24	3.28	1076052	7054199.500
12/24/2012	3.28	3.36	3.27	3.29	1058443	7019058.000
12/25/2012	3.31	3.41	3.26	3.37	2230078	15016142.000
12/26/2012	3.35	3.53	3.35	3.53	2457483	17082376.000
12/27/2012	3.53	3.59	3.43	3.55	2371770	16650784.000
12/28/2012	3.54	3.69	3.50	3.66	2638919	18909134.000
12/31/2012	3.62	3.83	3.59	3.83	3369778	25103010.000
01/04/2013	3.83	3.88	3.70	3.72	2650209	20061908.000
01/07/2013	3.67	3.71	3.53	3.63	2225341	16072137.000
01/08/2013	3.60	3.68	3.60	3.64	3113569	22770910.000
01/09/2013	3.64	3.74	3.61	3.65	1795115	13240921.000
01/10/2013	3.63	3.71	3.58	3.60	1306922	9513818.000
01/11/2013	3.60	3.64	3.48	3.49	1542462	10967965.000
01/14/2013	3.50	3.62	3.49	3.60	1480517	10634587.000
01/15/2013	3.60	3.70	3.59	3.67	2531128	18497092.000
01/16/2013	3.67	3.69	3.58	3.59	2548707	18622554.000
01/17/2013	3.59	3.71	3.56	3.68	3478062	25658412.000
01/18/2013	3.71	3.75	3.66	3.70	2008549	14938945.000
01/21/2013	3.68	3.75	3.56	3.60	2602964	18923684.000
01/22/2013	3.60	3.62	3.47	3.50	1916322	13611497.000
01/23/2013	3.50	3.54	3.46	3.53	1080478	7600599.500
01/24/2013	3.55	3.56	3.37	3.39	1778033	12307584.000
01/25/2013	3.41	3.46	3.38	3.42	715360	4922927.000
01/28/2013	3.42	3.51	3.42	3.49	1071970	7472636.000
01/29/2013	3.52	3.58	3.45	3.57	1969039	13850029.000
01/30/2013	3.56	3.72	3.53	3.66	3661981	26954672.000
01/31/2013	3.66	3.81	3.62	3.72	2176216	16170001.000
02/01/2013	3.71	3.98	3.70	3.92	4674127	36486404.000
02/04/2013	3.91	4.13	3.83	3.96	4809793	38974524.000
02/05/2013	3.90	4.05	3.90	4.02	2434246	19374318.000
02/06/2013	4.04	4.09	3.94	3.97	1700761	13663502.000
02/07/2013	3.92	4.03	3.92	3.99	1800242	14351891.000
02/08/2013	4.04	4.14	3.99	4.04	2604436	21279540.000
02/18/2013	4.04	4.10	4.00	4.06	978351	7933953.000
02/19/2013	4.04	4.08	3.95	4.03	1536401	12381967.000
02/20/2013	3.97	4.26	3.94	4.23	4239823	35203200.000
02/21/2013	4.19	4.38	4.18	4.30	4569323	39537704.000
02/22/2013	4.31	4.56	4.31	4.51	4979775	44700344.000
02/25/2013	4.48	4.61	4.39	4.55	3211436	29153090.000
02/26/2013	4.51	4.64	4.39	4.42	2558626	23114982.000
02/27/2013	4.48	4.74	4.43	4.73	6992709	64615200.000
02/28/2013	4.73	4.83	4.59	4.61	9688811	90572536.000
03/01/2013	4.65	4.65	4.50	4.60	6113427	56073820.000
03/04/2013	4.59	4.65	4.42	4.56	5137036	46689940.000
03/05/2013	4.64	4.71	4.56	4.68	4637672	43122304.000
03/06/2013	4.69	4.79	4.59	4.74	5495665	51955948.000
03/07/2013	4.71	4.77	4.55	4.59	4173940	38929208.000
03/08/2013	4.55	4.61	4.47	4.50	2052840	18660664.000
03/11/2013	4.54	4.55	4.50	4.52	970642	8800060.000
03/12/2013	4.51	4.55	4.34	4.40	2442046	21687212.000
03/13/2013	4.41	4.44	4.39	4.43	1374516	12156130.000
03/14/2013	4.42	4.48	4.41	4.43	651882	5818283.000
03/15/2013	4.33	4.60	4.30	4.53	1970493	17866872.000
03/18/2013	4.49	4.53	4.41	4.42	1239050	11055207.000
03/19/2013	4.42	4.50	4.26	4.35	2095754	18253862.000
03/20/2013	4.29	4.45	4.29	4.45	1869173	16441334.000
03/21/2013	4.41	4.61	4.41	4.52	2061616	18666078.000
03/22/2013	4.49	4.61	4.44	4.58	1850448	16880296.000
03/25/2013	4.59	4.60	4.47	4.53	973603	8830269.000
03/26/2013	4.54	4.54	4.45	4.53	969036	8739137.000
03/27/2013	4.53	4.56	4.48	4.50	1051744	9510157.000
03/28/2013	4.48	4.48	4.39	4.39	1145619	10167374.000
03/29/2013	4.39	4.47	4.29	4.39	728420	6453725.500
04/01/2013	4.39	4.52	4.39	4.48	876879	7855023.500
04/02/2013	4.51	4.55	4.34	4.43	1215147	10823400.000
04/03/2013	4.43	4.47	4.34	4.42	754347	6675174.500
04/08/2013	4.16	4.39	4.01	4.36	1918170	16193910.000
04/09/2013	4.30	4.41	4.30	4.39	669089	5874550.500
04/10/2013	4.39	4.41	4.30	4.39	601920	5277935.000
04/11/2013	4.37	4.43	4.35	4.39	442832	3890229.500
04/12/2013	4.36	4.39	4.28	4.30	411710	3572858.500
04/15/2013	4.32	4.32	4.21	4.25	413340	3546847.250
04/16/2013	4.24	4.29	4.19	4.28	695737	5911252.500
04/17/2013	4.22	4.31	4.22	4.30	372140	3197049.250
04/18/2013	4.29	4.35	4.24	4.29	855558	7347179.500
04/19/2013	4.30	4.50	4.29	4.50	1641302	14573824.000
04/22/2013	4.66	4.71	4.51	4.58	2810311	25844666.000
04/23/2013	4.66	5.04	4.64	4.69	11722798	113767320.000
04/24/2013	4.76	4.84	4.66	4.80	8058668	77289576.000
04/25/2013	4.74	5.21	4.72	5.03	9175847	91537568.000
04/26/2013	4.96	5.07	4.81	4.86	5103943	50066860.000
05/02/2013	4.86	4.92	4.71	4.89	2168763	21010516.000
05/03/2013	4.92	5.08	4.91	4.94	3701525	36981476.000
05/06/2013	4.95	5.20	4.91	5.15	4551113	46009748.000
05/07/2013	5.14	5.17	4.98	5.03	3580090	36320660.000
05/08/2013	4.99	5.14	4.99	5.10	2576579	26238000.000
05/09/2013	5.06	5.15	4.96	5.05	2651746	26878534.000
05/10/2013	5.05	5.32	5.00	5.17	4570300	47432972.000
05/13/2013	5.17	5.27	5.15	5.17	2705461	28158726.000
05/14/2013	5.19	5.31	5.11	5.24	3052727	31973626.000
05/15/2013	5.24	5.35	5.18	5.26	2764231	29120928.000
05/16/2013	5.26	5.32	4.97	5.03	7782308	79727992.000
05/17/2013	4.99	5.04	4.90	4.95	6487538	64541380.000
05/20/2013	4.98	5.44	4.98	5.37	8773090	91159568.000
05/21/2013	5.38	5.38	5.14	5.26	14127327	73909752.000
05/22/2013	5.23	5.26	5.12	5.18	9925016	51478460.000
05/23/2013	5.21	5.34	5.16	5.20	13060200	68552320.000
05/24/2013	5.19	5.24	5.03	5.15	11914417	60838964.000
05/27/2013	5.14	5.25	5.08	5.20	8431385	43420600.000
05/28/2013	5.20	5.20	4.98	5.00	11241214	56620904.000
05/29/2013	4.99	5.03	4.94	5.01	5084879	25391502.000
05/30/2013	5.00	5.10	4.87	5.01	10999596	54618664.000
05/31/2013	4.99	5.03	4.93	4.98	4796330	23890956.000
06/03/2013	4.99	5.10	4.90	5.01	7971872	39794704.000
06/04/2013	5.00	5.07	4.90	5.01	8532011	42601280.000
06/05/2013	4.99	5.06	4.96	5.02	4119413	20662102.000
06/06/2013	5.02	5.22	4.96	5.05	15370632	78713128.000
06/07/2013	5.05	5.19	4.65	4.68	19297950	93230600.000
06/13/2013	4.55	4.55	4.21	4.34	6770965	29389954.000
06/14/2013	4.40	4.55	4.36	4.50	4920308	22000256.000
06/17/2013	4.52	4.57	4.45	4.52	4164596	18754176.000
06/18/2013	4.52	4.65	4.46	4.60	7993149	36498140.000
06/19/2013	4.55	4.67	4.44	4.55	6300194	28632276.000
06/20/2013	4.52	4.61	4.36	4.37	4021590	18049420.000
06/21/2013	4.34	4.53	4.22	4.45	6712198	29759706.000
06/24/2013	4.41	4.45	4.03	4.14	5152066	21778032.000
06/25/2013	4.12	4.19	3.80	4.13	5829736	23442096.000
06/26/2013	4.35	4.54	4.13	4.37	13861656	60555324.000
06/27/2013	4.32	4.45	4.18	4.23	10003473	43242648.000
06/28/2013	4.20	4.34	4.10	4.23	4446241	18805926.000
07/01/2013	4.19	4.31	4.14	4.28	7247714	30617716.000
07/02/2013	4.27	4.33	4.20	4.33	6711519	28673906.000
07/03/2013	4.28	4.31	4.22	4.28	4154229	17710238.000
07/04/2013	4.24	4.71	4.23	4.41	21593733	95133968.000
07/05/2013	4.30	4.32	4.18	4.18	12875795	54634428.000
07/08/2013	4.08	4.08	3.84	3.84	7041940	27841170.000
07/09/2013	3.84	3.91	3.79	3.87	3926866	15093600.000
07/10/2013	3.76	3.85	3.68	3.83	9098820	34164656.000
07/11/2013	3.80	3.94	3.80	3.88	6503178	25172820.000
07/12/2013	3.85	3.96	3.82	3.83	4834167	18836782.000
07/15/2013	3.83	3.97	3.83	3.94	5163016	20270790.000
07/16/2013	3.94	4.16	3.91	4.12	7989342	32597226.000
07/17/2013	4.10	4.14	3.99	4.02	6242310	25448346.000
07/18/2013	4.02	4.39	4.00	4.22	12444180	52354796.000
07/19/2013	4.23	4.38	4.16	4.20	13651595	58351472.000
07/22/2013	4.20	4.26	4.13	4.26	6528991	27358786.000
07/23/2013	4.69	4.69	4.69	4.69	7561171	35461892.000
07/24/2013	4.76	5.01	4.75	4.84	33820550	164165488.000
07/25/2013	4.72	4.81	4.46	4.48	17987362	82759560.000
07/26/2013	4.38	4.59	4.31	4.42	8499583	37591968.000
07/29/2013	4.42	4.56	4.36	4.41	6896213	30799690.000
07/30/2013	4.39	4.46	4.16	4.24	6849779	29348314.000
07/31/2013	4.25	4.36	4.23	4.27	4449456	19056962.000
08/01/2013	4.28	4.44	4.26	4.41	7195519	31474232.000
08/02/2013	4.42	4.61	4.41	4.49	10056260	45598132.000
08/05/2013	4.48	4.68	4.48	4.63	8193202	37852168.000
08/06/2013	4.62	4.85	4.56	4.83	12898043	60848640.000
08/07/2013	4.80	4.84	4.57	4.59	9160646	42874632.000
08/08/2013	4.57	4.68	4.55	4.60	5095112	23520806.000
08/09/2013	4.60	4.65	4.43	4.59	4769335	21628090.000
08/12/2013	4.59	4.64	4.51	4.60	5277335	24155242.000
08/13/2013	4.60	4.74	4.53	4.72	6311500	29535566.000
08/14/2013	4.72	4.81	4.66	4.69	6765302	32001440.000
08/15/2013	4.70	4.73	4.60	4.63	4106618	19108450.000
08/16/2013	4.60	4.72	4.51	4.51	5628612	25847468.000
08/19/2013	4.51	4.68	4.50	4.67	4741158	21905182.000
08/20/2013	4.66	4.78	4.60	4.66	6000380	28193100.000
08/21/2013	4.66	4.77	4.64	4.72	4666424	21974512.000
08/22/2013	4.73	4.75	4.64	4.67	4642144	21745814.000
08/23/2013	4.67	4.71	4.44	4.53	7617479	34703544.000
08/26/2013	4.52	4.75	4.52	4.67	5543362	25667704.000
08/27/2013	4.66	4.66	4.59	4.62	4608834	21264150.000
08/28/2013	4.63	4.82	4.52	4.79	12916029	60599104.000
08/29/2013	4.85	5.22	4.85	4.96	18078820	90514848.000
08/30/2013	4.89	5.14	4.76	4.79	17012627	84560968.000
09/02/2013	4.71	4.85	4.60	4.67	8770048	41161940.000
09/03/2013	4.65	4.73	4.60	4.69	6255546	29167012.000
09/04/2013	4.68	4.73	4.63	4.68	5366426	25127118.000
09/05/2013	4.67	4.77	4.62	4.75	5637928	26509060.000
09/06/2013	4.72	4.78	4.66	4.68	4940191	23177490.000
09/09/2013	4.71	4.71	4.57	4.66	6243491	28863994.000
09/10/2013	4.61	4.65	4.58	4.60	6338000	29190360.000
09/11/2013	4.60	4.61	4.48	4.52	6933768	31399812.000
09/12/2013	4.53	4.59	4.51	4.53	3939863	17901908.000
09/13/2013	4.55	4.61	4.47	4.57	4997009	22650282.000
09/16/2013	4.56	4.60	4.53	4.55	3321341	15177761.000
09/17/2013	4.54	4.58	4.48	4.50	2596850	11723374.000
09/18/2013	4.50	4.52	4.42	4.48	2610530	11650958.000
09/23/2013	4.50	4.63	4.47	4.62	4786156	21834274.000
09/24/2013	4.62	4.62	4.50	4.54	3194571	14531886.000
09/25/2013	4.54	4.98	4.50	4.68	13794843	65770324.000
09/26/2013	4.62	4.70	4.51	4.57	8896800	41033412.000
09/27/2013	4.55	4.59	4.49	4.56	4155155	18797858.000
09/30/2013	4.59	4.59	4.48	4.54	3796929	17154886.000
10/08/2013	4.53	4.56	4.48	4.55	4827162	21803912.000
10/09/2013	4.54	4.56	4.49	4.55	4427154	20043498.000
10/10/2013	4.55	4.77	4.55	4.61	8946942	41681412.000
10/11/2013	4.64	4.67	4.57	4.63	4384861	20263312.000
10/14/2013	4.62	4.76	4.59	4.73	6605941	31029784.000
10/15/2013	4.70	4.71	4.62	4.64	5021628	23340448.000
10/16/2013	4.64	4.67	4.45	4.45	4796804	21715172.000
10/17/2013	4.46	4.66	4.39	4.39	5620796	25218184.000
10/18/2013	4.39	4.43	4.26	4.33	8612763	37259520.000
10/21/2013	4.34	4.43	4.31	4.39	4253633	18630728.000
10/22/2013	4.42	4.51	4.39	4.45	4678504	20853486.000
10/23/2013	4.43	4.47	4.32	4.33	3428023	14995069.000
10/24/2013	4.34	4.39	4.28	4.30	2360398	10207344.000
10/25/2013	4.30	4.37	4.27	4.33	2792196	12056632.000
10/28/2013	4.37	4.37	4.15	4.18	3548274	14969778.000
10/29/2013	4.24	4.24	3.89	3.98	4249824	17130828.000
10/30/2013	4.00	4.07	3.93	4.06	2288948	9143510.000
10/31/2013	4.10	4.10	4.02	4.04	1885866	7627075.500
11/01/2013	4.04	4.08	4.00	4.08	1994916	8085614.000
11/04/2013	4.08	4.12	4.04	4.09	1396000	5704797.500
11/05/2013	4.08	4.17	4.06	4.15	2246342	9279993.000
11/06/2013	4.16	4.17	4.10	4.13	1817245	7529654.000
11/07/2013	4.13	4.13	4.03	4.04	1853134	7556570.500
11/08/2013	4.03	4.04	3.92	3.94	2130729	8478997.000
11/11/2013	3.94	4.02	3.92	4.00	1341655	5325892.500
11/12/2013	4.02	4.05	3.99	4.04	1397684	5618522.000
11/13/2013	4.04	4.20	4.02	4.04	3793466	15655643.000
11/14/2013	4.01	4.12	4.00	4.10	2440942	9938187.000
11/15/2013	4.09	4.20	4.09	4.14	3724765	15509882.000
11/18/2013	4.14	4.25	4.12	4.23	3701295	15576685.000
11/19/2013	4.23	4.24	4.19	4.21	2946331	12421777.000
11/20/2013	4.21	4.54	4.21	4.51	12888123	56727728.000
11/21/2013	4.46	4.52	4.38	4.45	6732540	29870454.000
11/22/2013	4.46	4.47	4.37	4.39	3212453	14180674.000
11/25/2013	4.65	4.81	4.47	4.48	8206825	37377688.000
11/26/2013	4.40	4.48	4.34	4.41	4315540	19006022.000
11/27/2013	4.41	4.50	4.38	4.49	3769164	16811872.000
11/28/2013	4.49	4.55	4.46	4.49	4482919	20147844.000
11/29/2013	4.48	4.52	4.44	4.50	3960673	17762244.000
12/02/2013	4.40	4.40	4.06	4.07	6884768	28924254.000
12/03/2013	4.00	4.17	4.00	4.16	3159122	12939327.000
12/04/2013	4.14	4.26	4.12	4.17	3244880	13665000.000
12/05/2013	4.16	4.24	4.15	4.19	2797614	11726460.000
12/06/2013	4.17	4.28	4.17	4.23	1956791	8292811.000
12/09/2013	4.25	4.31	4.21	4.28	1766964	7557289.500
12/10/2013	4.38	4.56	4.27	4.44	7282160	32274828.000
12/11/2013	4.38	4.43	4.30	4.34	4132307	17992378.000
12/12/2013	4.31	4.46	4.30	4.39	3489055	15370128.000
12/13/2013	4.41	4.48	4.39	4.45	3082977	13673897.000
12/16/2013	4.46	4.85	4.46	4.57	13159908	61100752.000
12/17/2013	4.50	4.77	4.40	4.67	11871223	54420724.000
12/18/2013	4.60	4.83	4.57	4.68	9338618	44058404.000
12/19/2013	4.67	4.75	4.47	4.48	6341822	29124218.000
12/20/2013	4.46	4.55	4.40	4.47	3726911	16653181.000
12/23/2013	4.49	4.49	4.15	4.28	4533298	19505390.000
12/24/2013	4.28	4.35	4.24	4.32	2707448	11637671.000
12/25/2013	4.32	4.75	4.25	4.75	14986468	69367720.000
12/26/2013	4.80	5.20	4.70	4.85	34432435	170373760.000
12/27/2013	4.78	5.34	4.75	5.34	46523664	241691664.000
12/30/2013	5.30	5.87	5.25	5.87	53272411	297372000.000
12/31/2013	5.89	5.95	5.39	5.55	45685024	256497760.000
01/02/2014	5.51	6.11	5.44	6.11	28765853	167772464.000
01/03/2014	6.42	6.72	6.31	6.67	69838347	458455648.000
01/06/2014	6.40	6.49	6.08	6.29	38620810	242953488.000
01/07/2014	6.20	6.56	5.87	6.32	38128172	238145728.000
01/08/2014	6.20	6.50	6.18	6.25	32498778	205299728.000
01/09/2014	6.18	6.28	5.68	5.71	31961336	191621056.000
01/10/2014	5.67	5.88	5.62	5.78	23384486	134237712.000
01/13/2014	5.85	5.95	5.72	5.82	17076592	99738280.000
01/14/2014	5.87	6.40	5.85	6.40	40710707	252549504.000
01/15/2014	6.40	6.87	6.35	6.60	46537089	306291904.000
01/16/2014	6.53	7.26	6.46	7.01	49470783	346558144.000
01/17/2014	6.85	7.04	6.68	6.83	32611854	222973040.000
01/20/2014	6.75	6.99	6.48	6.60	24786114	165582144.000
01/21/2014	6.53	7.15	6.45	7.07	32340794	220199616.000
01/22/2014	6.93	7.45	6.78	7.02	36849336	260164640.000
01/23/2014	6.99	7.16	6.83	7.08	24622103	172170624.000
01/24/2014	6.93	7.00	6.80	6.81	21527896	148110880.000
01/27/2014	6.70	6.94	6.51	6.78	18597605	125494816.000
01/28/2014	6.73	6.95	6.57	6.94	18802543	127694264.000
01/29/2014	6.87	6.93	6.66	6.71	14077039	95179392.000
01/30/2014	6.69	6.78	6.29	6.36	12765945	83485264.000
02/07/2014	6.23	6.57	6.21	6.53	9185817	59424984.000
02/10/2014	6.53	6.75	6.45	6.69	13899828	92111992.000
02/11/2014	6.73	7.19	6.63	6.92	26235893	182195744.000
02/12/2014	6.85	7.05	6.71	6.97	18887434	129684832.000
02/13/2014	7.00	7.02	6.54	6.54	16722935	113215568.000
02/14/2014	6.52	6.65	6.40	6.60	10699868	70115136.000
02/17/2014	6.62	7.06	6.54	7.02	21157166	144657408.000
02/18/2014	7.00	7.03	6.80	6.91	17271605	119129888.000
02/19/2014	6.90	7.59	6.81	7.24	31510858	228432240.000
02/20/2014	7.18	7.29	6.90	6.95	19620347	138702560.000
02/21/2014	6.85	7.00	6.75	6.82	9877664	67776920.000
02/24/2014	6.75	6.95	6.69	6.91	8000118	54804676.000
02/25/2014	6.90	7.19	6.22	6.31	18091808	123388864.000
02/26/2014	6.19	6.27	5.72	6.24	13441118	81386648.000
02/27/2014	6.24	6.35	5.94	5.96	11097496	68200376.000
02/28/2014	5.99	6.02	5.80	6.02	8684460	51376124.000
03/03/2014	5.97	6.11	5.97	6.10	7279799	44012936.000
03/04/2014	6.05	6.08	5.86	6.02	7972255	47654024.000
03/05/2014	6.02	6.17	6.00	6.00	7264566	44242900.000
03/06/2014	6.03	6.11	5.94	6.10	6091575	36797940.000
03/07/2014	6.20	6.50	6.17	6.21	14680117	92867824.000
03/10/2014	6.10	6.34	5.95	6.21	12244899	75640472.000
03/11/2014	6.12	6.23	5.84	6.06	6610707	40182048.000
03/12/2014	6.02	6.10	5.88	5.96	5602176	33480200.000
03/13/2014	5.97	6.04	5.91	6.03	3644553	21823882.000
03/14/2014	6.03	6.03	5.62	5.70	9847275	57057072.000
03/17/2014	5.59	5.95	5.59	5.77	24913104	142239616.000
03/18/2014	5.70	5.78	5.66	5.70	11558962	66043996.000
03/19/2014	5.68	5.75	5.65	5.73	7371871	42013900.000
03/20/2014	5.73	5.75	5.40	5.41	10213576	57136292.000
03/21/2014	5.45	5.56	5.30	5.54	7413249	40159792.000
03/24/2014	5.54	5.56	5.42	5.48	6178218	33860456.000
03/25/2014	5.43	5.55	5.41	5.54	5536694	30466874.000
03/26/2014	5.53	5.66	5.52	5.57	6511760	36436936.000
03/27/2014	5.55	5.56	5.35	5.36	7029544	38244544.000
03/28/2014	5.36	5.40	5.04	5.10	7366748	38307636.000
03/31/2014	5.13	5.15	5.02	5.12	3765780	19185160.000
04/01/2014	5.11	5.23	5.10	5.22	3734922	19375724.000
04/02/2014	5.23	5.31	5.14	5.16	4288520	22385570.000
04/03/2014	5.15	5.29	5.11	5.17	4209646	21874342.000
04/04/2014	5.11	5.23	5.11	5.22	4285614	22221346.000
04/08/2014	5.18	5.31	5.14	5.29	5146815	26994132.000
04/09/2014	5.30	5.52	5.28	5.49	10139353	55096804.000
04/10/2014	5.44	5.49	5.40	5.41	6921031	37629232.000
04/11/2014	5.38	5.38	5.26	5.29	4653739	24725582.000
04/14/2014	5.31	5.38	5.28	5.36	3750225	20082626.000
04/15/2014	5.35	5.54	5.33	5.48	8811890	48218548.000
04/16/2014	5.43	5.48	5.39	5.46	4310917	23384626.000
04/17/2014	5.47	5.49	5.41	5.42	3653230	19917920.000
04/18/2014	5.45	5.61	5.40	5.53	7490782	41301916.000
04/21/2014	5.45	5.49	5.27	5.30	5707030	30784308.000
04/22/2014	5.31	5.36	5.10	5.20	4985485	25905236.000
04/23/2014	5.19	5.23	5.11	5.16	2692897	13909619.000
04/24/2014	5.16	5.21	5.13	5.16	2230285	11528655.000
04/25/2014	5.16	5.33	5.09	5.15	5144565	26952890.000
04/28/2014	5.03	5.03	4.76	4.80	5038386	24560642.000
04/29/2014	4.85	4.88	4.70	4.86	2948645	14185199.000
04/30/2014	4.86	4.93	4.83	4.90	2323734	11371448.000
05/05/2014	4.88	5.15	4.87	5.10	4614828	23265676.000
05/06/2014	5.08	5.22	5.05	5.11	4326391	22230530.000
05/07/2014	5.11	5.15	5.03	5.06	3050736	15513578.000
05/08/2014	5.04	5.18	4.96	5.14	3055696	15638381.000
05/09/2014	5.07	5.13	5.02	5.05	2109567	10653873.000
05/12/2014	5.06	5.17	5.05	5.15	2665209	13613806.000
05/13/2014	5.12	5.17	5.07	5.12	2504897	12839911.000
05/14/2014	5.14	5.16	5.10	5.13	1252708	6420358.000
05/15/2014	5.15	5.15	4.92	4.93	2587214	13034042.000
05/16/2014	4.93	4.98	4.84	4.94	2128634	10469553.000
05/19/2014	4.98	5.04	4.91	5.00	1716531	8537489.000
05/20/2014	5.01	5.13	5.01	5.08	2413327	12276315.000
05/21/2014	5.10	5.12	4.98	5.12	1940858	9834828.000
05/22/2014	5.12	5.19	5.10	5.11	3278597	16893852.000
05/23/2014	5.10	5.16	5.04	5.16	2803136	14314571.000
05/26/2014	5.16	5.33	5.15	5.33	7271303	38321120.000
05/27/2014	5.33	5.36	5.24	5.29	4823942	25519340.000
05/28/2014	5.28	5.45	5.28	5.42	6854555	36897772.000
05/29/2014	5.45	5.45	5.25	5.27	4941531	26402204.000
05/30/2014	5.26	5.40	5.26	5.35	4107561	21977850.000
06/03/2014	5.35	5.54	5.35	5.39	6658737	36374456.000
06/04/2014	5.40	5.54	5.37	5.52	7622959	41678428.000
06/05/2014	5.50	6.06	5.47	5.94	20036637	116604224.000
06/06/2014	5.86	6.22	5.80	6.06	24634418	148331920.000
09/04/2014	6.67	6.67	6.67	6.67	1508180	10059561.000
09/05/2014	7.34	7.34	7.34	7.34	399183	2930003.250
09/09/2014	8.07	8.07	7.43	7.71	47086890	366806752.000
09/10/2014	7.60	7.90	7.49	7.64	23942295	184184560.000
09/11/2014	7.51	7.73	7.43	7.46	19317304	145758528.000
09/12/2014	7.43	7.54	7.21	7.35	18334117	134732688.000
09/15/2014	7.37	7.70	7.37	7.66	21764995	164834656.000
09/16/2014	7.67	7.99	7.36	7.44	26734797	206772464.000
09/17/2014	7.40	7.63	7.13	7.50	16602755	121952824.000
09/18/2014	7.59	8.25	7.55	7.73	33780953	267322496.000
09/19/2014	7.59	7.72	7.46	7.57	15223041	115313576.000
09/22/2014	7.53	7.53	7.26	7.35	10681830	78636184.000
09/23/2014	7.32	7.60	7.30	7.44	11928137	88896224.000
09/24/2014	7.40	7.60	7.34	7.49	9737005	72750176.000
09/25/2014	7.50	7.75	7.44	7.51	14196542	107683112.000
09/26/2014	7.45	7.62	7.40	7.50	7049189	53077700.000
09/29/2014	7.77	7.86	7.60	7.62	15720103	120917128.000
09/30/2014	7.60	8.13	7.58	7.83	24109278	190049440.000
10/08/2014	7.95	8.50	7.86	8.19	22795659	186904528.000
10/09/2014	8.27	8.31	7.91	8.13	16665485	135034992.000
10/10/2014	8.13	8.23	7.97	8.02	11935600	96538264.000
10/13/2014	7.90	8.37	7.70	8.20	14331700	114208792.000
10/14/2014	8.17	8.47	8.11	8.29	19645320	163138544.000
10/15/2014	8.20	8.60	8.16	8.37	29768680	248605536.000
10/16/2014	8.29	8.44	7.86	7.87	28508455	231358880.000
10/17/2014	7.80	7.95	7.50	7.66	11699727	90072968.000
10/20/2014	7.69	8.05	7.61	7.88	8638173	67757000.000
10/21/2014	7.83	8.03	7.74	7.82	8477102	66656624.000
10/22/2014	7.82	8.09	7.76	7.85	14210407	113002368.000
10/23/2014	7.80	8.08	7.62	7.65	13427162	105312888.000
10/24/2014	7.69	7.78	7.31	7.39	12717296	95827696.000
10/27/2014	7.41	7.46	7.29	7.40	8187470	60389252.000
10/28/2014	7.44	7.66	7.42	7.65	7323231	55473600.000
10/29/2014	7.69	8.08	7.68	8.01	21560210	170720048.000
10/30/2014	8.06	8.06	7.89	7.98	13174001	105234216.000
10/31/2014	7.99	8.05	7.78	7.84	7528509	59397708.000
数据来源:通达信
