300137 先河环保 日线
      日期	    开盘	    最高	    最低	    收盘	    成交量	    成交额
11/05/2010	11.46	12.94	11.16	12.26	19808235	634798272.000
11/08/2010	12.56	12.99	12.19	12.52	10767551	369284768.000
11/09/2010	12.26	13.13	12.16	12.70	7407394	254966736.000
11/10/2010	12.88	13.47	12.73	13.07	5802234	206368896.000
11/11/2010	13.50	13.99	13.10	13.20	6695749	246756016.000
11/12/2010	13.04	13.66	12.74	13.44	6412283	230816848.000
11/15/2010	13.59	14.76	13.27	14.66	5666628	215049632.000
11/16/2010	14.37	14.96	13.30	13.59	5077943	194195888.000
11/17/2010	13.26	13.95	13.10	13.21	2866380	104486920.000
11/18/2010	13.44	13.50	12.74	13.17	2293737	81659312.000
11/19/2010	13.17	13.77	12.91	13.63	2875525	104171080.000
11/22/2010	13.61	14.00	13.11	13.46	3471289	128194344.000
11/23/2010	13.55	14.02	13.47	13.99	3510718	131148888.000
11/24/2010	13.84	14.37	13.81	14.13	3220295	123112200.000
11/25/2010	14.18	14.19	13.41	13.67	3614193	134772320.000
11/26/2010	13.52	13.81	13.36	13.60	1800513	66499960.000
11/29/2010	13.48	13.98	13.45	13.79	2169540	80881136.000
11/30/2010	13.78	13.95	12.78	12.98	2455970	88110536.000
12/01/2010	12.89	13.30	12.84	13.25	1560129	55677984.000
12/02/2010	13.45	13.54	13.00	13.04	2191033	78420792.000
12/03/2010	13.04	13.13	12.52	12.66	1711903	59172968.000
12/06/2010	12.67	12.71	12.28	12.54	1426300	48168944.000
12/07/2010	12.48	12.87	12.35	12.76	1397946	48160440.000
12/08/2010	12.71	12.99	12.33	12.37	1536780	53019276.000
12/09/2010	12.39	12.74	12.37	12.65	1590553	54357576.000
12/10/2010	12.63	13.29	12.52	13.15	1927831	67835608.000
12/13/2010	13.43	14.47	13.41	13.98	3574740	135817696.000
12/14/2010	13.92	14.74	13.70	14.62	3914628	152566048.000
12/15/2010	14.56	14.88	14.26	14.55	2144685	84978008.000
12/16/2010	14.50	14.95	14.37	14.75	1813178	72616328.000
12/20/2010	15.11	15.73	14.77	15.15	2605981	107792712.000
12/21/2010	15.18	15.40	14.84	14.95	2057411	84228224.000
12/22/2010	14.79	15.10	14.39	14.53	1640416	65271124.000
12/23/2010	14.54	14.66	14.01	14.03	1499388	57907828.000
12/24/2010	14.00	14.16	13.77	13.92	903018	34320628.000
12/27/2010	13.94	14.36	12.89	13.48	1557844	58096844.000
12/28/2010	13.30	13.62	13.08	13.52	858649	31165404.000
12/29/2010	13.50	13.74	13.37	13.67	707049	26087934.000
12/30/2010	13.69	14.15	13.57	13.93	981245	37185764.000
12/31/2010	13.74	14.17	13.74	14.08	726307	27692302.000
01/04/2011	14.17	14.29	13.84	13.99	2108640	79855704.000
01/05/2011	13.92	14.42	13.48	14.42	2023096	76530984.000
01/06/2011	14.26	14.44	14.12	14.31	1139482	44218236.000
01/07/2011	14.19	14.24	13.45	13.64	834533	31302142.000
01/10/2011	13.62	13.95	13.00	13.00	1526477	55907088.000
01/11/2011	12.96	13.12	12.44	12.75	1061851	36671320.000
01/12/2011	12.83	13.00	12.60	12.85	546679	18985594.000
01/13/2011	12.88	13.03	12.54	12.76	331701	11552191.000
01/14/2011	12.76	12.77	11.73	11.85	1137758	37795324.000
01/17/2011	11.77	11.95	11.42	11.63	574460	18280068.000
01/18/2011	11.63	11.87	11.57	11.82	431245	13815232.000
01/19/2011	11.85	12.26	11.78	12.16	685387	22421858.000
01/20/2011	12.24	12.33	11.34	11.34	491698	15805284.000
01/21/2011	11.38	11.46	10.50	10.84	1405455	41328884.000
01/24/2011	10.73	10.81	10.05	10.07	974767	27293668.000
01/25/2011	9.93	10.28	9.93	10.17	566775	15615084.000
01/26/2011	10.16	10.52	10.16	10.26	879256	24786536.000
01/27/2011	10.24	10.79	10.12	10.75	877552	25120374.000
01/28/2011	10.74	10.74	10.41	10.60	461591	13250691.000
01/31/2011	10.85	11.63	10.85	11.50	1156174	35895636.000
02/01/2011	11.38	11.53	11.22	11.30	573557	17652138.000
02/09/2011	11.00	11.00	10.16	10.86	5379365	153763376.000
02/10/2011	10.56	11.17	10.45	11.08	2713255	79524440.000
02/11/2011	11.05	11.32	10.93	11.02	1578432	47568988.000
02/14/2011	11.00	11.22	10.94	11.15	1389539	41912300.000
02/15/2011	11.15	11.48	11.00	11.39	2334270	71245624.000
02/16/2011	11.27	11.37	11.12	11.35	1662516	50847152.000
02/17/2011	11.35	11.45	11.13	11.34	1418859	43454960.000
02/18/2011	11.16	11.32	10.85	10.98	1958032	58716784.000
02/21/2011	10.88	11.15	10.85	11.13	1125901	33768016.000
02/22/2011	11.15	11.36	11.00	11.34	2219480	67867208.000
02/23/2011	11.26	12.03	11.23	11.82	3184799	101835880.000
02/24/2011	11.85	11.88	11.47	11.66	1459201	46144720.000
02/25/2011	11.66	11.70	11.23	11.38	1124485	34851888.000
02/28/2011	11.37	11.70	11.23	11.59	1086756	34071684.000
03/01/2011	11.66	11.66	11.38	11.45	1150395	35927144.000
03/02/2011	11.43	11.63	11.23	11.32	729370	22461742.000
03/03/2011	11.46	11.46	10.88	10.88	908200	27353848.000
03/04/2011	10.88	11.04	10.54	10.93	1077075	31486910.000
03/07/2011	10.94	11.03	10.86	11.00	761455	22690420.000
03/08/2011	10.98	11.19	10.92	11.11	712141	21386900.000
03/09/2011	11.05	11.21	10.97	11.02	636250	19166534.000
03/10/2011	11.04	11.11	10.85	11.03	1054948	31513842.000
03/11/2011	10.89	11.11	10.89	11.00	589511	17648430.000
03/14/2011	11.15	11.25	10.67	11.08	724844	21823418.000
03/15/2011	11.04	11.77	10.85	11.59	2498553	77230704.000
03/16/2011	11.59	11.66	11.33	11.45	1228471	38286464.000
03/17/2011	11.45	11.58	10.97	11.04	1178930	36060868.000
03/18/2011	11.09	11.34	10.97	11.11	631346	18985550.000
03/21/2011	11.04	11.13	10.93	11.05	387265	11585269.000
03/22/2011	11.11	11.11	10.86	11.00	550098	16412841.000
03/23/2011	10.92	11.08	10.92	11.01	407064	12178261.000
03/24/2011	11.41	11.73	11.21	11.21	2669037	82862088.000
03/25/2011	11.04	11.16	11.00	11.06	1213122	36466708.000
03/28/2011	11.04	11.11	10.76	10.86	1420465	42130404.000
03/29/2011	10.89	10.89	10.23	10.32	1555088	44600168.000
03/30/2011	10.44	10.44	9.98	10.01	1121941	30634992.000
03/31/2011	10.06	10.24	9.93	10.08	672757	18418172.000
04/01/2011	10.10	10.34	9.97	10.27	495502	13670827.000
04/06/2011	10.27	10.27	9.97	10.15	551274	15166760.000
04/07/2011	10.15	10.30	10.01	10.27	656113	18130982.000
04/08/2011	10.26	10.40	10.00	10.32	656585	18371762.000
04/11/2011	10.34	10.47	10.08	10.11	613832	17133836.000
04/12/2011	10.13	10.14	10.00	10.05	489347	13396758.000
04/13/2011	10.09	10.29	10.08	10.26	495212	13766823.000
04/14/2011	10.26	10.28	10.07	10.14	502378	13848976.000
04/15/2011	10.09	10.09	9.86	9.93	954176	25767064.000
04/18/2011	9.90	9.90	9.60	9.67	1119676	29547940.000
04/19/2011	9.60	9.73	9.44	9.47	947708	24556134.000
04/20/2011	9.55	9.63	9.48	9.58	675911	17597048.000
04/21/2011	9.60	9.68	9.52	9.58	654702	17115908.000
04/22/2011	9.66	9.71	9.52	9.56	708592	18572848.000
04/25/2011	9.56	9.60	9.08	9.12	812309	20439406.000
04/27/2011	8.89	9.05	8.20	8.20	2874385	66011704.000
04/28/2011	8.15	8.20	7.76	7.81	2055363	44092364.000
04/29/2011	7.78	7.96	7.78	7.93	876344	18839254.000
05/03/2011	7.94	8.15	7.90	8.08	862548	18828236.000
05/04/2011	8.06	8.06	7.82	7.84	611494	13197985.000
05/05/2011	7.71	7.96	7.71	7.88	533389	11455819.000
05/06/2011	7.86	7.94	7.67	7.87	1568859	33271126.000
05/09/2011	7.87	8.05	7.78	7.88	1046624	17344712.000
05/10/2011	7.89	8.06	7.83	8.01	969798	16204568.000
05/11/2011	8.01	8.19	7.93	8.11	1117696	18868138.000
05/12/2011	8.02	8.11	7.82	7.83	797803	13339457.000
05/13/2011	7.83	7.92	7.48	7.64	1326642	21249210.000
05/16/2011	7.59	7.70	7.55	7.59	638267	10180120.000
05/17/2011	7.55	7.65	7.40	7.49	916313	14408063.000
05/18/2011	7.48	7.61	7.46	7.54	558052	8830220.000
05/19/2011	7.55	7.63	7.49	7.51	563291	8911665.000
05/20/2011	7.49	7.53	7.31	7.42	636016	9907308.000
05/23/2011	7.39	7.61	7.16	7.28	1499546	23091020.000
05/24/2011	7.20	7.61	7.16	7.56	2475293	38580880.000
05/25/2011	7.44	7.51	7.33	7.36	1276791	19864078.000
05/26/2011	7.48	7.58	7.19	7.21	974097	15027336.000
05/27/2011	7.24	7.25	6.92	6.97	913001	13498703.000
05/30/2011	6.96	7.29	6.94	7.11	1039094	15595225.000
05/31/2011	7.16	7.37	7.01	7.37	1390706	20967870.000
06/01/2011	7.39	7.44	7.25	7.37	1277996	19705172.000
06/02/2011	7.25	7.25	7.03	7.11	1185860	17723734.000
06/03/2011	7.08	7.37	7.08	7.37	1241216	18926514.000
06/07/2011	7.33	7.37	7.24	7.31	989386	15134693.000
06/08/2011	7.27	7.34	7.11	7.28	1089264	16395009.000
06/09/2011	7.21	7.48	7.16	7.18	1460629	22364184.000
06/10/2011	7.11	7.13	6.87	7.01	1097864	16133186.000
06/13/2011	7.00	7.09	6.88	7.03	596278	8764030.000
06/14/2011	7.01	7.19	7.01	7.14	714572	10666338.000
06/15/2011	7.16	7.20	7.02	7.06	511308	7627739.500
06/16/2011	7.00	7.00	6.73	6.82	756174	10900724.000
06/17/2011	6.77	6.92	6.76	6.81	486277	6963970.000
06/20/2011	6.81	6.81	6.63	6.69	517333	7294411.000
06/21/2011	6.67	6.76	6.67	6.76	465080	6551693.500
06/22/2011	6.77	6.78	6.63	6.68	308210	4327899.000
06/23/2011	6.68	7.04	6.63	6.96	1324737	19163148.000
06/24/2011	6.94	7.25	6.91	7.19	2165831	32306120.000
06/27/2011	7.29	7.56	7.20	7.46	2585303	40190108.000
06/28/2011	7.48	7.48	7.33	7.45	1174466	18205520.000
06/29/2011	7.46	7.73	7.37	7.43	1579483	24898806.000
06/30/2011	7.58	7.78	7.44	7.54	1996900	31729302.000
07/01/2011	7.59	7.61	7.46	7.51	1158436	18315692.000
07/04/2011	7.58	8.12	7.52	7.82	1820927	29591510.000
07/05/2011	7.82	7.86	7.68	7.75	1371558	22276934.000
07/06/2011	7.71	7.85	7.64	7.81	1124175	18238932.000
07/07/2011	7.81	7.98	7.77	7.86	1975984	32589274.000
07/08/2011	7.83	7.85	7.64	7.69	1435687	23237502.000
07/11/2011	7.97	8.19	7.90	8.01	3480621	58550224.000
07/12/2011	7.88	8.50	7.85	8.20	3873389	66770732.000
07/13/2011	8.12	8.38	8.02	8.34	2957747	50985952.000
07/14/2011	8.38	8.88	8.26	8.83	4504339	80823840.000
07/15/2011	8.95	9.67	8.84	9.11	6849654	132475560.000
07/18/2011	9.11	9.16	8.78	8.80	4022762	75025480.000
07/19/2011	8.68	8.73	8.41	8.45	2462620	44041636.000
07/20/2011	8.56	8.98	8.56	8.63	3326787	60838900.000
07/21/2011	8.50	8.65	8.29	8.30	1820794	32121290.000
07/22/2011	8.31	8.47	8.24	8.33	1105588	19262114.000
07/25/2011	8.31	8.31	7.66	7.78	1716718	28561080.000
07/26/2011	7.78	7.96	7.76	7.88	1236858	20373846.000
07/27/2011	7.78	8.11	7.68	8.07	1317102	22087200.000
07/28/2011	7.97	8.05	7.79	8.02	1136740	18843970.000
07/29/2011	8.08	8.29	7.94	8.02	1657741	28253434.000
08/01/2011	7.82	7.97	7.64	7.88	1479431	24293602.000
08/02/2011	7.84	8.23	7.79	8.16	2655552	44775112.000
08/03/2011	8.02	8.50	7.97	8.43	2820172	49093216.000
08/04/2011	8.38	8.56	8.25	8.38	2343557	41220748.000
08/05/2011	8.12	8.19	7.83	7.92	1733341	29100502.000
08/08/2011	7.83	7.83	7.12	7.13	2325314	35907192.000
08/09/2011	6.92	7.08	6.44	6.96	2753177	39628400.000
08/10/2011	7.13	7.19	6.94	7.00	1643114	24467994.000
08/11/2011	6.71	7.18	6.71	7.18	2066506	30467596.000
08/12/2011	7.30	7.44	7.24	7.25	1852325	28427496.000
08/15/2011	7.31	7.47	7.31	7.41	1541238	23946740.000
08/16/2011	7.45	7.58	7.26	7.33	1525283	23789316.000
08/17/2011	7.33	7.45	7.30	7.41	1170617	18118570.000
08/18/2011	7.49	7.49	7.11	7.13	1356256	20615172.000
08/19/2011	6.75	7.28	6.74	7.28	1681109	24929114.000
08/22/2011	7.54	8.01	7.54	7.87	5672812	94509936.000
08/23/2011	7.71	8.00	7.62	7.97	4335399	70878016.000
08/24/2011	7.97	8.19	7.81	7.84	4279939	71773432.000
08/25/2011	8.07	8.44	7.81	8.02	3965093	66870408.000
08/26/2011	7.95	8.14	7.86	8.03	2497823	42010072.000
08/29/2011	7.93	8.11	7.87	8.06	2073519	34977300.000
08/30/2011	8.07	8.15	7.73	7.77	2173233	36191744.000
08/31/2011	7.80	7.84	7.47	7.55	1629758	26076310.000
09/01/2011	7.56	7.64	7.38	7.43	1156836	18222524.000
09/02/2011	7.39	7.49	7.29	7.42	993001	15352133.000
09/05/2011	7.29	7.35	7.17	7.17	960285	14581316.000
09/06/2011	7.07	7.26	7.07	7.25	867672	13056456.000
09/07/2011	7.29	7.51	7.29	7.50	1521587	23608776.000
09/08/2011	7.69	8.26	7.69	7.87	5697265	95810040.000
09/09/2011	7.64	7.83	7.62	7.74	2419875	39226896.000
09/13/2011	7.56	7.73	7.44	7.67	1331659	21229978.000
09/14/2011	7.71	7.95	7.64	7.94	1879006	30622166.000
09/15/2011	7.95	8.02	7.84	7.87	1892684	31438448.000
09/16/2011	7.96	7.97	7.73	7.79	1422279	23335236.000
09/19/2011	7.78	7.78	7.21	7.24	1505197	23493070.000
09/20/2011	7.24	7.37	7.21	7.25	1056821	16117902.000
09/21/2011	7.28	7.52	7.23	7.49	1144263	17764708.000
09/22/2011	7.40	7.56	7.30	7.38	1214749	18826104.000
09/23/2011	7.30	7.49	7.16	7.38	1301344	20031432.000
09/26/2011	7.26	7.43	7.11	7.16	906515	13830507.000
09/27/2011	7.26	7.30	7.03	7.25	791718	11912583.000
09/28/2011	7.31	7.39	7.00	7.09	659293	9959548.000
09/29/2011	6.96	7.08	6.68	6.68	989909	14227709.000
09/30/2011	6.73	6.75	6.52	6.67	665512	9231241.000
10/10/2011	6.69	6.73	6.59	6.66	378249	5287261.000
10/11/2011	6.87	6.87	6.57	6.67	688173	9747941.000
10/12/2011	6.65	6.95	6.55	6.94	898108	12880824.000
10/13/2011	6.94	7.18	6.92	7.09	1170496	17421822.000
10/14/2011	7.09	7.10	6.96	7.04	837121	12323385.000
10/17/2011	7.14	7.14	6.96	7.06	595978	8783122.000
10/18/2011	6.96	7.19	6.87	6.98	1377701	20469936.000
10/19/2011	6.99	7.06	6.92	7.04	879402	12895197.000
10/20/2011	6.96	7.04	6.73	6.86	885732	12725114.000
10/21/2011	7.34	7.55	7.11	7.22	5905478	91545184.000
10/24/2011	6.94	7.06	6.49	7.05	4194720	59788064.000
10/25/2011	6.91	7.76	6.81	7.76	6568974	102115472.000
10/26/2011	7.97	8.55	7.89	8.55	7309127	126290696.000
10/27/2011	9.11	9.41	9.00	9.13	17180144	330068384.000
10/28/2011	9.13	9.99	9.03	9.90	15432157	304773216.000
10/31/2011	9.70	10.16	9.58	10.14	13486469	278841856.000
11/01/2011	9.84	10.04	9.75	9.89	8310182	172080672.000
11/02/2011	9.60	10.89	9.60	10.55	15252514	322635264.000
11/03/2011	10.26	10.35	9.86	9.91	15098840	318471296.000
11/04/2011	9.81	10.22	9.63	9.84	10726121	222496576.000
11/07/2011	9.70	10.24	9.66	10.07	14499723	301893152.000
11/08/2011	9.75	9.80	9.29	9.34	19629996	392902944.000
11/09/2011	9.39	9.73	9.32	9.63	15632071	312030496.000
11/10/2011	9.55	10.22	9.52	9.53	21474525	445267104.000
11/11/2011	9.26	9.54	9.06	9.37	11454491	221978448.000
11/14/2011	9.68	9.79	9.38	9.51	11362871	227768976.000
11/15/2011	9.51	10.23	9.41	10.06	17115663	354278752.000
11/16/2011	9.97	9.97	9.56	9.73	10653754	217121696.000
11/17/2011	10.05	10.71	9.90	10.34	25688184	560424320.000
11/18/2011	10.09	10.24	9.77	9.91	14494027	302691328.000
11/21/2011	9.83	9.97	8.92	9.01	15130899	289861792.000
11/22/2011	8.84	9.17	8.71	9.12	8857981	166901888.000
11/23/2011	9.15	9.20	8.90	8.94	6239942	117946840.000
11/24/2011	8.72	9.16	8.72	8.96	6755276	126449288.000
11/25/2011	8.94	9.15	8.84	9.07	7740081	146200816.000
11/28/2011	9.22	9.30	9.06	9.12	7285393	139449232.000
11/29/2011	9.13	9.21	8.60	8.92	9121689	168385056.000
11/30/2011	8.86	9.00	8.02	8.31	9083760	163088752.000
12/01/2011	8.69	9.15	8.53	9.15	17087607	320802368.000
12/02/2011	8.96	9.26	8.71	8.81	12716063	239814960.000
12/05/2011	8.71	8.78	8.12	8.41	6997980	123278768.000
12/06/2011	8.35	9.06	8.26	8.86	11308173	206722592.000
12/07/2011	8.81	9.36	8.79	9.06	11936954	227716336.000
12/08/2011	8.84	9.70	8.61	9.20	13342352	256657440.000
12/09/2011	9.07	10.09	8.99	9.88	21199718	429662336.000
12/12/2011	9.80	9.96	9.63	9.70	12238588	250195664.000
12/13/2011	9.53	9.94	9.13	9.78	15048105	302336512.000
12/14/2011	9.65	9.85	8.84	8.87	13987241	275681984.000
12/15/2011	8.61	9.13	8.60	8.66	9609686	177678048.000
12/16/2011	8.71	9.53	8.60	9.53	12787399	244349904.000
12/19/2011	9.68	10.33	9.56	10.20	20883242	431080064.000
12/20/2011	10.04	10.16	9.62	9.85	15755009	327479680.000
12/21/2011	10.10	10.27	9.74	9.79	17563737	367476064.000
12/22/2011	9.61	10.47	9.27	10.27	21651000	449438336.000
12/23/2011	10.10	10.46	9.80	10.01	17141273	362144704.000
12/26/2011	9.83	9.99	9.37	9.42	11535505	233739504.000
12/27/2011	9.22	9.69	8.90	9.16	11394156	222103536.000
12/28/2011	9.02	9.05	8.33	8.78	10447264	190096992.000
12/29/2011	8.65	8.81	8.43	8.43	7784372	140366688.000
12/30/2011	8.43	8.77	8.41	8.53	7801762	140118256.000
01/04/2012	8.66	8.84	8.13	8.23	8907464	160674656.000
01/05/2012	7.97	7.97	7.41	7.41	10497322	168375040.000
01/06/2012	7.28	7.61	7.28	7.53	6651918	103741304.000
01/09/2012	7.48	7.88	7.45	7.86	7953301	128664448.000
01/10/2012	7.83	8.23	7.80	8.10	10487186	177254464.000
01/11/2012	8.07	8.80	7.91	8.31	11445945	200170064.000
01/12/2012	8.19	8.49	8.12	8.33	8978149	156312624.000
01/13/2012	8.29	8.40	7.50	7.53	9751603	160825344.000
01/16/2012	7.30	7.42	6.77	6.77	6668282	99526640.000
01/17/2012	6.76	7.35	6.68	7.29	7614128	112181976.000
01/18/2012	7.31	7.35	6.68	6.76	8274147	122245072.000
01/19/2012	6.78	6.94	6.48	6.86	6985109	99195640.000
01/20/2012	6.78	7.13	6.78	6.99	6213677	91402712.000
01/30/2012	7.11	7.19	6.99	7.02	4830155	71749712.000
01/31/2012	7.02	7.09	6.74	7.06	4757240	68660160.000
02/01/2012	7.00	7.43	6.94	7.17	9137567	138821056.000
02/02/2012	7.18	7.32	7.01	7.32	7031996	106047792.000
02/03/2012	7.34	7.54	7.25	7.47	8662766	134289856.000
02/06/2012	7.56	7.69	7.35	7.47	7464292	117586992.000
02/07/2012	7.40	7.58	7.30	7.49	6955655	108150848.000
02/08/2012	7.49	7.76	7.34	7.64	8634229	137059072.000
02/09/2012	7.69	7.92	7.64	7.70	11341843	184272048.000
02/10/2012	7.70	7.75	7.52	7.68	7955507	127003048.000
02/13/2012	7.59	7.88	7.54	7.80	8186255	132909112.000
02/14/2012	7.79	7.80	7.59	7.66	5594525	90014680.000
02/15/2012	7.64	8.09	7.59	7.94	11141468	183226016.000
02/16/2012	7.88	7.95	7.74	7.82	7623404	125093216.000
02/17/2012	7.84	7.89	7.59	7.68	4606684	74360848.000
02/20/2012	7.78	7.84	7.70	7.70	5819048	94677744.000
02/21/2012	7.69	8.12	7.66	7.95	9277862	153583072.000
02/22/2012	7.97	8.35	7.90	8.27	13808902	236341024.000
02/23/2012	8.19	8.26	7.98	8.11	10460833	178156560.000
02/24/2012	8.09	8.93	8.07	8.45	13549173	242469904.000
02/27/2012	8.45	8.55	8.35	8.53	10254977	181358608.000
02/28/2012	8.60	9.27	8.55	8.89	18577573	345036800.000
02/29/2012	8.81	8.92	8.65	8.89	9762019	179359456.000
03/01/2012	9.14	9.29	8.74	8.79	14652583	275922432.000
03/02/2012	8.86	9.13	8.85	9.11	10977151	207518816.000
03/05/2012	9.42	9.64	9.16	9.25	13091451	256850672.000
03/06/2012	9.13	9.16	8.88	8.98	8595745	161719824.000
03/07/2012	8.87	9.21	8.81	8.84	8522317	160618224.000
03/08/2012	8.84	9.15	8.84	9.10	7495982	141010176.000
03/09/2012	9.21	9.22	8.99	9.11	6597390	125298592.000
03/12/2012	9.17	9.17	8.89	9.03	6078283	114661760.000
03/13/2012	8.99	9.30	8.98	9.15	9496674	182345552.000
03/14/2012	9.20	9.20	8.36	8.48	11678308	215274592.000
03/15/2012	8.45	8.56	7.97	8.07	8538599	146117680.000
03/16/2012	8.23	8.44	8.09	8.36	7418533	128901408.000
03/19/2012	8.31	8.54	8.14	8.47	6397796	111780928.000
03/20/2012	8.40	8.41	8.07	8.10	5186236	89092256.000
03/21/2012	8.18	8.24	7.88	8.07	3967509	66998752.000
03/22/2012	8.09	8.25	7.95	8.12	3793068	64739808.000
03/23/2012	8.03	8.11	7.88	7.88	3408316	56847276.000
03/26/2012	7.88	7.94	7.73	7.82	2438978	40051116.000
03/27/2012	7.97	8.01	7.88	7.95	3579985	59625456.000
03/28/2012	7.89	8.01	7.54	7.63	4380322	71583168.000
03/29/2012	7.56	7.62	7.23	7.57	3797260	59292768.000
03/30/2012	7.57	7.62	7.31	7.60	3184696	50058780.000
04/05/2012	7.49	7.83	7.34	7.83	5068678	81091736.000
04/06/2012	7.81	7.82	7.66	7.73	4295347	69543504.000
04/09/2012	7.68	7.69	7.40	7.41	2730709	43096412.000
04/10/2012	7.39	7.48	7.11	7.43	3199236	48923176.000
04/11/2012	7.25	7.41	7.23	7.31	2117301	32439530.000
04/12/2012	7.31	7.54	7.26	7.51	3877051	60389260.000
04/13/2012	7.53	7.76	7.44	7.59	4607674	73514992.000
04/16/2012	7.50	7.62	7.46	7.56	2528386	40002400.000
04/17/2012	7.61	7.78	7.56	7.61	4214385	67836136.000
04/18/2012	7.61	7.81	7.60	7.77	3824350	61871272.000
04/19/2012	7.78	7.93	7.72	7.93	4781629	78576696.000
04/20/2012	7.92	7.94	7.76	7.89	4588600	75448896.000
04/23/2012	7.77	7.77	7.10	7.10	8001276	121718200.000
04/24/2012	6.91	6.93	6.57	6.75	5495577	77598512.000
04/25/2012	6.70	6.84	6.68	6.74	3116340	44145996.000
04/26/2012	6.75	6.91	6.72	6.83	3130860	44656316.000
04/27/2012	6.81	6.96	6.77	6.84	2334679	33676320.000
05/02/2012	6.94	6.97	6.82	6.86	1869645	26973344.000
05/03/2012	6.86	6.93	6.65	6.82	3292694	46803080.000
05/04/2012	7.03	7.35	7.03	7.16	6840971	103132472.000
05/07/2012	7.06	7.45	7.04	7.44	7881186	120977776.000
05/08/2012	7.46	7.81	7.31	7.40	8887703	141609760.000
05/09/2012	7.38	7.57	7.03	7.22	5957232	90357832.000
05/10/2012	7.13	7.23	7.10	7.14	2286905	34301388.000
05/11/2012	7.14	7.32	7.13	7.17	2824283	42787636.000
05/14/2012	7.24	7.52	7.19	7.34	4066099	62378928.000
05/15/2012	7.22	7.28	7.04	7.12	3085571	46069368.000
05/16/2012	7.09	7.20	6.87	6.87	2254521	33272420.000
05/17/2012	6.87	7.08	6.87	7.06	2133361	31337788.000
05/18/2012	7.06	7.51	6.97	7.29	6733218	103142344.000
05/21/2012	7.30	7.35	6.90	7.08	4223368	62316768.000
05/22/2012	7.11	7.18	6.98	7.06	3028130	44857636.000
05/23/2012	7.06	7.08	6.91	6.97	2105974	30822590.000
05/24/2012	6.94	7.19	6.93	7.08	3165274	46902716.000
05/25/2012	7.20	7.30	7.04	7.06	3918036	59072784.000
05/28/2012	7.22	7.40	7.20	7.32	5856827	89443600.000
05/29/2012	7.29	7.49	7.28	7.42	5927110	91776512.000
05/30/2012	7.39	7.88	7.33	7.60	9482125	151340352.000
05/31/2012	7.52	7.79	7.46	7.51	8384774	134276992.000
06/01/2012	7.52	7.60	7.30	7.31	5178233	80119944.000
06/04/2012	7.14	7.40	7.06	7.16	3948214	59545848.000
06/05/2012	7.22	7.22	6.99	7.09	2766264	41054536.000
06/06/2012	7.16	7.22	7.01	7.06	2244339	33378680.000
06/07/2012	7.15	7.34	7.01	7.08	4815047	72318416.000
06/08/2012	7.22	7.28	7.10	7.24	4463264	67344112.000
06/11/2012	7.28	7.97	7.22	7.97	12373393	199389520.000
06/12/2012	8.10	8.10	7.63	7.71	13598541	222839328.000
06/13/2012	7.78	8.24	7.74	8.00	13704003	230294032.000
06/14/2012	7.88	8.06	7.74	7.77	7382663	121795208.000
06/15/2012	7.78	7.83	7.50	7.77	6755087	108721224.000
06/18/2012	7.77	8.06	7.69	7.95	7959342	131571112.000
06/19/2012	7.93	7.93	7.66	7.71	5559980	90314496.000
06/20/2012	7.76	7.87	7.63	7.66	3959676	64139196.000
06/21/2012	7.55	7.69	7.40	7.42	3811769	59794800.000
06/25/2012	7.41	7.56	7.15	7.19	3354886	51884760.000
06/26/2012	7.11	7.16	6.89	7.12	3426957	50519696.000
06/27/2012	7.08	7.20	7.01	7.02	2619191	39046872.000
06/28/2012	7.06	7.19	6.99	6.99	2619074	38926856.000
06/29/2012	6.96	7.14	6.75	7.09	2699583	39492712.000
07/02/2012	7.15	7.34	7.11	7.24	3261671	49443724.000
07/03/2012	7.22	7.30	7.11	7.15	2725434	41198324.000
07/04/2012	7.18	7.25	7.04	7.06	2106912	31459288.000
07/05/2012	7.09	7.25	7.01	7.06	3283356	49066140.000
07/06/2012	7.09	7.19	6.81	7.18	3844060	56223976.000
07/09/2012	7.10	7.12	6.75	6.76	2598552	37876116.000
07/10/2012	6.74	6.96	6.72	6.77	1642592	23408776.000
07/11/2012	6.78	6.84	6.72	6.82	1222112	17382548.000
07/12/2012	6.84	6.99	6.79	6.94	2679950	38866536.000
07/13/2012	6.91	6.96	6.78	6.78	1904853	27301254.000
07/16/2012	6.75	6.75	6.10	6.10	5029559	66680980.000
07/17/2012	6.00	6.14	5.96	6.10	1540094	19596102.000
07/18/2012	6.10	6.10	5.94	6.10	1554973	19670454.000
07/19/2012	6.09	6.23	6.05	6.13	1894396	24478892.000
07/20/2012	6.18	6.31	6.10	6.15	1410012	18283032.000
07/23/2012	6.21	6.31	6.12	6.19	1733456	22587636.000
07/24/2012	6.12	6.26	6.09	6.20	1235346	15974315.000
07/25/2012	6.18	6.35	6.13	6.25	2244950	29390372.000
07/26/2012	6.22	6.29	6.18	6.19	1284567	16679592.000
07/27/2012	6.15	6.22	6.11	6.13	901151	11595012.000
07/30/2012	6.13	6.19	5.80	5.82	1494198	18508536.000
07/31/2012	5.81	5.83	5.40	5.54	1938504	22573350.000
08/01/2012	5.52	5.67	5.50	5.62	1094691	12836994.000
08/02/2012	5.58	6.19	5.43	5.94	3818479	46363396.000
08/03/2012	5.79	6.00	5.76	5.99	2780573	34367200.000
08/06/2012	5.92	6.15	5.88	6.10	2897108	36703708.000
08/07/2012	6.10	6.14	6.02	6.10	2144865	27248944.000
08/08/2012	6.10	6.13	5.95	6.00	1559879	19704374.000
08/09/2012	6.03	6.09	5.91	6.09	2269812	28610396.000
08/10/2012	6.07	6.10	5.97	6.01	1647527	20726490.000
08/13/2012	5.99	6.06	5.77	5.77	1678605	20764196.000
08/14/2012	5.72	5.82	5.56	5.81	1992136	23718894.000
08/15/2012	5.79	5.82	5.69	5.70	1139373	13697742.000
08/16/2012	5.70	5.73	5.64	5.67	976341	11600417.000
08/17/2012	5.67	5.73	5.63	5.72	849744	10087372.000
08/20/2012	5.65	5.83	5.64	5.80	1155186	13877978.000
08/21/2012	5.79	6.06	5.76	5.94	2382329	29519362.000
08/22/2012	6.31	6.54	6.31	6.54	6100416	83160320.000
08/23/2012	6.63	6.66	6.34	6.52	9464084	128563896.000
08/24/2012	6.31	6.51	6.25	6.26	4963055	66074688.000
08/27/2012	6.18	6.56	6.12	6.29	5862516	78315688.000
08/28/2012	6.22	6.42	6.12	6.41	3841030	50568516.000
08/29/2012	6.41	6.53	6.27	6.31	3809731	51048920.000
08/30/2012	6.27	6.32	5.75	5.87	4376259	55062764.000
08/31/2012	5.86	5.93	5.81	5.88	1658697	20353456.000
09/03/2012	5.79	6.06	5.74	5.99	2205362	27435324.000
09/04/2012	5.99	6.19	5.94	6.08	3507330	44512988.000
09/05/2012	6.04	6.17	5.91	6.13	2752560	34981368.000
09/06/2012	6.16	6.36	6.14	6.31	3797828	49764052.000
09/07/2012	6.45	6.81	6.31	6.67	7946114	108679272.000
09/10/2012	6.60	6.67	6.49	6.58	5612295	77103384.000
09/11/2012	6.57	6.57	6.46	6.51	2938003	39974384.000
09/12/2012	6.56	6.65	6.46	6.62	3688881	50697384.000
09/13/2012	6.58	6.61	6.32	6.33	4772237	64377688.000
09/14/2012	6.39	6.41	6.21	6.35	2734528	36223956.000
09/17/2012	6.35	6.35	6.05	6.06	2317590	29855838.000
09/18/2012	6.05	6.14	5.98	6.06	1358431	17243050.000
09/19/2012	6.08	6.30	6.06	6.29	3170146	41146252.000
09/20/2012	6.21	6.23	5.91	5.97	2518100	31936366.000
09/21/2012	5.90	5.97	5.74	5.75	1730335	21204860.000
09/24/2012	5.74	5.85	5.64	5.82	1054047	12731010.000
09/25/2012	5.82	5.87	5.67	5.71	1170380	14116885.000
09/26/2012	5.69	5.76	5.49	5.50	1346320	15723867.000
09/27/2012	5.47	5.70	5.47	5.65	1742268	20465868.000
09/28/2012	5.69	5.91	5.65	5.84	2404536	29313936.000
10/08/2012	5.88	5.90	5.77	5.81	1274233	15493150.000
10/09/2012	5.83	6.02	5.81	5.98	2043722	25412430.000
10/10/2012	6.04	6.07	5.94	6.01	2067502	25934058.000
10/11/2012	6.00	6.00	5.82	5.84	2243911	27723366.000
10/12/2012	5.82	5.98	5.75	5.90	1230247	15091029.000
10/15/2012	5.93	5.97	5.74	5.84	1387107	16964616.000
10/16/2012	5.88	5.92	5.79	5.82	1297490	15904834.000
10/17/2012	5.83	5.88	5.75	5.84	1094222	13309514.000
10/18/2012	5.86	5.98	5.83	5.97	2187326	27123480.000
10/19/2012	5.95	6.08	5.89	6.07	2603177	32623102.000
10/22/2012	5.98	6.04	5.91	6.02	2437085	30434054.000
10/23/2012	6.02	6.48	5.98	6.15	6850449	88894800.000
10/24/2012	6.06	6.12	5.95	6.02	3420780	43138740.000
10/25/2012	6.00	6.15	5.93	6.07	2534406	31988814.000
10/26/2012	6.12	6.17	5.95	6.05	2697498	34225896.000
10/29/2012	5.98	6.01	5.74	5.79	2019253	24736938.000
10/30/2012	5.77	5.91	5.75	5.90	1618922	19787398.000
10/31/2012	5.88	6.01	5.85	5.98	2641761	32793588.000
11/01/2012	6.17	6.45	6.12	6.27	7690510	100804928.000
11/02/2012	6.17	6.20	6.08	6.12	4431512	56810732.000
11/05/2012	6.03	6.16	6.03	6.15	2502271	31862694.000
11/06/2012	6.15	6.22	6.00	6.11	2102356	26699376.000
11/07/2012	6.36	6.36	6.12	6.16	5086131	66320792.000
11/08/2012	6.04	6.10	5.83	5.86	2510254	31357120.000
11/09/2012	5.84	5.95	5.83	5.90	1301361	16013196.000
11/12/2012	5.97	6.43	5.91	6.21	5882533	76321944.000
11/13/2012	6.17	6.29	6.03	6.05	3648850	47065028.000
11/14/2012	5.98	6.31	5.85	6.25	4678714	59554036.000
11/15/2012	6.11	6.56	6.05	6.26	8844729	117332920.000
11/16/2012	6.30	6.48	6.25	6.45	7946945	105912320.000
11/19/2012	6.31	6.63	6.26	6.60	9507901	129293616.000
11/20/2012	6.70	6.75	6.44	6.47	8202982	112413888.000
11/21/2012	6.43	6.52	6.28	6.51	5012224	67056888.000
11/22/2012	6.46	6.51	6.32	6.35	3342722	44816268.000
11/23/2012	6.56	6.60	6.38	6.39	4647403	62892652.000
11/26/2012	6.29	6.43	6.24	6.25	3630514	47834584.000
11/27/2012	6.18	6.20	5.62	5.62	6328099	77421576.000
11/28/2012	5.52	5.59	5.43	5.52	2943598	33933864.000
11/29/2012	5.55	5.64	5.44	5.45	2227598	25826192.000
11/30/2012	5.49	5.53	5.41	5.50	2324211	26593174.000
12/03/2012	5.55	5.59	5.27	5.30	2554520	29373330.000
12/04/2012	5.26	5.57	4.98	5.57	4141638	45418660.000
12/05/2012	5.49	5.83	5.41	5.82	5968307	71131072.000
12/06/2012	5.92	5.92	5.77	5.81	4433262	54112600.000
12/07/2012	5.79	5.96	5.67	5.90	4437278	54415280.000
12/10/2012	5.88	6.14	5.84	6.05	4455751	55747976.000
12/11/2012	5.98	6.19	5.87	6.19	5718531	72091184.000
12/12/2012	6.11	6.31	6.00	6.23	6177269	79464016.000
12/13/2012	6.22	6.23	5.94	5.95	4529042	57630892.000
12/14/2012	5.87	6.24	5.86	6.21	5176435	66358156.000
12/17/2012	6.22	6.27	6.07	6.16	3942462	50976508.000
12/18/2012	6.15	6.30	6.06	6.10	4296115	55513628.000
12/19/2012	6.07	6.21	6.02	6.08	2842440	36264460.000
12/20/2012	6.06	6.14	6.01	6.10	2754367	34961448.000
12/21/2012	6.12	6.26	6.07	6.16	4178856	53927204.000
12/24/2012	6.13	6.29	6.08	6.22	3320855	43204940.000
12/25/2012	6.23	6.53	6.19	6.42	5709281	76387360.000
12/26/2012	6.39	6.60	6.33	6.56	6411949	86436736.000
12/27/2012	6.55	6.58	6.28	6.29	5040078	67518872.000
12/28/2012	6.30	6.60	6.24	6.49	5829939	78680592.000
12/31/2012	6.60	6.68	6.46	6.51	5407254	73987688.000
01/04/2013	6.57	6.62	6.31	6.35	4283166	57181088.000
01/07/2013	6.40	6.55	6.36	6.49	4249851	57468776.000
01/08/2013	6.55	7.15	6.42	6.86	16159085	235508240.000
01/09/2013	6.70	6.98	6.65	6.77	11048205	157429488.000
01/10/2013	6.75	6.84	6.63	6.72	5669315	79598568.000
01/11/2013	6.71	6.84	6.61	6.63	4940283	69448328.000
01/14/2013	7.30	7.30	7.18	7.30	17768467	270259296.000
01/15/2013	7.52	8.04	7.46	8.04	28136094	460028928.000
01/16/2013	8.19	8.24	7.61	7.76	19262210	314507232.000
01/17/2013	7.70	7.80	7.32	7.37	10377124	163348064.000
01/18/2013	7.47	7.55	7.24	7.50	9131973	142143760.000
01/21/2013	7.57	7.82	7.54	7.78	12951872	208606848.000
01/22/2013	7.72	7.72	7.39	7.57	9493764	148805200.000
01/23/2013	7.61	7.94	7.61	7.76	11731276	190683344.000
01/24/2013	7.73	7.85	7.44	7.61	9597163	152293392.000
01/25/2013	7.67	7.81	7.44	7.44	9057187	144949280.000
01/28/2013	7.47	7.64	7.29	7.64	6281892	98203568.000
01/29/2013	7.71	7.93	7.64	7.70	8636069	140128528.000
01/30/2013	7.71	7.73	7.44	7.50	7053697	110909416.000
01/31/2013	7.55	7.89	7.47	7.73	9899398	159273744.000
02/01/2013	7.66	7.86	7.59	7.70	7881042	127533880.000
02/04/2013	7.69	7.75	7.47	7.71	6075537	96582416.000
02/05/2013	7.58	7.81	7.50	7.77	5617960	90007904.000
02/06/2013	7.84	8.08	7.75	7.93	9898690	163472896.000
02/07/2013	7.94	7.96	7.74	7.82	5435963	89002888.000
02/08/2013	7.81	8.14	7.77	8.04	8085125	135105296.000
02/18/2013	8.09	8.50	8.05	8.28	11543002	199886704.000
02/19/2013	8.27	8.27	7.98	7.99	7284032	123006416.000
02/20/2013	8.00	8.35	8.00	8.14	8292707	141757024.000
02/21/2013	8.08	8.22	7.83	7.96	6720166	112596496.000
02/22/2013	7.95	8.08	7.88	7.95	4738686	78951808.000
02/25/2013	8.08	8.46	8.08	8.45	12636428	219965264.000
02/26/2013	8.44	8.60	8.24	8.26	9920990	173789360.000
02/27/2013	8.32	8.51	8.15	8.38	6239132	108149192.000
02/28/2013	8.38	8.62	8.26	8.60	8570128	151511680.000
03/01/2013	8.63	9.01	8.58	8.93	11550868	212336432.000
03/04/2013	8.79	9.19	8.51	8.61	12566435	232378800.000
03/05/2013	8.57	8.66	8.17	8.55	6879319	121200952.000
03/06/2013	8.54	8.54	8.27	8.43	6366071	111662672.000
03/07/2013	8.41	8.50	8.02	8.12	6648894	114181640.000
03/08/2013	8.11	8.21	7.95	7.96	3762338	63380444.000
03/11/2013	8.04	8.18	7.96	8.00	3030184	51090968.000
03/12/2013	8.02	8.08	7.37	7.60	7622279	122028176.000
03/13/2013	7.52	7.52	7.23	7.42	4979873	76639024.000
03/14/2013	7.44	7.57	7.42	7.52	3704692	58120468.000
03/15/2013	7.52	7.80	7.43	7.58	4444473	70813472.000
03/18/2013	7.60	7.94	7.58	7.68	4713998	76446824.000
03/19/2013	7.71	7.83	7.45	7.72	3802695	60861532.000
03/20/2013	7.75	7.98	7.66	7.96	5874526	96070424.000
03/21/2013	7.93	8.33	7.88	8.09	8053398	136943008.000
03/22/2013	8.08	8.08	7.88	7.92	4406193	73120216.000
03/25/2013	8.12	8.28	8.06	8.14	6938250	118261536.000
03/26/2013	8.11	8.11	7.81	7.91	3584453	59456720.000
03/27/2013	7.95	8.07	7.90	7.95	2789945	46441256.000
03/28/2013	7.91	7.91	7.63	7.64	3574889	57853752.000
03/29/2013	7.71	7.77	7.40	7.44	3268254	51479384.000
04/01/2013	7.46	7.69	7.46	7.61	2366461	37490344.000
04/02/2013	7.61	7.71	7.38	7.40	2767317	43558516.000
04/03/2013	7.39	7.45	7.19	7.32	2434548	37086364.000
04/08/2013	6.78	6.96	6.59	6.87	4958641	69754368.000
04/09/2013	6.84	6.96	6.79	6.94	2661162	38295852.000
04/10/2013	6.87	6.94	6.70	6.79	2448989	34831540.000
04/11/2013	6.80	6.93	6.79	6.81	2003445	28672192.000
04/12/2013	6.85	6.88	6.63	6.65	1757251	24740930.000
04/15/2013	6.58	6.58	6.32	6.38	2684129	35918292.000
04/16/2013	6.27	6.53	6.26	6.50	1623175	21801832.000
04/17/2013	6.47	6.70	6.47	6.67	2586404	35780444.000
04/18/2013	6.65	6.91	6.58	6.87	3026304	43172068.000
04/19/2013	6.87	7.05	6.80	6.99	3433579	49965084.000
04/22/2013	6.99	6.99	6.85	6.94	2075560	29925338.000
04/23/2013	6.82	7.01	6.51	6.61	2137116	30211902.000
04/24/2013	6.62	6.84	6.61	6.81	1834213	25949466.000
04/25/2013	6.75	6.77	6.60	6.62	1846517	25798458.000
04/26/2013	6.62	6.69	6.46	6.47	1406143	19163482.000
05/02/2013	6.47	6.55	6.31	6.54	1087067	14683226.000
05/03/2013	6.58	6.78	6.56	6.67	1503216	21026508.000
05/06/2013	6.69	6.94	6.65	6.88	2161798	30723184.000
05/07/2013	6.90	7.23	6.85	7.16	5198497	77164760.000
05/08/2013	7.19	7.20	7.01	7.11	2613346	38690812.000
05/09/2013	7.11	7.53	7.11	7.47	6359554	98619712.000
05/10/2013	7.46	7.96	7.33	7.56	5012657	80735400.000
05/13/2013	7.56	7.67	7.34	7.67	3496026	54984624.000
05/14/2013	7.63	7.63	7.31	7.37	1930617	29973474.000
05/15/2013	7.41	7.59	7.41	7.51	2003748	31437680.000
05/16/2013	7.51	7.63	7.31	7.36	2834226	44081520.000
05/17/2013	7.36	7.47	7.30	7.38	3706897	57165880.000
05/20/2013	7.39	7.73	7.39	7.71	4747202	75183760.000
05/21/2013	7.69	7.95	7.61	7.83	3841060	62344552.000
05/22/2013	7.77	7.82	7.53	7.72	3029450	48415288.000
05/23/2013	7.69	7.69	7.42	7.47	3774637	59475752.000
05/24/2013	7.41	7.59	7.41	7.55	2269725	35576784.000
05/27/2013	7.59	7.81	7.59	7.67	3450218	55525612.000
05/28/2013	7.75	7.79	7.37	7.43	2460825	38573064.000
05/29/2013	7.49	7.60	7.43	7.53	2529529	39777476.000
05/30/2013	7.55	7.78	7.46	7.70	3542104	56465740.000
05/31/2013	7.69	8.06	7.64	7.90	7423689	122600008.000
06/03/2013	7.90	8.02	7.69	7.71	2855343	46534544.000
06/04/2013	7.79	7.90	7.42	7.49	3700209	59011616.000
06/05/2013	7.44	7.56	7.28	7.32	3041356	46903408.000
06/06/2013	7.32	7.37	7.15	7.27	2350716	35660664.000
06/07/2013	7.25	7.33	7.07	7.13	2533458	38084036.000
06/13/2013	7.08	7.08	6.80	7.01	1970697	28690100.000
06/14/2013	6.98	7.72	6.98	7.72	5546548	87370664.000
06/17/2013	8.06	8.44	7.84	8.21	13590498	230814704.000
06/18/2013	8.12	8.58	8.08	8.50	10206315	177967520.000
06/19/2013	8.33	8.50	8.14	8.47	9364464	163742576.000
06/20/2013	8.32	8.49	7.98	8.06	5409141	92822208.000
06/21/2013	7.85	8.74	7.72	8.71	8278222	143090944.000
06/24/2013	8.55	8.60	7.84	7.84	7836116	134578304.000
06/25/2013	7.49	8.04	7.05	7.73	9273318	143511040.000
06/26/2013	7.67	8.37	7.56	8.27	8952025	149047824.000
06/27/2013	8.27	8.67	7.90	8.35	10599141	183770896.000
06/28/2013	8.19	9.10	8.14	8.95	14083398	258927152.000
07/01/2013	8.81	9.58	8.63	9.58	11858439	226002048.000
07/02/2013	9.43	9.96	9.25	9.56	10124755	201002928.000
07/03/2013	9.46	9.70	9.13	9.50	7634177	150811584.000
07/04/2013	9.51	9.54	9.21	9.38	6211109	121256552.000
07/05/2013	9.29	9.89	9.28	9.39	12013006	184202464.000
07/08/2013	9.14	9.14	8.45	8.48	8060391	113429920.000
07/09/2013	8.48	8.81	8.33	8.64	7856220	107764064.000
07/10/2013	8.58	9.08	8.41	9.01	10361171	144928608.000
07/11/2013	8.95	9.27	8.72	9.18	11550188	167364560.000
07/12/2013	9.04	10.09	9.03	9.90	17422301	273515328.000
07/15/2013	10.01	10.45	9.83	10.08	16215215	262555952.000
07/16/2013	10.03	10.19	9.91	10.14	9313589	149959600.000
07/17/2013	10.06	10.19	9.61	9.85	7744621	123279296.000
07/18/2013	9.73	10.06	9.68	9.76	5988470	95003144.000
07/19/2013	9.78	10.66	9.78	9.97	15993685	260423296.000
07/22/2013	9.78	10.28	9.18	10.26	28131598	443374016.000
07/23/2013	10.09	10.33	9.88	10.13	18039679	291988800.000
07/24/2013	10.14	10.71	10.08	10.58	26399610	442240288.000
07/25/2013	10.53	10.53	9.66	9.70	19352961	311611776.000
07/26/2013	9.56	9.79	9.22	9.58	10114894	154323920.000
07/29/2013	9.58	9.58	8.98	8.99	8152377	121053488.000
07/30/2013	9.01	9.18	8.66	8.84	7041836	100102592.000
07/31/2013	8.97	9.45	8.84	9.13	8590885	126625096.000
08/01/2013	9.25	9.53	9.11	9.44	11844014	176809456.000
08/02/2013	9.44	9.59	9.25	9.33	9752422	147240160.000
08/05/2013	9.33	9.52	9.26	9.42	5732689	86636352.000
08/06/2013	9.41	9.50	9.30	9.43	7461679	112671768.000
08/07/2013	9.51	9.53	9.04	9.16	9331933	138142240.000
08/08/2013	9.09	9.33	9.04	9.19	5277397	77864664.000
08/09/2013	9.25	9.28	8.88	9.09	6181638	90479000.000
08/12/2013	9.31	9.53	9.18	9.21	8329840	124417584.000
08/13/2013	9.13	9.31	9.13	9.21	4447267	65859016.000
08/14/2013	9.09	9.25	8.98	9.13	6858950	99867672.000
08/15/2013	9.13	9.16	8.89	8.92	4834658	69753864.000
08/16/2013	9.11	9.20	8.89	8.95	7655306	111288296.000
08/19/2013	8.85	9.11	8.81	9.06	5524265	80065552.000
08/20/2013	9.05	9.56	8.97	9.43	13801032	206236192.000
08/21/2013	9.38	9.64	9.29	9.44	12539176	190544528.000
08/22/2013	9.38	9.38	9.24	9.29	6191499	92515472.000
08/23/2013	9.29	9.58	9.09	9.57	12013458	180759232.000
08/26/2013	9.69	9.81	9.47	9.68	14292946	220829456.000
08/27/2013	9.61	9.71	9.42	9.53	8104095	123897016.000
08/28/2013	9.41	9.50	9.27	9.28	6430237	96978048.000
08/29/2013	9.28	9.53	9.23	9.34	5148628	77596904.000
08/30/2013	9.34	9.37	8.72	8.74	10220419	147644928.000
09/02/2013	8.69	9.08	8.60	9.07	5535263	78645312.000
09/03/2013	9.03	9.16	8.93	9.14	5043827	73225648.000
09/04/2013	9.11	9.11	8.91	9.04	4740781	68586576.000
09/05/2013	9.09	9.43	8.99	9.35	9240651	137472944.000
09/06/2013	9.29	9.48	9.16	9.47	8818442	132408216.000
09/09/2013	9.54	10.22	9.38	10.04	20436350	319844256.000
09/10/2013	9.91	10.52	9.85	10.18	23950167	390663744.000
09/11/2013	10.01	10.07	9.58	9.76	11675374	184078816.000
09/12/2013	9.86	9.91	9.47	9.58	11340793	175764384.000
09/13/2013	9.86	9.96	9.59	9.72	15179663	238719824.000
09/16/2013	9.64	9.80	9.61	9.73	7322872	113989336.000
09/17/2013	9.73	9.78	9.38	9.39	6548334	100615000.000
09/18/2013	9.40	9.75	9.37	9.68	6048247	93049872.000
09/23/2013	9.74	10.08	9.71	9.94	9561949	152132800.000
09/24/2013	9.96	10.21	9.80	9.89	9595466	153867456.000
09/25/2013	9.84	9.90	9.63	9.68	7684218	120099064.000
09/26/2013	9.64	9.93	9.53	9.69	6092458	95628560.000
09/27/2013	9.69	9.91	9.58	9.89	5171407	81292232.000
09/30/2013	10.00	10.12	9.85	10.04	7766651	124997712.000
10/08/2013	10.53	10.78	10.28	10.29	16333181	274718496.000
10/09/2013	10.22	10.87	10.15	10.75	15408212	262433408.000
10/10/2013	10.61	10.81	10.47	10.58	9992801	170492464.000
10/11/2013	10.61	11.21	10.53	11.15	13555604	237116272.000
10/14/2013	11.09	11.97	11.03	11.97	13975006	260674256.000
10/15/2013	12.28	12.28	11.61	11.72	13832710	264742640.000
10/16/2013	11.66	12.16	11.06	11.66	12548582	234355424.000
10/17/2013	11.66	12.83	11.66	12.14	13151378	259954352.000
10/18/2013	11.96	12.45	11.51	12.25	10008212	193440624.000
10/21/2013	13.31	13.48	12.76	13.48	9406302	200121440.000
10/22/2013	14.83	14.83	14.13	14.30	30540548	717311680.000
10/23/2013	14.36	14.76	13.41	13.99	26565121	607358272.000
10/24/2013	13.34	13.57	12.61	13.29	14500024	307136640.000
10/25/2013	13.59	14.22	12.79	12.79	19404414	418744128.000
10/28/2013	12.36	13.44	11.97	13.31	13602103	279870976.000
10/29/2013	13.09	13.46	12.16	12.94	11136578	229261312.000
10/30/2013	12.94	13.21	12.48	12.75	6898468	141800208.000
10/31/2013	12.56	12.59	11.98	12.03	6682539	131281000.000
11/01/2013	11.90	12.25	11.59	11.79	3718508	71041760.000
11/04/2013	11.84	12.66	11.84	12.11	8312756	163124928.000
11/05/2013	12.16	13.08	12.16	12.89	10214419	205655312.000
11/06/2013	12.84	13.59	12.72	13.01	12040414	256602848.000
11/07/2013	13.00	13.49	12.89	13.39	7741564	164919600.000
11/08/2013	13.44	13.97	13.24	13.55	8221196	179666736.000
11/11/2013	13.54	13.71	12.83	13.09	6417453	134985120.000
11/12/2013	13.09	13.28	12.46	13.19	7320288	151245440.000
11/13/2013	12.95	13.17	12.79	12.93	4905998	101974944.000
11/14/2013	12.86	12.88	12.36	12.71	9412488	189502304.000
11/15/2013	12.69	13.19	12.59	13.08	12088813	250249744.000
11/18/2013	13.10	13.33	12.79	13.31	9772548	205063952.000
11/19/2013	12.97	13.32	12.62	12.75	11633559	241247168.000
11/20/2013	12.54	12.69	12.38	12.63	7253077	145707664.000
11/21/2013	12.56	12.56	12.15	12.24	6443086	127623064.000
11/22/2013	12.25	12.69	12.25	12.46	5588309	112407328.000
11/25/2013	12.34	12.75	12.34	12.53	4515605	91171776.000
11/26/2013	12.53	12.65	12.26	12.31	3531864	70206080.000
11/27/2013	12.33	12.80	12.16	12.66	5571074	111775712.000
11/28/2013	12.54	12.70	12.47	12.49	4615372	93011992.000
11/29/2013	12.55	12.76	12.54	12.70	4901166	99543256.000
12/02/2013	11.91	12.36	11.43	11.43	9410288	176053856.000
12/03/2013	10.97	11.41	10.84	11.21	6058982	108056256.000
12/04/2013	11.12	11.76	11.03	11.23	7696610	141098048.000
12/05/2013	11.26	11.99	11.25	11.48	7952411	148770576.000
12/06/2013	11.54	11.76	11.19	11.32	5353899	97857064.000
12/09/2013	11.44	11.81	11.44	11.81	6454224	120946720.000
12/10/2013	11.89	11.89	11.51	11.56	4512813	84189744.000
12/11/2013	11.56	11.72	11.25	11.43	3687406	68158960.000
12/12/2013	11.34	11.51	11.34	11.39	2513209	46083880.000
12/13/2013	11.28	11.34	11.13	11.23	4471798	80326672.000
12/16/2013	11.19	11.23	10.84	11.14	5392345	95496312.000
12/17/2013	11.07	11.11	10.71	10.73	4126434	71701464.000
12/18/2013	10.77	10.96	10.77	10.82	2125584	37041032.000
12/19/2013	10.93	11.01	10.73	10.75	2185992	38217004.000
12/20/2013	10.71	10.94	10.63	10.76	2263329	39153384.000
12/23/2013	10.78	10.78	10.26	10.38	3848462	64662164.000
12/24/2013	10.42	10.71	10.38	10.45	3877174	65326380.000
12/25/2013	10.53	10.95	10.44	10.95	6534636	111869320.000
12/26/2013	10.84	11.14	10.81	10.88	8524457	150450528.000
12/27/2013	10.79	11.16	10.71	11.06	6731891	118333328.000
12/30/2013	10.96	11.28	10.94	11.01	4663034	83065904.000
12/31/2013	10.94	11.11	10.81	10.99	4406429	77301800.000
01/02/2014	10.95	11.39	10.92	11.32	5573718	100684400.000
01/03/2014	11.38	11.84	11.34	11.74	8504531	158918544.000
01/06/2014	11.74	11.80	11.40	11.40	4077951	75414120.000
01/07/2014	11.27	11.53	11.08	11.53	4079415	73796192.000
01/08/2014	11.72	12.03	11.67	11.79	8158905	155189408.000
01/09/2014	11.67	12.19	11.53	11.53	8721912	165993872.000
01/10/2014	11.50	11.53	10.62	10.74	6222454	110162576.000
01/13/2014	10.75	10.98	10.66	10.84	3570643	62040484.000
01/14/2014	10.83	11.47	10.83	11.27	4413816	79150616.000
01/15/2014	11.33	11.74	11.27	11.52	5488653	101607664.000
01/16/2014	11.49	11.66	11.43	11.48	3114804	57584300.000
01/17/2014	11.48	11.83	11.48	11.71	5833829	109601456.000
01/20/2014	12.22	12.89	12.22	12.89	9193666	186610960.000
01/21/2014	13.31	13.31	12.44	12.83	17650927	363994368.000
01/22/2014	12.76	14.06	12.63	13.71	15604587	330964736.000
01/23/2014	13.53	13.99	13.16	13.66	11396762	250547024.000
01/24/2014	13.59	13.97	13.38	13.84	8756568	193190128.000
01/27/2014	13.69	13.97	13.26	13.67	8645311	188144384.000
01/28/2014	13.54	14.28	13.29	14.08	8136813	180748528.000
01/29/2014	13.88	14.46	13.88	13.96	6148454	139948080.000
01/30/2014	13.91	14.01	13.44	13.68	4338174	95399760.000
02/07/2014	13.53	14.44	13.41	14.32	6510253	146976304.000
02/10/2014	14.41	15.08	14.09	15.03	9821893	231345120.000
02/11/2014	14.91	15.35	14.67	14.95	12545849	303641056.000
02/12/2014	15.90	15.90	14.98	15.13	15166044	371440032.000
02/13/2014	15.28	15.32	14.27	14.28	16161894	379792864.000
02/14/2014	14.33	14.53	14.04	14.41	6749911	154944512.000
02/17/2014	14.54	14.96	14.44	14.77	8105189	191975552.000
02/18/2014	14.66	14.75	14.18	14.38	8135350	187255392.000
02/19/2014	14.32	14.45	14.04	14.34	5837317	133182840.000
02/20/2014	14.33	14.33	13.81	14.04	7437331	166539824.000
02/21/2014	14.14	14.16	13.91	14.10	5743565	129531432.000
02/24/2014	14.38	14.64	14.16	14.29	8671456	199708352.000
02/25/2014	14.23	14.64	13.41	13.59	12069855	272364832.000
02/26/2014	13.44	13.44	12.69	13.35	7659263	160635360.000
02/27/2014	13.40	13.53	12.72	12.81	5982454	126422208.000
02/28/2014	12.85	13.26	12.48	13.26	4882569	100629856.000
03/03/2014	13.41	14.53	13.40	14.47	12397418	278184864.000
03/04/2014	14.25	14.27	13.78	13.99	7929495	178405728.000
03/05/2014	14.07	14.20	13.71	13.80	4669894	104284840.000
03/06/2014	13.84	13.96	13.25	13.46	5274440	113806216.000
03/07/2014	13.43	13.52	13.14	13.23	4044616	86292432.000
03/10/2014	13.44	13.64	12.94	13.06	5986480	128571200.000
03/11/2014	13.09	13.52	13.08	13.24	4982729	106071120.000
03/12/2014	13.16	13.34	12.98	13.13	4219309	88667568.000
03/13/2014	13.23	13.57	13.14	13.56	5400616	116151776.000
03/14/2014	13.41	13.43	13.11	13.19	3698243	78755040.000
03/17/2014	13.19	13.52	13.16	13.46	3854436	82802152.000
03/18/2014	13.48	14.13	13.48	13.89	8179323	181179904.000
03/19/2014	13.96	14.62	13.71	14.37	14417297	329807456.000
03/20/2014	14.35	14.35	13.55	13.59	8674334	193932096.000
03/21/2014	13.35	13.54	12.97	13.43	7769946	164787024.000
03/24/2014	13.58	14.03	13.14	13.94	7907032	173708576.000
03/25/2014	13.72	14.14	13.31	13.43	6514518	143357792.000
03/26/2014	13.46	14.27	13.30	14.22	9551231	212775024.000
03/27/2014	14.34	14.86	13.91	14.41	14552448	335052000.000
03/28/2014	14.13	14.34	13.31	13.47	8211128	181761280.000
03/31/2014	13.12	13.76	13.05	13.08	5759019	123146880.000
04/01/2014	13.08	13.33	13.04	13.26	3415485	72250936.000
04/02/2014	13.36	13.40	12.57	12.66	6829350	140363568.000
04/03/2014	12.59	12.81	12.34	12.39	5370396	108118896.000
04/04/2014	12.54	12.66	12.42	12.61	3262183	65813336.000
04/08/2014	12.53	12.77	12.21	12.77	4879847	98019728.000
04/09/2014	12.71	12.99	12.69	12.82	4234936	87197920.000
04/10/2014	12.94	13.03	12.79	12.80	4616091	95631768.000
04/11/2014	12.72	12.72	12.44	12.51	3291497	66121696.000
04/14/2014	12.59	12.89	12.59	12.87	3428369	70047048.000
04/15/2014	12.84	12.84	12.56	12.56	2512022	50996456.000
04/16/2014	12.61	12.71	12.46	12.54	2018452	40671080.000
04/17/2014	12.56	12.76	12.53	12.56	1980576	40117836.000
04/18/2014	12.58	12.82	12.58	12.70	2697393	55042400.000
04/21/2014	12.59	12.77	12.43	12.49	2473048	49918700.000
04/22/2014	12.49	12.58	11.97	12.06	3449208	67263712.000
04/23/2014	11.98	12.22	11.83	12.16	2707155	52176200.000
04/24/2014	12.16	12.20	11.91	11.92	2071362	40087608.000
04/25/2014	12.12	12.36	12.00	12.04	3685793	72127384.000
04/28/2014	11.96	12.17	11.67	11.85	2654563	50796432.000
04/29/2014	11.84	12.21	11.84	12.08	1840166	35679092.000
04/30/2014	12.03	12.26	12.03	12.20	1930020	37668520.000
05/05/2014	12.19	12.38	12.10	12.35	1779068	34964532.000
05/06/2014	12.39	12.51	12.29	12.32	2526656	50228784.000
05/07/2014	12.25	12.25	11.88	11.91	2853422	54733788.000
05/08/2014	11.91	12.08	11.74	11.89	1572895	30148324.000
05/09/2014	11.84	12.21	11.64	11.89	2760272	52612276.000
05/12/2014	11.88	12.06	11.59	11.97	3100309	58919768.000
05/13/2014	11.88	12.11	11.88	11.98	1324220	25491802.000
05/14/2014	11.98	12.03	11.73	11.78	2098875	39971452.000
05/15/2014	11.72	11.94	11.65	11.73	2155069	40773348.000
05/16/2014	11.79	11.94	11.70	11.79	1924285	36381872.000
05/19/2014	11.91	12.32	11.91	12.22	5002562	97642000.000
05/20/2014	12.46	12.66	12.24	12.48	5461765	109292720.000
05/21/2014	12.60	12.86	12.52	12.63	5147646	104582096.000
05/22/2014	12.67	12.83	12.49	12.71	5715011	116315368.000
05/23/2014	12.66	13.00	12.57	12.98	5525440	113922272.000
05/26/2014	13.06	13.23	12.79	13.03	4463633	93154992.000
05/27/2014	12.96	13.09	12.68	12.68	3416235	70394336.000
05/28/2014	12.97	13.39	12.86	13.26	6375710	135177808.000
05/29/2014	13.29	13.37	12.91	13.06	3845302	80760600.000
05/30/2014	13.08	13.16	12.82	12.99	2405095	50052916.000
06/03/2014	12.99	13.22	12.89	12.95	2627114	54960120.000
06/04/2014	13.00	13.41	13.00	13.40	6889039	146621136.000
06/05/2014	13.33	13.37	13.13	13.27	4311537	91590768.000
06/06/2014	13.23	13.39	13.13	13.22	3434881	73156352.000
06/09/2014	13.19	13.41	12.91	12.98	3901514	82133992.000
06/10/2014	12.97	13.18	12.72	13.13	3656644	76324752.000
06/11/2014	13.12	13.56	13.03	13.23	5031878	107781208.000
06/12/2014	13.12	13.16	12.91	12.94	3065307	63927784.000
06/13/2014	12.94	13.12	12.84	13.01	2876711	59951000.000
08/15/2014	14.31	14.31	14.31	14.31	3424152	48999616.000
08/18/2014	14.49	15.23	14.40	14.73	28513096	421986304.000
08/19/2014	14.75	16.20	14.50	15.33	32580195	496057728.000
08/20/2014	15.33	15.43	14.99	15.17	17049427	258682224.000
08/21/2014	15.15	15.28	14.88	15.13	12916645	194022400.000
08/22/2014	15.13	15.22	14.90	15.10	10526857	158446192.000
08/25/2014	15.01	15.09	14.65	14.94	11247761	166706640.000
08/26/2014	14.80	14.85	14.40	14.42	11002331	160254112.000
08/27/2014	14.53	14.75	14.42	14.66	6444993	94100664.000
08/28/2014	14.74	14.74	14.20	14.26	8502641	122300784.000
08/29/2014	14.20	14.56	14.20	14.51	4891562	70427432.000
09/01/2014	14.55	15.36	14.55	15.23	17363793	261680320.000
09/02/2014	15.20	15.28	15.03	15.23	15188047	229970304.000
09/03/2014	15.23	15.45	15.13	15.35	16767648	256766096.000
09/04/2014	15.30	15.46	15.13	15.44	15657318	239931040.000
09/05/2014	15.66	15.88	15.40	15.49	17234083	269276640.000
09/09/2014	15.56	15.60	15.19	15.27	12108083	185474720.000
09/10/2014	15.40	15.59	15.31	15.53	14873271	230114944.000
09/11/2014	15.40	15.53	15.18	15.31	18070932	277393600.000
09/12/2014	15.28	15.38	15.14	15.37	9176310	140263168.000
09/15/2014	15.37	15.44	15.20	15.39	10460801	160349712.000
09/16/2014	15.40	15.67	15.10	15.10	16786070	259069584.000
09/17/2014	15.06	15.18	14.73	14.99	8689122	129620736.000
09/18/2014	15.03	15.11	14.88	15.02	6501137	97404928.000
09/19/2014	15.15	15.42	15.15	15.26	10141507	154738768.000
09/22/2014	15.20	15.20	14.70	14.81	8848225	131699656.000
09/23/2014	14.84	15.06	14.84	14.98	5094528	76065408.000
09/24/2014	14.95	15.17	14.90	15.12	6474787	97564624.000
09/25/2014	15.17	15.22	14.90	14.95	7574107	114204240.000
09/26/2014	14.87	15.14	14.82	15.06	5001983	75020744.000
09/29/2014	15.15	15.59	15.07	15.47	13418941	205776848.000
09/30/2014	15.50	15.64	15.32	15.53	10934785	169625760.000
10/08/2014	15.61	15.96	15.39	15.94	17859405	280019168.000
10/09/2014	16.20	17.00	15.99	16.24	25395770	416173248.000
10/10/2014	16.09	17.86	16.02	17.86	31717384	548392064.000
10/13/2014	18.39	18.58	17.76	18.01	53324372	968653248.000
10/14/2014	18.19	18.80	18.01	18.40	31711873	582480192.000
10/15/2014	18.30	18.53	17.88	18.38	18948214	345198560.000
10/16/2014	18.34	19.30	17.98	18.80	35078571	657124736.000
10/17/2014	18.66	18.66	17.69	17.95	24656970	446185728.000
10/20/2014	17.98	18.18	17.56	17.77	17527293	313885152.000
10/21/2014	17.70	17.95	17.60	17.81	13989784	248578896.000
10/22/2014	17.93	18.17	17.31	17.38	16577522	294535008.000
10/23/2014	17.21	17.55	16.81	17.35	17222501	296222432.000
10/24/2014	17.50	17.50	16.75	16.89	9478828	161939376.000
10/27/2014	17.19	18.08	17.10	17.72	21066060	371483296.000
10/28/2014	17.70	18.03	17.52	17.98	21757839	387681472.000
10/29/2014	18.28	18.30	17.73	18.16	19716791	354463232.000
10/30/2014	18.15	18.15	17.48	17.62	15682619	279483424.000
10/31/2014	17.62	17.70	16.95	17.23	14277589	246109904.000
数据来源:通达信
