300210 森远股份 日线
      日期	    开盘	    最高	    最低	    收盘	    成交量	    成交额
04/26/2011	7.55	8.75	7.50	8.17	13904764	365561536.000
04/27/2011	7.79	7.86	7.34	7.34	7775032	192142016.000
04/28/2011	7.01	7.21	6.71	6.74	4979919	114808720.000
04/29/2011	6.66	6.89	6.60	6.71	3052671	68256856.000
05/03/2011	6.67	6.83	6.54	6.72	1986407	44008328.000
05/04/2011	6.66	7.00	6.57	6.78	2723370	61212400.000
05/05/2011	6.69	7.16	6.69	6.95	2897214	66985644.000
05/06/2011	6.87	7.05	6.83	6.87	1998629	45898028.000
05/09/2011	6.91	7.17	6.88	7.09	1861997	43609156.000
05/10/2011	7.08	7.11	6.95	7.05	1482648	34413696.000
05/11/2011	7.04	7.17	6.96	7.00	1455799	33904108.000
05/12/2011	6.86	6.96	6.70	6.70	1745622	39613996.000
05/13/2011	6.73	7.00	6.68	6.96	1514111	34294784.000
05/16/2011	6.94	7.09	6.90	6.94	1497153	34717680.000
05/17/2011	6.96	7.01	6.79	6.90	1106052	25299300.000
05/18/2011	6.88	6.90	6.75	6.79	1133261	25541764.000
05/19/2011	6.80	6.89	6.76	6.77	685897	15511670.000
05/20/2011	6.73	6.79	6.68	6.70	960976	21422290.000
05/23/2011	6.66	6.70	6.38	6.42	1199985	25898264.000
05/24/2011	6.41	6.58	6.25	6.50	1095380	23415702.000
05/25/2011	6.48	6.48	6.29	6.35	740670	15671535.000
05/26/2011	6.37	6.43	6.17	6.17	839456	17539980.000
05/27/2011	6.13	6.17	5.95	5.99	1000760	20119164.000
05/30/2011	5.93	6.17	5.93	6.03	769771	15554264.000
05/31/2011	6.00	6.28	6.00	6.21	624571	12742041.000
06/01/2011	6.24	6.29	6.16	6.18	604834	12482174.000
06/02/2011	6.11	6.22	6.00	6.20	778150	15758221.000
06/03/2011	6.17	6.38	6.17	6.27	660159	13829373.000
06/07/2011	6.23	6.32	6.17	6.25	281489	5851094.000
06/08/2011	6.25	6.29	6.13	6.21	321776	6601554.000
06/09/2011	6.27	6.27	6.01	6.02	655670	13337832.000
06/10/2011	5.99	6.10	5.96	6.08	468602	9394513.000
06/13/2011	6.01	6.17	5.97	6.14	311989	6339994.000
06/14/2011	6.14	6.24	6.14	6.20	264176	5435230.000
06/15/2011	6.14	6.29	6.11	6.13	206069	4246696.000
06/16/2011	6.07	6.08	5.97	6.00	357446	7158858.000
06/17/2011	5.98	6.04	5.95	6.00	164513	3280378.250
06/20/2011	5.97	6.02	5.95	6.02	221088	4409863.000
06/21/2011	6.04	6.10	6.01	6.09	179182	3606754.250
06/22/2011	6.10	6.11	5.75	5.77	639600	12513468.000
06/23/2011	5.75	5.98	5.71	5.95	805957	15726064.000
06/24/2011	5.96	6.16	5.91	6.14	1077100	21675278.000
06/27/2011	6.15	6.34	6.13	6.24	1175240	24381910.000
06/28/2011	6.22	6.26	6.17	6.24	471322	9727894.000
06/29/2011	6.29	6.39	6.19	6.22	615759	12861035.000
07/01/2011	6.32	6.53	6.29	6.42	1152133	24532070.000
07/04/2011	6.46	6.61	6.44	6.58	1134843	24633576.000
07/05/2011	6.62	6.74	6.54	6.68	1009169	22276832.000
07/06/2011	6.67	6.75	6.58	6.72	664808	14738060.000
07/07/2011	6.70	6.98	6.68	6.86	1510762	34297500.000
07/08/2011	6.89	7.02	6.82	7.02	1291912	29651012.000
07/11/2011	7.25	7.73	7.18	7.52	2086368	51394392.000
07/12/2011	7.42	7.64	7.36	7.43	1523638	37789776.000
07/13/2011	7.43	7.99	7.43	7.95	1526360	39057308.000
07/14/2011	8.02	8.05	7.68	7.89	1800860	46641700.000
07/15/2011	7.89	8.10	7.80	7.84	1599418	41941848.000
07/18/2011	7.92	8.07	7.74	8.05	1424900	37241980.000
07/19/2011	7.96	8.10	7.75	7.75	1480687	38801488.000
07/20/2011	7.83	8.01	7.71	7.93	1709676	44588072.000
07/21/2011	7.95	7.96	7.75	7.80	1099427	28641896.000
07/22/2011	7.88	8.34	7.87	8.33	2268132	60810296.000
07/25/2011	8.16	8.32	7.74	7.77	2378132	62721296.000
07/26/2011	7.76	7.80	7.46	7.67	1714341	43017800.000
07/27/2011	7.62	8.39	7.55	8.25	3080432	82006752.000
07/28/2011	8.13	8.73	8.09	8.59	3149541	88249408.000
07/29/2011	8.63	8.81	8.47	8.67	2014299	57362280.000
08/01/2011	8.57	8.94	8.44	8.77	1473591	42564284.000
08/02/2011	8.62	9.15	8.55	9.04	1995198	58553520.000
08/03/2011	8.84	9.14	8.84	8.88	1744503	51596252.000
08/04/2011	8.89	8.93	8.54	8.79	1517569	43366636.000
08/05/2011	8.48	8.75	8.39	8.45	2197610	62447584.000
08/08/2011	8.36	8.70	8.12	8.62	1124685	31481072.000
08/09/2011	8.33	8.84	8.17	8.76	954970	27149612.000
08/10/2011	8.94	9.06	8.49	8.72	1094619	31832878.000
08/11/2011	8.52	8.88	8.48	8.79	843938	24220836.000
08/12/2011	8.88	9.27	8.84	9.09	1002384	30252074.000
08/15/2011	9.07	9.30	9.04	9.19	748922	22590376.000
08/16/2011	9.20	9.42	9.04	9.07	904875	27397710.000
08/17/2011	9.07	9.13	8.97	9.11	791530	23641344.000
08/18/2011	9.06	9.18	8.73	8.79	655771	19298956.000
08/19/2011	8.58	8.81	8.56	8.81	717031	20510006.000
08/22/2011	8.77	8.91	8.73	8.84	543647	15810322.000
08/23/2011	8.84	9.39	8.76	9.30	918197	27794192.000
08/24/2011	9.37	9.47	9.15	9.19	586323	17982210.000
08/25/2011	9.16	9.28	8.85	9.13	766850	22776226.000
08/26/2011	9.00	9.25	9.00	9.23	663052	20039708.000
08/29/2011	9.17	9.76	9.17	9.42	836851	26342020.000
08/30/2011	9.55	9.67	9.30	9.31	768101	23859484.000
08/31/2011	9.30	9.52	9.16	9.24	598851	18427300.000
09/01/2011	9.27	9.39	8.88	8.94	688020	20549370.000
09/02/2011	8.94	8.94	8.52	8.52	911370	26021372.000
09/05/2011	8.42	8.66	8.42	8.58	406016	11430391.000
09/06/2011	8.49	8.57	8.29	8.43	696773	19452798.000
09/07/2011	8.48	8.71	8.48	8.71	630588	17960436.000
09/08/2011	8.68	8.84	8.59	8.65	572240	16444695.000
09/09/2011	8.48	8.74	8.45	8.50	338881	9580564.000
09/13/2011	8.63	8.68	8.44	8.46	232463	6538945.500
09/14/2011	8.40	8.67	8.40	8.59	368422	10345797.000
09/15/2011	8.63	8.83	8.60	8.70	361059	10392174.000
09/16/2011	8.70	8.79	8.46	8.63	447829	12765215.000
09/19/2011	8.61	8.61	8.26	8.31	360670	9919768.000
09/20/2011	8.28	8.28	8.04	8.11	1222508	32792868.000
09/21/2011	8.15	8.37	7.96	8.33	822087	22194570.000
09/22/2011	8.26	8.38	8.02	8.02	596158	16213648.000
09/23/2011	7.86	8.09	7.74	8.04	311484	8169466.500
09/26/2011	7.97	8.19	7.81	7.99	344050	9137715.000
09/27/2011	8.11	8.17	7.99	8.13	150071	4002659.750
09/28/2011	8.25	8.29	8.02	8.11	238091	6443534.500
09/29/2011	8.02	8.16	7.87	8.02	212318	5629563.000
09/30/2011	8.09	8.26	8.02	8.23	168640	4538529.500
10/10/2011	8.34	8.39	7.93	8.02	591302	15738727.000
10/11/2011	8.15	8.17	7.86	8.00	829777	22036974.000
10/12/2011	7.89	8.39	7.77	8.39	671180	18012166.000
10/13/2011	8.30	8.59	8.27	8.46	818129	22737940.000
10/14/2011	8.42	8.53	8.30	8.53	386649	10754994.000
10/17/2011	8.53	8.71	8.50	8.62	233146	6630906.500
10/18/2011	8.57	8.65	8.28	8.30	311180	8752246.000
10/19/2011	8.33	8.41	8.12	8.12	214300	5834358.000
10/20/2011	8.09	8.09	7.55	7.73	764208	19624996.000
10/21/2011	7.67	7.83	7.27	7.27	771300	19174424.000
10/24/2011	7.40	7.63	7.21	7.63	650820	15905537.000
10/25/2011	7.62	8.15	7.55	8.11	492884	12894358.000
10/26/2011	8.00	8.39	8.00	8.11	438220	11972376.000
10/27/2011	8.17	8.38	8.10	8.17	343891	9337809.000
10/28/2011	8.36	8.38	8.24	8.37	272976	7499598.500
10/31/2011	8.43	8.69	8.37	8.45	521603	14670988.000
11/01/2011	8.33	8.71	8.32	8.60	512834	14550507.000
11/02/2011	8.48	8.96	8.42	8.88	762266	21956076.000
11/03/2011	8.90	9.01	8.67	8.74	592154	17278826.000
11/04/2011	8.83	8.85	8.54	8.75	667936	19079728.000
11/07/2011	8.73	8.91	8.61	8.79	538384	15701037.000
11/08/2011	8.79	8.85	8.68	8.69	268162	7738919.000
11/09/2011	8.72	9.00	8.55	8.97	484124	14015386.000
11/10/2011	8.85	9.09	8.81	8.85	584439	17267464.000
11/11/2011	8.83	8.88	8.64	8.70	566843	16329248.000
11/14/2011	8.79	9.34	8.68	9.08	752722	22558440.000
11/15/2011	9.00	9.37	8.99	9.23	660502	20019880.000
11/16/2011	9.23	9.28	8.79	8.82	447083	13291811.000
11/17/2011	8.84	9.50	8.82	9.45	684891	20791706.000
11/18/2011	9.31	9.53	9.28	9.31	633252	19588708.000
11/21/2011	9.28	9.45	9.07	9.37	442554	13473949.000
11/22/2011	9.22	9.44	8.95	9.21	835669	25261270.000
11/23/2011	9.19	9.67	9.10	9.41	661273	20586334.000
11/24/2011	9.28	9.55	9.18	9.38	661481	20343674.000
11/25/2011	9.40	9.89	9.35	9.49	1666283	53216632.000
11/28/2011	9.50	9.68	9.14	9.19	1007242	31144504.000
11/29/2011	9.28	9.32	9.07	9.28	764910	23250058.000
11/30/2011	9.16	9.26	8.70	8.70	859972	25237854.000
12/01/2011	8.97	9.31	8.92	8.97	707718	21213802.000
12/02/2011	8.84	8.94	8.70	8.80	456496	13245577.000
12/05/2011	8.75	8.75	8.42	8.57	330709	9364382.000
12/06/2011	8.40	8.82	8.40	8.74	320331	9125898.000
12/07/2011	8.74	8.85	8.66	8.79	223891	6472601.500
12/08/2011	8.70	9.19	8.57	8.98	432291	12699265.000
12/09/2011	8.85	9.04	8.82	9.03	239954	7077639.500
12/12/2011	8.98	9.08	8.82	8.85	257385	7597405.000
12/13/2011	8.79	8.82	8.51	8.57	485280	13815429.000
12/14/2011	8.51	8.67	8.31	8.39	469774	13149866.000
12/15/2011	8.39	8.52	8.16	8.41	259309	7159359.500
12/16/2011	8.42	8.73	8.34	8.72	339952	9587309.000
12/19/2011	8.60	8.97	8.60	8.97	281263	8133116.000
12/20/2011	8.97	9.06	8.83	8.96	145620	4307414.000
12/21/2011	9.09	9.09	8.80	8.88	312529	9241544.000
12/22/2011	8.91	9.00	8.43	8.92	503870	14310486.000
12/23/2011	8.91	9.26	8.85	9.08	354207	10605155.000
12/26/2011	8.99	9.25	8.79	8.85	126546	3753918.000
12/27/2011	8.74	8.88	8.51	8.63	173242	4972020.000
12/28/2011	8.54	8.74	8.17	8.33	303577	8353994.000
12/29/2011	8.34	8.50	8.18	8.28	309900	8560006.000
12/30/2011	8.36	8.50	8.29	8.35	179116	4959629.500
01/04/2012	8.42	8.45	7.96	8.01	357599	9626643.000
01/05/2012	7.90	8.00	7.43	7.55	380865	9744928.000
01/06/2012	7.55	7.56	7.14	7.49	547285	13307219.000
01/09/2012	7.49	7.94	7.31	7.90	572475	14624387.000
01/10/2012	7.87	8.33	7.87	8.32	409005	10999381.000
01/11/2012	8.28	8.42	8.20	8.22	229096	6270821.000
01/12/2012	8.26	8.32	7.86	7.90	427410	11327851.000
01/13/2012	8.00	8.00	7.33	7.38	705643	17611366.000
01/16/2012	7.35	7.42	6.82	6.94	489307	11621688.000
01/17/2012	7.03	7.65	6.84	7.40	827774	19662560.000
01/18/2012	7.37	7.43	6.64	6.64	976445	22433570.000
01/19/2012	6.33	6.80	6.26	6.75	1143729	24842486.000
01/20/2012	6.72	7.00	6.68	6.95	512657	11716667.000
01/30/2012	6.95	7.15	6.84	6.94	270653	6288041.000
01/31/2012	6.90	7.09	6.90	7.08	221257	5149780.000
02/01/2012	7.04	7.25	6.99	7.15	382067	9077371.000
02/02/2012	7.15	7.24	6.94	7.22	328618	7747329.000
02/03/2012	7.20	7.55	7.18	7.47	593689	14527035.000
02/06/2012	7.54	7.71	7.47	7.57	407346	10231218.000
02/07/2012	7.50	7.54	7.37	7.44	304327	7515307.500
02/08/2012	7.40	7.86	7.36	7.74	316234	7883163.500
02/09/2012	7.72	7.94	7.65	7.82	388408	10035316.000
02/10/2012	7.76	8.02	7.76	8.01	293683	7642542.500
02/13/2012	7.87	8.23	7.87	8.14	332467	8895002.000
02/14/2012	8.12	8.17	7.95	8.08	253054	6732049.500
02/15/2012	8.08	8.17	8.02	8.12	356075	9534239.000
02/16/2012	8.11	8.14	7.88	8.00	508629	13422513.000
02/17/2012	7.96	8.05	7.90	7.99	236155	6215202.000
02/20/2012	8.12	8.12	7.94	7.95	232992	6158108.500
02/21/2012	7.95	8.33	7.95	8.20	732603	19704152.000
02/22/2012	8.11	8.52	8.03	8.51	946531	25953966.000
02/23/2012	8.48	8.61	8.33	8.58	449899	12603271.000
02/24/2012	8.57	8.86	8.51	8.80	548161	15792539.000
02/27/2012	8.93	9.20	8.74	9.20	1267596	37630272.000
02/28/2012	8.80	8.84	8.49	8.55	1354594	38743556.000
02/29/2012	8.49	8.55	8.19	8.20	777700	21404186.000
03/01/2012	8.11	8.36	8.11	8.35	590785	16128639.000
03/02/2012	8.31	8.44	8.27	8.42	601232	16601504.000
03/05/2012	8.42	8.46	8.27	8.30	395668	10898021.000
03/06/2012	8.30	8.37	8.13	8.33	475664	12950859.000
03/07/2012	8.28	8.46	8.17	8.33	370981	10287157.000
03/08/2012	8.42	8.45	8.27	8.43	309963	8576883.000
03/09/2012	8.43	8.79	8.43	8.79	593387	16838714.000
03/12/2012	8.71	8.80	8.60	8.75	438262	12578460.000
03/13/2012	8.73	8.76	8.63	8.74	228857	6559586.500
03/14/2012	8.77	8.84	8.21	8.30	663154	18843266.000
03/15/2012	8.30	8.44	8.19	8.26	318701	8722524.000
03/16/2012	8.26	8.47	8.26	8.47	272814	7536828.500
03/19/2012	8.42	8.58	8.39	8.55	244723	6870736.000
03/20/2012	8.59	8.59	8.30	8.34	160709	4461938.000
03/21/2012	8.46	8.46	8.11	8.23	266798	7271495.500
03/22/2012	8.11	8.33	8.11	8.18	230160	6232307.000
03/23/2012	8.12	8.26	8.09	8.17	226619	6113765.000
03/26/2012	8.21	8.38	8.08	8.33	171280	4655387.500
03/27/2012	8.30	8.76	8.30	8.53	584941	16543788.000
03/28/2012	8.57	8.60	8.18	8.23	303063	8328188.000
03/29/2012	8.05	8.25	8.05	8.17	233568	6309494.000
04/05/2012	8.11	8.30	8.02	8.28	407478	11038309.000
04/06/2012	8.22	8.71	8.11	8.63	513222	14328365.000
04/09/2012	8.63	8.69	8.48	8.59	269066	7655846.500
04/10/2012	8.54	8.77	8.44	8.75	382000	10879722.000
04/11/2012	8.65	8.81	8.53	8.71	206823	5936217.500
04/12/2012	8.73	8.77	8.61	8.76	257289	7409800.000
04/13/2012	8.76	8.88	8.67	8.77	241913	7001673.500
04/16/2012	8.58	8.84	8.58	8.75	136795	3951439.750
04/17/2012	8.64	8.91	8.56	8.58	90387	2587004.750
04/18/2012	8.58	8.88	8.50	8.75	237875	6832844.500
04/19/2012	8.76	8.84	8.68	8.81	114305	3304424.500
04/20/2012	8.76	8.82	8.70	8.79	171932	4974539.500
04/23/2012	8.67	8.88	8.33	8.56	194476	5511841.500
04/24/2012	8.33	8.53	7.87	8.23	328024	8821983.000
04/25/2012	8.23	8.32	8.19	8.24	118233	3224904.500
04/26/2012	8.24	8.42	8.24	8.35	63908	1762875.625
04/27/2012	8.27	8.47	8.27	8.45	142011	3925075.250
05/02/2012	8.51	8.56	8.32	8.45	212604	5906560.000
05/03/2012	8.48	8.48	8.18	8.27	283426	7763814.000
05/04/2012	8.31	8.48	8.25	8.39	665592	18258612.000
05/07/2012	8.34	9.22	8.33	9.09	1253583	36350468.000
05/08/2012	9.04	9.12	8.76	8.89	684129	20157938.000
05/09/2012	8.82	8.89	8.73	8.85	352559	10251729.000
05/10/2012	8.85	8.97	8.75	8.80	308967	8999228.000
05/11/2012	8.79	8.97	8.38	8.41	577201	9197245.000
05/14/2012	8.45	8.51	8.10	8.22	656969	9915087.000
05/15/2012	8.16	8.33	8.07	8.28	201081	3013150.000
05/16/2012	8.23	8.39	8.12	8.15	145160	2175680.500
05/17/2012	8.23	8.32	8.02	8.22	439963	6554624.000
05/18/2012	8.17	8.31	7.96	8.01	419027	6185048.500
05/21/2012	8.01	8.18	7.90	8.02	161510	2361064.250
05/22/2012	8.17	8.30	8.12	8.18	152262	2275945.750
05/23/2012	8.19	8.26	7.96	8.11	284460	4168825.000
05/24/2012	7.96	8.07	7.90	8.04	252821	3678342.250
05/25/2012	8.06	8.06	7.59	7.75	452651	6391147.000
05/28/2012	7.61	7.67	7.45	7.63	476378	6545258.000
05/29/2012	7.57	7.80	7.56	7.70	361063	5074309.500
05/30/2012	7.64	7.78	7.57	7.75	1384341	19415158.000
05/31/2012	7.74	8.05	7.71	7.94	1427020	20493066.000
06/01/2012	7.94	8.00	7.63	7.71	790011	11258087.000
06/04/2012	7.57	7.62	7.51	7.55	382297	5280703.500
06/05/2012	7.74	7.78	7.47	7.50	382008	5246117.500
06/06/2012	7.47	7.56	7.37	7.44	246552	3358773.750
06/07/2012	7.44	7.57	7.34	7.39	231280	3132020.500
06/08/2012	7.50	7.51	7.31	7.31	226200	3059823.250
06/11/2012	7.32	7.50	7.31	7.49	317776	4296457.000
06/12/2012	7.44	7.51	7.39	7.40	395748	5362264.000
06/13/2012	7.40	7.58	7.37	7.58	394471	5390753.500
06/14/2012	7.68	8.35	7.67	8.14	2189606	32354958.000
06/15/2012	8.15	8.20	7.97	8.07	1214417	17865262.000
06/18/2012	8.17	8.17	8.01	8.02	813596	11945353.000
06/19/2012	8.02	8.28	7.88	8.04	765240	11277797.000
06/20/2012	8.06	8.28	8.05	8.14	676569	10087402.000
06/21/2012	8.17	8.18	7.92	7.98	772999	11288543.000
06/25/2012	8.01	8.14	7.88	7.92	520026	7569223.500
06/26/2012	7.81	7.93	7.66	7.93	400030	5687241.000
06/27/2012	7.98	8.17	7.88	8.16	552515	8124320.500
06/28/2012	8.16	8.29	8.01	8.01	570478	8518989.000
06/29/2012	7.96	8.62	7.90	8.46	814479	12402682.000
07/02/2012	8.57	8.71	8.36	8.46	816408	12609707.000
07/03/2012	8.37	8.84	8.29	8.68	1447266	22728218.000
07/04/2012	8.69	8.87	8.57	8.73	870330	13828659.000
07/05/2012	8.62	8.70	8.42	8.57	499427	7779418.000
07/06/2012	8.60	8.79	8.34	8.73	827170	12868122.000
07/09/2012	8.60	8.77	8.43	8.53	520780	8129162.000
07/10/2012	8.57	8.62	8.01	8.29	1312179	19778010.000
07/11/2012	8.13	8.40	8.13	8.33	298156	4522007.500
07/12/2012	8.33	8.51	8.19	8.42	346592	5269133.000
07/13/2012	8.42	8.56	8.26	8.29	221891	3374958.500
07/16/2012	8.21	8.29	7.53	7.82	894756	12927079.000
07/17/2012	7.82	7.93	7.63	7.90	766579	10836299.000
07/18/2012	7.89	8.43	7.68	8.28	833582	12110014.000
07/19/2012	8.18	8.63	8.17	8.54	581031	8972068.000
07/20/2012	8.51	8.82	8.46	8.53	524660	8245978.000
09/13/2012	9.39	9.39	9.39	9.39	642433	10972756.000
09/14/2012	10.03	10.07	9.36	9.51	5788665	102801920.000
09/17/2012	9.23	9.23	8.54	8.54	3658534	58554924.000
09/18/2012	8.32	8.62	8.24	8.54	1394072	21240024.000
09/19/2012	8.51	8.68	8.32	8.41	1164883	17975242.000
09/20/2012	8.36	8.36	7.96	8.03	1710781	25074296.000
09/21/2012	8.02	8.03	7.77	7.81	947184	13616326.000
09/24/2012	7.73	7.95	7.69	7.82	458792	6568751.000
09/25/2012	7.87	7.99	7.69	7.72	591788	8469434.000
09/26/2012	7.73	7.77	7.41	7.46	663312	9141544.000
09/27/2012	7.48	7.71	7.43	7.52	770256	10688588.000
09/28/2012	7.58	8.17	7.50	8.08	1191020	17253504.000
10/08/2012	8.17	8.17	7.96	7.99	546589	7988566.500
10/09/2012	7.99	8.68	7.97	8.51	1046014	15892013.000
10/10/2012	8.35	8.64	8.28	8.58	799127	12245295.000
10/11/2012	8.51	8.91	8.51	8.58	1136488	17901288.000
10/12/2012	8.57	8.78	8.31	8.53	524988	8211354.000
10/15/2012	8.59	8.59	7.92	8.08	547463	8146593.000
10/16/2012	8.10	8.27	8.04	8.18	447993	6676761.000
10/17/2012	8.18	8.18	7.96	8.04	290710	4262726.500
10/18/2012	8.08	8.86	8.01	8.86	2554405	40729752.000
10/19/2012	8.87	8.87	8.53	8.56	1470466	23108320.000
10/22/2012	8.54	8.66	8.45	8.63	608376	9519274.000
10/23/2012	8.62	8.67	8.32	8.34	614106	9490451.000
10/24/2012	8.23	8.34	8.21	8.28	527522	7957757.500
10/25/2012	8.29	8.34	8.17	8.23	380016	5709715.000
10/26/2012	8.22	8.45	7.81	8.05	687454	10236289.000
10/29/2012	7.85	8.11	7.85	7.99	237110	3444602.250
10/30/2012	7.96	8.06	7.90	8.01	311196	4525169.000
10/31/2012	7.93	8.09	7.69	8.09	1760640	25304610.000
11/01/2012	8.06	8.49	8.01	8.32	1690394	25512586.000
11/02/2012	8.37	8.52	8.23	8.43	952797	14617461.000
11/05/2012	8.71	8.88	8.47	8.69	1839341	29045900.000
11/06/2012	8.67	8.67	8.41	8.53	813471	12596575.000
11/07/2012	8.68	8.72	8.37	8.59	1149448	17945886.000
11/08/2012	8.58	8.58	8.24	8.29	484033	7375037.500
11/09/2012	8.26	8.33	8.18	8.27	515992	7747867.500
11/12/2012	8.33	8.87	8.27	8.56	1457361	22817956.000
11/13/2012	8.51	8.56	8.21	8.29	666247	10157018.000
11/14/2012	8.34	8.89	8.34	8.87	2065777	32732226.000
11/15/2012	8.65	8.82	8.54	8.62	787036	12404278.000
11/16/2012	8.61	8.61	8.04	8.22	1177999	17672828.000
11/19/2012	8.23	8.30	8.02	8.23	420330	6247493.000
11/20/2012	8.29	8.33	8.18	8.28	680377	10250325.000
11/21/2012	8.08	8.27	7.84	8.12	1022353	14898339.000
11/22/2012	8.12	8.12	7.73	7.82	631289	9035984.000
11/23/2012	7.82	7.96	7.79	7.87	301374	4334235.000
11/26/2012	7.86	7.97	7.81	7.88	191788	2760980.750
11/27/2012	7.82	7.84	7.40	7.41	680881	9308555.000
11/28/2012	7.29	7.40	7.01	7.07	1011120	13114511.000
11/29/2012	7.05	7.17	6.96	6.96	506130	6521868.500
11/30/2012	6.93	7.06	6.79	7.01	530751	6730956.000
12/03/2012	7.02	7.18	6.86	7.07	1458925	18937608.000
12/04/2012	6.96	7.37	6.96	7.34	513365	6795543.000
12/05/2012	7.32	7.74	7.22	7.68	687105	9491776.000
12/06/2012	7.68	7.78	7.52	7.58	421974	5843181.000
12/07/2012	7.64	7.80	7.45	7.76	1089875	15119719.000
12/10/2012	7.73	7.94	7.61	7.81	916907	13025972.000
12/11/2012	7.63	7.74	7.58	7.61	644670	9003787.000
12/12/2012	7.68	7.95	7.60	7.77	747525	10559211.000
12/13/2012	7.76	7.76	7.41	7.54	677478	9320084.000
12/14/2012	7.65	7.94	7.57	7.91	1274067	18250474.000
12/17/2012	7.92	8.11	7.80	8.02	1110711	16107153.000
12/18/2012	7.96	8.04	7.82	7.87	642590	9306848.000
12/19/2012	7.87	8.31	7.84	8.22	1250112	18407364.000
12/20/2012	8.18	8.44	8.12	8.36	969528	14608934.000
12/21/2012	8.32	8.81	8.32	8.61	1741760	27295662.000
12/24/2012	8.77	8.77	8.54	8.65	1130940	17828178.000
12/25/2012	8.61	8.84	8.49	8.78	826093	13098491.000
12/26/2012	8.72	8.92	8.64	8.90	701298	11228089.000
12/27/2012	8.88	8.88	8.55	8.76	1003596	15928027.000
12/28/2012	8.64	9.11	8.63	8.94	770582	12439821.000
12/31/2012	9.11	9.16	8.68	8.74	365499	5854148.500
01/04/2013	8.76	8.93	8.48	8.74	871187	13733502.000
01/07/2013	8.74	9.10	8.74	9.06	548544	8942725.000
01/08/2013	9.06	9.33	8.90	9.18	782401	13001997.000
01/09/2013	9.28	9.28	9.02	9.19	456490	7584715.000
01/10/2013	9.18	9.28	8.96	9.04	377202	6210629.500
01/11/2013	9.07	9.11	8.91	9.01	451676	7402629.500
01/14/2013	8.86	9.92	8.86	9.67	1166989	20016938.000
01/15/2013	9.52	9.88	9.50	9.66	868553	15151799.000
01/16/2013	9.67	9.71	9.38	9.51	336739	5823709.500
01/17/2013	9.46	9.50	9.24	9.28	409859	7004419.000
01/18/2013	9.34	9.83	9.34	9.53	569574	9958622.000
01/21/2013	9.53	9.87	9.41	9.84	705712	12407205.000
01/22/2013	9.73	10.40	9.60	10.21	2156505	39679704.000
01/23/2013	10.22	10.33	9.90	10.14	678689	12440109.000
01/24/2013	9.99	10.28	9.59	9.73	928779	16656023.000
01/25/2013	9.73	10.01	9.68	9.79	540765	9710290.000
01/28/2013	9.89	10.03	9.76	9.94	678509	12155648.000
01/29/2013	10.06	10.28	9.86	10.23	676126	12384359.000
01/30/2013	10.29	10.39	10.06	10.23	723495	13495279.000
01/31/2013	10.23	10.46	10.01	10.36	634595	11828360.000
02/01/2013	10.43	10.64	10.29	10.60	657708	12589929.000
02/04/2013	10.71	10.73	9.92	10.12	763951	14086860.000
02/05/2013	10.08	10.17	9.93	10.03	665825	12101045.000
02/06/2013	10.06	10.12	9.68	9.88	1242218	22219136.000
02/07/2013	9.87	9.93	9.65	9.87	515986	9166048.000
02/08/2013	9.87	10.28	9.84	10.23	723627	13242302.000
02/18/2013	10.23	10.66	10.23	10.55	652932	12479245.000
02/19/2013	10.72	11.00	10.34	10.89	1108455	21709106.000
02/20/2013	10.95	11.01	10.77	10.91	518077	10262424.000
02/21/2013	10.83	11.12	10.42	10.57	744339	14465450.000
02/22/2013	10.59	10.59	10.41	10.48	404637	7697711.000
02/25/2013	10.47	10.64	10.33	10.62	440835	8430377.000
02/26/2013	10.57	10.63	10.28	10.34	655900	12395947.000
02/27/2013	10.23	10.56	10.23	10.47	501219	9529765.000
02/28/2013	10.56	10.56	10.27	10.51	312004	5902055.000
03/01/2013	10.49	11.07	10.47	11.02	948944	18581404.000
03/04/2013	11.07	11.07	9.91	10.23	1151580	21877792.000
03/05/2013	10.18	10.44	9.90	10.37	627670	11638495.000
03/06/2013	10.42	10.67	10.33	10.58	418065	8041331.000
03/07/2013	10.58	10.95	10.12	10.12	987705	18784902.000
03/08/2013	10.17	10.62	10.01	10.01	455123	8391481.000
03/11/2013	9.91	10.21	9.91	9.98	370870	6791239.000
03/12/2013	10.07	10.29	9.58	9.65	1000186	17966416.000
03/13/2013	9.58	10.01	9.58	9.79	1215237	21729230.000
03/14/2013	9.79	9.93	9.70	9.90	182585	3268558.000
03/15/2013	9.90	10.22	9.80	9.96	1526584	27788528.000
03/18/2013	10.00	10.00	9.69	9.89	407580	7275586.500
03/19/2013	9.89	10.01	9.76	9.96	394943	7096846.000
03/20/2013	9.96	10.34	9.91	10.29	560229	10334119.000
03/21/2013	10.45	10.67	10.25	10.29	662013	12549476.000
03/22/2013	10.45	10.71	10.26	10.42	877407	16667131.000
03/26/2013	10.34	10.76	9.92	10.76	704657	13424137.000
03/27/2013	10.82	11.44	10.71	11.29	914478	18595938.000
03/28/2013	11.21	11.29	10.78	10.90	818909	16594572.000
03/29/2013	11.28	12.00	11.17	12.00	2167607	46391812.000
04/01/2013	11.90	12.12	11.57	12.01	1741809	37542024.000
04/02/2013	11.93	12.09	11.40	11.51	1396775	29510862.000
04/03/2013	11.56	11.62	11.13	11.24	609248	12486174.000
04/08/2013	11.21	11.67	10.90	11.63	1006090	20722216.000
04/09/2013	11.49	11.82	11.48	11.59	724397	15394869.000
04/10/2013	11.68	12.07	11.01	11.33	570122	11902624.000
04/11/2013	11.32	11.56	11.17	11.43	249398	5116925.500
04/12/2013	11.18	11.39	11.10	11.21	238505	4863511.000
04/15/2013	11.37	11.37	11.09	11.21	236700	4820059.500
04/16/2013	11.08	11.45	10.79	11.37	828304	16617773.000
04/17/2013	11.39	11.72	11.21	11.71	567555	11945187.000
04/18/2013	11.64	11.77	11.29	11.45	569784	11859968.000
04/19/2013	11.45	12.21	11.42	12.07	1012493	21663182.000
04/22/2013	12.07	12.34	11.99	12.28	751133	16580487.000
04/23/2013	12.21	12.59	11.79	11.79	867010	18826298.000
04/24/2013	11.73	12.50	11.70	12.40	668474	14768284.000
04/25/2013	12.43	12.66	12.11	12.13	1145510	25867902.000
04/26/2013	11.85	12.06	11.66	11.68	420008	9050664.000
05/02/2013	11.57	11.84	11.37	11.76	297971	6334594.000
05/03/2013	11.92	12.04	11.59	11.89	434020	9352923.000
05/06/2013	11.96	12.00	11.68	11.96	755324	16242728.000
05/07/2013	11.96	11.96	11.40	11.46	1527403	32050150.000
05/08/2013	11.41	12.21	11.35	12.21	1397738	30133890.000
05/09/2013	12.11	12.67	11.78	12.61	1656811	37353396.000
05/10/2013	12.43	12.63	12.21	12.46	768022	17365096.000
05/13/2013	12.61	12.61	12.19	12.30	699432	15701311.000
05/14/2013	12.40	12.40	11.79	12.04	660364	14354713.000
05/15/2013	11.88	12.24	11.87	12.20	1117506	24485258.000
05/16/2013	12.18	12.34	11.83	11.84	1283417	28191996.000
05/17/2013	11.72	12.12	11.72	12.07	741314	15981674.000
05/20/2013	12.12	12.76	12.12	12.76	1196660	27109226.000
05/21/2013	12.76	13.12	12.57	12.92	990219	23199370.000
05/22/2013	12.57	13.00	12.51	12.54	667663	15274782.000
05/23/2013	12.52	13.51	12.52	13.38	1339829	32048136.000
05/24/2013	13.29	13.53	13.18	13.39	576925	13970242.000
05/27/2013	13.40	13.48	13.17	13.23	705270	16996012.000
05/28/2013	13.28	13.28	12.76	13.01	394625	9248942.000
05/29/2013	13.07	13.48	12.87	13.48	557008	13403035.000
05/30/2013	13.62	13.73	13.22	13.46	628464	15216985.000
05/31/2013	13.32	13.54	13.24	13.29	460324	11111904.000
06/03/2013	13.29	13.42	12.74	13.12	743262	17532142.000
06/04/2013	12.91	13.26	12.57	12.73	609167	14179140.000
06/05/2013	12.65	12.98	12.64	12.94	452617	10504885.000
06/06/2013	12.87	12.95	12.31	12.43	524517	11889709.000
06/07/2013	12.42	12.79	12.29	12.46	812057	18348374.000
06/13/2013	12.34	12.43	11.96	12.39	821831	17958130.000
06/14/2013	12.50	13.17	12.40	12.79	445811	10288815.000
06/17/2013	12.79	13.15	12.63	12.94	334687	7834745.500
06/18/2013	12.79	13.04	12.60	12.79	306299	7103095.500
06/19/2013	12.89	12.89	12.44	12.61	603219	13771285.000
06/20/2013	12.62	12.62	11.34	11.34	1671440	35530892.000
06/21/2013	11.01	11.47	10.78	11.35	592983	11931849.000
06/24/2013	11.01	11.57	10.87	11.06	712757	14279911.000
06/25/2013	10.79	11.34	10.46	11.33	1499925	29920012.000
06/26/2013	11.68	11.77	11.28	11.59	614656	12774489.000
06/27/2013	11.68	11.74	11.01	11.13	556877	11354363.000
06/28/2013	10.96	11.24	10.90	11.07	829500	16605280.000
07/01/2013	11.01	11.22	10.79	11.12	862540	17088348.000
07/02/2013	11.12	11.34	10.84	11.34	844810	16785228.000
07/03/2013	11.27	11.27	10.59	11.07	733721	14465361.000
07/04/2013	11.01	11.05	10.63	10.83	787346	15433211.000
07/05/2013	10.84	10.89	10.57	10.57	592996	11465954.000
07/08/2013	10.51	10.51	9.84	9.87	1674114	30389294.000
07/09/2013	9.72	10.01	9.72	9.96	284524	5096285.000
07/10/2013	10.08	10.32	9.91	10.04	533334	9679790.000
07/11/2013	10.06	10.44	9.96	10.37	961993	17892578.000
07/12/2013	10.21	10.67	10.21	10.51	707082	13404671.000
07/15/2013	10.51	11.03	10.32	11.01	619228	11943855.000
07/16/2013	10.91	11.09	10.91	10.99	407097	8097806.000
07/17/2013	11.02	11.02	10.54	10.76	809245	15713143.000
07/18/2013	10.70	10.81	10.52	10.65	200927	3870087.500
07/19/2013	10.53	11.17	10.53	11.04	1072959	21387850.000
07/22/2013	11.02	11.15	10.62	11.07	920402	18064222.000
07/23/2013	11.12	11.22	10.98	11.03	491625	9842791.000
07/24/2013	11.01	11.16	10.69	11.12	1369997	27023540.000
07/25/2013	11.06	11.13	10.57	10.77	1020702	19981328.000
07/26/2013	10.73	10.78	10.36	10.51	1078299	20640982.000
07/29/2013	10.46	10.46	10.09	10.11	749946	13811973.000
07/30/2013	10.09	10.43	9.98	10.26	888624	16303437.000
07/31/2013	10.26	10.40	10.12	10.19	230968	4281256.500
08/01/2013	10.26	10.86	10.23	10.72	580386	11143440.000
08/02/2013	10.71	10.84	10.65	10.67	429851	8347364.500
08/05/2013	10.72	11.12	10.67	10.98	442420	8762690.000
08/06/2013	11.01	11.13	10.88	11.12	578007	11546862.000
08/07/2013	11.12	11.33	10.93	11.05	673182	13498578.000
08/08/2013	10.94	11.11	10.94	11.07	290127	5790657.000
08/09/2013	11.18	11.26	10.79	11.03	236167	4688313.500
08/12/2013	10.79	11.18	10.79	11.07	366872	7318635.500
08/13/2013	11.06	11.18	10.94	11.09	205826	4124162.000
08/14/2013	11.08	11.21	10.91	11.02	236309	4720265.000
08/15/2013	11.06	11.13	10.96	10.97	344200	6847336.500
08/16/2013	10.93	11.06	10.32	10.32	303401	5898973.500
08/19/2013	10.99	10.99	10.34	10.89	223804	4292634.000
08/20/2013	10.79	11.01	10.62	10.79	304226	5931418.500
08/21/2013	10.77	11.00	10.74	10.89	231851	4551745.000
08/22/2013	11.18	11.18	10.59	10.99	250745	4952896.500
08/23/2013	10.99	11.01	10.62	10.96	365604	7164047.500
08/26/2013	10.99	11.74	10.91	11.62	1064221	22008114.000
08/27/2013	11.59	12.17	11.47	12.16	1136396	24374160.000
08/28/2013	12.01	12.44	11.90	12.18	935278	20666742.000
08/29/2013	12.29	12.48	11.96	12.29	455790	10005603.000
08/30/2013	12.29	12.32	11.63	11.87	427711	9257222.000
09/02/2013	11.91	12.46	11.91	12.45	662781	14598668.000
09/03/2013	12.45	12.57	12.29	12.38	327407	7344333.500
09/04/2013	12.62	12.62	12.14	12.23	311549	6914043.500
09/05/2013	12.24	12.29	12.06	12.23	248117	5467351.000
09/06/2013	12.46	12.46	12.07	12.29	219395	4850321.000
09/09/2013	12.18	12.39	11.87	11.99	493074	10795258.000
09/10/2013	12.11	12.15	11.92	12.15	345013	7508677.000
09/11/2013	12.26	12.34	11.90	12.23	305900	6704465.500
09/12/2013	12.28	12.64	11.97	12.61	643698	14534648.000
09/13/2013	12.62	12.73	12.42	12.61	313567	7118313.000
09/16/2013	12.47	12.61	12.36	12.52	359968	8122594.000
09/17/2013	12.91	12.91	12.19	12.56	193015	4394307.500
09/18/2013	12.51	12.59	12.24	12.44	374163	8404065.000
09/23/2013	12.62	12.62	12.29	12.46	421279	9473719.000
09/24/2013	12.43	12.55	12.34	12.45	326611	7324396.500
09/25/2013	12.38	12.38	11.72	11.86	698656	15172289.000
09/26/2013	11.78	11.97	11.50	11.50	443954	9383599.000
09/27/2013	11.56	11.90	11.37	11.74	369680	7783535.500
09/30/2013	11.68	11.96	11.57	11.62	733969	15472025.000
10/08/2013	11.62	11.78	11.55	11.76	639143	13494637.000
10/09/2013	11.76	11.76	11.36	11.59	1347453	28091304.000
10/10/2013	11.59	11.59	11.39	11.52	585808	12132308.000
10/11/2013	11.52	11.57	11.40	11.52	875065	18155204.000
10/14/2013	11.57	11.62	11.43	11.51	1299817	27023990.000
10/15/2013	11.46	11.51	10.92	11.01	914683	18412774.000
10/16/2013	11.06	11.06	10.79	10.87	795629	15654226.000
10/17/2013	10.94	10.98	10.73	10.74	712094	13936920.000
10/18/2013	10.78	11.04	10.63	10.84	601106	11717859.000
10/21/2013	10.88	11.14	10.85	11.09	492509	9828782.000
10/22/2013	11.11	11.14	10.94	10.95	429495	8563531.000
10/23/2013	10.93	10.93	10.63	10.69	389230	7580944.500
10/24/2013	10.69	10.81	10.61	10.73	283203	5482219.500
10/25/2013	10.73	10.87	10.52	10.54	391986	7570563.500
10/28/2013	10.83	10.83	10.51	10.59	349028	6681651.000
10/29/2013	10.56	10.68	9.98	10.29	607369	11295948.000
10/30/2013	10.32	10.76	10.32	10.71	473595	9025199.000
10/31/2013	10.58	10.71	10.54	10.63	301752	5780440.500
11/01/2013	10.57	10.82	10.42	10.77	299482	5771761.000
11/04/2013	10.79	10.81	10.67	10.78	286053	5557657.000
11/05/2013	10.77	11.06	10.73	10.94	522608	10297123.000
11/06/2013	10.99	11.01	10.83	10.84	574077	11312570.000
11/07/2013	10.63	10.82	10.63	10.63	154538	2987466.250
11/08/2013	10.73	10.73	10.53	10.63	329239	6335332.000
11/11/2013	10.62	10.74	10.32	10.73	253243	4848109.500
11/12/2013	10.72	10.99	10.72	10.98	304236	5980382.500
11/13/2013	10.98	11.10	10.86	10.86	480206	9572997.000
11/14/2013	10.87	11.22	10.79	11.20	574048	11520941.000
11/15/2013	11.28	11.38	11.12	11.34	881376	17993054.000
11/18/2013	11.46	11.67	11.38	11.51	756761	15746142.000
11/19/2013	11.56	11.60	11.33	11.34	529682	10924047.000
11/20/2013	11.47	11.47	11.13	11.29	475053	9653852.000
11/21/2013	11.35	12.28	11.35	11.71	2156035	46010324.000
11/22/2013	11.63	11.88	11.46	11.53	803720	16925302.000
11/25/2013	11.62	11.62	11.26	11.56	504370	10435755.000
11/26/2013	11.49	11.91	11.40	11.69	820422	17234924.000
11/27/2013	11.73	11.98	11.55	11.95	1026308	21925732.000
11/28/2013	11.96	12.06	11.84	11.84	838927	18104340.000
11/29/2013	11.84	12.27	11.80	12.22	1227127	26712494.000
12/02/2013	11.57	11.88	10.99	11.07	1511329	31107306.000
12/03/2013	11.00	11.06	10.54	10.92	807788	15743069.000
12/04/2013	10.80	11.37	10.80	10.97	478851	9646787.000
12/05/2013	10.79	10.84	10.51	10.72	541018	10437115.000
12/06/2013	10.69	10.83	10.57	10.71	250308	4843868.000
12/09/2013	10.65	11.01	10.65	10.90	373041	7322627.500
12/10/2013	10.93	10.94	10.73	10.79	401828	7839437.000
12/11/2013	10.89	11.04	10.79	10.90	300315	5927853.500
12/12/2013	10.80	11.04	10.80	10.97	290974	5767265.500
12/13/2013	10.92	11.19	10.85	11.17	532005	10694324.000
12/16/2013	11.08	11.25	10.96	11.08	350894	7048169.000
12/17/2013	11.15	11.15	10.87	10.90	355110	7021627.000
12/18/2013	10.80	11.04	10.80	11.02	178091	3537197.750
12/19/2013	11.13	11.23	10.92	11.02	209464	4183475.000
12/20/2013	11.07	11.32	10.94	11.17	203179	4053089.250
12/23/2013	11.16	11.16	10.90	10.95	188223	3731379.000
12/24/2013	10.96	11.23	10.95	11.15	378347	7595531.500
12/25/2013	11.19	11.58	11.07	11.52	731324	15105990.000
12/26/2013	11.46	11.73	11.34	11.38	524643	10917121.000
12/27/2013	11.31	11.71	11.31	11.68	527607	11062029.000
12/30/2013	11.71	11.92	11.62	11.89	456079	9736757.000
12/31/2013	11.89	11.89	11.68	11.71	426692	9072067.000
01/02/2014	11.62	11.98	11.51	11.88	432383	9241518.000
01/03/2014	12.00	12.18	11.92	11.96	703751	15301851.000
01/06/2014	11.99	11.99	11.62	11.73	297810	6350163.500
01/07/2014	11.61	11.96	11.61	11.89	290378	6211287.000
01/08/2014	11.79	12.16	11.79	11.84	628789	13569908.000
01/09/2014	11.84	11.84	11.18	11.21	530476	11033424.000
01/10/2014	11.17	11.29	10.27	10.57	1288757	25077450.000
01/13/2014	10.59	10.69	10.09	10.31	1156970	21720268.000
01/14/2014	10.23	10.55	10.07	10.51	1581525	29519918.000
01/15/2014	10.56	10.89	10.40	10.82	2240225	43146516.000
01/16/2014	10.82	11.02	10.77	10.89	670056	13173188.000
01/17/2014	10.76	10.89	10.55	10.73	551432	10685997.000
01/20/2014	10.73	10.84	10.42	10.55	703124	13489865.000
01/21/2014	10.52	10.76	10.52	10.73	427354	8233318.500
01/22/2014	10.76	10.91	10.69	10.91	623531	12188619.000
01/23/2014	11.01	11.39	10.96	11.34	1216433	24624876.000
01/24/2014	11.49	11.68	11.22	11.60	880793	18375212.000
01/27/2014	11.56	11.57	11.33	11.37	965132	19930724.000
01/28/2014	11.30	11.50	11.24	11.39	298697	6133970.500
01/29/2014	11.39	11.72	11.36	11.72	538204	11287435.000
01/30/2014	11.63	11.88	11.39	11.73	422171	8789908.000
02/07/2014	11.73	11.90	11.51	11.84	947792	20239026.000
02/10/2014	11.86	12.15	11.86	12.09	968343	21100224.000
02/11/2014	12.09	12.14	11.64	11.99	635261	13618955.000
02/12/2014	11.99	12.72	11.99	12.57	1331294	30219232.000
02/13/2014	12.66	12.68	12.44	12.49	683790	15527764.000
02/14/2014	12.47	13.15	12.38	13.09	1202322	28177934.000
02/17/2014	13.05	13.29	12.96	13.10	773677	18395210.000
02/18/2014	12.92	13.28	12.84	12.90	1004062	23432930.000
02/19/2014	12.90	12.90	12.54	12.83	631563	14516610.000
02/20/2014	12.62	12.88	12.49	12.66	464601	10600264.000
02/21/2014	12.53	12.68	12.34	12.39	574598	12964659.000
02/24/2014	12.40	13.27	12.19	13.27	731326	16804990.000
02/25/2014	13.24	13.82	12.29	13.29	1194986	28566740.000
02/26/2014	13.08	13.78	12.47	13.78	1052690	24939046.000
02/27/2014	13.62	14.10	13.32	13.62	978965	24141010.000
02/28/2014	13.38	14.15	13.05	14.15	977905	24048236.000
03/03/2014	14.15	14.96	13.89	14.96	1245036	32458838.000
03/04/2014	14.72	15.22	14.59	14.78	1084499	29155438.000
03/05/2014	14.64	14.88	14.09	14.53	1158302	30034392.000
03/06/2014	14.37	14.37	13.29	13.71	2044916	50372968.000
03/07/2014	13.58	13.71	13.33	13.67	832520	20295972.000
03/10/2014	13.72	13.72	12.74	13.01	693657	16509406.000
03/11/2014	12.82	13.12	12.68	12.89	421041	9781820.000
03/12/2014	12.77	13.12	12.21	12.74	604781	13816787.000
03/13/2014	12.65	13.28	12.61	13.26	384672	9001719.000
03/14/2014	13.11	13.36	12.87	13.05	317959	7530302.500
03/17/2014	12.97	13.42	12.73	13.34	272022	6527372.500
03/18/2014	13.25	13.43	13.18	13.34	374305	9003317.000
03/19/2014	13.28	13.28	12.87	13.17	346690	8184668.500
03/20/2014	13.08	13.24	12.62	12.65	440975	10338035.000
03/21/2014	12.46	12.98	12.18	12.97	701665	15889196.000
03/24/2014	13.04	13.37	12.84	12.92	522720	12355490.000
03/25/2014	13.04	13.04	12.63	12.73	304876	7052835.000
03/26/2014	13.84	13.84	12.86	12.96	476102	11414498.000
03/27/2014	12.82	12.95	11.96	11.96	947525	21236508.000
03/28/2014	11.96	12.16	11.39	11.55	1211735	25430070.000
03/31/2014	11.55	11.72	10.96	11.31	1143885	23323060.000
04/01/2014	11.28	11.54	11.16	11.52	449004	9227818.000
04/02/2014	11.52	11.61	11.17	11.33	463388	9461569.000
04/03/2014	11.34	11.59	11.12	11.54	472292	9723270.000
04/04/2014	11.46	11.61	11.35	11.56	243474	5062599.000
04/08/2014	11.46	11.77	11.23	11.65	321183	6747661.500
04/09/2014	11.63	11.90	11.63	11.85	254659	5411025.000
04/10/2014	11.76	11.99	11.74	11.86	259410	5568648.000
04/11/2014	11.73	11.73	11.57	11.62	442089	9282910.000
04/14/2014	11.59	11.84	11.53	11.72	285139	5985133.500
04/15/2014	11.77	11.85	11.57	11.72	304754	6427548.000
04/16/2014	11.61	11.71	11.42	11.54	271402	5647557.000
04/17/2014	11.61	11.62	11.48	11.62	467048	9729573.000
04/18/2014	11.48	11.72	11.42	11.68	250087	5251302.000
04/21/2014	11.57	11.64	11.44	11.51	224256	4681367.500
04/22/2014	11.38	11.48	10.92	11.08	604535	12179250.000
04/23/2014	11.06	11.06	10.84	10.98	365547	7223351.000
04/24/2014	10.90	11.00	10.82	11.00	202799	3997086.500
04/25/2014	10.85	10.99	10.73	10.92	180838	3552537.750
04/28/2014	10.59	10.84	10.49	10.71	346187	6629280.500
04/29/2014	10.42	10.98	10.42	10.94	192972	3738563.000
04/30/2014	10.89	11.06	10.84	11.01	234341	4647234.000
05/05/2014	11.01	11.30	11.01	11.25	301118	6078975.000
05/06/2014	11.23	11.37	11.14	11.26	237848	4851750.500
05/07/2014	11.17	11.27	10.84	11.08	179499	3591793.000
05/08/2014	10.92	11.15	10.90	11.04	140816	2810364.250
05/09/2014	11.12	11.12	10.71	10.93	145691	2845691.750
05/12/2014	10.96	11.14	10.86	11.04	400387	7965638.000
05/13/2014	11.13	11.21	11.06	11.19	216024	4345389.500
05/14/2014	11.25	11.25	11.09	11.21	157955	3182547.000
05/15/2014	11.21	11.45	11.04	11.07	307456	6222195.000
05/16/2014	11.08	11.20	10.90	11.01	201250	4000658.500
05/19/2014	10.78	11.22	10.78	11.02	211270	4189340.750
05/20/2014	11.11	11.18	10.98	11.03	425157	8499153.000
05/21/2014	11.12	11.12	10.93	11.02	313105	6225647.000
05/22/2014	11.16	11.20	10.94	10.96	644655	7090081.000
05/23/2014	11.00	11.02	10.74	10.84	627454	6792553.500
05/26/2014	10.89	11.00	10.86	10.95	556899	6081123.500
05/27/2014	10.97	10.99	10.80	10.82	497715	5414629.500
05/28/2014	10.88	11.01	10.73	11.00	1257963	13731178.000
05/29/2014	11.00	11.11	10.60	10.75	827783	8987398.000
05/30/2014	10.72	11.45	10.61	10.93	1782693	19526054.000
06/03/2014	10.98	10.98	10.73	10.76	832954	9025388.000
06/04/2014	10.72	10.81	10.16	10.29	1531225	15895966.000
06/05/2014	10.30	10.50	10.15	10.48	850470	8765965.000
06/06/2014	10.49	10.50	10.18	10.31	1292396	13350567.000
06/09/2014	10.35	10.44	10.22	10.29	547252	5649627.000
06/10/2014	10.37	10.55	10.29	10.52	683503	7145359.500
06/11/2014	10.52	10.57	10.44	10.54	763837	8024601.000
06/12/2014	10.54	10.69	10.46	10.68	835825	8832506.000
06/13/2014	10.60	10.75	10.56	10.70	912594	9742117.000
06/16/2014	10.71	10.78	10.58	10.69	986128	10516739.000
06/17/2014	10.68	10.68	10.32	10.46	1017856	10643116.000
06/18/2014	10.40	10.40	9.95	10.18	1725127	17445996.000
06/19/2014	10.13	10.13	9.83	9.89	1632636	16201935.000
06/20/2014	9.98	10.13	9.88	10.06	633671	6338157.000
06/23/2014	10.06	10.17	9.90	10.09	1147219	11548523.000
06/24/2014	10.09	10.10	9.97	10.07	647032	6493020.000
06/25/2014	10.08	10.08	9.83	10.00	758690	7531793.500
06/26/2014	10.09	10.47	10.09	10.33	2251595	23309454.000
06/27/2014	10.18	10.61	10.18	10.49	1664021	17407088.000
06/30/2014	10.57	10.77	10.45	10.76	1760135	18711622.000
07/01/2014	10.60	10.69	10.45	10.65	3081852	32504226.000
07/02/2014	10.70	10.73	10.46	10.72	2300204	24337254.000
07/03/2014	10.71	10.96	10.64	10.84	2284442	24706540.000
07/04/2014	10.84	11.58	10.76	11.34	5132331	57327920.000
07/16/2014	11.44	12.24	11.35	11.96	8730440	103577912.000
07/17/2014	11.78	11.93	11.01	11.76	3379179	39340048.000
07/18/2014	11.68	11.91	11.33	11.37	2207757	25493506.000
07/21/2014	11.37	12.03	11.17	12.03	3260098	37890764.000
07/22/2014	12.03	12.19	11.92	12.05	3179395	38312124.000
07/23/2014	11.97	12.00	11.46	11.65	1961620	22913628.000
07/24/2014	11.58	11.71	11.00	11.32	1570927	17752728.000
07/25/2014	11.06	11.40	11.06	11.32	686584	7739592.000
07/28/2014	11.30	11.98	11.23	11.88	2023214	23615902.000
07/29/2014	11.82	11.95	11.76	11.89	1248760	14795999.000
07/30/2014	11.77	12.15	11.75	11.95	2118677	25277602.000
07/31/2014	11.90	11.98	11.66	11.96	1300124	15346330.000
08/01/2014	11.96	12.30	11.70	11.86	2886855	34722952.000
08/04/2014	11.77	12.00	11.61	11.80	1837225	21561538.000
08/05/2014	11.78	12.10	11.66	12.02	2479469	29556160.000
08/06/2014	12.01	12.05	11.80	11.98	1792082	21361558.000
08/07/2014	11.97	12.77	11.89	12.42	3974943	49286556.000
08/08/2014	12.43	12.79	12.29	12.51	3197481	40054184.000
08/11/2014	12.42	12.74	12.33	12.62	2186007	27356876.000
08/12/2014	12.65	12.97	12.61	12.96	2879334	37117700.000
08/13/2014	12.96	13.47	12.75	13.32	5474028	72197904.000
08/14/2014	13.17	13.35	12.88	12.88	3436846	45044208.000
08/15/2014	12.87	13.10	12.60	12.97	2679511	34552796.000
08/18/2014	12.95	13.45	12.95	13.38	3681454	48888196.000
08/19/2014	13.38	13.38	13.14	13.23	2442855	32311170.000
08/20/2014	13.22	13.35	12.95	13.23	3764643	49541228.000
08/21/2014	13.15	13.19	12.85	12.97	2452552	31973438.000
08/22/2014	12.96	13.24	12.90	13.15	1704198	22371924.000
08/25/2014	13.06	13.22	12.70	12.90	2066558	26809390.000
08/26/2014	12.81	13.00	12.57	12.75	2620233	33528636.000
08/27/2014	12.86	13.75	12.78	13.59	4617074	61609512.000
08/28/2014	13.59	14.39	13.42	14.19	6181450	87392760.000
08/29/2014	14.12	14.33	14.03	14.20	3349037	47408424.000
09/01/2014	14.21	15.40	14.10	15.00	3140350	46886564.000
09/02/2014	15.08	15.18	14.50	14.91	2761419	41111752.000
09/03/2014	14.80	15.05	14.66	15.03	2134623	31789428.000
09/04/2014	15.03	15.79	14.96	15.65	2541670	39204724.000
09/05/2014	15.52	15.78	15.13	15.72	2703956	41685544.000
09/09/2014	15.55	15.76	15.11	15.38	1946514	30121016.000
09/10/2014	15.30	15.37	15.03	15.24	2016064	30517894.000
09/11/2014	15.15	15.50	14.85	15.16	1540981	23351332.000
09/12/2014	15.15	15.19	14.90	15.16	1177009	17684476.000
09/15/2014	15.25	16.35	15.20	16.30	2663830	42410752.000
09/16/2014	16.40	16.45	15.55	15.57	2144056	34122564.000
09/17/2014	15.62	16.25	15.31	15.96	1938076	30617256.000
09/18/2014	16.00	16.25	15.85	15.99	893782	14350088.000
09/19/2014	16.10	17.20	16.05	17.06	3057726	51362664.000
09/22/2014	17.07	17.42	16.58	16.58	1903356	32114768.000
09/23/2014	16.58	17.05	16.10	16.94	1714081	28672514.000
09/24/2014	16.94	17.15	16.66	16.99	2583555	43885752.000
09/25/2014	16.99	17.85	16.99	17.48	1734925	30431784.000
09/26/2014	17.48	17.50	17.10	17.38	1148266	19837914.000
09/29/2014	17.40	17.49	16.95	17.10	1485221	25455066.000
09/30/2014	17.10	17.28	16.50	16.98	2155290	36117100.000
10/08/2014	16.94	17.04	16.67	17.02	1508441	25400906.000
10/09/2014	17.09	17.22	16.60	16.70	1479843	24899818.000
10/10/2014	16.75	16.79	16.38	16.60	1574400	26090646.000
10/13/2014	16.60	16.60	16.15	16.42	1428800	23260690.000
10/14/2014	16.44	16.78	16.28	16.40	1056411	17461660.000
10/15/2014	16.41	16.55	15.75	16.25	1431685	22973944.000
10/16/2014	16.13	16.27	15.76	16.08	950687	15290894.000
10/17/2014	16.02	16.48	15.85	16.28	1137063	18393498.000
10/20/2014	16.36	16.85	16.30	16.80	1451241	24144792.000
10/21/2014	16.88	16.88	15.80	16.00	2037335	33061204.000
10/22/2014	15.90	15.90	15.30	15.30	2886759	44796756.000
10/23/2014	15.18	15.58	14.63	15.41	2012326	30408722.000
10/24/2014	15.32	15.65	15.06	15.57	1083032	16786446.000
10/27/2014	15.41	15.82	15.32	15.79	566091	8849720.000
10/28/2014	15.85	16.25	15.81	16.06	748441	12028192.000
10/29/2014	16.09	16.28	15.84	16.09	751016	12079726.000
10/30/2014	16.09	16.22	15.64	15.70	1491696	23717492.000
10/31/2014	15.68	15.97	15.01	15.35	1717934	26213730.000
数据来源:通达信
