300019 硅宝科技 日线
      日期	    开盘	    最高	    最低	    收盘	    成交量	    成交额
10/08/2010	10.78	10.98	10.69	10.94	748080	13729190.000
10/11/2010	10.99	11.30	10.80	11.26	1186171	22058458.000
10/12/2010	11.26	11.48	11.00	11.12	1061181	20015782.000
10/13/2010	11.12	11.36	10.87	11.34	1073691	20049224.000
10/14/2010	11.41	11.59	11.19	11.23	1583037	30329700.000
10/15/2010	11.11	11.23	10.85	10.88	1068423	19777548.000
10/18/2010	10.87	10.88	10.34	10.48	967719	17122592.000
10/19/2010	10.55	11.59	10.55	11.59	1029607	19845090.000
10/20/2010	12.81	12.81	12.60	12.81	4865674	104039792.000
10/21/2010	12.89	12.89	12.02	12.23	5348640	111581040.000
10/22/2010	12.27	13.51	12.27	13.51	3746012	82856280.000
10/25/2010	13.80	14.91	13.18	14.91	8267353	199855088.000
10/26/2010	15.68	16.41	15.05	16.03	8764143	228071152.000
10/27/2010	15.98	15.98	15.06	15.43	4570976	117572288.000
10/28/2010	15.14	15.51	14.79	14.90	3553650	88784216.000
10/29/2010	15.14	16.40	15.13	15.29	5256402	137040704.000
11/01/2010	15.97	16.31	15.50	15.93	4324191	113993632.000
11/02/2010	15.68	15.69	15.12	15.18	3992493	101553264.000
11/03/2010	14.88	15.04	13.81	14.08	3366309	80255440.000
11/04/2010	14.05	14.29	13.73	14.29	2296079	53721964.000
11/05/2010	14.66	14.79	14.11	14.35	1848609	44126756.000
11/08/2010	14.30	15.04	14.14	14.94	2612351	64168300.000
11/09/2010	14.89	14.89	14.51	14.64	1991419	48419096.000
11/10/2010	14.45	15.18	14.45	15.11	2334327	57841868.000
11/11/2010	15.01	15.40	14.54	14.59	2771429	69609400.000
11/12/2010	14.46	14.59	13.11	13.42	2436813	56256040.000
11/15/2010	13.52	14.38	13.52	14.36	2019114	46995008.000
11/16/2010	14.41	15.05	13.80	14.46	2638705	64188540.000
11/17/2010	14.18	14.74	13.55	13.71	1578979	37009396.000
11/18/2010	13.99	14.18	13.59	13.86	1071793	24817002.000
11/19/2010	14.07	15.03	13.86	14.96	2886964	69793072.000
11/22/2010	14.96	15.86	14.83	15.39	4006322	102127288.000
11/23/2010	15.36	15.36	14.56	15.06	1672371	41426872.000
11/24/2010	14.84	15.36	14.74	15.34	1528810	38430000.000
11/25/2010	15.54	15.80	14.86	15.11	1677896	42318088.000
11/26/2010	15.05	15.80	14.88	15.74	3216241	82727200.000
11/29/2010	15.69	15.79	15.06	15.36	1883275	48289776.000
11/30/2010	15.19	15.49	13.76	14.28	2718587	64998372.000
12/01/2010	14.05	14.29	13.86	14.06	780339	18312576.000
12/02/2010	14.30	14.39	14.06	14.06	845720	20022092.000
12/03/2010	13.98	14.21	13.62	13.91	698199	16085322.000
12/06/2010	13.93	14.05	13.53	13.60	660969	15141186.000
12/07/2010	13.59	13.91	13.27	13.81	816250	18649590.000
12/08/2010	13.81	13.99	13.56	13.68	901504	20634692.000
12/09/2010	13.59	13.83	13.31	13.41	751309	16987964.000
12/10/2010	13.38	13.49	13.03	13.33	1305363	28894202.000
12/13/2010	13.48	14.36	13.37	14.14	1957012	45525540.000
12/14/2010	14.12	14.13	13.88	14.06	1084975	25348840.000
12/15/2010	14.12	14.25	13.98	13.99	1193829	28102752.000
12/16/2010	13.94	14.66	13.86	14.39	2078661	49931360.000
12/17/2010	14.22	14.96	14.19	14.63	1795491	43899516.000
12/20/2010	14.49	14.69	13.56	13.94	1734730	40739284.000
12/21/2010	13.94	14.18	13.81	14.06	884928	20608240.000
12/22/2010	14.14	14.14	13.64	13.80	987817	22773876.000
12/23/2010	13.86	14.00	13.65	13.78	511128	11750651.000
12/24/2010	13.77	13.77	13.18	13.28	717964	16096490.000
12/27/2010	13.28	13.56	12.93	13.00	659564	14651433.000
12/28/2010	12.91	12.95	12.56	12.56	632612	13386745.000
12/29/2010	12.56	12.77	12.56	12.73	429364	9103437.000
12/30/2010	12.85	12.89	12.61	12.77	362871	7730778.500
12/31/2010	12.85	13.08	12.84	13.02	555814	12043502.000
01/04/2011	13.01	13.48	12.90	13.33	630415	14000567.000
01/05/2011	13.12	13.49	13.12	13.34	564980	12540992.000
01/06/2011	13.53	13.53	13.11	13.11	457952	10109332.000
01/07/2011	13.12	13.24	12.89	12.96	418656	9146845.000
01/10/2011	12.74	12.96	12.46	12.49	429345	9127184.000
01/11/2011	12.36	12.74	12.11	12.58	389467	8091427.000
01/12/2011	12.54	12.83	12.50	12.76	410699	8695470.000
01/13/2011	12.86	12.86	12.53	12.53	320734	6783486.000
01/14/2011	12.54	12.67	12.02	12.04	534365	10865912.000
01/17/2011	12.01	12.01	11.43	11.46	403993	7896905.000
01/18/2011	11.49	11.58	11.31	11.48	291386	5599480.000
01/19/2011	11.48	11.78	11.48	11.78	245792	4810315.500
01/20/2011	11.78	11.78	11.24	11.24	314059	6091621.000
01/21/2011	11.17	11.44	11.11	11.34	431236	8180285.500
01/24/2011	11.34	11.40	10.99	11.12	272827	5148272.500
01/25/2011	10.93	11.11	10.79	10.99	320862	5898414.000
01/26/2011	11.04	11.30	10.96	11.19	362280	6797504.500
01/27/2011	11.11	11.40	11.05	11.30	354643	6731788.500
01/28/2011	11.43	12.43	11.43	11.99	951185	19152428.000
01/31/2011	11.84	12.04	11.55	11.92	582464	11545860.000
02/01/2011	11.87	12.03	11.83	11.96	398903	7988053.500
02/09/2011	11.86	11.89	11.49	11.56	364414	7155330.500
02/10/2011	11.60	12.78	11.49	12.78	1276384	26722022.000
02/11/2011	13.29	13.32	12.79	12.81	1810534	39304180.000
02/14/2011	12.73	12.99	12.57	12.89	1102318	23530692.000
02/15/2011	12.83	13.02	12.71	12.88	954018	20549296.000
02/16/2011	12.83	13.00	12.73	12.96	822050	17735802.000
02/17/2011	13.04	13.10	12.68	13.03	793247	17100992.000
02/18/2011	12.87	13.00	12.63	12.68	583442	12446582.000
02/21/2011	12.68	13.05	12.56	13.03	616625	13200821.000
02/22/2011	13.04	13.28	12.48	12.48	985374	21198864.000
02/23/2011	12.31	12.73	12.29	12.66	535403	11288647.000
02/24/2011	12.66	12.74	12.36	12.52	601792	12606058.000
02/25/2011	12.49	12.69	12.49	12.53	568140	11956025.000
02/28/2011	12.63	12.73	12.43	12.66	539721	11374787.000
03/01/2011	12.73	12.93	12.61	12.80	600957	12840448.000
03/02/2011	12.71	13.56	12.68	13.43	1870378	41355120.000
03/03/2011	13.41	13.49	12.91	12.93	1097807	24106364.000
03/04/2011	12.99	13.01	12.64	12.88	546949	11664686.000
03/07/2011	12.97	13.05	12.74	13.05	701737	15131393.000
03/08/2011	13.05	13.53	13.01	13.36	1253172	27877980.000
03/09/2011	13.38	13.43	12.93	13.21	983784	21555540.000
03/10/2011	13.21	13.35	13.10	13.16	846648	18690392.000
03/11/2011	13.18	13.28	12.93	12.96	677575	14791053.000
03/14/2011	12.99	13.21	12.74	13.11	785476	17165832.000
03/15/2011	12.93	13.10	12.34	12.54	1051106	22126542.000
03/16/2011	12.54	12.64	12.43	12.58	702746	14740493.000
03/17/2011	12.49	12.50	11.99	12.03	721023	14768272.000
03/18/2011	12.04	12.24	12.04	12.14	327874	6670338.500
03/21/2011	11.99	12.31	11.99	12.18	363988	7444624.000
03/22/2011	12.18	12.28	12.01	12.28	277490	5661540.500
03/23/2011	12.28	12.48	12.16	12.48	473837	9769923.000
03/24/2011	12.48	12.48	12.26	12.28	377347	7785952.500
03/25/2011	12.30	12.43	12.16	12.34	504956	10403839.000
03/28/2011	12.34	12.48	12.24	12.38	454859	9394507.000
03/29/2011	12.32	12.33	11.71	11.76	901292	18037844.000
03/30/2011	11.68	11.89	11.53	11.74	413738	8110393.500
03/31/2011	11.83	12.11	11.57	11.68	488000	9681355.000
04/01/2011	11.68	11.78	11.40	11.63	456427	8856268.000
04/06/2011	11.67	11.71	11.51	11.68	357196	6961561.000
04/07/2011	11.71	11.85	11.58	11.85	604588	11864567.000
04/08/2011	11.85	11.98	11.74	11.96	594107	11805102.000
04/11/2011	11.94	11.94	11.56	11.61	550487	10814152.000
04/12/2011	11.56	11.68	11.46	11.48	405294	7864588.000
04/13/2011	11.53	11.69	11.46	11.67	510002	9948996.000
04/14/2011	11.68	11.68	11.49	11.56	526764	10217626.000
04/15/2011	11.54	11.58	11.25	11.39	511776	9812230.000
04/18/2011	11.39	11.39	11.23	11.23	439225	8329189.500
04/19/2011	11.25	11.36	10.99	11.19	737976	13841838.000
04/20/2011	11.23	11.49	11.14	11.47	752172	14389904.000
04/21/2011	11.37	11.53	11.37	11.40	456318	8757870.000
04/22/2011	11.40	11.55	11.31	11.45	577958	11095438.000
04/25/2011	11.44	11.44	10.90	10.96	538881	10052805.000
04/26/2011	10.99	11.07	10.62	10.68	503527	9162497.000
04/27/2011	10.74	10.83	10.34	10.39	399438	7116848.000
04/28/2011	10.38	10.55	9.97	9.99	459799	7952577.000
04/29/2011	9.99	10.32	9.99	10.28	344801	5935900.000
05/03/2011	10.28	10.46	10.28	10.42	261054	4574336.500
05/04/2011	10.40	10.40	10.05	10.11	353967	6069843.000
05/05/2011	10.03	10.61	10.03	10.43	585296	10345025.000
05/06/2011	10.33	10.53	10.21	10.47	308860	5433190.000
05/09/2011	10.54	10.68	10.43	10.49	353060	6275174.500
05/10/2011	10.59	10.59	10.29	10.43	330693	5802001.500
05/11/2011	10.52	10.52	10.34	10.39	219183	3858218.750
05/12/2011	10.31	10.36	10.09	10.12	335223	5782988.000
05/13/2011	10.12	10.21	9.90	10.08	532219	9032531.000
05/16/2011	10.09	10.19	9.98	10.04	261250	4457719.500
05/18/2011	9.99	10.13	9.74	10.09	173150	2946632.750
05/19/2011	10.08	10.13	9.88	9.92	232350	3939590.250
05/20/2011	9.92	10.08	9.86	9.97	155990	2631830.750
05/23/2011	9.89	10.02	9.56	9.60	304550	5042716.000
05/24/2011	9.54	10.31	9.31	10.15	847351	14312870.000
05/25/2011	10.05	10.14	9.79	9.81	376746	6339572.000
05/26/2011	9.83	9.99	9.67	9.67	214010	3526446.500
05/27/2011	9.64	9.89	9.49	9.60	294532	4787407.500
05/30/2011	9.59	10.14	9.46	9.84	630948	10480829.000
05/31/2011	10.07	10.08	9.52	9.93	436172	7169033.500
06/01/2011	9.94	9.99	9.84	9.95	317799	5285344.500
06/02/2011	9.86	9.86	9.58	9.71	278531	4523944.500
06/03/2011	9.65	10.73	9.65	10.39	631047	10730587.000
06/07/2011	10.30	10.39	10.12	10.26	366321	6290582.500
06/08/2011	10.16	10.26	10.06	10.21	309021	5255182.500
06/09/2011	10.21	10.33	9.91	9.91	251432	4265490.000
06/10/2011	9.92	9.93	9.53	9.77	328999	5357804.500
06/13/2011	9.77	9.96	9.59	9.79	238201	3898809.500
06/14/2011	9.79	9.99	9.76	9.89	261743	4340212.000
06/15/2011	9.89	9.93	9.65	9.67	294008	4838662.000
06/16/2011	9.67	10.66	9.67	10.01	1144701	19610372.000
06/17/2011	10.01	10.05	9.78	9.89	550969	9144573.000
06/20/2011	9.85	10.58	9.84	10.40	1325854	23038874.000
06/21/2011	10.41	10.51	10.14	10.45	953522	16485455.000
06/22/2011	10.40	10.50	10.24	10.36	602509	10444831.000
06/23/2011	10.32	10.77	10.16	10.64	1200036	21169540.000
06/24/2011	10.58	10.93	10.53	10.79	1054716	18946836.000
06/27/2011	10.77	10.91	10.63	10.66	880836	15806041.000
06/28/2011	10.66	10.69	10.46	10.61	725729	12819197.000
06/29/2011	10.53	10.76	10.48	10.50	579322	10274931.000
06/30/2011	10.46	10.67	10.46	10.59	430152	7613600.500
07/04/2011	10.78	10.88	10.62	10.88	784878	14158941.000
07/05/2011	10.86	10.97	10.74	10.89	545235	9855366.000
07/06/2011	10.89	10.90	10.71	10.89	496904	8979722.000
07/07/2011	10.78	11.08	10.74	10.88	884910	16158751.000
07/08/2011	10.89	10.89	10.49	10.61	681681	12101727.000
07/11/2011	10.61	10.71	10.49	10.65	442196	7848061.000
07/12/2011	10.61	10.61	10.27	10.28	636812	11086049.000
07/13/2011	10.34	10.52	10.28	10.48	529100	9215043.000
07/14/2011	10.52	10.85	10.48	10.84	1125509	20071720.000
07/15/2011	10.80	11.06	10.74	11.04	1336732	24518956.000
07/18/2011	11.08	11.26	10.81	10.88	842639	15428849.000
07/19/2011	10.84	10.95	10.53	10.64	762590	13603501.000
07/20/2011	10.74	10.83	10.55	10.68	434677	7770852.000
07/21/2011	10.74	10.74	10.49	10.63	442371	7830471.000
07/22/2011	10.63	10.70	10.52	10.56	312849	5545512.000
07/25/2011	10.56	10.56	9.83	10.02	787044	13338862.000
07/26/2011	9.99	10.07	9.78	9.93	367942	6101906.500
07/27/2011	9.93	10.07	9.80	10.03	424750	7125823.500
07/28/2011	9.99	9.99	9.83	9.96	394413	6552289.000
07/29/2011	9.89	10.56	9.85	10.13	847466	14631755.000
08/01/2011	9.84	10.30	9.84	10.16	440096	7453598.000
08/02/2011	10.09	10.17	9.78	10.11	743922	12371633.000
08/03/2011	9.98	10.51	9.86	10.43	1122314	19430820.000
08/04/2011	10.53	10.64	10.25	10.28	643790	11223127.000
08/05/2011	9.99	10.06	9.87	9.90	713197	11915172.000
08/08/2011	9.83	9.85	8.86	8.94	1039001	16160899.000
08/09/2011	8.64	8.89	8.27	8.78	716719	10383343.000
08/10/2011	8.89	9.10	8.89	8.96	483711	7336783.500
08/11/2011	8.86	9.27	8.68	9.19	542841	8294021.000
08/12/2011	9.28	9.39	9.18	9.21	597584	9300446.000
08/15/2011	9.18	9.43	9.18	9.41	793605	12447717.000
08/16/2011	9.43	9.43	9.26	9.26	510597	8008569.000
08/17/2011	9.21	9.34	9.13	9.26	446514	6936226.500
08/18/2011	9.30	9.37	9.03	9.05	327720	5047932.000
08/19/2011	8.77	8.97	8.70	8.96	399086	5946467.000
08/22/2011	8.96	9.19	8.94	9.08	447549	6850133.000
08/23/2011	9.05	9.43	9.00	9.43	729905	11430219.000
08/24/2011	9.49	9.73	9.43	9.52	928762	14951734.000
08/25/2011	9.49	9.58	9.31	9.51	592531	9400803.000
08/26/2011	9.40	9.71	9.39	9.66	518313	8378967.500
08/29/2011	9.57	9.81	9.54	9.66	636111	10381082.000
08/30/2011	9.80	9.80	9.35	9.36	611432	9880377.000
08/31/2011	9.36	9.38	9.06	9.23	368313	5710172.500
09/01/2011	9.18	9.38	9.12	9.20	242697	3772168.000
09/02/2011	9.21	9.58	9.07	9.57	709930	11154584.000
09/05/2011	9.48	9.89	9.41	9.63	1431580	23292252.000
09/06/2011	9.63	9.65	9.31	9.46	791543	12618399.000
09/07/2011	9.46	9.96	9.34	9.89	1376133	22491630.000
09/08/2011	9.93	10.38	9.84	10.13	2365834	40441480.000
09/09/2011	10.03	10.36	9.96	10.19	1412634	24086912.000
09/13/2011	10.11	10.11	9.61	9.67	1117971	18406514.000
09/14/2011	9.66	10.37	9.49	10.36	1383913	22993860.000
09/15/2011	10.27	10.50	10.24	10.31	1739127	30226990.000
09/16/2011	10.30	10.59	10.22	10.51	1546167	26959998.000
09/19/2011	10.34	10.44	10.03	10.11	982499	16851750.000
09/20/2011	10.12	10.24	9.93	10.21	942407	15962384.000
09/21/2011	10.15	10.59	10.03	10.50	1469915	25444222.000
09/22/2011	10.39	10.49	9.99	9.99	1187427	20315594.000
09/23/2011	9.72	9.82	9.46	9.53	1106028	17859752.000
09/26/2011	9.46	9.58	9.00	9.05	995049	15554587.000
09/27/2011	9.20	9.29	9.02	9.11	506011	7789171.500
09/28/2011	9.30	9.30	8.78	8.83	564038	8546788.000
09/29/2011	8.81	8.81	8.39	8.51	401804	5825161.000
09/30/2011	8.51	8.64	8.43	8.59	260830	3772293.500
10/10/2011	8.59	8.69	8.47	8.55	216628	3133775.250
10/11/2011	8.80	8.89	8.51	8.52	355966	5222661.500
10/12/2011	8.52	8.92	8.43	8.88	505343	7489708.500
10/13/2011	8.81	9.14	8.81	9.09	679040	10353050.000
10/14/2011	9.11	9.11	8.89	9.01	325215	4915230.000
10/17/2011	9.08	9.18	8.94	9.07	232676	3544402.250
10/18/2011	8.94	9.32	8.86	8.86	543423	8334872.000
10/19/2011	8.83	8.97	8.78	8.80	279715	4172142.000
10/20/2011	8.78	8.78	8.32	8.39	390909	5587966.500
10/21/2011	8.41	8.49	8.24	8.28	332304	4686897.500
10/24/2011	8.35	8.46	8.06	8.44	342137	4809662.000
10/25/2011	8.44	8.70	8.36	8.63	376039	5426751.000
10/26/2011	8.68	8.96	8.65	8.87	761907	11322523.000
10/27/2011	8.83	8.94	8.74	8.75	482780	7194603.000
10/28/2011	8.93	9.06	8.83	9.05	713255	10758887.000
10/31/2011	9.05	9.11	8.98	9.07	574792	8757952.000
11/01/2011	9.08	9.08	8.83	8.93	539899	8145627.000
11/02/2011	8.82	9.19	8.69	9.19	957794	14480234.000
11/03/2011	9.28	9.58	9.18	9.18	1403336	22109426.000
11/04/2011	9.21	9.41	9.11	9.32	865809	13496143.000
11/07/2011	9.36	9.63	9.27	9.48	919746	14598803.000
11/08/2011	9.52	9.55	9.12	9.13	640549	10029632.000
11/09/2011	9.19	9.63	9.15	9.58	1037451	16406162.000
11/10/2011	9.41	9.88	9.37	9.66	2188188	35513008.000
11/11/2011	9.69	9.83	9.50	9.59	1026969	16660209.000
11/14/2011	9.68	9.96	9.59	9.83	1307469	21558034.000
11/15/2011	9.84	9.86	9.61	9.77	1083966	17656040.000
11/16/2011	9.69	9.76	9.29	9.36	942314	15060600.000
11/17/2011	9.33	9.62	9.27	9.41	567477	9010376.000
11/18/2011	9.31	9.41	8.89	8.96	657492	10103704.000
11/21/2011	8.96	9.07	8.77	8.91	305980	4569529.500
11/22/2011	8.85	8.96	8.77	8.96	258671	3864553.000
11/23/2011	8.98	9.01	8.86	8.91	271601	4098490.250
11/24/2011	8.81	8.98	8.71	8.86	278164	4141813.250
11/25/2011	8.83	9.01	8.81	8.82	233410	3500426.750
11/28/2011	8.99	8.99	8.71	8.80	196619	2921987.250
11/29/2011	8.85	9.73	8.85	9.73	1188782	19186320.000
11/30/2011	9.96	10.38	9.66	9.89	6193736	103659528.000
12/01/2011	10.02	10.30	9.71	9.92	4611011	77823944.000
12/02/2011	9.66	9.76	8.96	9.01	2936632	45771968.000
12/05/2011	8.83	8.86	8.27	8.27	1973507	28165496.000
12/06/2011	8.30	8.52	8.20	8.46	1021702	14560527.000
12/07/2011	8.46	8.51	8.23	8.44	1016623	14393800.000
12/08/2011	8.43	8.61	8.20	8.49	1138032	16202553.000
12/09/2011	8.39	8.43	8.28	8.35	522560	7379073.000
12/12/2011	8.39	8.53	8.31	8.34	474579	6747743.500
12/13/2011	8.28	8.29	7.83	7.86	808220	10875855.000
12/14/2011	7.86	7.93	7.71	7.78	449381	5985253.000
12/15/2011	7.74	7.74	7.52	7.53	613405	7937188.500
12/16/2011	7.53	7.84	7.47	7.80	493335	6407992.000
12/19/2011	7.80	7.93	7.56	7.88	651084	8538505.000
12/20/2011	7.80	8.03	7.77	7.89	609227	8189158.500
12/21/2011	7.93	7.96	7.52	7.52	491247	6527410.000
12/22/2011	7.43	7.43	7.02	7.29	631986	7788890.500
12/23/2011	7.28	7.43	7.21	7.32	448313	5597637.500
12/26/2011	7.30	7.41	7.21	7.21	339670	4229545.500
12/27/2011	7.14	7.14	6.83	6.84	364833	4348484.500
12/28/2011	6.78	6.80	6.53	6.69	604091	6862628.000
12/29/2011	6.63	6.76	6.59	6.66	280725	3216627.750
12/30/2011	6.76	7.38	6.66	7.38	1273728	15753581.000
01/04/2012	7.76	7.76	7.29	7.40	2386692	30614746.000
01/05/2012	7.21	7.52	6.88	7.23	1415237	17461204.000
01/06/2012	7.03	7.44	6.94	7.42	1304321	16059044.000
01/09/2012	7.34	7.72	7.07	7.60	2190047	27874470.000
01/10/2012	7.53	7.86	7.44	7.76	2070031	26985646.000
01/11/2012	7.76	7.80	7.55	7.65	1413334	18402050.000
01/12/2012	7.57	7.74	7.43	7.54	1091541	14123949.000
01/13/2012	7.46	7.71	6.89	6.96	1165015	14446390.000
01/16/2012	6.80	6.88	6.63	6.78	598058	6938436.500
01/17/2012	6.73	7.25	6.71	7.19	685499	8258548.000
01/18/2012	7.07	7.23	6.74	6.82	853440	10261749.000
01/19/2012	6.81	7.04	6.77	7.00	576972	6847964.500
01/20/2012	7.05	7.44	7.01	7.27	848945	10492382.000
01/30/2012	7.18	7.38	7.13	7.19	570350	7052523.000
01/31/2012	7.12	7.19	6.91	7.09	377817	4546975.000
02/01/2012	7.06	7.27	7.02	7.02	401551	4899168.000
02/02/2012	7.02	7.24	7.02	7.21	404648	4937323.500
02/03/2012	7.22	7.44	7.16	7.41	915523	11444652.000
02/06/2012	7.39	7.47	7.31	7.43	773292	9747138.000
02/07/2012	7.39	7.39	7.18	7.26	721061	8962048.000
02/08/2012	7.29	7.62	7.22	7.56	969740	12292679.000
02/09/2012	7.51	7.79	7.51	7.58	1375210	17912462.000
02/10/2012	7.48	7.63	7.44	7.56	1017362	13049699.000
02/13/2012	7.43	7.76	7.40	7.68	1036411	13511609.000
02/14/2012	7.68	7.79	7.56	7.60	716579	9307103.000
02/15/2012	7.58	7.76	7.55	7.76	1028430	13456829.000
02/16/2012	7.76	7.91	7.63	7.74	1080965	14268662.000
02/17/2012	7.76	7.81	7.58	7.63	797905	10382257.000
02/20/2012	7.71	7.80	7.63	7.63	637629	8355051.500
02/21/2012	7.57	7.80	7.43	7.80	1036565	13498067.000
02/22/2012	7.80	8.07	7.76	8.03	1727667	23330084.000
02/23/2012	8.08	8.08	7.91	8.02	1209961	16414647.000
02/24/2012	8.02	8.44	7.97	8.14	1745990	24272098.000
02/27/2012	8.14	8.24	7.99	8.02	1786772	24547034.000
02/28/2012	7.95	7.98	7.79	7.89	1060601	14193462.000
02/29/2012	7.83	8.00	7.81	7.88	609744	8180308.000
03/01/2012	7.82	7.99	7.78	7.87	489471	6573180.000
03/02/2012	7.87	8.04	7.87	8.02	576458	7810527.000
03/05/2012	8.08	8.12	7.96	7.99	627286	8529323.000
03/06/2012	7.95	8.01	7.79	7.90	568216	7589032.000
03/07/2012	7.83	7.98	7.78	7.86	503124	6755180.000
03/08/2012	7.89	8.08	7.84	8.07	892610	12065666.000
03/09/2012	8.08	8.24	8.05	8.23	1005376	13873161.000
03/12/2012	8.27	8.28	8.15	8.26	816934	11389630.000
03/13/2012	8.27	8.44	8.18	8.35	947255	13327748.000
03/14/2012	8.36	8.42	7.78	7.87	1275604	17698582.000
03/15/2012	7.87	7.96	7.64	7.81	678600	8984404.000
03/16/2012	7.86	8.16	7.84	8.12	674944	9183064.000
03/19/2012	8.12	8.34	8.02	8.29	880233	12313732.000
03/20/2012	8.29	8.36	8.04	8.08	701883	9677940.000
03/21/2012	8.13	8.64	8.03	8.55	2648844	37723900.000
03/22/2012	8.27	8.43	8.14	8.42	2408538	33798332.000
03/23/2012	8.31	8.38	7.85	7.87	1304855	17829406.000
03/26/2012	7.86	7.86	7.63	7.76	779029	10237083.000
03/27/2012	7.76	7.87	7.64	7.72	550706	7254162.500
03/28/2012	7.68	7.68	7.26	7.29	703091	8895915.000
03/29/2012	7.21	7.44	6.88	7.16	1026854	12392459.000
03/30/2012	7.16	7.18	6.89	7.02	331156	3990229.750
04/05/2012	6.99	7.21	6.98	7.20	456609	5556445.500
04/06/2012	7.20	7.25	7.09	7.25	432498	5308941.500
04/09/2012	7.22	7.24	7.09	7.10	375304	4577072.500
04/10/2012	7.07	7.21	6.91	7.20	347497	4187835.500
04/11/2012	7.08	7.21	7.05	7.18	325757	3972511.750
04/12/2012	7.21	7.94	7.19	7.94	3214557	43054884.000
04/13/2012	8.04	8.24	7.90	7.97	3655262	49759724.000
04/16/2012	7.79	7.97	7.71	7.84	1366327	18147740.000
04/17/2012	7.84	7.85	7.63	7.64	996310	13078518.000
04/18/2012	7.59	7.79	7.59	7.76	735949	9649492.000
04/20/2012	7.75	7.82	7.64	7.81	765047	10108704.000
04/23/2012	7.82	7.86	7.02	7.24	1426611	17713548.000
04/24/2012	7.12	7.27	6.87	7.19	848649	10321601.000
04/25/2012	7.21	7.29	7.08	7.28	471263	5800978.000
04/26/2012	7.29	8.04	7.19	7.58	1379382	17903760.000
04/27/2012	7.49	7.57	7.31	7.44	645185	8165419.500
05/02/2012	7.54	7.58	7.47	7.53	411922	5287675.000
05/03/2012	7.59	7.95	7.56	7.70	881202	11643505.000
05/04/2012	7.65	7.71	7.58	7.69	544326	7076821.500
05/07/2012	7.66	7.79	7.65	7.78	448016	5878940.500
05/08/2012	7.83	7.88	7.66	7.68	497451	6518519.000
05/09/2012	7.66	7.66	7.46	7.46	401466	5143883.000
05/10/2012	7.38	7.58	7.38	7.53	323966	4144637.250
05/11/2012	7.49	7.58	7.45	7.54	263949	3385732.000
05/14/2012	7.58	7.69	7.52	7.55	218850	2821751.000
05/15/2012	7.39	7.74	7.34	7.72	350583	4520748.500
05/16/2012	7.71	7.73	7.57	7.59	362510	4705254.000
05/17/2012	7.75	7.76	7.58	7.64	350660	4485525.000
05/18/2012	7.61	7.64	7.36	7.38	342328	4315706.000
05/21/2012	7.39	7.45	7.31	7.36	304651	3756448.000
05/22/2012	7.39	7.46	7.36	7.44	224435	2793581.750
05/23/2012	7.41	7.48	7.19	7.26	356939	4373719.000
05/24/2012	7.26	7.31	7.22	7.29	273332	3335057.500
05/25/2012	7.23	7.31	7.11	7.19	353866	4281450.500
05/28/2012	7.16	7.21	6.74	7.21	423206	4977102.000
05/29/2012	7.26	7.36	7.16	7.36	462040	5642263.500
05/30/2012	7.36	7.46	7.29	7.38	403636	5000180.000
05/31/2012	7.31	7.54	7.31	7.43	578481	7227583.000
06/01/2012	7.46	7.51	7.38	7.40	332951	4160989.000
06/04/2012	7.29	7.29	7.09	7.11	304012	3677430.750
06/05/2012	7.09	7.23	7.09	7.13	146772	1757319.000
06/06/2012	7.19	7.26	6.94	6.97	271142	3235287.250
06/07/2012	7.11	7.13	6.94	6.98	268924	3165154.250
06/08/2012	7.04	7.08	6.91	6.97	192808	2270692.500
06/11/2012	6.89	7.17	6.89	7.14	233898	2785838.000
06/12/2012	7.08	7.14	7.03	7.13	115891	1382994.750
06/13/2012	7.14	7.26	7.14	7.26	308081	3731934.750
06/14/2012	7.26	7.32	7.15	7.17	307100	3735694.000
06/15/2012	7.17	7.29	7.11	7.27	255309	3094126.750
06/18/2012	7.29	7.41	7.29	7.30	375712	4621079.000
06/19/2012	7.33	7.34	7.22	7.27	237359	2896868.750
06/20/2012	7.27	7.41	7.27	7.32	438905	5403641.000
06/21/2012	7.35	7.35	7.15	7.19	235443	2848449.000
06/25/2012	7.23	7.23	7.01	7.01	270401	3208238.000
06/26/2012	6.96	7.05	6.94	7.01	143892	1692781.125
06/27/2012	7.06	7.14	7.01	7.05	143052	1699022.875
06/28/2012	7.13	7.13	6.98	7.08	177050	2097493.750
06/29/2012	7.06	7.22	6.96	7.22	297852	3560946.500
07/02/2012	7.16	7.32	7.16	7.28	366797	4476030.000
07/03/2012	7.34	7.42	7.24	7.33	564496	6963868.000
07/04/2012	7.30	7.42	7.27	7.31	297206	3653479.000
07/05/2012	7.35	7.35	7.02	7.02	344881	4147290.750
07/06/2012	7.02	7.19	6.82	7.14	467251	5495387.500
07/09/2012	7.06	7.09	6.88	6.89	277607	3265971.500
07/10/2012	6.89	7.04	6.86	6.96	157681	1842930.000
07/11/2012	6.90	7.02	6.89	6.99	157700	1843294.000
07/12/2012	7.01	7.11	6.91	7.11	210599	2490754.000
07/13/2012	7.14	7.38	7.12	7.25	668028	8129321.000
07/16/2012	7.29	7.29	6.96	6.97	371461	4429818.000
07/17/2012	6.97	7.13	6.87	7.13	290811	3427289.250
07/18/2012	7.08	7.30	7.03	7.30	368045	4433888.500
07/19/2012	7.30	7.93	7.27	7.58	2392781	30464386.000
07/20/2012	7.56	7.63	7.48	7.48	578684	7316012.500
07/23/2012	7.46	7.53	7.37	7.49	454327	5671108.500
07/24/2012	7.49	7.57	7.37	7.54	516917	6492931.500
07/25/2012	7.54	7.60	7.44	7.48	222971	2806004.750
07/26/2012	7.48	7.70	7.44	7.51	663563	8449611.000
07/27/2012	7.51	7.58	7.35	7.40	316375	3943791.250
07/30/2012	7.43	7.49	7.28	7.30	238151	2937582.750
07/31/2012	7.24	7.37	6.94	6.94	331414	3943675.000
08/01/2012	6.90	7.14	6.90	7.08	383578	4533911.500
08/02/2012	7.08	7.13	6.96	7.00	232436	2747234.750
08/03/2012	7.00	7.21	6.90	7.18	495545	5906985.000
08/06/2012	7.13	7.32	7.06	7.31	635166	7685753.000
08/07/2012	7.36	7.55	7.29	7.40	669888	8335291.000
08/08/2012	7.32	7.44	7.25	7.30	453600	5583666.000
08/09/2012	7.31	7.54	7.19	7.46	874465	10850891.000
08/10/2012	7.46	7.46	7.33	7.38	387130	4792993.000
08/13/2012	7.47	7.50	7.34	7.37	590515	7340506.500
08/14/2012	7.39	7.76	7.34	7.71	1318189	16801556.000
08/15/2012	7.60	7.70	7.52	7.53	669848	8517597.000
08/16/2012	7.49	7.52	7.27	7.35	426357	5291393.000
08/17/2012	7.36	7.47	7.31	7.43	405944	5039806.500
08/20/2012	7.43	7.69	7.38	7.68	954219	12138790.000
08/21/2012	7.59	7.80	7.59	7.72	1070440	13825706.000
08/22/2012	7.66	7.73	7.53	7.54	658509	8396316.000
08/23/2012	7.54	7.75	7.49	7.73	1013407	13019634.000
08/24/2012	7.73	7.76	7.47	7.51	590372	7509396.000
08/27/2012	7.50	7.54	7.11	7.14	659852	8085137.000
08/28/2012	7.15	7.32	7.04	7.22	640478	7708765.500
08/29/2012	7.18	7.33	7.11	7.14	546902	6616988.500
08/30/2012	7.14	7.25	6.39	6.53	2535923	28695788.000
08/31/2012	6.46	6.61	6.42	6.56	616449	6783159.500
09/03/2012	6.62	6.69	6.46	6.66	558788	6233579.500
09/04/2012	6.68	6.70	6.58	6.58	614764	6869607.500
09/05/2012	6.56	6.75	6.53	6.74	555692	6263259.500
09/06/2012	6.72	6.86	6.68	6.83	517635	5895111.000
09/07/2012	6.89	7.08	6.81	7.03	1168398	13714682.000
09/10/2012	6.99	7.09	6.97	7.01	734873	8697844.000
09/11/2012	6.96	7.03	6.89	6.98	632360	7412925.000
09/12/2012	7.01	7.45	6.52	7.28	2256810	27292444.000
09/13/2012	7.16	7.24	6.94	6.96	1257592	15033657.000
09/14/2012	6.98	7.08	6.86	6.98	670074	7840482.500
09/17/2012	6.96	6.98	6.75	6.75	515732	5914982.500
09/18/2012	6.83	6.83	6.64	6.71	349366	3943988.250
09/19/2012	6.69	6.78	6.66	6.76	202698	2294644.250
09/20/2012	6.76	6.96	6.54	6.58	348538	3927208.500
09/21/2012	6.58	6.58	6.41	6.41	647559	7085067.000
09/24/2012	6.39	6.46	6.33	6.44	278561	3012661.500
09/25/2012	6.41	6.51	6.41	6.46	160082	1745344.250
09/26/2012	6.44	6.49	6.19	6.19	221987	2373121.500
09/27/2012	6.24	6.41	6.24	6.38	255984	2748116.000
09/28/2012	6.36	6.47	6.28	6.47	349682	3780604.750
10/08/2012	6.51	6.58	6.43	6.44	196701	2152166.250
10/09/2012	6.46	6.63	6.45	6.61	463645	5131626.500
10/10/2012	6.58	6.66	6.56	6.66	514518	5736244.000
10/11/2012	6.65	6.65	6.49	6.49	346856	3838790.500
10/12/2012	6.46	6.59	6.46	6.49	321944	3542517.750
10/15/2012	6.52	6.68	6.52	6.62	677758	7531129.500
10/16/2012	6.62	6.68	6.56	6.59	445431	4970948.000
10/17/2012	6.59	6.62	6.53	6.58	535660	5938087.500
10/18/2012	6.58	6.73	6.58	6.69	710544	7984358.500
10/19/2012	6.71	6.71	6.63	6.67	365000	4099705.000
10/22/2012	6.73	6.76	6.66	6.76	660647	7475299.000
10/23/2012	6.84	6.84	6.64	6.64	694089	7845173.500
10/24/2012	6.59	6.65	6.52	6.53	512398	5702062.000
10/25/2012	6.58	6.60	6.48	6.51	509585	5625907.000
10/26/2012	6.53	6.53	6.31	6.35	381078	4117480.000
10/29/2012	6.38	6.39	6.28	6.29	247150	2646349.250
10/30/2012	6.28	6.52	6.28	6.49	588094	6417459.500
10/31/2012	6.49	6.58	6.45	6.51	419310	4606870.000
11/01/2012	6.46	6.63	6.46	6.59	648933	7194539.000
11/02/2012	6.59	6.64	6.55	6.59	350458	3887063.250
11/05/2012	6.57	6.68	6.57	6.64	477352	5338261.000
11/06/2012	6.62	6.63	6.49	6.56	374675	4136510.500
11/07/2012	6.57	6.60	6.52	6.57	141578	1567048.625
11/08/2012	6.53	6.53	6.36	6.36	392872	4259370.000
11/09/2012	6.44	6.44	6.31	6.40	134168	1441567.125
11/12/2012	6.43	6.49	6.32	6.49	144472	1567278.125
11/13/2012	6.42	6.49	6.33	6.33	257400	2791942.000
11/14/2012	6.33	6.44	6.33	6.39	181670	1958565.375
11/15/2012	6.36	6.49	6.27	6.39	450990	4890292.000
11/16/2012	6.39	6.41	6.29	6.40	177269	1905715.500
11/19/2012	6.39	6.54	6.39	6.53	222401	2419987.250
11/20/2012	6.54	6.59	6.44	6.48	193990	2130851.750
11/21/2012	6.44	6.59	6.44	6.58	234620	2589816.750
11/22/2012	6.53	6.62	6.46	6.54	306700	3400050.000
11/23/2012	6.53	6.64	6.53	6.62	381497	4251305.000
11/26/2012	6.59	6.66	6.48	6.53	231311	2555596.750
11/27/2012	6.49	6.54	6.26	6.27	352934	3770069.000
11/28/2012	6.24	6.30	5.64	5.89	402349	4116677.500
11/29/2012	5.96	5.96	5.68	5.68	342552	3381287.750
11/30/2012	5.68	5.83	5.64	5.74	184768	1804923.625
12/03/2012	5.76	5.81	5.49	5.52	311334	2969364.250
12/04/2012	5.58	5.63	5.43	5.63	225061	2124088.000
12/05/2012	5.60	5.99	5.60	5.85	498756	4941031.000
12/06/2012	5.84	5.92	5.81	5.91	198277	1974433.875
12/07/2012	5.95	6.08	5.88	6.05	406442	4140196.000
12/10/2012	6.09	6.21	5.99	6.14	503593	5178994.000
12/11/2012	6.07	6.12	6.02	6.03	416397	4272277.500
12/12/2012	5.93	6.05	5.84	5.99	363704	3661567.750
12/13/2012	5.92	5.99	5.85	5.86	252326	2535053.000
12/14/2012	5.89	6.15	5.84	6.11	648200	6653270.500
12/17/2012	6.13	6.22	6.11	6.18	704410	7348500.000
12/18/2012	6.19	6.45	6.15	6.17	658109	6989741.000
12/19/2012	6.15	6.23	6.14	6.18	273524	2862812.250
12/20/2012	6.19	6.33	6.15	6.29	622560	6580401.500
12/21/2012	6.30	6.53	6.24	6.49	1062352	11488161.000
12/24/2012	6.44	6.73	6.44	6.66	1159250	13002164.000
12/25/2012	6.61	6.84	6.59	6.78	1023471	11607561.000
12/26/2012	6.88	7.00	6.66	6.94	1444524	16524175.000
12/27/2012	6.94	6.99	6.66	6.68	1342584	15287472.000
12/28/2012	6.68	6.82	6.61	6.76	875139	9917699.000
12/31/2012	6.78	7.02	6.71	7.02	1104377	12663960.000
01/04/2013	6.98	6.99	6.78	6.86	694300	8020033.500
01/07/2013	6.86	6.93	6.74	6.88	1147558	13165413.000
01/08/2013	6.84	7.20	6.84	7.09	1507781	17891608.000
01/09/2013	7.09	7.11	6.91	6.99	1138027	13435894.000
01/10/2013	7.01	7.06	6.89	6.94	637602	7487578.000
01/11/2013	7.26	7.67	7.18	7.67	4601953	58104560.000
01/14/2013	7.77	8.37	7.68	8.21	6330055	84461920.000
01/15/2013	8.04	8.32	8.04	8.19	3676879	50002420.000
01/16/2013	8.09	8.19	7.87	8.03	2569735	34590184.000
01/17/2013	8.02	8.08	7.80	7.88	1898141	25038664.000
01/18/2013	7.90	8.02	7.84	7.96	1211312	16051339.000
01/21/2013	7.96	8.07	7.83	8.00	1323658	17586996.000
01/22/2013	7.99	8.05	7.64	7.75	1338868	17673858.000
01/23/2013	7.67	7.81	7.49	7.72	989751	12668461.000
01/24/2013	7.72	7.76	7.40	7.43	1195636	15157796.000
01/25/2013	7.43	7.64	7.39	7.57	695047	8772397.000
01/28/2013	7.57	7.91	7.53	7.90	1036109	13456328.000
01/29/2013	7.95	7.97	7.83	7.86	880764	11649028.000
01/30/2013	7.86	7.95	7.71	7.79	843932	11045814.000
01/31/2013	7.84	7.98	7.78	7.98	984839	12969571.000
02/01/2013	7.94	8.05	7.88	7.93	834334	11080081.000
02/04/2013	7.95	8.01	7.73	7.83	681068	8922898.000
02/05/2013	7.82	7.93	7.66	7.89	938234	12299140.000
02/06/2013	7.85	7.99	7.82	7.93	711990	9429596.000
02/07/2013	7.99	8.08	7.91	7.95	698164	9327815.000
02/08/2013	7.96	8.08	7.93	8.06	854942	11457347.000
02/18/2013	8.09	8.90	8.09	8.58	2642566	37690608.000
02/19/2013	8.58	8.59	8.23	8.33	1408646	19728154.000
02/20/2013	8.33	8.58	8.28	8.58	945534	13352276.000
02/21/2013	8.54	8.54	8.14	8.19	1147008	15859444.000
02/22/2013	8.16	8.26	7.98	8.14	1081285	14661781.000
02/25/2013	8.18	8.26	8.09	8.23	743639	10150894.000
02/26/2013	8.21	8.58	8.16	8.31	1933279	27251912.000
02/27/2013	8.30	8.46	8.08	8.19	870728	11970418.000
02/28/2013	8.14	8.43	8.14	8.38	828759	11481166.000
03/01/2013	8.34	8.64	8.33	8.57	1342562	18941226.000
03/04/2013	8.39	8.56	8.14	8.18	1500576	20740610.000
03/05/2013	8.20	8.43	8.06	8.40	770754	10649869.000
03/06/2013	8.50	8.67	8.34	8.57	1217362	17300836.000
03/07/2013	8.55	8.57	8.34	8.44	944681	13301956.000
03/08/2013	8.41	8.58	8.40	8.46	568673	8019691.500
03/11/2013	8.46	8.68	8.39	8.58	891396	12724268.000
03/12/2013	8.58	9.39	8.58	8.90	4661280	69612440.000
03/13/2013	9.11	9.30	8.96	9.20	3994298	60644876.000
03/14/2013	9.19	9.51	8.90	9.19	3924924	60693984.000
03/15/2013	9.20	9.77	9.15	9.71	3913681	61597032.000
03/18/2013	9.58	10.71	9.52	10.70	7189644	123662248.000
03/19/2013	10.78	11.23	10.21	10.57	5159718	91560704.000
03/20/2013	10.40	10.77	10.14	10.41	4424148	76246736.000
03/21/2013	10.27	10.81	10.21	10.53	3707584	64924940.000
03/22/2013	10.39	10.46	10.03	10.10	3209100	54006632.000
03/25/2013	10.10	10.44	10.10	10.36	2486470	42329812.000
03/26/2013	10.33	10.39	9.99	10.28	1589280	26735304.000
03/27/2013	10.18	10.34	10.06	10.15	1362645	23001154.000
03/28/2013	10.05	10.06	9.52	9.60	2342471	37889232.000
03/29/2013	9.64	9.84	9.61	9.74	1245007	20054228.000
04/01/2013	9.70	10.03	9.64	10.00	1415264	23207258.000
04/02/2013	10.02	10.11	9.12	9.16	2545497	40240088.000
04/03/2013	9.16	9.26	8.61	8.77	2565873	37902620.000
04/08/2013	8.76	9.26	8.68	9.17	1434094	21416488.000
04/09/2013	9.18	9.29	9.08	9.14	962654	14699089.000
04/10/2013	9.23	9.33	8.92	9.14	897476	13660234.000
04/11/2013	9.14	9.19	8.99	9.10	647221	9806005.000
04/12/2013	9.04	9.24	9.04	9.16	583068	8861379.000
04/15/2013	9.15	9.36	9.07	9.11	962137	14766562.000
04/16/2013	9.11	9.35	8.93	9.35	905961	13813528.000
04/17/2013	9.31	9.68	9.31	9.64	1378567	21881012.000
04/18/2013	9.57	9.78	9.51	9.59	1033791	16560368.000
04/19/2013	9.54	9.96	9.54	9.91	1293042	21036966.000
04/22/2013	10.09	10.12	9.90	10.11	1370561	22758804.000
04/23/2013	10.11	10.13	9.70	9.75	1146033	18716774.000
04/24/2013	9.81	10.10	9.74	9.96	1263492	20731024.000
04/25/2013	9.91	9.91	9.49	9.49	1594374	25587810.000
04/26/2013	9.48	9.48	8.93	8.95	1181878	17999116.000
05/02/2013	8.90	8.91	8.65	8.79	2602412	37835344.000
05/03/2013	8.83	9.30	8.83	9.21	1280581	19465130.000
05/06/2013	9.27	9.51	9.27	9.35	1037081	16155715.000
05/07/2013	9.39	9.43	9.22	9.33	865053	13379078.000
05/08/2013	9.31	9.68	9.31	9.63	1166384	18344096.000
05/09/2013	9.63	9.88	9.53	9.81	1807774	29234246.000
05/10/2013	9.79	9.84	9.47	9.70	1504088	24072584.000
05/13/2013	9.70	9.92	9.63	9.82	1086530	17634964.000
05/14/2013	9.82	9.89	9.53	9.53	856640	13652899.000
05/15/2013	9.53	9.79	9.53	9.79	887805	14226885.000
05/16/2013	9.73	9.95	9.53	9.63	2019328	32651980.000
05/17/2013	9.57	10.06	9.54	10.03	2069508	33816996.000
05/20/2013	10.11	10.48	10.03	10.47	2675410	45522680.000
05/21/2013	10.49	10.76	10.33	10.58	2119656	36962864.000
05/22/2013	10.39	10.61	10.15	10.21	1838781	31389034.000
05/23/2013	10.09	10.57	10.08	10.33	1383565	23688322.000
05/24/2013	10.26	10.76	10.26	10.70	1689971	29410288.000
05/27/2013	10.69	10.83	10.48	10.70	2141206	37653612.000
05/28/2013	10.76	10.76	10.10	10.26	2636777	27796672.000
05/29/2013	10.26	10.66	10.16	10.38	2393099	25408252.000
05/30/2013	10.21	10.40	10.18	10.26	1444900	15114215.000
05/31/2013	10.25	10.53	10.21	10.23	1820440	19229962.000
06/03/2013	10.23	10.30	9.78	9.81	2722655	27606052.000
06/04/2013	9.81	9.81	9.44	9.52	1428251	14021757.000
06/05/2013	9.50	9.70	9.50	9.63	823768	8061890.500
06/06/2013	9.58	9.69	9.50	9.50	767577	7492259.000
06/07/2013	9.50	9.85	9.46	9.60	1253498	12288632.000
06/13/2013	9.52	9.52	9.01	9.17	1323504	12489101.000
06/14/2013	9.16	9.65	9.16	9.52	1773295	17002020.000
06/17/2013	9.52	9.59	9.30	9.33	1386039	13347469.000
06/18/2013	9.33	9.40	8.96	9.08	1472983	13712933.000
06/19/2013	9.06	9.06	8.81	9.03	779166	7104564.500
06/20/2013	9.01	9.02	8.79	8.83	859084	7820232.000
06/21/2013	8.70	8.78	8.46	8.72	883868	7778692.000
06/24/2013	8.63	8.65	7.83	7.94	1615862	13588910.000
06/25/2013	7.82	8.15	7.42	8.12	1638684	13212072.000
06/26/2013	8.12	8.38	7.96	8.37	1400565	11726289.000
06/27/2013	8.37	8.45	7.95	8.00	1440179	12099367.000
06/28/2013	7.97	8.13	7.61	7.72	1009441	8149787.000
07/01/2013	7.81	8.02	7.62	8.02	757579	6092314.500
07/02/2013	8.10	8.28	8.02	8.27	1587615	13292505.000
07/03/2013	8.27	8.43	7.95	8.30	1588280	13262319.000
07/04/2013	8.23	8.39	8.03	8.19	1282703	10787422.000
07/05/2013	8.20	8.25	7.99	7.99	1222241	10152400.000
07/08/2013	7.88	7.88	7.42	7.46	1111888	8664630.000
07/09/2013	7.46	7.63	7.41	7.52	601231	4667252.500
07/10/2013	7.66	8.29	7.66	8.29	1486478	12414549.000
07/11/2013	8.68	8.68	8.25	8.50	3583177	31145480.000
07/12/2013	8.44	9.17	8.31	8.95	3957234	35499512.000
07/15/2013	8.86	9.09	8.73	9.04	2479465	22730016.000
07/16/2013	8.95	9.05	8.78	9.02	2064115	18858226.000
07/17/2013	9.02	9.02	8.62	8.67	1594101	14386274.000
07/18/2013	8.60	9.10	8.50	9.05	2212653	20224632.000
07/19/2013	9.03	9.23	8.65	8.66	2317293	21288008.000
07/22/2013	8.70	9.03	8.46	8.96	1414304	12663737.000
07/23/2013	9.00	9.50	8.92	9.50	3550139	33273772.000
07/24/2013	9.40	9.59	9.21	9.49	3139530	30062706.000
07/25/2013	9.55	9.55	8.90	8.93	2197373	20562042.000
07/26/2013	8.89	9.02	8.68	8.80	982219	8867772.000
07/29/2013	8.94	9.29	8.80	8.98	2160035	20084848.000
07/30/2013	8.90	9.09	8.71	9.00	1373243	12527048.000
07/31/2013	9.04	9.12	8.93	8.96	1533409	14142285.000
08/01/2013	8.98	9.53	8.92	9.51	3435650	32714084.000
08/02/2013	9.60	10.00	9.44	9.51	4142287	40989040.000
08/05/2013	9.51	9.73	9.29	9.71	3060621	29614832.000
08/06/2013	9.60	9.79	9.52	9.63	2203558	21717012.000
08/07/2013	9.58	9.61	9.13	9.14	2250369	21425896.000
08/08/2013	9.12	9.32	9.12	9.21	1391776	13094278.000
08/09/2013	9.21	9.30	9.00	9.16	1313401	12274590.000
08/12/2013	9.15	9.30	9.10	9.30	1709297	16065785.000
08/13/2013	9.31	9.54	9.22	9.54	1885115	18210786.000
08/14/2013	9.55	9.68	9.39	9.65	2472979	24157246.000
08/15/2013	9.60	9.65	9.28	9.28	1614819	15588820.000
08/16/2013	9.21	9.45	8.98	9.05	1648455	15544672.000
08/19/2013	9.00	9.27	8.97	9.19	1938845	17999690.000
08/20/2013	9.19	9.57	9.15	9.42	2710181	26060160.000
08/21/2013	9.50	9.53	9.31	9.50	1409509	13583483.000
08/22/2013	9.44	9.63	9.40	9.57	1617899	15729996.000
08/23/2013	9.57	9.92	9.50	9.86	4252812	42243016.000
08/26/2013	9.86	10.12	9.80	10.01	3043203	30893258.000
08/27/2013	9.99	9.99	9.68	9.89	2234693	22362702.000
08/28/2013	9.87	9.87	9.52	9.62	2312966	22705642.000
08/29/2013	9.58	9.70	9.51	9.66	967494	9503648.000
08/30/2013	9.67	9.67	9.03	9.10	1943885	18466756.000
09/02/2013	9.11	9.26	9.08	9.26	752060	7059881.500
09/03/2013	9.22	9.37	9.21	9.36	527583	5016866.000
09/04/2013	9.35	9.37	9.18	9.25	650968	6136288.500
09/05/2013	9.32	9.45	9.20	9.24	1108155	10572141.000
09/06/2013	9.28	9.52	9.21	9.48	1521762	14612098.000
09/09/2013	9.49	9.83	9.49	9.75	3157426	31209454.000
09/10/2013	9.75	10.05	9.63	9.99	3115346	31478794.000
09/11/2013	9.99	10.08	9.68	9.85	2388270	23926586.000
09/12/2013	9.82	9.90	9.67	9.72	1022836	10178384.000
09/13/2013	9.65	9.95	9.64	9.95	1466303	14641965.000
09/16/2013	9.75	10.07	9.75	9.88	1785353	18120940.000
09/17/2013	9.94	9.99	9.53	9.59	1317026	13093668.000
09/18/2013	9.56	9.78	9.43	9.78	820328	8082484.500
09/23/2013	9.78	9.98	9.72	9.96	2060507	20794876.000
09/24/2013	9.96	9.99	9.70	9.86	1255518	12597751.000
09/25/2013	9.80	9.92	9.71	9.92	1081298	10820070.000
09/26/2013	10.00	10.93	9.97	10.93	2764638	30222136.000
09/27/2013	11.89	11.89	10.32	10.52	7148740	79603296.000
09/30/2013	10.15	10.46	10.13	10.33	3001605	31482814.000
10/08/2013	10.28	10.75	10.13	10.70	2733295	28923366.000
10/09/2013	10.52	10.88	10.52	10.75	2474021	26962272.000
10/10/2013	10.83	10.85	10.38	10.55	2022627	21775932.000
10/11/2013	10.51	10.69	10.47	10.66	1498180	16179246.000
10/14/2013	10.77	11.18	10.62	11.15	2841924	31378998.000
10/15/2013	11.20	11.54	10.90	11.15	3058913	34885768.000
10/16/2013	11.15	11.16	10.45	10.62	1989924	21605764.000
10/17/2013	10.66	10.81	10.51	10.62	1318220	14269858.000
10/18/2013	10.63	10.76	10.48	10.70	1162120	12598855.000
10/21/2013	10.75	11.07	10.63	11.00	1912033	21200896.000
10/22/2013	11.02	11.03	10.45	10.60	2785544	30329230.000
10/23/2013	10.60	10.65	9.99	10.10	1967384	20598188.000
10/24/2013	10.10	10.23	9.95	10.03	853790	8756449.000
10/25/2013	10.01	10.30	10.00	10.11	1656514	17111670.000
10/28/2013	10.12	10.26	10.06	10.19	764720	7928584.500
10/29/2013	10.11	10.25	9.34	9.58	1406406	14040300.000
10/30/2013	9.60	9.72	9.51	9.70	711141	6994568.000
10/31/2013	9.71	9.71	9.50	9.60	459191	4498085.000
11/01/2013	9.60	9.63	9.45	9.57	319424	3112712.000
11/04/2013	9.60	9.70	9.53	9.70	418186	4121011.500
11/05/2013	9.61	9.93	9.60	9.92	714146	7136711.000
11/06/2013	9.94	10.34	9.92	10.07	1621735	16791324.000
11/07/2013	10.07	10.36	9.87	10.19	1278984	13205279.000
11/08/2013	10.10	10.31	9.95	9.99	720559	7413488.000
11/11/2013	9.99	10.22	9.92	10.19	654335	6744133.500
11/12/2013	10.18	10.53	10.08	10.48	1276586	13475078.000
11/13/2013	10.48	10.48	10.02	10.02	895619	9350058.000
11/14/2013	10.07	10.49	9.83	10.39	1344441	13991174.000
11/15/2013	10.38	10.79	10.38	10.56	2368185	25625416.000
11/18/2013	10.56	11.10	10.50	11.02	2853024	31805458.000
11/19/2013	11.08	11.13	10.83	11.02	2491649	27860600.000
11/20/2013	11.05	11.16	10.89	11.06	1477358	16534643.000
11/21/2013	11.12	11.12	10.67	10.99	1504507	16589938.000
11/22/2013	10.90	10.92	10.71	10.76	1056775	11613232.000
11/25/2013	10.71	10.95	10.60	10.82	1361083	15046909.000
11/26/2013	10.82	11.35	10.74	11.24	3215910	36413980.000
11/27/2013	11.18	11.48	11.07	11.46	3117261	35832628.000
11/28/2013	11.50	11.62	11.36	11.52	2929189	34354104.000
11/29/2013	11.52	11.78	11.41	11.75	2672258	31543180.000
12/02/2013	11.43	11.43	10.56	10.60	4105782	45488212.000
12/03/2013	10.48	11.11	10.23	11.01	2565089	28023782.000
12/04/2013	10.97	11.35	10.89	11.04	2483776	28257274.000
12/05/2013	10.98	11.10	10.90	11.03	1313736	14711852.000
12/06/2013	11.10	11.10	10.88	10.92	1053400	11757560.000
12/09/2013	10.85	11.03	10.85	11.03	1041420	11616105.000
12/10/2013	11.01	11.06	10.91	10.99	794439	8878144.000
12/11/2013	10.94	10.94	10.60	10.76	1165023	12773625.000
12/12/2013	10.70	10.99	10.70	10.93	1334766	14765143.000
12/13/2013	10.90	11.30	10.70	11.27	1934489	21826770.000
12/16/2013	11.27	11.39	10.95	11.15	1209941	13723025.000
12/17/2013	11.10	11.55	11.00	11.45	3274012	37906460.000
12/18/2013	11.42	11.58	11.33	11.48	1837475	21432094.000
12/19/2013	11.37	11.55	11.15	11.35	1349727	15541341.000
12/20/2013	11.18	11.74	11.18	11.50	2067501	24207392.000
12/23/2013	11.45	12.16	11.31	11.89	5539925	66588444.000
12/24/2013	11.80	13.10	11.71	13.10	10616221	135941072.000
12/25/2013	13.18	13.18	12.52	12.92	9096403	117442256.000
12/26/2013	12.70	12.81	12.31	12.39	5250568	67252904.000
12/27/2013	12.36	12.80	12.02	12.79	5034011	63894896.000
12/30/2013	12.67	12.93	12.29	12.56	3876163	49438176.000
12/31/2013	12.38	12.50	11.81	11.91	3579241	43817836.000
01/02/2014	11.89	12.28	11.85	12.17	2494593	30846356.000
01/03/2014	12.16	12.65	12.00	12.63	3994626	50362240.000
01/06/2014	12.56	12.61	11.93	12.10	3019624	37804280.000
01/07/2014	11.93	12.48	11.93	12.42	2268598	28291070.000
01/08/2014	12.50	12.78	12.31	12.51	3859112	49101192.000
01/09/2014	12.46	12.50	11.88	11.89	2915745	36172076.000
01/10/2014	11.87	11.87	11.10	11.30	2399616	27842990.000
01/13/2014	11.30	11.48	11.20	11.36	1281239	14822153.000
01/14/2014	11.42	11.69	11.16	11.66	1683141	19622964.000
01/15/2014	11.61	11.89	11.58	11.88	1819786	21818348.000
01/16/2014	11.98	11.98	11.50	11.63	2413242	28669428.000
01/17/2014	11.64	11.87	11.45	11.68	1681112	19880262.000
01/20/2014	11.68	11.75	11.42	11.45	1050247	12345004.000
01/21/2014	11.42	11.88	11.42	11.88	1714036	20305120.000
01/22/2014	11.92	12.15	11.76	12.15	2578434	31382152.000
01/23/2014	12.15	12.38	12.07	12.16	2785561	34596424.000
01/24/2014	12.12	12.45	12.11	12.45	3004615	37721368.000
01/27/2014	12.39	12.60	12.17	12.27	3027322	38270076.000
01/28/2014	12.25	12.40	11.91	12.10	1877513	23037988.000
01/29/2014	12.10	12.68	12.04	12.68	2686370	33880900.000
01/30/2014	12.61	12.75	12.38	12.40	1400749	17854032.000
02/07/2014	12.40	12.70	12.15	12.60	1868229	23767566.000
02/10/2014	12.61	13.38	12.61	13.34	4788856	63417792.000
02/11/2014	13.34	13.39	12.71	12.97	3996845	52728000.000
02/12/2014	12.97	13.18	12.68	13.10	2652051	34892740.000
02/13/2014	13.07	13.07	12.42	12.48	3187618	41382380.000
02/14/2014	12.32	12.83	12.32	12.80	2553386	32632172.000
02/17/2014	12.80	13.28	12.72	13.21	3156398	42029312.000
02/18/2014	13.09	13.80	12.90	13.51	4776834	65383144.000
02/19/2014	13.49	13.70	13.15	13.49	3008493	40940312.000
02/20/2014	13.42	13.52	12.90	12.97	2580926	34430128.000
02/21/2014	12.91	13.27	12.86	12.98	1670813	22089514.000
02/24/2014	13.00	13.18	12.81	13.10	1512278	19928122.000
02/25/2014	13.15	13.69	12.34	12.41	3798445	50535208.000
02/26/2014	12.32	12.32	11.60	12.19	1819150	22341048.000
02/27/2014	12.17	12.74	11.89	11.90	2373162	29735038.000
02/28/2014	11.93	12.23	11.69	12.22	1171575	14250394.000
03/03/2014	12.17	12.44	12.11	12.42	1144293	14354557.000
03/04/2014	12.32	12.33	11.88	12.20	1486023	18311336.000
03/05/2014	12.27	12.27	12.00	12.18	1060855	13100510.000
03/06/2014	12.11	12.20	11.80	12.03	1147358	13960713.000
03/07/2014	12.02	12.20	11.91	12.06	883879	10851634.000
03/10/2014	12.05	12.53	11.88	11.90	2911353	36216644.000
03/11/2014	11.93	12.90	11.88	12.38	4043979	51239212.000
03/12/2014	12.38	12.78	12.24	12.76	3763788	47934104.000
03/13/2014	12.72	13.07	12.65	12.94	3242267	42243116.000
03/14/2014	12.83	12.96	12.62	12.86	1846903	23986188.000
03/17/2014	12.86	13.28	12.72	13.25	2858917	38007320.000
03/18/2014	13.25	13.25	12.92	13.10	2096457	27808740.000
03/19/2014	13.11	13.11	12.75	12.95	1742766	22774490.000
03/20/2014	12.83	12.98	12.31	12.35	1662203	21384336.000
03/21/2014	12.30	12.45	11.80	12.39	1537034	18937218.000
03/24/2014	12.39	12.39	12.01	12.22	1454096	17978588.000
03/25/2014	12.20	12.32	12.03	12.11	964631	11895874.000
03/26/2014	12.11	12.35	12.06	12.19	890719	11066077.000
03/27/2014	12.13	12.20	11.62	11.65	1599933	19247528.000
03/28/2014	11.68	11.76	10.91	11.09	1876044	21546982.000
03/31/2014	11.14	11.28	10.99	11.14	625314	7096339.000
04/01/2014	11.14	11.37	11.14	11.37	491807	5665866.500
04/02/2014	11.32	11.48	11.21	11.21	417340	4796155.500
04/03/2014	11.28	11.45	11.18	11.36	630996	7241552.000
04/04/2014	11.30	11.44	11.26	11.43	588920	6815644.000
04/08/2014	11.41	11.55	11.30	11.55	1012410	11755819.000
04/09/2014	11.57	11.76	11.52	11.72	994959	11821914.000
04/10/2014	11.65	11.89	11.65	11.77	947763	11356268.000
04/11/2014	11.74	11.74	11.42	11.52	658052	7707392.500
04/14/2014	11.52	11.83	11.40	11.82	894726	10632553.000
04/15/2014	11.75	12.08	11.74	11.93	1324916	16042790.000
04/16/2014	11.90	11.92	11.68	11.77	713295	8532647.000
04/17/2014	11.64	11.64	11.15	11.28	2305514	26481238.000
04/18/2014	11.37	11.88	11.22	11.66	1757993	20738386.000
04/21/2014	11.67	11.84	11.46	11.65	1702412	20323468.000
04/22/2014	11.65	11.79	11.55	11.72	751281	8890851.000
04/23/2014	11.72	11.92	11.46	11.90	1869697	22373824.000
04/24/2014	11.91	11.92	11.60	11.87	948959	11357909.000
04/25/2014	11.85	12.24	11.73	12.06	2066107	25331170.000
04/28/2014	12.01	12.67	12.01	12.12	2023320	25308224.000
04/29/2014	11.98	12.70	11.35	12.42	3561832	43917764.000
04/30/2014	12.20	13.02	12.20	12.63	3227831	41903748.000
05/05/2014	12.65	12.68	12.37	12.65	1552755	19728238.000
05/06/2014	12.59	12.59	12.21	12.38	2064998	25973334.000
05/07/2014	12.25	12.39	11.75	11.75	1897816	23061886.000
05/08/2014	11.78	11.93	11.36	11.45	1846430	21801874.000
05/09/2014	11.36	11.53	10.80	10.93	2056684	23092096.000
05/12/2014	11.04	11.05	10.70	11.01	2093668	23289412.000
05/13/2014	11.06	11.25	11.01	11.19	1550481	17258376.000
05/14/2014	11.19	11.20	11.08	11.16	912448	10162044.000
05/15/2014	11.20	11.23	10.95	10.96	1246852	13892586.000
05/16/2014	10.97	10.97	10.32	10.45	1745467	18330882.000
05/19/2014	10.47	10.53	10.35	10.48	605830	6307728.000
05/20/2014	10.54	10.65	10.37	10.39	1338595	14090393.000
05/21/2014	10.43	10.59	10.32	10.56	732219	7660486.000
05/22/2014	10.56	10.76	10.51	10.56	899343	9562634.000
05/23/2014	10.60	10.72	10.46	10.71	514419	5460862.500
05/26/2014	10.70	10.87	10.66	10.82	1194418	12871406.000
05/27/2014	10.84	10.89	10.72	10.76	594321	6409952.000
05/28/2014	10.80	10.95	10.70	10.92	1418053	15407660.000
05/29/2014	10.88	10.93	10.53	10.56	1152310	12344934.000
05/30/2014	10.53	10.73	10.53	10.65	733018	7811076.500
06/03/2014	10.68	10.80	10.59	10.70	512431	5488937.000
06/04/2014	10.65	10.70	10.43	10.48	667662	7042959.500
06/05/2014	10.56	10.75	10.48	10.75	765486	8159654.500
06/06/2014	10.71	10.80	10.56	10.70	709942	7588083.000
06/09/2014	10.69	10.69	10.53	10.58	558753	5920002.500
06/10/2014	10.54	10.75	10.54	10.70	578278	6166421.500
06/11/2014	10.70	10.89	10.63	10.86	1172387	12660640.000
06/12/2014	10.82	10.85	10.71	10.78	511837	5513921.000
06/13/2014	10.73	10.98	10.73	10.90	1032145	11251396.000
06/16/2014	10.93	11.05	10.87	10.96	905115	9915604.000
06/17/2014	10.95	10.95	10.77	10.81	776699	8409051.000
06/18/2014	10.78	10.86	10.55	10.56	866018	9234364.000
06/19/2014	10.60	10.92	10.52	10.61	1129135	12074069.000
06/20/2014	10.62	11.03	10.60	10.99	1401672	15214968.000
06/23/2014	10.99	11.17	10.90	11.00	1185146	13087726.000
06/24/2014	10.97	11.10	10.92	11.06	965769	10652226.000
06/25/2014	11.06	11.06	10.92	11.01	650035	7120297.000
06/26/2014	11.02	11.50	11.02	11.48	2971446	33702012.000
06/27/2014	11.42	11.64	11.30	11.35	2058351	23550758.000
06/30/2014	11.35	11.61	11.22	11.49	1387615	15902267.000
07/01/2014	11.45	11.55	11.40	11.49	931494	10678048.000
07/02/2014	11.58	11.60	11.35	11.58	1060341	12193941.000
07/03/2014	11.52	12.12	11.52	11.95	2292665	27251894.000
07/04/2014	11.86	12.68	11.81	12.50	4607389	57053804.000
07/07/2014	12.42	13.68	12.42	13.40	8015233	105441384.000
07/08/2014	13.25	13.46	12.76	13.30	4771340	62629560.000
07/09/2014	13.20	13.32	12.79	12.79	3756555	48906896.000
07/10/2014	12.73	14.07	12.67	13.01	4932154	64866176.000
07/11/2014	12.95	13.08	12.85	12.95	1373188	17795190.000
07/14/2014	12.87	13.17	12.80	13.15	1905782	24736494.000
07/15/2014	13.18	13.19	12.28	12.88	2147629	27573034.000
07/16/2014	12.85	12.85	12.16	12.21	2200876	27194632.000
07/17/2014	12.25	12.39	12.15	12.22	924961	11333866.000
07/18/2014	12.21	12.29	11.90	11.93	1458792	17668762.000
07/21/2014	12.05	12.36	11.88	12.28	954738	11585635.000
07/22/2014	12.27	12.38	12.15	12.26	1359249	16654659.000
07/23/2014	12.26	12.28	11.78	11.89	817446	9810406.000
07/24/2014	11.88	12.05	11.82	11.97	701468	8383446.500
07/25/2014	11.93	12.23	11.93	12.18	690659	8384667.000
07/28/2014	12.23	13.16	12.12	13.01	2866153	36639084.000
07/29/2014	12.94	13.20	12.79	13.00	1728225	22356736.000
07/30/2014	13.00	13.29	12.76	13.15	1750698	22903464.000
07/31/2014	13.15	13.30	13.00	13.18	1598012	20972090.000
08/01/2014	13.18	13.18	12.93	13.05	836527	10899789.000
08/04/2014	13.00	13.00	12.60	12.91	1258773	16105437.000
08/05/2014	12.91	13.01	12.66	13.01	1490035	19138296.000
08/06/2014	12.99	13.40	12.72	13.13	2081626	27351006.000
08/07/2014	13.00	13.36	12.96	13.20	1690363	22312340.000
08/08/2014	13.11	13.38	13.08	13.26	1650875	21887584.000
08/11/2014	13.26	13.44	12.98	13.20	2111933	27713806.000
08/12/2014	13.20	13.21	12.95	12.95	2860054	37292760.000
08/13/2014	12.95	12.95	12.60	12.73	2044918	26061064.000
08/14/2014	12.65	13.29	12.65	13.26	5134358	67154368.000
08/15/2014	13.27	13.73	13.00	13.40	4575413	61437228.000
08/18/2014	13.33	13.86	13.25	13.85	6058839	82764608.000
08/19/2014	13.86	14.06	13.57	13.72	4754374	65728868.000
08/20/2014	13.79	13.98	13.66	13.79	2373890	32745778.000
08/21/2014	13.80	13.88	13.52	13.83	1776647	24388648.000
08/22/2014	13.83	14.05	13.73	13.79	1331760	18460716.000
08/25/2014	13.85	14.03	13.76	13.92	1456248	20193484.000
08/26/2014	13.91	13.91	13.38	13.41	1944552	26298524.000
08/27/2014	13.50	13.50	13.04	13.04	1172440	15601925.000
08/28/2014	13.61	14.34	13.57	14.34	13834138	197408528.000
08/29/2014	14.26	14.26	13.21	13.50	13059157	176986592.000
09/01/2014	13.30	13.47	12.96	13.41	7965592	105200080.000
09/02/2014	13.37	13.82	13.34	13.82	7622231	103825792.000
09/03/2014	13.83	14.20	13.53	13.91	7152227	98895984.000
09/04/2014	13.90	14.09	13.73	13.91	4530696	63127104.000
09/05/2014	14.12	14.27	13.87	13.99	4737013	66456320.000
09/09/2014	14.08	14.10	13.81	13.96	3782176	52546608.000
09/10/2014	13.90	14.27	13.75	14.23	4290604	60362076.000
09/11/2014	14.21	14.43	13.97	14.15	4720772	66929484.000
09/12/2014	14.15	14.55	14.05	14.42	3581640	51349300.000
09/15/2014	14.34	14.77	14.29	14.63	4072597	59248768.000
09/16/2014	14.56	14.98	14.05	14.05	4933944	71666600.000
09/17/2014	14.02	14.49	13.88	14.49	3050345	43517844.000
09/18/2014	14.47	14.56	14.27	14.46	3694223	53036676.000
09/19/2014	14.46	14.75	14.37	14.65	1586527	23183710.000
09/22/2014	14.60	15.09	14.50	15.02	4413782	65694412.000
09/23/2014	14.97	15.45	14.88	15.38	3016550	45943608.000
09/24/2014	15.45	15.48	15.18	15.36	2459559	37584864.000
09/25/2014	15.36	15.48	15.20	15.27	2161316	33119148.000
09/26/2014	15.25	15.35	14.91	15.10	1478692	22356322.000
09/29/2014	15.13	15.42	15.13	15.25	1709364	26137982.000
09/30/2014	15.21	15.38	15.11	15.25	1613159	24564304.000
10/08/2014	15.30	15.57	15.30	15.50	1864034	28774974.000
10/09/2014	15.53	15.63	14.96	15.21	2607092	39674936.000
10/10/2014	15.10	15.20	15.00	15.13	1302700	19638642.000
10/13/2014	14.94	15.65	14.94	15.65	2180700	33520802.000
10/14/2014	15.68	15.79	15.28	15.35	2202679	34151200.000
10/15/2014	15.33	16.38	15.12	16.04	3783066	59910592.000
10/16/2014	16.00	17.60	15.88	16.48	4575528	75831632.000
10/17/2014	16.48	17.30	16.29	17.04	4102813	69386704.000
10/20/2014	16.99	16.99	16.53	16.83	2513235	42062588.000
10/21/2014	16.84	17.67	16.65	16.83	3001960	51532028.000
10/22/2014	16.80	16.83	16.18	16.20	2363490	38838044.000
10/23/2014	16.01	16.28	15.68	15.72	1978425	31432556.000
10/24/2014	15.85	16.20	15.75	16.02	1422194	22809442.000
10/27/2014	16.12	16.46	16.02	16.22	994320	16215545.000
10/28/2014	16.45	17.07	16.29	16.98	1708939	28753424.000
10/29/2014	17.15	17.30	16.85	17.06	1631718	27817172.000
10/30/2014	17.06	17.22	16.68	16.90	1329114	22426406.000
10/31/2014	16.91	16.98	16.51	16.76	1147414	19196478.000
数据来源:通达信
