300268 万福生科 日线
      日期	    开盘	    最高	    最低	    收盘	    成交量	    成交额
09/27/2011	15.36	15.83	14.11	14.37	10985167	326482656.000
09/28/2011	14.76	15.54	14.65	14.85	8994903	273222112.000
09/29/2011	13.49	13.75	13.35	13.35	5502277	148822048.000
09/30/2011	12.86	12.99	12.42	12.47	4117998	105429640.000
10/10/2011	12.58	12.93	12.24	12.65	2754611	70494432.000
10/11/2011	13.04	13.25	12.32	12.54	3207580	83857976.000
10/12/2011	12.27	13.23	12.17	13.05	3711293	96600704.000
10/13/2011	12.95	13.62	12.91	13.28	3874593	104211408.000
10/14/2011	13.24	14.03	13.24	13.80	4191364	115989928.000
10/17/2011	13.81	14.63	13.68	14.20	4586695	131400776.000
10/18/2011	13.85	14.15	13.37	13.44	3476444	97258008.000
10/19/2011	13.51	13.95	13.43	13.62	2467680	68304152.000
10/20/2011	13.52	14.23	13.01	14.04	3894374	106978312.000
10/21/2011	13.84	14.02	12.86	12.95	3519240	95650088.000
10/24/2011	12.79	13.28	12.20	13.16	2940218	75573368.000
10/25/2011	13.76	14.49	13.76	14.49	4843780	140496960.000
10/26/2011	14.62	15.19	14.61	14.79	5867582	176115936.000
10/27/2011	14.79	16.25	14.68	15.83	5605662	174678720.000
10/28/2011	15.75	16.64	15.56	16.27	4225262	136055536.000
10/31/2011	16.22	16.25	15.78	16.19	2834511	91814272.000
11/01/2011	15.95	16.55	15.51	15.69	3920567	126342960.000
11/02/2011	15.24	16.68	15.14	16.35	3780740	121113480.000
11/03/2011	16.25	16.70	15.76	15.76	3311641	107746784.000
11/04/2011	15.86	16.44	15.75	16.01	2317293	75070536.000
11/07/2011	15.85	16.09	15.56	15.84	1507487	47989840.000
11/08/2011	15.74	15.96	15.38	15.38	1501969	47605044.000
11/09/2011	15.43	15.75	15.19	15.70	1642774	51357812.000
11/10/2011	15.46	15.94	15.25	15.25	2220751	69994768.000
11/11/2011	15.25	15.43	15.01	15.12	1620509	49731888.000
11/14/2011	15.34	16.15	15.21	15.88	2130756	67946120.000
11/15/2011	15.79	15.95	15.66	15.78	1497165	47707308.000
11/16/2011	15.88	16.50	15.66	15.81	3101350	100689312.000
11/17/2011	15.83	17.30	15.62	16.69	4529357	151277840.000
11/18/2011	16.43	16.79	16.29	16.78	3190493	106335688.000
11/21/2011	16.70	16.77	15.95	16.33	2124617	69798656.000
11/22/2011	16.01	16.40	15.80	16.32	1751913	57022428.000
11/23/2011	16.28	16.93	16.20	16.42	2388063	80096016.000
11/24/2011	16.18	17.19	16.12	17.14	2404656	80936040.000
11/25/2011	16.98	17.20	16.50	16.66	1956862	66428504.000
11/28/2011	16.61	17.00	16.28	16.49	1747312	58808132.000
11/29/2011	16.68	16.78	16.06	16.33	1984680	65218888.000
11/30/2011	16.25	16.40	14.68	14.84	2316711	71942200.000
12/01/2011	15.44	15.73	14.85	14.88	2190275	67863232.000
12/02/2011	14.78	14.94	14.28	14.39	1273805	37323800.000
12/05/2011	14.39	14.55	14.00	14.08	959092	27768750.000
12/06/2011	14.07	14.58	14.07	14.44	835001	24236500.000
12/07/2011	14.54	14.77	14.40	14.70	1098643	32500204.000
12/08/2011	14.69	15.03	14.29	14.75	1109500	33025534.000
12/09/2011	14.59	14.78	14.30	14.43	830779	24379690.000
12/12/2011	14.49	14.54	14.18	14.21	584651	16989366.000
12/13/2011	14.20	14.21	13.51	13.58	954860	26483504.000
12/14/2011	13.58	14.01	13.44	13.58	1021315	28468064.000
12/15/2011	13.42	13.79	13.19	13.52	859773	23537726.000
12/16/2011	13.57	13.98	13.30	13.95	911601	25127730.000
12/19/2011	13.72	14.29	13.55	14.24	1108969	31117814.000
12/20/2011	14.05	14.32	13.61	13.66	1271471	35927328.000
12/21/2011	13.79	13.85	13.30	13.30	786444	21683072.000
12/22/2011	13.09	13.29	12.69	13.05	939127	24565668.000
12/23/2011	12.98	13.28	12.92	13.06	719314	19086520.000
12/26/2011	12.99	13.31	12.96	13.06	607294	16159403.000
12/27/2011	12.92	13.09	12.25	12.30	1054201	26778474.000
12/28/2011	12.19	12.20	11.71	11.98	965767	23282496.000
12/29/2011	11.85	12.14	11.81	12.01	874337	21336774.000
12/30/2011	12.08	12.34	11.95	12.07	2025990	49661756.000
01/04/2012	12.21	12.28	11.45	11.49	1769713	42648144.000
01/05/2012	11.29	11.35	10.58	10.70	1339826	29894556.000
01/06/2012	10.72	11.15	10.57	11.05	1054739	23254592.000
01/09/2012	11.04	11.68	10.93	11.65	2126292	48853160.000
01/10/2012	11.51	12.13	11.51	12.01	1889216	45521328.000
01/11/2012	11.90	12.17	11.81	12.01	1493803	36191524.000
01/12/2012	11.89	12.09	11.60	11.82	1622274	38904976.000
01/13/2012	11.72	11.90	10.85	10.96	1713218	39201596.000
01/16/2012	10.85	10.91	10.44	10.45	840936	18270090.000
01/17/2012	9.81	10.85	9.45	10.73	3714730	76052640.000
01/18/2012	10.50	10.60	9.64	9.64	2673723	54941908.000
01/19/2012	9.46	10.14	9.36	9.91	1842746	36706504.000
01/20/2012	9.89	10.25	9.86	10.13	1137678	23394818.000
01/30/2012	10.20	10.54	9.93	10.24	1382561	28887676.000
01/31/2012	10.25	10.30	9.91	10.20	932753	19035798.000
02/01/2012	10.10	10.53	10.02	10.26	1232888	25835938.000
02/02/2012	10.90	11.30	10.90	11.30	1339498	30502630.000
02/03/2012	11.85	11.85	11.43	11.73	5087731	120015032.000
02/06/2012	11.57	11.70	11.46	11.66	2301419	53950916.000
02/07/2012	11.52	11.62	11.14	11.20	1978482	45338376.000
02/08/2012	11.15	11.57	11.13	11.51	1577383	36286216.000
02/09/2012	11.40	11.80	11.40	11.67	1983334	46920232.000
02/10/2012	11.59	11.90	11.38	11.90	2343991	55562920.000
02/13/2012	11.70	12.03	11.65	11.91	2226650	53495184.000
02/14/2012	11.86	11.91	11.68	11.75	1164696	27759890.000
02/15/2012	11.63	11.90	11.62	11.85	1654640	39438564.000
02/16/2012	11.90	12.17	11.68	11.94	2057352	49807856.000
02/17/2012	11.95	11.98	11.43	11.66	1227541	29059214.000
02/20/2012	11.82	11.93	11.71	11.71	1337302	32019900.000
02/21/2012	11.74	12.07	11.58	12.05	1837792	44052976.000
02/22/2012	12.03	12.43	12.03	12.35	2367142	58749264.000
02/23/2012	12.33	12.63	12.22	12.60	2363474	59516740.000
02/24/2012	12.80	13.10	12.65	13.00	2998765	78033864.000
02/27/2012	12.90	13.15	12.80	13.07	2316684	60715844.000
02/28/2012	13.12	13.29	12.85	13.29	2693822	71352440.000
02/29/2012	13.25	13.25	12.66	12.76	2459400	63911912.000
03/01/2012	12.73	13.03	12.71	12.82	1485545	38755152.000
03/02/2012	12.85	13.14	12.83	13.12	1314049	34542872.000
03/05/2012	13.12	13.21	12.96	13.11	1711534	45145232.000
03/06/2012	13.18	13.62	13.18	13.31	3038364	82263672.000
03/07/2012	13.05	13.24	12.86	12.90	1963903	51810180.000
03/08/2012	12.98	13.07	12.83	12.87	1513194	39608960.000
03/09/2012	13.02	13.28	13.02	13.28	1702115	45319612.000
03/12/2012	13.27	13.41	13.15	13.31	1468347	39446828.000
03/13/2012	13.25	13.41	13.20	13.40	1404050	37793492.000
03/14/2012	13.40	13.69	12.50	12.65	2411220	64916272.000
03/15/2012	12.66	12.90	12.36	12.62	1240020	31734600.000
03/16/2012	12.66	13.13	12.57	13.12	1471546	38492244.000
03/19/2012	13.13	13.42	13.01	13.35	1203783	32346046.000
03/20/2012	13.20	13.31	12.70	12.75	1213015	31772468.000
03/21/2012	12.80	12.84	11.85	12.20	1973474	49047604.000
03/22/2012	12.19	12.28	11.91	12.18	695173	17088774.000
03/23/2012	12.06	12.20	11.81	11.91	648424	15782948.000
03/26/2012	11.91	12.00	11.70	11.88	473619	11369713.000
03/27/2012	11.95	12.10	11.86	11.90	531001	12897932.000
03/28/2012	11.89	11.89	10.97	11.05	936907	21540788.000
03/29/2012	11.00	11.03	10.75	10.80	575817	12701310.000
03/30/2012	10.86	10.91	10.47	10.55	591765	12782044.000
04/05/2012	10.60	11.08	10.60	11.03	700954	15518132.000
04/06/2012	10.97	11.29	10.95	11.15	640647	14455247.000
04/09/2012	11.04	11.59	11.04	11.26	653828	15079858.000
04/10/2012	11.16	11.54	10.95	11.49	783824	17837990.000
04/11/2012	11.26	11.65	11.26	11.62	677490	15753839.000
04/12/2012	11.59	11.81	11.48	11.80	971704	22924322.000
04/13/2012	11.85	12.63	11.74	12.31	1609908	39665712.000
04/16/2012	12.30	13.10	12.26	12.60	2502222	64401568.000
04/17/2012	12.38	12.54	12.11	12.13	1158072	28881814.000
04/18/2012	12.17	12.43	12.16	12.39	785821	19569922.000
04/19/2012	12.34	12.40	12.20	12.27	529688	13200420.000
04/20/2012	12.25	12.66	12.22	12.56	835897	21150570.000
04/23/2012	12.42	12.48	11.64	11.68	1217203	29613756.000
04/24/2012	11.57	11.63	10.92	11.42	1040950	23822502.000
04/25/2012	11.25	11.35	11.10	11.25	861887	19583156.000
04/26/2012	11.25	11.55	11.22	11.28	380909	8737040.000
04/27/2012	11.30	11.54	11.25	11.46	495560	11443719.000
05/02/2012	11.53	11.69	11.47	11.60	546302	12820462.000
05/03/2012	11.62	11.68	11.46	11.58	351240	8219951.000
05/04/2012	11.58	11.95	11.58	11.90	724487	17295938.000
05/07/2012	11.79	12.22	11.79	12.22	834537	20384430.000
05/08/2012	12.13	12.25	11.99	12.05	709035	17360192.000
05/09/2012	11.93	11.99	11.71	11.73	706790	16910802.000
05/10/2012	11.67	11.99	11.67	11.97	698334	16827102.000
05/11/2012	11.97	12.23	11.90	11.95	712524	17418626.000
05/14/2012	11.99	12.08	11.75	11.78	532012	12868751.000
05/15/2012	11.68	11.70	11.28	11.62	659938	15322796.000
05/16/2012	11.59	11.59	11.35	11.40	462399	10722278.000
05/17/2012	11.33	11.57	11.33	11.50	403729	9375391.000
05/18/2012	11.45	11.53	11.29	11.35	321619	7432182.000
05/21/2012	11.35	11.51	11.33	11.51	211660	4892638.000
05/22/2012	11.55	11.74	11.55	11.69	285597	6749580.000
05/23/2012	11.67	11.73	11.35	11.41	387672	9032986.000
05/24/2012	11.40	11.50	11.39	11.40	276356	6405924.500
05/25/2012	11.59	11.59	11.12	11.26	336824	7734377.000
05/28/2012	11.12	11.25	10.78	11.15	423062	9419814.000
05/29/2012	11.15	11.34	10.97	11.32	454565	10318161.000
05/30/2012	11.25	11.42	11.25	11.35	326935	7516564.500
05/31/2012	11.34	11.65	11.25	11.50	529991	12326807.000
06/01/2012	11.59	11.68	11.47	11.67	470879	11016139.000
06/04/2012	11.37	11.54	11.20	11.27	490039	11281697.000
06/05/2012	11.38	11.53	11.31	11.35	551711	12762498.000
06/06/2012	11.64	11.74	11.51	11.61	1013456	23864732.000
06/07/2012	11.64	11.79	11.34	11.39	771263	17962244.000
06/08/2012	11.41	11.50	11.10	11.15	589520	13423179.000
06/11/2012	11.16	11.44	11.06	11.31	734737	16871176.000
06/12/2012	11.34	11.42	11.04	11.18	953924	10687024.000
06/13/2012	11.20	11.36	11.04	11.31	1276635	14319212.000
06/14/2012	11.27	12.44	11.21	12.44	4916668	59690396.000
06/15/2012	12.75	12.75	12.12	12.37	5604255	69497928.000
06/18/2012	12.47	12.56	12.08	12.41	4000216	49356224.000
06/19/2012	12.28	13.18	12.21	12.75	6576037	83906264.000
06/20/2012	12.61	12.75	12.29	12.49	3329153	41454080.000
06/21/2012	12.36	12.46	11.85	11.90	2943770	35459384.000
06/25/2012	11.84	12.36	11.80	11.89	2226759	26896088.000
06/26/2012	11.74	12.08	11.10	11.67	1818312	21048536.000
06/27/2012	11.59	11.81	11.30	11.56	2027724	23465564.000
06/28/2012	11.70	11.71	11.13	11.13	1553405	17726228.000
06/29/2012	11.00	11.13	10.62	11.04	1851165	20210386.000
07/02/2012	11.10	11.59	10.96	11.48	2500230	28292276.000
07/03/2012	11.50	11.94	11.30	11.82	2946047	34596104.000
07/04/2012	11.75	12.09	11.62	11.66	2350279	27853780.000
07/05/2012	11.70	11.70	11.15	11.24	1505110	17068102.000
07/06/2012	11.25	11.44	10.72	11.31	1758685	19506768.000
07/09/2012	11.23	11.66	11.02	11.23	1969221	22412608.000
07/10/2012	11.00	11.50	10.80	11.01	1571409	17537026.000
07/11/2012	11.00	11.08	10.30	10.54	2443614	25893812.000
07/12/2012	10.40	10.84	10.35	10.68	1497694	15913858.000
07/13/2012	10.52	10.76	10.27	10.28	1647131	17203196.000
07/16/2012	10.00	10.00	9.25	9.25	2454381	23087158.000
07/17/2012	9.11	9.23	9.05	9.14	954235	8720088.000
07/18/2012	9.18	9.36	9.10	9.34	1166864	10798073.000
07/19/2012	9.37	9.55	9.23	9.37	1209676	11411228.000
07/20/2012	9.32	9.64	9.28	9.46	1114534	10578207.000
07/23/2012	9.36	9.85	9.35	9.63	1633785	15776966.000
07/24/2012	9.40	9.60	9.40	9.53	1002059	9508300.000
07/25/2012	9.47	9.60	9.31	9.37	937010	8821842.000
07/26/2012	9.38	9.45	9.20	9.24	745935	6970208.500
07/27/2012	9.31	9.34	9.04	9.08	893707	8196727.500
07/30/2012	9.16	9.16	8.42	8.55	943336	8275530.000
07/31/2012	8.57	8.57	8.18	8.28	806847	6705720.000
08/01/2012	8.35	8.48	8.23	8.37	571975	4801463.500
08/02/2012	8.31	8.40	8.20	8.26	416493	3457483.750
08/03/2012	8.29	8.47	8.23	8.46	696047	5827745.500
08/06/2012	8.39	8.73	8.35	8.69	1001824	8574143.000
08/07/2012	8.70	9.21	8.65	8.98	1606942	14333620.000
08/08/2012	8.94	8.97	8.65	8.81	1168475	10287926.000
08/09/2012	8.77	9.04	8.73	9.00	1302462	11594326.000
08/10/2012	9.00	9.04	8.83	8.94	722097	6449602.000
08/13/2012	8.95	9.80	8.95	9.27	3441944	32333202.000
08/14/2012	9.16	9.46	9.00	9.46	2253703	20891510.000
08/15/2012	9.36	9.36	9.12	9.12	1285593	11838817.000
08/16/2012	9.18	9.25	9.01	9.03	670106	6099643.500
08/17/2012	9.03	9.05	8.81	8.88	801000	7101849.500
08/20/2012	8.85	9.12	8.72	9.10	903593	8093972.000
08/21/2012	9.05	9.35	9.04	9.20	1673931	15415630.000
08/22/2012	9.34	9.58	9.21	9.24	1990729	18680250.000
08/23/2012	9.11	9.50	9.11	9.46	1640442	15306364.000
08/24/2012	9.38	10.31	9.37	9.64	3265603	32185104.000
08/27/2012	9.52	9.52	9.20	9.35	1737471	16200129.000
08/28/2012	9.35	9.47	9.18	9.31	990874	9229811.000
08/29/2012	9.31	9.48	9.23	9.31	1169264	10969758.000
08/30/2012	9.25	9.35	8.62	8.69	1656830	14785275.000
08/31/2012	8.59	8.77	8.59	8.71	550088	4794235.500
09/03/2012	8.66	9.03	8.66	8.97	948575	8449659.000
09/04/2012	8.97	9.17	8.91	8.97	933879	8434591.000
09/05/2012	9.03	9.41	9.03	9.35	1676316	15547523.000
09/06/2012	9.35	9.44	9.25	9.41	1514176	14154524.000
09/07/2012	9.51	9.85	9.41	9.65	2093850	20161762.000
09/10/2012	9.66	10.08	9.62	9.90	2203276	21758436.000
09/11/2012	9.83	9.99	9.70	9.93	1763448	17358854.000
09/12/2012	9.93	10.16	9.85	10.02	2325309	23271170.000
09/13/2012	10.02	10.45	10.00	10.05	3591054	36827752.000
09/14/2012	10.12	10.20	9.75	9.86	2136728	21139696.000
09/17/2012	8.99	9.28	8.87	8.87	5484357	49118276.000
09/18/2012	8.60	8.85	8.43	8.70	2565537	22125332.000
10/29/2012	7.83	7.83	7.83	7.83	215700	1688931.000
10/30/2012	7.06	7.40	7.06	7.21	7891179	56702008.000
10/31/2012	7.09	7.15	6.93	7.13	5032897	35570308.000
11/01/2012	7.06	7.24	7.04	7.19	4927331	35214152.000
11/02/2012	7.19	7.23	7.09	7.14	3372211	24079800.000
11/05/2012	7.11	7.23	7.11	7.19	2525699	18112242.000
11/06/2012	7.15	7.57	7.14	7.57	5714951	42122064.000
11/07/2012	7.50	7.59	7.32	7.36	3603474	26736134.000
11/08/2012	7.33	7.33	7.03	7.05	2687880	19222240.000
11/09/2012	7.00	7.19	6.96	7.10	1705529	12048705.000
11/12/2012	7.10	7.16	6.99	7.07	1774708	12505248.000
11/13/2012	7.08	7.10	6.67	6.69	2610879	17911414.000
11/14/2012	6.68	6.77	6.59	6.75	2272244	15208147.000
11/15/2012	6.69	6.98	6.49	6.82	3645076	24930216.000
11/16/2012	6.78	7.08	6.76	7.07	2961874	20590378.000
11/19/2012	7.26	7.27	6.92	7.12	2667308	18967884.000
11/20/2012	7.05	7.35	7.03	7.26	3401344	24383926.000
11/21/2012	7.23	7.29	6.93	7.16	2325734	16585138.000
11/22/2012	7.14	7.14	6.90	6.94	2166573	15200189.000
11/23/2012	6.92	7.07	6.83	6.99	2083225	14465880.000
11/26/2012	7.02	7.02	6.69	6.70	1710467	11651684.000
11/27/2012	6.63	6.68	6.16	6.22	2059167	13117135.000
11/28/2012	6.06	6.14	5.83	5.88	2191241	13060805.000
11/29/2012	5.65	5.83	5.61	5.63	2436860	13934667.000
11/30/2012	5.61	5.71	5.51	5.68	1904467	10687084.000
12/03/2012	5.65	5.65	5.30	5.31	2143140	11718119.000
12/04/2012	5.21	5.45	5.13	5.39	2307122	12097770.000
12/05/2012	5.35	5.82	5.35	5.62	3179974	17828228.000
12/06/2012	5.55	5.76	5.54	5.62	1824548	10264724.000
12/07/2012	5.62	6.18	5.60	6.18	4027520	24280390.000
12/10/2012	6.19	6.80	6.15	6.80	9258851	60586048.000
12/11/2012	6.77	7.11	6.52	6.72	9109888	61753252.000
12/12/2012	6.65	6.77	6.41	6.58	5511591	36126252.000
12/13/2012	6.56	6.59	6.25	6.32	4593381	29212406.000
12/14/2012	6.30	6.95	6.27	6.95	7917384	52728592.000
12/17/2012	6.90	7.05	6.76	6.89	6233414	42975932.000
12/18/2012	6.85	7.18	6.79	6.89	5811867	40586224.000
12/19/2012	6.95	6.95	6.61	6.92	3897938	26470256.000
12/20/2012	6.83	7.06	6.73	6.98	4155573	28670162.000
12/21/2012	6.93	7.05	6.70	6.79	3705102	25440176.000
12/24/2012	6.72	7.03	6.71	6.89	3498297	23920044.000
12/25/2012	6.89	7.10	6.77	7.00	4665305	32486946.000
12/26/2012	6.96	7.32	6.96	7.28	5828174	41986648.000
12/27/2012	7.33	7.85	7.28	7.28	6959844	52161880.000
12/28/2012	7.17	7.31	7.00	7.19	4119438	29301590.000
12/31/2012	7.14	7.19	7.01	7.07	2476631	17532670.000
01/04/2013	7.07	7.14	6.80	6.92	2548684	17699082.000
01/07/2013	6.92	7.15	6.87	7.12	2524171	17798702.000
01/08/2013	7.15	7.25	6.95	7.20	3781547	26880128.000
01/09/2013	7.15	7.92	7.08	7.92	9020148	69923704.000
01/10/2013	7.89	8.06	7.66	7.83	8937364	69805424.000
01/11/2013	7.71	7.77	7.38	7.45	4798692	36437336.000
01/14/2013	7.42	7.88	7.40	7.76	5290981	40516812.000
01/15/2013	7.69	8.00	7.66	7.91	6371010	50144020.000
01/16/2013	7.86	7.90	7.56	7.70	3859365	29823678.000
01/17/2013	7.62	7.70	7.51	7.59	1939647	14743656.000
01/18/2013	7.58	7.90	7.54	7.82	3248332	25304208.000
01/21/2013	7.73	7.87	7.68	7.86	3044091	23644646.000
01/22/2013	7.86	7.86	7.45	7.72	3003294	23040176.000
01/23/2013	7.60	7.69	7.38	7.50	1932838	14499292.000
01/24/2013	7.50	7.56	7.10	7.14	2746158	20093696.000
01/25/2013	7.11	7.17	6.93	6.97	1831722	12874191.000
01/28/2013	7.00	7.15	6.89	7.13	1449151	10251783.000
01/29/2013	7.12	7.40	7.12	7.32	2196158	15914610.000
01/30/2013	7.27	7.27	6.98	7.04	3924637	27718564.000
01/31/2013	6.99	6.99	6.73	6.78	2782273	18971446.000
02/01/2013	6.81	7.46	6.79	7.46	4660121	34073820.000
02/04/2013	7.81	8.21	7.71	8.21	14650275	117656944.000
02/05/2013	7.80	8.00	7.69	7.93	7184827	56552204.000
02/06/2013	7.82	7.93	7.69	7.91	3885163	30288600.000
02/07/2013	7.83	7.83	7.66	7.72	2890048	22372900.000
02/08/2013	7.68	7.83	7.68	7.72	2640831	20469346.000
02/18/2013	7.85	8.13	7.72	7.92	4675409	36970992.000
02/19/2013	7.84	7.92	7.62	7.69	3039624	23633956.000
02/20/2013	7.68	8.05	7.65	8.03	4415383	35083488.000
03/04/2013	7.23	7.23	7.23	7.23	566600	4096518.000
03/05/2013	6.51	6.51	6.51	6.51	1627500	10595025.000
03/06/2013	6.01	7.15	6.01	6.77	16237138	104096792.000
03/07/2013	6.35	6.58	6.25	6.40	10269452	66095316.000
03/08/2013	6.32	6.43	6.20	6.25	6128560	38611876.000
03/11/2013	6.34	6.49	6.26	6.37	4561063	29015836.000
03/12/2013	6.29	6.29	5.82	6.02	7790713	47206336.000
03/13/2013	5.93	5.95	5.66	5.79	4372370	25401628.000
03/14/2013	5.74	5.86	5.70	5.76	2834685	16408006.000
03/15/2013	5.74	6.15	5.67	5.94	6124557	36398076.000
03/18/2013	5.86	5.96	5.61	5.64	4424925	25500960.000
03/19/2013	5.57	5.67	5.51	5.63	3151321	17592338.000
03/20/2013	5.58	5.82	5.58	5.79	3439615	19671876.000
03/21/2013	5.77	6.18	5.72	6.07	5972039	35731268.000
03/22/2013	6.05	6.06	5.91	5.96	3786421	22629076.000
03/25/2013	5.93	6.30	5.87	6.09	7266857	44475076.000
03/26/2013	5.90	5.91	5.56	5.72	6560295	37496440.000
03/27/2013	5.71	6.14	5.71	5.92	7115381	42219168.000
03/28/2013	5.84	5.85	5.62	5.69	3915230	22352464.000
03/29/2013	5.65	5.95	5.65	5.69	3635385	21062776.000
04/01/2013	5.68	5.78	5.56	5.60	3175975	18012528.000
04/02/2013	5.58	5.63	5.42	5.47	3200876	17759500.000
04/03/2013	5.45	5.49	5.15	5.19	3957965	20746550.000
04/08/2013	5.11	5.14	4.77	5.06	3494055	17308648.000
04/09/2013	5.03	5.10	4.94	5.04	2653993	13375815.000
04/10/2013	4.99	5.35	4.96	5.18	4142223	21426242.000
04/11/2013	5.15	5.36	5.14	5.27	3503660	18426576.000
04/12/2013	5.27	5.27	5.15	5.18	1634224	8526044.000
04/15/2013	5.10	5.18	4.78	5.04	2352858	11729866.000
04/16/2013	4.98	5.07	4.93	5.03	1758428	8801853.000
04/17/2013	5.02	5.13	5.00	5.08	1933015	9788552.000
04/18/2013	5.06	5.27	5.01	5.23	3556017	18459138.000
04/19/2013	5.17	5.31	5.17	5.27	3178737	16683791.000
04/22/2013	5.26	5.80	5.18	5.65	6168764	34579400.000
数据来源:通达信
