300033 同花顺 日线
      日期	    开盘	    最高	    最低	    收盘	    成交量	    成交额
10/08/2010	15.62	16.44	15.62	16.17	1410719	46260812.000
10/11/2010	16.27	16.40	15.81	15.88	1237032	40249984.000
10/12/2010	15.81	16.17	15.78	16.09	822671	26836336.000
10/13/2010	16.06	16.35	15.72	16.32	1109197	35920584.000
10/14/2010	16.31	17.77	16.27	17.39	3539468	124558336.000
10/15/2010	17.32	17.87	16.92	17.74	2748795	97590984.000
10/18/2010	17.78	17.91	16.54	17.23	1611681	56132508.000
10/19/2010	16.95	18.97	16.95	18.82	4317927	161218528.000
10/20/2010	18.37	19.51	18.25	18.53	3482905	132905232.000
10/21/2010	18.49	18.71	17.78	17.91	1934098	70621400.000
10/22/2010	17.91	18.86	17.80	18.77	2145035	80404640.000
10/25/2010	18.86	19.44	18.86	19.10	2418139	93751296.000
10/26/2010	19.14	19.26	18.45	18.77	1570008	59715296.000
10/27/2010	18.78	19.26	18.07	18.17	1543344	58074924.000
10/28/2010	18.02	18.26	17.59	17.95	1116735	40600100.000
10/29/2010	18.09	19.02	17.94	18.92	2451605	93039672.000
11/01/2010	19.22	20.27	19.22	19.82	3320488	133326904.000
11/02/2010	20.07	20.27	19.52	19.93	2683551	108144848.000
11/03/2010	19.67	20.09	18.87	18.87	1600556	62899232.000
11/04/2010	18.89	19.21	18.53	18.96	1267376	48237604.000
11/05/2010	19.16	19.25	18.52	19.06	1164158	44431384.000
11/08/2010	18.79	19.56	18.79	19.54	1800395	70341784.000
11/09/2010	19.57	19.72	19.07	19.22	1437198	56089356.000
11/10/2010	19.14	20.07	19.09	19.80	1774240	70829608.000
11/11/2010	19.82	21.32	19.72	20.76	3509625	147303504.000
11/12/2010	20.77	21.26	19.27	19.28	2408512	98736616.000
11/15/2010	19.37	20.61	19.37	20.61	2277158	91960792.000
11/16/2010	20.71	20.71	19.16	19.51	2017244	81738536.000
11/17/2010	19.52	19.81	17.99	18.12	1382308	52708092.000
11/18/2010	18.13	18.76	17.68	18.22	1224331	44987116.000
11/19/2010	18.42	18.86	18.15	18.85	1891875	70878136.000
11/22/2010	18.67	19.77	18.59	19.45	2053718	80643792.000
11/23/2010	19.42	20.07	18.67	19.87	1990078	78248112.000
11/24/2010	19.77	21.26	19.45	21.17	2324010	96153296.000
11/25/2010	21.18	21.32	20.31	20.61	1452827	61095168.000
11/26/2010	20.76	21.01	20.07	20.78	1272841	53206320.000
11/29/2010	20.44	20.87	20.44	20.82	1054197	44191160.000
11/30/2010	20.65	20.90	19.27	19.54	1567083	63211520.000
12/01/2010	19.42	19.77	19.17	19.41	1068844	41986176.000
12/02/2010	19.76	19.92	19.38	19.38	734032	29222746.000
12/03/2010	19.42	19.67	18.97	19.03	932794	36202272.000
12/06/2010	19.16	19.18	18.77	18.77	646689	24835912.000
12/07/2010	19.02	19.66	18.52	19.47	612801	23962344.000
12/08/2010	19.32	19.71	18.84	19.18	782570	30429290.000
12/09/2010	18.90	19.41	18.77	18.86	639559	24700328.000
12/10/2010	18.95	19.52	18.86	19.26	583437	22734410.000
12/13/2010	19.52	20.15	19.37	19.90	1623992	65023752.000
12/14/2010	20.22	20.24	19.77	19.95	824010	33347362.000
12/15/2010	19.76	20.61	19.76	20.16	1583495	65077372.000
12/16/2010	20.15	21.57	20.15	21.07	2544442	108199320.000
12/17/2010	20.83	21.01	20.52	20.78	1139763	47793752.000
12/20/2010	20.81	21.01	19.27	19.67	1705457	68751752.000
12/21/2010	19.71	19.92	19.32	19.56	936399	37123208.000
12/22/2010	19.47	19.97	19.37	19.63	594157	23607456.000
12/23/2010	19.61	19.67	19.08	19.16	556603	21771888.000
12/24/2010	19.21	19.40	18.47	18.51	855511	32547274.000
12/28/2010	17.82	17.82	16.77	17.22	1314603	46143000.000
12/29/2010	17.20	17.43	16.77	17.43	851920	29463864.000
12/30/2010	17.43	17.43	16.76	17.04	862801	29796188.000
12/31/2010	17.06	17.52	17.06	17.52	677212	23768158.000
01/04/2011	17.76	17.87	17.37	17.75	649500	23178974.000
01/05/2011	17.72	17.81	17.42	17.46	692091	24673408.000
01/06/2011	17.37	17.52	16.76	16.89	1435415	49319880.000
01/07/2011	16.89	17.11	16.59	16.67	1156121	39452296.000
01/10/2011	16.61	16.81	15.82	15.82	1540882	50992744.000
01/11/2011	15.88	16.37	15.77	16.14	1191457	38883196.000
01/12/2011	16.21	16.50	15.82	16.24	635490	20923492.000
01/13/2011	16.42	16.53	16.22	16.27	688230	22808808.000
01/14/2011	16.27	16.27	15.82	15.84	525909	17019632.000
01/17/2011	15.84	15.84	15.27	15.35	467421	14678971.000
01/18/2011	15.33	15.51	15.29	15.37	346335	10813010.000
01/19/2011	15.76	15.86	15.39	15.74	523507	16503035.000
01/20/2011	15.74	15.77	14.72	14.95	611502	18900924.000
01/21/2011	14.95	15.05	14.52	14.85	998954	30020718.000
01/24/2011	14.90	15.18	14.60	14.77	707063	21307568.000
01/25/2011	14.97	14.97	14.17	14.26	587953	17100310.000
01/26/2011	14.12	14.47	14.12	14.29	948583	27624430.000
01/27/2011	14.26	14.52	14.23	14.49	774261	22639544.000
01/28/2011	14.50	14.96	14.42	14.84	843082	25284364.000
01/31/2011	14.77	14.92	14.55	14.91	816869	24433758.000
02/01/2011	14.91	15.02	14.78	15.01	471188	14262310.000
02/09/2011	14.92	15.07	14.77	14.87	588266	17832622.000
02/10/2011	14.91	15.52	14.89	15.46	787953	24517508.000
02/11/2011	15.46	15.71	15.29	15.55	646143	20395064.000
02/14/2011	15.71	17.02	15.55	16.67	1491426	48665416.000
02/15/2011	16.42	16.84	16.28	16.40	1286171	42999976.000
02/17/2011	16.57	16.76	16.07	16.22	1036395	34321688.000
02/18/2011	16.22	16.25	15.65	15.81	1184269	37988104.000
02/21/2011	15.72	15.99	15.52	15.96	1073820	34304040.000
02/22/2011	15.92	15.94	15.27	15.32	1144760	36129708.000
02/23/2011	15.32	15.52	15.22	15.51	834574	26119240.000
02/24/2011	15.51	15.76	15.39	15.68	834382	26444536.000
02/25/2011	15.74	16.04	15.73	15.90	1099137	35479096.000
02/28/2011	15.90	15.96	15.37	15.96	782523	24985030.000
03/01/2011	16.02	16.04	15.74	15.79	924826	29692518.000
03/02/2011	15.74	15.76	15.42	15.54	837149	26383372.000
03/03/2011	15.54	15.66	15.37	15.44	592040	18617126.000
03/04/2011	15.42	15.57	15.33	15.56	638131	19988546.000
03/07/2011	15.59	15.72	15.52	15.69	1391972	44103024.000
03/08/2011	15.68	15.75	15.52	15.73	1404435	44610056.000
03/09/2011	15.89	15.89	15.61	15.72	849346	27084118.000
03/10/2011	15.75	16.09	15.66	16.07	2192428	70852944.000
03/11/2011	16.22	17.34	16.22	17.01	5261359	180579920.000
03/14/2011	16.76	17.07	16.45	16.58	2744259	92637376.000
03/15/2011	16.58	16.92	16.27	16.81	2113304	71048560.000
03/16/2011	16.87	17.33	16.77	17.27	2219374	77482376.000
03/17/2011	17.27	17.27	16.47	16.61	1717714	58432460.000
03/18/2011	16.77	17.16	16.32	16.50	1148186	38720544.000
03/21/2011	16.50	16.57	15.77	15.89	1972372	63957296.000
03/22/2011	15.73	15.77	15.04	15.27	2692426	83220112.000
03/23/2011	15.22	15.35	15.02	15.28	1440441	44518700.000
03/24/2011	15.32	15.33	15.04	15.17	1402673	43161736.000
03/25/2011	15.17	15.26	15.05	15.24	1258841	38775448.000
03/28/2011	15.24	15.45	15.17	15.22	1172962	36430720.000
03/29/2011	15.29	15.32	14.71	14.74	1736961	52356004.000
03/30/2011	14.73	14.84	14.51	14.59	773711	22978508.000
03/31/2011	14.60	14.84	14.49	14.75	655964	19611750.000
04/01/2011	14.83	14.86	14.72	14.85	502028	15092742.000
04/06/2011	14.81	15.01	14.66	14.86	659165	19880732.000
04/07/2011	14.86	15.02	14.68	15.02	541573	16368128.000
04/08/2011	15.01	15.25	14.90	15.19	793862	24390556.000
04/12/2011	14.99	14.99	14.73	14.84	868766	26186466.000
04/13/2011	14.76	15.05	14.71	15.05	714899	21622066.000
04/14/2011	15.06	15.09	14.76	14.79	895618	27013272.000
04/15/2011	14.79	14.85	14.54	14.65	649976	19340812.000
04/18/2011	14.65	14.69	14.44	14.47	532859	15719354.000
04/19/2011	14.46	14.46	14.20	14.27	619870	17968924.000
04/20/2011	14.28	14.54	14.27	14.54	487963	14280545.000
04/21/2011	14.55	14.71	14.44	14.62	502618	14929341.000
04/22/2011	14.59	14.59	14.42	14.52	548765	16139526.000
04/25/2011	14.60	14.60	14.02	14.09	571076	16536443.000
04/26/2011	14.02	14.02	13.38	13.45	1034518	28625806.000
04/27/2011	13.45	13.54	13.02	13.12	937154	25345172.000
04/28/2011	13.12	13.19	12.12	12.22	1376650	35027964.000
04/29/2011	12.25	12.62	12.25	12.58	573210	14413042.000
05/03/2011	12.62	12.86	12.57	12.71	402805	10327608.000
05/04/2011	12.79	12.79	12.22	12.27	493120	12366867.000
05/05/2011	12.23	12.36	12.07	12.34	772552	19112718.000
05/06/2011	12.27	12.35	12.06	12.20	469420	11557168.000
05/09/2011	12.10	12.45	12.10	12.37	402095	10027022.000
05/10/2011	12.42	12.47	12.22	12.40	291952	7276858.000
05/11/2011	12.42	12.47	12.31	12.42	404087	10122876.000
05/12/2011	12.42	12.46	12.21	12.21	356598	8874474.000
05/13/2011	12.21	12.31	11.97	12.31	333758	8171391.500
05/16/2011	12.31	12.44	12.25	12.31	335248	8373850.500
05/17/2011	12.31	12.35	12.02	12.15	357553	8797904.000
05/18/2011	12.15	12.20	12.09	12.12	312255	7660112.500
05/19/2011	12.13	12.21	11.85	11.86	533570	12934091.000
05/20/2011	11.85	11.85	11.42	11.49	758556	17716812.000
05/23/2011	11.47	11.47	10.86	10.87	943520	21046876.000
05/24/2011	10.75	11.53	10.75	11.51	1269805	28898562.000
05/25/2011	11.37	11.41	11.00	11.06	644805	14579718.000
05/26/2011	11.00	11.35	11.00	11.07	410229	9249763.000
05/27/2011	11.11	11.30	10.87	11.11	506595	11345781.000
05/30/2011	11.02	11.62	10.92	11.45	1163549	26922690.000
05/31/2011	11.47	11.67	11.27	11.62	1050890	24367700.000
06/01/2011	11.60	11.66	11.43	11.56	585949	13659561.000
06/02/2011	11.42	11.50	11.12	11.32	571713	13037908.000
06/03/2011	11.18	11.60	11.17	11.47	397283	9209770.000
06/07/2011	11.47	11.62	11.32	11.44	338820	7831225.500
06/08/2011	11.45	11.45	11.10	11.32	538742	12228902.000
06/09/2011	11.32	11.42	10.90	11.04	618615	13876761.000
06/10/2011	11.03	11.20	10.78	10.96	401267	8865630.000
06/13/2011	10.91	11.15	10.76	10.93	586590	12983106.000
06/14/2011	10.95	11.07	10.93	11.05	517314	11518332.000
06/15/2011	11.03	11.13	10.91	10.95	437859	9750260.000
06/16/2011	10.88	11.04	10.70	10.72	438866	9611262.000
06/17/2011	10.70	10.93	10.67	10.67	486375	10604742.000
06/20/2011	10.68	10.82	10.60	10.69	290124	6272493.500
06/21/2011	10.80	10.82	10.68	10.79	273280	5952624.000
06/22/2011	10.85	11.02	10.79	10.86	367448	8104924.000
06/23/2011	10.81	11.77	10.77	11.42	1631514	37267560.000
06/24/2011	11.27	11.60	11.23	11.53	1400325	32408792.000
06/27/2011	11.52	11.66	11.38	11.58	1034788	24136772.000
06/28/2011	11.58	11.58	11.39	11.52	659049	15310196.000
06/29/2011	11.60	11.60	11.27	11.27	574745	13278120.000
06/30/2011	11.27	11.51	11.22	11.37	515952	11880608.000
07/01/2011	11.43	11.55	11.33	11.44	691222	16016734.000
07/04/2011	11.45	11.74	11.45	11.70	944096	22165060.000
07/05/2011	11.73	11.81	11.57	11.72	1151548	27307284.000
07/06/2011	11.72	11.87	11.68	11.82	954026	22750542.000
07/07/2011	11.85	12.05	11.77	11.84	1277072	30785494.000
07/08/2011	11.85	11.90	11.53	11.64	785379	18592404.000
07/11/2011	11.55	11.63	11.37	11.57	860259	19974838.000
07/12/2011	11.52	11.56	11.33	11.39	599670	13841197.000
07/13/2011	11.49	11.57	11.32	11.55	710705	16549521.000
07/14/2011	11.65	12.12	11.57	12.03	2220855	53481984.000
07/15/2011	11.99	12.32	11.92	12.26	1970223	48414144.000
07/18/2011	12.27	12.55	11.97	12.13	1286681	31797328.000
07/19/2011	12.24	12.24	11.84	11.91	1016640	24537778.000
07/21/2011	11.72	11.94	11.67	11.67	723358	17180722.000
07/22/2011	11.70	11.86	11.67	11.67	427302	10142984.000
07/25/2011	11.67	11.67	10.98	11.02	893113	20345358.000
07/26/2011	11.03	11.17	10.87	11.11	447092	9980296.000
07/27/2011	11.06	11.36	10.92	11.15	623415	14107218.000
07/28/2011	11.07	11.24	10.95	11.16	491060	11015497.000
07/29/2011	11.07	11.29	11.06	11.18	585837	13231728.000
08/01/2011	10.98	11.57	10.98	11.44	1290274	29524530.000
08/02/2011	11.37	11.61	11.12	11.59	868791	19865124.000
08/03/2011	11.37	11.97	11.37	11.87	1673985	39909912.000
08/04/2011	11.83	12.02	11.64	11.77	1146585	27338108.000
08/05/2011	11.37	11.53	11.23	11.35	1070676	24599088.000
08/08/2011	11.25	11.25	10.25	10.31	1381579	29669984.000
08/09/2011	10.05	10.24	9.62	10.12	1071847	21620922.000
08/10/2011	10.52	10.52	10.18	10.20	708202	14767853.000
08/11/2011	10.07	10.52	9.93	10.42	842184	17603952.000
08/12/2011	10.44	10.72	10.44	10.57	634901	13587662.000
08/15/2011	10.62	11.25	10.59	11.07	1258054	27942320.000
08/16/2011	10.91	11.06	10.72	10.81	1009655	22219162.000
08/17/2011	10.81	10.95	10.68	10.83	559027	12252251.000
08/18/2011	10.85	10.96	10.45	10.45	423020	9133117.000
08/19/2011	10.15	10.32	10.13	10.23	503191	10408047.000
08/22/2011	10.23	10.67	10.23	10.35	590708	12493902.000
08/23/2011	10.35	10.81	10.35	10.78	880457	18973934.000
08/24/2011	10.81	11.13	10.78	10.78	946192	20908158.000
08/25/2011	10.78	11.37	10.78	11.26	1522283	34220128.000
08/26/2011	11.16	11.24	11.04	11.14	978501	22026818.000
08/29/2011	11.00	11.12	10.87	10.93	702764	15606575.000
08/30/2011	10.98	11.20	10.68	10.69	753180	16732164.000
08/31/2011	10.60	10.71	10.45	10.62	634946	13537651.000
09/01/2011	10.67	10.81	10.50	10.55	282900	6080920.500
09/02/2011	10.54	10.62	10.37	10.50	310863	6603601.500
09/05/2011	10.37	10.46	10.09	10.09	436013	9021570.000
09/06/2011	9.97	10.11	9.93	10.03	310107	6286143.500
09/07/2011	10.12	10.29	10.05	10.29	498015	10269492.000
09/08/2011	10.37	10.45	10.11	10.12	363640	7564234.000
09/09/2011	10.12	10.31	9.98	10.05	372798	7619436.000
09/13/2011	9.96	9.96	9.77	9.86	359445	7154741.000
09/14/2011	9.87	10.02	9.78	10.02	265795	5340720.000
09/15/2011	10.03	10.21	9.98	10.00	234714	4794252.000
09/16/2011	10.10	10.23	10.03	10.04	240908	4934630.500
09/19/2011	10.04	10.16	9.86	9.97	221720	4456114.000
09/20/2011	9.97	10.21	9.77	10.09	334444	6810804.000
09/21/2011	10.12	10.46	10.07	10.42	631758	13151389.000
09/22/2011	10.28	10.34	9.93	9.97	451555	9271331.000
09/23/2011	9.82	9.95	9.71	9.77	450614	8951271.000
09/26/2011	9.75	9.86	9.67	9.73	207740	4102323.250
09/27/2011	9.82	9.85	9.72	9.80	162691	3227759.500
09/28/2011	9.85	9.92	9.67	9.69	165038	3266576.500
09/29/2011	9.67	9.67	9.39	9.42	349770	6725631.000
09/30/2011	9.39	9.62	9.39	9.50	261364	5027731.000
10/10/2011	9.48	9.69	9.47	9.49	166422	3211556.500
10/11/2011	9.81	9.81	9.45	9.50	163502	3182326.500
10/12/2011	9.45	9.88	9.45	9.85	467049	9230620.000
10/13/2011	9.80	10.04	9.75	9.97	576175	11594500.000
10/14/2011	9.97	10.06	9.85	9.95	386811	7795080.000
10/17/2011	10.05	10.07	9.86	9.95	291261	5866413.000
10/18/2011	9.87	9.91	9.52	9.52	310779	6127953.000
10/19/2011	9.54	9.72	9.36	9.38	368146	7064950.000
10/20/2011	9.38	9.46	9.12	9.25	391059	7311645.500
10/21/2011	9.22	9.36	9.05	9.06	215180	3999470.500
10/24/2011	9.05	9.35	9.04	9.26	278967	5181642.000
10/25/2011	9.29	9.90	9.23	9.84	1037457	20300378.000
10/26/2011	9.71	10.06	9.63	9.92	1236450	24801800.000
10/27/2011	9.88	9.97	9.72	9.74	595108	11863151.000
10/28/2011	9.87	9.97	9.75	9.96	859456	17205604.000
10/31/2011	10.01	10.12	9.88	10.06	867615	17596310.000
11/01/2011	9.89	10.12	9.80	9.97	797957	16129375.000
11/02/2011	9.77	10.98	9.73	10.98	3819307	82238144.000
11/03/2011	11.25	11.55	11.06	11.13	4555942	104357704.000
11/04/2011	11.13	11.23	10.93	11.02	1491290	33230128.000
11/07/2011	11.08	11.26	10.88	11.02	1155539	25787590.000
11/08/2011	11.00	11.11	10.65	10.72	1029069	22645532.000
11/09/2011	10.73	11.09	10.59	11.08	1381065	30382026.000
11/10/2011	10.90	11.47	10.87	10.89	2112885	47713684.000
11/11/2011	10.92	10.96	10.52	10.63	1095236	23719792.000
11/14/2011	10.76	11.22	10.71	11.14	1774018	39698628.000
11/15/2011	11.15	11.18	10.99	11.15	973714	21850798.000
11/16/2011	11.17	11.17	10.60	10.72	1086117	23722516.000
11/17/2011	10.74	11.12	10.61	10.85	891111	19660428.000
11/18/2011	10.82	10.91	10.44	10.47	677003	14621879.000
11/21/2011	10.37	10.58	10.25	10.45	642922	13532150.000
11/22/2011	10.35	10.52	10.25	10.46	292948	6161809.000
11/23/2011	10.56	10.56	10.33	10.44	289390	6126833.000
11/24/2011	10.37	10.62	10.21	10.62	583471	12374067.000
11/25/2011	10.51	10.81	10.30	10.42	510165	10890284.000
11/28/2011	10.42	10.56	10.27	10.30	274164	5749813.500
11/29/2011	10.39	10.56	10.15	10.55	591136	12384219.000
11/30/2011	10.55	10.55	9.63	9.70	707708	14235452.000
12/01/2011	9.97	10.27	9.80	9.97	893158	18143432.000
12/02/2011	9.87	9.87	9.50	9.55	600701	11760112.000
12/05/2011	9.55	9.60	9.04	9.06	395708	7439845.500
12/06/2011	9.07	9.20	8.87	9.12	397396	7277384.500
12/07/2011	9.04	9.38	9.02	9.34	519849	9767711.000
12/08/2011	9.35	9.53	9.17	9.40	321279	6081792.000
12/09/2011	9.37	9.37	9.20	9.30	197554	3713729.750
12/12/2011	9.31	9.52	9.23	9.23	245065	4618208.000
12/13/2011	9.20	9.30	8.87	8.93	350681	6397149.500
12/14/2011	8.83	9.05	8.83	8.87	237260	4293847.500
12/15/2011	8.91	8.91	8.58	8.58	390462	6920947.500
12/16/2011	8.69	8.96	8.57	8.94	333279	5904410.000
12/19/2011	8.87	9.06	8.70	9.05	327670	5887758.500
12/20/2011	8.97	9.16	8.92	8.92	253500	4655876.000
12/21/2011	9.02	9.09	8.58	8.64	219669	3980332.500
12/22/2011	8.62	8.62	8.18	8.42	339756	5782417.000
12/23/2011	8.42	8.60	8.37	8.43	209243	3605009.750
12/26/2011	8.47	8.61	8.43	8.43	175670	3035509.000
12/27/2011	8.40	8.52	8.05	8.07	264989	4443598.000
12/28/2011	8.17	8.17	7.75	7.92	488929	7797942.000
12/29/2011	7.92	7.97	7.73	7.73	523743	8332520.000
12/30/2011	7.69	7.89	7.69	7.84	695602	11006157.000
01/04/2012	7.87	7.95	7.48	7.50	535180	8453533.000
01/05/2012	7.38	7.50	7.18	7.23	430873	6394136.500
01/06/2012	7.13	7.26	6.92	7.24	895845	12982127.000
01/09/2012	7.20	7.57	7.09	7.50	494281	7438304.000
01/10/2012	7.50	8.12	7.50	7.91	916844	14537686.000
01/11/2012	7.88	8.22	7.79	7.91	837704	13601329.000
01/12/2012	7.86	7.99	7.78	7.80	511260	8150480.000
01/13/2012	7.84	7.89	7.22	7.31	800909	12137999.000
01/16/2012	7.22	7.22	6.99	6.99	451192	6520403.000
01/17/2012	7.12	7.46	7.02	7.44	620360	9195028.000
01/18/2012	7.44	7.60	7.18	7.27	686210	10327593.000
01/19/2012	7.22	7.47	7.14	7.42	523356	7836458.000
01/20/2012	7.40	7.62	7.40	7.52	521604	7984232.000
01/30/2012	7.57	7.61	7.48	7.51	323452	4965514.500
01/31/2012	7.48	7.48	7.21	7.35	283337	4218463.500
02/01/2012	7.52	7.57	7.34	7.34	454792	6912607.500
02/02/2012	7.37	7.46	7.31	7.45	400583	6010821.000
02/03/2012	7.45	7.67	7.41	7.62	959656	14719604.000
02/06/2012	7.62	7.70	7.57	7.65	653395	10141587.000
02/07/2012	7.62	7.62	7.42	7.46	440762	6714069.000
02/08/2012	7.46	7.69	7.43	7.68	645872	9999911.000
02/09/2012	7.62	7.92	7.62	7.78	798109	12656746.000
02/10/2012	7.82	7.85	7.70	7.76	566603	8966902.000
02/13/2012	7.77	7.97	7.64	7.97	956369	15303439.000
02/14/2012	7.95	8.01	7.77	7.89	657691	10535280.000
02/15/2012	7.87	8.12	7.82	8.03	818380	13262370.000
02/16/2012	8.03	8.17	7.87	8.01	814831	13249819.000
02/17/2012	8.01	8.07	7.80	7.89	689501	11072099.000
02/20/2012	8.02	8.57	7.96	8.25	2209311	37379380.000
02/21/2012	8.22	8.51	8.05	8.46	1960528	33136782.000
02/22/2012	8.42	9.32	8.42	9.32	4743859	87081592.000
02/23/2012	9.25	9.39	9.05	9.16	3471223	64539772.000
02/24/2012	9.12	9.87	9.03	9.42	3845785	73883744.000
02/27/2012	9.32	9.51	9.20	9.30	2261345	42813484.000
02/28/2012	9.24	9.24	8.90	9.09	1585468	29086978.000
02/29/2012	9.10	9.10	8.90	8.98	835863	15184422.000
03/01/2012	8.98	9.07	8.89	8.95	1136501	20679150.000
03/02/2012	8.94	9.12	8.94	9.11	1028272	18852366.000
03/05/2012	9.12	9.26	9.01	9.01	761783	14081087.000
03/06/2012	8.97	8.97	8.63	8.81	994659	17730682.000
03/07/2012	8.67	8.86	8.65	8.67	740511	13151182.000
03/08/2012	8.68	9.02	8.68	8.89	1077662	19414684.000
03/09/2012	8.95	9.11	8.90	9.05	857265	15669802.000
03/12/2012	9.09	9.31	8.98	9.12	867834	16105730.000
03/13/2012	9.18	9.18	8.98	9.14	682766	12566495.000
03/14/2012	9.16	9.32	8.40	8.57	1831417	33433182.000
03/15/2012	8.87	8.89	8.52	8.65	1191132	21029448.000
03/16/2012	8.92	8.92	8.53	8.80	749841	13264322.000
03/19/2012	8.76	8.97	8.68	8.86	480712	8598970.000
03/20/2012	8.85	8.93	8.47	8.48	713840	12510765.000
03/21/2012	8.48	8.59	8.28	8.42	765316	13056778.000
03/22/2012	8.42	8.51	8.38	8.50	526406	9038700.000
03/23/2012	8.45	8.55	8.29	8.35	449036	7673741.500
03/26/2012	8.35	8.35	8.19	8.25	376594	6311204.000
03/27/2012	8.36	8.50	8.25	8.31	287048	4872228.000
03/28/2012	8.40	8.40	7.92	7.95	558825	9134467.000
03/29/2012	7.94	7.95	7.68	7.78	378777	5998275.500
03/30/2012	7.67	7.95	7.67	7.87	273781	4334244.000
04/05/2012	7.92	8.45	7.72	8.43	973944	16072453.000
04/06/2012	8.32	8.40	8.20	8.37	468698	7926479.000
04/09/2012	8.46	8.93	8.37	8.42	987093	17322064.000
04/10/2012	8.32	8.51	8.02	8.48	724681	12061731.000
04/11/2012	8.62	8.92	8.61	8.77	1710864	30452442.000
04/12/2012	8.67	8.89	8.56	8.88	1647450	29094324.000
04/13/2012	8.88	9.02	8.69	8.83	838346	15011333.000
04/16/2012	8.82	8.92	8.55	8.65	899755	15848187.000
04/17/2012	8.55	8.70	8.55	8.68	909151	15933306.000
04/18/2012	9.07	9.07	8.69	8.83	1008169	18095364.000
04/19/2012	8.87	8.92	8.47	8.84	1795875	31883398.000
04/20/2012	8.73	9.56	8.73	9.28	2739712	50652808.000
04/23/2012	9.12	9.16	8.80	8.86	1630849	29609754.000
04/24/2012	8.95	8.95	8.37	8.86	1158929	20419742.000
04/25/2012	8.82	9.10	8.67	8.72	1301069	23460276.000
04/26/2012	8.85	8.85	8.45	8.81	1245064	21883664.000
04/27/2012	8.81	8.81	8.63	8.66	589706	10440389.000
05/02/2012	8.85	8.85	8.68	8.76	734229	13053315.000
05/03/2012	8.93	8.97	8.77	8.90	799913	14427696.000
05/04/2012	8.73	9.02	8.73	8.92	1352755	24448934.000
05/07/2012	8.97	9.11	8.87	9.10	1516456	27600428.000
05/08/2012	9.25	9.25	8.90	8.99	1294216	23791880.000
05/09/2012	8.99	8.99	8.73	8.76	540937	9654654.000
05/10/2012	8.77	8.81	8.59	8.65	376421	6634008.000
05/11/2012	8.68	8.72	8.56	8.58	339249	5936703.000
05/14/2012	8.72	8.77	8.59	8.61	338635	5955975.000
05/15/2012	8.52	8.52	8.33	8.45	396804	6759284.500
05/16/2012	8.45	8.46	8.31	8.31	225090	3821684.250
05/17/2012	8.41	8.69	8.32	8.61	596795	10216476.000
05/18/2012	9.04	9.04	8.55	8.57	792734	13954512.000
05/21/2012	8.61	8.77	8.44	8.50	319852	5520409.000
05/22/2012	8.55	8.59	8.44	8.49	433928	7403731.000
05/23/2012	8.54	8.54	8.37	8.50	406291	6907035.000
05/24/2012	8.49	8.52	8.38	8.42	202916	3451651.500
05/25/2012	8.52	8.52	8.34	8.37	336163	5697302.000
05/28/2012	8.43	8.45	8.19	8.38	229157	3865529.000
05/29/2012	8.44	8.56	8.33	8.56	1754327	29952932.000
05/30/2012	8.52	8.97	8.44	8.73	1952090	34299328.000
05/31/2012	8.64	8.78	8.60	8.73	858915	15040322.000
06/01/2012	8.79	8.79	8.57	8.62	358546	6253696.000
06/04/2012	8.54	8.54	8.28	8.31	470360	7933444.500
06/05/2012	8.43	8.43	8.24	8.28	232923	3897325.000
06/06/2012	8.28	8.43	8.28	8.29	506140	8525352.000
06/07/2012	8.38	8.42	8.23	8.27	243013	4077315.500
06/08/2012	8.30	8.39	8.17	8.25	259002	4313936.500
06/11/2012	8.43	8.43	8.19	8.35	361789	6061587.500
06/12/2012	8.29	8.35	8.19	8.19	300476	4989388.000
06/13/2012	8.32	8.36	8.22	8.35	268037	4482144.500
06/14/2012	8.56	8.56	8.29	8.31	399874	6722916.000
06/15/2012	8.29	8.44	8.19	8.22	250327	4172553.250
06/18/2012	8.38	8.38	8.24	8.34	431647	7228139.500
06/19/2012	8.38	8.38	8.23	8.28	398925	6672480.500
06/20/2012	8.37	8.43	8.27	8.36	477594	8034619.000
06/21/2012	8.38	8.38	8.14	8.25	373400	6203397.500
06/25/2012	8.25	8.41	7.99	8.35	786843	13086853.000
06/26/2012	8.25	8.61	8.20	8.60	1039543	17669652.000
06/27/2012	8.45	8.62	8.25	8.57	870097	14832202.000
06/28/2012	8.57	8.59	8.39	8.59	670162	11484299.000
06/29/2012	8.62	8.81	8.52	8.73	892260	15563153.000
07/02/2012	8.69	9.11	8.57	9.11	1497555	26627504.000
07/03/2012	9.79	9.79	8.99	9.40	2229818	41360984.000
07/04/2012	9.34	9.94	9.19	9.64	2854724	55204440.000
07/05/2012	9.50	9.65	9.40	9.58	1357100	25866816.000
07/06/2012	9.44	9.67	9.20	9.61	1528670	29363232.000
07/09/2012	9.61	9.61	9.36	9.44	912330	17390556.000
07/10/2012	9.44	9.64	9.41	9.50	2006794	38516488.000
07/11/2012	9.48	9.69	8.69	9.69	2084163	37756460.000
07/12/2012	9.24	9.44	8.99	9.44	947408	17639676.000
07/13/2012	9.22	9.43	8.94	9.07	605877	11089449.000
07/16/2012	9.08	9.09	8.53	8.69	925478	16200591.000
07/17/2012	8.69	8.86	8.52	8.68	477715	8394391.000
07/18/2012	8.69	8.87	8.61	8.83	420187	7406684.500
07/19/2012	8.75	8.96	8.75	8.89	440862	7906489.000
07/20/2012	8.89	9.00	8.85	8.94	331900	5952838.000
07/23/2012	8.94	9.17	8.71	8.94	894614	16172465.000
07/24/2012	8.94	9.06	8.84	9.05	755976	13623360.000
07/25/2012	9.07	9.19	9.03	9.09	444902	8160572.500
07/26/2012	9.10	9.27	8.99	9.10	615366	11266315.000
07/27/2012	9.20	9.43	9.09	9.43	1019945	19047346.000
07/30/2012	9.47	9.57	9.25	9.38	990300	18695614.000
07/31/2012	9.45	9.46	9.25	9.39	377554	7097827.000
08/01/2012	9.40	9.44	9.20	9.36	368201	6918228.000
08/02/2012	9.36	9.58	9.27	9.44	782702	14799727.000
08/03/2012	9.48	9.53	9.33	9.45	524765	9911814.000
08/06/2012	9.61	9.61	9.42	9.57	864735	16537761.000
08/07/2012	9.64	9.73	9.44	9.66	1335139	25705398.000
08/08/2012	9.62	9.69	9.53	9.62	426868	8248050.500
08/09/2012	9.69	10.27	9.44	10.08	2119803	42228648.000
08/10/2012	10.14	10.14	9.88	10.04	977985	19679264.000
08/13/2012	10.05	10.21	9.89	9.97	1096385	22148010.000
08/14/2012	10.19	10.40	9.90	10.22	1242247	25351232.000
08/15/2012	10.22	10.41	10.01	10.03	474792	9677031.000
08/16/2012	10.07	10.18	9.93	10.07	603570	12202072.000
08/17/2012	10.00	10.19	9.95	10.08	1399571	28384336.000
08/20/2012	10.14	10.24	10.03	10.19	875801	17796140.000
08/21/2012	10.18	10.28	10.09	10.17	667269	13658960.000
08/22/2012	10.23	10.32	10.12	10.22	548351	11248517.000
08/23/2012	10.29	10.34	9.93	9.94	679400	13910094.000
08/24/2012	9.94	10.14	9.69	10.04	1157704	23153614.000
08/27/2012	10.04	10.15	9.93	10.05	647359	13095100.000
08/28/2012	10.14	10.24	9.94	10.18	860116	17458438.000
08/29/2012	10.14	10.14	9.71	9.98	1063658	21043746.000
08/30/2012	9.84	9.84	9.59	9.64	1014110	19803380.000
08/31/2012	9.69	9.69	8.67	8.67	747805	13242344.000
09/03/2012	7.80	8.18	7.80	8.10	8267106	131206424.000
09/04/2012	7.84	8.12	7.81	7.88	3544620	56463944.000
09/05/2012	7.99	8.09	7.82	7.83	2173006	34674876.000
09/06/2012	7.84	7.90	7.59	7.72	3000147	46600100.000
09/07/2012	7.77	8.08	7.70	8.01	4393991	70182464.000
09/10/2012	7.99	8.12	7.90	8.10	3282776	53033432.000
09/11/2012	8.06	8.16	7.99	8.15	2046569	33304994.000
09/12/2012	8.17	8.22	8.06	8.12	1581178	25805598.000
09/13/2012	8.12	8.17	7.86	7.87	1950429	31535698.000
09/14/2012	7.99	8.02	7.86	7.93	1193423	19057256.000
09/17/2012	7.93	7.93	7.67	7.68	1077431	16883280.000
09/18/2012	7.59	7.71	7.58	7.66	585077	9030965.000
09/19/2012	7.66	7.79	7.61	7.74	527126	8212430.000
09/20/2012	7.74	7.74	7.23	7.24	1128208	16956790.000
09/21/2012	7.21	7.29	7.11	7.20	693793	10078279.000
09/24/2012	7.14	7.22	6.97	7.12	615944	8782971.000
09/25/2012	7.12	7.14	6.95	6.97	543950	7725886.500
09/26/2012	6.94	7.04	6.79	6.82	516357	7188780.500
09/27/2012	6.79	7.12	6.79	7.00	681005	9564050.000
09/28/2012	6.98	7.09	6.95	7.08	571781	8123714.500
10/08/2012	7.03	7.13	6.99	7.04	485117	6867417.000
10/09/2012	7.06	7.24	7.06	7.24	863350	12495666.000
10/10/2012	7.21	7.39	7.17	7.32	761420	11186686.000
10/11/2012	7.34	7.92	7.23	7.47	1907876	29278210.000
10/12/2012	7.38	7.54	7.20	7.29	1115076	16478315.000
10/15/2012	7.32	7.34	6.98	7.06	596352	8497535.000
10/16/2012	7.08	7.16	7.02	7.06	374950	5364485.000
10/17/2012	7.06	7.14	6.99	7.07	321662	4586275.000
10/18/2012	7.16	7.23	7.11	7.19	563272	8139068.000
10/19/2012	7.20	7.38	7.14	7.24	535045	7825584.500
10/22/2012	7.25	7.33	7.18	7.31	548881	8040943.500
10/23/2012	7.31	7.36	7.20	7.21	415409	6073048.500
10/24/2012	7.19	7.20	7.06	7.08	395200	5692322.000
10/25/2012	7.07	7.17	6.96	7.00	620518	8814376.000
10/26/2012	6.97	7.03	6.80	6.81	595839	8251471.000
10/29/2012	6.83	6.86	6.77	6.80	265668	3653438.500
10/30/2012	6.84	6.88	6.80	6.86	256660	3546159.750
10/31/2012	6.91	6.91	6.82	6.88	246307	3405506.750
11/01/2012	6.88	7.00	6.88	6.97	603380	8454774.000
11/02/2012	6.98	7.00	6.92	6.94	332167	4654713.000
11/05/2012	6.94	6.98	6.88	6.98	357920	4993981.000
11/06/2012	6.91	6.97	6.79	6.85	425207	5864741.000
11/07/2012	6.80	6.91	6.80	6.88	275790	3812840.500
11/08/2012	6.81	6.82	6.48	6.61	575431	7787823.500
11/09/2012	6.61	6.64	6.53	6.54	228839	3041157.250
11/12/2012	6.54	6.64	6.48	6.54	177499	2343901.750
11/13/2012	6.58	6.58	6.19	6.26	560892	7162398.000
11/14/2012	6.26	6.27	6.14	6.23	358228	4489662.000
11/15/2012	6.21	6.22	6.09	6.09	310649	3852225.000
11/16/2012	6.08	6.09	5.92	5.95	507222	6121691.500
11/19/2012	5.95	6.03	5.91	6.03	377043	4548555.000
11/20/2012	6.03	6.12	5.98	5.98	290445	3554767.000
11/21/2012	5.99	6.12	5.94	6.09	386869	4722060.500
12/11/2012	5.85	6.71	5.85	6.71	4685099	61563196.000
12/12/2012	6.45	6.57	6.40	6.50	2588115	33900896.000
12/13/2012	6.44	6.46	6.22	6.23	1977302	25064320.000
12/14/2012	6.23	6.52	6.23	6.48	2298709	29664986.000
12/17/2012	6.50	6.53	6.35	6.48	2026455	26344886.000
12/18/2012	6.48	6.69	6.36	6.53	2013760	26534484.000
12/19/2012	6.53	6.59	6.42	6.51	1298083	17005962.000
12/20/2012	6.50	6.53	6.37	6.47	1175743	15313792.000
12/21/2012	6.45	6.59	6.42	6.45	1417176	18593378.000
12/24/2012	6.42	6.49	6.38	6.43	951675	12352971.000
12/25/2012	6.42	6.78	6.37	6.65	2612141	34793168.000
12/26/2012	6.59	6.89	6.59	6.81	2406281	32842156.000
12/27/2012	6.89	6.89	6.64	6.65	1685463	22834202.000
12/28/2012	6.66	6.75	6.59	6.68	1276364	17188200.000
12/31/2012	6.70	6.82	6.67	6.76	1323605	17999234.000
01/04/2013	6.80	6.89	6.55	6.64	1542591	20849096.000
01/07/2013	6.62	6.73	6.56	6.73	884463	11860104.000
01/08/2013	6.74	6.93	6.67	6.91	2357682	32500272.000
01/09/2013	6.92	7.19	6.83	6.94	2183520	30859486.000
01/10/2013	6.85	7.48	6.85	7.25	3345582	48788732.000
01/11/2013	7.15	7.22	6.99	7.02	1755458	25114052.000
01/14/2013	7.02	7.34	6.94	7.27	2314828	33575120.000
01/15/2013	7.29	7.46	7.27	7.38	2304157	34220904.000
01/16/2013	7.34	7.39	7.14	7.26	1610570	23639880.000
01/17/2013	7.24	7.28	7.17	7.19	912255	13271141.000
01/18/2013	7.15	7.37	7.15	7.31	934618	13682936.000
01/21/2013	7.31	7.37	7.24	7.34	1019787	15035498.000
01/22/2013	7.34	7.34	6.99	7.09	1078855	15602614.000
01/23/2013	7.02	7.14	6.97	7.11	540950	7703229.000
01/24/2013	7.09	7.20	6.78	6.85	1189142	16718020.000
01/25/2013	6.83	6.89	6.74	6.89	665595	9140502.000
01/28/2013	6.85	7.03	6.78	6.98	776558	10842820.000
01/29/2013	6.98	7.11	6.95	7.02	771560	10955493.000
01/30/2013	7.04	7.68	7.04	7.29	3140374	46880240.000
01/31/2013	7.25	7.34	7.15	7.25	1344109	19595656.000
02/01/2013	7.22	7.58	7.12	7.45	2139182	31707026.000
02/04/2013	7.39	7.66	7.31	7.61	2469171	37390648.000
02/05/2013	7.49	7.56	7.32	7.42	1206200	18039468.000
02/06/2013	7.42	7.59	7.37	7.43	936253	14097954.000
02/07/2013	7.44	7.46	7.34	7.37	741026	11033800.000
02/08/2013	7.39	7.62	7.36	7.50	1205531	18251352.000
02/18/2013	7.53	7.54	7.38	7.42	818205	12299730.000
02/19/2013	7.42	7.42	7.19	7.23	813710	11968284.000
02/20/2013	7.24	7.40	7.22	7.39	733141	10820101.000
02/21/2013	7.35	7.52	7.26	7.35	1437154	21420302.000
02/22/2013	7.28	7.60	7.27	7.43	1023739	15406712.000
02/25/2013	7.44	7.49	7.32	7.44	927103	13823032.000
02/26/2013	7.44	7.59	7.37	7.49	1480515	22379096.000
02/27/2013	7.51	7.53	7.19	7.27	1542246	22860760.000
02/28/2013	7.28	7.67	7.15	7.60	2007507	30233308.000
03/01/2013	7.61	8.03	7.57	7.92	2998985	47547572.000
03/04/2013	7.85	7.89	7.50	7.52	1879766	29028892.000
03/05/2013	7.52	7.87	7.52	7.83	1173934	18220238.000
03/06/2013	7.95	8.62	7.83	8.62	5671254	96436056.000
03/07/2013	8.61	9.14	8.46	8.90	6709131	118847968.000
03/08/2013	8.74	8.84	8.37	8.48	1776965	30660362.000
03/11/2013	8.48	8.56	8.25	8.35	1043084	17600616.000
03/12/2013	8.33	8.58	7.88	8.03	1985914	32486982.000
03/13/2013	8.01	8.01	7.65	7.81	1149175	18094542.000
03/14/2013	7.79	8.00	7.69	7.78	986214	15655546.000
03/15/2013	7.94	7.94	7.57	7.78	1295239	20217332.000
03/18/2013	7.61	7.72	7.60	7.61	723965	11167387.000
03/19/2013	7.56	7.69	7.39	7.69	946942	14406154.000
03/20/2013	7.68	7.99	7.61	7.99	1039019	16501248.000
03/21/2013	7.99	8.19	7.84	7.94	1056367	17001202.000
03/22/2013	7.88	7.98	7.76	7.85	799152	12638982.000
03/25/2013	7.82	7.89	7.79	7.89	520745	8227417.000
03/26/2013	7.92	7.92	7.53	7.57	882760	13564711.000
03/27/2013	7.58	8.16	7.52	8.16	1017880	15686907.000
03/28/2013	7.91	8.15	7.70	7.90	1465324	23466800.000
03/29/2013	7.88	7.94	7.58	7.58	733340	11482130.000
04/01/2013	7.59	7.97	7.54	7.75	743871	11580805.000
04/02/2013	7.62	7.73	7.50	7.52	902135	13792303.000
04/03/2013	7.45	7.51	7.17	7.26	610570	9047926.000
04/08/2013	7.09	7.30	7.00	7.28	419843	6049799.500
04/09/2013	7.27	7.44	7.20	7.43	380740	5657080.000
04/10/2013	7.43	7.48	7.17	7.33	299402	4442240.000
04/11/2013	7.33	7.44	7.33	7.33	275861	4109955.750
04/12/2013	7.34	7.41	7.29	7.29	210540	3119748.000
04/15/2013	7.27	7.35	7.22	7.29	312332	4592878.500
04/16/2013	7.29	7.49	7.20	7.44	246973	3638294.500
04/17/2013	7.44	7.61	7.39	7.52	503443	7610139.000
04/18/2013	7.41	7.58	7.41	7.49	757682	11443713.000
04/19/2013	7.45	7.67	7.45	7.55	1505984	22919488.000
04/22/2013	7.51	7.59	7.40	7.58	687828	10413153.000
04/23/2013	7.58	7.60	7.24	7.33	1035771	15366217.000
04/24/2013	7.33	7.47	7.27	7.44	1004143	14905077.000
04/25/2013	7.39	7.46	7.19	7.22	491465	7252161.000
04/26/2013	7.24	7.27	7.12	7.14	387857	5633670.000
05/02/2013	7.08	7.28	7.08	7.22	380517	5523945.500
05/03/2013	7.25	7.43	7.24	7.38	451022	6704256.500
05/06/2013	7.41	7.97	7.40	7.85	1380943	21540650.000
05/07/2013	7.78	7.79	7.61	7.70	735037	11402427.000
05/08/2013	7.74	7.83	7.59	7.72	847887	13192587.000
05/09/2013	7.82	8.12	7.62	8.03	2059154	32814344.000
05/10/2013	7.94	8.44	7.94	8.04	2660473	44061628.000
05/13/2013	7.98	8.14	7.82	7.88	1447781	23086764.000
05/14/2013	7.88	8.06	7.73	7.97	1699290	27062300.000
05/15/2013	7.89	8.12	7.81	8.12	1163466	18735286.000
05/16/2013	8.35	8.64	8.17	8.19	3539620	59927728.000
05/17/2013	8.13	8.49	7.99	8.38	1762054	29390796.000
05/20/2013	8.35	9.17	8.30	8.88	2337524	41292512.000
05/21/2013	8.90	9.48	8.72	9.29	2748943	50946708.000
05/22/2013	9.29	9.44	8.78	8.86	1963935	35729372.000
05/23/2013	8.77	9.07	8.67	8.86	1501204	26827652.000
05/24/2013	8.78	9.36	8.78	9.33	1532366	28326140.000
05/27/2013	9.29	9.79	9.16	9.51	1645998	31443084.000
05/28/2013	9.43	9.62	9.09	9.15	1178832	21739476.000
05/29/2013	9.11	9.27	9.05	9.15	796684	14616964.000
05/30/2013	9.15	9.21	9.01	9.13	776933	14233818.000
05/31/2013	9.07	9.20	8.83	8.84	917405	16455091.000
06/03/2013	8.80	8.89	8.51	8.57	1202330	20935078.000
06/04/2013	8.50	8.85	8.31	8.81	1028599	17639844.000
06/05/2013	8.72	8.80	8.61	8.72	758095	13230341.000
06/06/2013	8.71	8.71	8.41	8.44	536777	9158077.000
06/07/2013	8.43	8.64	8.21	8.43	603682	10231428.000
06/13/2013	8.17	8.41	7.97	8.32	855045	14077826.000
06/14/2013	8.32	8.65	8.25	8.61	934198	15965276.000
06/17/2013	8.58	8.82	8.54	8.57	673895	11727090.000
06/18/2013	8.56	8.66	8.33	8.65	523810	8945879.000
06/19/2013	8.64	8.72	8.37	8.64	485232	8365662.500
06/20/2013	8.48	8.62	8.23	8.23	455734	7687942.000
06/21/2013	7.98	8.21	7.79	8.14	824435	13216890.000
06/24/2013	8.14	8.14	7.48	7.85	1185301	18503130.000
06/25/2013	7.79	7.94	7.23	7.90	645540	9869645.000
06/26/2013	7.93	8.42	7.72	8.37	885140	14556742.000
06/27/2013	8.31	8.71	8.18	8.32	1486702	25136206.000
06/28/2013	8.18	8.97	8.02	8.90	2503155	44091676.000
07/01/2013	8.87	9.41	8.65	9.36	2838198	51482420.000
07/02/2013	9.35	10.14	9.07	9.75	3203635	61603628.000
07/03/2013	9.48	10.52	9.31	10.47	4378876	87964536.000
07/04/2013	10.20	10.58	10.02	10.06	2846136	58871244.000
07/05/2013	9.98	10.52	9.80	9.87	2013352	40800864.000
07/08/2013	9.48	10.42	9.23	9.62	2464957	48853228.000
07/09/2013	9.54	10.59	9.47	10.59	2960654	61189988.000
07/10/2013	10.75	11.65	10.75	11.65	5765117	132779880.000
07/11/2013	11.37	11.60	10.95	11.46	4961394	112015880.000
07/12/2013	11.20	12.51	11.02	11.67	5647972	131381504.000
07/15/2013	11.52	12.58	11.52	12.28	4896429	118170168.000
07/16/2013	11.99	12.26	11.75	11.91	3235886	77689112.000
07/17/2013	11.77	12.46	11.57	11.82	2817206	68230560.000
07/18/2013	11.63	12.46	11.55	12.20	2922318	70688528.000
07/19/2013	12.35	13.43	12.32	13.43	2410857	63988880.000
07/22/2013	13.97	14.77	13.82	14.77	2900984	83492784.000
07/23/2013	16.25	16.25	15.28	15.77	7133034	225247856.000
07/24/2013	15.77	16.46	15.50	15.54	6258842	198352160.000
07/25/2013	15.11	15.22	13.98	13.98	6691873	194049264.000
07/26/2013	13.87	14.41	13.45	13.89	4587192	127374440.000
07/29/2013	13.67	13.86	12.64	12.82	5295466	140611616.000
07/30/2013	12.97	13.12	12.39	12.97	5543941	142027840.000
07/31/2013	12.87	13.16	12.65	12.80	3966158	102734520.000
08/01/2013	13.32	14.09	13.28	14.09	9788272	269559904.000
08/02/2013	13.67	14.30	13.62	13.67	8190041	228990704.000
08/05/2013	13.47	13.47	12.97	13.30	4464852	117896440.000
08/06/2013	13.34	13.78	13.18	13.60	4514681	123108000.000
08/07/2013	13.53	13.66	12.72	12.85	5418014	140187984.000
08/08/2013	12.72	12.99	12.50	12.90	2677296	68703384.000
08/09/2013	13.00	13.10	12.51	12.69	3014032	76878096.000
08/12/2013	12.58	12.76	12.21	12.68	2678518	67007016.000
08/13/2013	12.64	13.15	12.53	12.91	2912717	75628592.000
08/14/2013	12.85	14.07	12.50	13.66	7151200	191941856.000
08/15/2013	13.57	14.17	13.32	13.65	6332064	174573632.000
08/16/2013	13.25	13.56	12.47	12.61	4218323	110356848.000
08/19/2013	12.36	13.02	12.04	12.72	2690930	68472240.000
08/20/2013	12.58	13.76	12.51	13.21	4429843	117117064.000
08/21/2013	13.14	13.63	12.74	13.27	3521645	93571624.000
08/22/2013	13.21	14.31	13.21	13.80	6606126	182977920.000
08/23/2013	13.62	13.97	12.97	13.50	5075020	137647264.000
08/26/2013	13.50	14.10	13.33	13.97	4874457	135116272.000
08/27/2013	13.87	14.72	13.47	14.51	6045798	172099312.000
08/28/2013	14.27	14.87	13.87	13.92	5862879	168266128.000
08/29/2013	13.76	14.07	13.57	13.58	2352571	64975668.000
08/30/2013	13.62	13.72	12.47	12.52	3730026	96347832.000
09/02/2013	12.41	12.77	12.32	12.77	1543671	39143088.000
09/03/2013	12.77	13.10	12.58	12.97	1517441	39227264.000
09/04/2013	12.94	12.94	12.61	12.73	1506094	38515552.000
09/05/2013	12.71	13.12	12.65	13.04	1893949	49329668.000
09/06/2013	12.96	13.40	12.87	13.02	1981333	52231612.000
09/09/2013	12.88	13.97	12.66	13.51	4166544	111165896.000
09/10/2013	13.39	13.92	13.17	13.71	3505705	95301528.000
09/11/2013	13.71	13.72	12.50	12.81	3391242	87178200.000
09/12/2013	12.72	13.60	12.62	13.30	3212308	84935008.000
09/13/2013	12.92	13.89	12.87	13.60	4348934	118062568.000
09/16/2013	13.48	14.96	13.42	14.96	6736781	195657664.000
09/17/2013	15.61	15.87	14.88	14.97	9405913	288242560.000
09/18/2013	14.42	14.96	14.27	14.62	4160927	121626712.000
09/23/2013	14.63	15.27	14.20	14.92	4653865	137330336.000
09/24/2013	14.73	15.22	14.57	14.75	4003634	119022568.000
09/25/2013	14.47	15.20	14.31	14.60	3689919	108976328.000
09/26/2013	14.55	14.90	13.57	13.58	3274473	93602768.000
09/27/2013	13.61	13.86	13.22	13.63	1735508	47232064.000
09/30/2013	13.58	14.91	13.58	14.76	3366369	98057168.000
10/08/2013	14.67	15.31	14.56	14.91	3275538	98431368.000
10/09/2013	14.81	15.22	14.64	15.12	2949826	88765632.000
10/10/2013	16.23	16.64	15.55	15.92	7143638	234091104.000
10/11/2013	16.25	16.43	14.73	15.06	5260772	162486704.000
10/14/2013	14.57	15.28	14.44	14.62	3312187	97751880.000
10/15/2013	14.47	14.95	14.05	14.11	2842841	81985632.000
10/16/2013	14.00	14.00	12.71	13.16	3448413	91280240.000
10/17/2013	13.14	13.40	13.02	13.30	1497262	39611056.000
10/18/2013	13.30	13.72	13.29	13.66	1701074	46337884.000
10/21/2013	13.80	14.22	13.48	14.08	1895050	53136244.000
10/22/2013	14.22	14.37	12.97	13.44	2967526	80367808.000
10/23/2013	13.21	13.40	12.58	13.06	1994243	51857116.000
10/24/2013	13.04	13.33	12.73	13.27	956178	25257936.000
10/25/2013	13.41	13.41	12.66	12.77	1136394	29286492.000
10/28/2013	12.77	12.90	12.28	12.83	1054718	26742152.000
10/29/2013	12.73	12.92	11.97	12.37	1401863	34922224.000
10/30/2013	12.36	12.47	12.00	12.37	731625	17965912.000
10/31/2013	12.22	12.29	11.91	11.96	916014	22112604.000
11/01/2013	11.96	12.02	11.10	11.98	1352460	31552984.000
11/04/2013	11.98	12.21	11.92	12.02	618960	14974386.000
11/05/2013	12.12	12.40	11.96	12.39	653928	16022313.000
11/06/2013	12.37	12.62	12.22	12.38	847816	21178502.000
11/07/2013	12.33	12.54	11.90	11.91	590645	14416988.000
11/08/2013	11.83	11.90	11.42	11.52	589967	13685317.000
11/11/2013	11.12	11.66	11.08	11.62	673882	15444430.000
11/12/2013	11.62	11.75	11.47	11.57	420027	9757935.000
11/13/2013	11.58	11.68	11.38	11.42	579301	13377117.000
11/14/2013	11.28	11.77	11.14	11.61	580772	13477566.000
11/15/2013	11.69	12.30	11.69	12.18	1113657	27036722.000
11/18/2013	12.18	12.46	11.98	12.40	1476142	36344724.000
11/19/2013	12.46	12.46	12.14	12.18	1070447	26284862.000
11/20/2013	12.19	12.35	12.07	12.16	712519	17373766.000
11/21/2013	12.14	12.14	11.89	12.01	814705	19559840.000
11/22/2013	12.03	12.11	11.90	11.93	579011	13880240.000
11/25/2013	11.82	12.03	11.74	11.97	516605	12370013.000
11/26/2013	11.95	12.20	11.72	12.08	426208	10281783.000
11/27/2013	12.07	12.44	11.89	12.29	1131649	27753374.000
11/28/2013	12.28	12.45	12.05	12.05	1451499	35738288.000
11/29/2013	12.03	12.57	12.03	12.46	2052680	51153604.000
12/02/2013	11.87	12.22	11.21	11.21	2236005	51905876.000
12/03/2013	10.97	11.06	10.09	11.01	1307135	27700696.000
12/04/2013	10.85	11.51	10.73	11.19	1147065	25985564.000
12/05/2013	11.19	11.57	11.08	11.29	899697	20525954.000
12/06/2013	11.32	11.42	11.20	11.39	512492	11633992.000
12/09/2013	11.40	11.52	11.27	11.51	482455	11045206.000
12/10/2013	11.49	11.68	11.39	11.56	477468	11027785.000
12/11/2013	11.50	11.77	11.43	11.68	493122	11471339.000
12/12/2013	11.69	12.16	11.56	11.81	941986	22561460.000
12/13/2013	11.76	12.06	11.65	11.85	481749	11476769.000
12/16/2013	11.72	11.92	11.40	11.47	523746	12185746.000
12/17/2013	11.46	11.52	11.23	11.43	344900	7847795.000
12/18/2013	11.46	11.46	11.24	11.30	230470	5221467.000
12/19/2013	11.30	11.45	11.22	11.23	204695	4651848.000
12/20/2013	11.36	11.36	10.77	11.30	434121	9648991.000
12/23/2013	11.01	11.29	10.73	11.03	152280	3370188.500
12/24/2013	10.99	11.32	10.99	11.22	272712	6142361.500
12/25/2013	11.13	11.85	11.13	11.82	690743	16063801.000
12/26/2013	11.86	11.95	11.55	11.67	427216	10044959.000
12/27/2013	11.58	12.82	11.55	12.81	2442671	61153752.000
12/30/2013	12.72	12.72	12.43	12.47	1158889	29129460.000
12/31/2013	12.47	12.47	11.77	11.85	1586395	38064004.000
01/02/2014	11.87	12.21	11.74	12.08	1351627	32517334.000
01/03/2014	11.89	12.32	11.85	12.17	1265876	30747922.000
01/06/2014	12.03	12.12	11.30	11.47	1453071	33873224.000
01/07/2014	11.45	11.80	11.42	11.58	496734	11524358.000
01/08/2014	11.58	12.25	11.58	12.07	1883687	45517720.000
01/09/2014	11.93	12.20	11.62	11.67	1568007	37370636.000
01/10/2014	11.42	11.62	10.89	11.10	1236887	27840584.000
01/13/2014	11.10	11.21	10.93	10.96	539858	11984459.000
01/14/2014	10.96	11.27	10.91	11.27	612462	13674495.000
01/15/2014	11.27	11.56	11.17	11.55	1012811	23099114.000
01/16/2014	11.47	11.62	11.31	11.37	791499	18142516.000
01/17/2014	11.37	11.51	11.23	11.50	697221	15960738.000
01/20/2014	11.43	11.50	11.07	11.30	607333	13810903.000
01/21/2014	11.27	12.18	11.22	11.60	2027628	47535500.000
01/22/2014	11.50	11.97	11.47	11.93	1820716	42906596.000
01/23/2014	11.88	12.35	11.77	12.17	2387190	58100096.000
01/24/2014	12.00	13.32	11.99	12.88	4414839	112202760.000
01/27/2014	12.92	13.11	12.49	12.71	3080319	78952824.000
01/28/2014	12.72	12.88	12.18	12.37	1505487	37492328.000
01/29/2014	12.38	13.37	12.38	13.25	2852684	74028408.000
01/30/2014	13.10	14.36	13.06	13.56	4313796	119616032.000
02/07/2014	13.54	14.01	13.47	13.74	3339003	92115872.000
02/10/2014	13.77	14.07	13.48	13.93	3099338	85896736.000
02/11/2014	13.80	14.32	13.42	13.54	2875789	79753032.000
02/12/2014	13.67	13.72	13.17	13.67	1752658	47326216.000
02/13/2014	13.50	13.92	12.88	12.95	2081130	56067428.000
02/14/2014	12.94	13.35	12.77	13.17	1971739	51754896.000
02/17/2014	13.34	13.84	13.22	13.47	2418158	65644252.000
02/18/2014	13.48	13.71	13.34	13.40	1893226	51398392.000
02/19/2014	13.35	14.52	13.07	13.97	4816686	134005920.000
02/20/2014	13.99	14.12	13.35	13.37	3306960	90726064.000
02/21/2014	13.27	13.47	13.17	13.39	1901098	50808428.000
02/24/2014	13.28	13.38	12.76	12.91	1985386	51672116.000
02/25/2014	12.91	13.24	11.62	11.72	3301461	82646832.000
02/26/2014	11.56	11.70	11.04	11.56	1613978	36794472.000
02/27/2014	11.55	11.85	11.22	11.22	1895566	44009996.000
02/28/2014	11.15	11.62	11.09	11.52	1223196	27694714.000
03/03/2014	11.48	11.74	11.36	11.71	1132815	26440594.000
03/04/2014	11.77	12.12	11.51	11.94	1397081	33268822.000
03/05/2014	11.78	12.72	11.78	12.42	2034024	50072160.000
03/06/2014	12.37	12.66	12.18	12.30	1283609	31854422.000
03/07/2014	12.30	12.37	11.88	12.01	1081686	26208694.000
03/10/2014	11.76	11.87	11.23	11.35	1049607	24155354.000
03/11/2014	11.35	11.60	11.22	11.50	549290	12632414.000
03/12/2014	11.42	11.67	11.22	11.51	580710	13367457.000
03/13/2014	11.65	11.65	11.47	11.59	608350	14111755.000
03/14/2014	11.49	11.67	11.39	11.59	508843	11755042.000
03/17/2014	11.46	11.81	11.33	11.80	1110085	26001616.000
03/18/2014	11.82	12.07	11.76	11.86	869726	20748938.000
03/19/2014	11.86	11.95	11.65	11.75	688252	16243308.000
03/20/2014	11.85	11.92	11.37	11.48	832150	19490742.000
03/21/2014	11.47	11.65	10.96	11.63	869453	19753464.000
03/24/2014	11.67	12.00	11.59	11.77	857528	20288090.000
03/25/2014	11.70	11.89	11.53	11.60	624523	14644425.000
03/26/2014	11.65	11.85	11.53	11.73	522285	12290115.000
03/27/2014	11.73	11.77	11.23	11.32	890477	20344266.000
03/28/2014	11.27	11.42	10.77	10.78	1374708	30236086.000
03/31/2014	10.80	11.06	10.52	10.80	629761	13527963.000
04/01/2014	10.63	11.19	10.62	11.08	1118023	24716840.000
04/02/2014	11.06	11.06	10.73	10.81	895898	19416030.000
04/03/2014	11.15	11.62	11.13	11.40	2253584	51311844.000
04/04/2014	11.47	11.82	11.28	11.58	2484162	57829768.000
04/08/2014	11.48	11.55	10.92	11.13	4131186	91811616.000
04/09/2014	11.12	11.35	11.12	11.29	1782372	40215332.000
04/10/2014	11.33	11.91	11.20	11.85	3363107	77867520.000
04/11/2014	11.61	11.86	11.41	11.62	2524025	58836496.000
04/14/2014	11.52	11.72	11.47	11.59	1049895	24398818.000
04/15/2014	11.53	12.46	11.52	12.19	4539634	110045328.000
04/16/2014	11.97	12.37	11.87	12.20	2251760	54732764.000
04/17/2014	12.24	12.33	12.01	12.07	1509555	36585880.000
04/18/2014	12.17	12.75	11.98	12.49	2646198	66194624.000
04/21/2014	12.46	13.48	12.38	13.48	4783683	126044032.000
04/22/2014	13.42	13.95	12.93	13.37	4435464	119547752.000
04/23/2014	13.32	13.47	12.97	13.02	1743161	46091080.000
04/24/2014	12.97	13.81	12.97	13.33	2972164	80228216.000
04/25/2014	13.12	13.62	12.73	12.80	2428987	63677012.000
04/28/2014	12.67	12.67	11.83	11.88	2288407	55405356.000
04/29/2014	11.52	12.03	11.07	11.27	3816500	87054968.000
04/30/2014	11.27	11.80	11.22	11.67	2231377	51865424.000
05/05/2014	11.66	12.14	11.56	11.95	1543027	36766728.000
05/06/2014	11.98	12.73	11.95	12.46	2398640	59663904.000
05/07/2014	12.33	12.61	11.99	12.16	1539359	37911380.000
05/08/2014	12.08	13.02	12.02	12.66	2006191	50427880.000
05/09/2014	12.66	12.76	12.12	12.37	1460430	36215140.000
05/12/2014	12.63	13.12	12.61	12.70	2405742	61695628.000
05/13/2014	12.38	13.32	12.38	13.02	3166751	82942304.000
05/14/2014	12.97	13.22	12.88	13.21	1749541	45854720.000
05/15/2014	13.27	13.72	12.72	12.86	3503013	93386240.000
05/16/2014	12.84	13.41	11.80	12.49	8264128	102288112.000
05/19/2014	12.20	13.45	11.90	13.40	8231954	104890848.000
05/20/2014	13.22	13.88	12.88	13.10	12337077	165159856.000
05/21/2014	12.87	13.60	12.87	13.50	6682035	88610248.000
05/22/2014	13.40	13.65	13.15	13.20	6406008	85337152.000
05/23/2014	13.11	13.65	13.04	13.63	8069412	108315320.000
05/26/2014	13.56	13.80	13.44	13.67	7067342	96260456.000
05/27/2014	13.59	13.75	13.40	13.54	4359639	58950516.000
05/28/2014	13.52	13.89	13.41	13.78	7929314	109026368.000
05/29/2014	13.73	13.73	13.00	13.16	8351527	111141912.000
05/30/2014	13.16	13.65	12.80	13.23	5976977	79092136.000
06/03/2014	13.22	13.72	13.06	13.31	5110514	68564048.000
06/04/2014	13.31	13.52	13.10	13.30	3828529	50861196.000
06/05/2014	13.29	13.54	13.15	13.46	5447362	72842296.000
06/06/2014	13.46	13.88	13.40	13.78	9634613	131227192.000
06/09/2014	13.70	13.80	13.52	13.60	4859145	66332864.000
06/10/2014	13.60	13.72	13.00	13.63	5805899	77950576.000
06/11/2014	13.59	13.78	13.41	13.69	6855093	93499592.000
06/12/2014	13.70	13.70	13.43	13.50	5524344	74693664.000
06/13/2014	13.48	13.72	13.21	13.47	5158872	69605208.000
06/16/2014	13.68	14.82	13.61	14.82	15745978	223760960.000
06/17/2014	14.53	14.85	14.39	14.73	11101506	162452016.000
06/18/2014	14.67	14.70	14.34	14.40	6246826	90502840.000
06/19/2014	14.44	14.55	12.96	13.10	10000476	135879872.000
06/20/2014	13.07	13.45	12.80	13.33	4526566	59900184.000
06/23/2014	13.39	13.70	13.32	13.55	4879575	66008988.000
06/24/2014	13.52	13.79	13.19	13.36	4551257	61092944.000
06/25/2014	13.33	13.36	13.03	13.25	2850729	37630836.000
06/26/2014	13.30	13.82	13.30	13.65	6895557	94202792.000
06/27/2014	13.43	14.05	13.43	13.94	7016697	96921640.000
06/30/2014	13.97	14.30	13.85	13.96	4980304	69744600.000
07/01/2014	13.96	14.36	13.91	14.24	5447536	77253360.000
07/02/2014	14.23	14.38	14.06	14.34	5672828	80806792.000
07/03/2014	14.34	14.38	14.12	14.22	4420187	62949744.000
07/04/2014	14.24	14.29	13.85	14.12	5060040	70743720.000
07/07/2014	14.06	14.32	13.88	14.22	4103223	57854760.000
07/08/2014	14.23	14.41	14.07	14.37	4173967	59648600.000
07/09/2014	14.40	14.47	14.02	14.06	5038040	71938992.000
07/10/2014	15.21	15.47	14.52	15.47	15374942	231879536.000
07/11/2014	16.10	17.02	15.80	17.02	11979747	198520576.000
07/14/2014	17.79	18.49	17.18	17.96	18783355	332028736.000
07/15/2014	17.88	17.96	16.92	17.40	10195441	177415792.000
07/16/2014	17.34	17.34	16.06	16.53	8271067	136977312.000
07/17/2014	16.54	17.08	16.19	16.53	6322644	105551552.000
07/18/2014	16.30	16.76	16.22	16.53	4052098	66870472.000
07/21/2014	16.51	16.89	15.93	16.73	4867675	79585136.000
07/22/2014	16.65	17.44	16.55	17.10	6175123	105052792.000
07/23/2014	17.05	17.05	16.11	16.36	5361398	88433320.000
07/24/2014	16.40	16.68	15.62	16.41	5653337	91002848.000
07/25/2014	16.30	16.88	16.02	16.30	3561634	58529100.000
07/28/2014	16.33	17.93	16.25	17.93	6515727	113033264.000
07/29/2014	19.26	19.54	18.52	18.72	13490032	254524048.000
07/30/2014	18.68	20.32	18.68	19.32	13469952	264213152.000
07/31/2014	18.98	19.66	18.30	19.25	7328256	138370688.000
08/01/2014	18.90	19.50	18.50	18.60	5600785	105979040.000
08/04/2014	18.61	19.20	18.30	18.85	6052450	113975664.000
08/05/2014	18.80	20.74	18.61	19.89	11080093	220211088.000
08/06/2014	19.60	19.74	19.02	19.37	7635457	147763296.000
08/07/2014	19.33	20.13	19.10	19.81	7326916	143777200.000
08/08/2014	20.03	21.79	20.03	21.17	14424656	309154688.000
08/11/2014	20.99	21.80	20.40	20.93	16260126	340661248.000
08/12/2014	20.92	21.19	20.50	21.10	10027796	209846688.000
08/13/2014	21.38	22.70	21.35	22.32	12439516	274386816.000
08/14/2014	22.20	22.70	21.70	22.39	6768117	150811216.000
08/15/2014	22.38	22.56	21.86	22.43	5611841	124931912.000
08/18/2014	22.11	22.43	21.60	22.10	5477271	120260224.000
08/19/2014	22.25	22.60	21.23	21.85	7079586	153869472.000
08/20/2014	21.60	21.99	21.58	21.76	2937775	63899424.000
08/21/2014	21.92	22.26	21.60	22.15	5039477	111035208.000
08/22/2014	22.48	24.37	22.00	24.37	11373559	269257376.000
08/25/2014	25.05	26.70	24.21	24.70	13461481	339311776.000
08/26/2014	24.70	26.02	24.01	25.04	9385066	235679872.000
08/27/2014	24.79	25.26	23.61	24.10	8720838	213765664.000
08/28/2014	24.00	24.00	23.00	23.78	6535004	153399968.000
08/29/2014	23.51	24.39	23.41	24.28	3153299	75535664.000
09/01/2014	24.12	25.10	23.85	25.04	5302838	130832048.000
09/02/2014	25.15	25.46	24.70	25.06	4499766	112619240.000
09/03/2014	25.10	25.14	24.41	24.82	5886268	145738144.000
09/04/2014	24.83	24.87	24.28	24.63	4770202	116802832.000
09/05/2014	24.50	26.60	24.50	25.98	9192080	235721280.000
09/09/2014	25.98	26.48	25.40	25.87	6143078	158057808.000
09/10/2014	25.70	25.91	25.12	25.65	3487326	88695224.000
09/11/2014	25.50	25.95	25.09	25.81	5230389	133390888.000
09/12/2014	25.77	25.77	24.95	25.52	3608358	91523528.000
09/15/2014	25.40	25.40	24.68	24.86	6127576	152567456.000
09/16/2014	24.70	25.17	23.30	23.35	5562983	134614000.000
09/17/2014	23.36	23.97	23.36	23.80	2988631	70811408.000
09/18/2014	23.80	24.70	23.50	24.04	3039916	73794120.000
09/19/2014	23.90	24.19	23.05	23.85	4363022	103108824.000
09/22/2014	23.85	24.70	23.00	23.80	5656000	135380432.000
09/23/2014	23.88	24.50	23.40	24.45	5335860	128414016.000
09/24/2014	24.05	25.24	24.00	25.15	7908543	197044224.000
09/25/2014	25.19	25.45	24.70	24.81	4136831	103461888.000
09/26/2014	24.70	24.97	24.23	24.38	3433405	84164000.000
09/29/2014	24.38	24.60	24.12	24.23	2712688	65838472.000
09/30/2014	24.23	24.73	24.07	24.51	2122514	51913812.000
10/08/2014	24.30	24.55	23.80	24.51	2584508	62261832.000
10/09/2014	24.49	24.51	23.70	24.00	2471625	59490752.000
10/10/2014	24.00	24.00	23.60	23.62	1778900	42289124.000
10/13/2014	23.50	23.50	22.69	23.25	2877400	66102708.000
10/14/2014	23.14	23.99	23.14	23.47	2490840	58774200.000
10/15/2014	23.46	23.96	23.25	23.76	1692845	40010532.000
10/16/2014	23.60	23.64	23.10	23.13	1681101	39285772.000
10/17/2014	23.14	23.29	21.96	22.51	3414532	76687760.000
10/20/2014	22.75	22.75	22.30	22.65	1409642	31816526.000
10/21/2014	22.70	23.16	22.55	22.76	1668526	38265028.000
10/22/2014	22.70	22.91	22.50	22.51	1078868	24472126.000
10/23/2014	22.45	22.45	21.39	21.49	2260535	49102600.000
10/24/2014	21.32	21.95	21.11	21.36	960538	20646220.000
10/27/2014	21.25	21.80	20.61	21.54	1545756	32896842.000
10/28/2014	21.55	23.69	21.55	23.40	6074614	140942128.000
10/29/2014	23.53	24.10	22.88	23.88	7055462	166317648.000
10/30/2014	23.88	24.46	23.60	24.13	4591672	110586944.000
10/31/2014	24.10	24.25	23.30	23.80	2584050	61150700.000
数据来源:通达信
