300263 隆华节能 日线
      日期	    开盘	    最高	    最低	    收盘	    成交量	    成交额
09/16/2011	7.87	8.08	7.58	7.94	9172730	294038688.000
09/19/2011	7.67	7.67	7.15	7.17	3564715	107307864.000
09/20/2011	7.05	7.17	6.93	7.00	2467468	71503696.000
09/21/2011	6.96	7.47	6.96	7.35	3238204	96836816.000
09/22/2011	7.25	7.27	6.79	6.80	3101848	89602640.000
09/23/2011	6.67	6.86	6.57	6.83	1525855	42327276.000
09/26/2011	6.80	7.01	6.77	6.80	1192112	33848476.000
09/27/2011	6.85	6.91	6.63	6.73	1007219	27982332.000
09/28/2011	6.80	6.84	6.61	6.62	790564	21889738.000
09/29/2011	6.54	6.55	6.36	6.38	997814	26526542.000
09/30/2011	6.40	6.48	6.28	6.32	600636	15726289.000
10/10/2011	6.41	6.60	6.35	6.48	1019133	27351454.000
10/11/2011	6.65	6.92	6.53	6.67	1453936	40262808.000
10/12/2011	6.59	7.20	6.56	7.18	2182262	62773504.000
10/13/2011	7.07	7.23	6.96	7.17	1590799	46685712.000
10/14/2011	7.18	7.37	7.12	7.31	1697729	50643780.000
10/17/2011	7.27	7.52	7.27	7.31	1853056	56286188.000
10/18/2011	7.20	7.28	6.85	6.89	1585296	46186492.000
10/19/2011	6.91	7.07	6.84	6.98	910131	26127654.000
10/20/2011	6.93	6.99	6.55	6.67	1179867	32506290.000
10/21/2011	6.61	6.74	6.50	6.58	602091	16358046.000
10/24/2011	6.61	6.97	6.40	6.92	1155868	31986290.000
10/25/2011	6.98	7.51	6.90	7.37	2624289	78037240.000
10/26/2011	7.30	7.74	7.29	7.39	2595176	80096064.000
10/27/2011	7.37	7.73	7.33	7.52	2036379	62963940.000
10/28/2011	7.61	7.91	7.37	7.87	2400631	75822920.000
10/31/2011	7.77	7.87	7.68	7.81	1235396	39410092.000
11/01/2011	7.71	7.86	7.50	7.54	1800681	56711304.000
11/02/2011	7.40	8.07	7.40	8.00	1972606	62633436.000
11/03/2011	8.00	8.09	7.70	7.73	2057935	66877960.000
11/04/2011	7.77	7.88	7.59	7.65	1201339	38093664.000
11/07/2011	7.62	7.68	7.47	7.56	1190701	36954556.000
11/08/2011	7.55	7.68	7.37	7.42	1109615	34244128.000
11/09/2011	7.50	7.71	7.42	7.69	1231621	38220004.000
11/10/2011	7.55	7.76	7.51	7.52	1347953	42322640.000
11/11/2011	7.50	7.54	7.26	7.29	1255510	38092016.000
11/14/2011	7.40	7.93	7.35	7.82	1516527	47948300.000
11/15/2011	7.77	7.90	7.67	7.90	1192470	38085760.000
11/16/2011	7.95	7.98	7.61	7.70	1241011	39749920.000
11/17/2011	7.75	8.49	7.72	8.24	3799926	128101696.000
11/18/2011	8.13	8.40	8.08	8.27	2771673	93783864.000
11/21/2011	8.17	8.26	7.97	8.26	1399417	46396252.000
11/22/2011	8.17	8.26	7.88	8.08	1296628	42909048.000
11/23/2011	8.02	8.35	7.97	8.16	1605414	53995448.000
11/24/2011	8.05	8.53	7.89	8.51	2301279	77496296.000
11/25/2011	8.40	8.50	8.14	8.23	1804565	61496516.000
11/28/2011	8.25	8.28	7.92	8.02	1116264	37043160.000
11/29/2011	8.07	8.13	7.73	7.95	1568087	50818392.000
11/30/2011	7.91	8.05	7.20	7.32	1750962	54671792.000
12/01/2011	7.61	7.71	7.32	7.36	1481186	45954744.000
12/02/2011	7.25	7.36	7.05	7.19	831662	24567788.000
12/05/2011	7.12	7.19	6.88	6.90	571337	16559313.000
12/06/2011	6.94	7.20	6.90	7.12	696599	20263740.000
12/07/2011	7.12	7.19	7.02	7.11	586865	17171390.000
12/08/2011	7.10	7.41	6.95	7.21	969901	28713554.000
12/09/2011	7.10	7.26	7.05	7.21	534582	15753355.000
12/12/2011	7.20	7.21	7.03	7.03	475670	13925578.000
12/13/2011	7.02	7.02	6.70	6.76	609091	17074002.000
12/14/2011	6.76	6.90	6.65	6.68	376174	10478883.000
12/15/2011	6.60	6.84	6.58	6.62	478434	13222370.000
12/16/2011	6.62	6.89	6.45	6.87	1274208	35000836.000
12/19/2011	6.72	6.99	6.57	6.95	976122	27235104.000
12/20/2011	6.88	7.03	6.60	6.60	1349957	37692508.000
12/21/2011	6.66	6.71	6.30	6.32	1159714	31245912.000
12/22/2011	6.24	6.28	5.93	6.12	1528227	38416888.000
12/23/2011	6.10	6.27	6.00	6.12	774080	19678434.000
12/26/2011	6.39	6.43	6.13	6.17	1829568	47774320.000
12/27/2011	6.07	6.13	5.70	5.72	1584953	38698884.000
12/28/2011	5.67	5.67	5.47	5.62	1611350	37012036.000
12/29/2011	5.53	5.72	5.52	5.61	970873	22733098.000
12/30/2011	5.67	5.83	5.63	5.78	1333061	31667198.000
01/04/2012	5.89	6.28	5.80	5.81	2905662	72300312.000
01/05/2012	5.71	6.25	5.68	6.04	3217921	80081576.000
01/06/2012	5.93	6.20	5.76	6.17	2486740	61284172.000
01/09/2012	6.10	6.46	6.06	6.37	2342655	60890144.000
01/10/2012	6.30	6.58	6.30	6.46	2548931	67990248.000
01/11/2012	6.43	6.61	6.40	6.50	1455579	39080644.000
01/12/2012	6.44	6.53	6.26	6.37	1278161	33774936.000
01/13/2012	6.37	6.42	5.90	6.00	1836307	46289400.000
01/16/2012	5.91	6.30	5.82	6.00	1237318	31208016.000
01/17/2012	6.04	6.62	5.84	6.56	1731137	44916792.000
01/18/2012	6.53	6.64	5.88	5.90	1642567	42646656.000
01/19/2012	5.80	6.37	5.70	6.30	1664010	41667008.000
01/20/2012	6.24	6.37	6.21	6.37	918768	23975290.000
01/30/2012	6.38	6.82	6.33	6.57	1467258	39976396.000
01/31/2012	6.55	6.66	6.33	6.50	1058717	28177628.000
02/01/2012	6.51	6.79	6.45	6.64	1326968	36578940.000
02/02/2012	6.60	6.72	6.47	6.71	979498	26724620.000
02/03/2012	6.70	6.83	6.62	6.76	1170874	32512210.000
02/06/2012	6.80	6.84	6.69	6.76	1095490	30493380.000
02/07/2012	6.70	6.70	6.51	6.57	1041491	28324456.000
02/08/2012	6.56	6.77	6.55	6.75	990974	27269562.000
02/09/2012	6.71	6.92	6.71	6.75	1086272	30488722.000
02/10/2012	6.75	7.02	6.71	7.02	1757447	49719752.000
02/13/2012	6.99	7.23	6.93	7.12	1795767	52395584.000
02/14/2012	7.07	7.14	6.94	7.14	1057528	30647278.000
02/15/2012	7.12	7.17	7.00	7.15	1137582	33133066.000
02/16/2012	7.10	7.13	6.95	7.04	900179	26054868.000
02/17/2012	7.02	7.40	6.90	7.27	1727842	50903152.000
02/20/2012	7.40	7.42	7.22	7.23	1222416	36768064.000
02/21/2012	7.29	7.54	7.20	7.52	1880261	57016640.000
02/22/2012	7.49	7.66	7.43	7.63	1667025	51663852.000
02/23/2012	7.66	7.95	7.55	7.89	1672961	53208860.000
02/24/2012	7.86	8.03	7.77	7.97	1629307	52783696.000
02/27/2012	8.01	8.53	7.95	8.50	2930173	99481720.000
02/28/2012	8.17	8.17	7.63	7.63	5051185	160287632.000
02/29/2012	7.39	7.46	7.18	7.20	3030233	91002552.000
03/01/2012	7.21	7.33	7.18	7.22	1632818	48814580.000
03/02/2012	7.22	7.35	7.22	7.30	1488829	44615108.000
03/05/2012	7.34	7.52	7.30	7.38	1915723	58308368.000
03/06/2012	7.37	7.37	7.10	7.15	1457852	43061040.000
03/07/2012	7.09	7.34	7.05	7.17	1438581	42771304.000
03/08/2012	7.20	7.32	7.19	7.25	1078253	32192148.000
03/09/2012	7.30	7.39	7.26	7.38	1591387	47905224.000
03/12/2012	7.45	7.62	7.45	7.53	1907863	59134072.000
03/13/2012	7.50	7.62	7.43	7.57	1454806	44964372.000
03/14/2012	7.61	7.75	7.02	7.07	2453073	75471608.000
03/15/2012	7.12	7.25	6.89	7.00	1081801	31313686.000
03/16/2012	7.00	7.25	7.00	7.24	1114291	32727532.000
03/20/2012	7.35	7.39	7.02	7.02	1227609	36204848.000
03/21/2012	7.06	7.17	6.84	6.96	766916	21983540.000
03/22/2012	6.93	7.17	6.91	7.11	739953	21617086.000
03/23/2012	7.04	7.05	6.92	7.00	527046	15165995.000
03/26/2012	6.99	7.05	6.91	7.05	378222	10858116.000
03/27/2012	7.13	7.14	7.00	7.07	723555	21057616.000
03/28/2012	7.06	7.06	6.49	6.58	1036288	28575952.000
03/29/2012	6.38	6.54	6.35	6.37	458222	12122022.000
03/30/2012	6.39	6.46	6.05	6.26	621258	16038810.000
04/05/2012	6.26	6.42	6.20	6.42	403958	10575175.000
04/06/2012	6.45	6.45	6.32	6.38	396724	10471096.000
04/09/2012	6.37	6.37	6.17	6.22	312689	8085608.000
04/10/2012	6.22	6.28	5.96	6.17	593267	14925427.000
04/11/2012	6.06	6.17	6.05	6.16	348151	8794513.000
04/12/2012	6.16	6.35	6.12	6.34	585563	15153090.000
04/13/2012	6.36	6.54	6.34	6.54	684055	18207220.000
04/16/2012	6.53	6.57	6.42	6.48	548776	14720869.000
04/17/2012	6.52	6.52	6.34	6.35	529546	14010337.000
04/18/2012	6.34	6.51	6.34	6.50	405390	10776094.000
04/19/2012	6.52	6.53	6.43	6.53	564489	15124972.000
04/20/2012	6.52	6.75	6.47	6.62	571251	15541619.000
04/23/2012	6.57	6.57	6.17	6.20	1046453	27189338.000
04/24/2012	6.20	6.25	5.76	6.02	549362	13673708.000
04/25/2012	6.00	6.15	6.00	6.07	243016	6097748.000
04/26/2012	6.17	6.17	6.07	6.11	424987	10744380.000
04/27/2012	6.11	6.16	5.96	6.12	659203	8133760.500
05/02/2012	6.12	6.31	6.12	6.14	1068764	13573274.000
05/03/2012	6.20	6.20	5.94	6.09	958126	11821881.000
05/04/2012	6.09	6.27	6.07	6.25	1111788	14091090.000
05/07/2012	6.26	6.42	6.18	6.39	1077858	13931478.000
05/08/2012	6.40	6.54	6.34	6.38	1401036	18420842.000
05/09/2012	6.35	6.49	6.22	6.32	1104186	14332930.000
05/10/2012	6.36	6.45	6.27	6.38	797392	10338287.000
05/11/2012	6.37	6.47	6.18	6.20	901057	11591093.000
05/14/2012	6.26	6.26	6.02	6.07	983334	12244930.000
05/15/2012	6.09	6.11	5.93	6.01	650771	7983709.000
05/16/2012	5.98	6.04	5.90	5.94	361651	4408929.000
05/17/2012	6.01	6.03	5.92	6.01	550950	6741923.500
05/18/2012	5.93	6.03	5.87	5.89	621466	7553750.000
05/21/2012	5.89	5.94	5.83	5.92	393177	4727634.500
05/22/2012	6.00	6.00	5.92	5.96	666228	8115270.000
05/23/2012	5.99	5.99	5.48	5.64	1678060	19513988.000
05/24/2012	5.54	5.65	5.47	5.50	1216433	13769489.000
05/25/2012	5.51	5.57	5.30	5.31	1333097	14733501.000
05/28/2012	5.27	5.40	5.20	5.38	721435	7830984.500
05/29/2012	5.38	5.49	5.37	5.45	646743	7185935.500
05/30/2012	5.45	5.64	5.40	5.56	850884	9650541.000
05/31/2012	5.49	5.70	5.48	5.58	890203	10179460.000
06/01/2012	5.60	6.15	5.60	5.85	2532865	30599604.000
06/04/2012	5.67	5.74	5.52	5.56	1161997	13417730.000
06/05/2012	5.59	5.62	5.36	5.37	868588	9676488.000
06/06/2012	5.44	5.44	5.34	5.39	364666	4029232.000
06/07/2012	5.51	5.52	5.28	5.39	375479	4152445.500
06/08/2012	5.41	5.45	5.36	5.43	516778	5720268.000
06/11/2012	5.41	5.97	5.37	5.87	2403892	28367102.000
06/12/2012	5.73	5.81	5.64	5.65	1205210	14084970.000
06/13/2012	5.71	6.20	5.67	6.02	2759037	33681352.000
06/14/2012	5.97	6.26	5.94	6.01	2815545	35179496.000
06/15/2012	6.05	6.20	5.90	6.07	1411829	17364792.000
06/18/2012	6.12	6.17	5.87	6.14	1533389	19064504.000
06/19/2012	6.10	6.10	5.93	6.05	1004113	12329032.000
06/20/2012	6.03	6.20	5.93	6.03	1072209	13293168.000
06/21/2012	6.02	6.13	5.89	6.13	1407016	17283554.000
06/25/2012	6.11	6.27	5.97	5.97	1592041	20028212.000
06/26/2012	5.75	5.86	5.48	5.65	1212405	13986165.000
06/27/2012	5.70	5.76	5.53	5.59	714839	8263238.000
06/28/2012	5.64	5.73	5.52	5.56	479110	5523505.500
06/29/2012	5.54	6.13	5.46	6.13	3225773	39702468.000
07/02/2012	6.38	6.41	6.13	6.19	4208060	53973972.000
07/03/2012	6.06	6.52	6.04	6.41	4520181	58611432.000
07/04/2012	6.37	6.49	6.10	6.16	3276774	41942832.000
07/05/2012	6.16	6.19	5.79	5.87	2629870	31900900.000
07/06/2012	5.88	6.03	5.62	5.99	2279937	27122312.000
07/09/2012	5.90	6.00	5.71	5.75	1521140	18247994.000
07/10/2012	5.76	5.86	5.52	5.60	1031702	11943830.000
07/11/2012	5.60	5.75	5.58	5.73	1057104	12286986.000
07/12/2012	5.72	5.72	5.43	5.64	1902966	21838616.000
07/13/2012	5.46	5.46	5.09	5.10	4057919	43432340.000
07/16/2012	5.08	5.08	4.87	4.87	1481789	14967339.000
07/17/2012	4.86	4.95	4.82	4.92	539578	5410974.000
07/18/2012	4.92	4.92	4.76	4.92	663163	6605347.500
07/19/2012	4.91	5.04	4.91	4.98	747797	7649729.500
07/20/2012	4.93	5.11	4.93	4.96	994128	10244356.000
07/23/2012	4.93	5.00	4.87	4.96	319603	3241851.250
07/24/2012	4.81	5.04	4.81	4.95	410563	4171040.500
07/25/2012	4.99	5.07	4.88	5.02	879095	9016633.000
07/26/2012	5.02	5.16	4.99	5.03	848593	8846161.000
07/27/2012	5.05	5.32	4.98	5.15	1492935	15819108.000
07/30/2012	5.07	5.17	4.92	4.96	790006	8177256.000
07/31/2012	4.93	5.00	4.68	4.70	720149	7112928.000
08/01/2012	4.69	4.86	4.69	4.79	543555	5337895.000
08/02/2012	4.82	4.82	4.68	4.74	373071	3634205.250
08/03/2012	4.80	4.85	4.70	4.85	443696	4371583.500
08/06/2012	4.82	5.04	4.78	5.01	784495	7928302.500
08/07/2012	4.99	5.20	4.99	5.17	1019252	10638700.000
08/08/2012	5.17	5.17	5.03	5.06	570192	5942331.000
08/09/2012	5.07	5.22	5.03	5.22	878555	9246743.000
08/10/2012	5.20	5.26	5.13	5.16	488942	5190684.000
08/13/2012	5.16	5.69	5.13	5.33	2619191	29592260.000
08/14/2012	5.26	5.45	5.20	5.44	1537972	16774064.000
08/15/2012	5.40	5.46	5.32	5.36	763415	8412427.000
08/16/2012	5.33	5.42	5.21	5.32	707198	7664672.500
08/17/2012	5.26	5.37	5.26	5.36	318590	3474090.250
08/20/2012	5.28	5.37	5.25	5.29	372706	4057303.000
08/21/2012	5.31	5.50	5.28	5.32	993086	10917492.000
08/22/2012	5.30	5.57	5.30	5.46	1519729	16985220.000
08/23/2012	5.48	5.85	5.38	5.67	2256891	26094000.000
08/24/2012	5.59	5.84	5.56	5.60	1860513	21775014.000
08/27/2012	5.62	5.66	5.35	5.40	783736	8907504.000
08/28/2012	5.55	5.55	5.37	5.47	631020	7027231.500
08/29/2012	5.47	5.67	5.40	5.64	793111	9034216.000
08/30/2012	5.63	5.71	5.39	5.47	890286	10172149.000
08/31/2012	5.50	5.66	5.48	5.60	1132053	12915858.000
09/03/2012	5.61	5.71	5.51	5.67	747440	8633411.000
09/04/2012	5.66	5.68	5.48	5.49	742188	8483906.000
09/05/2012	5.55	5.55	5.40	5.42	916833	10257690.000
09/06/2012	5.46	5.50	5.39	5.50	486526	5437159.000
09/07/2012	5.56	5.70	5.52	5.60	1313042	15098789.000
09/10/2012	5.61	5.82	5.56	5.81	1600249	18731494.000
09/11/2012	5.81	5.81	5.62	5.67	1271378	14790769.000
09/12/2012	5.72	6.22	5.62	5.88	2361674	28268124.000
09/13/2012	5.88	6.20	5.75	6.07	3691033	45532912.000
09/14/2012	5.89	6.02	5.67	5.72	2734129	32458478.000
09/17/2012	5.63	5.85	5.57	5.71	1522093	17777986.000
09/18/2012	5.64	5.74	5.64	5.72	540867	6294661.000
09/19/2012	5.75	5.76	5.63	5.68	490221	5702010.500
09/20/2012	5.64	5.64	5.12	5.24	1557713	16960462.000
09/21/2012	5.25	5.30	4.99	5.00	605508	6374821.000
09/24/2012	5.02	5.09	4.90	5.01	293928	3018908.750
09/25/2012	5.06	5.10	4.96	4.96	308300	3180725.000
09/26/2012	5.05	5.05	4.83	4.92	409149	4128931.000
09/27/2012	4.92	5.09	4.89	5.06	450721	4648811.000
09/28/2012	5.09	5.30	5.03	5.25	863389	9175927.000
10/08/2012	5.25	5.27	5.18	5.20	180520	1927228.625
10/09/2012	5.26	5.73	5.26	5.73	2351952	27446218.000
10/10/2012	6.16	6.32	6.07	6.32	4705156	60269776.000
10/11/2012	6.66	6.66	5.81	5.88	9054298	113944248.000
10/12/2012	5.67	5.81	5.55	5.70	4369545	50880560.000
10/15/2012	5.67	5.74	5.45	5.54	2409351	27416116.000
10/16/2012	5.52	5.62	5.45	5.49	1729581	19563206.000
10/17/2012	5.49	5.58	5.41	5.49	1564291	17615574.000
10/18/2012	5.53	5.92	5.49	5.75	3920630	45678448.000
10/19/2012	5.76	5.76	5.58	5.61	2059328	23749648.000
10/22/2012	5.60	5.64	5.47	5.63	947871	10808600.000
10/23/2012	5.63	5.84	5.59	5.62	2821561	33027888.000
10/24/2012	5.47	5.54	5.38	5.39	2098069	23366272.000
10/25/2012	5.38	5.46	5.30	5.30	857967	9446391.000
10/26/2012	5.31	5.37	5.12	5.14	934910	9978204.000
10/29/2012	5.13	5.20	5.10	5.17	451625	4776512.500
10/30/2012	5.17	5.25	5.15	5.20	573443	6097387.000
10/31/2012	5.20	5.33	5.13	5.27	874521	9390286.000
11/01/2012	5.27	5.37	5.25	5.27	984887	10707645.000
11/02/2012	5.33	5.33	5.24	5.30	611146	6615691.000
11/05/2012	5.31	5.42	5.25	5.35	957876	10518644.000
11/06/2012	5.34	5.35	5.04	5.11	1105504	11639951.000
11/07/2012	5.12	5.15	5.02	5.08	509806	5308477.500
11/08/2012	5.07	5.16	4.98	5.07	830938	8686341.000
11/09/2012	5.10	5.10	4.98	5.04	323695	3344375.250
11/12/2012	5.05	5.20	5.05	5.11	426408	4484532.500
11/13/2012	5.13	5.20	5.03	5.12	707333	7446811.500
11/14/2012	5.12	5.33	5.10	5.28	823286	8833837.000
11/15/2012	5.27	5.34	5.15	5.19	581689	6252524.500
11/16/2012	5.22	5.40	5.17	5.33	748038	8090072.000
11/19/2012	5.31	5.39	5.12	5.39	852898	9235818.000
11/20/2012	5.39	5.45	5.27	5.30	794278	8719440.000
11/21/2012	5.31	5.32	5.08	5.29	434832	4646570.500
11/22/2012	5.26	5.29	5.15	5.18	317168	3380190.500
11/23/2012	5.25	5.25	5.17	5.19	214136	2283949.750
11/26/2012	5.19	5.24	5.15	5.21	236978	2523290.250
11/27/2012	5.32	5.52	5.07	5.07	1108053	11942867.000
11/28/2012	4.88	4.99	4.69	4.70	889851	8779368.000
11/29/2012	4.77	4.77	4.63	4.71	351784	3393260.000
11/30/2012	4.74	4.74	4.63	4.71	426815	4104472.250
12/03/2012	4.71	4.73	4.47	4.61	687602	6568633.000
12/04/2012	4.55	4.63	4.38	4.57	688197	6385615.000
12/05/2012	4.60	4.80	4.48	4.73	1643374	15817610.000
12/06/2012	4.71	4.74	4.63	4.69	622757	5990305.000
12/07/2012	4.71	4.80	4.64	4.80	798015	7787462.500
12/10/2012	4.77	4.94	4.77	4.93	1218007	12220213.000
12/11/2012	4.95	5.03	4.84	4.90	674456	6829391.500
12/12/2012	4.88	4.90	4.75	4.84	678720	6712599.500
12/13/2012	4.78	4.97	4.78	4.82	659572	6613366.500
12/14/2012	4.85	5.02	4.77	5.00	1152670	11684790.000
12/17/2012	5.02	5.02	4.88	4.94	1000645	10123091.000
12/18/2012	4.93	4.97	4.85	4.90	701547	7080825.500
12/19/2012	4.94	4.96	4.89	4.95	1095789	11057034.000
12/20/2012	4.94	4.98	4.82	4.85	1713889	17133232.000
12/21/2012	4.85	4.97	4.80	4.93	1568257	15794935.000
12/24/2012	4.95	5.01	4.92	5.00	1078275	11001161.000
12/25/2012	5.05	5.20	4.99	5.13	1475292	15437611.000
12/26/2012	5.13	5.32	5.10	5.30	1644634	17525220.000
12/27/2012	5.45	5.56	5.18	5.20	2291766	25222168.000
12/28/2012	5.16	5.31	5.15	5.26	1282734	13779700.000
12/31/2012	5.29	5.29	5.15	5.20	1273090	13548584.000
01/04/2013	5.22	5.27	5.05	5.12	1903488	19960384.000
01/07/2013	5.11	5.37	5.04	5.34	2189105	23346664.000
01/08/2013	5.28	5.47	5.23	5.41	2491459	27372810.000
01/09/2013	5.40	5.67	5.39	5.42	3089072	34877268.000
01/10/2013	5.40	5.48	5.32	5.36	2044192	22592380.000
01/11/2013	5.35	5.52	5.29	5.34	2627304	29026430.000
01/14/2013	5.29	5.56	5.29	5.54	2582180	28955198.000
01/15/2013	5.54	5.82	5.51	5.70	3423603	39921844.000
01/16/2013	5.67	5.95	5.59	5.62	3964104	46429268.000
01/17/2013	5.57	5.66	5.47	5.52	1860133	21170586.000
01/18/2013	5.56	5.64	5.51	5.61	1228156	13996200.000
01/21/2013	5.62	5.65	5.53	5.57	1092818	12445389.000
01/22/2013	5.56	5.59	5.33	5.38	1449159	16137706.000
01/23/2013	5.39	5.43	5.20	5.31	1331664	14460277.000
01/24/2013	5.28	5.39	5.11	5.14	1209599	13028599.000
01/25/2013	5.19	5.19	5.12	5.15	793625	8380037.500
01/28/2013	5.18	5.33	5.14	5.32	1417210	15157520.000
01/29/2013	5.32	5.54	5.26	5.53	2488338	27471644.000
01/30/2013	5.46	5.63	5.38	5.56	2755530	31255412.000
01/31/2013	5.54	5.59	5.48	5.56	869866	9866407.000
02/01/2013	5.49	5.59	5.48	5.51	753711	8529084.000
02/04/2013	5.51	5.77	5.43	5.56	1825278	20957632.000
02/05/2013	5.48	5.70	5.46	5.68	1123664	12876505.000
02/06/2013	5.67	5.67	5.57	5.60	693852	7956252.000
02/07/2013	5.62	5.89	5.59	5.82	2013314	23843584.000
02/08/2013	5.82	6.01	5.82	5.88	1714694	20753228.000
02/18/2013	5.88	5.95	5.80	5.89	1023936	12286428.000
02/19/2013	5.86	5.89	5.61	5.68	1159238	13529764.000
02/20/2013	5.70	5.92	5.65	5.90	1314624	15689700.000
02/21/2013	5.89	5.89	5.57	5.63	1222186	14222913.000
02/22/2013	5.59	5.72	5.59	5.61	749300	8666654.000
02/25/2013	5.65	6.19	5.62	6.19	2681462	32943964.000
02/26/2013	6.30	6.31	5.93	5.94	3689715	46139428.000
02/27/2013	5.94	6.11	5.84	6.03	1707590	20818444.000
02/28/2013	5.97	6.26	5.96	6.14	2036104	25421624.000
03/01/2013	6.16	6.32	6.09	6.28	1606856	20282972.000
03/04/2013	6.26	6.29	6.04	6.09	1699426	21390814.000
03/05/2013	6.15	6.26	6.09	6.22	1570473	19755176.000
03/06/2013	6.25	6.50	6.22	6.40	2317262	30128232.000
03/07/2013	6.35	6.63	6.30	6.40	2409321	31895076.000
03/08/2013	6.27	6.58	6.16	6.17	1574441	20324904.000
03/11/2013	6.17	6.29	6.07	6.12	662348	8349604.500
03/12/2013	6.16	6.28	5.82	5.99	2024345	24840800.000
03/13/2013	6.08	6.19	5.87	6.02	1498221	18482834.000
03/14/2013	6.02	6.25	5.94	6.15	1821250	22733108.000
03/15/2013	6.17	6.37	6.09	6.22	1489356	18986750.000
03/18/2013	6.22	6.36	5.98	6.12	1458818	18226032.000
03/19/2013	6.12	6.12	5.83	6.10	1110627	13502579.000
03/20/2013	6.02	6.30	5.97	6.26	889874	11205887.000
03/21/2013	6.27	6.63	6.27	6.60	2847796	37779684.000
03/22/2013	6.67	6.67	6.49	6.58	1543791	20723182.000
03/25/2013	6.59	6.68	6.49	6.62	1134062	15224881.000
03/26/2013	6.60	6.63	6.40	6.60	767356	10182672.000
03/27/2013	6.60	6.78	6.59	6.70	643147	8757146.000
03/28/2013	6.50	6.65	6.42	6.51	841505	11194291.000
03/29/2013	6.57	6.57	6.33	6.53	890268	11728814.000
04/01/2013	6.50	6.70	6.45	6.65	780157	10524232.000
04/02/2013	6.61	6.96	6.61	6.71	1459121	20215490.000
04/03/2013	6.58	6.74	6.43	6.64	686763	9227755.000
04/08/2013	6.58	6.79	6.41	6.73	938493	12664223.000
04/09/2013	6.73	6.99	6.70	6.98	2426683	34079072.000
04/10/2013	6.94	6.94	6.65	6.80	1589737	21993368.000
04/11/2013	6.80	6.88	6.69	6.82	799997	11075877.000
04/12/2013	6.83	7.00	6.75	6.99	1401611	19734678.000
04/15/2013	6.93	7.11	6.82	7.03	2084146	29737348.000
04/16/2013	7.02	7.04	6.78	7.01	889418	12563015.000
04/17/2013	7.02	7.16	6.95	7.15	1546815	22296360.000
04/18/2013	7.12	7.42	7.08	7.37	3135262	46712832.000
04/19/2013	7.36	7.54	7.30	7.31	2666779	40200432.000
04/22/2013	7.22	7.75	7.22	7.71	3043525	46571336.000
04/23/2013	7.66	7.77	7.48	7.60	2272549	35140620.000
04/24/2013	7.58	8.06	7.55	8.01	3584935	57392460.000
04/25/2013	8.11	8.19	7.37	7.42	3895629	62195600.000
04/26/2013	7.45	7.92	7.29	7.39	4068546	63048324.000
06/28/2013	8.14	8.14	8.14	8.14	449495	7385203.000
07/01/2013	8.62	8.94	8.26	8.87	8224062	143370000.000
07/02/2013	8.71	9.56	8.71	9.02	6499694	118843312.000
07/03/2013	8.97	9.39	8.86	9.30	5249396	96909896.000
07/04/2013	9.22	9.31	8.97	9.03	3134210	57464888.000
07/05/2013	9.25	9.41	8.68	8.69	4302049	79304320.000
07/08/2013	8.63	8.95	8.44	8.72	2359011	41473280.000
07/09/2013	8.72	8.80	8.15	8.42	2427545	41107876.000
07/10/2013	8.45	8.72	8.28	8.56	1880217	32317622.000
07/11/2013	8.48	8.75	8.37	8.45	2082079	35886432.000
07/12/2013	8.42	9.18	8.41	8.92	3404303	60910136.000
07/15/2013	9.05	9.25	8.83	9.17	2826943	51586092.000
07/16/2013	9.17	9.17	8.82	9.00	2663584	48112080.000
07/17/2013	8.95	9.06	8.56	8.65	1945730	34565556.000
07/18/2013	8.62	9.01	8.54	9.00	2363060	42037088.000
07/19/2013	8.94	9.26	8.84	8.88	2289888	41720184.000
07/22/2013	8.78	9.56	8.78	9.53	4281387	79867456.000
07/23/2013	9.37	10.49	9.37	10.47	8442314	171401792.000
07/24/2013	10.29	10.77	10.18	10.58	4320818	90963144.000
07/25/2013	10.61	10.62	9.82	9.82	3231243	66042608.000
07/26/2013	9.82	10.10	9.37	9.88	2742612	53803756.000
07/29/2013	9.70	9.97	9.62	9.70	1676694	33145906.000
07/30/2013	9.71	9.86	9.32	9.72	1815832	35224208.000
07/31/2013	9.80	10.21	9.71	9.86	2114755	42612900.000
08/01/2013	9.98	10.26	9.68	10.22	3582640	72333904.000
08/02/2013	10.25	10.41	10.05	10.25	2149558	44300940.000
08/05/2013	10.27	10.37	10.08	10.20	1538294	31604534.000
08/06/2013	10.11	10.26	9.79	10.13	2369570	47740560.000
08/07/2013	10.05	10.05	9.38	9.43	2752055	53171924.000
08/08/2013	9.43	9.56	9.18	9.25	1611404	30470466.000
08/09/2013	9.35	9.47	9.02	9.08	2057650	38157824.000
08/12/2013	9.29	9.87	9.29	9.76	3539011	68534176.000
08/13/2013	9.67	10.03	9.43	9.92	2098790	41290032.000
08/14/2013	9.87	10.41	9.87	10.18	2781627	56822400.000
08/15/2013	10.11	10.62	10.07	10.11	2898278	60267528.000
08/16/2013	10.07	10.41	9.74	9.81	1964618	40164164.000
08/19/2013	9.90	10.36	9.71	10.18	1445584	29599440.000
08/20/2013	10.07	10.30	9.83	10.04	1516328	30821224.000
08/21/2013	10.07	10.86	9.94	10.70	3003875	63389124.000
08/30/2013	10.87	11.07	9.98	10.41	2789668	59776028.000
09/02/2013	10.67	11.46	10.58	11.46	2843635	63659208.000
09/03/2013	11.34	11.80	11.32	11.42	2789383	64977928.000
09/04/2013	11.35	12.00	11.35	11.62	1826573	43019252.000
09/05/2013	11.60	12.47	11.45	12.07	2893276	70425952.000
09/06/2013	11.99	12.36	11.77	12.11	1643108	39863728.000
09/09/2013	12.18	12.18	11.44	11.74	1867740	44189280.000
09/10/2013	11.67	12.34	11.67	11.86	1367551	33110722.000
09/11/2013	11.95	12.11	11.44	11.53	1710931	40086440.000
09/12/2013	11.60	11.80	10.92	11.42	4276838	96385040.000
09/13/2013	11.22	11.48	11.02	11.33	2095266	47634080.000
09/16/2013	11.25	11.62	11.22	11.43	1778961	41098048.000
09/17/2013	11.56	11.61	11.16	11.19	1362906	31029908.000
09/18/2013	11.21	11.62	11.20	11.62	1621125	37512480.000
09/23/2013	11.92	12.35	11.73	12.35	2515789	61019216.000
09/24/2013	12.35	12.67	12.22	12.49	3656236	91818584.000
09/25/2013	12.23	12.52	12.01	12.42	2696797	66462800.000
09/26/2013	12.42	12.55	12.22	12.32	1573680	39294152.000
09/27/2013	12.40	12.42	11.97	12.07	1598225	39200640.000
09/30/2013	12.17	12.31	11.86	12.10	1645961	39956412.000
10/08/2013	12.01	12.49	12.01	12.17	1803957	44224936.000
10/09/2013	12.08	12.65	12.08	12.44	2275416	56868668.000
10/10/2013	12.44	12.66	12.17	12.28	1832771	45683164.000
10/11/2013	12.41	12.42	11.92	12.17	2217997	53983668.000
10/14/2013	11.98	12.43	11.98	12.43	1498502	36636584.000
10/15/2013	12.59	12.59	11.68	12.07	3190433	77196040.000
10/16/2013	12.07	12.11	11.41	11.72	2658843	62170288.000
10/17/2013	11.77	12.32	11.67	12.02	3018612	73095224.000
10/18/2013	11.98	12.07	11.47	11.49	2082967	48754020.000
10/21/2013	11.61	12.10	11.42	11.97	2200532	52592788.000
10/22/2013	11.92	12.67	11.92	12.26	4196888	104311840.000
10/23/2013	12.37	12.50	11.53	11.61	2087224	50552588.000
10/24/2013	11.92	12.78	11.67	12.30	3615729	88901456.000
10/25/2013	12.29	13.50	12.17	13.30	5367361	138519488.000
10/28/2013	13.09	13.21	12.57	12.75	3991490	103791352.000
10/29/2013	12.70	13.45	11.95	12.67	4867479	124016032.000
10/30/2013	12.57	13.25	12.47	13.13	3253153	84251376.000
10/31/2013	13.25	14.07	13.01	13.40	5784973	157742832.000
11/01/2013	13.27	13.27	12.06	12.50	4501615	114265456.000
11/04/2013	12.60	13.31	12.60	12.83	4084624	106277024.000
11/05/2013	12.92	13.14	12.27	13.10	3506795	89939136.000
11/06/2013	13.02	13.52	12.94	13.04	3637664	96606544.000
11/07/2013	12.94	13.23	12.56	12.76	2613629	67819328.000
11/08/2013	12.67	13.17	12.53	12.87	3022926	78262464.000
11/11/2013	12.87	13.67	12.81	13.34	5162290	138172272.000
11/12/2013	13.34	13.42	12.95	13.32	3291622	87407552.000
11/13/2013	13.22	13.83	13.10	13.46	4393597	118714032.000
11/14/2013	13.37	13.73	13.22	13.57	2996185	81174816.000
11/15/2013	13.57	14.32	13.49	13.97	5612081	155902592.000
11/18/2013	13.92	14.02	13.71	13.99	4709536	131535616.000
11/19/2013	13.87	14.30	13.82	13.90	2916987	82103592.000
11/20/2013	14.02	14.02	13.36	13.52	3656537	99640904.000
11/21/2013	13.42	13.70	13.37	13.51	2500555	68215416.000
11/22/2013	13.50	13.62	13.21	13.21	2140283	57600856.000
11/25/2013	13.22	13.49	13.10	13.28	1713121	45913360.000
11/26/2013	13.31	13.86	13.27	13.84	2052969	56386356.000
11/27/2013	13.92	14.00	13.64	13.87	2046136	56837308.000
11/28/2013	13.95	14.16	13.74	14.04	1771162	49822384.000
11/29/2013	14.05	14.15	13.80	13.85	2037597	57039696.000
12/02/2013	13.22	13.24	12.46	12.71	4483334	115940440.000
12/03/2013	12.44	12.87	12.02	12.67	2166387	54170328.000
12/04/2013	12.60	13.01	12.42	12.42	2059350	52981964.000
12/05/2013	12.32	12.32	11.55	11.57	4127187	98473752.000
12/06/2013	11.62	11.93	11.62	11.86	1379296	32710854.000
12/09/2013	11.90	12.10	11.84	11.95	1825715	43945132.000
12/10/2013	11.96	12.05	11.61	11.80	1200158	28468620.000
12/11/2013	11.78	12.17	11.70	12.13	1373824	33313776.000
12/12/2013	12.07	12.53	12.06	12.37	1413728	35267040.000
12/13/2013	12.32	12.60	12.32	12.42	1059447	26626662.000
12/16/2013	12.33	12.64	12.33	12.47	1017733	25582038.000
12/17/2013	12.57	12.72	12.23	12.60	1176966	29527194.000
12/18/2013	12.59	12.62	12.20	12.37	736221	18396004.000
12/19/2013	12.25	12.82	12.21	12.61	843780	21298628.000
12/20/2013	12.55	12.72	12.35	12.57	542500	13697812.000
12/23/2013	12.43	12.58	12.28	12.48	557439	13939706.000
12/24/2013	12.68	13.38	12.50	13.22	1388681	36522320.000
12/25/2013	13.32	14.55	13.08	14.55	4366550	124946120.000
12/26/2013	14.43	14.81	14.08	14.17	2797319	81119672.000
12/27/2013	14.17	14.40	13.92	14.36	1877963	53526812.000
12/30/2013	14.32	14.68	14.12	14.36	1407340	40607792.000
12/31/2013	14.27	14.64	13.62	14.17	2649773	74878624.000
01/02/2014	14.37	14.91	14.17	14.62	2204644	64516100.000
01/03/2014	14.67	14.76	14.40	14.63	1237777	36298176.000
01/06/2014	14.67	14.67	13.53	13.92	1584295	45336164.000
01/07/2014	14.01	14.15	13.82	14.06	903573	25441106.000
01/08/2014	14.22	15.26	14.17	15.08	2486962	74148720.000
01/09/2014	15.08	15.08	14.50	14.70	1349286	40275756.000
01/10/2014	14.69	14.70	14.13	14.22	1003552	29059890.000
01/13/2014	14.25	14.46	13.99	14.35	877989	25246464.000
01/14/2014	14.27	15.07	14.27	15.02	1154780	34359596.000
01/15/2014	15.01	15.22	14.68	15.11	1462033	43763476.000
01/16/2014	15.06	15.12	14.56	14.72	1139412	34009816.000
01/17/2014	14.63	14.87	14.52	14.60	735898	21742612.000
01/20/2014	14.49	15.06	14.37	14.57	1016873	30112518.000
01/21/2014	14.55	14.85	14.05	14.68	1252674	36465672.000
01/22/2014	14.42	15.41	14.25	15.27	2555444	75994688.000
01/23/2014	15.19	15.77	15.19	15.42	1296395	40297348.000
01/24/2014	15.33	16.16	15.22	15.97	1333932	42409428.000
01/27/2014	16.07	16.56	15.67	15.97	1263176	40770728.000
01/28/2014	15.96	16.43	15.75	16.34	1103683	35716440.000
01/29/2014	16.22	16.69	16.22	16.34	888139	29345144.000
01/30/2014	16.42	16.48	14.70	16.13	1307812	41666136.000
02/07/2014	15.90	16.22	15.42	16.22	1434127	45700392.000
02/10/2014	16.20	17.07	16.00	16.84	2478444	82272192.000
02/11/2014	17.89	18.53	17.56	18.53	6729058	243885648.000
02/12/2014	18.42	20.05	17.82	19.01	5715809	217060528.000
02/13/2014	19.41	20.10	18.61	18.67	4886857	190558832.000
02/14/2014	18.81	20.55	18.60	20.55	5122795	203991104.000
02/17/2014	21.19	21.92	20.83	21.52	6444596	275604320.000
02/18/2014	21.42	21.62	21.08	21.36	3611240	154584160.000
02/19/2014	21.72	21.75	20.02	20.10	4252117	175996176.000
02/20/2014	20.16	20.56	19.31	20.20	4611220	184860576.000
02/21/2014	20.27	20.62	19.73	19.96	3526544	142796256.000
02/24/2014	19.92	20.72	19.43	20.27	2812885	113686760.000
02/25/2014	20.32	21.17	18.36	18.68	5954554	235707280.000
02/26/2014	18.40	19.57	18.17	19.37	3694447	141136896.000
02/27/2014	19.23	19.42	17.62	17.72	3819266	141422672.000
02/28/2014	17.72	18.43	17.67	18.25	2063970	74491736.000
03/03/2014	18.17	19.17	18.08	19.17	2211821	83049960.000
03/04/2014	19.15	19.17	18.46	19.02	2027572	76883312.000
03/05/2014	19.17	20.52	18.83	20.00	3165398	124925448.000
03/06/2014	19.73	20.30	19.53	20.22	2772866	111276664.000
03/07/2014	20.32	20.32	19.21	19.26	2356463	93326144.000
03/10/2014	18.98	18.98	17.92	18.17	2249728	82670096.000
03/11/2014	18.12	18.35	16.92	17.63	2722397	96281864.000
03/12/2014	17.42	17.62	16.35	17.09	2708252	92301520.000
03/13/2014	16.92	17.52	16.79	17.47	1444656	50176876.000
03/14/2014	17.31	18.01	17.12	17.87	1866835	66073708.000
03/17/2014	17.87	18.67	17.63	18.60	2020745	74077336.000
03/18/2014	18.48	18.92	18.26	18.42	1830054	68232800.000
03/19/2014	18.42	18.51	17.45	17.67	1628093	58576200.000
03/20/2014	17.56	18.00	16.42	16.70	2355252	81423192.000
03/21/2014	16.41	16.58	15.80	16.57	2955376	95747936.000
03/24/2014	16.32	16.41	15.81	15.82	1754450	56425328.000
03/25/2014	15.82	16.21	15.49	15.87	1837183	58498488.000
03/26/2014	15.88	16.20	15.81	16.11	2339750	75398384.000
03/27/2014	16.42	16.77	15.57	15.57	2200525	70759736.000
03/28/2014	15.18	15.52	14.73	14.75	2522679	76231112.000
03/31/2014	14.83	14.99	14.22	14.52	2702200	79129408.000
04/01/2014	14.53	15.00	14.42	14.99	2150812	63975404.000
04/02/2014	15.05	15.08	14.48	14.74	2286729	67974464.000
04/03/2014	14.73	15.39	14.45	14.50	4062811	60708588.000
04/04/2014	14.30	15.14	14.11	15.09	3569895	52850592.000
04/08/2014	14.88	15.35	14.58	15.29	3109890	46523948.000
04/09/2014	15.20	15.54	14.99	15.22	3705071	56527440.000
04/10/2014	15.25	15.56	15.20	15.34	3473124	53424220.000
04/11/2014	15.20	15.20	14.35	14.59	6900408	100859808.000
04/14/2014	14.50	16.05	14.50	16.05	13206486	206398176.000
04/15/2014	16.10	16.20	15.67	15.79	8242629	131139600.000
04/16/2014	15.75	15.75	14.88	15.16	8411741	127724112.000
04/17/2014	15.10	15.17	14.78	14.88	5034019	75149424.000
04/18/2014	14.90	15.20	14.80	15.20	3038061	45660688.000
04/21/2014	15.01	15.48	14.91	15.10	4007567	61176032.000
04/22/2014	15.10	15.24	14.55	14.76	3774247	55859640.000
04/23/2014	14.74	14.96	14.58	14.59	1649916	24324434.000
04/24/2014	14.59	14.82	14.30	14.65	2172239	31718402.000
04/25/2014	14.50	14.67	13.19	13.19	6432003	87247584.000
04/28/2014	12.75	13.43	12.13	13.36	5902574	75654432.000
04/29/2014	12.93	13.33	12.88	12.98	3062174	40198876.000
04/30/2014	12.88	13.69	12.87	13.36	2849678	38256360.000
05/05/2014	13.36	13.81	13.36	13.62	2586832	35171372.000
05/06/2014	13.70	14.08	13.62	13.80	2909995	40419908.000
05/07/2014	13.57	13.76	13.10	13.12	2296256	30744688.000
05/08/2014	13.03	13.37	13.03	13.14	1349599	17804582.000
05/09/2014	13.16	13.28	12.75	12.98	3022415	39165312.000
05/12/2014	12.98	13.33	12.90	13.27	1626464	21412398.000
05/13/2014	13.27	13.49	13.06	13.23	1404569	18629392.000
05/14/2014	13.28	13.35	12.89	12.91	1793865	23329654.000
05/15/2014	12.93	12.95	12.26	12.30	2081419	26174000.000
05/16/2014	12.27	12.41	12.00	12.20	1368872	16693987.000
05/19/2014	12.20	12.39	12.08	12.37	1305671	16012285.000
05/20/2014	12.55	13.38	12.55	13.24	5381990	70667080.000
05/21/2014	13.01	13.34	12.88	13.28	2923239	38113740.000
05/22/2014	13.19	14.16	13.14	13.65	4658457	64495688.000
05/23/2014	13.51	13.95	13.41	13.90	2409684	33141694.000
05/26/2014	13.90	14.36	13.90	14.34	2730705	38663392.000
05/27/2014	14.24	14.39	14.17	14.28	1865725	26637224.000
05/28/2014	14.23	14.62	14.23	14.49	1914124	27713984.000
05/29/2014	14.30	14.60	13.83	13.83	3096145	43631408.000
05/30/2014	13.83	13.92	13.37	13.69	2961645	40262424.000
06/03/2014	13.75	14.26	13.70	13.94	2194910	30800332.000
06/04/2014	13.92	13.94	12.57	13.70	2332784	31601200.000
06/05/2014	13.76	13.90	13.40	13.83	2157860	29470826.000
06/06/2014	13.80	13.82	13.55	13.71	1629191	22289810.000
06/09/2014	13.73	14.08	13.50	13.53	2087643	28713568.000
06/10/2014	13.69	13.69	13.12	13.52	2576412	34625492.000
06/11/2014	13.52	14.87	13.46	14.47	9152157	132076352.000
06/12/2014	14.35	15.37	14.18	15.16	8436830	125787568.000
06/13/2014	15.16	15.33	14.76	15.09	4612789	69264456.000
06/16/2014	15.02	15.22	14.83	15.22	3671234	55306512.000
06/17/2014	15.20	15.39	14.92	15.06	2654241	40178392.000
06/18/2014	15.06	15.06	14.47	14.61	2913364	42634492.000
06/19/2014	14.55	14.78	13.79	14.20	3179551	45565716.000
06/20/2014	14.15	14.30	13.81	14.28	2133142	30104958.000
06/23/2014	14.37	15.10	14.26	14.78	2389388	35374748.000
06/24/2014	14.77	15.08	14.52	14.92	1660861	24538452.000
06/25/2014	14.93	14.95	14.52	14.70	2019630	29671424.000
06/26/2014	14.70	15.42	14.63	14.99	3844127	58026224.000
06/27/2014	14.90	15.37	14.83	15.13	2586060	39212148.000
06/30/2014	15.28	15.38	15.04	15.25	1980971	30064162.000
07/01/2014	15.20	15.20	14.66	14.79	4841518	71823112.000
07/02/2014	14.74	14.90	14.56	14.70	3356814	49349640.000
07/03/2014	14.68	14.81	14.43	14.57	4047952	59153832.000
07/04/2014	14.67	14.67	14.27	14.31	3547327	51097588.000
07/07/2014	14.32	14.65	14.28	14.50	3040488	43949404.000
07/08/2014	14.45	14.62	14.28	14.59	2475264	35845808.000
07/09/2014	14.50	14.64	13.79	13.84	5408557	76457144.000
07/10/2014	13.82	13.88	13.40	13.44	3228103	43917180.000
07/11/2014	13.45	13.65	13.21	13.33	2350243	31443134.000
07/14/2014	13.34	13.60	13.23	13.60	2836002	37980144.000
07/15/2014	13.58	13.61	13.33	13.48	2656683	35717936.000
07/16/2014	13.50	13.55	13.30	13.37	1713766	22993630.000
07/17/2014	13.47	14.13	13.47	13.89	4369546	60597832.000
07/18/2014	13.88	13.88	13.38	13.39	2958004	40129644.000
07/21/2014	13.43	13.52	12.42	12.85	3781724	48427012.000
07/22/2014	12.79	13.23	12.63	13.06	2515911	32797990.000
07/23/2014	13.10	13.10	12.35	12.40	4490914	56603496.000
07/24/2014	12.31	12.39	11.80	11.88	7005918	84244128.000
07/25/2014	11.88	12.67	11.88	12.48	4890113	60616512.000
07/28/2014	12.45	12.72	12.29	12.70	4325256	53839676.000
07/29/2014	12.70	12.89	12.54	12.81	3156671	40335632.000
07/30/2014	12.83	13.18	12.75	13.06	3087183	40194456.000
07/31/2014	13.04	13.28	12.92	13.22	2125059	27885590.000
08/01/2014	13.10	13.25	12.93	12.94	2265769	29613414.000
08/04/2014	12.90	12.97	12.82	12.90	2196809	28319166.000
08/05/2014	12.95	13.36	12.90	13.32	4393043	57572384.000
08/06/2014	13.29	13.29	13.00	13.18	2664379	35012724.000
08/07/2014	13.22	13.33	13.03	13.07	1999330	26364340.000
08/08/2014	13.06	13.21	13.00	13.15	2479709	32551124.000
08/11/2014	13.18	13.66	13.18	13.60	4344636	58724012.000
08/12/2014	13.56	13.59	13.34	13.39	3398361	45698572.000
08/13/2014	13.40	13.44	13.08	13.29	2969431	39295252.000
08/14/2014	13.25	13.54	13.25	13.33	2843778	38103044.000
08/15/2014	13.44	13.68	13.34	13.59	3831535	51903284.000
08/18/2014	13.72	14.12	13.57	14.11	7151913	99698048.000
08/19/2014	14.21	14.29	13.97	14.11	5961053	84221248.000
08/20/2014	14.12	14.61	14.12	14.60	9252017	132684056.000
08/21/2014	14.50	14.58	14.16	14.56	6690263	96566688.000
08/22/2014	14.57	14.57	14.21	14.44	6406204	92067896.000
09/03/2014	15.88	15.88	15.88	15.88	1586324	25190826.000
09/04/2014	16.37	17.09	15.87	16.09	29451832	479939904.000
09/05/2014	15.78	16.80	15.57	16.43	13239052	214316416.000
09/09/2014	16.21	16.49	16.02	16.12	7277639	118068912.000
09/10/2014	16.04	17.64	15.80	17.22	13920117	234474000.000
09/11/2014	17.17	17.70	16.90	17.15	8662876	149571376.000
09/12/2014	16.95	17.60	16.75	17.05	7878552	134712080.000
09/15/2014	17.18	17.30	16.55	17.20	6969822	117745192.000
09/16/2014	17.21	17.24	16.12	16.18	5575333	92922624.000
09/17/2014	16.18	16.43	15.68	15.93	4133381	65803228.000
09/18/2014	16.03	16.92	15.93	16.67	4827209	80088752.000
09/19/2014	16.80	17.19	16.59	16.86	3618049	61362324.000
09/22/2014	16.65	16.80	16.08	16.15	4137361	67486944.000
09/23/2014	16.20	16.39	15.83	16.28	3673568	59186176.000
09/24/2014	16.07	16.59	16.07	16.47	3612627	59417152.000
09/25/2014	16.41	17.07	16.35	16.58	3415106	57149640.000
09/26/2014	16.58	17.29	16.45	17.23	5142903	87258400.000
09/29/2014	17.24	17.49	16.90	17.05	2791799	47765516.000
09/30/2014	17.02	17.23	16.80	16.85	2689985	45499872.000
10/08/2014	16.86	17.68	16.86	17.52	4217442	73065280.000
10/09/2014	17.52	17.66	17.04	17.36	3103386	53738400.000
10/10/2014	17.33	17.33	16.68	16.68	4607100	77897624.000
10/13/2014	16.54	16.68	16.07	16.60	3062900	50046684.000
10/14/2014	16.72	16.78	16.30	16.33	2725614	44826268.000
10/15/2014	16.46	16.50	15.98	16.27	3062117	49497856.000
10/16/2014	16.18	16.60	16.05	16.21	2592795	42631324.000
10/17/2014	16.17	16.30	15.90	16.20	3142941	50764000.000
10/20/2014	16.50	16.50	16.01	16.39	1262275	20645318.000
10/21/2014	16.28	16.40	15.82	15.83	2598056	41647708.000
10/22/2014	15.73	15.92	15.25	15.44	2691796	41771324.000
10/23/2014	15.20	15.52	15.02	15.10	2090499	31807212.000
10/24/2014	15.18	15.35	14.95	15.26	1573008	23851102.000
10/27/2014	15.15	15.70	15.13	15.62	1472844	22716522.000
10/28/2014	15.62	16.33	15.62	16.24	2980465	47866208.000
10/29/2014	16.25	16.29	15.92	15.94	3473118	55857316.000
10/30/2014	15.95	16.07	15.77	16.01	1908891	30437620.000
10/31/2014	16.01	16.03	15.28	15.38	3686844	57291208.000
数据来源:通达信
