300154 瑞凌股份 日线
      日期	    开盘	    最高	    最低	    收盘	    成交量	    成交额
12/29/2010	19.25	21.79	18.90	19.10	14168087	577662592.000
12/30/2010	19.16	20.05	18.51	19.94	8386790	339231840.000
12/31/2010	19.39	19.83	19.24	19.58	5397810	218832816.000
01/04/2011	20.25	20.59	19.66	20.45	5423845	227154064.000
01/05/2011	20.01	20.95	19.89	20.85	4599745	196196256.000
01/06/2011	21.09	22.36	20.95	21.50	5300603	236817968.000
01/07/2011	21.15	21.49	20.26	20.43	4286360	185274992.000
01/10/2011	20.35	20.83	19.60	20.20	3069757	128591968.000
01/11/2011	20.02	20.50	19.28	19.43	2106847	87017600.000
01/12/2011	19.43	19.62	18.89	19.23	2022675	81097016.000
01/13/2011	19.25	19.64	19.06	19.58	1450468	58245764.000
01/14/2011	19.70	19.96	18.26	18.28	2878667	113172232.000
01/17/2011	18.03	18.15	16.70	16.74	2949350	105936312.000
01/18/2011	16.75	17.14	16.66	16.96	1619618	57453312.000
01/19/2011	16.85	17.55	16.75	17.43	1294718	46612904.000
01/20/2011	17.26	17.65	17.08	17.35	1427616	51589492.000
01/21/2011	17.25	17.97	17.11	17.35	950302	34624964.000
01/24/2011	17.25	17.39	16.38	16.40	1128356	39515376.000
01/25/2011	16.25	16.65	16.20	16.59	751743	25850052.000
01/26/2011	16.59	17.27	16.59	17.00	895414	31873630.000
01/27/2011	16.85	17.20	16.70	16.96	872454	30926112.000
01/31/2011	17.00	17.55	16.95	17.34	831749	30080676.000
02/01/2011	17.35	17.84	17.26	17.55	723034	26451978.000
02/09/2011	17.49	17.68	17.10	17.20	649021	23532436.000
02/10/2011	17.06	18.05	17.00	17.92	966118	35585456.000
02/11/2011	17.85	18.30	17.82	18.26	948020	35706120.000
02/14/2011	18.25	18.40	18.03	18.32	982296	37261404.000
02/15/2011	18.22	18.53	18.05	18.19	1069852	40734732.000
02/16/2011	18.15	18.73	18.10	18.63	979268	37674592.000
02/17/2011	18.67	18.73	18.10	18.35	1042655	39847052.000
02/18/2011	18.23	18.64	18.20	18.50	885801	33937872.000
02/21/2011	18.34	18.83	18.33	18.79	965543	37395324.000
02/22/2011	18.78	18.80	18.18	18.27	1666581	63912788.000
02/23/2011	18.25	18.43	18.15	18.25	1078736	41018604.000
02/24/2011	18.14	18.77	18.10	18.53	1531082	59047652.000
02/25/2011	18.59	18.59	18.16	18.39	989356	37782400.000
02/28/2011	18.33	19.14	18.33	19.06	1420588	55885676.000
03/01/2011	19.00	19.10	18.71	18.95	1087242	42692396.000
03/02/2011	18.95	18.99	18.20	18.49	868678	33569708.000
03/03/2011	18.33	18.54	17.56	17.77	1569808	58898460.000
03/04/2011	17.72	18.07	17.69	17.88	409581	15245560.000
03/07/2011	17.99	18.20	17.92	18.01	571518	21474332.000
03/08/2011	18.01	18.23	17.98	18.06	644199	24280424.000
03/09/2011	18.09	18.60	18.01	18.52	890277	33935996.000
03/10/2011	18.49	18.65	18.44	18.50	820760	31648446.000
03/11/2011	18.50	18.97	18.45	18.75	1204811	47162412.000
03/14/2011	18.80	18.80	18.53	18.78	794554	30834738.000
03/15/2011	18.86	18.86	18.40	18.43	831720	32087042.000
03/16/2011	18.43	18.69	18.34	18.50	604800	23311660.000
03/17/2011	18.35	18.48	17.88	17.97	561611	21315540.000
03/18/2011	18.04	18.45	17.95	18.45	945870	35726472.000
03/21/2011	18.50	18.94	18.47	18.83	850107	33104008.000
03/22/2011	18.83	18.84	18.44	18.53	466264	18011656.000
03/23/2011	18.46	18.60	18.43	18.45	494956	19051248.000
03/24/2011	18.39	18.54	18.13	18.30	559128	21302028.000
03/25/2011	18.40	20.00	18.31	19.78	2632542	105624216.000
03/30/2011	18.75	18.75	18.06	18.15	2613137	100069456.000
03/31/2011	18.18	18.45	18.05	18.25	1285878	48902604.000
04/01/2011	18.23	18.95	18.12	18.57	1152061	44576368.000
04/06/2011	18.36	18.85	18.10	18.15	1145244	43686196.000
04/07/2011	18.20	18.44	18.15	18.38	610928	23243710.000
04/08/2011	18.40	18.90	18.40	18.85	1610360	62604356.000
04/11/2011	18.83	18.85	18.46	18.55	1172758	45542652.000
04/12/2011	18.44	18.69	18.35	18.55	838481	32281550.000
04/13/2011	18.46	19.08	18.46	18.75	1850164	72599584.000
04/14/2011	18.76	19.19	18.59	18.79	1221755	47970480.000
04/15/2011	18.71	18.80	18.31	18.51	1124524	43337808.000
04/18/2011	18.45	18.59	18.33	18.55	605446	23262566.000
04/20/2011	18.33	18.33	17.87	18.20	1693395	63650120.000
04/21/2011	18.23	18.38	18.10	18.15	782421	29613622.000
04/22/2011	18.10	18.38	17.86	18.08	919396	34679116.000
04/25/2011	17.94	18.06	17.20	17.24	1234519	44834276.000
04/26/2011	17.22	17.23	16.60	16.71	1253716	44187068.000
04/27/2011	16.80	17.00	16.45	16.52	397679	13895671.000
04/28/2011	16.55	16.83	16.46	16.51	479195	16664868.000
04/29/2011	16.65	17.25	16.57	16.85	928063	32800794.000
05/03/2011	16.89	17.29	16.88	17.15	599548	21379646.000
05/04/2011	17.01	17.18	16.86	16.87	481400	17115566.000
05/05/2011	16.84	17.34	16.84	17.26	702698	25127216.000
05/06/2011	17.25	17.26	17.03	17.19	533798	19125792.000
05/09/2011	17.25	17.42	17.14	17.23	712679	25685770.000
05/10/2011	17.22	17.22	16.53	16.80	1409220	24314068.000
05/11/2011	16.80	16.85	16.20	16.50	1318694	22335796.000
05/12/2011	16.40	16.42	15.80	15.80	1515128	25204316.000
05/13/2011	15.80	15.97	15.43	15.79	1683413	27262990.000
05/16/2011	15.77	15.96	15.50	15.76	940622	15166849.000
05/17/2011	15.59	15.99	15.50	15.77	798632	12981082.000
05/18/2011	15.72	15.76	15.41	15.45	965807	15499839.000
05/19/2011	15.45	15.69	15.41	15.55	688172	11037213.000
05/20/2011	15.55	15.61	14.76	14.85	1945493	30173834.000
05/23/2011	14.70	14.78	13.91	13.92	1370045	20253046.000
05/24/2011	13.93	15.00	13.79	14.50	1617142	23954740.000
05/25/2011	14.38	14.55	13.38	13.45	1139963	16411698.000
05/26/2011	13.62	13.98	13.62	13.76	1465603	20930562.000
05/27/2011	13.76	14.16	13.65	13.81	831718	11984921.000
05/30/2011	13.80	14.39	13.56	14.04	1217937	17813974.000
05/31/2011	14.05	14.47	14.04	14.45	1494055	22063350.000
06/01/2011	14.43	14.47	14.18	14.44	868711	12887865.000
06/02/2011	14.10	14.30	13.80	14.10	997340	14458994.000
06/03/2011	14.10	14.71	14.01	14.59	1258182	18735548.000
06/07/2011	14.58	14.66	14.36	14.51	630684	9470737.000
06/08/2011	14.31	14.48	14.20	14.37	813769	12057352.000
06/09/2011	14.38	14.66	14.30	14.49	1139157	17049544.000
06/10/2011	14.38	14.40	14.07	14.31	608875	8970328.000
06/13/2011	14.31	14.38	13.86	14.16	557699	8154785.000
06/14/2011	14.15	14.29	14.08	14.28	1513066	22231642.000
06/15/2011	14.10	14.19	13.92	13.99	773640	11244072.000
06/16/2011	13.91	13.97	13.40	13.59	881125	12427918.000
06/17/2011	13.59	13.59	13.30	13.45	507892	7052215.000
06/20/2011	13.44	13.45	13.00	13.00	573325	7838473.500
06/21/2011	13.17	13.25	12.82	13.12	433764	5861031.500
06/22/2011	13.13	13.13	12.84	12.91	732248	9849092.000
06/23/2011	12.94	13.60	12.73	13.45	1295869	17889776.000
06/24/2011	13.46	13.79	13.31	13.65	1399076	19713054.000
06/27/2011	13.74	14.00	13.58	13.80	904990	12949826.000
06/28/2011	13.75	14.10	13.66	14.08	1510367	21747662.000
06/29/2011	14.00	14.70	13.96	14.11	2485591	37041176.000
06/30/2011	14.14	14.38	14.00	14.18	1176320	17298834.000
07/01/2011	14.28	14.46	14.18	14.32	1296127	19248132.000
07/04/2011	14.32	14.61	14.23	14.49	2127402	31777624.000
07/06/2011	14.59	15.15	14.52	14.99	2599472	39993432.000
07/07/2011	14.90	15.63	14.86	15.21	3404981	53983428.000
07/08/2011	15.19	15.55	15.01	15.23	1976991	31146052.000
07/11/2011	15.10	15.39	15.01	15.28	1081441	16943508.000
07/12/2011	15.00	15.32	14.99	14.99	1570790	24570152.000
07/13/2011	14.90	15.45	14.83	15.42	1238006	19434078.000
07/14/2011	15.36	16.00	15.36	15.99	1912616	31070712.000
07/15/2011	16.00	16.44	15.81	16.04	1896206	31580778.000
07/18/2011	16.10	16.20	15.52	15.57	1282783	20948438.000
07/19/2011	15.56	15.56	15.13	15.19	1253496	19793874.000
07/20/2011	15.26	15.52	15.15	15.43	793691	12582385.000
07/21/2011	15.46	15.46	15.04	15.08	706494	11098036.000
07/22/2011	15.07	15.35	15.01	15.09	625178	9774318.000
07/25/2011	15.00	15.00	14.16	14.21	1187461	17789534.000
07/26/2011	14.11	14.37	14.01	14.34	803211	11829720.000
07/27/2011	14.28	14.74	14.14	14.71	1149814	17246068.000
07/28/2011	14.51	14.59	14.31	14.50	759410	11333412.000
07/29/2011	14.51	14.59	14.11	14.13	700170	10379126.000
08/01/2011	14.15	14.44	13.91	14.40	764388	11246650.000
08/02/2011	14.27	14.55	13.95	14.51	1126727	16563818.000
08/03/2011	14.52	16.01	14.51	15.52	4325825	69712144.000
08/04/2011	15.21	15.74	15.21	15.59	2429830	39033192.000
08/05/2011	15.10	15.58	14.75	15.26	2163827	33884500.000
08/08/2011	15.06	15.16	13.68	14.10	3050670	45679164.000
08/09/2011	13.66	14.11	13.12	13.86	1428157	20305388.000
08/10/2011	14.20	14.49	13.98	14.11	1316807	19418464.000
08/11/2011	13.80	14.66	13.66	14.62	1371423	20370804.000
08/12/2011	14.78	15.21	14.67	15.06	2004661	31154014.000
08/16/2011	15.20	15.27	14.30	14.37	3908030	59279736.000
08/17/2011	14.50	14.61	14.06	14.17	2946002	43315912.000
08/18/2011	14.18	14.21	13.75	13.80	1845295	26562346.000
08/19/2011	13.50	13.92	13.35	13.80	1061478	14961908.000
08/22/2011	13.78	13.97	13.52	13.68	777418	11089521.000
08/23/2011	13.77	14.20	13.68	14.18	1423402	20561908.000
08/24/2011	14.20	14.60	14.10	14.10	2701019	40198936.000
08/25/2011	14.03	14.25	13.80	14.12	1626074	23586134.000
08/26/2011	14.12	14.48	14.01	14.42	1805626	26773568.000
08/29/2011	14.37	14.81	14.25	14.60	2367518	35671764.000
08/30/2011	14.65	14.74	13.90	14.01	2255323	33686724.000
08/31/2011	13.96	14.13	13.50	13.76	1385288	19723386.000
09/01/2011	13.76	13.95	13.66	13.84	758682	10847578.000
09/02/2011	13.88	13.88	13.45	13.51	792881	11151417.000
09/05/2011	13.47	13.47	12.91	12.91	1207213	16459580.000
09/06/2011	12.87	13.08	12.82	12.89	608097	8164361.000
09/07/2011	13.00	13.27	12.93	13.26	612155	8330556.500
09/08/2011	13.35	13.35	13.00	13.00	619223	8466393.000
09/09/2011	12.90	13.11	12.88	12.94	543776	7322448.500
09/13/2011	12.85	12.85	12.30	12.46	1169152	15121001.000
09/14/2011	12.49	12.70	12.32	12.67	746327	9703758.000
09/15/2011	12.56	12.73	12.56	12.66	623637	8216018.500
09/16/2011	12.74	12.80	12.50	12.52	443809	5839385.000
09/19/2011	12.50	12.50	12.15	12.16	494209	6319932.000
09/20/2011	12.13	12.30	12.04	12.16	509111	6447405.500
09/21/2011	12.20	12.59	12.14	12.50	958691	12415420.000
09/22/2011	12.50	12.63	12.21	12.22	885208	11484871.000
09/23/2011	12.04	12.17	11.83	11.96	896386	11198591.000
09/26/2011	11.79	12.10	11.50	11.63	926232	11379417.000
09/27/2011	11.80	11.80	11.50	11.67	1526215	18449508.000
09/28/2011	11.67	11.76	11.31	11.37	1076358	12990742.000
09/29/2011	11.28	11.35	10.88	10.92	916159	10597827.000
09/30/2011	10.98	11.04	10.70	10.90	701774	7966259.000
10/10/2011	11.02	11.03	10.86	10.89	337595	3857222.750
10/11/2011	11.14	11.35	10.82	11.05	651482	7548595.000
10/12/2011	10.95	11.55	10.85	11.49	1112942	13151758.000
10/13/2011	11.57	11.77	11.44	11.68	1123887	13600904.000
10/14/2011	11.56	11.65	11.41	11.59	756919	9097491.000
10/17/2011	11.70	11.70	11.50	11.66	653014	7892307.000
10/18/2011	11.55	11.60	11.08	11.15	872817	10338613.000
10/19/2011	11.25	11.26	11.00	11.09	414216	4819121.500
10/20/2011	11.00	11.02	10.50	10.64	837377	9373374.000
10/21/2011	10.64	10.65	10.36	10.37	451295	4951179.000
10/24/2011	10.36	10.71	10.13	10.65	973260	10642375.000
10/25/2011	10.65	11.30	10.65	11.23	1613297	18569774.000
10/26/2011	11.14	11.58	10.98	11.40	1843148	21784408.000
10/27/2011	11.42	11.48	11.15	11.23	1030181	12183054.000
10/28/2011	11.37	11.56	11.25	11.51	1319804	15741364.000
10/31/2011	11.45	11.75	11.41	11.69	1301886	15788169.000
11/01/2011	11.65	11.89	11.60	11.89	1681289	20639710.000
11/02/2011	11.72	12.36	11.60	12.32	2377223	29776634.000
11/03/2011	12.30	12.79	12.21	12.37	3968675	51881096.000
11/04/2011	12.46	12.56	12.22	12.36	1497691	19297312.000
11/07/2011	12.40	12.44	12.28	12.37	882316	11340353.000
11/08/2011	12.35	12.56	12.12	12.19	1718599	22165718.000
11/09/2011	12.24	12.50	11.95	12.49	1851496	23625492.000
11/10/2011	12.35	13.09	12.23	12.90	4208943	56064428.000
11/11/2011	12.73	13.58	12.70	13.04	4639071	63186356.000
11/14/2011	13.15	13.50	13.03	13.33	2966040	40914696.000
11/15/2011	13.31	13.34	13.06	13.30	1966993	26918920.000
11/16/2011	13.31	13.45	12.64	12.70	2254178	30534828.000
11/17/2011	12.74	13.01	12.62	12.75	1497338	19898108.000
11/18/2011	12.71	12.71	12.22	12.24	1412201	18213768.000
11/21/2011	12.25	12.25	11.92	12.11	821022	10307997.000
11/22/2011	11.90	12.22	11.90	12.21	737342	9266720.000
11/23/2011	12.27	12.34	12.11	12.13	477160	6068540.500
11/24/2011	12.00	12.48	11.88	12.33	907683	11531785.000
11/25/2011	12.23	12.45	12.00	12.03	578802	7372258.000
11/28/2011	12.08	12.11	11.88	11.94	481953	6004699.000
11/29/2011	12.02	12.48	11.94	12.48	1036045	13189909.000
11/30/2011	12.40	12.40	11.30	11.77	1561360	19212654.000
12/01/2011	12.15	12.34	11.95	11.96	1109866	14010638.000
12/02/2011	11.80	11.80	11.40	11.60	624855	7556263.500
12/05/2011	11.59	11.59	10.82	11.10	610479	7071359.500
12/06/2011	10.83	11.29	10.83	11.29	477481	5543257.000
12/07/2011	11.27	11.31	11.04	11.21	268589	3143552.250
12/08/2011	11.20	11.40	10.91	11.21	440062	5140343.500
12/09/2011	11.00	11.22	10.97	11.19	267016	3096236.750
12/12/2011	11.10	11.22	10.95	10.97	209900	2430705.750
12/13/2011	10.95	10.95	10.52	10.68	450307	5021362.500
12/14/2011	10.55	10.74	10.50	10.67	238500	2657215.500
12/15/2011	10.57	10.67	10.31	10.46	312196	3421966.750
12/16/2011	10.49	10.87	10.46	10.87	509665	5696543.000
12/19/2011	10.59	11.06	10.57	11.00	410321	4633388.500
12/20/2011	10.95	11.08	10.81	10.82	275133	3150927.750
12/21/2011	11.09	11.12	10.50	10.55	448289	5044585.500
12/22/2011	10.50	10.65	10.09	10.50	534815	5816553.000
12/23/2011	10.50	10.77	10.33	10.63	312695	3481914.000
12/26/2011	10.50	10.87	10.50	10.62	151414	1692513.625
12/27/2011	10.55	10.80	10.24	10.42	397842	4341032.000
12/28/2011	10.41	10.47	10.10	10.25	743065	8006759.000
12/29/2011	10.30	10.50	10.06	10.34	247760	2689120.500
12/30/2011	10.47	11.42	10.34	11.10	556866	6223389.000
01/04/2012	10.90	11.01	10.58	10.60	412702	4656116.000
01/05/2012	10.50	10.67	10.06	10.22	517972	5578240.000
01/06/2012	9.61	10.10	9.61	10.09	605789	6314422.500
01/10/2012	10.48	10.84	10.30	10.79	1056969	11788734.000
01/11/2012	10.62	10.90	10.56	10.74	976164	10960795.000
01/12/2012	10.69	10.83	10.62	10.74	529705	5950299.000
01/13/2012	10.82	10.82	10.00	10.18	768560	8280998.500
01/16/2012	10.00	10.00	9.39	9.45	709548	7207525.000
01/17/2012	9.40	9.88	9.26	9.79	789955	8025169.500
01/18/2012	9.80	10.00	9.21	9.28	905644	9204496.000
01/19/2012	9.34	9.55	9.13	9.47	759867	7483930.000
01/20/2012	9.54	9.70	9.46	9.65	851094	8591262.000
01/30/2012	9.65	9.79	9.56	9.63	960183	9780096.000
01/31/2012	9.54	9.62	9.27	9.45	819401	8115130.500
02/01/2012	9.45	9.66	9.39	9.46	443820	4453377.000
02/02/2012	9.45	9.68	9.44	9.63	918871	9199893.000
02/03/2012	9.58	9.99	9.58	9.86	1366087	14050069.000
02/06/2012	9.96	10.06	9.80	10.01	1413315	14774484.000
02/07/2012	9.98	9.98	9.64	9.71	925374	9474769.000
02/08/2012	9.65	10.02	9.62	10.01	865586	8989173.000
02/09/2012	10.08	10.21	9.97	10.10	1255771	13332462.000
02/10/2012	10.07	10.25	10.01	10.10	787767	8373029.000
02/13/2012	10.02	10.32	9.96	10.28	1016446	10883414.000
02/14/2012	10.28	10.33	10.15	10.25	888562	9521838.000
02/15/2012	10.27	10.52	10.15	10.52	1613491	17561950.000
02/16/2012	10.53	10.58	10.29	10.46	1335845	14623607.000
02/17/2012	10.46	10.52	10.19	10.36	905346	9817638.000
02/20/2012	10.54	10.57	10.34	10.37	1162087	12750189.000
02/21/2012	10.37	10.56	10.25	10.54	838391	9145293.000
02/22/2012	10.54	10.88	10.50	10.84	1668475	18768186.000
02/23/2012	10.83	10.95	10.71	10.90	2122679	24076454.000
02/24/2012	10.93	11.22	10.93	11.11	2058187	23841864.000
02/27/2012	11.08	11.28	10.95	10.96	2031210	23423482.000
02/28/2012	10.96	10.99	10.67	10.79	1484998	16782250.000
02/29/2012	10.90	11.05	10.61	10.80	1024263	11621177.000
03/01/2012	10.86	10.95	10.75	10.89	641974	7287133.500
03/02/2012	10.92	11.15	10.88	11.13	1528073	17592244.000
03/05/2012	11.10	11.19	10.90	10.95	2043127	23485724.000
03/06/2012	10.90	10.94	10.64	10.72	951619	10682046.000
03/07/2012	10.58	10.76	10.56	10.65	789328	8806533.000
03/08/2012	10.65	11.02	10.65	11.02	1353830	15383400.000
03/09/2012	11.08	11.16	10.94	11.16	1432132	16609172.000
03/12/2012	11.16	11.30	10.94	11.24	2079778	24167000.000
03/13/2012	11.20	11.29	11.12	11.23	1250978	14661850.000
03/14/2012	11.30	11.44	10.61	10.69	2213588	25769854.000
03/15/2012	10.66	10.77	10.32	10.47	994289	10959908.000
03/16/2012	10.45	10.85	10.45	10.84	857111	9540837.000
03/19/2012	10.84	10.99	10.75	10.97	759005	8638577.000
03/20/2012	10.91	11.04	10.45	10.65	1014302	11281541.000
03/21/2012	10.61	10.70	10.32	10.51	767770	8438712.000
03/22/2012	10.51	10.65	10.45	10.57	450700	4975399.000
03/23/2012	10.50	10.55	10.21	10.36	867050	9429911.000
03/27/2012	10.38	10.47	10.15	10.20	839726	9088792.000
03/28/2012	10.20	10.20	9.58	9.73	972890	10024029.000
03/29/2012	9.58	9.68	9.33	9.40	1102993	10993278.000
03/30/2012	9.50	9.50	9.21	9.36	638654	6296462.000
04/05/2012	9.36	9.68	9.32	9.65	1268510	12777979.000
04/06/2012	9.65	9.74	9.57	9.65	529489	5377584.000
04/09/2012	9.63	9.73	9.48	9.58	471867	4787340.000
04/10/2012	9.51	9.78	9.38	9.74	553506	5558741.500
04/11/2012	9.74	9.90	9.45	9.80	1002973	10328284.000
04/12/2012	9.80	10.02	9.75	10.00	1026335	10694282.000
04/13/2012	10.09	10.13	9.92	10.00	918591	9659240.000
04/16/2012	9.81	10.00	9.81	9.97	491517	5113726.000
04/17/2012	9.90	9.97	9.81	9.90	573716	5951515.500
04/18/2012	10.00	10.13	9.86	10.08	766443	8057990.000
04/19/2012	10.08	10.30	10.03	10.25	1005506	10722716.000
04/20/2012	10.20	10.28	10.13	10.23	677109	7244309.000
04/24/2012	9.82	9.88	9.41	9.77	1639714	16662205.000
04/25/2012	9.76	9.91	9.58	9.86	764089	7814901.000
04/26/2012	9.89	10.00	9.79	9.95	869531	9071453.000
04/27/2012	10.05	10.05	9.89	10.02	727149	7604397.000
05/02/2012	10.18	10.30	10.06	10.19	1362041	14571536.000
05/03/2012	10.20	10.48	10.11	10.47	911470	9832431.000
05/04/2012	10.46	10.50	10.30	10.42	931367	10142775.000
05/07/2012	10.38	10.56	10.31	10.56	872116	9516763.000
05/08/2012	10.56	10.56	10.37	10.46	771970	8457932.000
05/09/2012	10.38	10.38	10.10	10.17	719121	7689624.500
05/10/2012	10.25	10.30	10.14	10.20	350149	3760028.750
05/11/2012	10.20	10.35	10.11	10.11	516122	5537138.500
05/14/2012	10.25	10.25	9.97	10.00	495799	5249853.500
05/15/2012	9.93	9.95	9.76	9.93	491954	5086529.000
05/16/2012	9.89	9.94	9.80	9.89	257109	2668000.750
05/17/2012	9.89	10.07	9.85	10.03	620537	6495934.000
05/18/2012	10.00	10.00	9.68	9.74	496337	5135863.000
05/21/2012	9.78	9.90	9.65	9.82	682611	6964586.500
05/22/2012	9.90	10.05	9.85	9.98	375839	3890358.750
05/23/2012	9.96	10.02	9.76	9.87	275851	2830949.250
05/24/2012	9.81	9.93	9.71	9.77	341521	3495299.500
05/25/2012	9.82	9.84	9.67	9.80	324332	3301875.750
05/28/2012	9.79	9.90	9.53	9.90	425563	4320889.000
05/29/2012	9.94	10.25	9.88	10.23	1115686	11733431.000
05/30/2012	10.23	10.25	10.12	10.25	626755	6642580.500
05/31/2012	10.21	10.36	10.09	10.35	745752	7951121.500
06/01/2012	10.35	10.36	10.16	10.29	631516	6723433.000
06/04/2012	10.04	10.12	9.91	9.99	491000	5106602.000
06/05/2012	9.83	9.97	9.81	9.94	393901	4043395.250
06/06/2012	9.91	9.95	9.81	9.89	172018	1765538.625
06/07/2012	9.99	10.05	9.72	9.89	556202	5707896.500
06/08/2012	9.91	9.99	9.76	9.77	493709	5084699.000
06/11/2012	9.81	10.00	9.74	9.95	322826	3318925.250
06/12/2012	9.89	9.93	9.77	9.90	437906	4488917.000
06/13/2012	9.89	10.05	9.88	10.00	761115	7884627.000
06/14/2012	9.91	10.01	9.87	9.90	477529	4938961.500
06/15/2012	9.90	9.99	9.79	9.92	353830	3636533.750
06/18/2012	9.95	10.08	9.92	10.07	646099	6728298.000
06/19/2012	10.09	10.25	10.06	10.24	1435995	15167769.000
06/20/2012	10.40	10.58	10.21	10.26	1695393	18346436.000
06/21/2012	10.15	10.17	9.86	10.01	974828	10110607.000
06/25/2012	9.91	10.04	9.75	9.77	345800	3545571.500
06/26/2012	9.63	9.76	9.57	9.70	538949	5414436.500
06/27/2012	9.67	9.81	9.62	9.67	309255	3132653.000
06/28/2012	9.76	9.76	9.58	9.58	319348	3210639.000
06/29/2012	9.58	9.73	9.47	9.69	409388	4096964.000
07/02/2012	9.72	9.80	9.70	9.77	314180	3189680.500
07/03/2012	9.77	9.97	9.67	9.86	575621	5901075.000
07/04/2012	9.92	9.92	9.69	9.70	473100	4809173.000
07/05/2012	9.70	9.70	9.32	9.42	695599	6847203.000
07/06/2012	9.42	9.53	9.22	9.50	493717	4827812.500
07/09/2012	9.50	9.50	8.93	9.08	535810	5175637.500
07/10/2012	8.96	9.09	8.92	8.96	248751	2334292.000
07/11/2012	9.05	9.07	8.92	8.95	207507	1945606.375
07/12/2012	9.05	9.05	8.86	9.00	610101	5694567.500
07/13/2012	9.00	9.04	8.86	8.93	295641	2753101.500
07/16/2012	8.82	8.85	8.00	8.00	1210400	10475570.000
07/17/2012	8.00	8.05	7.72	7.84	1687095	13881724.000
07/18/2012	7.76	7.93	7.72	7.90	591231	4852234.000
07/19/2012	7.90	8.08	7.85	7.96	860521	7231764.500
07/20/2012	7.87	7.99	7.80	7.87	492805	4084323.500
07/23/2012	7.77	7.86	7.66	7.78	724098	5880013.500
07/24/2012	7.78	7.95	7.68	7.85	424182	3489481.750
07/25/2012	7.86	7.95	7.75	7.80	390685	3222285.250
07/26/2012	7.83	7.85	7.69	7.70	591777	4820278.000
07/27/2012	7.80	7.80	7.67	7.71	329610	2671773.750
07/30/2012	7.75	7.79	7.46	7.58	626901	5002606.500
07/31/2012	7.55	7.55	7.36	7.42	377852	2959021.750
08/01/2012	7.38	7.60	7.38	7.58	495674	3934019.250
08/02/2012	7.53	7.65	7.48	7.59	306136	2437994.000
08/03/2012	7.60	7.72	7.50	7.72	480491	3859150.250
08/06/2012	7.61	7.88	7.61	7.85	679789	5551650.500
08/07/2012	7.85	7.98	7.80	7.92	895661	7445602.000
08/08/2012	7.89	7.91	7.75	7.81	505633	4165329.000
08/09/2012	7.81	7.99	7.76	7.96	519128	4302180.000
08/10/2012	7.90	8.02	7.87	7.92	535424	4466340.500
08/13/2012	7.93	7.93	7.70	7.75	640676	5255071.500
08/14/2012	7.70	7.78	7.42	7.75	819098	6565849.000
08/15/2012	7.70	7.73	7.58	7.64	445237	3572523.000
08/16/2012	7.54	7.67	7.54	7.63	184502	1479150.250
08/17/2012	7.63	7.70	7.60	7.68	270699	2180576.500
08/20/2012	7.56	7.73	7.56	7.70	413680	3317041.000
08/21/2012	7.72	7.93	7.64	7.87	1048074	8649356.000
08/22/2012	7.90	7.98	7.80	7.84	772148	6412984.000
08/23/2012	7.82	8.09	7.82	8.08	1457143	12180341.000
08/24/2012	8.01	8.20	7.81	7.92	1157088	9735945.000
08/27/2012	7.83	7.90	7.65	7.79	597522	4865315.000
08/28/2012	7.78	7.92	7.67	7.80	558568	4574542.000
08/29/2012	7.80	8.06	7.77	7.93	1201302	10007938.000
08/30/2012	7.91	7.97	7.43	7.65	1098149	8926143.000
08/31/2012	7.65	7.72	7.51	7.68	308739	2476558.750
09/03/2012	7.64	7.79	7.61	7.72	555652	4515269.500
09/04/2012	7.72	7.84	7.66	7.71	685081	5590133.500
09/05/2012	7.71	8.09	7.70	8.04	1815786	15179083.000
09/06/2012	8.01	8.08	7.92	8.08	1460240	12257668.000
09/07/2012	8.16	8.40	8.10	8.27	2694021	23348908.000
09/10/2012	8.23	8.49	8.23	8.36	1781564	15671945.000
09/11/2012	8.37	8.39	8.20	8.30	1275084	11044085.000
09/12/2012	8.32	8.38	8.16	8.34	836789	7253343.000
09/13/2012	8.29	8.34	8.18	8.19	714689	6182236.000
09/14/2012	8.34	8.36	8.05	8.12	875981	7481086.000
09/17/2012	8.21	8.21	7.75	7.90	726202	6064932.000
09/18/2012	7.88	7.90	7.78	7.88	562336	4636139.500
09/19/2012	7.89	7.94	7.83	7.88	383578	3184088.250
09/20/2012	7.83	7.85	7.56	7.56	589049	4762120.000
09/21/2012	7.56	7.65	7.40	7.50	396611	3155380.500
09/24/2012	7.41	7.65	7.40	7.55	294924	2327604.500
09/25/2012	7.58	7.60	7.47	7.57	250221	1989118.500
09/26/2012	7.50	7.55	7.23	7.25	509468	3952132.000
09/27/2012	7.25	7.57	7.21	7.41	611336	4745328.000
09/28/2012	7.39	7.64	7.35	7.59	1071178	8497657.000
10/08/2012	7.55	7.62	7.40	7.49	421509	3329643.250
10/09/2012	7.55	7.71	7.50	7.68	1018507	8194679.000
10/10/2012	7.61	7.80	7.60	7.77	634911	5171550.000
10/11/2012	7.78	7.79	7.58	7.61	840958	6780054.000
10/12/2012	7.64	7.74	7.51	7.58	395299	3154504.000
10/15/2012	7.54	7.57	7.29	7.36	567123	4408198.000
10/16/2012	7.38	7.49	7.32	7.41	315900	2465222.000
10/17/2012	7.44	7.49	7.36	7.43	308341	2414180.750
10/18/2012	7.43	7.63	7.43	7.56	550547	4368843.000
10/19/2012	7.58	7.63	7.56	7.60	373821	2989792.250
10/22/2012	7.53	7.66	7.50	7.62	620206	4955426.000
10/23/2012	7.61	7.69	7.58	7.60	760050	6097457.000
10/24/2012	7.65	7.97	7.60	7.71	2309598	18966782.000
10/25/2012	7.71	7.75	7.61	7.63	1052199	8498999.000
10/26/2012	7.56	7.65	7.16	7.18	1606529	12398596.000
10/29/2012	7.18	7.26	7.15	7.19	525280	3993640.750
10/30/2012	7.25	7.28	7.08	7.14	952570	7198271.500
10/31/2012	7.14	7.16	7.08	7.16	331499	2494710.500
11/01/2012	7.16	7.28	7.13	7.25	814094	6216177.500
11/02/2012	7.28	7.28	7.18	7.21	869342	6620615.500
11/05/2012	7.20	7.25	7.16	7.23	397888	3029900.750
11/06/2012	7.23	7.40	7.19	7.40	1285743	9877215.000
11/07/2012	7.33	7.37	7.26	7.32	623605	4821800.500
11/08/2012	7.28	7.28	7.08	7.09	692900	5240878.000
11/09/2012	7.06	7.13	6.97	6.97	837525	6225687.000
11/12/2012	7.05	7.05	6.97	7.03	280608	2076252.000
11/13/2012	7.01	7.01	6.89	6.89	355723	2608134.250
11/14/2012	6.89	7.01	6.86	6.97	381901	2803066.250
11/15/2012	7.01	7.05	6.79	6.79	407923	2996159.750
11/16/2012	6.80	6.85	6.77	6.84	322000	2322595.000
11/19/2012	6.81	6.98	6.76	6.90	270391	1966994.750
11/20/2012	6.92	6.94	6.78	6.87	301640	2190304.750
11/21/2012	6.93	6.94	6.70	6.86	982559	7070396.000
11/22/2012	6.79	6.85	6.75	6.83	410049	2954513.750
11/23/2012	6.85	6.89	6.75	6.78	513720	3713247.250
11/26/2012	6.78	6.81	6.64	6.64	383600	2724892.000
11/27/2012	6.64	6.68	6.38	6.40	636625	4388830.500
11/28/2012	6.39	6.39	6.26	6.30	528313	3547844.750
11/29/2012	6.30	6.33	6.21	6.22	320539	2139765.250
11/30/2012	6.24	6.33	6.23	6.27	210096	1401598.875
12/03/2012	6.30	6.33	6.03	6.05	243821	1605648.000
12/04/2012	6.10	6.18	5.94	6.18	444636	2865489.750
12/05/2012	6.12	6.52	6.12	6.42	831787	5658672.000
12/06/2012	6.46	6.47	6.35	6.40	265500	1807471.000
12/07/2012	6.42	6.58	6.40	6.55	611092	4221549.000
12/10/2012	6.59	6.65	6.52	6.63	601471	4209973.500
12/11/2012	6.60	6.65	6.54	6.60	491484	3447694.250
12/12/2012	6.53	6.62	6.47	6.52	581476	4037000.000
12/13/2012	6.55	6.62	6.43	6.46	449858	3109100.750
12/14/2012	6.45	6.77	6.45	6.74	1020542	7219719.500
12/17/2012	6.70	6.79	6.70	6.76	500930	3580149.250
12/18/2012	6.68	6.85	6.64	6.69	892073	6370625.000
12/19/2012	6.70	6.77	6.65	6.76	501572	3577816.500
12/20/2012	6.78	6.80	6.67	6.78	512844	3667619.000
12/21/2012	6.78	6.86	6.71	6.82	745235	5365781.500
12/24/2012	6.99	7.28	6.97	7.02	3168213	23792514.000
12/25/2012	6.93	7.18	6.88	7.13	2170934	16183677.000
12/26/2012	7.10	7.50	7.05	7.45	2829215	21733424.000
12/27/2012	7.44	7.47	7.23	7.23	1982708	15305680.000
12/28/2012	7.23	7.45	7.12	7.35	1465516	11294884.000
12/31/2012	7.33	7.58	7.29	7.50	1636431	12876307.000
01/04/2013	7.57	7.57	7.26	7.35	1625348	12604949.000
01/07/2013	7.32	7.43	7.23	7.40	909910	7054146.000
01/08/2013	7.42	7.55	7.32	7.50	1705431	13393452.000
01/09/2013	7.48	7.62	7.42	7.54	1337069	10615097.000
01/10/2013	7.51	7.64	7.43	7.54	1614649	12813605.000
01/11/2013	7.56	7.56	7.32	7.32	1280455	10056358.000
01/14/2013	7.25	7.64	7.25	7.63	2174897	17175610.000
01/15/2013	7.70	7.91	7.63	7.84	2469623	20246342.000
01/16/2013	7.90	7.90	7.58	7.65	2352112	19052498.000
01/17/2013	7.62	7.76	7.54	7.57	1127461	9057680.000
01/18/2013	7.51	7.66	7.42	7.60	1762933	14004490.000
01/21/2013	7.60	7.71	7.53	7.69	1454850	11653239.000
01/22/2013	7.65	7.72	7.48	7.50	1075027	8587830.000
01/23/2013	7.44	7.51	7.27	7.41	1130006	8781600.000
01/24/2013	7.41	7.52	7.11	7.15	1388510	10734402.000
01/25/2013	7.15	7.23	7.11	7.16	483280	3659995.000
01/28/2013	7.16	7.38	7.13	7.36	690478	5285160.000
01/29/2013	7.35	7.53	7.30	7.50	994920	7823905.000
01/30/2013	7.55	7.55	7.36	7.45	732208	5737399.500
01/31/2013	7.44	7.48	7.31	7.42	728557	5659669.000
02/01/2013	7.42	7.64	7.34	7.62	1200585	9485110.000
02/04/2013	7.61	7.76	7.56	7.75	2280839	18405960.000
02/05/2013	7.76	8.09	7.69	8.08	3165085	26378056.000
02/06/2013	8.04	8.23	7.95	8.11	1885902	16054403.000
02/07/2013	8.11	8.31	8.01	8.31	1654855	14244218.000
02/08/2013	8.37	8.37	8.23	8.31	1177320	10258720.000
02/18/2013	8.40	8.52	8.24	8.52	1450781	12800197.000
02/19/2013	8.45	8.58	8.13	8.17	1514908	13329599.000
02/20/2013	8.13	8.37	8.10	8.27	894863	7746420.000
02/21/2013	8.23	8.26	7.97	8.10	1324885	11231919.000
02/22/2013	8.09	8.12	8.00	8.02	563892	4763831.500
02/25/2013	8.14	8.18	8.04	8.15	586014	4993098.500
02/26/2013	8.28	8.87	8.22	8.43	2685377	23913976.000
02/27/2013	8.40	8.69	8.28	8.61	2167890	19279460.000
02/28/2013	8.54	8.69	8.40	8.65	1607930	14407923.000
03/01/2013	8.70	8.96	8.70	8.93	2886276	26667618.000
03/04/2013	8.84	8.96	8.45	8.48	1992001	18112266.000
03/05/2013	8.48	8.58	8.35	8.55	1301577	11544354.000
03/06/2013	8.53	8.69	8.48	8.54	1657548	14859866.000
03/07/2013	8.50	8.50	8.15	8.20	2327430	20227718.000
03/08/2013	8.23	8.40	8.05	8.12	987728	8485153.000
03/11/2013	8.18	8.34	8.16	8.24	1086315	9398700.000
03/12/2013	8.18	8.26	7.66	7.82	1574095	13136524.000
03/13/2013	7.82	7.88	7.67	7.88	626015	5106211.500
03/14/2013	7.88	7.95	7.73	7.78	646102	5324677.500
03/15/2013	7.80	8.00	7.70	7.81	812688	6719140.000
03/18/2013	7.81	7.81	7.70	7.71	318675	2593167.000
03/19/2013	7.71	7.81	7.49	7.55	1042724	8309742.000
03/20/2013	7.58	7.82	7.53	7.82	896196	7258529.000
03/21/2013	7.90	8.08	7.90	7.99	1397936	11747398.000
03/22/2013	7.92	8.07	7.92	8.06	687453	5779397.000
03/25/2013	8.05	8.06	7.71	7.85	1391513	11499660.000
03/26/2013	7.80	7.82	7.58	7.60	1442339	11581644.000
03/27/2013	7.59	7.71	7.55	7.62	617501	4954137.500
03/28/2013	7.60	7.60	7.27	7.28	1245217	9680888.000
03/29/2013	7.30	7.46	7.28	7.38	786555	6120139.000
04/01/2013	7.41	7.46	7.33	7.42	521861	4070232.250
04/02/2013	7.41	7.47	7.25	7.32	639297	4959731.000
04/03/2013	7.35	7.35	7.17	7.27	463001	3534768.500
04/08/2013	7.11	7.35	7.01	7.31	458492	3471690.750
04/09/2013	7.33	7.41	7.26	7.33	445202	3444078.250
04/10/2013	7.35	7.37	7.20	7.33	309905	2386153.750
04/11/2013	7.35	7.41	7.33	7.37	416152	3231081.750
04/12/2013	7.31	7.40	7.12	7.21	358202	2742814.750
04/15/2013	7.13	7.19	7.03	7.04	350331	2629295.500
04/16/2013	6.95	7.21	6.93	7.20	466005	3487779.500
04/17/2013	7.20	7.25	7.15	7.25	224577	1709174.000
04/18/2013	7.24	7.29	7.17	7.29	320024	2444105.750
04/19/2013	7.25	7.44	7.25	7.37	821941	6397557.500
04/22/2013	7.36	7.44	7.31	7.37	585226	4543315.500
04/23/2013	7.37	7.40	7.04	7.06	832784	6318515.500
04/24/2013	7.06	7.26	7.02	7.21	550387	4163636.250
04/25/2013	7.11	7.68	7.11	7.48	3782307	29707960.000
04/26/2013	7.51	7.70	7.45	7.64	4499956	35945676.000
05/02/2013	7.65	7.72	7.47	7.60	3179659	25394332.000
05/03/2013	7.68	7.88	7.60	7.71	3920800	31935424.000
05/06/2013	7.74	8.00	7.71	7.85	3322244	27504604.000
05/07/2013	7.88	7.97	7.77	7.83	2348247	19330600.000
05/08/2013	7.85	7.99	7.78	7.81	3214137	26568962.000
05/09/2013	7.83	8.04	7.71	7.96	3865382	32146740.000
05/10/2013	7.96	8.32	7.94	8.07	4386640	37468872.000
05/13/2013	8.11	8.25	8.01	8.20	2844963	24236084.000
05/14/2013	8.24	8.39	8.07	8.10	3185737	27422106.000
05/15/2013	8.16	8.43	8.05	8.40	4003570	34800888.000
05/16/2013	8.38	8.63	8.20	8.23	5880306	51754592.000
05/17/2013	8.20	8.45	8.11	8.33	3938360	34211624.000
05/20/2013	8.34	8.55	8.32	8.54	3081113	27257582.000
05/21/2013	8.60	8.65	8.42	8.58	3477202	31018728.000
05/22/2013	8.59	8.61	8.27	8.33	3662217	32203990.000
05/23/2013	8.30	8.48	8.24	8.33	2529485	22160946.000
05/24/2013	8.30	8.55	8.28	8.54	2881509	25442180.000
05/27/2013	8.57	8.81	8.51	8.77	3823362	34742968.000
05/28/2013	8.76	8.76	8.48	8.60	3316817	29837204.000
05/29/2013	8.61	8.69	8.50	8.61	1885592	16958606.000
05/30/2013	8.61	8.73	8.55	8.72	1954739	17716904.000
05/31/2013	8.72	8.78	8.60	8.64	1721800	15600169.000
06/03/2013	8.62	8.65	8.21	8.21	2694188	23929464.000
06/04/2013	8.51	9.06	8.42	8.61	6885239	62769500.000
06/05/2013	8.40	8.60	8.26	8.54	2675626	23571098.000
06/06/2013	8.70	8.80	8.40	8.40	1881645	16879012.000
06/07/2013	8.59	9.26	8.43	9.01	16243055	151010784.000
06/13/2013	8.50	8.55	8.09	8.09	10502268	87586104.000
06/14/2013	8.05	8.25	7.87	8.17	6399337	52964472.000
06/17/2013	8.11	8.19	7.93	8.03	3927092	32439404.000
06/18/2013	8.04	8.28	8.01	8.12	3005948	25052090.000
06/19/2013	8.18	8.18	7.98	8.13	3008250	24895924.000
06/20/2013	8.06	8.08	7.83	7.85	2677395	21853736.000
06/21/2013	7.66	7.80	7.40	7.78	2179830	17067938.000
06/24/2013	7.85	7.85	7.17	7.30	2271113	17382964.000
06/25/2013	7.31	7.35	6.76	7.26	2922462	21267594.000
06/26/2013	7.27	7.46	7.17	7.44	2118515	15953952.000
06/27/2013	7.49	7.59	7.16	7.23	2358141	17939762.000
06/28/2013	7.18	7.40	6.95	7.21	1223848	9080635.000
07/01/2013	7.19	7.49	7.10	7.48	1985017	14985837.000
07/02/2013	7.52	7.69	7.44	7.63	2486463	19357668.000
07/03/2013	7.58	7.74	7.38	7.69	2295171	17811864.000
07/04/2013	7.65	7.83	7.52	7.61	1853478	14669674.000
07/05/2013	7.67	7.70	7.45	7.45	1507941	11708119.000
07/08/2013	7.30	7.52	7.11	7.33	1726371	12952800.000
07/09/2013	7.21	8.08	7.21	7.76	4936265	39400240.000
07/10/2013	7.72	8.00	7.62	7.90	2871684	23058166.000
07/11/2013	7.90	8.13	7.81	8.04	3155987	25927626.000
07/12/2013	8.03	8.18	7.85	7.88	3065934	25194866.000
07/15/2013	8.05	8.69	8.01	8.69	6513721	57093556.000
07/16/2013	9.18	9.58	9.15	9.58	17889795	173031456.000
07/17/2013	9.76	10.16	9.58	9.88	20481044	206293248.000
07/18/2013	9.76	9.76	9.42	9.71	15322625	150839760.000
07/19/2013	9.80	9.97	9.25	9.29	15551256	153946080.000
07/22/2013	9.13	10.24	9.11	10.24	16863986	169972832.000
07/23/2013	10.63	11.28	10.35	11.28	25141537	279252736.000
07/24/2013	11.08	11.68	10.98	11.25	14859382	170276896.000
07/25/2013	11.09	11.25	10.35	10.70	11444120	125783280.000
07/26/2013	10.65	11.79	10.65	11.79	16230014	190911408.000
07/29/2013	12.10	12.37	11.13	11.21	16388430	196939888.000
07/30/2013	11.01	12.35	11.01	12.35	20075280	244376864.000
07/31/2013	12.10	12.25	11.70	12.00	11959488	145157536.000
08/01/2013	11.90	12.55	11.76	12.21	11503906	141572624.000
08/02/2013	12.03	12.48	11.30	11.30	19263472	231444512.000
08/05/2013	11.18	11.45	11.06	11.42	11777897	134493120.000
08/06/2013	11.36	11.85	11.22	11.53	11012819	128845000.000
08/07/2013	11.44	11.55	10.70	10.86	11073088	124096472.000
08/08/2013	10.86	11.15	10.75	10.97	6395928	71480080.000
08/09/2013	11.07	11.07	10.38	10.68	7868403	85947880.000
08/12/2013	10.59	10.87	10.51	10.84	6179400	67352072.000
08/13/2013	10.84	11.04	10.68	10.89	6469373	71902032.000
08/14/2013	11.00	11.01	10.60	10.84	5877394	64725132.000
08/15/2013	10.83	11.29	10.75	11.08	9359377	105826400.000
08/16/2013	10.97	11.45	10.40	10.42	9956220	111720472.000
08/19/2013	10.10	10.68	9.96	10.63	5089453	53733552.000
08/20/2013	10.60	11.00	10.46	10.93	6030829	66076840.000
08/21/2013	10.81	11.00	10.77	10.97	5107853	56661704.000
08/22/2013	10.96	11.09	10.80	11.09	5186395	57925308.000
08/23/2013	11.16	11.25	10.43	10.78	5874541	65213216.000
08/26/2013	10.75	11.03	10.53	11.03	4907240	54023744.000
08/27/2013	10.93	11.05	10.68	10.94	4486687	49605044.000
08/28/2013	10.80	10.83	10.33	10.34	6101011	65645856.000
08/29/2013	10.30	10.44	10.11	10.38	3658265	38369088.000
08/30/2013	10.38	10.42	9.73	9.90	4715205	48369020.000
09/02/2013	9.80	10.13	9.80	10.06	2574430	26273550.000
09/03/2013	10.06	10.34	9.90	10.25	2764595	28701292.000
09/04/2013	10.20	10.25	10.04	10.21	2409350	24898592.000
09/05/2013	10.17	10.46	10.05	10.29	3873006	40587136.000
09/06/2013	10.35	10.80	10.33	10.47	6525219	70364576.000
09/09/2013	10.36	10.45	10.11	10.26	3823609	39830592.000
09/10/2013	10.18	10.42	10.05	10.17	3524735	36733720.000
09/11/2013	10.23	10.30	9.82	9.99	2725817	27724810.000
09/12/2013	9.89	10.14	9.82	9.86	3141752	31848932.000
09/13/2013	9.90	10.08	9.75	10.08	3239367	32884994.000
09/16/2013	10.09	10.26	9.98	10.14	2891462	29980120.000
09/17/2013	10.10	10.14	9.79	9.81	2721999	27519848.000
09/18/2013	9.92	9.92	9.61	9.88	1868308	18617748.000
09/23/2013	9.85	10.26	9.85	10.26	3920771	40564808.000
09/24/2013	10.26	10.59	10.20	10.46	4895169	52069504.000
09/25/2013	10.35	10.54	10.20	10.31	3155174	33312348.000
09/26/2013	10.24	10.76	10.18	10.44	5142960	55162268.000
09/27/2013	10.44	10.54	10.17	10.25	2461318	25893398.000
09/30/2013	10.29	10.55	10.25	10.40	2703867	28747362.000
10/08/2013	10.40	10.69	10.26	10.68	3718184	39863668.000
10/09/2013	10.69	10.77	10.50	10.75	4035168	43862076.000
10/10/2013	10.70	10.70	10.30	10.31	3846844	41082420.000
10/11/2013	10.31	10.42	10.15	10.28	3269796	34239024.000
10/14/2013	10.28	10.39	10.05	10.38	3167735	32895374.000
10/15/2013	10.48	11.20	10.48	11.06	11866739	131420568.000
10/16/2013	10.88	10.99	10.40	10.50	5105635	55470128.000
10/17/2013	10.55	10.74	10.28	10.36	3216264	34453404.000
10/18/2013	10.38	11.42	10.31	11.42	12771904	145211904.000
10/21/2013	11.62	12.23	11.49	11.73	13750742	165432160.000
10/22/2013	11.60	12.18	11.35	11.50	8514442	102121728.000
10/23/2013	11.38	11.78	10.80	11.07	6415652	73329080.000
10/24/2013	11.09	11.16	10.65	10.68	4732802	52197424.000
10/25/2013	10.75	10.83	9.82	9.92	5867746	60944356.000
10/28/2013	9.90	10.03	9.60	9.83	3431832	34201072.000
10/29/2013	9.82	9.89	8.98	9.27	4318233	41563796.000
10/30/2013	9.23	9.42	9.05	9.41	2581803	24495612.000
10/31/2013	9.37	9.48	9.15	9.38	2230119	21317826.000
11/01/2013	9.35	9.70	9.24	9.63	2081729	20262772.000
11/04/2013	9.61	9.66	9.35	9.50	1908657	18526554.000
11/05/2013	9.50	9.69	9.35	9.65	1606554	15617816.000
11/06/2013	9.59	9.76	9.50	9.50	2701571	26588670.000
11/07/2013	9.50	9.50	9.21	9.22	1948623	18531762.000
11/08/2013	9.10	9.25	9.00	9.05	1596281	14833849.000
11/11/2013	8.98	9.20	8.98	9.14	1025971	9559323.000
11/12/2013	9.18	10.07	9.10	10.07	5938564	59328200.000
11/13/2013	9.80	9.98	9.63	9.64	3629881	36336040.000
11/14/2013	9.51	10.39	9.51	10.20	5645732	58496172.000
11/15/2013	10.28	10.75	10.16	10.40	5413774	57600696.000
11/18/2013	10.30	10.60	10.30	10.52	4814636	51184688.000
11/19/2013	10.46	10.83	10.41	10.55	3555100	38489800.000
11/20/2013	10.50	10.65	10.36	10.58	2575253	27575146.000
11/21/2013	10.56	10.67	10.32	10.48	2494390	26727904.000
11/22/2013	10.47	10.50	10.22	10.28	1961119	20650324.000
11/25/2013	10.25	10.82	10.24	10.60	4573968	49386012.000
11/26/2013	10.49	10.75	10.38	10.66	2771921	29830846.000
11/27/2013	10.63	11.03	10.56	10.97	4473211	49738928.000
11/28/2013	10.91	11.11	10.83	10.96	3095996	34571444.000
11/29/2013	10.95	11.37	10.90	11.21	3883498	44276480.000
12/02/2013	10.70	10.70	10.07	10.07	5960628	62251720.000
12/03/2013	9.77	10.07	9.30	9.93	4293254	42501112.000
12/04/2013	9.85	10.22	9.73	9.83	4282063	43639324.000
12/05/2013	9.80	9.95	9.76	9.79	2161561	21667116.000
12/06/2013	9.76	9.90	9.75	9.90	1973610	19774906.000
12/09/2013	9.89	10.12	9.89	10.09	2149911	22008926.000
12/10/2013	10.09	10.15	9.90	9.96	1303309	13294168.000
12/11/2013	9.99	10.19	9.94	10.10	2212178	22749024.000
12/12/2013	10.00	10.25	10.00	10.15	1972415	20446854.000
12/13/2013	10.15	11.01	10.04	10.70	5878428	63797264.000
12/16/2013	10.68	10.91	10.49	10.71	4629012	50492332.000
12/17/2013	10.76	11.80	10.68	11.80	11827928	139612992.000
12/18/2013	12.10	12.10	11.19	11.53	13509464	158478912.000
12/19/2013	11.30	11.58	10.89	10.90	7257228	82340808.000
12/20/2013	10.72	11.36	10.70	10.91	7287859	81955280.000
12/23/2013	10.92	10.95	10.11	10.32	4872218	51707212.000
12/24/2013	10.30	10.76	10.22	10.53	4056169	43542748.000
12/25/2013	10.51	11.09	10.32	11.02	6642340	73455704.000
12/26/2013	10.97	12.14	10.85	12.13	22391470	272428320.000
12/27/2013	11.76	12.48	11.59	12.32	22030105	270236288.000
12/30/2013	12.32	13.57	12.19	13.50	22951314	304999392.000
12/31/2013	13.10	13.14	12.31	12.51	15492928	199463040.000
01/02/2014	12.36	13.22	12.36	12.91	13451291	175926144.000
01/03/2014	12.80	12.94	12.13	12.50	10310711	131342208.000
01/06/2014	12.42	13.03	12.21	12.40	9304259	119175536.000
01/07/2014	12.28	12.75	11.80	12.63	7044789	87961872.000
01/08/2014	12.79	13.79	12.79	13.03	14042317	189808064.000
01/09/2014	12.81	13.46	12.47	12.67	9658346	127979440.000
01/10/2014	12.42	12.78	11.98	12.16	5819676	73079768.000
01/13/2014	12.27	12.56	12.11	12.39	4796960	60172220.000
01/14/2014	12.39	13.56	12.36	13.43	10643161	141857712.000
01/15/2014	13.28	13.98	13.10	13.41	11130231	152785872.000
01/16/2014	13.35	14.25	13.34	13.44	11036592	154272112.000
01/17/2014	13.34	14.17	13.18	13.99	9053352	126820304.000
01/20/2014	13.80	13.99	13.18	13.45	6989327	96015040.000
01/21/2014	13.32	14.29	13.20	14.19	9563710	133965176.000
01/22/2014	14.10	14.46	13.73	14.14	9567466	136884720.000
01/23/2014	14.10	14.25	13.88	13.93	9447879	134543984.000
01/24/2014	13.79	13.95	13.50	13.82	8483647	118085536.000
01/27/2014	13.66	13.95	13.41	13.42	8003386	110936472.000
01/28/2014	13.33	13.68	12.93	13.52	6561856	88900776.000
01/29/2014	13.38	13.74	13.23	13.53	5438308	74270456.000
01/30/2014	13.57	13.65	12.98	13.04	4002102	54122676.000
02/07/2014	12.93	13.58	12.80	13.57	3952786	53577284.000
02/10/2014	13.56	14.19	13.52	14.08	8280863	116804160.000
02/11/2014	14.04	14.51	13.62	13.90	8765776	125253568.000
02/12/2014	13.90	14.15	13.50	14.10	7098910	99718072.000
02/13/2014	13.94	14.05	13.10	13.21	6850800	94656552.000
02/14/2014	13.20	13.47	12.82	13.42	4553157	61264460.000
02/17/2014	13.44	13.90	13.41	13.87	5879687	81384112.000
02/18/2014	13.84	13.87	13.45	13.55	4757503	65944148.000
02/19/2014	13.55	13.63	13.11	13.43	3856998	52295436.000
02/20/2014	13.40	13.43	12.80	12.80	4355491	57601584.000
02/21/2014	12.86	13.05	12.50	12.68	3414268	44332852.000
02/24/2014	12.67	13.03	12.59	12.97	2557330	33306168.000
02/25/2014	13.04	13.40	11.81	11.93	6065706	78661800.000
02/26/2014	11.93	12.01	11.57	11.97	3234876	38858984.000
02/27/2014	12.00	12.22	11.70	11.75	3322723	40525552.000
02/28/2014	11.72	12.15	11.62	12.10	2326617	28126114.000
03/03/2014	12.10	12.34	12.00	12.34	2515927	31150514.000
03/04/2014	12.21	12.22	11.90	12.09	1876145	23024568.000
03/05/2014	12.11	12.52	12.11	12.25	2404525	30084700.000
03/06/2014	12.30	12.51	11.95	12.50	2257142	28056802.000
03/07/2014	12.50	12.58	12.19	12.25	1946135	24512240.000
03/10/2014	12.11	12.11	11.59	11.65	1999624	24058516.000
03/11/2014	11.61	11.88	11.60	11.85	1225950	14626790.000
03/12/2014	11.84	11.94	11.52	11.73	1085055	12971177.000
03/13/2014	11.77	12.04	11.68	11.99	1512945	18323296.000
03/14/2014	11.88	12.19	11.85	11.97	1542472	18827206.000
03/17/2014	12.01	12.45	11.98	12.43	2060132	25743688.000
03/18/2014	12.40	12.55	12.34	12.36	1982188	25043200.000
03/19/2014	12.40	12.47	12.26	12.47	1477836	18612124.000
03/20/2014	12.44	12.55	11.80	11.80	2142682	26515384.000
03/21/2014	11.71	12.31	11.67	12.27	1839086	22396842.000
03/24/2014	12.29	12.36	12.13	12.22	1257823	15662023.000
03/25/2014	12.25	12.68	12.11	12.49	3298614	41876124.000
03/26/2014	12.53	12.58	12.27	12.32	2123453	26788578.000
03/27/2014	12.28	12.31	11.73	11.75	2478834	30140204.000
03/28/2014	11.79	11.89	11.12	11.20	2856816	33239254.000
03/31/2014	11.20	11.32	10.99	11.14	1536244	17403776.000
04/01/2014	11.19	11.35	11.14	11.35	1520502	17451564.000
04/02/2014	11.34	11.34	11.00	11.08	1649551	18607942.000
04/03/2014	11.02	11.28	11.02	11.10	1348224	15311659.000
04/04/2014	11.09	11.32	11.02	11.31	1407275	16056617.000
04/08/2014	11.27	11.52	11.18	11.44	1624191	18791152.000
04/09/2014	11.42	11.68	11.42	11.64	1971751	23266984.000
04/10/2014	11.69	11.79	11.58	11.62	1973873	23437200.000
04/11/2014	11.53	11.55	11.31	11.53	1599928	18625314.000
04/14/2014	11.51	11.72	11.46	11.69	1241950	14696782.000
04/15/2014	11.65	11.75	11.54	11.59	1307183	15462369.000
04/16/2014	11.55	11.72	11.44	11.70	1042935	12287625.000
04/17/2014	11.75	11.78	11.61	11.63	1172895	13932004.000
04/18/2014	11.56	11.75	11.56	11.67	1106704	13128542.000
04/21/2014	11.54	11.69	11.30	11.32	1476984	17302176.000
04/22/2014	11.40	11.40	10.98	11.10	1443084	16388697.000
04/23/2014	11.07	11.18	11.05	11.10	777401	8788130.000
04/24/2014	11.10	11.10	10.87	10.99	1143035	12788561.000
04/25/2014	10.98	11.10	10.76	10.79	1134058	12611970.000
04/28/2014	10.76	10.88	10.48	10.50	1661973	18016554.000
04/29/2014	10.50	10.76	10.44	10.73	1033812	11174418.000
04/30/2014	10.73	10.95	10.70	10.93	1428491	15779471.000
05/05/2014	10.92	11.20	10.84	11.20	2372081	26619486.000
05/06/2014	11.12	11.54	11.09	11.49	2664141	30900852.000
05/07/2014	11.40	11.54	11.33	11.37	1648107	19204166.000
05/08/2014	11.40	11.72	11.40	11.45	1989663	23474160.000
05/09/2014	11.44	11.51	11.20	11.39	1056661	12211418.000
05/12/2014	11.48	11.68	11.40	11.54	1453450	17060082.000
05/13/2014	11.54	11.72	11.43	11.50	1119304	13172411.000
05/14/2014	11.43	11.67	11.32	11.61	951115	11121928.000
05/15/2014	11.55	11.60	11.31	11.34	939149	10939103.000
05/16/2014	11.44	11.44	10.99	11.29	1071823	12167376.000
05/19/2014	11.18	11.32	11.17	11.25	413549	4731527.500
05/20/2014	11.38	11.68	11.38	11.61	1620772	19101874.000
05/21/2014	11.50	12.12	11.47	12.08	2758982	33255930.000
05/22/2014	12.00	12.25	11.93	11.93	1981935	24426818.000
05/23/2014	12.03	12.66	11.96	12.58	3760929	46526236.000
05/26/2014	12.71	12.84	12.52	12.76	4025748	51188316.000
05/27/2014	12.72	12.73	12.43	12.62	2134776	26802264.000
05/28/2014	12.62	12.72	12.48	12.64	1949267	24609414.000
05/29/2014	12.73	12.80	12.27	12.28	2041402	25494370.000
05/30/2014	12.23	12.57	12.22	12.51	1675870	20843018.000
06/03/2014	12.52	12.97	12.48	12.51	2670853	33928420.000
06/04/2014	12.43	12.59	12.11	12.46	1470568	18072202.000
06/05/2014	12.28	12.80	12.28	12.78	2529925	31999560.000
06/06/2014	12.85	13.33	12.81	12.95	5722027	74714120.000
06/09/2014	12.84	13.21	12.80	12.83	2650606	34504016.000
06/10/2014	12.81	13.17	12.65	13.05	3148490	40789424.000
06/11/2014	13.09	13.57	12.91	13.57	4875873	64544992.000
06/12/2014	13.80	13.90	13.22	13.23	5495313	74217072.000
06/13/2014	13.10	13.43	12.95	13.36	4059839	53662852.000
06/16/2014	13.29	13.47	13.21	13.27	2520568	33631692.000
06/17/2014	13.30	13.55	13.07	13.24	2594353	34520836.000
06/18/2014	13.24	13.41	12.82	12.87	2671594	34886636.000
06/19/2014	12.81	12.92	12.11	12.30	3155717	39549548.000
06/20/2014	12.30	12.44	12.18	12.39	1704630	21001772.000
06/23/2014	12.44	12.80	12.38	12.76	2388046	30217604.000
06/24/2014	12.69	13.27	12.69	12.95	2498354	32458666.000
06/25/2014	12.91	13.13	12.88	13.00	1746113	22653814.000
06/26/2014	13.19	13.88	13.19	13.70	7523519	102767240.000
06/27/2014	13.56	14.11	13.56	13.96	6400168	88919704.000
06/30/2014	13.90	14.30	13.68	14.25	5411507	75898192.000
07/01/2014	14.25	14.25	13.80	13.91	4640195	64817788.000
07/02/2014	13.90	14.50	13.73	14.02	5637350	79412720.000
07/03/2014	13.89	14.12	13.70	13.79	4013234	55813380.000
07/04/2014	13.86	14.34	13.82	13.86	5190267	72846032.000
07/07/2014	13.90	14.25	13.62	14.25	5691869	79294712.000
07/08/2014	14.18	14.80	13.93	14.62	7233084	104158952.000
07/09/2014	14.55	14.67	13.90	13.96	5567662	79753488.000
07/10/2014	13.91	14.17	13.90	14.00	3016232	42314580.000
07/11/2014	13.87	14.18	13.85	13.99	3176227	44418820.000
07/14/2014	13.88	14.26	13.83	14.24	3172812	44649272.000
07/15/2014	14.15	14.27	13.71	13.84	3793532	52874816.000
07/16/2014	13.70	13.94	13.43	13.48	3055179	41637360.000
07/17/2014	13.45	13.58	13.36	13.55	1834312	24737090.000
07/18/2014	13.57	13.74	13.45	13.56	1488422	20251902.000
07/21/2014	13.50	13.59	13.20	13.41	1444654	19273072.000
07/22/2014	13.36	13.65	13.36	13.61	1829090	24811022.000
07/23/2014	13.60	13.68	12.86	13.01	3182199	41997128.000
07/24/2014	12.98	13.13	12.86	13.11	1704266	22175210.000
07/25/2014	13.13	13.24	12.97	13.11	1857487	24317622.000
07/28/2014	13.11	13.39	13.05	13.35	2039290	26990794.000
07/29/2014	13.37	13.45	13.26	13.36	1987116	26584512.000
07/30/2014	13.39	13.52	13.32	13.43	1883465	25284272.000
07/31/2014	13.37	13.51	13.36	13.51	2026417	27242354.000
08/01/2014	13.51	13.61	13.14	13.17	3111019	41647412.000
08/04/2014	13.29	13.38	13.18	13.33	1228074	16308969.000
08/05/2014	13.35	13.86	13.33	13.80	4334484	59250396.000
08/06/2014	13.80	14.09	13.73	14.08	5199650	72427928.000
08/07/2014	14.09	14.68	14.09	14.19	6730560	96803224.000
08/08/2014	14.18	14.47	14.11	14.26	2928211	41846332.000
08/11/2014	14.30	14.45	14.16	14.30	3001566	42881376.000
08/12/2014	14.27	14.75	14.27	14.60	3668502	53451328.000
08/13/2014	14.49	14.65	14.05	14.49	3684051	52830176.000
08/14/2014	14.47	14.56	14.22	14.22	2480428	35705684.000
08/15/2014	14.30	14.49	14.16	14.40	1828684	26220920.000
08/18/2014	14.41	14.98	14.30	14.91	4252736	62451064.000
08/19/2014	14.93	15.30	14.57	14.78	3644709	54443092.000
08/20/2014	14.73	14.83	14.58	14.71	2669287	39225312.000
08/21/2014	14.78	15.17	14.62	15.14	3562210	52881860.000
08/22/2014	15.16	15.37	14.90	15.13	3790685	57234396.000
08/25/2014	15.02	15.14	14.70	14.70	2903991	43196668.000
08/26/2014	14.75	15.01	14.40	14.41	2627819	38711752.000
08/27/2014	14.42	14.65	14.36	14.45	1638530	23764910.000
08/28/2014	14.50	14.55	14.31	14.36	1501082	21654682.000
08/29/2014	14.36	14.63	14.26	14.63	1550629	22446812.000
09/01/2014	14.70	14.98	14.65	14.98	2790687	41395416.000
09/02/2014	14.99	15.17	14.90	15.12	3343962	50339904.000
09/03/2014	15.09	15.27	14.85	15.14	4386050	66063608.000
09/04/2014	15.16	15.25	14.92	15.19	3572825	54033616.000
09/05/2014	15.19	15.26	15.10	15.19	2410532	36529040.000
09/09/2014	15.28	15.63	15.24	15.44	3525925	54522596.000
09/10/2014	15.34	15.64	15.20	15.44	2637695	40770896.000
09/11/2014	15.44	15.76	15.11	15.21	4202569	64819540.000
09/12/2014	15.15	15.49	15.15	15.49	2382380	36532512.000
09/15/2014	15.59	16.25	15.58	16.19	5498389	87702928.000
09/16/2014	16.10	16.14	15.25	15.39	5106279	80749296.000
09/17/2014	15.39	15.70	15.23	15.70	2847164	44091160.000
09/18/2014	15.60	15.94	15.49	15.80	2818637	44294120.000
09/19/2014	15.80	15.83	15.44	15.75	2459537	38499180.000
09/22/2014	15.71	15.71	15.16	15.16	2762770	42233924.000
09/23/2014	15.16	15.60	15.11	15.60	2691929	41367004.000
09/24/2014	15.48	15.86	15.43	15.75	2738943	43037344.000
09/25/2014	15.71	16.08	15.71	15.76	4653975	73992008.000
09/26/2014	15.61	16.24	15.61	16.22	3431918	54938976.000
09/29/2014	16.25	16.47	16.12	16.40	3873137	63229112.000
09/30/2014	16.35	16.48	16.16	16.30	2275986	37073784.000
10/08/2014	16.18	16.36	16.11	16.33	1998461	32485904.000
10/09/2014	16.33	16.51	15.92	16.14	3388226	54832600.000
10/10/2014	16.14	16.15	15.86	16.10	3253700	52052836.000
10/13/2014	15.93	16.00	15.51	15.91	2554500	40143692.000
10/14/2014	15.87	16.03	15.55	15.61	2614792	41297284.000
10/15/2014	15.68	16.20	15.52	16.14	4034720	63808188.000
10/16/2014	16.01	16.18	15.48	15.48	3023345	48074996.000
10/17/2014	15.45	15.55	14.78	15.02	4798899	72404752.000
10/20/2014	15.05	15.28	15.05	15.23	1697409	25795910.000
10/21/2014	15.28	15.32	14.90	14.99	2033223	30750618.000
10/22/2014	15.02	15.26	14.94	14.98	2012998	30413188.000
10/23/2014	14.99	15.09	14.52	14.78	2375446	35015584.000
10/24/2014	14.62	15.02	14.62	14.92	1713065	25522132.000
10/27/2014	14.97	15.41	14.89	15.35	2777985	42352376.000
10/28/2014	15.36	15.66	15.27	15.64	3535249	54805664.000
10/29/2014	15.65	15.90	15.53	15.78	2809314	44118896.000
10/30/2014	15.79	15.91	15.57	15.68	2720823	42858956.000
10/31/2014	15.69	15.79	15.36	15.58	2855504	44256468.000
数据来源:通达信
