300134 大富科技 日线
      日期	    开盘	    最高	    最低	    收盘	    成交量	    成交额
10/26/2010	21.74	22.57	20.76	20.85	20863835	1124630912.000
10/27/2010	20.90	20.90	20.12	20.19	7689879	399478592.000
10/28/2010	20.30	21.03	20.29	20.73	5601509	293668928.000
10/29/2010	20.90	22.29	20.70	21.83	8250104	447999552.000
11/01/2010	22.57	23.61	22.20	22.97	8593370	493200384.000
11/02/2010	22.95	23.07	21.87	22.15	7000670	396451296.000
11/03/2010	21.82	22.57	21.46	21.62	4055459	225108320.000
11/04/2010	21.65	22.15	21.61	22.07	2892785	160051296.000
11/05/2010	22.15	22.65	21.89	22.33	3439417	193092576.000
11/08/2010	22.60	23.90	22.45	23.85	5826964	341732896.000
11/09/2010	23.59	25.04	23.40	23.78	5698395	347079936.000
11/10/2010	23.85	24.95	23.62	24.85	3917058	240665296.000
11/11/2010	24.88	25.89	24.51	24.57	3884848	248155472.000
11/12/2010	24.28	25.26	23.41	23.74	3695144	224755088.000
11/16/2010	25.25	25.87	24.24	24.40	5260593	331698720.000
11/17/2010	24.01	24.82	23.05	23.24	3097440	187210144.000
11/18/2010	23.74	23.86	22.99	23.54	2103841	124285432.000
11/19/2010	23.60	24.95	23.60	24.95	2750259	168735712.000
11/22/2010	25.03	26.53	25.03	25.76	3352374	217467552.000
11/23/2010	25.53	26.11	25.10	25.93	3503610	225426224.000
11/24/2010	25.84	26.81	25.70	26.65	2106108	138862048.000
11/25/2010	26.53	26.59	25.98	26.50	2282766	150100128.000
11/26/2010	26.53	27.09	26.33	26.97	1642632	110417256.000
11/29/2010	26.92	27.06	26.35	26.69	1457213	97478152.000
11/30/2010	26.64	26.65	24.95	25.67	2146684	138358848.000
12/01/2010	25.49	26.15	25.35	25.68	785709	50825560.000
12/02/2010	26.03	26.10	24.99	25.45	1247295	79701208.000
12/03/2010	25.33	25.39	24.87	25.22	1031998	65190636.000
12/06/2010	25.28	25.46	23.95	24.10	1112373	68473400.000
12/07/2010	24.04	24.57	23.66	24.49	826584	50457180.000
12/08/2010	24.51	24.74	23.78	23.87	833156	50908484.000
12/09/2010	23.78	24.48	23.47	23.90	678503	40813532.000
12/10/2010	23.78	24.65	23.65	24.59	752342	46165612.000
12/13/2010	24.90	25.69	24.69	25.45	1248505	79168824.000
12/14/2010	25.29	25.81	25.24	25.59	907228	58120328.000
12/15/2010	25.59	25.70	25.00	25.02	737243	47014840.000
12/16/2010	24.95	25.60	24.95	25.20	558417	35566620.000
12/17/2010	27.02	27.83	26.11	27.48	4798320	326096448.000
12/20/2010	27.24	28.43	26.74	28.28	3780874	260411680.000
12/21/2010	28.14	28.51	27.62	27.90	1625210	113640096.000
12/22/2010	28.08	28.28	27.58	27.79	1159850	81063800.000
12/23/2010	27.72	27.99	26.66	26.78	1556208	105858768.000
12/24/2010	26.61	26.82	25.90	26.07	915222	60392740.000
12/27/2010	26.47	26.90	24.99	25.02	1143584	74910128.000
12/28/2010	24.99	25.45	24.52	25.05	843574	52788552.000
12/29/2010	25.05	25.66	25.03	25.63	728887	46394288.000
12/30/2010	25.55	25.98	25.28	25.85	763744	49243432.000
12/31/2010	25.99	26.45	25.70	26.32	764007	50198700.000
01/04/2011	28.38	29.07	28.38	29.07	2123495	153470944.000
01/05/2011	29.57	29.79	28.56	29.24	3196524	233540640.000
01/06/2011	29.02	30.28	28.85	29.23	2345695	174324112.000
01/07/2011	29.05	29.40	27.57	27.83	1636561	116487136.000
01/10/2011	27.75	28.97	27.53	27.99	1465432	103607136.000
01/11/2011	27.95	29.07	27.75	28.67	1308877	93139456.000
01/12/2011	28.68	29.78	28.24	29.35	1316982	95464448.000
01/13/2011	29.78	29.78	28.26	28.35	1040321	74808136.000
01/14/2011	28.19	28.19	26.45	27.17	1720164	116659456.000
01/17/2011	26.71	27.63	25.57	25.82	1529357	101604184.000
01/18/2011	25.90	26.20	25.19	25.78	792251	51259656.000
01/19/2011	25.81	26.18	25.00	25.99	1406030	90627912.000
01/20/2011	25.95	27.52	25.91	26.40	2179695	146542496.000
01/21/2011	26.13	28.09	26.13	27.74	1933543	130666456.000
01/24/2011	27.70	28.25	24.85	24.85	2649528	176278736.000
01/25/2011	24.30	24.63	23.32	24.13	1834126	110353896.000
01/26/2011	23.20	25.20	22.65	25.02	4262205	252002624.000
01/27/2011	24.30	26.53	23.87	26.17	2984945	189286288.000
01/28/2011	25.93	27.32	25.30	27.24	3529822	231447648.000
01/31/2011	24.82	26.60	24.81	25.88	5399201	345766400.000
02/01/2011	25.61	25.90	23.82	24.85	2645629	166511104.000
02/09/2011	24.29	25.02	24.29	24.52	1476453	91426512.000
02/10/2011	24.56	25.39	24.40	25.18	1525204	95529856.000
02/11/2011	25.18	25.41	24.76	24.94	1880950	118198968.000
02/14/2011	24.95	26.27	24.95	26.13	3041262	196947072.000
02/15/2011	26.24	26.57	25.79	26.05	1960299	128676520.000
02/16/2011	26.04	26.91	25.87	26.73	2085378	138922848.000
02/17/2011	26.83	27.07	26.06	26.56	1981421	131291528.000
02/21/2011	26.23	28.23	26.12	27.83	2596087	177052624.000
02/22/2011	27.68	28.19	27.15	27.35	2282031	157727168.000
02/23/2011	27.28	28.26	27.24	27.59	1812520	125939528.000
02/24/2011	27.59	27.59	26.32	26.37	2048511	137326560.000
02/25/2011	26.40	26.40	25.51	25.88	1201213	78183272.000
02/28/2011	25.82	26.56	25.82	26.44	737588	48605348.000
03/01/2011	26.44	26.63	26.15	26.32	907649	60174012.000
03/02/2011	26.15	26.15	25.40	25.65	1086613	69881424.000
03/03/2011	25.66	25.81	24.86	25.08	810968	51427840.000
03/04/2011	25.08	25.52	25.08	25.32	547833	34849496.000
03/07/2011	25.61	25.90	25.32	25.50	863349	55380024.000
03/08/2011	25.63	26.45	25.49	26.30	1083589	71022904.000
03/09/2011	26.61	26.61	26.03	26.42	1087651	71667088.000
03/10/2011	26.43	26.86	26.43	26.62	1041351	69568360.000
03/11/2011	26.64	26.85	26.33	26.80	1624597	108515864.000
03/14/2011	27.01	27.51	26.86	27.17	1793649	122205240.000
03/15/2011	26.88	27.04	25.38	26.13	1640909	105022328.000
03/16/2011	26.00	26.18	25.59	26.08	1190584	75953840.000
03/17/2011	26.16	26.16	25.50	25.54	797997	50514932.000
03/18/2011	25.58	25.91	25.55	25.67	417059	26376100.000
03/21/2011	25.60	25.76	25.31	25.33	731298	45858756.000
03/22/2011	25.29	25.53	25.03	25.31	636471	39449008.000
03/23/2011	25.38	26.18	25.13	26.01	1009372	63922228.000
03/24/2011	26.01	26.06	25.65	25.73	441226	28075766.000
03/25/2011	25.71	25.90	25.59	25.63	558942	35348640.000
03/28/2011	25.63	25.71	24.62	25.04	1303122	80264248.000
03/29/2011	24.75	24.84	24.33	24.53	854857	51499520.000
03/30/2011	24.35	24.45	23.92	24.14	918843	54631788.000
04/01/2011	24.13	24.60	24.13	24.60	494126	29682832.000
04/06/2011	24.38	24.67	23.71	23.79	776372	45939644.000
04/07/2011	24.25	25.42	24.16	25.17	1558518	96146544.000
04/08/2011	25.08	25.64	24.96	25.45	807431	50570984.000
04/11/2011	25.45	25.99	25.34	25.38	794119	50084144.000
04/12/2011	25.40	25.70	25.29	25.38	523207	32765200.000
04/13/2011	25.31	25.67	25.08	25.60	638722	39936048.000
04/14/2011	25.51	25.68	25.21	25.29	605657	37840268.000
04/15/2011	25.30	25.30	24.55	24.92	552422	33915456.000
04/18/2011	24.92	25.53	24.88	25.23	548913	34158964.000
04/19/2011	25.08	25.28	24.68	24.79	755399	46252972.000
04/20/2011	25.13	26.00	25.08	25.70	1264016	79805272.000
04/21/2011	25.87	26.82	25.80	26.48	1964680	127845072.000
04/22/2011	26.48	26.71	26.08	26.37	727054	46979096.000
04/25/2011	26.41	26.41	25.53	25.56	785532	49880920.000
04/26/2011	25.38	25.85	25.25	25.50	612716	38551284.000
04/27/2011	25.53	25.88	24.94	25.00	519344	32356284.000
04/28/2011	25.17	25.38	24.88	24.90	689168	42611100.000
04/29/2011	24.67	25.02	23.92	24.94	672137	40714680.000
05/03/2011	24.92	24.93	24.36	24.93	352787	21481480.000
05/04/2011	24.55	24.91	24.25	24.44	712900	43163312.000
05/05/2011	24.43	25.10	24.21	24.83	401725	24559024.000
05/06/2011	24.63	25.62	24.54	25.41	563273	35102532.000
05/09/2011	25.56	25.68	25.21	25.50	363104	22777590.000
05/10/2011	25.54	25.77	25.36	25.58	448883	28319622.000
05/11/2011	25.50	25.63	25.17	25.51	370024	23176232.000
05/12/2011	25.38	25.44	24.88	24.91	264774	16485251.000
05/13/2011	25.04	25.16	24.20	24.53	687802	41491756.000
05/16/2011	24.48	24.70	24.40	24.43	274264	16571837.000
05/17/2011	24.44	24.74	24.26	24.55	253500	15293573.000
05/18/2011	24.37	24.73	24.37	24.71	178568	10853182.000
05/19/2011	24.77	24.93	24.54	24.55	153050	9311230.000
05/20/2011	24.56	24.57	24.17	24.17	328221	19668098.000
05/23/2011	24.22	24.22	23.46	23.50	617234	36002888.000
05/24/2011	23.23	24.56	23.18	23.99	738136	43253892.000
05/25/2011	23.90	24.06	22.92	22.94	458242	26369986.000
05/26/2011	23.09	23.40	22.23	22.49	604927	33828900.000
05/27/2011	22.65	22.72	21.78	21.79	553519	30124660.000
05/30/2011	21.79	22.24	21.75	21.83	344044	18759004.000
05/31/2011	21.82	22.33	21.55	22.29	410337	22298810.000
06/01/2011	22.29	22.37	22.17	22.25	282895	15558521.000
06/02/2011	22.03	22.16	21.58	21.79	292036	15744840.000
06/03/2011	21.83	22.80	21.83	22.34	938246	52189832.000
06/07/2011	22.25	22.50	22.17	22.39	263932	14589886.000
06/08/2011	22.27	22.65	22.04	22.62	372396	20524676.000
06/09/2011	22.33	22.67	22.25	22.53	354306	19663184.000
06/10/2011	22.39	22.74	22.27	22.74	327460	18219030.000
06/13/2011	22.51	22.86	22.38	22.70	165594	9264592.000
06/14/2011	22.74	23.39	22.61	23.21	513576	29181572.000
06/15/2011	23.10	23.33	23.00	23.00	210442	12010096.000
06/16/2011	22.67	22.99	22.45	22.45	175432	9849780.000
06/17/2011	22.29	22.79	22.14	22.20	151980	8395742.000
06/20/2011	22.15	22.15	21.84	22.02	166437	9058307.000
06/21/2011	22.22	22.53	19.75	20.00	2133890	108134176.000
06/22/2011	19.85	20.16	19.46	19.93	929426	45552760.000
06/23/2011	19.80	20.38	19.46	20.32	844866	41895500.000
06/24/2011	20.25	20.79	20.00	20.68	873838	44333100.000
06/27/2011	20.58	21.08	20.40	20.96	1067340	55188984.000
06/28/2011	20.85	20.96	20.67	20.87	325847	16790828.000
06/29/2011	20.88	21.03	20.46	20.46	459582	23615848.000
06/30/2011	20.46	20.90	20.40	20.77	469535	24109304.000
07/01/2011	20.79	21.21	20.58	21.05	538628	28002778.000
07/04/2011	21.17	21.58	21.08	21.57	689865	36530504.000
07/05/2011	21.57	21.83	21.54	21.74	553949	29695246.000
07/06/2011	21.58	22.17	21.54	22.09	569261	30764024.000
07/07/2011	21.99	23.18	21.99	22.78	993243	55733188.000
07/08/2011	22.68	22.91	22.62	22.68	497023	27899884.000
07/11/2011	22.90	23.04	22.67	23.04	391249	22099920.000
07/12/2011	22.75	23.50	22.60	22.88	719433	41107488.000
07/13/2011	22.91	23.49	22.73	23.31	367023	20964056.000
07/14/2011	23.29	23.95	23.19	23.94	716579	41902516.000
07/15/2011	26.20	26.20	24.84	25.10	3287625	205273664.000
07/18/2011	25.38	26.90	25.38	26.56	2818343	182923248.000
07/19/2011	26.33	26.42	25.88	26.06	1397090	89823280.000
07/20/2011	26.20	26.77	25.28	25.55	1498265	95497192.000
07/21/2011	25.45	25.77	25.17	25.33	1338420	83898008.000
07/22/2011	25.45	25.76	25.07	25.25	1207331	75575648.000
07/25/2011	25.33	25.33	23.96	24.48	1373075	83441168.000
07/26/2011	24.58	25.00	24.19	24.60	624421	38031936.000
07/27/2011	24.67	25.82	24.54	25.72	1434787	89906592.000
07/28/2011	25.39	26.00	25.21	25.96	1037605	65447644.000
07/29/2011	26.15	26.15	25.23	25.26	729285	45949660.000
08/01/2011	25.27	25.79	25.21	25.35	615577	38554532.000
08/02/2011	25.37	25.37	24.05	25.08	877350	53215556.000
08/03/2011	24.58	25.45	24.46	25.20	596799	36900000.000
08/04/2011	25.17	25.25	24.33	24.59	544988	33307580.000
08/05/2011	23.71	24.67	23.50	24.58	859606	51195688.000
08/08/2011	24.30	24.53	23.42	24.06	781234	46172556.000
08/09/2011	23.58	24.74	23.21	24.50	1016233	60409500.000
08/10/2011	24.78	25.39	24.75	24.95	1758475	108698128.000
08/11/2011	24.17	25.02	24.17	24.96	1085530	66009624.000
08/12/2011	25.17	25.45	24.87	25.08	1151584	71266624.000
08/15/2011	25.12	25.42	24.70	25.29	1060225	65492396.000
08/16/2011	25.35	25.35	24.92	25.21	721279	44512348.000
08/17/2011	25.16	25.16	24.86	25.00	529321	32610206.000
08/18/2011	24.96	25.04	23.92	24.25	906440	54340520.000
08/19/2011	23.83	24.11	23.58	23.85	544621	32062608.000
08/22/2011	24.00	24.19	23.58	23.74	416278	24495752.000
08/23/2011	23.74	24.28	23.63	24.28	472395	27987564.000
08/24/2011	24.41	24.77	24.17	24.42	1194316	72177328.000
08/26/2011	24.65	24.86	24.36	24.54	947446	57417428.000
08/29/2011	24.71	25.38	24.64	25.02	1448375	89765552.000
08/30/2011	25.16	25.16	24.42	24.49	1015813	61978416.000
08/31/2011	24.50	24.63	23.83	24.13	652170	38798256.000
09/01/2011	24.17	24.70	24.04	24.32	640020	38448620.000
09/02/2011	24.29	24.46	23.68	23.92	744602	43927804.000
09/05/2011	23.27	23.32	22.22	22.24	1295577	35686828.000
09/06/2011	21.98	22.08	21.29	21.43	884012	23353018.000
09/07/2011	21.50	21.97	21.04	21.66	1131129	29705210.000
09/08/2011	21.75	21.87	21.42	21.66	1150578	30485296.000
09/09/2011	21.33	21.60	20.54	20.87	1097310	28099088.000
09/13/2011	20.61	20.65	20.07	20.54	525965	13131137.000
09/14/2011	20.63	20.94	20.42	20.92	538850	13588562.000
09/15/2011	20.93	21.03	20.71	20.88	647599	16532160.000
09/16/2011	20.91	21.74	20.90	21.50	1913010	50202540.000
09/19/2011	21.50	21.73	21.08	21.09	926705	24269282.000
09/20/2011	21.00	21.54	20.43	21.38	1257177	32433902.000
09/21/2011	21.23	22.04	21.09	21.95	1182288	31322692.000
09/22/2011	21.63	21.95	20.57	21.08	1088692	28418348.000
09/23/2011	20.83	20.95	20.35	20.79	1113682	28076290.000
09/26/2011	20.75	20.75	19.76	19.79	1461079	35989280.000
09/27/2011	19.75	20.17	19.35	20.13	1312373	31745126.000
09/28/2011	20.22	20.25	19.33	19.69	932631	22598494.000
09/29/2011	19.54	19.54	18.72	19.28	809618	18968158.000
09/30/2011	19.15	19.47	18.18	18.67	1308495	29742054.000
10/10/2011	18.84	18.84	17.83	17.83	830170	18418764.000
10/11/2011	18.32	18.33	16.67	17.42	1721924	37208452.000
10/12/2011	17.12	17.83	16.92	17.75	2092999	45330512.000
10/13/2011	17.92	18.07	17.53	17.78	2469470	54159904.000
10/14/2011	17.75	17.89	17.03	17.20	1995177	42379912.000
10/17/2011	17.26	17.83	17.23	17.81	3337043	71548552.000
10/18/2011	17.67	18.83	17.60	18.23	5842221	131603928.000
10/19/2011	18.14	18.25	17.63	17.75	2642195	58013856.000
10/20/2011	17.33	17.55	16.15	16.68	3130173	63644668.000
10/21/2011	16.62	16.62	16.17	16.28	998934	20100244.000
10/24/2011	14.61	16.28	14.61	15.59	3288688	62158648.000
10/25/2011	15.46	16.71	15.46	16.31	3909485	77714280.000
10/26/2011	16.21	17.00	16.17	16.52	3484522	71602848.000
10/27/2011	16.60	16.73	16.33	16.44	2086770	42302472.000
10/28/2011	16.67	17.29	16.43	17.26	3674177	75955232.000
10/31/2011	17.18	17.67	17.00	17.65	3407584	72950584.000
11/01/2011	17.42	18.65	17.32	18.10	4664166	103661912.000
11/02/2011	17.91	18.89	17.63	18.88	4441492	100091392.000
11/03/2011	19.23	19.65	18.60	18.60	5922991	138911952.000
11/04/2011	18.79	18.98	18.33	18.70	2640537	60358636.000
11/07/2011	18.73	19.00	18.46	18.58	1629002	37294652.000
11/08/2011	18.55	18.71	17.75	17.81	3014227	67163600.000
11/09/2011	18.07	18.38	17.71	18.37	2905540	64437516.000
11/10/2011	18.21	19.63	18.07	19.08	6789416	158373888.000
11/11/2011	19.17	19.73	18.78	19.13	4317037	102249584.000
11/14/2011	19.50	19.88	19.25	19.58	3536848	84810744.000
11/15/2011	19.50	19.83	19.33	19.60	2509940	60146712.000
11/17/2011	19.15	19.49	18.76	19.10	4061231	95054096.000
11/18/2011	18.91	18.91	17.83	17.92	4232180	94458272.000
11/21/2011	17.76	18.08	17.00	17.34	2648719	56485988.000
11/22/2011	17.09	17.20	16.73	17.16	2138843	44605512.000
11/23/2011	17.16	17.30	16.93	17.01	1591488	33558428.000
11/24/2011	16.73	17.11	16.50	16.93	2363632	48848444.000
11/25/2011	16.88	17.43	16.83	17.08	2625702	55433372.000
11/28/2011	17.15	17.31	16.75	17.30	1310159	27538860.000
11/29/2011	17.47	18.07	17.38	17.90	3299614	72209824.000
11/30/2011	17.79	17.90	16.38	16.51	3133765	65493660.000
12/01/2011	17.13	17.33	16.77	17.14	2694924	56672052.000
12/02/2011	17.00	17.01	16.19	16.25	1725757	35148084.000
12/05/2011	16.15	16.25	15.43	15.47	1379227	26791824.000
12/06/2011	15.44	16.08	15.10	15.66	890037	17133132.000
12/07/2011	15.83	15.92	15.57	15.79	575020	11158936.000
12/08/2011	15.75	16.21	15.33	15.96	1906642	37033420.000
12/09/2011	15.83	16.06	15.54	15.64	996854	19328784.000
12/12/2011	15.70	15.79	15.25	15.31	917555	17562324.000
12/13/2011	15.17	15.17	14.67	14.73	1218402	22269758.000
12/14/2011	14.75	14.92	14.50	14.50	879542	15970587.000
12/15/2011	14.33	14.35	13.68	14.00	2893444	50021932.000
12/16/2011	13.96	14.73	13.75	14.66	1974946	34739784.000
12/19/2011	14.42	14.76	14.03	14.68	1884779	33497500.000
12/20/2011	14.66	14.95	14.38	14.38	1571334	28450248.000
12/21/2011	14.50	14.66	13.82	13.88	972342	17224876.000
12/22/2011	13.53	13.80	13.11	13.48	1229610	20428504.000
12/23/2011	13.33	13.83	13.33	13.67	986079	16662198.000
12/26/2011	13.74	14.10	13.59	13.66	1152092	19802362.000
12/27/2011	13.43	13.60	13.17	13.22	896182	14801771.000
12/28/2011	13.21	13.23	12.75	13.08	1126183	18128446.000
12/29/2011	13.00	13.23	12.93	13.07	726889	11806367.000
12/30/2011	13.17	13.49	13.07	13.33	2028490	33267402.000
01/04/2012	13.56	13.56	12.46	12.49	1957194	31509176.000
01/05/2012	12.44	12.44	11.59	11.68	2655367	39379092.000
01/06/2012	11.67	11.75	11.26	11.53	2448706	34991196.000
01/09/2012	11.54	12.17	11.23	12.12	2198062	32227504.000
01/10/2012	12.01	12.80	12.00	12.79	3428851	53069304.000
01/11/2012	12.83	13.08	12.58	12.76	3544688	56470880.000
01/12/2012	12.76	12.98	12.61	12.75	2445626	38782416.000
01/13/2012	12.75	12.75	11.43	11.68	4027402	59766480.000
01/16/2012	11.41	11.43	11.02	11.05	2062556	28777756.000
01/17/2012	11.03	11.86	10.85	11.76	2597792	37319580.000
01/18/2012	11.79	12.06	11.20	11.30	2592082	37528856.000
01/19/2012	10.79	10.82	10.13	10.35	14073303	179659344.000
01/20/2012	10.16	10.90	10.10	10.72	7700728	101845672.000
01/30/2012	10.79	10.98	10.60	10.65	4990686	67187688.000
01/31/2012	10.55	10.69	10.18	10.60	4874276	63200776.000
02/01/2012	10.47	10.82	10.38	10.58	4085481	54267904.000
02/02/2012	10.61	10.90	10.52	10.88	4205988	56404192.000
02/03/2012	10.88	11.47	10.80	11.28	6981290	96956456.000
02/06/2012	11.33	11.85	11.26	11.70	9420371	135659904.000
02/07/2012	11.58	11.59	11.26	11.44	4291252	60914580.000
02/08/2012	11.44	11.90	11.32	11.88	4936322	71624720.000
02/09/2012	11.92	12.32	11.79	11.90	5093040	76065520.000
02/10/2012	11.86	12.13	11.80	11.98	3555576	52742500.000
02/13/2012	11.66	12.36	11.66	12.28	5041373	75894024.000
02/14/2012	12.30	12.30	12.01	12.08	3432756	51603392.000
02/15/2012	12.14	12.42	11.83	12.41	5081813	76767216.000
02/16/2012	12.33	12.63	12.13	12.29	5689825	87536944.000
02/17/2012	12.32	12.39	11.93	12.10	3362933	50595328.000
02/20/2012	12.25	12.50	12.15	12.15	4753694	72729232.000
02/21/2012	12.08	12.41	11.85	12.41	4591795	69242968.000
02/22/2012	12.41	13.16	12.38	13.11	9809344	156183040.000
02/23/2012	13.13	13.63	12.94	13.45	11065056	182018448.000
02/24/2012	13.36	13.58	13.14	13.35	6302094	104070784.000
02/27/2012	13.43	13.62	13.19	13.29	6660429	110088624.000
02/28/2012	13.08	13.21	12.63	12.88	6266687	100201944.000
02/29/2012	12.68	12.87	12.47	12.48	4147759	64910784.000
03/01/2012	12.42	12.93	12.42	12.72	4553348	71576768.000
03/02/2012	12.71	12.93	12.68	12.90	3920753	62338524.000
03/05/2012	13.00	13.07	12.69	12.74	4188619	66652800.000
03/06/2012	12.67	12.69	12.32	12.37	4432268	68387296.000
03/07/2012	12.15	12.55	12.09	12.33	3344348	51347296.000
03/08/2012	12.35	12.60	12.28	12.52	4361660	67328360.000
03/09/2012	12.57	12.97	12.45	12.94	6392592	100947032.000
03/12/2012	13.07	13.29	12.85	13.08	5890047	95203304.000
03/13/2012	13.09	13.32	12.97	13.31	5631146	91562368.000
03/14/2012	13.42	13.48	12.29	12.38	7858893	126190496.000
03/15/2012	12.25	12.40	11.73	11.88	5203606	77634448.000
03/16/2012	11.99	12.17	11.75	12.13	3086020	45909408.000
03/19/2012	12.18	12.48	12.12	12.45	3416516	52288212.000
03/20/2012	12.46	12.46	11.83	11.83	3495564	52297056.000
03/21/2012	11.82	12.07	11.68	11.95	2381504	35113808.000
03/22/2012	11.90	12.06	11.80	11.99	1708591	25316670.000
03/23/2012	11.93	11.93	11.58	11.65	2165068	31538708.000
03/26/2012	11.75	11.79	11.27	11.42	1524617	21732872.000
03/27/2012	11.53	11.58	11.33	11.34	1298016	18473102.000
03/28/2012	11.27	11.33	10.54	10.59	2533061	34213028.000
03/29/2012	10.55	10.58	10.19	10.33	1869708	24249230.000
03/30/2012	9.98	9.98	9.25	9.25	8198672	95977384.000
04/05/2012	9.20	9.48	8.98	9.46	4797392	55615900.000
04/06/2012	9.38	9.52	9.34	9.46	3323503	39280712.000
04/09/2012	9.42	9.42	9.13	9.15	3739651	43350324.000
04/10/2012	9.08	9.21	8.85	9.17	2497917	28320064.000
04/11/2012	9.04	9.54	9.00	9.52	3855864	44854716.000
04/12/2012	9.58	9.93	9.58	9.93	5723943	69736504.000
04/13/2012	9.93	10.38	9.92	10.22	5753978	73236440.000
04/16/2012	10.01	10.19	9.85	9.96	2989155	37494400.000
04/17/2012	10.00	10.14	9.78	9.88	2860437	35483288.000
04/18/2012	9.88	10.90	9.87	10.47	7620757	100331600.000
04/19/2012	10.33	10.64	10.20	10.50	4613699	60171064.000
04/20/2012	10.37	10.76	10.33	10.65	5134680	68194816.000
04/23/2012	10.50	10.50	9.54	10.11	7736385	96576152.000
04/24/2012	9.88	10.17	9.65	10.08	4457402	55497924.000
04/25/2012	10.04	10.28	9.75	10.00	3426791	42539992.000
04/26/2012	10.00	10.24	9.92	10.13	4082720	51577164.000
04/27/2012	10.13	10.13	9.63	9.99	2125951	26387498.000
05/02/2012	10.11	10.17	9.75	10.02	2766745	34430480.000
05/03/2012	9.98	10.46	9.92	10.38	3244901	41412660.000
05/04/2012	10.34	10.57	10.27	10.42	3191278	41518816.000
05/07/2012	10.28	10.73	10.28	10.66	4279922	56361424.000
05/08/2012	10.68	11.17	10.58	11.17	5750437	77826064.000
05/09/2012	11.00	11.19	10.63	10.68	4678388	63795944.000
05/10/2012	10.70	11.06	10.52	10.70	2062405	27649300.000
05/11/2012	10.68	10.79	10.48	10.73	2079175	27528952.000
05/14/2012	10.83	11.20	10.67	10.88	3097706	42286192.000
05/15/2012	10.89	11.42	10.82	11.39	4582758	63543056.000
05/16/2012	11.33	12.43	11.26	11.78	6793701	99436088.000
05/17/2012	11.68	12.02	11.50	11.80	4259293	62169740.000
05/18/2012	11.73	11.96	11.44	11.69	2459842	35770020.000
05/21/2012	11.51	11.72	11.17	11.38	2556100	36172804.000
05/22/2012	11.40	11.67	11.34	11.41	1786579	25542414.000
05/23/2012	11.40	11.48	10.92	11.18	2652858	36698196.000
05/24/2012	11.06	11.13	10.59	10.77	2216313	29938654.000
05/25/2012	10.77	10.81	9.88	10.03	3336261	42485628.000
05/28/2012	9.93	10.05	9.63	10.05	1617331	19927216.000
05/29/2012	10.05	10.48	10.05	10.43	2175930	27992280.000
05/30/2012	10.52	10.52	10.23	10.28	1622010	20917086.000
05/31/2012	10.18	10.68	10.18	10.54	1924515	25136374.000
06/01/2012	10.48	10.58	10.38	10.43	1095776	14282871.000
06/04/2012	10.23	10.64	9.93	10.33	2395944	31102540.000
06/05/2012	10.37	10.52	10.15	10.41	1077547	13870646.000
06/06/2012	10.41	10.57	10.25	10.40	811948	10545991.000
06/07/2012	10.53	10.54	10.10	10.21	747826	9637132.000
06/08/2012	10.28	10.32	10.07	10.08	754125	9588136.000
06/11/2012	10.08	10.41	10.00	10.27	1094259	13986805.000
06/12/2012	10.21	10.28	10.07	10.13	852760	10855401.000
06/13/2012	10.14	10.34	10.11	10.33	689874	8829848.000
06/14/2012	10.28	10.41	10.13	10.13	870100	11172425.000
06/15/2012	10.17	10.22	9.64	9.90	1923732	23873904.000
06/18/2012	9.93	10.04	9.82	10.03	1018568	12638902.000
06/19/2012	10.03	10.03	9.88	9.94	809002	10050776.000
06/20/2012	9.97	10.14	9.92	10.02	895431	11261852.000
06/21/2012	10.03	10.32	9.96	10.26	2522514	31944204.000
06/25/2012	10.13	10.21	9.76	9.78	2441356	30486496.000
06/26/2012	9.63	9.73	9.42	9.68	1173715	14099400.000
06/27/2012	9.69	10.05	9.57	9.63	798631	9791656.000
06/28/2012	9.67	9.73	9.03	9.08	2545931	29570136.000
06/29/2012	9.08	9.25	8.91	9.21	1166110	13278089.000
07/02/2012	9.24	9.36	9.13	9.28	939961	10922782.000
07/03/2012	9.28	9.45	9.21	9.27	970531	11361738.000
07/04/2012	9.25	9.43	9.23	9.38	968397	11347196.000
07/05/2012	9.35	9.35	9.00	9.23	885979	10148733.000
07/06/2012	9.36	9.36	9.00	9.33	2174357	25021472.000
07/09/2012	9.26	9.33	9.04	9.18	1624159	18669398.000
07/10/2012	9.25	9.61	9.10	9.38	2822009	33492614.000
07/11/2012	9.38	9.71	9.33	9.68	2360334	28274266.000
07/12/2012	9.68	9.83	9.52	9.68	2415085	29316980.000
07/13/2012	9.57	9.58	9.26	9.33	2022337	23895896.000
07/16/2012	9.41	9.58	8.92	9.47	3539253	41257244.000
07/17/2012	9.45	9.74	9.37	9.69	2563679	30925334.000
07/18/2012	9.71	9.90	9.51	9.75	2163505	26148050.000
07/19/2012	9.83	9.83	9.55	9.73	2596609	31428574.000
07/20/2012	9.73	9.73	9.48	9.57	1460216	17444960.000
07/23/2012	9.35	9.50	9.18	9.43	1102404	12917069.000
07/24/2012	9.41	9.56	9.18	9.43	425843	5029297.500
07/25/2012	9.50	9.66	9.32	9.63	1232504	14719038.000
07/26/2012	9.58	9.71	9.50	9.58	955148	11474416.000
07/27/2012	9.65	9.65	9.33	9.44	726755	8620739.000
07/30/2012	9.64	9.64	9.22	9.26	543737	6379304.500
07/31/2012	9.33	9.33	8.83	8.90	848642	9604347.000
08/01/2012	8.93	9.11	8.84	9.02	563759	6379437.000
08/02/2012	9.00	9.08	8.83	8.86	561067	6282607.500
08/03/2012	9.02	9.08	8.83	9.07	545952	6145861.000
08/06/2012	9.00	9.52	8.99	9.44	893287	10358085.000
08/07/2012	9.48	9.57	9.40	9.50	730840	8674390.000
08/08/2012	9.56	9.56	9.38	9.49	410218	4873852.500
08/09/2012	9.52	9.65	9.43	9.60	1283063	15320822.000
08/10/2012	9.61	9.66	9.42	9.51	750990	8960615.000
08/13/2012	9.48	9.62	9.43	9.47	649309	7733638.000
08/14/2012	9.55	9.55	9.22	9.45	573141	6719369.000
08/15/2012	9.42	9.43	9.17	9.21	764136	8851757.000
08/16/2012	9.17	9.21	9.08	9.14	576200	6613505.000
08/17/2012	9.16	9.33	9.09	9.18	266644	3071468.750
08/20/2012	9.17	9.26	9.02	9.17	559438	6413988.000
08/21/2012	9.23	9.54	9.13	9.50	1189948	14035637.000
08/22/2012	9.50	9.56	9.34	9.42	755695	8960160.000
08/23/2012	9.46	10.40	9.46	10.37	7240109	93291776.000
08/24/2012	10.23	10.38	9.83	9.88	4195057	52970364.000
08/27/2012	9.89	9.98	9.60	9.74	1330592	16243428.000
08/28/2012	9.77	10.23	9.68	10.04	2828513	35554068.000
08/29/2012	10.00	10.35	9.93	10.09	2698274	34372900.000
08/30/2012	10.11	10.36	9.57	9.88	2371540	29492466.000
08/31/2012	9.83	9.99	9.71	9.89	705081	8678144.000
09/03/2012	9.88	10.36	9.76	10.32	2117328	26946950.000
09/04/2012	10.38	10.75	10.23	10.24	2991141	39006472.000
09/05/2012	10.17	10.73	10.10	10.61	3386185	44529244.000
09/06/2012	10.61	10.73	10.31	10.58	3376566	44283268.000
09/07/2012	10.70	10.94	10.48	10.67	3999750	53548216.000
09/10/2012	10.72	10.78	10.46	10.56	3709330	48916152.000
09/11/2012	10.46	11.24	10.46	11.03	5661604	77480904.000
09/12/2012	11.03	11.75	10.93	11.39	7815667	110842232.000
09/13/2012	11.43	11.43	10.81	10.82	4952370	68278096.000
09/14/2012	10.83	10.98	10.58	10.67	2795923	37501844.000
09/17/2012	10.75	10.78	10.34	10.37	2108505	27667068.000
09/18/2012	10.33	10.61	10.23	10.33	1376857	17905206.000
09/19/2012	10.43	10.79	10.43	10.78	2963144	39446876.000
09/20/2012	10.77	11.01	10.64	10.71	3382966	45609892.000
09/21/2012	10.79	10.79	9.86	9.90	2749004	35350100.000
09/24/2012	9.77	10.04	9.41	9.90	1115626	13559274.000
09/25/2012	9.91	9.91	9.48	9.55	834791	10091994.000
09/26/2012	9.54	9.75	9.32	9.33	981433	11660334.000
09/27/2012	9.30	9.88	9.30	9.57	1289940	15567786.000
09/28/2012	9.53	9.77	9.45	9.71	1569430	18895114.000
10/08/2012	9.72	9.77	9.44	9.53	1645952	19658698.000
10/09/2012	9.53	10.02	9.48	10.00	3254367	40017184.000
10/10/2012	9.98	10.21	9.92	10.13	2345200	29501032.000
10/11/2012	10.13	10.17	9.83	9.85	2123865	26564218.000
10/12/2012	9.83	9.98	9.50	9.58	2709798	32789018.000
10/15/2012	8.58	8.80	8.58	8.58	3017800	32634610.000
10/16/2012	8.14	8.28	7.82	8.05	6641434	67383624.000
10/17/2012	7.99	8.13	7.97	8.11	2394106	24316732.000
10/18/2012	8.07	8.22	8.03	8.18	3238969	33184034.000
10/19/2012	8.17	8.17	8.07	8.08	1483644	15189000.000
10/22/2012	8.08	8.24	7.95	8.18	1663298	16979470.000
10/23/2012	8.18	8.21	8.01	8.04	1407062	14387124.000
10/24/2012	8.03	8.04	7.90	7.98	1315780	13226621.000
10/25/2012	7.98	8.03	7.78	7.81	1880114	18735064.000
10/26/2012	7.85	7.86	7.55	7.64	1793030	17381868.000
10/29/2012	7.66	7.68	7.56	7.61	583628	5622181.500
10/30/2012	7.61	7.67	7.51	7.60	1060729	10190135.000
10/31/2012	7.63	7.63	7.08	7.33	3643129	33702172.000
11/01/2012	7.23	7.38	7.20	7.34	3311162	30663828.000
11/02/2012	7.29	7.44	7.29	7.34	1522939	14209147.000
11/05/2012	7.33	7.40	7.28	7.37	1077517	10044488.000
11/06/2012	7.32	7.36	7.10	7.18	1728370	15740009.000
11/07/2012	7.18	7.23	7.13	7.23	921414	8416220.000
11/08/2012	7.17	7.17	6.86	6.86	1191672	10672624.000
11/09/2012	6.90	6.93	6.80	6.89	1194096	10455972.000
11/12/2012	6.93	6.99	6.88	6.94	744337	6564595.500
11/13/2012	6.93	6.94	6.72	6.74	1030264	8938894.000
11/14/2012	6.81	6.81	6.58	6.68	1124991	9574613.000
11/15/2012	6.63	6.68	6.40	6.42	1445890	12096401.000
11/16/2012	6.46	6.46	6.19	6.23	1395037	11217006.000
11/19/2012	6.28	6.38	6.03	6.33	1956359	15736827.000
11/20/2012	6.38	6.48	6.34	6.37	2023393	16571443.000
11/21/2012	6.33	6.44	6.25	6.43	1387973	11269166.000
11/22/2012	6.38	6.40	6.25	6.25	1023543	8273382.000
11/23/2012	6.25	6.34	6.21	6.27	696617	5606168.000
11/26/2012	6.23	6.35	6.23	6.25	770835	6204183.500
11/27/2012	6.21	6.25	5.86	5.88	1395550	10744306.000
11/28/2012	5.82	5.83	5.64	5.79	1262140	9288150.000
11/29/2012	5.80	5.86	5.74	5.75	976771	7279280.000
11/30/2012	5.80	5.88	5.69	5.82	766899	5739637.500
12/03/2012	5.77	5.82	5.61	5.63	1007572	7375102.500
12/04/2012	5.63	5.71	5.43	5.68	940941	6745290.000
12/05/2012	5.67	6.00	5.64	5.96	2149494	16260163.000
12/06/2012	5.93	6.00	5.88	5.93	959690	7310343.000
12/07/2012	5.93	6.11	5.89	6.08	1881323	14568652.000
12/10/2012	6.05	6.31	6.02	6.27	1982613	15691221.000
12/11/2012	6.36	6.36	6.16	6.17	1297457	10333876.000
12/12/2012	6.17	6.21	5.98	6.08	1172428	9117429.000
12/13/2012	6.03	6.33	5.94	6.23	1986584	15767469.000
12/14/2012	6.19	6.46	6.13	6.45	3016108	24477758.000
12/17/2012	6.44	6.44	6.30	6.38	2331293	18946332.000
12/18/2012	6.33	6.63	6.30	6.58	3595795	29823902.000
12/19/2012	6.56	6.58	6.43	6.50	2441225	20230454.000
12/20/2012	6.49	6.56	6.34	6.40	1636397	13437859.000
12/21/2012	6.40	6.54	6.32	6.43	1950930	16006637.000
12/24/2012	6.43	6.87	6.35	6.73	3572200	30081356.000
12/25/2012	6.64	6.83	6.61	6.76	2500509	21454092.000
12/26/2012	6.76	6.93	6.73	6.88	2393578	20820586.000
12/27/2012	6.91	6.93	6.68	6.68	2317939	20002452.000
12/28/2012	6.69	6.78	6.64	6.74	1214386	10387215.000
12/31/2012	6.74	6.96	6.71	6.93	2582843	22373454.000
01/04/2013	6.89	6.93	6.64	6.73	2158890	18576728.000
01/07/2013	6.69	6.83	6.62	6.79	1860619	15938926.000
01/08/2013	6.71	7.03	6.71	6.94	2910753	25525994.000
01/09/2013	6.98	7.46	6.88	7.31	5735477	52535024.000
01/10/2013	7.32	7.42	7.17	7.33	3524517	32623520.000
01/11/2013	7.33	7.58	7.21	7.38	4104354	38610664.000
01/14/2013	7.33	7.71	7.25	7.66	2847390	27266000.000
01/15/2013	7.66	7.98	7.63	7.87	3401580	33638848.000
01/16/2013	7.88	7.95	7.46	7.73	3315638	32096900.000
01/17/2013	7.67	7.67	7.31	7.38	2498974	23631442.000
01/18/2013	7.46	7.49	7.29	7.43	1675657	15737714.000
01/21/2013	7.42	7.79	7.34	7.79	3114526	30024828.000
01/22/2013	7.78	7.78	7.26	7.38	2802858	26696794.000
01/23/2013	7.37	7.43	7.17	7.33	2008691	18606806.000
01/24/2013	7.30	7.43	6.72	6.94	3500505	31318718.000
01/25/2013	6.92	6.99	6.85	6.88	957356	8426632.000
01/28/2013	6.58	6.99	6.54	6.96	3535954	30696788.000
01/29/2013	6.97	7.70	6.97	7.70	8247565	78758032.000
01/30/2013	7.73	7.83	7.40	7.70	7443384	71661120.000
01/31/2013	7.53	7.69	7.43	7.53	3021739	28850066.000
02/01/2013	7.53	7.65	7.46	7.58	3040853	29095790.000
02/04/2013	7.60	7.79	7.51	7.73	4647549	44917668.000
02/05/2013	7.65	7.67	7.29	7.61	3041931	28765904.000
02/06/2013	7.42	7.62	7.37	7.62	3116514	29541366.000
02/07/2013	7.60	7.72	7.43	7.63	2768200	26496172.000
02/08/2013	7.68	8.44	7.64	8.44	5496133	57820404.000
02/18/2013	8.67	8.98	8.60	8.75	8698337	95755696.000
02/19/2013	8.58	8.71	8.31	8.68	4718987	50550128.000
02/20/2013	8.51	8.85	8.43	8.69	3013148	32853716.000
02/21/2013	8.67	9.20	8.59	8.78	5569176	62796376.000
02/22/2013	8.78	9.12	8.50	8.60	3285323	35888672.000
02/25/2013	8.59	8.69	8.48	8.51	1865442	20078596.000
02/26/2013	8.43	8.58	8.17	8.40	2015428	21236120.000
02/27/2013	8.42	8.67	8.22	8.25	2454408	26030472.000
02/28/2013	8.26	8.37	8.08	8.34	3151694	32646604.000
03/01/2013	8.36	8.56	8.27	8.55	2426941	25781668.000
03/04/2013	8.50	8.50	7.83	7.95	3141079	32461320.000
03/05/2013	7.92	8.33	7.87	8.29	1867264	19235506.000
03/06/2013	8.33	9.12	8.29	8.88	5042843	55890744.000
03/07/2013	8.87	9.13	8.63	8.83	3183179	35540948.000
03/08/2013	8.83	9.25	8.73	8.97	2735106	30975348.000
03/11/2013	8.97	9.12	8.65	8.99	2046716	23080402.000
03/12/2013	8.90	8.90	8.27	8.53	2517095	27040498.000
03/13/2013	8.40	8.50	8.09	8.22	1901366	19756678.000
03/14/2013	8.22	8.62	8.16	8.58	2033213	21484022.000
03/15/2013	8.63	9.47	8.61	9.08	6291260	71948784.000
03/18/2013	8.96	9.78	8.88	9.56	7225709	86292776.000
03/19/2013	9.42	10.25	9.34	9.56	6704716	81635936.000
03/20/2013	9.50	9.96	9.33	9.91	3366527	40866780.000
03/21/2013	9.93	10.08	9.67	9.95	2454673	30327516.000
03/22/2013	9.92	9.97	9.69	9.78	2379180	29247776.000
03/25/2013	9.67	9.96	9.43	9.55	1704362	20443392.000
03/26/2013	9.58	10.55	9.51	10.55	4649079	58899580.000
03/27/2013	10.43	10.84	10.25	10.53	4387369	57912676.000
03/28/2013	10.35	10.53	10.08	10.15	3340346	42813788.000
03/29/2013	9.94	10.54	9.94	10.17	3189380	40836980.000
04/01/2013	10.08	10.69	9.89	10.25	2832503	36839968.000
04/02/2013	10.30	10.33	9.35	9.42	3153751	38634040.000
04/03/2013	9.42	9.65	9.00	9.28	2796495	32298794.000
04/08/2013	9.17	9.92	8.85	9.83	3244313	38398764.000
04/09/2013	9.85	10.02	9.63	9.90	2973586	36539892.000
04/10/2013	9.92	9.99	9.33	9.54	2560270	30931594.000
04/11/2013	9.46	9.67	9.33	9.50	1641028	19483370.000
04/12/2013	9.50	9.58	9.07	9.07	1460045	17055260.000
04/15/2013	8.98	8.98	8.65	8.73	1997740	22034130.000
04/16/2013	8.41	9.01	8.33	8.94	1584662	17513586.000
04/17/2013	8.94	9.07	8.85	8.98	2284485	25678730.000
04/18/2013	9.04	9.04	8.78	8.95	1851964	20734042.000
04/19/2013	8.98	9.36	8.94	9.29	2385679	27539622.000
04/22/2013	9.23	9.90	9.17	9.83	4618341	55706484.000
04/23/2013	9.84	9.96	9.47	9.66	3077418	37122716.000
04/24/2013	9.63	10.27	9.54	10.18	3945705	49136864.000
04/25/2013	10.16	10.22	9.76	9.79	3038607	37965524.000
04/26/2013	9.68	9.79	9.18	9.28	2292607	27054524.000
05/02/2013	9.10	9.67	9.10	9.67	1698277	20221214.000
05/03/2013	9.67	10.08	9.61	10.03	2791377	34425048.000
05/06/2013	10.11	10.68	10.04	10.58	5359304	70086920.000
05/07/2013	10.39	10.82	10.32	10.32	4643159	61040048.000
05/08/2013	10.30	10.58	10.05	10.57	3805161	49062544.000
05/09/2013	10.57	11.03	10.38	10.98	7209654	96570256.000
05/10/2013	11.08	11.08	10.40	10.68	3572367	47604888.000
05/13/2013	10.63	10.88	10.30	10.36	4698949	62073924.000
05/14/2013	10.35	10.60	10.28	10.40	2552189	33282606.000
05/15/2013	10.37	10.50	10.10	10.47	3273203	42141452.000
05/16/2013	10.49	10.82	10.08	10.26	6202948	81108600.000
05/17/2013	10.10	10.73	9.85	10.62	5231137	67931976.000
05/20/2013	10.56	10.86	10.48	10.72	5990611	79667920.000
05/21/2013	10.65	11.02	10.47	10.96	15612270	208921616.000
05/22/2013	10.98	11.54	10.83	11.00	15490736	215537776.000
05/23/2013	10.97	11.32	10.43	11.20	9359025	127557120.000
05/24/2013	11.10	11.83	11.07	11.65	8269719	118738488.000
05/27/2013	11.63	11.76	11.30	11.73	4731841	68053064.000
05/28/2013	11.63	11.64	10.65	10.90	7505268	103144800.000
05/29/2013	10.87	11.13	10.71	10.99	3246401	44277808.000
05/30/2013	10.84	11.04	10.74	10.91	3324869	44956056.000
05/31/2013	10.92	10.98	10.73	10.80	3031503	40879100.000
06/03/2013	10.71	10.80	10.48	10.72	2363397	31410412.000
06/04/2013	10.82	10.91	10.58	10.69	3515275	46835548.000
06/05/2013	10.67	10.84	10.53	10.68	1835086	24459658.000
06/06/2013	10.60	10.88	10.60	10.68	1508005	20145912.000
06/07/2013	10.67	10.80	10.45	10.67	2361533	31346984.000
06/13/2013	10.58	10.58	10.10	10.20	1914004	24692662.000
06/14/2013	10.27	11.12	10.25	10.93	2728557	36624960.000
06/17/2013	10.93	11.33	10.76	11.00	3713713	51271372.000
06/18/2013	10.98	10.98	10.32	10.57	3115483	41206384.000
06/19/2013	10.42	11.17	10.26	11.15	3081496	41520064.000
06/20/2013	11.13	11.32	10.42	10.63	3517182	48126084.000
06/21/2013	10.32	10.79	9.58	10.61	2930675	37387504.000
06/24/2013	11.25	11.33	9.91	10.03	3651409	48244520.000
06/25/2013	9.81	10.63	9.46	10.54	5155238	65899648.000
06/26/2013	10.54	11.02	10.34	10.91	4910664	66293352.000
06/27/2013	10.90	11.32	10.53	10.63	4919481	67086996.000
06/28/2013	10.33	10.63	9.59	9.75	4839105	61283408.000
07/01/2013	9.71	9.96	9.50	9.93	2260315	27607796.000
07/02/2013	9.93	10.18	9.88	10.10	2424094	30406874.000
07/03/2013	9.98	10.13	9.59	9.97	2811841	34719292.000
07/04/2013	10.08	10.17	9.92	9.96	1908776	23976424.000
07/05/2013	9.95	10.20	9.63	9.66	2423067	30076422.000
07/08/2013	9.58	9.58	8.92	9.17	1536813	17635910.000
09/09/2013	10.13	10.13	10.13	10.13	176782	2236292.250
09/10/2013	11.18	11.18	11.18	11.18	250700	3489744.000
09/11/2013	12.34	12.34	11.38	11.58	17510201	259045312.000
09/12/2013	11.38	11.72	10.80	11.21	7781660	109041424.000
09/13/2013	10.93	11.28	10.63	11.13	4782890	65500716.000
09/16/2013	11.03	11.13	10.78	10.88	3806846	51894168.000
09/17/2013	10.88	10.93	10.05	10.05	4017237	52387440.000
09/18/2013	10.00	10.13	9.64	10.08	3020612	37188872.000
09/23/2013	10.06	10.51	9.92	10.46	6080514	77367872.000
09/24/2013	10.46	10.47	10.04	10.18	2749714	35148568.000
09/25/2013	10.18	10.34	10.00	10.07	2629410	33358526.000
09/26/2013	10.08	10.26	9.85	9.95	2107868	26628046.000
09/27/2013	9.98	10.17	9.64	9.84	2173995	26894466.000
09/30/2013	9.90	9.96	9.73	9.83	1873900	23025828.000
10/08/2013	9.83	10.48	9.80	10.35	4747656	60236104.000
10/09/2013	10.45	10.54	10.21	10.50	4625979	60019984.000
10/10/2013	10.57	10.57	10.20	10.25	3387523	43802976.000
10/11/2013	10.32	10.37	9.82	9.90	5044455	62935256.000
10/14/2013	9.81	9.82	9.33	9.63	4294951	51186096.000
10/15/2013	9.91	10.04	9.65	9.75	4227744	51817328.000
10/16/2013	9.61	9.73	9.10	9.23	3127631	36759200.000
10/17/2013	9.24	9.48	9.13	9.22	2083076	24126448.000
10/18/2013	9.23	9.37	9.09	9.26	2211903	25593400.000
10/21/2013	9.28	9.63	9.27	9.54	2873826	34236544.000
10/22/2013	9.51	9.55	9.27	9.33	2317755	27278508.000
10/23/2013	9.33	9.37	8.92	8.97	2034018	23229668.000
10/24/2013	9.16	9.16	8.93	9.00	924720	10432235.000
10/25/2013	8.96	9.02	8.35	8.67	2632195	28805086.000
10/28/2013	8.74	8.74	8.23	8.49	2199704	23225672.000
10/29/2013	8.49	8.63	8.02	8.27	1790076	18646958.000
10/30/2013	8.25	8.43	8.23	8.43	1214777	12746005.000
10/31/2013	8.43	8.43	8.27	8.37	805801	8447687.000
11/01/2013	8.33	8.50	8.25	8.45	1116285	11785887.000
11/04/2013	8.50	8.54	8.35	8.45	1450104	15427299.000
11/05/2013	8.42	8.56	8.29	8.53	1285100	13687579.000
11/06/2013	8.49	8.88	8.44	8.72	2642649	28925426.000
11/07/2013	8.62	8.81	8.58	8.79	2211924	24262170.000
11/08/2013	8.85	8.92	8.62	8.77	1673514	18462004.000
11/11/2013	8.70	8.70	8.23	8.44	2207774	23424274.000
11/12/2013	8.56	9.33	8.56	9.04	10654335	123190736.000
11/13/2013	8.98	9.28	8.87	8.88	5988271	68329456.000
11/14/2013	8.79	8.97	8.54	8.86	4975279	54784892.000
11/15/2013	8.50	8.79	8.01	8.78	11710260	124942944.000
11/18/2013	8.60	9.02	8.53	8.94	9114196	100758152.000
11/19/2013	8.93	9.08	8.79	9.08	7182701	80623936.000
11/20/2013	9.01	9.48	9.01	9.38	10877127	126330000.000
11/21/2013	9.36	9.98	9.19	9.90	14024441	170634656.000
11/22/2013	10.07	10.40	9.72	10.10	10880560	136736832.000
11/25/2013	9.96	10.14	9.79	9.86	5100430	63541212.000
11/26/2013	9.86	9.98	9.77	9.87	3596482	44482640.000
11/27/2013	9.87	10.31	9.68	10.24	7456452	94223272.000
11/28/2013	10.33	10.77	10.03	10.07	9898022	128718248.000
11/29/2013	9.96	10.58	9.94	10.50	6854674	87895336.000
12/02/2013	9.92	10.17	9.41	9.41	7731113	94548200.000
12/03/2013	9.19	9.83	8.98	9.68	5178675	60992480.000
12/04/2013	9.68	10.58	9.67	10.30	7938549	100634176.000
12/05/2013	10.42	10.51	9.69	9.83	9288949	116266232.000
12/06/2013	9.64	10.08	9.50	9.97	5267173	64973112.000
12/09/2013	9.80	10.39	9.80	10.15	3907056	49575300.000
12/10/2013	10.03	10.31	9.93	10.18	3156028	40006456.000
12/11/2013	10.08	10.23	9.78	9.97	2851494	35754656.000
12/12/2013	9.91	10.57	9.91	10.33	5657436	73114792.000
12/13/2013	10.28	10.57	10.21	10.39	3639321	47294244.000
12/16/2013	10.43	10.88	10.34	10.83	6721494	89621880.000
12/17/2013	10.75	11.17	10.61	10.64	6348350	85758136.000
12/18/2013	10.64	10.67	10.25	10.35	3572407	46506772.000
12/19/2013	10.44	10.63	10.18	10.18	2514559	32660532.000
12/20/2013	10.08	10.15	9.68	9.78	2429482	30097418.000
12/23/2013	9.78	10.27	9.46	10.18	3707336	46398372.000
12/24/2013	10.18	10.51	10.04	10.46	3340067	43211536.000
12/25/2013	10.46	10.71	10.46	10.62	3025710	39984200.000
12/26/2013	10.58	10.71	10.25	10.27	2695638	35227892.000
12/27/2013	10.17	11.18	10.17	10.99	6036186	81422592.000
12/30/2013	11.08	11.32	10.84	11.14	4877665	67243624.000
12/31/2013	11.05	11.11	10.71	10.88	3052700	41356156.000
01/02/2014	10.77	11.41	10.73	11.36	5606282	78653096.000
01/03/2014	11.27	11.60	11.17	11.21	5068371	71618488.000
01/06/2014	11.13	11.19	10.78	10.83	2788889	38049396.000
01/07/2014	10.68	11.34	10.67	11.33	3068440	42449196.000
01/08/2014	11.33	11.53	11.18	11.32	3346698	47264608.000
01/09/2014	11.23	11.38	10.83	10.83	3180581	44126268.000
01/10/2014	10.79	11.17	10.71	10.98	2136222	29124186.000
01/13/2014	10.92	11.10	10.50	10.65	2242410	30276250.000
01/14/2014	10.68	11.08	10.68	11.03	2698546	36854460.000
01/15/2014	11.40	11.96	11.26	11.53	11861905	169664256.000
01/16/2014	11.55	12.22	11.42	11.92	10552340	156748400.000
01/17/2014	11.75	12.32	11.65	11.82	6786569	101531136.000
01/20/2014	11.80	12.23	11.42	11.57	5947897	86604056.000
01/21/2014	11.47	12.13	11.42	12.12	6207303	90850456.000
01/22/2014	12.08	12.46	11.98	12.16	6419620	97298872.000
01/23/2014	12.17	12.63	12.00	12.38	7146582	109746144.000
01/24/2014	12.29	12.78	12.13	12.55	5558723	86741912.000
01/27/2014	12.48	12.75	12.11	12.18	5018765	77731448.000
01/28/2014	12.18	12.39	11.71	12.01	4513914	67108436.000
01/29/2014	11.98	13.03	11.98	13.01	6384122	100247192.000
01/30/2014	13.00	13.51	12.77	13.03	5480641	89285760.000
02/07/2014	12.93	13.98	12.79	13.79	5059778	84992320.000
02/10/2014	13.81	14.10	13.48	13.87	6671154	113331888.000
02/11/2014	13.71	14.18	13.21	13.87	6553848	111387768.000
02/12/2014	13.93	14.00	13.53	13.89	3447127	58556316.000
02/13/2014	13.79	14.00	12.98	13.17	5866231	97868864.000
02/14/2014	13.04	13.34	12.92	13.33	4921968	80168648.000
02/17/2014	13.33	13.97	13.25	13.93	3989161	67875480.000
02/18/2014	14.00	14.29	13.69	13.84	4814931	83277176.000
02/19/2014	13.73	13.83	13.26	13.59	5735283	95437264.000
02/20/2014	13.59	13.63	12.94	13.26	3961644	64875856.000
02/21/2014	13.40	13.58	13.08	13.40	2483811	40884104.000
02/24/2014	13.30	13.86	13.17	13.86	4548097	76733312.000
02/25/2014	13.86	14.23	12.43	12.54	7200652	117971856.000
02/26/2014	12.32	12.60	11.92	12.38	4801911	72745160.000
02/27/2014	12.33	12.59	11.94	12.17	3811809	57770744.000
02/28/2014	12.09	12.50	11.67	12.50	2692543	40441072.000
03/03/2014	12.51	12.70	12.32	12.58	2083711	32287626.000
03/04/2014	12.54	12.88	12.25	12.87	2815265	44094204.000
03/05/2014	12.88	12.88	12.53	12.70	1836694	28936312.000
03/06/2014	12.63	12.81	12.33	12.43	1660817	25726100.000
03/07/2014	12.48	12.63	12.39	12.58	1698477	26348824.000
03/10/2014	12.58	12.67	11.93	12.33	2077565	31783824.000
03/11/2014	12.25	12.63	11.97	12.55	2422823	37414744.000
03/12/2014	12.67	12.71	12.38	12.64	1900391	29639862.000
03/13/2014	12.68	12.84	12.42	12.60	1459724	22788288.000
03/14/2014	12.58	12.83	12.43	12.66	1214879	19027378.000
03/17/2014	12.67	13.97	12.67	13.97	7088973	119413984.000
03/18/2014	13.92	14.30	13.76	14.23	4892812	85434392.000
03/19/2014	14.22	14.78	13.84	14.29	4516318	80281616.000
03/20/2014	14.18	14.61	13.93	14.11	3949832	69639104.000
03/21/2014	13.96	15.08	13.86	15.00	4699295	84423888.000
03/24/2014	15.04	15.83	14.84	15.01	5248829	99153184.000
03/25/2014	14.75	15.23	14.60	14.78	3191744	58346088.000
03/26/2014	14.68	15.33	14.61	15.30	2793018	52119144.000
03/27/2014	15.30	15.78	15.16	15.58	3594397	68749880.000
03/28/2014	16.01	16.77	14.25	14.92	7473727	142511632.000
03/31/2014	14.29	15.77	14.28	15.77	5815961	109516112.000
04/01/2014	15.92	17.38	15.79	17.21	10413453	217716608.000
04/02/2014	17.03	18.20	16.58	17.71	8754680	187073920.000
04/03/2014	17.33	19.53	17.33	19.53	14628394	342862048.000
04/04/2014	19.54	20.00	18.67	19.19	14700268	348205920.000
04/08/2014	18.96	19.97	18.67	19.50	9008045	214461888.000
04/09/2014	19.53	21.23	19.08	21.06	10452752	256782336.000
04/10/2014	20.83	22.41	20.17	20.25	12852924	331244448.000
04/11/2014	20.17	20.92	19.88	19.98	9125087	227277376.000
04/14/2014	19.77	21.08	19.68	20.50	6289563	157829072.000
04/15/2014	20.50	22.59	20.43	22.59	10693247	286727584.000
04/16/2014	22.59	23.28	22.22	22.75	9291302	257938992.000
04/17/2014	22.98	24.08	22.66	23.95	9437197	269451776.000
04/18/2014	23.76	24.57	22.51	23.51	10679880	307695104.000
04/21/2014	23.21	24.48	21.98	23.90	9023666	255767152.000
04/22/2014	24.13	25.78	23.58	24.12	13881842	420038112.000
04/23/2014	24.00	25.18	23.33	25.18	9114725	271092640.000
04/24/2014	25.44	27.72	25.27	27.57	17002110	549719680.000
04/25/2014	27.57	30.22	26.65	29.35	18390468	640232960.000
04/28/2014	28.92	31.52	28.92	29.17	19838650	725487808.000
04/29/2014	28.68	31.18	27.67	31.18	19368632	687568384.000
04/30/2014	30.83	31.92	30.67	30.83	13469302	512042720.000
05/05/2014	30.08	30.25	27.71	27.71	17385553	608546176.000
05/06/2014	27.37	30.07	27.33	28.73	16573110	581356544.000
05/07/2014	27.92	28.33	26.25	27.03	14226422	472510464.000
05/08/2014	26.77	27.50	26.08	26.33	9845960	321359968.000
05/09/2014	25.98	27.08	25.98	26.18	8723336	281788960.000
05/12/2014	26.42	27.32	26.25	26.74	7772398	252625792.000
05/13/2014	26.74	29.46	26.35	29.46	16335963	560197824.000
05/14/2014	29.00	31.43	28.84	29.93	17559815	647690176.000
05/15/2014	29.92	31.25	28.58	30.42	14339728	525338752.000
05/16/2014	29.83	30.55	28.50	28.50	8894100	318746496.000
05/19/2014	27.92	28.47	26.24	26.90	9905340	327150400.000
05/20/2014	26.93	29.17	26.90	28.87	10611485	364931584.000
05/21/2014	28.46	29.48	28.17	28.75	7007395	245554832.000
05/22/2014	28.77	31.25	28.77	30.16	13294609	491818208.000
05/23/2014	30.33	30.83	29.63	30.67	9364960	345755264.000
05/26/2014	30.98	33.08	30.44	32.76	14746533	575772096.000
05/27/2014	32.50	33.19	31.48	31.78	9744294	382152544.000
05/28/2014	31.83	32.48	31.26	32.37	8911331	345725824.000
05/29/2014	32.37	32.37	29.29	29.60	14499770	532463040.000
05/30/2014	29.65	30.72	28.29	30.00	10182324	364686016.000
06/03/2014	29.68	30.08	29.25	29.35	5224115	188454688.000
06/04/2014	29.42	30.67	29.42	30.67	7955453	292987712.000
06/05/2014	30.74	31.52	30.12	30.73	5544812	207027376.000
06/06/2014	30.69	31.24	30.23	30.41	5189810	194021744.000
06/09/2014	30.17	30.44	28.75	29.43	5380005	193232928.000
06/10/2014	29.30	30.13	29.30	29.88	4634863	167933392.000
06/11/2014	29.83	29.88	28.82	29.33	5996817	212982000.000
06/12/2014	29.17	29.17	27.75	27.81	8498721	292224096.000
06/13/2014	27.63	28.73	27.63	28.17	5674616	196025760.000
06/16/2014	27.95	29.33	27.94	28.98	5611752	197677888.000
06/17/2014	29.08	31.67	29.08	31.17	13405658	500750592.000
06/18/2014	30.92	31.31	29.00	29.29	9238084	336035296.000
06/19/2014	28.75	29.79	27.93	28.20	5793632	203100848.000
06/20/2014	28.45	28.62	27.64	28.58	3261694	112474976.000
06/23/2014	28.75	29.96	28.44	29.58	5794278	206037312.000
06/24/2014	29.35	29.50	28.53	29.15	6031708	212496128.000
06/25/2014	28.96	29.41	28.53	28.66	3284956	115172320.000
06/26/2014	28.67	29.43	28.67	28.94	4679705	165804896.000
06/27/2014	28.75	30.82	28.67	30.02	10182969	371012288.000
06/30/2014	30.25	30.83	29.75	30.58	6739039	248184352.000
07/01/2014	31.75	33.68	31.75	33.68	14865682	596123968.000
07/02/2014	35.33	37.09	34.17	36.46	22953078	992506240.000
07/03/2014	36.25	40.13	35.44	39.08	18386256	845526080.000
07/04/2014	38.66	40.49	37.36	38.46	14508574	682995456.000
07/07/2014	38.73	39.93	37.94	39.63	9356604	442909920.000
07/08/2014	39.02	39.41	37.50	38.33	8596702	401030880.000
07/09/2014	37.92	38.41	36.67	37.25	9325659	422966816.000
07/10/2014	37.65	41.02	36.57	41.02	13516288	644499008.000
07/11/2014	41.26	44.08	40.63	41.45	12891892	661539648.000
07/14/2014	41.08	43.74	40.58	41.36	10644939	544907584.000
07/15/2014	40.67	42.54	39.58	41.04	8166820	405395200.000
07/16/2014	40.39	42.32	40.00	40.47	7525721	375970208.000
07/17/2014	39.58	39.94	36.38	36.38	12768442	575453952.000
07/18/2014	35.42	39.48	35.42	37.88	10707591	494007456.000
07/21/2014	37.99	38.43	37.12	37.28	5337786	243948656.000
07/22/2014	37.19	40.93	37.19	40.79	8929437	425092320.000
07/23/2014	40.42	40.83	39.17	40.20	6760797	327377152.000
07/24/2014	39.54	42.40	36.55	37.59	9361483	455814688.000
07/25/2014	37.07	38.75	36.26	37.56	7275053	333181088.000
07/28/2014	37.68	38.30	35.83	37.25	8459445	377939136.000
07/29/2014	37.24	37.75	36.68	37.56	5899511	267378560.000
07/30/2014	37.84	40.38	37.84	39.93	10200298	489740800.000
07/31/2014	39.59	40.13	39.04	39.67	5910548	282768960.000
08/01/2014	39.47	39.48	37.93	38.11	5150407	240334912.000
08/04/2014	38.23	38.73	37.27	38.64	3778429	175154528.000
08/05/2014	38.42	39.03	37.73	38.63	4297664	200319824.000
08/06/2014	38.92	40.23	38.90	38.97	6771471	324305408.000
08/07/2014	38.76	39.13	38.08	38.11	4181381	195306400.000
08/08/2014	38.12	38.49	37.15	37.63	4119933	188460224.000
08/11/2014	37.64	38.28	37.33	37.97	2934421	134828768.000
08/12/2014	39.23	39.58	38.32	38.58	4216794	198190656.000
08/13/2014	38.42	38.43	37.37	37.67	4521160	206617104.000
08/14/2014	37.41	37.63	36.97	37.00	3574292	161373696.000
08/15/2014	37.20	38.22	37.20	37.67	4497088	206802480.000
08/18/2014	37.82	38.67	37.58	38.66	4378182	202355104.000
08/19/2014	38.75	42.07	38.43	40.88	9386256	456524672.000
08/20/2014	40.80	41.67	40.17	40.33	6826898	339299840.000
08/21/2014	40.50	41.30	39.54	39.82	6539568	263073664.000
08/22/2014	39.80	40.24	38.94	39.40	5144521	202873424.000
08/25/2014	39.35	40.24	39.25	39.62	3947390	157261360.000
08/26/2014	39.41	39.48	37.15	37.73	7197732	273790144.000
08/27/2014	37.52	37.90	37.38	37.73	3047933	114843608.000
08/28/2014	37.73	37.96	36.63	36.69	3596141	133541696.000
08/29/2014	36.64	38.33	36.10	37.81	4795713	180396432.000
09/01/2014	37.80	38.29	37.49	38.10	3836797	145732320.000
09/02/2014	38.10	39.30	38.10	38.88	5488093	213431216.000
09/03/2014	39.10	39.35	38.55	38.85	4824951	187514192.000
09/04/2014	38.80	39.25	38.45	39.19	5039921	195785648.000
09/05/2014	39.30	40.35	39.30	39.71	5802098	231372080.000
09/09/2014	40.01	40.57	39.58	40.08	5007543	200995920.000
09/10/2014	40.01	40.01	39.30	39.57	4127542	163234640.000
09/11/2014	39.60	40.00	39.13	39.15	5134045	202727392.000
09/12/2014	39.28	39.34	38.85	39.28	3712118	144930800.000
09/15/2014	39.30	39.40	38.63	38.87	3911430	151944480.000
09/16/2014	38.76	38.76	37.15	37.22	5761054	218317504.000
09/17/2014	37.39	38.20	36.80	38.13	3091840	116043888.000
09/18/2014	38.13	38.39	37.68	38.08	2215040	84201336.000
09/19/2014	38.09	38.27	37.82	37.99	2088770	79422360.000
09/22/2014	38.00	40.65	37.99	40.00	11042917	439597184.000
09/23/2014	40.00	40.69	39.51	40.40	7660755	307882560.000
09/24/2014	40.40	42.99	40.40	42.65	12356031	523963744.000
09/25/2014	42.87	43.17	41.50	41.82	8597015	363338240.000
09/26/2014	42.00	43.88	41.66	42.41	7472135	320713984.000
09/29/2014	42.35	43.15	42.02	42.04	6037676	255702816.000
09/30/2014	42.06	42.49	41.05	41.46	5986624	249302688.000
10/08/2014	41.40	45.61	41.18	45.58	11416708	499485504.000
10/09/2014	45.00	47.77	44.83	46.13	11192481	519840576.000
10/10/2014	46.36	46.36	44.59	45.06	6896412	311400000.000
10/13/2014	44.90	46.88	43.28	46.50	7058500	317593984.000
10/14/2014	46.50	47.65	45.00	45.62	6573288	304748160.000
10/15/2014	45.95	45.95	44.65	45.28	3788206	170918816.000
10/16/2014	44.68	46.16	43.88	43.88	5961555	269166208.000
10/17/2014	43.66	44.80	42.29	43.89	5099401	222337920.000
10/20/2014	44.28	44.78	43.85	44.57	4034690	179078752.000
10/21/2014	44.58	45.54	44.11	44.74	4267646	191933040.000
10/22/2014	44.80	44.98	42.67	42.69	6304938	274293664.000
10/23/2014	42.58	43.43	41.50	42.61	4509911	191957952.000
10/24/2014	43.00	43.88	40.78	41.20	7778114	327379488.000
10/27/2014	40.20	40.31	38.10	40.30	4963896	196554112.000
10/28/2014	40.49	42.00	40.49	41.89	3841858	158654896.000
10/29/2014	42.10	42.32	41.11	41.57	5679852	236276032.000
10/30/2014	41.69	42.37	41.14	41.30	4452657	185424656.000
10/31/2014	41.70	41.95	40.22	40.49	4506165	184120768.000
数据来源:通达信
