300151 昌红科技 日线
      日期	    开盘	    最高	    最低	    收盘	    成交量	    成交额
12/22/2010	14.85	15.25	14.12	14.41	10489714	472122784.000
12/23/2010	13.85	14.01	12.93	13.18	5781390	240151200.000
12/24/2010	13.12	13.22	12.45	12.59	3191027	125769096.000
12/27/2010	12.42	12.65	11.68	11.82	2539551	96970376.000
12/28/2010	11.59	11.78	11.45	11.71	1462539	52875896.000
12/29/2010	11.75	11.90	11.65	11.81	1129825	41406732.000
12/30/2010	11.77	11.97	11.58	11.77	1050662	38535464.000
12/31/2010	11.75	11.96	11.73	11.86	1184862	43677856.000
01/04/2011	11.92	12.38	11.82	12.26	1459717	54794200.000
01/05/2011	12.15	12.37	12.03	12.18	1208742	45727180.000
01/06/2011	12.12	12.20	11.78	11.82	1044155	38592140.000
01/07/2011	11.80	11.88	11.53	11.58	1541315	55935528.000
01/10/2011	11.50	11.71	11.44	11.65	907155	32611120.000
01/11/2011	11.52	11.58	11.36	11.43	562852	20050068.000
01/12/2011	11.53	11.54	11.31	11.51	419312	14895889.000
01/13/2011	11.52	11.52	11.43	11.46	332199	11833363.000
01/14/2011	11.39	11.46	10.99	11.00	706253	24508646.000
01/17/2011	10.95	10.99	10.36	10.39	655365	21635174.000
01/18/2011	10.30	10.38	10.18	10.32	392057	12559201.000
01/20/2011	10.55	10.55	9.86	9.86	706038	22398430.000
01/21/2011	9.75	9.93	9.52	9.86	368943	11294623.000
01/24/2011	9.85	9.92	9.59	9.64	300741	9140109.000
01/25/2011	9.62	9.80	9.61	9.77	330446	10015796.000
01/26/2011	9.77	10.15	9.77	10.02	525788	16377371.000
01/27/2011	9.93	10.13	9.87	10.08	427204	13388013.000
01/28/2011	10.15	10.32	10.03	10.26	430594	13694925.000
01/31/2011	10.26	10.34	10.12	10.32	385435	12336362.000
02/01/2011	10.31	10.40	10.18	10.29	231470	7420907.000
02/09/2011	10.12	10.24	9.95	9.97	370327	11652889.000
02/10/2011	9.95	10.34	9.88	10.34	421480	13448898.000
02/11/2011	10.34	10.41	10.28	10.41	404673	13070488.000
02/14/2011	10.43	10.78	10.41	10.64	619580	20576312.000
02/15/2011	10.67	10.75	10.59	10.63	469504	15592676.000
02/16/2011	10.62	10.92	10.52	10.90	692863	23265506.000
02/17/2011	10.91	10.98	10.81	10.91	374397	12690900.000
02/18/2011	10.92	10.92	10.58	10.69	407896	13638885.000
02/21/2011	10.58	10.85	10.58	10.82	390280	13058319.000
02/22/2011	10.82	10.88	10.40	10.40	516311	17018888.000
02/23/2011	10.40	10.53	10.38	10.46	255825	8318692.000
02/24/2011	10.44	10.53	10.42	10.51	173959	5684841.500
02/25/2011	10.48	10.68	10.43	10.60	294750	9720061.000
02/28/2011	10.65	11.07	10.65	11.00	913903	31076236.000
03/01/2011	11.00	11.21	10.88	11.06	877168	30225672.000
03/02/2011	10.98	11.06	10.89	11.05	448306	15296954.000
03/03/2011	11.05	11.12	10.79	10.79	451491	15349470.000
03/04/2011	10.78	10.91	10.72	10.86	243159	8190572.500
03/07/2011	10.88	10.95	10.82	10.93	340583	11555238.000
03/08/2011	10.93	10.97	10.87	10.89	181249	6148299.500
03/09/2011	10.89	10.95	10.83	10.84	366530	12417886.000
03/10/2011	10.86	10.96	10.85	10.87	293961	9985051.000
03/11/2011	10.86	11.01	10.78	10.91	470510	15990376.000
03/14/2011	10.87	11.12	10.79	11.02	655665	22512686.000
03/15/2011	11.04	11.21	10.78	10.93	595693	20330742.000
03/16/2011	10.79	10.95	10.79	10.87	344297	11650953.000
03/17/2011	10.83	10.83	10.59	10.62	430485	14331695.000
03/18/2011	10.65	10.76	10.50	10.54	269617	8890259.000
03/21/2011	10.55	10.65	10.49	10.58	148550	4902865.500
03/22/2011	10.64	10.69	10.48	10.66	128840	4249645.000
03/23/2011	10.67	10.72	10.62	10.68	254551	8466179.000
03/24/2011	10.70	10.75	10.69	10.70	224445	7496835.500
03/25/2011	10.75	11.02	10.75	11.02	787001	26773504.000
03/28/2011	11.02	11.36	10.75	10.87	754465	25889148.000
03/29/2011	10.88	10.88	10.37	10.40	653788	21518276.000
03/30/2011	10.39	10.43	9.92	9.95	547000	17264960.000
03/31/2011	10.02	10.10	9.95	10.07	281360	8830143.000
04/01/2011	10.14	10.18	10.08	10.18	321262	10171114.000
04/06/2011	10.24	10.36	10.12	10.31	280136	8977665.000
04/07/2011	10.32	10.47	10.16	10.45	314707	10121800.000
04/08/2011	10.29	10.35	10.18	10.31	577118	18482902.000
04/11/2011	10.31	10.33	9.23	9.85	1300194	39832860.000
04/12/2011	9.74	9.84	9.63	9.69	586133	17814430.000
04/13/2011	9.67	9.78	9.62	9.78	456178	13896565.000
04/14/2011	9.81	9.81	9.62	9.62	433400	13129090.000
04/15/2011	9.62	9.72	9.57	9.66	420477	12677533.000
04/18/2011	9.66	9.66	9.58	9.65	327880	9862773.000
04/19/2011	9.58	9.62	9.48	9.54	475231	14202164.000
04/20/2011	9.57	9.68	9.52	9.67	367414	11056869.000
04/21/2011	9.67	9.80	9.62	9.75	408341	12420377.000
04/22/2011	9.69	9.85	9.68	9.76	324434	9868930.000
04/25/2011	9.75	9.75	9.42	9.42	432976	12909541.000
04/26/2011	9.08	9.10	8.68	8.73	759507	21243968.000
04/27/2011	8.84	8.87	8.41	8.48	491010	13316507.000
04/29/2011	8.20	8.53	8.20	8.53	278426	7334661.500
05/03/2011	8.54	8.66	8.50	8.65	180753	4880767.500
05/04/2011	8.65	8.71	8.38	8.39	162630	4340622.500
05/05/2011	8.48	8.57	8.32	8.54	118289	3155189.250
05/06/2011	8.51	8.61	8.44	8.58	96023	2573821.750
05/09/2011	8.64	8.68	8.55	8.59	156803	4254749.000
05/10/2011	8.65	8.65	8.56	8.62	94518	2552611.750
05/11/2011	8.62	8.71	8.62	8.69	166879	4550671.000
05/12/2011	8.62	8.65	8.52	8.52	239337	6453373.000
05/13/2011	8.58	8.63	8.52	8.62	135607	3661617.500
05/17/2011	8.55	8.62	8.49	8.57	106779	2871460.000
05/18/2011	8.61	8.61	8.42	8.55	107577	2886857.000
05/19/2011	8.58	8.59	8.45	8.46	109295	2925927.500
05/20/2011	8.58	8.58	8.44	8.47	135309	3611468.250
05/23/2011	8.45	8.51	8.02	8.15	374849	9640487.000
05/24/2011	8.09	8.35	7.91	8.32	330044	8540747.000
05/25/2011	8.25	8.32	7.99	8.06	223281	5717417.000
05/26/2011	7.92	8.05	7.69	7.71	328998	5317587.000
05/27/2011	7.69	7.70	7.40	7.41	419076	6465202.000
05/30/2011	7.34	7.49	7.26	7.26	270612	4132594.000
05/31/2011	7.26	7.42	7.21	7.40	267737	4039919.750
06/01/2011	7.43	7.53	7.38	7.44	216913	3342880.750
06/02/2011	7.44	7.44	7.20	7.27	203399	3061875.500
06/03/2011	7.32	7.43	7.25	7.36	251725	3832879.750
06/07/2011	7.37	7.42	7.35	7.40	162202	2475824.000
06/08/2011	7.40	7.42	7.28	7.41	167575	2541153.750
06/09/2011	7.33	7.41	7.19	7.20	300030	4504103.000
06/10/2011	7.21	7.23	7.02	7.11	198104	2914651.250
06/13/2011	7.05	7.15	6.98	7.14	160851	2363063.250
06/14/2011	7.14	7.24	7.10	7.24	228232	3401766.500
06/15/2011	7.18	7.27	7.13	7.22	140950	2100323.000
06/16/2011	7.15	7.18	7.03	7.05	254363	3727979.500
06/17/2011	7.04	7.09	6.91	6.96	157050	2283185.750
06/20/2011	6.91	6.95	6.81	6.93	161137	2300120.000
06/21/2011	6.93	6.99	6.85	6.96	92971	1336797.875
06/22/2011	6.97	7.00	6.88	6.89	92181	1322554.125
06/23/2011	6.89	7.11	6.83	7.11	547552	7995868.000
06/27/2011	7.30	7.84	7.30	7.84	2440905	38825264.000
06/28/2011	7.95	8.49	7.88	8.30	4044232	68449696.000
06/29/2011	8.17	8.24	7.95	7.95	1795050	29927502.000
06/30/2011	7.98	8.15	7.95	8.00	787622	13061083.000
07/01/2011	8.00	8.15	7.99	8.14	916699	15239431.000
07/04/2011	7.96	8.23	7.96	8.20	1392740	23364822.000
07/05/2011	8.20	8.20	7.96	8.09	1135512	18846066.000
07/06/2011	8.09	8.15	7.99	8.15	940531	15654263.000
07/07/2011	8.13	8.49	8.12	8.30	1854335	31682022.000
07/08/2011	8.28	8.34	8.06	8.14	809716	13612331.000
07/11/2011	8.08	8.18	8.08	8.13	583849	9781923.000
07/12/2011	8.08	8.08	7.85	7.87	581764	9511166.000
07/13/2011	7.85	8.06	7.84	8.06	630903	10381937.000
07/14/2011	8.07	8.29	8.06	8.26	985469	16588295.000
07/15/2011	8.34	8.75	8.31	8.50	2229664	39228740.000
07/18/2011	8.50	8.55	8.35	8.38	1098935	19009744.000
07/19/2011	8.35	8.39	8.11	8.13	650299	11003077.000
07/20/2011	8.18	8.29	8.07	8.23	509030	8593977.000
07/21/2011	8.25	8.25	7.93	7.95	542450	9016009.000
07/22/2011	7.97	8.09	7.93	7.97	348644	5752438.000
07/25/2011	8.07	8.07	7.55	7.60	533622	8577256.000
07/26/2011	7.56	7.68	7.39	7.53	372112	5760357.000
07/28/2011	7.70	8.31	7.70	8.31	1284648	21548832.000
07/29/2011	8.55	8.94	8.51	8.70	4934439	88124688.000
08/01/2011	8.50	8.70	8.35	8.56	2124322	37416324.000
08/02/2011	8.44	9.20	8.44	9.05	3813843	69206272.000
08/03/2011	8.95	9.09	8.76	8.92	2490483	45665840.000
08/04/2011	8.85	8.98	8.47	8.64	2000107	35806772.000
08/05/2011	8.25	8.50	8.17	8.27	1517817	26005516.000
08/08/2011	8.20	8.20	7.42	7.50	1659754	26456376.000
08/09/2011	7.25	7.55	6.86	7.44	1388980	20764454.000
08/10/2011	7.59	7.75	7.49	7.57	1086723	17047678.000
08/11/2011	7.26	8.00	7.26	7.92	1502265	24150344.000
08/12/2011	7.92	8.13	7.88	8.02	1717132	28275030.000
08/15/2011	7.98	8.29	7.98	8.28	1362805	22929882.000
08/16/2011	8.30	8.35	8.03	8.08	1028830	17330228.000
08/17/2011	8.02	8.10	7.85	7.94	855029	14028046.000
08/18/2011	7.93	7.93	7.70	7.70	740561	11947376.000
08/19/2011	7.50	7.65	7.44	7.65	715128	11173253.000
08/22/2011	7.65	7.99	7.65	7.82	957672	15478117.000
08/23/2011	7.81	8.35	7.81	8.32	1835811	30695726.000
08/24/2011	8.20	8.45	8.19	8.21	2552708	43571100.000
08/25/2011	8.22	8.28	7.91	8.25	1976983	33141130.000
08/26/2011	8.20	8.59	8.19	8.44	1777731	30891938.000
08/29/2011	8.40	8.73	8.30	8.62	1929287	33997376.000
08/30/2011	8.63	8.72	8.16	8.25	1449373	25220338.000
08/31/2011	8.24	8.28	8.03	8.03	1399428	23406524.000
09/01/2011	8.14	8.24	7.99	8.01	664993	11070126.000
09/02/2011	7.98	8.09	7.85	8.03	417854	6861990.000
09/05/2011	7.95	7.95	7.58	7.58	587538	9369124.000
09/06/2011	7.50	7.65	7.40	7.54	456901	7078374.500
09/07/2011	7.66	7.84	7.55	7.81	570490	9065818.000
09/08/2011	7.98	7.98	7.60	7.63	471683	7558595.000
09/09/2011	7.60	7.73	7.54	7.65	457824	7212688.500
09/13/2011	7.54	7.63	7.40	7.55	265362	4125669.250
09/14/2011	7.65	7.73	7.48	7.73	380261	5994893.000
09/15/2011	7.75	7.88	7.70	7.80	494197	7967154.000
09/16/2011	7.80	7.90	7.62	7.65	411569	6601518.000
09/19/2011	7.65	7.66	7.26	7.32	406799	6238379.500
09/20/2011	7.30	7.48	7.30	7.36	216314	3295205.250
09/21/2011	7.36	7.64	7.35	7.61	494752	7727893.500
09/22/2011	7.55	7.59	7.31	7.31	366917	5655846.500
09/23/2011	7.25	7.34	7.15	7.32	334895	5009519.000
09/26/2011	7.21	7.33	7.19	7.19	256960	3858114.750
09/27/2011	7.30	7.30	7.19	7.24	218290	3268529.250
09/28/2011	7.25	7.36	7.03	7.04	224200	3338264.750
09/29/2011	7.04	7.04	6.86	6.88	302566	4351586.500
09/30/2011	6.98	6.98	6.75	6.83	177716	2512697.000
10/10/2011	6.78	6.90	6.78	6.85	81990	1164552.500
10/11/2011	7.00	7.09	6.75	6.80	175007	2498095.500
10/12/2011	6.75	7.10	6.65	7.05	247088	3569997.500
10/13/2011	7.04	7.18	7.01	7.15	395643	5837895.500
10/14/2011	7.15	7.29	7.07	7.26	412619	6141631.500
10/17/2011	7.34	7.34	7.11	7.18	328670	4899335.000
10/18/2011	7.10	7.22	6.86	6.90	345250	5025191.500
10/19/2011	6.93	6.96	6.80	6.87	211000	3004462.000
10/20/2011	6.85	6.85	6.61	6.67	271319	3750862.750
10/21/2011	6.50	6.74	6.50	6.54	315367	4286977.000
10/24/2011	6.60	6.60	6.37	6.54	443586	5970196.500
10/25/2011	6.56	6.77	6.49	6.75	331594	4582766.000
10/26/2011	6.70	7.45	6.66	7.45	1936812	29166118.000
10/27/2011	7.50	7.50	7.16	7.28	1559814	23456700.000
10/28/2011	7.33	7.36	7.21	7.32	1304974	19694928.000
10/31/2011	7.38	7.42	7.29	7.39	1053128	16009876.000
11/01/2011	7.34	7.50	7.24	7.42	1001560	15250575.000
11/02/2011	7.26	7.60	7.25	7.55	1349435	20777638.000
11/03/2011	7.55	7.78	7.48	7.51	1755605	27658532.000
11/04/2011	7.55	7.59	7.33	7.57	929542	14423095.000
11/07/2011	7.57	7.65	7.43	7.51	597475	9291807.000
11/08/2011	7.53	7.96	7.48	7.60	1642497	26296844.000
11/09/2011	7.60	7.79	7.37	7.77	1266707	19903484.000
11/10/2011	7.68	8.55	7.63	8.09	3765554	63322800.000
11/11/2011	8.14	8.36	7.95	8.06	1907365	31923094.000
11/14/2011	8.19	8.22	7.98	8.19	1387735	23290632.000
11/15/2011	8.16	8.22	8.01	8.19	1005554	16789872.000
11/16/2011	8.18	8.19	7.67	7.74	1135816	18505014.000
11/17/2011	7.75	7.89	7.66	7.70	809262	12962559.000
11/18/2011	7.69	7.69	7.29	7.30	864737	13287555.000
11/21/2011	7.29	7.35	7.16	7.27	461998	6930504.500
11/22/2011	7.21	7.33	7.17	7.31	381523	5724729.000
11/23/2011	7.33	7.50	7.25	7.42	758151	11588079.000
11/24/2011	7.27	7.38	7.16	7.35	454405	6862993.500
11/25/2011	7.40	7.40	7.03	7.10	663186	9832175.000
11/28/2011	7.15	7.16	6.93	7.10	393900	5738225.500
11/29/2011	7.15	7.20	7.04	7.20	819474	12078460.000
11/30/2011	7.19	7.20	6.61	6.70	655644	9333928.000
12/01/2011	6.88	7.00	6.60	6.66	890352	12592282.000
12/02/2011	6.65	6.68	6.44	6.47	436197	5915443.000
12/05/2011	6.51	6.59	6.40	6.42	438750	5907542.000
12/06/2011	6.42	6.58	6.38	6.54	322634	4351229.000
12/07/2011	6.46	6.63	6.46	6.63	298863	4082900.000
12/08/2011	6.55	6.74	6.48	6.65	370538	5103007.000
12/09/2011	6.51	6.67	6.51	6.56	250167	3414617.750
12/12/2011	6.53	6.64	6.50	6.53	324983	4426627.500
12/13/2011	6.58	6.58	6.15	6.15	480885	6241562.500
12/14/2011	6.18	6.18	5.87	5.92	317150	3986999.000
12/15/2011	5.90	5.93	5.73	5.75	526339	6394224.000
12/16/2011	5.73	5.96	5.66	5.95	743518	8977908.000
12/19/2011	5.86	5.93	5.73	5.91	644681	7828641.500
12/20/2011	5.84	6.00	5.80	5.82	524414	6452112.000
12/21/2011	5.93	5.94	5.54	5.55	489301	5898689.500
12/22/2011	5.51	5.51	5.15	5.33	694090	7737447.000
12/23/2011	5.39	5.49	5.31	5.41	313665	3554668.750
12/26/2011	5.41	5.48	5.29	5.31	282972	3186268.000
12/27/2011	5.30	5.30	5.11	5.12	316322	3436398.750
12/28/2011	5.11	5.11	4.90	5.04	316581	3299446.500
12/29/2011	4.96	5.11	4.96	5.03	157033	1662261.500
12/30/2011	4.98	5.19	4.98	5.17	208134	2237604.000
01/04/2012	5.24	5.28	5.00	5.01	161636	1734258.375
01/05/2012	4.91	4.94	4.65	4.70	415393	4182098.500
01/06/2012	4.73	4.79	4.57	4.77	364964	3602498.000
01/09/2012	4.70	5.06	4.70	5.02	346689	3568410.750
01/10/2012	5.00	5.45	5.00	5.29	716589	7878760.500
01/11/2012	5.29	5.40	5.23	5.31	653953	7256823.000
01/12/2012	5.30	5.36	5.20	5.21	460290	5074809.500
01/13/2012	5.30	5.30	4.76	4.88	419624	4406761.000
01/16/2012	4.77	4.92	4.73	4.74	173660	1753036.625
01/17/2012	4.68	5.15	4.66	5.10	439849	4564835.000
01/18/2012	5.13	5.13	4.86	4.88	301852	3175169.500
01/19/2012	4.96	5.03	4.83	5.00	243850	2540911.000
01/20/2012	5.02	5.09	4.96	5.07	279560	2962014.500
01/30/2012	5.15	5.15	5.02	5.06	218250	2328014.500
01/31/2012	5.03	5.06	4.83	4.91	222230	2299105.000
02/01/2012	4.87	4.99	4.86	4.88	192754	1989980.625
02/02/2012	4.88	4.99	4.83	4.97	191936	1981817.000
02/03/2012	4.97	5.11	4.91	5.10	448880	4757524.500
02/06/2012	5.11	5.22	5.10	5.18	544934	5895435.000
02/07/2012	5.18	5.18	5.07	5.13	361921	3863582.000
02/08/2012	5.12	5.35	5.08	5.35	776360	8561352.000
02/09/2012	5.30	5.47	5.28	5.36	692116	7790396.500
02/10/2012	5.36	5.48	5.33	5.35	457737	5164030.500
02/13/2012	5.30	5.45	5.26	5.41	476511	5364916.000
02/14/2012	5.41	5.41	5.31	5.38	290243	3251935.750
02/15/2012	5.38	5.55	5.32	5.54	611453	6952361.000
02/16/2012	5.54	5.63	5.42	5.52	757552	8741230.000
02/17/2012	5.51	5.59	5.38	5.46	433575	4939623.000
02/20/2012	5.47	5.56	5.39	5.43	527500	6051408.000
02/21/2012	5.43	5.52	5.33	5.51	361235	4103062.250
02/22/2012	5.51	5.72	5.48	5.68	1062457	12444451.000
02/23/2012	5.66	6.28	5.63	6.28	5362733	69653040.000
02/24/2012	6.30	6.37	6.18	6.23	3129462	40780744.000
02/27/2012	6.19	6.22	6.10	6.14	1686613	21623218.000
02/28/2012	6.09	6.24	6.08	6.14	1406092	18035470.000
02/29/2012	6.05	6.15	5.95	5.99	982873	12319139.000
03/01/2012	5.99	6.07	5.93	6.00	1238300	15484239.000
03/02/2012	6.02	6.16	5.96	6.15	1233312	15637576.000
03/05/2012	6.16	6.23	6.07	6.09	750275	9551826.000
03/06/2012	6.13	6.13	5.86	5.90	1046110	12943628.000
03/07/2012	5.89	6.01	5.83	5.90	580897	7187766.500
03/08/2012	5.95	6.04	5.91	5.99	546467	6801012.500
03/09/2012	6.01	6.09	5.96	6.07	609408	7671421.500
03/12/2012	6.08	6.12	6.01	6.08	833405	10509030.000
03/13/2012	6.12	6.19	6.06	6.17	849837	10832824.000
03/14/2012	6.24	6.35	5.75	5.75	1991045	25400430.000
03/15/2012	5.75	5.84	5.53	5.66	955238	11285908.000
03/16/2012	5.63	5.80	5.63	5.80	665313	7940763.000
03/19/2012	5.81	5.85	5.74	5.85	642328	7776102.000
03/20/2012	5.85	5.85	5.62	5.64	600750	7131685.500
03/21/2012	5.67	5.68	5.53	5.67	493302	5785313.000
03/22/2012	5.61	5.70	5.55	5.66	483713	5668390.000
03/23/2012	5.66	5.66	5.50	5.51	314040	3651321.000
03/26/2012	5.57	5.58	5.43	5.53	259312	2978704.000
03/27/2012	5.53	5.57	5.46	5.53	338188	3910339.500
03/28/2012	5.49	5.51	5.13	5.17	529251	5824573.500
03/29/2012	5.15	5.18	4.90	4.95	456132	4788586.000
03/30/2012	5.05	5.05	4.85	4.90	395590	4080389.750
04/05/2012	4.90	5.03	4.81	5.01	379723	3958143.750
04/06/2012	4.98	5.13	4.98	5.10	356288	3785734.250
04/09/2012	5.11	5.23	5.07	5.07	385949	4179572.250
04/10/2012	5.01	5.12	4.89	5.09	472920	4958305.000
04/11/2012	5.01	5.18	5.01	5.17	315690	3378207.000
04/12/2012	5.09	5.25	5.07	5.25	709644	7689854.500
04/13/2012	5.28	5.65	5.28	5.42	1001726	11463301.000
04/16/2012	5.25	5.41	5.25	5.32	458190	5118652.500
04/17/2012	5.44	5.74	5.44	5.49	1335199	15568261.000
04/18/2012	5.45	5.58	5.35	5.56	888227	10178599.000
04/19/2012	5.55	5.57	5.47	5.54	549845	6329311.500
04/20/2012	5.46	5.60	5.46	5.60	625407	7256525.000
04/23/2012	5.54	5.58	5.07	5.10	1006400	11109115.000
04/24/2012	5.10	5.15	4.96	5.07	446196	4721188.000
04/25/2012	5.03	5.19	5.02	5.14	277010	2977460.250
04/26/2012	5.19	5.34	5.15	5.15	300852	3293218.000
04/27/2012	5.15	5.23	5.12	5.17	351755	3820145.750
05/02/2012	5.23	5.30	5.17	5.24	256099	2807415.750
05/03/2012	5.25	5.27	5.16	5.27	373694	4099306.250
05/04/2012	5.27	5.43	5.24	5.38	412799	4617862.500
05/07/2012	5.35	5.44	5.32	5.40	352135	3951974.000
05/08/2012	5.41	5.52	5.34	5.40	439322	4980918.500
05/09/2012	5.39	5.66	5.36	5.59	843060	9666765.000
05/10/2012	5.58	6.14	5.46	5.87	2397712	29101902.000
05/11/2012	5.84	6.12	5.76	6.00	1781846	22050482.000
05/14/2012	6.03	6.03	5.74	5.82	717965	8827124.000
05/15/2012	5.76	5.85	5.53	5.71	977300	11638638.000
05/16/2012	5.66	5.74	5.57	5.57	453630	5356295.000
05/17/2012	5.65	5.97	5.55	5.81	1040651	12579409.000
05/18/2012	5.75	5.80	5.55	5.57	535096	6342779.000
05/21/2012	5.59	5.65	5.50	5.65	341687	3975089.500
05/22/2012	5.65	5.74	5.62	5.74	383648	4562477.500
05/23/2012	5.73	5.81	5.62	5.81	378408	4530676.000
05/24/2012	5.71	5.83	5.71	5.80	361571	4352303.000
05/25/2012	5.83	5.83	5.56	5.71	288955	3429250.000
05/28/2012	5.61	5.78	5.53	5.78	297891	3516584.750
05/29/2012	5.66	5.87	5.66	5.85	432462	5243430.000
05/30/2012	5.83	5.88	5.79	5.85	254893	3104336.000
05/31/2012	5.80	5.89	5.73	5.81	406354	4920268.500
06/01/2012	5.84	5.96	5.71	5.88	965451	11740813.000
06/04/2012	5.76	5.80	5.57	5.63	432058	5127841.000
06/05/2012	5.65	5.66	5.57	5.63	201771	2364981.250
06/06/2012	5.63	5.65	5.53	5.64	113982	1336686.875
06/07/2012	5.70	5.70	5.51	5.53	213051	2492774.750
06/08/2012	5.56	5.59	5.34	5.50	363530	4150378.500
06/11/2012	5.42	5.77	5.42	5.76	555259	6542841.000
06/12/2012	5.69	5.96	5.67	5.93	1542884	18817162.000
06/13/2012	5.89	6.11	5.84	6.00	1407803	17533668.000
06/14/2012	6.02	6.02	5.87	5.98	1037879	12824783.000
06/15/2012	5.92	6.60	5.86	6.30	2997246	39465536.000
06/18/2012	6.22	6.32	6.11	6.18	1357078	17493706.000
06/19/2012	6.12	6.29	6.00	6.17	1221881	15525995.000
06/20/2012	6.14	6.45	6.08	6.19	2161746	28243590.000
06/21/2012	6.18	6.18	6.00	6.04	462634	5832162.500
06/25/2012	6.05	6.05	5.81	5.81	408600	5034631.000
06/26/2012	5.77	6.10	5.68	5.75	1285230	15584113.000
06/27/2012	5.70	5.79	5.68	5.68	526232	6298784.000
06/28/2012	5.71	5.74	5.53	5.53	542977	6372790.500
06/29/2012	5.60	5.65	5.38	5.62	475022	5382111.000
07/02/2012	5.64	5.75	5.59	5.68	349009	4060861.500
07/03/2012	5.68	5.78	5.67	5.73	378701	4449871.000
07/04/2012	5.75	5.75	5.61	5.67	370650	4304979.000
07/05/2012	5.67	5.67	5.51	5.54	282919	3224956.000
07/06/2012	5.59	5.59	5.31	5.58	508381	5693736.000
07/09/2012	5.51	5.59	5.45	5.47	304366	3451099.250
07/10/2012	5.45	5.53	5.42	5.45	218630	2456077.000
07/11/2012	5.50	5.53	5.44	5.53	162700	1834098.250
07/12/2012	5.55	5.59	5.44	5.59	338497	3850086.250
07/13/2012	5.60	5.60	5.54	5.60	362550	4156169.750
07/16/2012	5.65	5.69	5.21	5.21	357405	3961190.500
07/17/2012	5.35	5.35	5.18	5.35	207359	2249992.000
07/18/2012	5.35	5.54	5.21	5.48	199220	2206079.500
07/19/2012	5.45	5.59	5.30	5.58	306957	3479323.500
07/20/2012	5.52	5.61	5.39	5.43	312266	3516351.000
07/23/2012	5.37	5.37	5.19	5.21	402773	4351647.000
07/24/2012	5.26	5.28	5.16	5.27	216769	2327765.000
07/25/2012	5.21	5.29	5.20	5.22	155700	1675807.000
07/26/2012	5.21	5.26	5.00	5.07	466500	4898695.000
07/27/2012	5.10	5.10	4.92	4.97	243349	2509275.250
07/30/2012	4.91	5.04	4.81	4.87	211610	2133573.750
07/31/2012	4.90	4.93	4.82	4.88	135410	1356286.250
08/01/2012	4.89	5.01	4.89	4.96	133118	1359837.250
08/02/2012	4.95	4.95	4.83	4.90	93042	935681.188
08/03/2012	4.89	4.99	4.84	4.99	124167	1257415.000
08/06/2012	5.00	5.11	4.95	5.11	191895	1995408.000
08/07/2012	5.10	5.14	5.08	5.14	169288	1780526.000
08/08/2012	5.12	5.17	5.10	5.13	145451	1534902.000
08/09/2012	5.10	5.20	5.06	5.20	260590	2754989.250
08/10/2012	5.20	5.29	5.17	5.20	256761	2759055.750
08/13/2012	5.18	5.18	5.05	5.05	212751	2241580.000
08/14/2012	5.02	5.15	5.01	5.15	112200	1172738.500
08/15/2012	5.10	5.12	5.05	5.10	76900	802978.000
08/16/2012	5.03	5.10	5.01	5.10	122407	1277030.750
08/17/2012	5.07	5.09	5.04	5.09	55341	577331.250
08/20/2012	5.07	5.07	4.96	5.03	91340	946917.188
08/21/2012	5.01	5.44	5.01	5.36	759388	8251095.000
08/22/2012	5.31	5.40	5.26	5.35	387608	4254843.500
08/23/2012	5.37	5.45	5.31	5.34	175673	1928927.750
08/24/2012	5.32	5.33	5.21	5.27	147868	1606795.625
08/27/2012	5.27	5.27	5.17	5.19	118681	1269388.500
08/28/2012	5.21	5.28	5.15	5.25	134970	1451639.000
08/29/2012	5.23	5.36	5.23	5.30	317547	3472985.250
08/30/2012	5.31	5.38	5.02	5.17	238746	2558548.250
08/31/2012	5.18	5.50	5.06	5.46	952064	10531722.000
09/03/2012	5.38	5.52	5.38	5.50	356384	4007243.000
09/04/2012	5.43	5.69	5.40	5.69	984096	11249136.000
09/05/2012	5.68	5.75	5.55	5.69	1228385	14293710.000
09/06/2012	5.66	5.79	5.50	5.59	1407162	16360646.000
09/07/2012	5.58	5.74	5.58	5.64	866536	10048913.000
09/10/2012	5.63	5.68	5.58	5.65	419381	4852754.000
09/11/2012	5.64	5.90	5.61	5.74	2337158	27562982.000
09/12/2012	5.78	6.04	5.75	5.91	3619856	43760684.000
09/13/2012	5.88	6.03	5.78	5.93	3405276	41403396.000
09/14/2012	5.93	6.04	5.79	5.95	3309460	40389880.000
09/17/2012	5.88	5.95	5.37	5.60	6185207	70606696.000
09/18/2012	5.48	5.60	5.36	5.53	2260475	25497846.000
09/19/2012	5.53	5.68	5.45	5.54	2899789	33197762.000
09/20/2012	5.55	5.55	5.26	5.38	1150484	12788751.000
09/21/2012	5.34	5.48	5.18	5.28	1544652	16826236.000
09/24/2012	5.26	5.40	5.13	5.31	1621116	17563906.000
09/25/2012	5.31	5.47	5.26	5.41	1816099	20185258.000
09/26/2012	5.39	5.48	5.11	5.24	1328112	14341346.000
09/27/2012	5.15	5.44	5.12	5.38	1507754	16518093.000
09/28/2012	5.38	5.60	5.30	5.55	2253754	25384854.000
10/08/2012	5.56	5.83	5.55	5.77	4024344	46982128.000
10/09/2012	5.72	5.95	5.55	5.73	6148079	71401864.000
10/10/2012	5.64	5.76	5.62	5.68	3430121	40010312.000
10/11/2012	5.63	5.77	5.60	5.60	3489215	40674312.000
10/12/2012	5.61	5.66	5.23	5.25	3453322	38374104.000
10/15/2012	5.25	5.25	4.85	5.03	2041065	21112996.000
10/16/2012	4.98	5.10	4.98	5.03	1220596	12693390.000
10/17/2012	5.05	5.28	4.97	5.18	2191500	23087086.000
10/18/2012	5.18	5.32	5.13	5.22	2205943	23699644.000
10/19/2012	5.21	5.26	5.07	5.12	1087341	11513472.000
10/22/2012	5.11	5.24	5.08	5.19	842662	8954461.000
10/23/2012	5.20	5.23	5.08	5.13	601637	6349202.000
10/24/2012	5.01	5.19	5.01	5.10	500260	5249032.000
10/25/2012	5.10	5.15	4.98	4.99	725100	7562475.000
10/26/2012	4.98	5.03	4.73	4.96	1796253	18263762.000
10/29/2012	4.88	5.22	4.86	5.07	1384146	14410375.000
10/30/2012	5.05	5.19	5.02	5.05	673331	7062940.000
10/31/2012	5.02	5.15	4.93	5.01	622173	6425298.000
11/01/2012	5.05	5.17	5.01	5.08	1270649	13313881.000
11/02/2012	5.12	5.12	5.05	5.05	628259	6551275.500
11/05/2012	5.05	5.13	4.96	4.99	1078609	11121830.000
11/06/2012	4.98	5.02	4.86	4.94	464750	4711249.000
11/07/2012	4.93	4.97	4.89	4.89	493115	4995225.000
11/08/2012	4.85	4.89	4.70	4.70	964440	9522417.000
11/09/2012	4.70	4.73	4.60	4.60	599992	5779148.500
11/12/2012	4.63	4.66	4.61	4.65	370687	3549062.500
11/13/2012	4.65	4.66	4.51	4.52	475148	4493652.500
11/14/2012	4.52	4.68	4.49	4.56	857799	8079057.500
11/15/2012	4.56	4.57	4.36	4.37	600499	5526529.000
11/16/2012	4.41	4.41	4.34	4.35	355607	3204041.750
11/19/2012	4.31	4.37	4.31	4.37	302213	2713733.000
11/20/2012	4.39	4.54	4.38	4.46	837997	7714676.000
11/21/2012	4.45	4.49	4.40	4.48	599123	5515732.000
11/22/2012	4.48	4.48	4.41	4.42	392700	3596318.000
11/23/2012	4.42	4.45	4.38	4.42	287145	2626332.500
11/26/2012	4.42	4.42	4.34	4.34	205569	1860577.875
11/27/2012	4.37	4.37	4.05	4.07	602301	5197816.500
11/28/2012	4.06	4.06	3.85	3.91	631900	5152641.000
11/29/2012	3.94	3.99	3.89	3.90	620615	5085085.000
11/30/2012	3.90	3.96	3.90	3.94	181408	1478845.375
12/03/2012	3.92	3.96	3.89	3.90	397306	3243775.750
12/04/2012	3.88	4.13	3.71	4.05	1141652	9381368.000
12/05/2012	4.02	4.20	4.02	4.15	1676432	14371705.000
12/06/2012	4.13	4.19	4.08	4.11	574917	4913542.500
12/07/2012	4.10	4.22	4.09	4.18	725623	6254081.000
12/10/2012	4.18	4.29	4.15	4.28	1111126	9705424.000
12/11/2012	4.28	4.28	4.15	4.22	787772	6885284.000
12/12/2012	4.18	4.23	4.09	4.13	667529	5716942.500
12/13/2012	4.11	4.15	4.07	4.07	420750	3583050.750
12/14/2012	4.10	4.33	4.05	4.25	1315403	11454547.000
12/17/2012	4.25	4.33	4.23	4.28	1129619	9988807.000
12/18/2012	4.26	4.32	4.25	4.25	774430	6854525.500
12/19/2012	4.25	4.31	4.22	4.29	656354	5807124.000
12/20/2012	4.29	4.47	4.25	4.42	1325514	11922019.000
12/21/2012	4.40	4.44	4.33	4.40	1223225	11114436.000
12/24/2012	4.39	4.48	4.38	4.41	874340	7986686.000
12/25/2012	4.39	4.53	4.39	4.49	1219517	11249618.000
12/26/2012	4.52	4.64	4.48	4.62	1335313	12589650.000
12/27/2012	4.63	4.74	4.47	4.48	1284400	12146274.000
12/28/2012	4.48	4.58	4.46	4.56	829284	7743385.000
12/31/2012	4.58	4.62	4.54	4.59	866729	8199118.500
01/04/2013	4.65	4.67	4.50	4.54	665777	6272486.500
01/07/2013	4.54	4.63	4.53	4.62	846757	8021328.000
01/08/2013	4.62	4.80	4.59	4.69	1517051	14676272.000
01/09/2013	4.73	4.74	4.62	4.68	938754	9071825.000
01/10/2013	4.66	4.75	4.65	4.70	917340	8899278.000
01/11/2013	4.73	4.79	4.58	4.60	1512706	14646872.000
01/14/2013	4.60	4.77	4.55	4.75	1580313	15264810.000
01/15/2013	4.75	4.88	4.73	4.84	2365651	23485380.000
01/16/2013	4.82	4.87	4.69	4.77	1756425	17267724.000
01/17/2013	4.77	4.79	4.69	4.70	945693	9227545.000
01/18/2013	4.74	4.82	4.72	4.80	1382277	13601907.000
01/21/2013	4.84	4.89	4.78	4.83	1374696	13693632.000
01/22/2013	4.83	4.85	4.67	4.71	1496223	14724783.000
01/23/2013	4.69	4.72	4.57	4.69	904080	8683444.000
01/24/2013	4.69	4.78	4.52	4.54	1293025	12368022.000
01/25/2013	4.55	4.57	4.50	4.54	516850	4841705.000
01/28/2013	4.57	4.68	4.54	4.67	759190	7224529.500
01/29/2013	4.68	4.74	4.64	4.71	577450	5609918.000
01/30/2013	4.73	4.76	4.64	4.75	1151569	11160955.000
01/31/2013	4.80	4.80	4.70	4.74	744094	7283913.000
02/01/2013	4.71	5.23	4.71	5.23	5162682	53815236.000
02/04/2013	5.31	5.35	5.13	5.23	6810860	73437480.000
02/05/2013	5.11	5.13	4.97	5.05	3201569	33185750.000
02/06/2013	5.06	5.10	4.96	4.99	2357636	24373478.000
02/07/2013	5.00	5.09	4.99	5.01	1717367	17799218.000
02/08/2013	5.02	5.05	4.96	5.01	1445587	14919071.000
02/18/2013	5.00	5.09	4.98	5.07	1454841	15083671.000
02/19/2013	5.06	5.09	4.91	4.91	1419459	14540397.000
02/20/2013	4.91	5.04	4.88	5.00	1342875	13737715.000
02/21/2013	4.97	4.99	4.86	4.91	1136295	11529775.000
02/22/2013	4.89	4.99	4.89	4.94	890123	9063400.000
02/25/2013	4.90	5.07	4.90	5.03	1441386	14878587.000
02/26/2013	5.03	5.12	4.92	4.93	1617833	16798220.000
02/27/2013	4.94	5.13	4.91	5.11	2251983	23371774.000
02/28/2013	5.09	5.14	5.03	5.12	1931638	20215942.000
03/01/2013	5.07	5.28	5.07	5.19	2860042	30416764.000
03/04/2013	5.13	5.18	4.86	4.89	2230044	22975078.000
03/05/2013	4.90	5.00	4.87	4.99	1129608	11511697.000
03/06/2013	5.00	5.10	4.99	5.08	1331323	13850011.000
03/07/2013	5.08	5.12	4.97	5.02	1528227	15885549.000
03/08/2013	5.02	5.07	4.97	4.97	975726	10076742.000
03/11/2013	4.98	5.03	4.93	4.98	621810	6372003.500
03/12/2013	4.97	5.05	4.72	4.80	1444729	14527797.000
03/13/2013	4.77	4.81	4.68	4.75	601611	5886281.500
03/14/2013	4.71	4.79	4.71	4.72	431024	4221582.000
03/15/2013	4.75	4.81	4.70	4.73	665727	6528204.500
03/18/2013	4.73	4.73	4.59	4.59	603054	5776683.000
03/19/2013	4.58	4.63	4.52	4.59	512599	4839414.500
03/20/2013	4.61	4.89	4.60	4.81	1223252	11963726.000
03/21/2013	4.76	4.84	4.75	4.79	1091179	10756593.000
03/22/2013	4.77	4.82	4.77	4.80	448677	4440409.000
03/25/2013	4.80	4.84	4.76	4.81	647815	6412265.500
03/26/2013	4.80	4.81	4.66	4.70	886241	8610304.000
03/27/2013	4.68	4.75	4.67	4.70	361485	3511139.250
03/28/2013	4.68	4.68	4.53	4.54	651215	6163614.500
03/29/2013	4.58	4.58	4.53	4.54	363047	3411596.750
04/01/2013	4.53	4.58	4.53	4.56	287088	2699525.500
04/02/2013	4.58	4.60	4.50	4.53	339478	3182062.250
04/03/2013	4.51	4.57	4.45	4.50	337169	3136505.250
04/08/2013	4.41	4.47	4.37	4.46	374001	3415517.500
04/09/2013	4.47	4.51	4.45	4.49	398090	3684750.500
04/10/2013	4.48	4.49	4.41	4.45	267267	2458789.000
04/11/2013	4.46	4.49	4.45	4.46	280550	2591939.750
04/12/2013	4.46	4.46	4.33	4.34	525000	4765428.000
04/15/2013	4.34	4.34	4.20	4.22	379601	3344422.250
04/16/2013	4.25	4.25	4.16	4.25	437862	3805405.250
04/17/2013	4.24	4.30	4.22	4.29	445838	3925950.000
04/18/2013	4.27	4.33	4.26	4.31	379982	3389235.000
04/19/2013	4.32	4.44	4.30	4.44	715022	6491992.000
04/22/2013	4.41	4.46	4.40	4.46	396698	3627705.000
04/23/2013	4.46	4.46	4.26	4.26	525438	4706741.000
04/24/2013	4.30	4.38	4.26	4.36	510373	4577063.000
04/25/2013	4.36	4.40	4.30	4.31	651270	5860643.000
04/26/2013	4.35	4.35	4.24	4.25	358113	3167193.500
05/02/2013	4.29	4.32	4.20	4.32	190641	1689882.750
05/03/2013	4.31	4.46	4.31	4.43	575533	5246873.000
05/06/2013	4.45	4.53	4.40	4.53	1083161	10042089.000
05/07/2013	4.52	4.53	4.46	4.49	497356	4617853.500
05/08/2013	4.51	4.56	4.49	4.55	591077	5531990.000
05/09/2013	4.53	4.59	4.51	4.58	720081	6776512.000
05/10/2013	4.58	4.64	4.54	4.61	912124	8634293.000
05/13/2013	4.62	4.70	4.58	4.69	974331	9353733.000
05/14/2013	4.67	4.70	4.53	4.55	651220	6168014.500
05/15/2013	4.60	4.69	4.54	4.66	749359	7132096.000
05/16/2013	4.70	4.77	4.63	4.67	1502588	14586855.000
05/17/2013	4.64	4.78	4.63	4.76	1204113	11757454.000
05/20/2013	4.76	4.92	4.75	4.86	1454875	14516996.000
05/21/2013	4.86	4.98	4.81	4.95	1469392	14837314.000
05/22/2013	4.94	5.00	4.83	4.85	1746546	17634528.000
05/23/2013	4.90	5.03	4.83	4.92	1668904	16575700.000
05/24/2013	4.86	5.18	4.86	5.14	2487964	25461656.000
05/27/2013	5.25	5.25	5.08	5.15	1470783	15250454.000
05/28/2013	5.15	5.15	4.98	5.02	1450667	14755456.000
05/29/2013	5.01	5.13	4.99	5.07	1585006	16200555.000
05/30/2013	5.05	5.20	5.03	5.15	1823737	18832814.000
05/31/2013	5.11	5.19	5.09	5.09	1231749	12775195.000
06/03/2013	5.08	5.08	4.95	4.97	1363268	13763034.000
06/04/2013	4.95	4.97	4.79	4.83	1323164	13031240.000
06/05/2013	4.81	4.90	4.81	4.87	612458	6033649.500
06/06/2013	4.85	4.88	4.82	4.83	592559	5811840.000
06/07/2013	4.83	4.92	4.81	4.86	698497	6840426.000
06/13/2013	4.84	4.84	4.66	4.77	782046	7433557.500
06/14/2013	4.79	4.91	4.70	4.89	588191	5764314.500
06/17/2013	4.93	4.98	4.85	4.92	670410	6657920.500
06/18/2013	4.92	4.99	4.79	4.98	646609	6406618.500
06/19/2013	4.94	5.05	4.88	5.04	977393	9805947.000
06/20/2013	5.03	5.04	4.81	4.90	804458	8028752.500
06/21/2013	4.85	5.18	4.70	5.06	2652462	26926240.000
06/24/2013	5.01	5.03	4.58	4.60	1754253	17164952.000
06/25/2013	4.53	4.62	4.22	4.50	1611750	14481847.000
06/26/2013	4.50	4.63	4.46	4.63	781727	7198496.000
06/27/2013	4.65	4.69	4.30	4.42	760535	7007805.500
06/28/2013	4.41	4.54	4.35	4.43	495224	4461338.000
07/01/2013	4.47	4.61	4.40	4.61	581295	5294324.500
07/02/2013	4.56	4.79	4.56	4.73	909829	8648048.000
07/03/2013	4.73	5.02	4.70	5.02	1890187	18678550.000
07/04/2013	4.97	5.10	4.96	5.04	1391848	14136187.000
07/05/2013	4.98	5.08	4.86	4.94	969210	9759672.000
07/08/2013	4.82	4.93	4.71	4.80	501234	4867741.500
07/09/2013	4.77	4.92	4.77	4.91	627008	6140613.500
07/10/2013	4.91	5.05	4.91	5.01	658558	6647730.500
07/11/2013	5.00	5.11	4.96	5.06	1103477	11261850.000
07/12/2013	5.13	5.16	5.02	5.10	1404978	14493697.000
07/15/2013	5.10	5.26	5.05	5.22	1509636	15749017.000
07/16/2013	5.18	5.24	5.10	5.19	1185024	12328673.000
07/17/2013	5.15	5.23	4.96	5.00	1602322	16449532.000
07/18/2013	5.02	5.25	4.97	5.25	1655557	17242110.000
07/19/2013	5.28	5.70	5.28	5.30	3483050	38351392.000
07/22/2013	5.20	5.53	5.13	5.48	2306524	25076204.000
07/23/2013	5.51	5.53	5.34	5.49	1762715	19350000.000
07/24/2013	5.47	5.62	5.42	5.60	1708318	19093466.000
07/25/2013	5.58	5.65	5.15	5.25	2109783	22918348.000
07/26/2013	5.23	5.30	5.11	5.28	893909	9421652.000
07/29/2013	5.25	5.33	5.10	5.10	971309	10212252.000
07/30/2013	5.10	5.19	4.95	5.04	856943	8701883.000
07/31/2013	5.09	5.12	5.02	5.06	512118	5247126.500
08/01/2013	5.03	5.23	5.03	5.23	1130023	11807126.000
08/02/2013	5.27	5.39	5.20	5.29	1197565	12836382.000
08/05/2013	5.31	5.54	5.27	5.47	1312175	14370188.000
08/06/2013	5.42	5.56	5.36	5.49	1226673	13553329.000
08/07/2013	5.50	5.52	5.28	5.30	1048847	11360124.000
08/08/2013	5.30	5.55	5.25	5.55	1420802	15617129.000
08/09/2013	5.58	5.64	5.37	5.43	947242	10460986.000
08/12/2013	5.44	5.54	5.33	5.54	1074761	11799554.000
08/13/2013	5.56	5.61	5.49	5.61	1175701	13171671.000
08/14/2013	5.56	5.70	5.48	5.57	1276107	14402338.000
08/15/2013	5.56	5.81	5.55	5.57	1414713	16222061.000
08/16/2013	5.56	5.57	5.34	5.34	1349244	14829352.000
08/19/2013	5.29	5.48	5.29	5.46	548739	5985005.000
08/20/2013	5.49	5.52	5.36	5.50	827760	9112361.000
08/21/2013	5.51	5.53	5.40	5.50	801878	8873549.000
08/22/2013	5.50	5.51	5.40	5.47	905613	9980978.000
08/23/2013	5.45	5.65	5.40	5.61	2110177	23550092.000
08/26/2013	5.72	6.17	5.72	6.17	3458985	42560448.000
08/27/2013	6.39	6.79	6.23	6.79	8436404	110429920.000
08/28/2013	6.90	7.13	6.69	6.83	7486239	103557320.000
08/29/2013	6.94	7.21	6.68	6.95	5296185	73613880.000
08/30/2013	6.73	6.89	6.25	6.33	5383322	71248128.000
09/02/2013	6.32	6.68	6.21	6.56	3362035	44109428.000
09/03/2013	6.46	6.65	6.36	6.55	2284792	29965244.000
09/04/2013	6.48	6.65	6.33	6.38	2747188	35938268.000
09/05/2013	6.39	6.65	6.22	6.51	2243996	29372994.000
09/06/2013	6.54	7.13	6.35	6.90	3684290	49643292.000
09/09/2013	6.95	6.99	6.70	6.86	2352467	32346746.000
09/10/2013	6.79	6.92	6.61	6.65	1578488	21485812.000
09/11/2013	6.65	6.75	6.31	6.34	1630827	21134542.000
09/12/2013	6.34	6.49	6.31	6.41	978637	12592575.000
09/13/2013	6.35	6.52	6.32	6.48	938570	12163453.000
09/16/2013	6.53	6.64	6.46	6.58	889751	11719259.000
09/17/2013	6.52	6.59	6.33	6.37	736400	9578418.000
09/18/2013	6.35	6.55	6.31	6.54	674220	8736575.000
09/23/2013	6.54	6.85	6.50	6.77	1420723	19237236.000
09/24/2013	6.77	6.83	6.51	6.65	1089531	14577926.000
09/25/2013	6.57	6.68	6.48	6.55	957253	12641260.000
09/26/2013	6.55	6.55	6.37	6.39	819958	10628642.000
09/27/2013	6.39	6.49	6.37	6.41	623895	8081959.500
09/30/2013	6.38	6.70	6.38	6.68	783047	10410062.000
10/08/2013	6.67	6.82	6.55	6.80	1278013	17337606.000
10/09/2013	6.78	7.48	6.68	7.48	3089131	45161060.000
10/10/2013	7.41	7.72	7.31	7.43	2158016	32618252.000
10/11/2013	7.36	7.70	7.36	7.67	1834641	27934896.000
10/14/2013	7.63	7.86	7.44	7.51	1456557	22409396.000
10/15/2013	7.45	7.54	7.15	7.30	1482207	21769966.000
10/16/2013	7.30	7.36	6.95	7.09	1075939	15393753.000
10/17/2013	7.19	7.54	6.98	7.45	1564219	23093578.000
10/18/2013	7.40	7.85	7.32	7.84	2026040	30888642.000
10/21/2013	7.78	8.22	7.72	7.97	1599850	25790262.000
10/22/2013	7.95	8.08	7.38	7.38	1875332	29162940.000
10/23/2013	7.38	7.85	7.31	7.42	1814737	27498282.000
10/24/2013	7.30	7.41	7.06	7.20	813819	11810366.000
10/25/2013	7.34	7.34	7.05	7.11	483640	6945114.000
10/28/2013	7.03	7.59	7.03	7.55	770451	11483451.000
10/29/2013	7.55	7.68	6.79	6.90	1308358	18815590.000
10/30/2013	6.78	6.94	6.52	6.86	748557	10115268.000
10/31/2013	6.81	6.84	6.63	6.80	437465	5932416.500
11/01/2013	6.72	7.17	6.63	6.89	708656	9875598.000
11/04/2013	6.90	7.05	6.78	6.95	420060	5845535.000
11/05/2013	6.89	7.03	6.88	7.00	373957	5245723.000
11/06/2013	6.96	7.05	6.73	6.77	607347	8475197.000
11/07/2013	6.73	6.87	6.67	6.69	409574	5576785.000
11/08/2013	6.66	6.75	6.62	6.70	191858	2584894.250
11/11/2013	6.70	7.00	6.70	6.96	505597	6983895.500
11/12/2013	6.95	7.13	6.95	7.03	482757	6836175.000
11/13/2013	6.99	7.19	6.95	7.03	530293	7548243.500
11/14/2013	7.01	7.63	7.01	7.54	1496714	22282524.000
11/15/2013	7.49	7.63	7.38	7.54	1475170	22248066.000
11/18/2013	7.53	7.86	7.43	7.77	1525629	23736196.000
11/19/2013	7.73	7.81	7.61	7.81	998377	15508034.000
11/20/2013	7.84	7.85	7.59	7.75	739357	11461394.000
11/21/2013	7.70	7.73	7.40	7.52	1015123	15383195.000
11/22/2013	7.52	8.00	7.40	7.95	1495735	23211512.000
11/25/2013	8.03	8.40	7.87	8.29	2467650	40682572.000
11/26/2013	8.30	8.53	8.20	8.31	1790686	30085678.000
11/27/2013	8.25	8.41	8.10	8.40	911701	15216808.000
11/28/2013	8.36	8.60	8.15	8.20	1164932	19702664.000
11/29/2013	8.20	8.59	8.16	8.45	1729295	29422000.000
12/02/2013	8.10	8.10	7.60	7.60	2429087	37915088.000
12/03/2013	7.55	7.80	7.25	7.66	1205180	18470300.000
12/04/2013	7.62	7.79	7.60	7.62	1035711	16013396.000
12/05/2013	7.55	7.60	7.31	7.40	647846	9726908.000
12/06/2013	7.50	7.57	7.43	7.57	619980	9364993.000
12/09/2013	7.59	7.80	7.55	7.71	562804	8695862.000
12/10/2013	7.73	7.73	7.35	7.43	820803	12347931.000
12/11/2013	7.40	7.49	7.34	7.40	348365	5199104.500
12/12/2013	7.36	7.69	7.36	7.60	581606	8935082.000
12/13/2013	7.59	7.78	7.45	7.73	710717	11038781.000
12/16/2013	7.63	8.35	7.60	8.31	1901699	31141148.000
12/17/2013	8.29	8.56	8.04	8.12	1261274	21003700.000
12/18/2013	8.06	8.45	8.05	8.39	898348	14899870.000
12/19/2013	8.24	8.41	7.84	7.84	935464	15279112.000
12/20/2013	7.83	7.84	7.55	7.80	559740	8660184.000
12/23/2013	7.80	7.80	7.56	7.62	358611	5541701.000
12/24/2013	7.63	7.84	7.55	7.70	466265	7212761.000
12/25/2013	7.70	8.24	7.70	8.20	801573	13005409.000
12/26/2013	8.13	8.20	7.95	7.99	527047	8551336.000
12/27/2013	8.00	8.80	7.96	8.80	3248773	56898656.000
12/30/2013	8.88	8.92	8.65	8.81	2026989	35807188.000
12/31/2013	8.69	8.79	8.20	8.44	1286483	21882082.000
01/02/2014	8.39	8.70	8.33	8.58	784417	13490601.000
01/03/2014	8.58	8.68	8.35	8.56	976227	16726535.000
01/06/2014	8.65	8.65	8.13	8.13	876733	14588218.000
01/07/2014	8.13	8.30	8.10	8.29	559190	9208084.000
01/08/2014	8.24	8.63	8.23	8.60	889452	15159125.000
01/09/2014	8.52	8.63	8.20	8.24	994215	16732650.000
01/10/2014	8.24	8.26	7.85	7.85	832710	13422834.000
01/13/2014	8.09	8.09	7.80	7.83	547210	8755882.000
01/14/2014	7.81	8.10	7.76	8.10	585977	9394429.000
01/15/2014	8.05	8.44	8.03	8.40	736995	12267532.000
01/16/2014	8.38	8.49	8.20	8.30	504804	8432576.000
01/17/2014	8.33	8.60	8.23	8.42	596544	10130832.000
01/20/2014	8.35	8.50	8.00	8.19	460650	7656505.000
01/21/2014	8.20	8.54	8.15	8.54	615727	10422778.000
01/22/2014	8.50	8.70	8.41	8.65	957914	16512546.000
01/23/2014	8.65	8.92	8.51	8.80	1120253	19693798.000
01/24/2014	8.79	8.89	8.73	8.76	709139	12526539.000
01/27/2014	8.54	8.66	8.40	8.52	790584	13551609.000
01/28/2014	8.45	8.63	8.36	8.61	538855	9234963.000
01/29/2014	8.58	8.64	8.44	8.45	494970	8498166.000
01/30/2014	8.40	9.30	8.26	9.30	700860	12134637.000
02/07/2014	8.70	9.22	8.67	9.10	1658809	29874442.000
02/10/2014	9.09	9.38	8.91	9.25	1321270	24283762.000
02/11/2014	9.25	9.66	9.13	9.52	1934574	36783116.000
02/12/2014	9.53	9.71	9.31	9.49	997763	18980838.000
02/13/2014	9.45	9.45	8.86	8.95	1055111	19367492.000
02/14/2014	8.95	9.10	8.88	9.05	731272	13251816.000
02/17/2014	9.08	9.54	9.07	9.40	1057160	19921128.000
02/18/2014	9.43	9.65	9.28	9.31	1283026	24513460.000
02/19/2014	9.22	9.39	9.08	9.24	795017	14745262.000
02/20/2014	9.24	9.70	9.11	9.70	1977781	37810444.000
02/21/2014	9.71	9.71	9.40	9.56	947432	18101330.000
02/24/2014	9.45	9.68	9.45	9.63	1370607	26414478.000
02/25/2014	10.19	10.59	9.45	9.70	4553100	92086912.000
02/26/2014	9.40	9.94	8.73	9.93	2630935	49254904.000
02/27/2014	9.94	10.39	9.63	9.65	2440646	49352164.000
02/28/2014	9.50	9.68	9.12	9.65	1173660	22117694.000
03/03/2014	9.66	9.70	9.11	9.35	1838492	34485596.000
03/04/2014	9.32	9.35	8.80	9.03	1637884	29835480.000
03/05/2014	9.00	9.27	8.87	9.04	1109693	20244276.000
03/06/2014	8.98	9.19	8.90	9.16	772202	14131003.000
03/07/2014	9.07	9.35	9.07	9.20	762370	14073399.000
03/10/2014	9.16	9.30	8.60	8.77	1326344	24134584.000
03/11/2014	8.77	9.09	8.72	8.94	850930	15179891.000
03/12/2014	8.95	9.18	8.80	9.06	682912	12347625.000
03/13/2014	9.05	9.13	8.86	9.10	749948	13581369.000
03/14/2014	8.95	9.10	8.89	9.00	571660	10354404.000
03/17/2014	9.11	9.49	8.97	9.49	1369364	25664954.000
03/18/2014	9.50	9.64	9.31	9.64	1463391	27940002.000
03/19/2014	9.65	9.67	9.45	9.57	917830	17633564.000
03/20/2014	9.58	9.59	9.10	9.11	1009890	19017472.000
03/21/2014	8.98	9.32	8.98	9.25	708241	13002308.000
03/24/2014	9.29	9.29	9.08	9.15	471518	8689211.000
03/25/2014	9.15	9.21	8.95	9.03	641351	11686106.000
03/26/2014	9.01	9.44	8.99	9.40	797781	14857372.000
03/27/2014	9.42	9.55	9.10	9.11	931859	17535446.000
03/28/2014	8.99	9.23	8.22	8.34	1239001	21408758.000
03/31/2014	8.23	8.53	7.97	8.15	749085	12366305.000
04/01/2014	8.10	8.45	8.10	8.42	616525	10343319.000
04/02/2014	8.45	8.55	8.27	8.33	423257	7150863.000
04/03/2014	8.33	8.53	8.30	8.43	318444	5390677.500
04/04/2014	8.26	8.48	8.26	8.45	375188	6320401.000
04/08/2014	8.35	8.55	8.29	8.55	411974	6989315.000
04/09/2014	8.54	8.83	8.54	8.83	565786	9879228.000
04/10/2014	8.86	9.43	8.85	9.08	1199272	22214614.000
04/11/2014	9.00	9.17	8.96	9.10	442798	8083081.000
04/14/2014	9.10	9.67	9.10	9.38	1085461	20567180.000
04/15/2014	9.34	9.48	9.18	9.36	702835	13191729.000
04/16/2014	9.35	9.68	9.22	9.59	987721	18851958.000
04/17/2014	9.58	9.73	9.51	9.58	889652	17219606.000
04/18/2014	9.55	10.20	9.55	10.10	1666447	33385520.000
04/21/2014	9.96	10.29	9.89	10.00	1641649	33222042.000
04/22/2014	10.01	10.14	9.75	10.04	1008188	20157412.000
04/23/2014	9.90	10.08	9.76	9.79	723317	14378313.000
04/24/2014	9.79	10.78	9.72	10.73	3068175	64719644.000
04/25/2014	10.69	10.79	10.48	10.58	1562070	33306704.000
04/28/2014	10.62	10.67	9.52	9.52	2693409	52422352.000
04/29/2014	9.39	9.94	9.29	9.85	1186191	23074178.000
04/30/2014	9.86	10.55	9.69	10.44	1468213	30429390.000
05/05/2014	10.37	10.90	10.23	10.78	1282327	27525888.000
05/06/2014	10.94	10.94	10.55	10.59	887225	19045662.000
05/07/2014	10.55	11.65	10.45	11.40	2447721	55717856.000
05/08/2014	11.24	11.64	11.10	11.48	1440847	32787636.000
05/09/2014	11.42	11.70	10.73	10.92	1565868	35452632.000
05/12/2014	10.96	12.02	10.96	12.02	3753261	89029680.000
05/13/2014	12.02	12.23	11.75	12.15	3719650	90061888.000
05/14/2014	12.10	12.10	11.70	12.01	2625204	62601872.000
05/15/2014	11.92	12.27	11.60	12.24	3760358	90730880.000
05/16/2014	11.95	12.24	11.05	11.75	3226857	76102192.000
05/19/2014	11.61	12.15	11.10	11.79	2716482	63838900.000
05/20/2014	11.80	11.94	11.27	11.35	2216151	51353076.000
05/21/2014	11.28	11.29	10.21	10.44	3792573	80125096.000
05/22/2014	10.43	10.78	10.36	10.37	2048932	43456216.000
05/23/2014	10.38	10.69	10.25	10.68	1422123	30012748.000
05/26/2014	10.68	10.84	10.63	10.71	1911499	41133108.000
05/27/2014	10.75	11.08	10.75	10.79	1690307	37044672.000
05/28/2014	10.73	11.01	10.65	10.95	1234502	26983502.000
05/29/2014	10.90	11.38	10.71	11.19	1854625	41596048.000
05/30/2014	11.15	11.22	10.84	11.17	1168146	25874982.000
06/03/2014	11.15	11.39	11.05	11.20	1107509	24998760.000
06/04/2014	11.18	11.28	10.96	11.19	818175	18177830.000
06/05/2014	11.16	11.22	10.97	11.19	777298	17354036.000
06/06/2014	11.24	11.24	11.08	11.11	648958	14495113.000
06/09/2014	11.21	11.21	10.74	10.74	971461	21332526.000
06/10/2014	10.89	10.98	10.71	10.97	1097652	23940432.000
06/11/2014	10.86	11.80	10.86	11.70	2275105	52113428.000
06/12/2014	11.65	12.85	11.56	12.59	4493543	112299960.000
06/13/2014	12.56	12.70	12.40	12.58	2346400	59271148.000
06/16/2014	12.53	12.85	12.49	12.69	2268526	57830728.000
06/17/2014	12.62	12.87	12.45	12.55	1677679	42538532.000
06/18/2014	12.55	12.55	11.86	12.05	2616342	63514784.000
06/19/2014	11.96	12.23	11.44	11.70	1578115	37813200.000
06/20/2014	11.70	12.33	11.70	12.33	1077091	26053086.000
06/23/2014	12.54	13.45	12.54	13.06	2636302	69197216.000
06/24/2014	13.17	13.35	12.68	13.07	1894519	49382588.000
06/25/2014	12.96	13.05	12.70	12.97	1089071	28108152.000
06/26/2014	12.97	13.39	12.47	12.98	2126854	55888112.000
06/27/2014	13.00	13.79	12.59	12.62	6904240	91551168.000
06/30/2014	12.59	13.88	12.26	13.88	8346206	110378648.000
07/01/2014	13.80	14.07	13.44	13.79	6427078	88493208.000
07/02/2014	13.65	14.49	13.55	14.19	7302992	103256536.000
07/03/2014	14.00	14.24	13.77	13.95	3839709	53585784.000
07/04/2014	13.95	14.45	13.89	14.05	3318198	46875300.000
07/07/2014	13.98	14.24	13.59	13.73	2490984	34359412.000
07/08/2014	13.70	14.17	13.51	14.16	2960442	40782364.000
07/09/2014	14.16	14.48	13.84	13.96	2760406	38937732.000
07/10/2014	13.83	14.20	13.73	13.76	1955891	27267164.000
07/11/2014	13.67	13.79	13.39	13.49	2644325	35800764.000
07/14/2014	13.58	13.94	13.43	13.75	1603304	21953698.000
07/15/2014	13.83	13.89	13.31	13.71	1855238	25208268.000
07/16/2014	13.60	13.95	13.60	13.94	2376083	32839674.000
07/17/2014	14.04	14.04	13.60	14.00	2468270	34323460.000
07/18/2014	13.98	14.54	13.71	14.45	4202640	60154568.000
07/21/2014	14.49	15.24	14.16	14.46	4536405	66538424.000
07/22/2014	14.40	14.78	14.21	14.41	3160162	45767584.000
07/23/2014	14.40	14.53	13.09	13.40	4385872	59861900.000
07/24/2014	13.40	13.47	12.43	13.05	2108938	27525688.000
07/25/2014	13.03	13.35	12.77	13.13	2094350	27264414.000
07/28/2014	13.25	13.26	12.78	13.20	2755544	35701968.000
07/29/2014	13.20	13.48	13.05	13.42	2335566	31009956.000
07/30/2014	13.29	13.48	13.10	13.32	2079457	27545696.000
07/31/2014	13.32	13.38	13.14	13.27	1341938	17768328.000
08/01/2014	13.26	14.44	13.16	14.10	4774081	66258652.000
08/04/2014	14.01	14.36	13.80	14.00	2509501	35165808.000
08/05/2014	14.01	14.38	13.82	14.19	2347832	33195594.000
08/06/2014	14.18	14.28	13.91	14.12	1747823	24614458.000
08/07/2014	14.11	14.27	14.01	14.10	2217900	31401652.000
08/08/2014	14.10	14.60	14.05	14.30	2267091	32587074.000
08/11/2014	14.28	14.94	14.28	14.87	3114083	45866416.000
08/12/2014	14.87	15.05	14.50	14.67	2444447	35972444.000
08/13/2014	14.71	15.44	14.65	14.84	2648561	39526788.000
08/14/2014	14.71	14.96	14.56	14.60	1609364	23636672.000
08/15/2014	14.61	14.70	14.49	14.65	1355855	19795366.000
08/18/2014	14.64	14.85	14.59	14.81	1642094	24245012.000
08/19/2014	14.82	15.28	14.82	15.17	2508640	37904636.000
08/20/2014	15.20	15.28	14.85	14.90	1942976	28999560.000
08/21/2014	14.90	14.98	14.75	14.84	1398085	20771202.000
08/22/2014	14.85	15.08	14.78	15.06	1437383	21459122.000
08/25/2014	15.03	15.06	14.70	14.83	1577395	23490716.000
08/26/2014	14.85	15.50	14.83	14.92	4004087	60919536.000
08/27/2014	14.92	15.12	14.60	15.11	2278581	33893340.000
08/28/2014	15.05	15.99	14.83	15.87	4556860	70626456.000
08/29/2014	15.63	16.05	15.53	15.89	2967105	46896704.000
09/01/2014	15.89	16.45	15.82	16.30	2609440	42216800.000
09/02/2014	16.36	16.48	16.18	16.30	2629028	42879180.000
09/03/2014	16.30	17.27	16.18	16.63	4404901	73822472.000
09/04/2014	16.72	18.25	16.60	17.59	6399742	111446104.000
09/05/2014	17.67	17.99	17.21	17.50	5390214	95015376.000
09/09/2014	17.40	17.42	16.78	17.06	4409400	75067720.000
09/10/2014	16.94	17.39	16.90	17.31	2988030	51404668.000
09/11/2014	17.11	17.45	17.00	17.22	2312511	39752184.000
09/12/2014	17.22	18.20	17.08	17.97	3875360	68065376.000
09/15/2014	17.96	18.30	17.61	18.09	3447608	62267704.000
09/16/2014	18.15	18.22	16.72	16.95	3242879	56635332.000
09/17/2014	16.94	17.38	16.85	17.21	1846386	31583112.000
09/18/2014	17.04	17.28	17.04	17.20	971747	16680720.000
09/19/2014	17.15	17.88	17.07	17.61	2341161	41005060.000
09/22/2014	17.61	17.61	17.11	17.18	1521431	26291268.000
09/23/2014	17.17	17.30	17.00	17.24	2209558	37893544.000
09/24/2014	17.24	17.39	17.10	17.33	1719171	29709382.000
09/25/2014	17.33	17.44	17.10	17.39	1951971	33677100.000
09/26/2014	17.40	18.18	17.21	18.00	3706382	66258424.000
09/29/2014	18.05	19.38	17.80	19.25	5721627	107852736.000
09/30/2014	19.45	19.45	18.87	19.23	2664141	50942892.000
10/08/2014	19.00	19.33	18.86	19.01	2852122	54399052.000
10/09/2014	19.01	19.30	18.29	18.99	3430692	64383448.000
10/10/2014	18.90	18.90	18.40	18.68	1816500	33810652.000
10/13/2014	18.50	18.50	17.80	18.40	3217400	58198240.000
10/14/2014	18.35	18.63	18.20	18.35	1931075	35497772.000
10/15/2014	18.26	18.88	18.25	18.74	3033602	56470872.000
10/16/2014	18.65	18.84	17.90	18.05	2556498	47021100.000
10/17/2014	17.90	18.30	16.97	17.29	2730002	47697424.000
10/20/2014	17.29	17.62	16.88	17.45	2188029	37839156.000
10/21/2014	17.43	17.49	17.07	17.33	1255210	21723058.000
10/22/2014	17.35	17.55	16.82	17.23	1367219	23510332.000
10/23/2014	17.11	17.41	16.91	17.16	1185240	20350530.000
10/24/2014	17.16	17.35	17.06	17.20	1104935	18983312.000
10/27/2014	17.45	17.69	17.17	17.58	1477442	25854544.000
10/28/2014	17.58	18.08	17.55	18.02	1427836	25560922.000
10/29/2014	18.10	18.15	17.71	17.85	1825476	32725828.000
10/30/2014	17.75	17.97	17.18	17.33	2190843	38457652.000
10/31/2014	17.33	17.47	16.85	17.10	1533578	26203716.000
数据来源:通达信
