300221 银禧科技 日线
      日期	    开盘	    最高	    最低	    收盘	    成交量	    成交额
05/25/2011	9.04	9.33	8.65	8.67	11966362	221481104.000
05/26/2011	8.39	8.66	7.88	7.89	6928645	115997456.000
05/27/2011	7.82	8.09	7.65	7.89	4155543	67080656.000
05/30/2011	7.80	8.07	7.68	7.76	2396223	38861856.000
05/31/2011	7.71	7.91	7.69	7.88	2219584	35624516.000
06/01/2011	7.89	8.07	7.81	7.99	2487110	40650664.000
06/02/2011	7.83	7.92	7.73	7.81	2227848	35748772.000
06/03/2011	7.84	7.98	7.79	7.94	2018632	32775842.000
06/07/2011	7.99	8.00	7.82	7.93	1410337	22937214.000
06/08/2011	7.92	7.92	7.69	7.77	1749797	27940924.000
06/09/2011	7.77	7.81	7.50	7.51	1650800	25998350.000
06/10/2011	7.54	7.56	7.43	7.54	921011	14196502.000
06/13/2011	7.34	7.58	7.34	7.55	629535	9685261.000
06/14/2011	7.60	7.65	7.55	7.61	710185	11109378.000
06/15/2011	7.62	7.67	7.50	7.57	902682	14090758.000
06/16/2011	7.51	7.58	7.45	7.49	631765	9733890.000
06/17/2011	7.51	7.53	7.30	7.31	533928	8157779.500
06/20/2011	7.39	7.39	7.23	7.29	557730	8367888.000
06/21/2011	7.30	7.41	7.28	7.38	710183	10746711.000
06/22/2011	7.38	7.42	7.27	7.28	509492	7684112.000
06/23/2011	7.26	7.57	7.24	7.52	1611949	24773360.000
06/24/2011	7.49	7.78	7.49	7.73	1775059	27973384.000
06/27/2011	7.73	8.02	7.72	7.76	2218388	35809656.000
06/28/2011	7.74	7.83	7.67	7.79	1103864	17569082.000
06/29/2011	7.79	7.85	7.66	7.66	880398	14044174.000
06/30/2011	7.65	7.84	7.65	7.75	782548	12492299.000
07/01/2011	7.76	7.95	7.75	7.83	1227262	19842386.000
07/04/2011	7.86	8.00	7.86	7.98	1231590	20145438.000
07/05/2011	7.99	8.01	7.89	7.95	1007736	16452504.000
07/06/2011	7.91	8.27	7.90	8.17	2217143	36996920.000
07/07/2011	8.19	8.91	8.19	8.55	4461750	78567688.000
07/08/2011	8.50	8.77	8.41	8.62	2293913	40329252.000
07/11/2011	8.59	8.78	8.53	8.70	1493300	26616478.000
07/12/2011	8.59	8.68	8.45	8.47	1681273	29441142.000
07/13/2011	8.50	9.03	8.50	8.95	2955900	53317608.000
07/14/2011	8.94	9.12	8.78	9.04	2521991	46280476.000
07/15/2011	9.01	9.33	8.94	9.03	2709355	50736604.000
07/18/2011	9.06	9.17	8.90	8.94	1966893	36153500.000
07/19/2011	8.90	9.00	8.74	8.93	1886592	34219236.000
07/21/2011	8.86	8.92	8.65	8.74	1457993	26209658.000
07/22/2011	8.74	9.02	8.74	8.91	1350311	24661734.000
07/25/2011	8.89	9.07	8.55	8.63	1549566	28000788.000
07/26/2011	8.54	8.73	8.49	8.68	779472	13768388.000
07/27/2011	8.64	9.18	8.64	9.08	2561444	47228900.000
07/28/2011	8.98	9.43	8.94	9.39	3351793	63450232.000
07/29/2011	9.43	9.43	8.94	8.98	2232192	41791308.000
08/01/2011	9.02	9.28	8.94	9.23	2197012	41092440.000
08/02/2011	9.12	9.13	8.79	9.01	2762625	50565040.000
08/03/2011	8.88	9.22	8.83	9.04	2095413	38822744.000
08/04/2011	9.03	9.10	8.82	8.84	1661003	30340016.000
08/05/2011	8.54	8.67	8.43	8.53	1827265	31997390.000
08/08/2011	8.39	8.49	7.89	8.08	1223083	20581400.000
08/09/2011	7.81	8.27	7.81	8.14	1273520	21093162.000
08/10/2011	8.27	8.45	8.24	8.31	1192204	20399846.000
08/11/2011	8.10	8.54	8.10	8.52	880807	15115124.000
08/12/2011	8.62	8.77	8.56	8.72	1162169	20641550.000
08/15/2011	8.72	8.96	8.70	8.86	934118	16877350.000
08/16/2011	8.86	8.89	8.72	8.79	832085	14999705.000
08/17/2011	8.79	8.88	8.69	8.80	683428	12308259.000
08/18/2011	8.78	8.95	8.69	8.80	1363384	24720894.000
08/19/2011	8.65	8.91	8.61	8.90	943746	16960974.000
08/22/2011	8.89	9.13	8.89	9.02	1277693	23545196.000
08/23/2011	9.06	9.49	8.96	9.49	2441751	46331408.000
08/24/2011	9.55	9.73	9.31	9.43	2288722	44491672.000
08/25/2011	9.41	9.51	9.14	9.38	2235111	42432664.000
08/26/2011	9.31	9.69	9.29	9.63	2495202	48874192.000
08/29/2011	9.63	9.91	9.58	9.69	2233840	44575004.000
08/30/2011	9.69	9.79	9.23	9.29	1990322	38710708.000
08/31/2011	9.25	9.40	9.04	9.29	1716804	32318964.000
09/01/2011	9.31	9.39	9.00	9.14	2142282	40394564.000
09/02/2011	9.07	9.20	8.94	9.08	909884	16884032.000
09/05/2011	8.95	8.96	8.71	8.84	999675	18094264.000
09/06/2011	8.78	8.86	8.48	8.57	1089887	19255516.000
09/08/2011	8.81	8.89	8.60	8.60	1324562	23848704.000
09/09/2011	8.54	8.70	8.42	8.46	938905	16433791.000
09/13/2011	8.33	8.51	8.29	8.48	751757	12946975.000
09/14/2011	8.49	8.68	8.43	8.64	1368401	24160154.000
09/15/2011	8.69	8.82	8.55	8.56	1251605	22350972.000
09/16/2011	8.56	8.71	8.55	8.57	710432	12559631.000
09/19/2011	8.44	8.51	8.38	8.43	977783	16931374.000
09/20/2011	8.44	8.53	8.30	8.44	545136	9401758.000
09/21/2011	8.44	8.74	8.38	8.67	1240126	21963966.000
09/22/2011	8.59	8.64	8.12	8.16	1366738	23531264.000
09/23/2011	7.94	8.16	7.88	8.16	939171	15489589.000
09/26/2011	8.05	8.25	8.04	8.15	648609	10855641.000
09/27/2011	8.20	8.31	8.06	8.12	413070	6920454.000
09/28/2011	8.20	8.24	7.80	7.97	1309021	21735574.000
09/29/2011	7.96	8.03	7.79	7.83	638926	10345412.000
09/30/2011	7.75	7.88	7.59	7.65	539991	8519184.000
10/10/2011	7.65	7.75	7.65	7.67	326841	5163060.500
10/11/2011	7.84	7.89	7.57	7.63	547153	8721910.000
10/12/2011	7.63	7.93	7.49	7.89	1137961	18205448.000
10/13/2011	7.87	8.08	7.84	7.97	1352524	22182556.000
10/14/2011	7.94	8.00	7.81	7.91	893671	14474087.000
10/17/2011	7.92	8.13	7.89	8.08	1306223	21465366.000
10/18/2011	8.02	8.04	7.82	7.84	1285345	20989604.000
10/19/2011	7.86	7.93	7.76	7.81	464042	7477290.500
10/20/2011	7.79	7.79	7.36	7.47	809432	12555961.000
10/21/2011	7.53	7.53	7.23	7.28	494851	7473306.000
10/24/2011	7.28	7.43	7.20	7.43	550534	8295003.000
10/25/2011	7.41	7.76	7.40	7.73	1035814	16181965.000
10/26/2011	7.58	7.83	7.58	7.76	1257746	20028742.000
10/27/2011	7.80	7.81	7.70	7.71	690865	11017976.000
10/28/2011	7.79	7.91	7.72	7.89	997060	16028685.000
10/31/2011	7.87	7.96	7.80	7.95	1066368	17311444.000
11/01/2011	7.86	7.91	7.71	7.84	949311	15282763.000
11/02/2011	7.69	8.14	7.63	8.10	1929591	31335174.000
11/03/2011	8.12	8.28	7.99	8.03	2271568	37964508.000
11/04/2011	8.07	8.11	7.99	8.07	1110910	18363992.000
11/07/2011	8.07	8.16	8.01	8.10	848220	14094090.000
11/08/2011	8.08	8.12	7.94	7.95	982088	16215838.000
11/10/2011	8.02	8.26	8.01	8.10	2303514	38548672.000
11/11/2011	8.10	8.24	8.02	8.07	1306335	21765090.000
11/14/2011	8.13	8.40	8.13	8.34	1860301	31689378.000
11/15/2011	8.32	8.41	8.26	8.36	1044454	17839870.000
11/16/2011	8.38	8.41	8.09	8.12	1339661	22563892.000
11/17/2011	8.15	8.43	8.10	8.29	1723127	29298068.000
11/18/2011	8.19	8.23	7.92	7.94	1350880	22294820.000
11/21/2011	7.92	7.98	7.80	7.93	566691	9178044.000
11/22/2011	7.85	7.90	7.67	7.84	647452	10369871.000
11/23/2011	7.83	8.03	7.83	7.97	822560	13465270.000
11/24/2011	7.89	7.97	7.75	7.89	567882	9169112.000
11/25/2011	7.89	7.96	7.75	7.79	387467	6255256.500
11/28/2011	7.79	7.86	7.74	7.83	247415	3968519.750
11/29/2011	7.88	7.97	7.84	7.96	746365	12107754.000
11/30/2011	7.95	8.00	7.41	7.53	961989	15228081.000
12/01/2011	7.75	7.85	7.64	7.65	920357	14667106.000
12/02/2011	7.64	7.65	7.42	7.46	530900	8172915.000
12/05/2011	7.40	7.42	7.19	7.21	526802	7894005.000
12/06/2011	7.19	7.32	7.09	7.29	256440	3818474.000
12/07/2011	7.26	7.33	7.24	7.29	321591	4821192.500
12/08/2011	7.24	7.44	7.17	7.36	347120	5233380.000
12/09/2011	7.24	7.36	7.24	7.31	236523	3548872.750
12/12/2011	7.31	7.35	7.26	7.29	180956	2716972.000
12/13/2011	7.22	7.28	7.01	7.02	325666	4747024.000
12/14/2011	7.00	7.08	6.92	6.98	151009	2185593.000
12/15/2011	6.93	6.93	6.76	6.77	445954	6296934.500
12/16/2011	6.79	6.96	6.71	6.94	581164	8164699.000
12/19/2011	6.85	7.01	6.77	6.98	444526	6295380.500
12/20/2011	6.94	7.11	6.92	6.97	560301	8116917.000
12/21/2011	7.00	7.11	6.79	6.79	468640	6748587.000
12/22/2011	6.78	6.78	6.37	6.66	451832	6189133.500
12/23/2011	6.65	6.77	6.57	6.66	311071	4276144.500
12/26/2011	6.66	6.75	6.63	6.64	165911	2288304.750
12/27/2011	6.64	6.64	6.35	6.38	394645	5247494.000
12/28/2011	6.38	6.38	6.08	6.19	545733	6975202.500
12/29/2011	6.14	6.21	6.09	6.14	559695	7107648.000
12/30/2011	6.21	6.31	6.14	6.24	681090	8771015.000
01/04/2012	6.30	6.36	6.01	6.05	471054	6014694.500
01/05/2012	5.98	5.98	5.69	5.73	462268	5596226.000
01/06/2012	5.64	5.85	5.64	5.80	262144	3116039.000
01/09/2012	5.74	6.05	5.71	6.03	501393	6169508.500
01/10/2012	6.01	6.30	6.01	6.26	789695	10118303.000
01/11/2012	6.25	6.36	6.23	6.29	440825	5736513.500
01/12/2012	6.28	6.36	6.14	6.19	615654	7926061.000
01/13/2012	6.19	6.20	5.79	5.83	587080	7225532.000
01/16/2012	5.79	5.79	5.64	5.64	225039	2669344.750
01/17/2012	5.76	6.00	5.62	5.99	409160	4967580.500
01/18/2012	6.00	6.03	5.79	5.79	428950	5276220.500
01/19/2012	5.79	5.93	5.78	5.93	533598	6487460.500
01/20/2012	5.89	6.07	5.84	5.98	833065	10299694.000
01/30/2012	5.98	6.06	5.90	5.96	479541	5947010.000
01/31/2012	5.97	5.97	5.81	5.88	415370	5044093.000
02/01/2012	5.86	5.96	5.81	5.83	361432	4409825.000
02/02/2012	5.87	5.92	5.79	5.90	873123	10589772.000
02/03/2012	5.88	6.10	5.88	6.08	1244330	15475720.000
02/06/2012	6.12	6.18	6.02	6.11	909107	11464693.000
02/07/2012	6.09	6.09	5.89	5.99	716570	8874062.000
02/08/2012	5.98	6.27	5.94	6.19	1150507	14555372.000
02/09/2012	6.16	6.30	6.14	6.22	896357	11571422.000
02/10/2012	6.24	6.32	6.18	6.25	937185	12150493.000
02/13/2012	6.21	6.41	6.18	6.39	695628	9138652.000
02/14/2012	6.33	6.39	6.30	6.34	664635	8709327.000
02/15/2012	6.32	6.46	6.30	6.43	581905	7687301.000
02/16/2012	6.44	6.48	6.32	6.39	722823	9568945.000
02/17/2012	6.41	6.42	6.24	6.38	712404	9336352.000
02/20/2012	6.44	6.46	6.34	6.34	692940	9190520.000
02/21/2012	6.38	6.53	6.34	6.53	1030799	13681011.000
02/22/2012	6.57	6.78	6.48	6.76	1554615	21368376.000
02/23/2012	6.75	6.92	6.68	6.86	1303833	18378096.000
02/24/2012	6.84	6.90	6.78	6.86	1179190	16612095.000
02/27/2012	6.88	6.93	6.81	6.81	1335914	18939314.000
02/28/2012	6.79	6.81	6.62	6.73	1107121	15272101.000
02/29/2012	7.42	7.42	7.42	7.42	810113	12370426.000
03/01/2012	8.04	8.07	7.69	7.85	8590889	139083584.000
03/02/2012	7.85	8.64	7.84	8.58	6713684	114575832.000
03/05/2012	8.58	9.02	8.57	8.76	5617361	101127328.000
03/06/2012	8.69	8.99	8.66	8.98	3767283	68176424.000
03/07/2012	8.83	8.92	8.65	8.72	2746820	49471672.000
03/08/2012	8.74	8.82	8.60	8.76	2206222	39399716.000
03/09/2012	8.78	9.04	8.62	8.88	2909187	52903460.000
03/12/2012	8.82	9.29	8.81	9.22	4668401	86760624.000
03/13/2012	9.16	9.28	9.02	9.23	2899579	54296540.000
03/14/2012	9.29	10.17	9.28	9.53	9869791	198520960.000
03/15/2012	9.41	9.58	9.04	9.22	5617261	106463032.000
03/16/2012	9.11	9.34	8.79	9.24	4888110	91141112.000
03/19/2012	9.24	9.61	9.09	9.40	3476817	66923572.000
03/20/2012	9.39	9.39	8.59	8.61	4540005	82478000.000
03/21/2012	8.56	8.73	8.22	8.41	2903314	50476204.000
03/22/2012	8.29	8.55	8.29	8.52	1618293	28098016.000
03/23/2012	8.49	8.58	8.30	8.39	1697817	29259216.000
03/26/2012	8.39	8.43	8.21	8.33	1118346	19128204.000
03/27/2012	8.38	8.42	8.18	8.26	1130471	19274728.000
03/28/2012	8.19	8.19	7.68	7.70	2150759	34549996.000
03/29/2012	7.74	7.88	7.64	7.69	1214600	19354862.000
03/30/2012	7.68	7.74	7.38	7.45	1401717	21594162.000
04/05/2012	7.41	7.85	7.39	7.78	1545401	24453196.000
04/06/2012	7.71	7.86	7.54	7.63	1539325	24372180.000
04/09/2012	7.56	7.82	7.50	7.62	960186	15161621.000
04/11/2012	7.69	7.99	7.64	7.96	2198066	35391008.000
04/12/2012	7.92	8.01	7.80	7.97	1781707	29005432.000
04/13/2012	7.98	8.02	7.87	7.92	1434465	23374294.000
04/16/2012	7.83	7.88	7.66	7.80	1360149	21646190.000
04/17/2012	7.79	7.83	7.59	7.61	904999	14316210.000
04/18/2012	7.67	7.88	7.59	7.81	1680889	26761646.000
04/19/2012	7.82	7.87	7.68	7.87	1492752	23833110.000
04/20/2012	7.79	8.08	7.78	8.07	2378890	39019192.000
04/23/2012	8.03	8.03	7.24	7.33	2652521	41158772.000
04/24/2012	7.29	7.38	6.88	7.14	1435942	21080338.000
04/25/2012	7.13	7.19	7.02	7.09	1115486	16346686.000
04/26/2012	7.17	7.28	7.08	7.18	842493	12406660.000
04/27/2012	7.20	7.35	7.14	7.29	1008480	15031000.000
05/02/2012	7.36	7.43	7.31	7.38	782262	11872996.000
05/03/2012	7.41	7.41	7.29	7.39	620955	9408858.000
05/04/2012	7.39	7.74	7.37	7.70	1435911	22397090.000
05/07/2012	7.65	8.31	7.59	8.15	3060431	50352868.000
05/08/2012	8.11	8.16	7.93	8.01	1730341	28540330.000
05/09/2012	8.00	8.23	7.90	8.04	1743750	28951986.000
05/10/2012	8.27	8.40	8.04	8.11	2168965	36490720.000
05/11/2012	8.06	8.11	7.85	7.85	1530361	25024952.000
05/14/2012	7.93	8.01	7.79	7.83	1085086	17606290.000
05/15/2012	7.68	7.95	7.66	7.95	944156	15107939.000
05/16/2012	7.93	7.97	7.62	7.62	1190612	18931040.000
05/17/2012	7.42	7.74	7.40	7.51	1766700	13424662.000
05/18/2012	7.42	7.43	7.16	7.26	1723803	12797736.000
05/21/2012	7.34	7.34	7.17	7.28	946561	6960380.000
05/22/2012	7.29	7.39	7.28	7.32	1238129	9209103.000
05/23/2012	7.29	7.37	7.11	7.22	1804037	13208223.000
05/24/2012	7.19	7.21	7.03	7.05	1280792	9240888.000
05/25/2012	7.01	7.06	6.68	6.68	1913370	13254952.000
05/28/2012	6.65	6.75	6.56	6.73	1153569	7791417.500
05/29/2012	6.75	6.96	6.69	6.89	1814463	12604667.000
05/30/2012	6.89	7.06	6.86	6.94	1526560	10796749.000
05/31/2012	6.87	7.22	6.85	7.11	2526949	18165730.000
06/01/2012	7.10	7.16	6.97	7.14	1575262	11316957.000
06/04/2012	6.98	7.04	6.77	6.84	1500508	10523759.000
06/05/2012	6.81	6.89	6.74	6.79	830259	5742756.000
06/06/2012	6.88	6.89	6.70	6.72	874076	6036508.500
06/07/2012	6.84	6.87	6.60	6.60	959198	6558480.500
06/08/2012	6.69	6.77	6.56	6.75	1003267	6822298.500
06/11/2012	6.71	7.05	6.70	6.99	1974766	13883206.000
06/12/2012	6.98	6.99	6.87	6.87	1190654	8367803.500
06/13/2012	6.89	7.13	6.81	7.07	2465224	17527206.000
06/14/2012	7.03	7.16	6.97	7.11	1741733	12506527.000
06/15/2012	7.15	7.18	7.06	7.11	1633100	11808623.000
06/18/2012	7.12	7.77	7.11	7.38	3532648	26681200.000
06/19/2012	7.34	7.57	7.31	7.53	2878381	21841140.000
06/20/2012	7.51	8.29	7.51	8.29	7397468	61206436.000
06/21/2012	8.41	8.43	7.95	8.08	7852303	64997612.000
06/25/2012	7.98	8.05	7.78	7.84	3346911	26734694.000
06/26/2012	7.67	8.05	7.59	8.02	4170252	33241084.000
06/27/2012	7.93	8.07	7.75	7.75	3749399	30099438.000
06/28/2012	7.70	7.78	7.39	7.39	3162032	24326804.000
06/29/2012	7.30	7.69	7.22	7.55	2901497	21979816.000
07/02/2012	7.57	7.76	7.48	7.65	2606673	20255076.000
07/03/2012	7.59	7.87	7.59	7.66	2716650	21256304.000
07/04/2012	7.65	7.78	7.40	7.64	3029254	23220572.000
07/05/2012	7.60	7.83	7.35	7.75	3970412	30778994.000
07/06/2012	7.76	8.04	7.53	7.94	4581453	36285288.000
07/09/2012	7.84	8.16	7.67	7.85	5020747	40306908.000
07/10/2012	7.87	7.92	7.55	7.81	2400117	18882596.000
07/11/2012	7.81	7.81	7.02	7.23	5134648	37886296.000
07/12/2012	7.12	7.16	6.80	7.05	3449056	24519178.000
07/13/2012	6.98	7.24	6.89	6.93	1750903	12524192.000
07/16/2012	6.87	6.89	6.49	6.60	1777934	12008894.000
07/17/2012	6.58	6.65	6.50	6.64	656485	4394590.500
07/18/2012	6.64	6.68	6.44	6.65	1268210	8442477.000
07/19/2012	6.57	6.74	6.52	6.60	1673082	11300703.000
07/20/2012	6.61	6.70	6.54	6.58	965791	6488958.000
07/23/2012	6.54	6.54	6.19	6.42	1641296	10529425.000
07/24/2012	6.28	6.47	6.24	6.39	861389	5581922.000
07/25/2012	6.30	6.49	6.30	6.39	752648	4887643.500
07/26/2012	6.35	6.43	6.24	6.31	661733	4277145.000
07/27/2012	6.32	6.35	6.25	6.27	433292	2776524.250
07/30/2012	6.34	6.34	5.96	5.99	713766	4450529.500
07/31/2012	5.97	5.97	5.73	5.73	760580	4527019.000
08/01/2012	5.71	5.95	5.71	5.87	883158	5278203.000
08/02/2012	5.84	5.91	5.77	5.79	676850	4013834.000
08/03/2012	5.80	5.94	5.77	5.94	635307	3802427.000
08/06/2012	5.89	6.15	5.87	6.13	873690	5351357.000
08/07/2012	6.07	6.23	6.07	6.22	834505	5248613.000
08/08/2012	6.17	6.22	6.01	6.10	751537	4692269.000
08/09/2012	6.10	6.72	6.06	6.72	3734055	24784028.000
08/10/2012	6.86	6.86	6.53	6.53	3522283	23895330.000
08/13/2012	6.51	6.62	6.39	6.41	1367608	9006609.000
08/14/2012	6.41	7.05	6.27	6.78	4354702	29833506.000
08/15/2012	6.67	6.99	6.60	6.81	2105225	14403613.000
08/16/2012	6.77	6.77	6.48	6.48	1499243	10068143.000
08/17/2012	6.49	6.55	6.37	6.48	770031	5051794.500
08/20/2012	6.42	6.57	6.32	6.53	670092	4387762.500
08/21/2012	6.49	6.73	6.45	6.66	1288996	8722725.000
08/22/2012	6.64	6.70	6.49	6.55	964177	6477279.500
08/23/2012	6.53	6.78	6.50	6.75	1508174	10234487.000
08/24/2012	6.75	7.17	6.65	6.69	2947994	20689350.000
08/27/2012	6.52	6.66	6.04	6.58	1654445	10797605.000
08/28/2012	6.49	6.68	6.41	6.58	1153154	7707421.500
08/29/2012	6.59	6.73	6.46	6.67	1374862	9258811.000
08/30/2012	6.65	6.75	6.25	6.41	1537562	10164335.000
08/31/2012	6.40	6.55	6.34	6.49	582842	3827375.000
09/03/2012	6.45	6.64	6.42	6.58	714788	4767182.000
09/04/2012	6.55	6.73	6.55	6.65	1521271	10317845.000
09/05/2012	6.63	6.95	6.63	6.84	2693344	18674922.000
09/06/2012	6.87	6.93	6.75	6.86	1948808	13500935.000
09/07/2012	6.86	7.17	6.82	7.05	3070644	21975350.000
09/10/2012	7.04	7.22	6.99	7.17	2000062	14426994.000
09/11/2012	7.16	7.16	6.91	6.98	1932900	13759787.000
09/12/2012	7.02	7.11	6.85	6.99	2002934	14130184.000
09/13/2012	6.99	7.00	6.79	6.79	1326197	9298359.000
09/14/2012	6.86	6.88	6.70	6.82	1097552	7574761.000
09/17/2012	6.78	6.83	6.45	6.56	1197899	8028863.500
09/18/2012	6.49	6.62	6.44	6.52	663699	4408815.000
09/19/2012	6.51	6.63	6.45	6.61	594661	3962270.500
09/20/2012	6.53	6.53	6.25	6.35	959549	6209912.000
09/21/2012	6.34	6.43	6.28	6.36	698080	4519359.000
09/24/2012	6.33	6.51	6.24	6.39	626301	4045739.500
09/25/2012	6.36	6.53	6.25	6.47	1196559	7787188.500
09/26/2012	6.59	6.79	6.27	6.41	1251345	8257956.000
09/27/2012	6.44	6.57	6.28	6.51	1892281	12410735.000
09/28/2012	6.42	6.76	6.39	6.68	1850500	12396264.000
10/08/2012	6.74	6.74	6.57	6.68	1697598	11496960.000
10/09/2012	6.69	7.05	6.66	6.91	2767393	19299772.000
10/10/2012	6.87	6.99	6.79	6.86	2387156	16586928.000
10/11/2012	6.82	6.83	6.56	6.72	2434336	16528994.000
10/12/2012	6.70	6.79	6.56	6.65	1192625	8066458.000
10/15/2012	6.58	6.65	6.45	6.59	596133	3960089.250
10/16/2012	6.55	6.84	6.53	6.73	1988744	13595965.000
10/17/2012	6.78	6.82	6.59	6.69	1278548	8674797.000
10/18/2012	6.71	6.89	6.65	6.79	2057310	14164748.000
10/19/2012	6.88	6.88	6.66	6.71	1253998	8599156.000
10/22/2012	6.61	6.76	6.60	6.75	900799	6121776.500
10/23/2012	6.75	6.84	6.63	6.69	1349750	9239468.000
10/24/2012	6.65	6.72	6.58	6.66	1045929	7062368.000
10/25/2012	6.60	7.34	6.58	6.78	5169871	36333828.000
10/26/2012	6.59	6.73	6.52	6.62	1844629	12391391.000
10/29/2012	6.54	6.63	6.50	6.57	1077563	7180851.000
10/30/2012	6.49	6.65	6.49	6.56	1092203	7282035.500
10/31/2012	6.56	6.56	6.40	6.51	1458312	9605834.000
11/01/2012	6.50	6.65	6.50	6.58	1787282	11963137.000
11/02/2012	6.61	6.61	6.52	6.52	955900	6355569.000
11/05/2012	6.52	6.55	6.41	6.50	1285931	8494136.000
11/06/2012	6.51	6.51	6.20	6.39	1304482	8421781.000
11/07/2012	6.29	6.39	6.25	6.31	967183	6195111.000
11/08/2012	6.31	6.34	6.10	6.10	830700	5284866.000
11/09/2012	6.10	6.17	5.90	6.09	612419	3781729.500
11/12/2012	6.13	6.22	6.06	6.17	536442	3342057.500
11/13/2012	6.17	6.19	6.03	6.12	605800	3762422.750
11/14/2012	6.09	6.12	6.00	6.09	328647	2031645.625
11/15/2012	6.09	6.15	5.97	5.97	774352	4798598.500
11/16/2012	5.93	5.98	5.78	5.87	881251	5237817.500
11/19/2012	5.89	6.04	5.81	6.04	966112	5835294.500
11/20/2012	6.00	6.08	5.94	5.97	1107090	6762869.500
11/21/2012	5.92	6.03	5.89	6.02	925407	5623984.000
11/22/2012	5.99	5.99	5.88	5.92	568448	3431972.500
11/23/2012	5.97	5.97	5.87	5.88	798946	4809193.000
11/26/2012	5.89	5.89	5.77	5.77	305878	1818240.250
11/27/2012	5.78	5.80	5.49	5.50	724721	4129934.250
11/28/2012	5.42	5.46	5.25	5.29	628200	3416978.000
11/29/2012	5.37	5.37	5.15	5.17	518286	2784820.000
11/30/2012	5.11	5.25	5.11	5.22	598548	3181786.750
12/03/2012	5.22	5.26	5.02	5.03	394100	2079607.500
12/04/2012	4.99	5.11	4.84	5.04	998600	5043534.500
12/05/2012	5.02	5.29	4.98	5.21	1241037	6590371.500
12/06/2012	5.19	5.27	5.17	5.22	754997	4030439.000
12/07/2012	5.18	5.37	5.17	5.34	1274694	6902483.500
12/10/2012	5.37	5.50	5.33	5.50	1216155	6727997.000
12/11/2012	5.44	5.49	5.38	5.43	1104500	6115300.000
12/12/2012	5.38	5.43	5.29	5.40	1008873	5507497.000
12/13/2012	5.35	5.41	5.25	5.26	516459	2800493.250
12/14/2012	5.17	5.52	5.17	5.49	1653658	9148265.000
12/17/2012	5.45	5.57	5.45	5.49	1239634	6976231.000
12/18/2012	5.51	5.63	5.46	5.50	1137888	6433501.500
12/19/2012	5.48	5.57	5.48	5.55	654704	3695118.750
12/20/2012	5.51	5.61	5.49	5.55	977049	5523320.000
12/21/2012	5.56	5.66	5.50	5.65	1608086	9191497.000
12/24/2012	5.63	5.70	5.56	5.63	884491	5085011.500
12/25/2012	5.59	5.80	5.59	5.77	1501831	8775390.000
12/26/2012	5.77	6.03	5.72	5.99	2031591	12190050.000
12/27/2012	6.00	6.07	5.85	5.85	1735600	10503699.000
12/28/2012	5.89	6.06	5.81	6.04	2073577	12657405.000
12/31/2012	6.04	6.10	5.95	6.00	1079879	6610625.000
01/04/2013	6.02	6.08	5.89	5.93	1138511	6888905.000
01/07/2013	5.86	5.99	5.86	5.95	1168647	7071026.000
01/08/2013	5.98	6.10	5.92	6.04	2454195	15013505.000
01/09/2013	6.05	6.08	5.94	5.99	2535589	15527890.000
01/10/2013	5.98	6.07	5.94	6.04	2752163	16838092.000
01/11/2013	6.04	6.14	5.81	5.92	3572982	21939892.000
01/14/2013	5.92	6.13	5.84	6.11	4880689	30013940.000
01/15/2013	6.09	6.26	6.09	6.22	4276999	26933444.000
01/16/2013	6.11	6.18	5.98	6.17	5393410	33446456.000
01/17/2013	6.19	6.64	6.17	6.29	7546766	48836468.000
01/18/2013	6.24	6.31	6.10	6.25	3531209	22245836.000
01/21/2013	6.21	6.25	6.15	6.20	2836625	17857542.000
01/22/2013	6.19	6.19	5.94	5.99	2792747	17280598.000
01/23/2013	5.99	6.00	5.85	5.96	1850939	11161428.000
01/24/2013	5.98	6.01	5.65	5.73	3046016	18188576.000
01/25/2013	5.73	5.77	5.68	5.70	1157496	6755981.000
01/28/2013	5.70	5.81	5.70	5.80	1443213	8488874.000
01/29/2013	5.80	6.02	5.80	5.96	2730022	16571089.000
01/30/2013	5.99	5.99	5.85	5.93	1828988	11022046.000
01/31/2013	5.91	6.00	5.87	6.00	1780314	10783994.000
02/01/2013	6.01	6.05	5.97	6.01	1832887	11212099.000
02/04/2013	6.01	6.03	5.86	5.90	1619998	9771227.000
02/05/2013	5.85	5.95	5.85	5.95	758253	4570588.000
02/06/2013	5.96	6.01	5.93	5.98	1222675	7434015.500
02/07/2013	6.05	6.07	5.93	6.04	1379421	8438225.000
02/08/2013	6.09	6.54	6.09	6.17	4701806	29865148.000
02/18/2013	6.19	6.26	6.10	6.24	3029635	19061834.000
02/19/2013	6.27	6.39	6.12	6.15	2591739	16458071.000
02/20/2013	6.12	6.65	6.12	6.53	8974337	59113252.000
02/21/2013	6.39	6.52	6.15	6.26	5496400	35497316.000
02/22/2013	6.23	6.37	6.23	6.25	3016800	19362428.000
02/25/2013	6.29	6.39	6.17	6.34	2739647	17587896.000
02/26/2013	6.27	6.37	6.08	6.09	3014504	19134064.000
02/27/2013	6.11	6.39	5.97	6.32	4620166	28933814.000
02/28/2013	6.32	6.36	6.17	6.31	3552156	22634616.000
03/01/2013	6.36	6.55	6.28	6.50	6196802	40654300.000
03/04/2013	6.42	6.42	6.06	6.12	4104074	26116256.000
03/05/2013	6.09	6.25	6.07	6.21	2442573	15373994.000
03/06/2013	6.21	6.36	6.21	6.34	2280968	14630829.000
03/07/2013	6.36	6.43	6.19	6.24	2627768	16908782.000
03/08/2013	6.34	6.84	6.34	6.42	6948724	46120800.000
03/11/2013	6.26	6.37	6.20	6.31	3253845	20860104.000
03/12/2013	6.31	6.37	6.02	6.10	2891072	18182206.000
03/13/2013	6.10	6.13	5.92	6.01	2176227	13315260.000
03/14/2013	6.01	6.07	5.95	5.98	1351200	8271396.000
03/15/2013	5.97	6.07	5.89	5.94	1838253	11177643.000
03/18/2013	5.92	5.95	5.76	5.78	1483391	8839148.000
03/19/2013	5.76	5.84	5.72	5.83	1123992	6623530.000
03/20/2013	5.81	6.00	5.79	6.00	1615334	9778686.000
03/21/2013	6.01	6.14	5.98	6.08	1661890	10255471.000
03/22/2013	6.07	6.11	6.03	6.09	1007561	6229539.500
03/25/2013	6.11	6.13	5.96	6.10	1214377	7496263.500
03/26/2013	6.07	6.07	5.94	6.02	1443422	8810218.000
03/27/2013	6.01	6.14	5.99	6.10	1443164	8927173.000
03/28/2013	5.99	5.99	5.79	5.81	1675474	10064763.000
03/29/2013	5.87	5.88	5.77	5.81	666341	3955210.000
04/01/2013	5.76	5.88	5.75	5.85	588527	3494709.500
04/02/2013	5.87	5.93	5.73	5.74	986350	5837346.000
04/03/2013	5.71	5.76	5.58	5.59	1121393	6450365.000
04/08/2013	5.55	5.55	5.30	5.51	869790	4836896.000
04/09/2013	5.54	5.58	5.47	5.55	798254	4501584.000
04/10/2013	5.51	5.54	5.44	5.50	580638	3256486.750
04/11/2013	5.53	5.57	5.50	5.54	435892	2457700.250
04/12/2013	5.50	5.66	5.48	5.54	844709	4785835.500
04/15/2013	5.61	5.61	5.40	5.45	603699	3370058.500
04/16/2013	5.40	5.56	5.40	5.54	592919	3327982.500
04/17/2013	5.53	5.61	5.50	5.60	530923	3010479.750
04/18/2013	5.60	5.63	5.53	5.62	476191	2721490.750
04/19/2013	5.62	5.71	5.49	5.67	785896	4528874.500
04/22/2013	5.63	5.78	5.63	5.76	902139	5273246.500
04/23/2013	5.76	5.77	5.64	5.68	1452994	8420848.000
04/24/2013	5.65	5.77	5.65	5.77	420494	2451112.500
04/25/2013	5.75	5.93	5.69	5.82	1531158	9066033.000
04/26/2013	5.81	5.91	5.71	5.73	1072711	6289160.500
05/02/2013	5.70	5.74	5.62	5.72	651490	3769528.000
05/03/2013	5.72	5.82	5.69	5.77	524656	3087333.250
05/06/2013	5.79	5.82	5.74	5.81	1353273	7966613.500
05/07/2013	5.81	5.83	5.75	5.82	553252	3264071.000
05/08/2013	5.82	5.96	5.80	5.94	1562568	9376171.000
05/09/2013	5.93	6.12	5.84	6.04	3368630	20674122.000
05/10/2013	6.04	6.10	5.97	6.02	2165398	13286967.000
05/13/2013	5.97	6.04	5.87	5.92	1559145	9408603.000
05/14/2013	5.90	5.93	5.76	5.84	903931	5353218.500
05/15/2013	5.90	5.98	5.82	5.97	1154112	6975295.500
05/16/2013	5.98	6.57	5.97	6.30	8982883	57285712.000
05/17/2013	6.22	6.55	6.15	6.41	7895552	50827128.000
05/20/2013	6.41	6.76	6.37	6.65	9764578	64793588.000
05/21/2013	6.64	7.16	6.49	6.95	16629719	113724056.000
05/22/2013	7.00	7.02	6.70	6.86	11167530	76800816.000
05/23/2013	6.79	7.04	6.70	6.76	9168455	63108056.000
05/24/2013	6.84	6.99	6.79	6.94	7046518	48704524.000
05/27/2013	6.97	7.02	6.70	6.76	7033564	48247664.000
05/28/2013	6.76	6.80	6.29	6.38	13137043	85069520.000
05/29/2013	6.35	6.61	6.33	6.52	9303877	60425096.000
05/30/2013	6.50	6.61	6.41	6.48	6668891	43469144.000
05/31/2013	6.53	6.75	6.37	6.62	13094376	86529120.000
06/03/2013	6.61	6.68	6.51	6.53	6742088	44784740.000
06/04/2013	6.57	6.59	6.22	6.28	4745748	30261454.000
06/05/2013	6.28	6.32	6.14	6.17	4415747	27496650.000
06/06/2013	6.15	6.21	6.05	6.06	3177107	19620540.000
06/07/2013	6.07	6.14	5.93	5.96	3370247	20399850.000
06/13/2013	5.89	5.89	5.53	5.73	2673424	15343333.000
06/14/2013	5.76	5.92	5.73	5.89	2179149	12803994.000
06/17/2013	5.89	5.98	5.82	5.87	2231354	13230536.000
06/18/2013	5.96	5.96	5.82	5.86	2227054	13160677.000
06/19/2013	5.84	5.92	5.77	5.92	2561518	15079116.000
06/20/2013	5.89	5.92	5.68	5.69	2514599	14771040.000
06/21/2013	5.49	5.68	5.39	5.59	2142115	11913106.000
06/24/2013	5.55	5.57	5.07	5.09	2672412	14251869.000
06/25/2013	5.00	5.19	4.75	5.11	2787837	14116126.000
06/26/2013	5.12	5.27	5.05	5.25	2642413	13828446.000
06/27/2013	5.25	5.35	4.98	5.27	2890486	15204053.000
06/28/2013	5.12	5.32	5.05	5.15	1391704	7232031.500
07/01/2013	5.12	5.26	5.12	5.23	1210016	6332656.500
07/02/2013	5.21	5.33	5.19	5.32	2352457	12481917.000
07/03/2013	5.30	5.30	5.08	5.22	2840146	14816317.000
07/04/2013	5.13	5.29	5.12	5.23	2348709	12333921.000
07/05/2013	5.18	5.26	5.15	5.17	1801338	9437314.000
07/08/2013	5.09	5.09	4.82	4.82	2513791	12518199.000
07/09/2013	4.82	4.90	4.72	4.75	3526055	16907214.000
07/10/2013	4.77	5.04	4.72	5.02	6356118	31377988.000
07/11/2013	5.04	5.19	4.97	5.10	5462243	27904926.000
07/12/2013	5.12	5.18	5.05	5.07	3255661	16790344.000
07/15/2013	5.05	5.15	5.04	5.14	2600047	13366979.000
07/16/2013	5.15	5.42	5.12	5.31	5486159	29183150.000
07/17/2013	5.27	5.31	5.13	5.16	3847012	20219072.000
07/18/2013	5.20	5.31	5.13	5.23	3273590	17249956.000
07/19/2013	5.19	5.38	5.19	5.22	4740230	25288646.000
07/22/2013	5.23	5.51	5.15	5.49	5073052	27386600.000
07/23/2013	5.44	5.58	5.39	5.49	4829952	26580916.000
07/24/2013	5.47	5.53	5.38	5.48	3904414	21423058.000
07/25/2013	5.48	5.51	5.26	5.27	3112305	16786948.000
07/26/2013	5.23	5.32	5.18	5.25	2699373	14264740.000
07/29/2013	5.22	5.39	5.20	5.25	2525423	13397306.000
07/30/2013	5.25	5.32	5.08	5.29	2889413	15211923.000
07/31/2013	5.29	5.51	5.27	5.38	3234425	17505314.000
08/01/2013	5.37	5.60	5.37	5.59	4924505	27204598.000
08/02/2013	5.59	5.86	5.55	5.67	7467338	42934328.000
08/05/2013	5.67	5.83	5.64	5.74	4109018	23620300.000
08/06/2013	5.77	5.78	5.63	5.76	2694036	15477562.000
08/07/2013	5.73	5.75	5.53	5.57	2841060	16038441.000
08/08/2013	5.57	5.71	5.57	5.64	2292777	12982083.000
08/09/2013	5.63	5.70	5.44	5.57	3066507	17137190.000
08/12/2013	5.53	5.64	5.53	5.63	2692666	15142607.000
08/13/2013	5.65	5.76	5.60	5.73	2896404	16563101.000
08/14/2013	5.73	5.96	5.65	5.81	5226097	30371672.000
08/15/2013	5.80	5.86	5.66	5.68	3281388	19051240.000
08/16/2013	5.62	5.73	5.48	5.48	3331402	18724478.000
08/19/2013	5.47	5.62	5.47	5.60	1664402	9322596.000
08/20/2013	5.58	5.90	5.56	5.75	4638563	26718626.000
08/21/2013	5.73	5.79	5.66	5.77	2659380	15300323.000
08/22/2013	5.74	5.82	5.69	5.80	2537666	14718605.000
08/23/2013	5.79	5.81	5.58	5.67	3526306	20177052.000
08/26/2013	5.72	5.86	5.66	5.82	3632082	21025900.000
08/27/2013	5.80	5.92	5.79	5.86	3236940	19029016.000
08/28/2013	5.83	5.83	5.65	5.68	3258810	18783742.000
08/29/2013	5.67	5.74	5.62	5.69	2026831	11565423.000
08/30/2013	5.69	5.73	5.54	5.57	3689860	20992834.000
09/02/2013	5.58	5.69	5.48	5.67	1991217	11170217.000
09/03/2013	5.68	5.77	5.66	5.72	2107005	12107272.000
09/04/2013	5.70	6.06	5.68	6.05	8915278	52632844.000
09/05/2013	6.12	6.17	5.90	5.97	10022196	60521532.000
09/06/2013	5.89	6.16	5.89	6.15	7787051	47278576.000
09/09/2013	6.13	6.14	6.00	6.13	4278246	26103858.000
09/10/2013	6.07	6.13	5.98	6.05	4353153	26424648.000
09/11/2013	6.05	6.16	5.85	5.93	5400387	32261788.000
09/12/2013	5.87	5.97	5.82	5.87	4524446	26718988.000
09/13/2013	5.86	5.95	5.81	5.93	3199238	18916676.000
09/16/2013	5.99	5.99	5.91	5.95	2522254	15104952.000
09/17/2013	5.93	5.98	5.84	5.86	1803830	10716709.000
09/18/2013	5.83	5.95	5.82	5.93	1624821	9636194.000
09/23/2013	5.92	6.07	5.92	6.04	2266703	13699833.000
09/24/2013	6.05	6.12	5.97	6.12	2994742	18242582.000
09/25/2013	6.08	6.34	6.08	6.25	4382534	27428222.000
09/26/2013	6.25	6.30	6.14	6.23	3004528	18825850.000
09/27/2013	6.14	6.30	6.14	6.28	2524036	15857322.000
09/30/2013	6.28	6.51	6.22	6.35	2216638	14116397.000
10/08/2013	6.32	6.49	6.28	6.49	3569759	23075436.000
10/09/2013	6.40	6.56	6.40	6.48	2133008	13934034.000
10/10/2013	6.48	6.63	6.45	6.48	3467995	22683018.000
10/11/2013	6.48	6.60	6.36	6.57	2776664	18133186.000
10/14/2013	6.56	6.86	6.52	6.77	3468692	23351194.000
10/15/2013	6.77	7.17	6.77	6.97	6218638	43958096.000
10/16/2013	6.96	6.96	6.59	6.78	3484717	23638114.000
10/17/2013	6.78	6.91	6.57	6.58	2193175	14906867.000
10/18/2013	6.60	6.61	6.42	6.57	1664860	10896605.000
10/21/2013	6.47	6.74	6.47	6.65	2234322	14945668.000
10/22/2013	6.67	6.77	6.50	6.57	1564408	10436382.000
10/23/2013	6.53	6.72	6.22	6.40	2090719	13476492.000
10/24/2013	6.22	6.44	6.22	6.39	757186	4855407.500
10/25/2013	6.37	6.44	6.24	6.31	1049020	6667374.000
10/28/2013	6.22	6.46	6.22	6.37	1019011	6513411.500
10/29/2013	6.42	6.53	6.25	6.35	3616979	23194632.000
10/30/2013	6.28	6.57	6.28	6.48	3315240	21555972.000
10/31/2013	6.39	6.75	6.39	6.70	4349819	28864058.000
11/01/2013	6.67	6.76	6.49	6.63	1624649	10765972.000
11/04/2013	6.56	6.74	6.43	6.46	1149990	7557759.000
11/05/2013	6.42	6.71	6.42	6.69	1226269	8104447.500
11/06/2013	6.63	6.77	6.52	6.56	804959	5355109.000
11/07/2013	6.48	6.57	6.39	6.40	788632	5134872.500
11/08/2013	6.26	6.48	6.26	6.37	801846	5150970.500
11/11/2013	6.36	6.48	6.32	6.45	509959	3296720.500
11/12/2013	6.35	6.50	6.35	6.48	326116	2116770.500
11/13/2013	6.48	6.62	6.46	6.47	918902	6043493.000
11/14/2013	6.42	6.60	6.25	6.59	1314609	8579782.000
11/15/2013	6.59	6.71	6.54	6.54	2792974	18568092.000
11/18/2013	6.56	6.70	6.45	6.47	4408481	28992412.000
11/22/2013	6.50	6.50	6.15	6.25	4886463	30519660.000
11/25/2013	6.20	6.26	6.19	6.21	1724065	10779155.000
11/26/2013	6.21	6.36	6.17	6.25	1987058	12446235.000
11/27/2013	6.22	6.33	6.21	6.30	2286774	14423161.000
11/28/2013	6.28	6.40	6.28	6.34	2523414	16078200.000
11/29/2013	6.30	6.62	6.30	6.56	5173425	33719396.000
12/02/2013	6.38	6.39	5.90	5.90	4835861	29413988.000
12/03/2013	5.85	5.97	5.71	5.94	3296246	19289208.000
12/04/2013	5.87	6.19	5.87	6.14	3741554	22743960.000
12/05/2013	6.07	6.34	6.03	6.30	5371308	33471732.000
12/06/2013	6.20	6.25	6.00	6.04	4289301	26345294.000
12/09/2013	6.07	6.17	5.98	6.16	5104281	31168588.000
12/10/2013	6.13	6.32	6.08	6.18	6673351	41675628.000
12/11/2013	6.17	6.18	5.90	6.00	3671601	22294286.000
12/12/2013	6.00	6.16	5.97	6.05	2047202	12442427.000
12/13/2013	6.01	6.08	5.98	6.06	1553152	9440083.000
12/16/2013	6.03	6.11	5.94	5.95	1956012	11822892.000
12/17/2013	5.98	6.04	5.90	6.04	3863970	23245068.000
12/18/2013	6.03	6.23	5.97	6.20	6166747	38090152.000
12/19/2013	6.18	6.24	6.07	6.11	2350045	14502611.000
12/20/2013	6.11	6.15	5.93	5.97	1796166	10876127.000
12/23/2013	5.97	6.01	5.62	5.79	2022518	11794310.000
12/24/2013	5.79	5.88	5.76	5.84	1394007	8147454.000
12/25/2013	5.82	5.96	5.81	5.93	2222874	13208978.000
12/26/2013	5.93	5.99	5.78	5.84	1528722	9065790.000
12/27/2013	5.82	6.01	5.82	5.95	3171899	18962122.000
12/30/2013	6.00	6.16	5.92	6.12	3646072	22147092.000
12/31/2013	6.11	6.19	6.00	6.14	5284173	32552728.000
01/02/2014	6.12	6.31	6.08	6.27	5569726	34832012.000
01/03/2014	6.24	6.36	6.18	6.20	6516223	41101668.000
01/06/2014	6.19	6.22	6.00	6.00	3470600	21321186.000
01/07/2014	5.97	6.16	5.83	6.12	3820062	23074222.000
01/08/2014	6.12	6.41	6.12	6.22	7179674	45272676.000
01/09/2014	6.20	6.26	5.96	5.96	4000469	24682240.000
01/10/2014	5.89	5.92	5.67	5.73	3380554	19694690.000
01/13/2014	5.73	5.83	5.69	5.79	1826522	10616396.000
01/14/2014	5.85	5.96	5.78	5.95	1792740	10607624.000
01/15/2014	5.96	6.32	5.94	6.18	6642273	41297984.000
01/16/2014	6.16	6.22	6.11	6.15	2345108	14512097.000
01/17/2014	6.15	6.30	6.09	6.24	4099956	25656454.000
01/20/2014	6.19	6.31	6.09	6.13	3681442	22996692.000
01/21/2014	6.12	6.30	6.12	6.30	3276717	20539668.000
01/22/2014	6.30	6.36	6.22	6.30	5287558	33408720.000
01/23/2014	6.31	6.47	6.31	6.37	6778695	43527828.000
01/24/2014	6.35	6.42	6.32	6.37	4736481	30301640.000
01/27/2014	6.35	6.38	6.26	6.29	3222451	20466624.000
01/28/2014	6.27	6.33	6.17	6.22	3012652	18821088.000
01/29/2014	6.23	6.38	6.19	6.35	2538219	16066046.000
01/30/2014	6.35	6.38	6.26	6.36	2251820	14335954.000
02/07/2014	6.35	6.55	6.27	6.54	4920777	32026832.000
02/10/2014	6.55	6.68	6.52	6.64	5304954	35244796.000
02/11/2014	6.61	6.70	6.51	6.58	4819729	31993610.000
02/12/2014	6.55	6.81	6.55	6.75	4536601	30648302.000
02/13/2014	6.73	6.82	6.52	6.53	4303437	28882520.000
02/14/2014	6.54	6.80	6.49	6.77	4377668	29386068.000
02/17/2014	6.81	7.04	6.78	7.04	6056288	42386656.000
02/18/2014	7.05	7.05	6.91	7.02	4841102	33876616.000
02/19/2014	6.97	7.03	6.84	7.02	4416498	30845314.000
02/20/2014	7.02	7.02	6.75	6.76	4024480	27671228.000
02/21/2014	6.71	6.91	6.70	6.85	2537207	17357544.000
02/24/2014	6.85	6.96	6.71	6.94	3100374	21306482.000
02/25/2014	6.95	7.26	6.58	6.67	7477452	52337536.000
02/26/2014	6.59	6.75	6.43	6.75	3176970	21056548.000
02/27/2014	6.76	6.85	6.45	6.46	3489083	23286034.000
02/28/2014	6.47	6.55	6.32	6.53	3162211	20435764.000
03/03/2014	6.52	6.61	6.45	6.61	2864479	18865296.000
03/04/2014	6.59	6.71	6.54	6.70	3129970	20865822.000
03/05/2014	6.69	6.73	6.61	6.63	2011001	13458956.000
03/06/2014	6.62	6.77	6.47	6.76	3358774	22483808.000
03/07/2014	6.75	6.83	6.71	6.76	2122733	14438934.000
03/10/2014	6.67	6.67	6.32	6.37	2430089	15823929.000
03/11/2014	6.37	6.45	6.32	6.40	1818949	11657239.000
03/12/2014	6.38	6.49	6.26	6.44	1824814	11728388.000
03/13/2014	6.40	6.57	6.38	6.54	1478243	9673566.000
03/14/2014	6.53	6.54	6.38	6.50	1196572	7769042.000
03/17/2014	6.46	6.70	6.46	6.68	2487704	16574738.000
03/18/2014	6.68	6.75	6.63	6.70	2347416	15790399.000
03/19/2014	6.70	6.97	6.65	6.92	3687835	25355206.000
03/20/2014	6.87	6.94	6.63	6.67	2882069	19757400.000
03/21/2014	6.66	6.93	6.55	6.91	3727725	25401658.000
03/24/2014	6.83	7.11	6.83	6.94	4453729	31313038.000
03/25/2014	6.94	7.64	6.94	7.08	7530875	54453832.000
03/26/2014	7.10	7.37	7.04	7.35	9288451	66873108.000
03/27/2014	7.28	8.09	7.23	8.09	25137940	200119456.000
03/28/2014	7.77	8.44	7.77	7.87	20476775	165463408.000
03/31/2014	7.67	8.25	7.35	8.10	15046503	117880400.000
04/01/2014	8.02	8.45	7.77	8.30	17062671	139239744.000
04/02/2014	8.16	8.24	7.80	7.90	13821711	110878280.000
04/03/2014	7.87	8.14	7.68	7.82	9808671	78193472.000
04/04/2014	7.70	7.73	7.49	7.64	9524723	72885552.000
04/08/2014	7.62	7.70	7.46	7.67	7589770	57743864.000
04/09/2014	7.67	7.94	7.51	7.94	10933122	84821936.000
04/10/2014	7.96	8.16	7.67	7.69	11568590	92108752.000
04/11/2014	7.47	7.59	7.39	7.52	7297113	54852400.000
04/14/2014	7.52	7.64	7.49	7.61	3454671	26239642.000
04/15/2014	7.62	7.63	7.38	7.43	4552801	34217332.000
04/16/2014	7.39	7.56	7.36	7.49	3339250	25004544.000
04/17/2014	7.49	7.55	7.43	7.48	2373924	17832132.000
04/18/2014	7.46	7.55	7.44	7.53	2234945	16823964.000
04/21/2014	7.47	7.60	7.31	7.37	2989733	22383950.000
04/22/2014	7.35	7.49	7.23	7.40	3173725	23428688.000
04/23/2014	7.38	7.53	7.37	7.40	1681636	12569039.000
04/24/2014	7.37	7.43	7.16	7.22	2387456	17433560.000
04/25/2014	7.16	7.27	6.79	6.83	4029221	28474632.000
04/28/2014	6.78	6.84	6.47	6.50	2923113	19491892.000
04/29/2014	6.52	6.65	6.47	6.62	1995839	13163070.000
04/30/2014	6.65	6.77	6.59	6.73	1768822	11874096.000
05/05/2014	6.80	6.85	6.71	6.83	1906480	12922183.000
05/06/2014	6.85	7.22	6.77	7.12	4415802	30987140.000
05/07/2014	7.10	7.45	7.09	7.20	7576473	55474904.000
05/08/2014	7.05	7.42	7.01	7.19	4258103	30706796.000
05/09/2014	7.13	7.25	7.02	7.04	2339874	16617239.000
05/12/2014	7.10	7.33	7.10	7.31	2262835	16390538.000
05/13/2014	7.35	7.35	7.19	7.23	1553173	11235815.000
05/14/2014	7.25	7.25	7.10	7.19	1327238	9503580.000
05/15/2014	7.19	7.58	7.19	7.34	4421849	32726478.000
05/16/2014	7.32	7.68	7.29	7.64	5732415	43336308.000
05/19/2014	7.53	7.74	7.18	7.26	5165561	38179816.000
05/20/2014	7.34	7.59	7.29	7.59	5374054	40234908.000
05/21/2014	7.59	7.77	7.42	7.64	4584463	34959100.000
05/22/2014	7.60	7.68	7.40	7.50	4548422	34170136.000
05/23/2014	7.45	7.55	7.31	7.47	2939584	21840854.000
05/26/2014	7.45	7.72	7.42	7.44	6469150	48956432.000
05/27/2014	7.42	7.99	7.33	7.85	10147847	78199624.000
05/28/2014	7.76	7.92	7.70	7.90	5943021	46344720.000
05/29/2014	7.90	8.05	7.80	7.90	5955434	47116756.000
05/30/2014	7.90	8.26	7.83	8.12	7253688	58767052.000
06/03/2014	8.05	8.16	7.81	7.90	5103248	40543680.000
06/04/2014	7.93	7.93	7.61	7.73	3406106	26417730.000
06/05/2014	7.73	8.02	7.68	8.00	3294730	25783900.000
06/06/2014	7.93	8.18	7.90	7.98	3761891	30262104.000
06/09/2014	7.91	7.97	7.73	7.79	3344475	26203876.000
06/10/2014	7.79	7.83	7.55	7.83	3993284	30859686.000
06/11/2014	7.83	8.02	7.75	8.02	3430837	27129416.000
06/12/2014	8.01	8.07	7.89	7.90	3521448	28132662.000
06/13/2014	7.92	8.69	7.91	8.69	7435088	63281916.000
06/16/2014	8.99	9.04	8.63	8.73	15199235	134261296.000
06/17/2014	8.60	9.45	8.60	9.19	14814897	134242272.000
06/18/2014	9.00	9.22	8.79	9.04	9064743	81402336.000
06/19/2014	9.10	9.16	8.34	8.52	8318105	72180120.000
06/20/2014	8.33	9.01	8.29	8.86	7390009	64419968.000
06/23/2014	8.78	8.97	8.67	8.80	7725081	68125784.000
06/24/2014	8.70	8.92	8.61	8.73	6371188	55727400.000
06/25/2014	8.73	9.29	8.64	9.00	10359504	93475240.000
06/26/2014	8.84	9.35	8.83	9.19	10945636	99650784.000
06/27/2014	9.19	9.28	9.01	9.12	6232747	56944584.000
06/30/2014	9.12	9.12	8.84	8.99	5099078	45815464.000
07/01/2014	8.96	9.27	8.91	9.03	4943972	44948964.000
07/02/2014	8.96	9.20	8.68	8.92	6743482	60297972.000
07/03/2014	8.92	9.21	8.88	8.99	5476745	49692496.000
07/04/2014	8.95	9.06	8.78	9.01	3656903	32543966.000
07/07/2014	9.00	9.08	8.82	9.03	2702712	24172046.000
07/08/2014	9.00	9.78	9.00	9.45	8912455	84372208.000
07/09/2014	9.44	9.57	9.01	9.14	5542219	51371196.000
07/10/2014	9.12	9.21	9.01	9.12	3682050	33448144.000
07/11/2014	9.12	9.16	8.91	8.97	3648386	32911136.000
07/14/2014	8.94	9.11	8.92	9.05	3150807	28483256.000
07/15/2014	9.05	9.12	8.30	8.74	6317994	55229876.000
07/16/2014	8.62	8.77	8.21	8.39	5996050	50417764.000
07/17/2014	8.31	8.52	8.26	8.46	2205580	18610600.000
07/18/2014	8.42	8.68	8.39	8.63	3469304	29730918.000
07/21/2014	8.57	8.75	8.53	8.61	1994038	17191404.000
07/22/2014	8.59	8.71	8.45	8.69	2335196	20123098.000
07/23/2014	8.69	8.76	8.46	8.52	2372030	20372092.000
07/24/2014	8.46	8.53	8.20	8.35	2432724	20236530.000
07/25/2014	8.38	8.41	8.29	8.37	1482668	12374971.000
07/28/2014	8.37	8.60	8.36	8.49	1786837	15192841.000
07/29/2014	8.50	8.72	8.47	8.70	3513557	30450814.000
07/30/2014	8.78	8.87	8.70	8.78	3217868	28247442.000
07/31/2014	8.76	8.93	8.73	8.84	2888218	25451888.000
08/01/2014	8.83	8.91	8.70	8.72	2703440	23866426.000
08/04/2014	8.80	8.87	8.62	8.86	2608420	22780596.000
08/05/2014	8.95	8.95	8.77	8.93	3240070	28739572.000
08/06/2014	8.85	8.91	8.75	8.83	2097932	18519020.000
08/07/2014	8.81	8.90	8.75	8.76	1979498	17477728.000
08/08/2014	8.84	9.20	8.82	9.07	4872580	44105604.000
08/11/2014	9.07	9.27	9.05	9.08	3113574	28427312.000
08/12/2014	9.06	9.18	9.01	9.11	1840309	16705722.000
08/13/2014	9.11	9.37	9.07	9.22	2903893	26734344.000
08/14/2014	9.14	9.32	9.08	9.08	2713695	24994662.000
08/15/2014	9.10	9.58	9.01	9.49	6242062	58372440.000
08/18/2014	9.50	10.44	9.49	9.99	8909763	89462280.000
08/19/2014	10.05	10.33	9.83	10.20	7078150	70975656.000
08/20/2014	10.18	10.28	9.95	9.96	5140234	51956464.000
08/21/2014	10.01	10.25	9.86	10.19	4452899	45018144.000
08/22/2014	10.23	10.38	10.10	10.22	3114969	31833088.000
08/25/2014	10.29	10.29	9.91	10.17	3712097	37419844.000
08/26/2014	10.17	10.17	9.55	9.70	4348909	42677876.000
08/27/2014	9.69	9.86	9.50	9.71	2799803	27186478.000
08/28/2014	9.73	9.75	9.49	9.60	3213865	30830418.000
08/29/2014	9.51	9.72	9.50	9.69	2260927	21705096.000
09/01/2014	9.65	10.20	9.63	10.15	4392478	43975600.000
09/02/2014	10.20	11.17	10.15	11.17	9941765	105904736.000
09/03/2014	11.17	11.72	11.06	11.16	9880074	111585856.000
09/04/2014	11.15	11.42	10.88	11.16	7568669	84137224.000
09/05/2014	11.16	12.27	11.10	12.20	13441436	160137488.000
09/09/2014	12.15	13.42	11.95	12.90	13553364	174669792.000
09/10/2014	13.00	13.15	12.33	12.51	11756733	148546240.000
09/11/2014	12.58	12.77	12.15	12.64	7169757	89644880.000
09/12/2014	12.55	12.95	12.45	12.75	4410357	56258976.000
09/15/2014	12.80	12.89	12.28	12.83	5447486	68524528.000
09/16/2014	12.81	12.83	12.31	12.40	4786785	60133328.000
09/17/2014	12.36	13.19	12.21	12.91	7446354	95315416.000
09/18/2014	13.01	13.09	12.70	12.82	3196319	41078632.000
09/19/2014	12.82	14.05	12.82	13.86	7718014	105361296.000
09/22/2014	13.74	14.24	13.50	14.00	6341977	88568952.000
09/23/2014	14.01	14.62	13.84	13.95	5515243	78296240.000
09/24/2014	14.02	14.38	13.70	14.05	4689138	65483088.000
09/25/2014	13.85	14.11	13.73	13.86	3850432	53516828.000
09/26/2014	13.85	13.85	13.43	13.50	3712475	50580460.000
09/29/2014	13.60	14.30	13.60	14.15	4079699	57241888.000
09/30/2014	14.10	15.37	14.06	15.00	6296052	93309608.000
10/08/2014	15.00	16.50	15.00	15.92	5963363	95391832.000
10/09/2014	16.05	16.40	15.25	16.40	8521450	134525152.000
10/10/2014	16.19	16.29	15.80	15.91	3404300	54279292.000
10/16/2014	16.49	17.38	14.89	15.02	9729029	157570944.000
10/17/2014	14.72	15.45	14.38	15.18	5135556	76483664.000
10/20/2014	14.96	15.16	14.46	14.81	5242604	77176824.000
10/21/2014	14.84	14.89	14.40	14.47	3479375	50829036.000
10/22/2014	14.38	14.76	14.14	14.14	2821996	40891196.000
10/23/2014	14.05	14.26	13.45	13.61	3845844	52477036.000
10/24/2014	13.96	14.72	13.82	14.71	5068314	73243056.000
10/27/2014	14.60	15.65	14.50	15.61	5373844	82219896.000
10/28/2014	15.70	15.96	15.34	15.75	4572780	71674272.000
10/29/2014	15.84	16.36	15.60	15.93	5223070	83859888.000
10/30/2014	15.93	16.15	15.42	15.50	4620619	72887936.000
数据来源:通达信
