300205 天喻信息 日线
      日期	    开盘	    最高	    最低	    收盘	    成交量	    成交额
04/21/2011	6.99	6.99	6.72	6.72	3339233	124647504.000
04/22/2011	6.60	6.68	6.51	6.53	1614117	58465728.000
04/25/2011	6.51	6.57	6.45	6.55	558472	20044122.000
04/26/2011	6.51	6.51	6.38	6.38	545676	19312044.000
04/27/2011	6.39	6.42	6.21	6.24	461156	16015350.000
04/28/2011	6.24	6.28	5.91	5.92	548666	18380368.000
04/29/2011	5.92	6.03	5.92	6.03	424291	13985767.000
05/03/2011	6.02	6.06	6.00	6.04	311433	10378424.000
05/04/2011	6.00	6.01	5.94	5.96	287602	9485282.000
05/05/2011	5.92	6.04	5.92	6.04	267048	8820272.000
05/06/2011	5.99	6.10	5.97	6.05	266228	8885766.000
05/09/2011	6.03	6.10	5.98	6.06	123070	4123165.000
05/10/2011	6.02	6.10	6.01	6.08	169171	5663517.000
05/11/2011	6.06	6.08	6.01	6.03	138650	4626317.500
05/12/2011	5.98	6.07	5.97	6.03	125169	4173738.250
05/13/2011	6.06	6.08	5.98	6.02	153070	5091394.500
05/16/2011	6.05	6.09	6.01	6.06	122328	4084753.250
05/17/2011	6.07	6.09	6.02	6.06	85659	2863422.750
05/18/2011	6.08	6.11	6.03	6.11	132745	4444248.000
05/19/2011	6.08	6.15	6.08	6.15	109311	3694456.750
05/20/2011	6.15	6.15	5.98	6.11	145818	4890652.000
05/23/2011	6.03	6.08	5.95	6.06	183279	6099440.500
05/24/2011	6.04	6.16	5.97	6.14	242837	8178425.000
05/25/2011	6.14	6.22	6.09	6.14	257161	8757673.000
05/26/2011	6.14	6.31	6.14	6.24	380673	13102810.000
05/27/2011	6.28	6.38	6.11	6.11	319690	10958373.000
05/30/2011	6.09	6.09	5.85	5.97	345252	11359399.000
05/31/2011	5.94	5.97	5.89	5.97	184622	6055387.500
06/01/2011	5.95	5.95	5.90	5.93	70219	2300206.750
06/02/2011	5.85	5.98	5.79	5.98	151892	4930791.500
06/03/2011	5.94	6.02	5.94	6.00	156220	5166089.500
06/07/2011	5.95	6.03	5.94	6.03	80278	2658850.500
06/08/2011	6.03	6.03	5.95	5.96	74400	2458660.250
06/10/2011	5.87	5.93	5.79	5.83	132076	4275632.500
06/13/2011	5.80	5.87	5.79	5.82	52248	1680254.125
06/14/2011	5.82	5.87	5.80	5.84	112228	3617205.000
06/15/2011	5.82	5.84	5.67	5.69	172820	5486446.000
06/16/2011	5.67	5.68	5.57	5.58	106940	3331898.000
06/17/2011	5.56	5.58	5.44	5.44	70600	2159675.250
06/20/2011	5.44	5.44	5.33	5.35	119489	3550207.500
06/21/2011	5.35	5.39	5.33	5.36	83522	2479178.500
06/22/2011	5.36	5.39	5.33	5.36	61700	1832033.000
06/23/2011	5.36	5.44	5.35	5.43	188047	5627338.500
06/24/2011	5.42	5.51	5.39	5.50	209640	6352721.500
06/27/2011	5.51	5.58	5.44	5.52	163509	5012360.000
06/28/2011	5.51	5.56	5.47	5.51	74935	2288815.000
06/29/2011	5.46	5.54	5.46	5.52	121750	3713095.000
06/30/2011	5.48	5.66	5.33	5.66	151955	4626692.000
07/01/2011	5.60	5.62	5.55	5.55	172199	5307212.500
07/04/2011	5.53	5.62	5.53	5.61	178840	5519822.500
07/05/2011	5.61	5.64	5.58	5.60	123975	3848968.500
07/06/2011	5.60	5.65	5.57	5.63	189222	5878183.000
07/07/2011	5.63	5.84	5.61	5.77	445122	14148596.000
07/08/2011	5.71	5.73	5.68	5.72	129374	4082372.000
07/11/2011	5.73	5.74	5.67	5.74	105814	3344144.250
07/12/2011	5.68	5.69	5.55	5.56	319500	9923007.000
07/13/2011	5.59	5.80	5.58	5.79	330348	10455556.000
07/14/2011	5.81	5.87	5.71	5.81	259818	8320925.500
07/15/2011	5.81	5.94	5.79	5.89	323984	10549814.000
07/18/2011	5.89	6.18	5.89	6.12	989931	33152438.000
07/19/2011	6.10	6.21	5.98	6.00	379697	12807713.000
07/20/2011	6.01	6.16	5.92	5.96	213440	7072441.500
07/21/2011	6.00	6.00	5.94	5.96	206814	6817179.500
07/22/2011	5.97	6.00	5.79	5.95	127314	4173393.000
07/25/2011	5.95	5.95	5.71	5.72	260298	8326994.000
07/26/2011	5.73	5.73	5.57	5.64	385530	11960611.000
07/27/2011	5.58	5.80	5.53	5.77	406775	12741380.000
07/28/2011	5.67	5.84	5.58	5.84	358425	11388043.000
07/29/2011	5.84	5.86	5.62	5.64	499376	15753304.000
08/01/2011	5.67	5.71	5.58	5.68	445551	13956829.000
08/02/2011	5.63	5.66	5.50	5.57	737884	22673394.000
08/03/2011	5.51	5.66	5.48	5.64	1006568	31220058.000
08/04/2011	5.65	5.69	5.59	5.66	569315	17751484.000
08/05/2011	5.53	5.63	5.53	5.56	508199	15678923.000
08/08/2011	5.51	5.56	5.23	5.41	576012	17166948.000
08/09/2011	5.25	5.42	5.25	5.40	450843	13326315.000
08/10/2011	5.48	5.51	5.42	5.44	472939	14314118.000
08/11/2011	5.36	5.50	5.36	5.50	370845	11183687.000
08/12/2011	5.53	5.58	5.51	5.56	515791	15839069.000
08/15/2011	5.71	6.11	5.71	6.01	3636882	118693768.000
08/16/2011	5.91	6.56	5.90	6.43	4473061	155704720.000
08/17/2011	6.40	6.51	6.31	6.39	1701194	60052484.000
08/18/2011	6.40	6.47	6.26	6.30	1157353	40607856.000
08/19/2011	6.10	6.27	6.08	6.24	889388	30387664.000
08/22/2011	6.38	6.46	6.18	6.19	1166439	40896460.000
08/23/2011	6.20	6.50	6.07	6.44	1310232	45399276.000
08/24/2011	6.39	6.68	6.38	6.54	1818542	65638696.000
08/25/2011	6.32	6.46	6.23	6.43	2191984	76317872.000
08/26/2011	6.43	6.43	6.27	6.35	691542	24257372.000
08/29/2011	6.34	6.74	6.31	6.70	1899227	68710664.000
08/30/2011	6.72	7.00	6.72	6.77	3825261	144812688.000
08/31/2011	6.73	6.84	6.46	6.62	1623858	58929920.000
09/01/2011	6.62	6.68	6.37	6.39	1043361	37519460.000
09/02/2011	6.35	6.44	6.23	6.42	990522	34605792.000
09/05/2011	6.31	6.46	6.25	6.31	944500	33017454.000
09/06/2011	6.21	6.31	6.16	6.24	642806	22090524.000
09/07/2011	6.24	6.42	6.18	6.42	762314	26545446.000
09/08/2011	6.42	6.44	6.26	6.27	455123	16018161.000
09/09/2011	6.20	6.30	6.12	6.14	537500	18378366.000
09/13/2011	6.08	6.08	6.01	6.03	238209	7939434.000
09/14/2011	6.08	6.22	5.95	6.22	949321	31729164.000
09/15/2011	6.21	6.30	6.14	6.16	350674	12022269.000
09/16/2011	6.19	6.24	6.12	6.12	283489	9621539.000
09/19/2011	6.08	6.09	5.97	6.00	257452	8545403.000
09/20/2011	6.00	6.08	5.95	6.00	232985	7721282.000
09/21/2011	6.06	6.23	5.99	6.23	356086	12099610.000
09/22/2011	6.21	6.22	6.07	6.08	335720	11424275.000
09/23/2011	6.01	6.27	5.97	6.25	497119	16865114.000
09/26/2011	6.19	6.37	6.17	6.23	518155	17956754.000
09/27/2011	6.26	6.40	6.26	6.36	481566	16872476.000
09/28/2011	6.41	6.56	6.27	6.32	650506	23137164.000
09/29/2011	6.32	6.32	6.05	6.10	334006	11340761.000
09/30/2011	6.10	6.22	5.96	6.01	183213	6111117.500
10/10/2011	6.01	6.06	5.96	5.98	90377	2992445.000
10/11/2011	6.14	6.19	5.90	5.95	174949	5847201.000
10/12/2011	5.97	6.12	5.86	6.07	227155	7589295.500
10/14/2011	6.12	6.28	6.10	6.19	390792	13355764.000
10/17/2011	6.26	6.30	6.09	6.22	358054	12205576.000
10/18/2011	6.19	6.19	5.99	6.00	233947	7846681.000
10/19/2011	6.00	6.07	5.75	5.75	304000	9903898.000
10/20/2011	5.75	5.75	5.55	5.55	257150	7953094.000
10/21/2011	5.51	5.64	5.29	5.29	353454	10522786.000
10/24/2011	4.86	5.08	4.75	4.90	1131437	30279582.000
10/25/2011	4.84	4.98	4.75	4.95	853203	23060048.000
10/26/2011	4.88	5.00	4.86	4.98	632979	17438440.000
10/27/2011	4.94	5.01	4.90	4.90	408559	11233627.000
10/28/2011	4.93	5.10	4.91	5.09	588941	16366264.000
10/31/2011	5.09	5.23	5.05	5.22	646304	18448980.000
11/01/2011	5.19	5.27	5.12	5.18	499345	14352135.000
11/02/2011	5.14	5.51	5.09	5.49	1969591	58377088.000
11/03/2011	5.52	5.67	5.41	5.54	2163911	66314196.000
11/04/2011	5.59	5.60	5.46	5.49	984115	30087264.000
11/07/2011	5.49	5.49	5.33	5.34	711208	21177686.000
11/08/2011	5.34	5.42	5.29	5.29	385441	11441950.000
11/09/2011	5.34	5.40	5.22	5.39	460187	13562384.000
11/10/2011	5.34	5.52	5.27	5.36	625325	18793878.000
11/11/2011	5.33	5.45	5.33	5.43	475412	14254269.000
11/14/2011	5.47	5.60	5.47	5.57	682840	20958342.000
11/15/2011	5.59	5.62	5.53	5.54	604084	18627596.000
11/16/2011	5.56	5.57	5.32	5.35	498180	15135505.000
11/17/2011	5.42	5.43	5.26	5.37	1003684	29749182.000
11/18/2011	5.35	5.37	5.13	5.15	648590	18813132.000
11/21/2011	5.15	5.15	5.00	5.08	405377	11363326.000
11/22/2011	5.03	5.11	4.99	5.08	346628	9708214.000
11/23/2011	5.08	5.13	5.04	5.06	372329	10478475.000
11/24/2011	5.04	5.16	5.01	5.14	394411	11153219.000
11/25/2011	5.13	5.18	5.06	5.06	241000	6854434.000
11/28/2011	5.08	5.13	5.03	5.03	211300	5933420.500
11/29/2011	5.05	5.10	5.04	5.10	284961	8021621.500
11/30/2011	5.10	5.14	4.83	4.86	421210	11535674.000
12/01/2011	4.96	5.02	4.93	4.94	371490	10249164.000
12/02/2011	4.89	4.94	4.76	4.80	282947	7561486.000
12/05/2011	4.82	4.85	4.61	4.62	224600	5889719.000
12/06/2011	4.55	4.61	4.48	4.55	238484	6031660.000
12/07/2011	4.56	4.58	4.48	4.51	182200	4591994.000
12/08/2011	4.53	4.58	4.44	4.55	271262	6816834.000
12/09/2011	4.53	4.60	4.49	4.59	281472	7156388.000
12/12/2011	4.64	4.65	4.52	4.57	110081	2796526.000
12/13/2011	4.55	4.55	4.35	4.38	169660	4172907.250
12/14/2011	4.36	4.42	4.33	4.33	128090	3114828.500
12/15/2011	4.31	4.31	4.16	4.21	216190	5102838.500
12/16/2011	4.15	4.33	4.15	4.33	157835	3764281.250
12/19/2011	4.36	4.44	4.29	4.43	197628	4797129.000
12/20/2011	4.44	4.45	4.37	4.38	141943	3493146.250
12/21/2011	4.44	4.45	4.23	4.25	156300	3827156.750
12/22/2011	4.31	4.68	4.29	4.48	1121653	28151504.000
12/23/2011	4.36	4.47	4.32	4.35	545242	13320966.000
12/26/2011	4.37	4.79	4.37	4.62	1228388	31851240.000
12/27/2011	4.51	4.65	4.43	4.55	802622	20225812.000
12/28/2011	4.49	4.54	4.09	4.19	694270	16433116.000
12/29/2011	4.04	4.19	4.04	4.10	349660	8038916.500
12/30/2011	4.16	4.20	4.11	4.19	298006	6927923.500
01/04/2012	4.27	4.27	3.95	3.98	299292	6888498.500
01/05/2012	3.97	3.98	3.61	3.62	533938	11274838.000
01/06/2012	3.61	3.65	3.44	3.62	352061	6996938.500
01/09/2012	3.58	3.76	3.53	3.76	328982	6781048.500
01/10/2012	3.71	3.91	3.71	3.87	608794	13091791.000
01/11/2012	3.87	4.01	3.82	3.85	715981	15631741.000
01/12/2012	3.78	3.90	3.77	3.79	530065	11359652.000
01/13/2012	3.78	3.81	3.45	3.45	745176	14908082.000
01/16/2012	3.45	3.45	3.31	3.32	301340	5712602.000
01/17/2012	3.35	3.50	3.21	3.47	511397	9611263.000
01/18/2012	3.42	3.49	3.23	3.23	510824	9666821.000
01/19/2012	3.23	3.36	3.23	3.35	434049	8105618.500
01/20/2012	3.36	3.44	3.34	3.42	274383	5248148.500
01/30/2012	3.42	3.49	3.39	3.39	224163	4334263.000
01/31/2012	3.34	3.42	3.27	3.35	253266	4732857.000
02/01/2012	3.35	3.45	3.33	3.36	184059	3523076.000
02/02/2012	3.41	3.41	3.36	3.40	158439	3018497.250
02/03/2012	3.43	3.50	3.39	3.50	384301	7471751.500
02/06/2012	3.51	3.55	3.49	3.53	410590	8107172.500
02/07/2012	3.49	3.51	3.43	3.46	255995	4958756.500
02/08/2012	3.47	3.56	3.41	3.54	357347	7055170.000
02/09/2012	3.53	3.64	3.51	3.59	465141	9401482.000
02/10/2012	3.56	3.63	3.56	3.59	276826	5579361.500
02/13/2012	3.53	3.70	3.53	3.69	580427	11897977.000
02/14/2012	3.66	3.73	3.65	3.66	345784	7134176.000
02/15/2012	3.65	3.91	3.65	3.90	1298341	27726538.000
02/16/2012	3.95	4.17	3.88	4.06	1391083	31170744.000
02/17/2012	4.00	4.09	3.97	4.01	625357	13991245.000
02/20/2012	4.06	4.08	3.97	3.97	552276	12428844.000
02/21/2012	3.96	4.03	3.84	3.99	721800	15969439.000
02/22/2012	4.00	4.40	3.95	4.40	1675054	40020492.000
02/23/2012	4.49	4.50	4.32	4.35	1261526	30991922.000
02/24/2012	4.35	4.40	4.29	4.31	783534	18938060.000
02/27/2012	4.30	4.38	4.30	4.31	911892	22004324.000
02/28/2012	4.33	4.33	4.17	4.26	682595	16088709.000
02/29/2012	4.19	4.26	4.14	4.14	434680	10133716.000
03/01/2012	4.13	4.27	4.09	4.24	885412	20735364.000
03/02/2012	4.21	4.26	4.19	4.26	547885	12957727.000
03/05/2012	4.26	4.30	4.16	4.16	560490	13183799.000
03/06/2012	4.17	4.26	4.12	4.24	767429	17929536.000
03/07/2012	4.19	4.39	4.18	4.37	1190001	28526984.000
03/08/2012	4.40	4.46	4.33	4.40	701493	17204858.000
03/09/2012	4.40	4.48	4.37	4.48	608348	14984421.000
03/12/2012	4.46	4.52	4.41	4.47	441322	10977289.000
03/13/2012	4.44	4.51	4.38	4.40	502417	12348397.000
03/14/2012	4.40	4.45	4.12	4.13	680159	16420082.000
03/15/2012	4.11	4.18	3.90	3.93	814909	18120470.000
03/16/2012	3.87	4.16	3.87	4.07	1182007	26600554.000
03/19/2012	4.07	4.10	4.03	4.08	531849	12066557.000
03/20/2012	4.05	4.06	3.91	3.92	636687	14081143.000
03/21/2012	3.91	4.28	3.84	4.16	1091693	24928486.000
03/22/2012	4.12	4.16	4.00	4.01	630703	14274431.000
03/23/2012	3.99	4.07	3.95	3.97	362013	8114866.500
03/26/2012	3.96	3.98	3.90	3.97	219524	4848639.000
03/27/2012	4.01	4.04	3.94	3.95	258504	5756952.000
03/28/2012	3.96	3.96	3.62	3.64	445150	9309549.000
03/29/2012	3.64	3.67	3.52	3.54	521243	10434300.000
03/30/2012	3.52	3.60	3.46	3.56	505295	9976317.000
04/05/2012	3.53	3.62	3.41	3.62	676487	13308969.000
04/06/2012	3.56	3.79	3.56	3.70	570006	11816752.000
04/09/2012	3.65	3.67	3.56	3.57	267487	5384352.500
04/10/2012	3.56	3.57	3.41	3.53	342324	6687642.000
04/11/2012	3.47	3.55	3.43	3.50	331808	6471545.500
04/12/2012	3.50	3.57	3.48	3.56	324337	6418201.500
04/13/2012	3.56	3.66	3.56	3.65	420251	8497178.000
04/16/2012	3.65	3.71	3.59	3.61	328010	6685498.000
04/17/2012	3.57	3.67	3.57	3.57	270653	5460011.500
04/18/2012	3.59	3.64	3.57	3.64	250115	5081949.000
04/19/2012	3.64	3.70	3.63	3.65	269008	5507200.500
04/20/2012	3.65	3.65	3.57	3.61	427447	8653889.000
04/23/2012	3.56	3.61	3.29	3.29	861422	16549370.000
04/24/2012	3.25	3.34	3.21	3.25	362362	6636566.500
04/25/2012	3.25	3.32	3.25	3.30	170079	3151239.500
04/27/2012	3.31	3.38	3.29	3.32	176269	3314071.250
05/02/2012	3.34	3.40	3.25	3.32	276200	5160338.500
05/03/2012	3.31	3.32	3.26	3.30	253835	4697663.500
05/04/2012	3.30	3.36	3.29	3.35	367613	6899572.500
05/07/2012	3.44	3.70	3.44	3.70	954235	19539060.000
05/08/2012	3.89	3.94	3.80	3.87	2923757	63179916.000
05/09/2012	3.79	3.79	3.65	3.70	1141214	23633258.000
05/10/2012	3.69	3.79	3.66	3.75	709808	14756782.000
05/11/2012	3.77	3.77	3.66	3.66	574849	11861092.000
05/14/2012	3.70	3.70	3.32	3.48	821133	8833508.000
05/15/2012	3.42	3.42	3.29	3.40	859337	8846246.000
05/16/2012	3.39	3.40	3.32	3.36	471197	4868425.000
05/17/2012	3.36	3.38	3.28	3.36	1128399	11547046.000
05/18/2012	3.33	3.35	3.29	3.32	712918	7274160.500
05/21/2012	3.32	3.49	3.31	3.37	842730	8774827.000
05/22/2012	3.38	3.45	3.36	3.43	707681	7398993.500
05/23/2012	3.43	3.49	3.36	3.40	683365	7194243.000
05/24/2012	3.38	3.38	3.30	3.32	557186	5696839.500
05/25/2012	3.32	3.34	3.25	3.28	629812	6366864.500
05/28/2012	3.31	3.35	3.25	3.33	338739	3444678.250
05/29/2012	3.29	3.38	3.29	3.37	751264	7715803.500
05/30/2012	3.36	3.38	3.32	3.35	433467	4478735.500
05/31/2012	3.33	3.42	3.29	3.40	1132875	11700322.000
06/01/2012	3.39	3.48	3.38	3.42	1267414	13380593.000
06/04/2012	3.36	3.36	3.19	3.19	1283452	12886360.000
06/05/2012	3.21	3.28	3.14	3.16	494094	4846653.000
06/06/2012	3.17	3.20	3.14	3.15	280074	2728428.500
06/07/2012	3.20	3.28	3.17	3.20	749821	7463046.500
06/08/2012	3.33	3.53	3.30	3.41	3812702	40386456.000
06/11/2012	3.30	3.75	3.28	3.65	5612119	60083108.000
06/12/2012	3.58	3.58	3.47	3.47	2582402	27957730.000
06/13/2012	3.50	3.57	3.47	3.52	2015077	21763136.000
06/14/2012	3.52	3.53	3.39	3.45	2191269	23157060.000
06/15/2012	3.45	3.51	3.37	3.44	1050102	11069499.000
06/18/2012	3.45	3.68	3.44	3.59	3138586	34454472.000
06/19/2012	3.61	3.95	3.55	3.95	6059960	71297032.000
06/20/2012	4.20	4.36	4.20	4.36	2609980	34372552.000
06/21/2012	4.80	4.80	4.59	4.69	18711831	270332032.000
06/25/2012	4.65	4.75	4.21	4.21	12458947	171159024.000
06/26/2012	4.11	4.28	4.04	4.13	9539217	120622184.000
06/27/2012	4.10	4.37	4.05	4.24	11796954	152749648.000
06/28/2012	4.13	4.53	4.05	4.40	11503244	152073968.000
06/29/2012	4.25	4.28	3.95	3.95	10546896	129821080.000
07/02/2012	3.92	4.12	3.90	4.08	6837068	83955392.000
07/03/2012	4.02	4.17	3.97	4.15	6613179	82697000.000
07/04/2012	4.10	4.15	3.89	4.02	4946117	60769692.000
07/05/2012	3.85	3.93	3.69	3.73	4970298	57618772.000
07/06/2012	3.74	3.83	3.59	3.81	4400692	50302556.000
07/09/2012	3.78	3.89	3.68	3.69	3637820	42293212.000
07/10/2012	3.60	3.67	3.32	3.32	4840516	50794236.000
07/11/2012	3.32	3.38	3.21	3.34	2944519	29952136.000
07/12/2012	3.31	3.39	3.26	3.36	2566446	26348666.000
07/13/2012	3.32	3.36	3.22	3.24	2649336	26738092.000
07/16/2012	3.21	3.23	2.90	2.91	3085026	28789790.000
07/17/2012	2.91	2.98	2.89	2.97	1507741	13687195.000
07/18/2012	2.97	3.13	2.94	3.08	2690685	25267700.000
07/19/2012	3.05	3.31	2.96	3.14	2794671	26827406.000
07/20/2012	3.19	3.47	3.18	3.47	7792476	81767336.000
07/23/2012	3.32	3.36	3.21	3.21	5355899	54187120.000
07/24/2012	3.15	3.31	3.15	3.22	2864779	28572806.000
07/25/2012	3.12	3.42	3.12	3.26	3646259	37042584.000
07/26/2012	3.24	3.28	3.17	3.18	2124921	21052346.000
07/27/2012	3.21	3.48	3.18	3.36	4819857	49618428.000
07/30/2012	3.33	3.36	3.15	3.18	2608176	26067916.000
07/31/2012	3.15	3.18	2.89	3.02	2105992	19620400.000
08/01/2012	2.99	3.27	2.98	3.14	2083214	20223942.000
08/02/2012	3.11	3.22	3.06	3.14	1811555	17465388.000
08/03/2012	3.11	3.28	3.10	3.24	2059017	20329658.000
08/06/2012	3.18	3.40	3.16	3.34	2782099	28486114.000
08/07/2012	3.35	3.40	3.32	3.39	2593070	26830502.000
08/08/2012	3.37	3.39	3.27	3.34	2006512	20512184.000
08/09/2012	3.34	3.40	3.29	3.39	1543912	15939207.000
08/10/2012	3.40	3.54	3.36	3.36	2678605	28374150.000
08/13/2012	3.30	3.36	3.22	3.24	1493230	15039901.000
08/14/2012	3.23	3.28	3.14	3.27	1550643	15315806.000
08/15/2012	3.25	3.38	3.19	3.35	2928543	29947324.000
08/16/2012	3.27	3.31	3.21	3.23	1423749	14285148.000
08/17/2012	3.24	3.28	3.19	3.27	902094	8985104.000
08/20/2012	3.25	3.45	3.22	3.34	1986787	20463498.000
08/21/2012	3.27	3.68	3.26	3.68	7583374	83786264.000
08/22/2012	3.75	3.78	3.57	3.65	6952781	77682280.000
08/23/2012	3.59	3.98	3.55	3.77	6455236	73356632.000
08/24/2012	3.70	3.73	3.53	3.55	3433701	38386644.000
08/27/2012	3.55	3.61	3.43	3.58	2311344	25243762.000
08/28/2012	3.53	3.81	3.53	3.77	4671339	53306244.000
08/29/2012	3.78	3.98	3.72	3.76	5559008	65717244.000
08/30/2012	3.67	3.74	3.39	3.53	3230572	35470788.000
08/31/2012	3.49	3.77	3.49	3.73	3179331	35967900.000
09/03/2012	3.71	4.12	3.68	3.98	6195295	75004120.000
09/04/2012	3.98	4.34	3.95	4.10	7421488	93997136.000
09/05/2012	4.00	4.28	3.99	4.08	4571142	57701232.000
09/06/2012	4.16	4.49	4.08	4.49	8516512	112723008.000
09/07/2012	4.80	4.95	4.45	4.55	13657608	194789152.000
09/10/2012	4.50	5.02	4.45	4.75	13732509	201855152.000
09/11/2012	4.69	5.21	4.66	5.01	13723719	206766688.000
09/12/2012	4.98	5.20	4.85	5.01	8860381	135662304.000
09/13/2012	4.92	5.00	4.67	4.70	6635717	97804552.000
09/14/2012	4.68	4.75	4.51	4.65	6809295	95863776.000
09/17/2012	4.59	4.62	4.37	4.42	4906001	67270976.000
09/18/2012	4.42	4.56	4.39	4.54	4531593	62059068.000
09/19/2012	4.51	4.70	4.45	4.57	4770507	67145024.000
09/20/2012	4.52	4.54	4.18	4.21	4294235	56618700.000
09/21/2012	4.22	4.22	3.89	3.91	3575969	44392784.000
09/24/2012	3.87	4.05	3.80	3.96	2221223	26996380.000
09/25/2012	3.89	4.07	3.74	3.77	4270160	50731524.000
09/26/2012	3.76	3.97	3.75	3.82	3790736	44770512.000
09/27/2012	3.77	4.03	3.72	3.91	4325037	51338584.000
09/28/2012	3.87	3.95	3.79	3.93	3321565	39362528.000
10/08/2012	3.93	4.00	3.91	4.00	2932056	35594572.000
10/09/2012	3.95	4.16	3.95	4.11	3761742	47047864.000
10/10/2012	4.06	4.31	4.05	4.29	5048195	65436900.000
10/11/2012	4.21	4.21	3.85	3.85	6893606	84703648.000
10/12/2012	3.81	3.93	3.69	3.82	3962108	46194672.000
10/15/2012	3.82	3.86	3.65	3.72	2333885	26765428.000
10/16/2012	3.72	3.75	3.57	3.70	2254433	25327640.000
10/17/2012	3.68	3.70	3.57	3.65	2244184	24976486.000
10/18/2012	3.65	3.74	3.65	3.73	2164429	24560368.000
10/19/2012	3.74	4.01	3.74	3.93	5205962	62513808.000
10/22/2012	3.88	4.01	3.82	4.00	4004022	48217036.000
10/23/2012	4.00	4.14	3.91	3.92	3370951	41545020.000
10/24/2012	3.88	3.90	3.81	3.84	2332586	27545824.000
10/25/2012	3.85	3.88	3.69	3.69	1988619	23038164.000
10/26/2012	3.67	3.68	3.53	3.54	1591182	17559360.000
10/29/2012	3.45	3.55	3.40	3.47	1803330	19231702.000
10/30/2012	3.43	3.51	3.42	3.51	1228792	13075135.000
10/31/2012	3.50	3.52	3.43	3.49	831999	8881414.000
11/01/2012	3.50	3.64	3.50	3.64	2035914	22481790.000
11/02/2012	3.65	3.73	3.62	3.73	1887725	21280272.000
11/05/2012	3.70	3.75	3.64	3.69	1173576	13257638.000
11/06/2012	3.67	3.75	3.63	3.75	1702431	19313576.000
11/07/2012	3.72	3.74	3.65	3.68	1150891	13012852.000
11/08/2012	3.64	3.64	3.47	3.48	1432527	15604679.000
11/09/2012	3.45	3.48	3.41	3.43	796782	8432784.000
11/12/2012	3.41	3.58	3.41	3.55	1108675	12007593.000
11/13/2012	3.53	3.63	3.47	3.57	1144213	12500333.000
11/14/2012	3.52	3.64	3.52	3.61	984552	10853677.000
11/15/2012	3.58	3.64	3.47	3.48	754734	8161230.500
11/16/2012	3.46	3.49	3.42	3.48	532198	5649916.500
11/19/2012	3.51	3.51	3.37	3.44	624957	6576197.000
11/20/2012	3.47	3.49	3.41	3.44	1076735	11375528.000
11/21/2012	3.42	3.47	3.25	3.41	1329564	13702963.000
11/22/2012	3.38	3.38	3.28	3.29	794954	8129181.500
11/23/2012	3.32	3.63	3.32	3.55	5199406	56989764.000
11/26/2012	3.43	3.49	3.33	3.34	3314703	34829548.000
11/27/2012	3.28	3.33	3.20	3.21	1426986	14298148.000
11/28/2012	3.18	3.34	3.15	3.23	1403237	14105488.000
11/29/2012	3.23	3.30	3.20	3.23	1127482	11283372.000
11/30/2012	3.24	3.28	3.13	3.23	1142794	11274541.000
12/03/2012	3.26	3.28	3.06	3.07	1221063	11940697.000
12/04/2012	3.02	3.16	3.02	3.14	1043425	9943038.000
12/05/2012	3.12	3.35	3.10	3.34	2428979	24540742.000
12/06/2012	3.43	3.53	3.31	3.31	2803238	29343908.000
12/07/2012	3.33	3.45	3.28	3.42	2143497	22184570.000
12/10/2012	3.42	3.65	3.39	3.56	4016652	43728008.000
12/11/2012	3.53	3.63	3.50	3.52	2341226	25508234.000
12/12/2012	3.57	3.58	3.45	3.54	2158430	23207112.000
12/13/2012	3.46	3.58	3.42	3.44	1590643	17103222.000
12/14/2012	3.39	3.60	3.39	3.58	2534897	27454600.000
12/17/2012	3.58	3.73	3.54	3.71	3711900	41617532.000
12/18/2012	3.67	3.70	3.61	3.64	2094629	23416172.000
12/19/2012	3.65	3.75	3.62	3.68	2335536	26452054.000
12/20/2012	3.70	3.81	3.62	3.75	3278159	37441400.000
12/21/2012	3.74	4.01	3.70	3.92	4426155	52168204.000
12/24/2012	3.98	4.13	3.87	4.02	5557618	68176920.000
12/25/2012	4.01	4.24	3.89	4.22	5860150	73399240.000
12/26/2012	4.15	4.32	4.12	4.21	5288103	68193680.000
12/27/2012	4.21	4.22	3.89	3.91	4657759	57658960.000
12/28/2012	3.98	4.03	3.90	3.94	3217284	39009128.000
12/31/2012	3.92	4.02	3.85	3.88	2951596	35443980.000
01/04/2013	3.89	3.96	3.83	3.91	2405753	28701966.000
01/07/2013	3.90	4.14	3.86	4.09	4471701	55334684.000
01/08/2013	4.07	4.24	3.97	4.14	4576294	57522856.000
01/09/2013	4.14	4.16	4.00	4.04	2924402	36586840.000
01/10/2013	4.01	4.08	3.94	4.00	1952495	23951562.000
01/11/2013	3.98	4.23	3.98	4.06	4811755	60800500.000
01/14/2013	4.08	4.31	4.00	4.27	5772232	73977768.000
01/15/2013	4.24	4.42	4.21	4.31	5358484	70810928.000
01/16/2013	4.33	4.52	4.22	4.34	4978659	66722288.000
01/17/2013	4.38	4.41	4.29	4.33	2855669	37989220.000
01/18/2013	4.37	4.37	4.22	4.32	2411092	31615264.000
01/21/2013	4.32	4.35	4.25	4.27	2032906	26588632.000
01/22/2013	4.28	4.41	4.22	4.29	3256606	43031940.000
01/23/2013	4.29	4.29	3.99	4.26	2617031	33221112.000
01/24/2013	4.26	4.32	4.03	4.09	2463437	31675246.000
01/25/2013	4.10	4.30	4.10	4.15	2228881	28757920.000
01/28/2013	4.09	4.30	4.09	4.29	2360482	30485658.000
01/29/2013	4.29	4.48	4.29	4.43	3651987	49077148.000
01/30/2013	4.43	4.47	4.26	4.33	2009189	26625126.000
01/31/2013	4.32	4.35	4.22	4.26	1356256	17700408.000
02/01/2013	4.25	4.29	4.19	4.24	1570103	20332764.000
02/04/2013	4.26	4.30	4.06	4.08	1801414	22830282.000
02/05/2013	4.07	4.11	3.96	4.10	1608138	19847118.000
02/06/2013	4.11	4.16	4.04	4.13	1276485	16130350.000
02/07/2013	4.14	4.21	4.09	4.13	1291408	16379017.000
02/08/2013	4.21	4.41	4.18	4.32	3207551	42418100.000
02/18/2013	4.32	4.41	4.26	4.40	2785367	37235152.000
02/19/2013	4.40	4.40	4.23	4.25	1965090	25791366.000
02/20/2013	4.28	4.53	4.25	4.51	4041630	54787132.000
02/21/2013	4.64	4.97	4.53	4.69	8389313	120486296.000
02/22/2013	4.55	4.83	4.55	4.64	4100091	58759700.000
02/25/2013	4.65	4.73	4.52	4.56	3349913	46760340.000
02/26/2013	4.71	4.84	4.61	4.63	4563948	65653712.000
02/27/2013	4.68	4.70	4.45	4.55	3915873	54350280.000
02/28/2013	4.59	4.87	4.57	4.76	4866333	70128296.000
03/01/2013	4.80	4.95	4.76	4.90	5853561	86929720.000
03/04/2013	4.90	4.90	4.67	4.70	4149142	60509860.000
03/05/2013	4.72	4.89	4.66	4.86	2795345	40932036.000
03/06/2013	4.86	5.01	4.77	4.82	4286363	64002548.000
03/07/2013	4.81	4.81	4.58	4.68	3447406	49488752.000
03/08/2013	4.71	4.80	4.62	4.65	1476058	21257558.000
03/11/2013	4.68	4.74	4.62	4.66	1276915	18266442.000
03/12/2013	4.63	4.68	4.43	4.52	2225473	30879878.000
03/13/2013	4.46	4.63	4.37	4.60	1682140	23077898.000
03/14/2013	4.58	4.65	4.52	4.58	913445	12817787.000
03/15/2013	4.60	4.68	4.52	4.61	1671676	23568296.000
03/18/2013	4.58	4.58	4.43	4.44	1481056	20325516.000
03/19/2013	4.43	4.48	4.35	4.42	853265	11493716.000
03/20/2013	4.45	4.56	4.40	4.56	1196008	16502786.000
03/21/2013	4.57	4.83	4.56	4.82	3454100	50061284.000
03/22/2013	4.85	4.92	4.77	4.87	2094686	31020840.000
03/25/2013	4.90	4.98	4.82	4.92	2906225	43650932.000
03/26/2013	4.93	4.96	4.79	4.88	1327153	19632190.000
03/27/2013	4.88	4.90	4.77	4.85	936225	13824879.000
03/28/2013	4.82	4.88	4.71	4.75	1273534	18590052.000
03/29/2013	4.78	4.89	4.57	4.57	2123607	30683762.000
04/01/2013	4.58	4.68	4.49	4.66	2516195	35162012.000
04/02/2013	4.68	4.76	4.62	4.62	1544570	22161916.000
04/03/2013	4.63	4.66	4.35	4.44	1684627	23080832.000
04/08/2013	4.36	4.51	4.25	4.51	1026170	13747693.000
04/09/2013	4.49	4.73	4.49	4.72	1825147	25833164.000
04/10/2013	4.73	4.95	4.69	4.88	2661169	39496192.000
04/11/2013	4.92	5.01	4.82	4.89	1678170	25170260.000
04/12/2013	4.86	4.96	4.78	4.82	1095958	16325484.000
04/15/2013	4.82	4.92	4.72	4.75	1002805	14722053.000
04/16/2013	4.71	4.86	4.55	4.86	1686019	24175668.000
04/17/2013	4.84	5.08	4.82	4.98	2317096	35184892.000
04/18/2013	4.95	5.08	4.92	5.03	1715277	26197832.000
04/19/2013	5.08	5.31	5.05	5.19	3441124	54609012.000
04/22/2013	5.16	5.31	5.07	5.18	2911667	45981348.000
04/23/2013	5.18	5.24	4.98	4.98	2078009	32233938.000
04/24/2013	5.01	5.46	5.00	5.45	4300205	69377808.000
04/25/2013	5.42	5.48	5.21	5.27	3082866	50379456.000
04/26/2013	5.25	5.33	4.98	5.08	1859313	29361736.000
05/02/2013	5.01	5.60	5.01	5.60	3154921	52028024.000
05/03/2013	5.78	6.16	5.73	6.16	8509824	155768432.000
05/06/2013	6.18	6.79	6.18	6.63	11634814	234536688.000
05/07/2013	6.47	6.62	6.40	6.59	6235404	123470224.000
05/08/2013	6.55	7.13	6.36	6.77	8103007	167448224.000
05/09/2013	6.84	7.46	6.55	7.46	8096476	172162912.000
05/10/2013	7.20	7.53	6.85	6.93	13198530	189636128.000
05/13/2013	6.72	7.26	6.72	6.97	7890219	111523464.000
05/14/2013	6.84	7.24	6.72	7.05	6606760	93225568.000
05/15/2013	7.07	7.76	6.84	7.76	15496635	237589488.000
05/16/2013	7.95	8.53	7.76	7.88	14645981	238277984.000
05/17/2013	7.84	8.30	7.61	8.00	8348538	133194504.000
05/20/2013	7.80	8.28	7.68	8.13	10225758	163087392.000
05/21/2013	8.00	8.60	7.80	8.43	10995895	179595472.000
05/22/2013	8.25	8.27	7.63	7.63	12086863	191965472.000
05/23/2013	7.53	7.88	7.51	7.60	5378752	83360992.000
05/24/2013	7.53	7.79	7.53	7.69	3838039	59331232.000
05/27/2013	7.71	8.20	7.71	8.01	7843084	126607640.000
05/28/2013	8.01	8.02	7.58	7.60	4801158	74241944.000
05/29/2013	7.60	7.67	7.35	7.51	4080968	61384032.000
05/30/2013	7.51	7.60	7.38	7.54	3358394	50882464.000
05/31/2013	7.55	7.76	7.40	7.58	3941156	60437852.000
06/03/2013	7.54	7.56	7.07	7.16	5188291	75580704.000
06/04/2013	7.16	7.22	6.97	7.20	3355756	47985624.000
06/05/2013	7.22	7.58	7.19	7.49	5007133	75179736.000
06/06/2013	7.46	8.07	7.46	7.87	9198326	145312240.000
06/07/2013	8.10	8.56	7.88	8.50	11748576	194845104.000
06/13/2013	8.20	8.95	7.86	8.80	12908221	223004784.000
06/14/2013	8.55	9.45	8.50	9.05	9945484	180684128.000
06/17/2013	9.03	9.42	8.71	8.71	9620125	174519872.000
06/18/2013	8.60	9.28	8.36	9.04	8505263	150718080.000
06/19/2013	8.81	9.02	8.60	8.63	4892618	86582408.000
06/20/2013	8.51	8.54	7.85	7.87	5300441	87674120.000
06/21/2013	7.60	8.34	7.39	8.28	5758122	91748480.000
06/24/2013	8.14	8.52	7.78	7.95	6310035	104398008.000
06/25/2013	7.84	8.44	7.34	8.44	6936257	111179720.000
06/26/2013	8.38	9.23	8.26	9.15	12364222	219641120.000
06/27/2013	9.01	9.27	8.63	8.72	8735147	157622768.000
06/28/2013	8.51	8.79	8.13	8.30	5888653	100019400.000
07/01/2013	8.30	9.14	8.15	9.08	7430806	128461384.000
07/02/2013	8.99	9.33	8.79	8.95	9462092	171837584.000
07/03/2013	8.88	9.45	8.56	9.26	9356091	170528528.000
07/04/2013	9.13	9.26	8.84	8.85	6216911	113223912.000
07/05/2013	8.94	9.70	8.90	9.21	11672927	220461136.000
07/08/2013	8.75	9.40	8.29	8.80	6870108	122002608.000
07/09/2013	8.70	9.12	8.50	8.86	6112486	108310840.000
07/10/2013	9.26	9.75	9.26	9.68	16538225	319064832.000
07/11/2013	9.45	10.09	9.28	9.95	13849646	270094784.000
07/12/2013	9.90	10.95	9.77	10.41	11441217	243195376.000
07/15/2013	10.73	11.45	10.73	11.45	14079555	316764960.000
07/16/2013	11.95	12.12	11.16	11.47	13617246	318058208.000
07/17/2013	11.22	12.05	11.11	11.77	10246012	237316608.000
07/18/2013	11.65	11.79	11.31	11.44	7414841	171865712.000
07/19/2013	11.43	11.65	10.71	10.76	8753913	199059152.000
07/22/2013	10.75	11.79	10.70	11.79	8213446	188274544.000
07/23/2013	11.75	11.89	11.37	11.62	8288328	193316480.000
07/24/2013	11.70	12.14	11.56	11.75	8144604	193425568.000
07/25/2013	11.85	11.85	10.72	10.77	8261039	184327888.000
07/26/2013	10.76	11.20	10.40	10.92	5122653	112136232.000
07/29/2013	10.85	10.85	10.34	10.71	4546209	96789696.000
07/30/2013	10.77	10.78	9.97	10.37	4055793	83969888.000
07/31/2013	10.45	10.55	10.16	10.37	3440994	71998208.000
08/01/2013	10.45	11.09	10.25	11.04	4427751	96765424.000
08/02/2013	11.06	11.44	10.99	11.26	5527764	124808272.000
08/05/2013	11.28	11.34	10.85	11.02	3996250	88329144.000
08/06/2013	11.02	11.06	10.50	10.77	9279247	199124928.000
08/07/2013	10.64	10.67	10.08	10.14	8974238	185673264.000
08/08/2013	10.03	10.40	9.80	10.40	8399396	170598192.000
08/09/2013	10.55	10.55	9.85	10.04	6290153	128426872.000
08/12/2013	10.05	10.18	9.61	9.89	4548047	90324008.000
08/13/2013	9.95	10.37	9.95	10.16	5280693	107927616.000
08/14/2013	10.20	10.43	10.01	10.37	6616235	136632448.000
08/15/2013	10.43	10.94	10.43	10.75	9637761	207016752.000
08/16/2013	10.82	10.82	10.20	10.22	7123656	150358048.000
08/19/2013	10.00	10.84	10.00	10.72	7041409	150409248.000
08/20/2013	10.84	10.94	10.56	10.83	6757866	145887424.000
08/21/2013	10.83	10.83	10.53	10.62	3966592	84589584.000
08/22/2013	10.62	11.24	10.53	11.01	8580999	187707200.000
08/23/2013	11.24	12.12	11.23	12.12	18179002	430280512.000
08/26/2013	12.84	13.33	12.60	13.33	5990176	157228448.000
08/27/2013	13.70	13.84	13.03	13.67	14495085	390507552.000
08/28/2013	13.40	13.52	12.73	12.73	12424086	326849184.000
08/29/2013	12.43	13.05	12.36	12.64	7077623	181176800.000
08/30/2013	12.50	12.75	11.61	12.05	8588737	207519808.000
09/02/2013	11.90	12.54	11.85	12.18	7193625	176122272.000
09/03/2013	12.10	12.90	12.02	12.80	8008308	201071488.000
09/04/2013	12.85	12.97	12.54	12.80	5235571	134336432.000
09/05/2013	12.75	14.05	12.56	13.82	8105177	216619440.000
09/06/2013	13.65	13.87	13.29	13.42	6104880	165490512.000
09/09/2013	13.42	13.59	12.34	12.65	9043611	230535744.000
09/10/2013	12.65	12.85	12.10	12.85	5916694	148659296.000
09/11/2013	12.68	12.72	11.65	11.80	5981973	143954832.000
09/12/2013	11.75	12.22	11.43	11.95	4623544	109897208.000
09/13/2013	11.81	12.43	11.63	12.30	4521317	110350080.000
09/16/2013	12.19	12.78	12.01	12.30	5809422	145207696.000
09/17/2013	12.19	12.19	11.80	11.84	4049696	97201232.000
09/18/2013	11.85	12.04	11.61	12.03	3191694	76180880.000
09/23/2013	12.15	13.13	12.11	13.08	7607182	194033616.000
09/24/2013	12.86	13.39	12.65	13.10	7156848	187930320.000
09/25/2013	13.24	14.08	12.79	13.65	7717701	208852768.000
09/26/2013	13.77	15.02	13.75	15.02	14707909	436875584.000
09/27/2013	14.95	15.83	14.62	15.70	12294767	375924448.000
09/30/2013	15.50	16.28	15.11	15.79	6840346	216522064.000
10/08/2013	15.56	16.25	15.19	15.60	4779941	149177056.000
10/09/2013	15.45	16.14	14.97	15.81	5265299	164595008.000
10/10/2013	15.70	16.06	14.95	15.07	6601808	203022160.000
10/11/2013	15.89	16.58	15.80	16.58	9273623	304723072.000
10/14/2013	16.62	18.20	16.23	17.46	8302643	288083712.000
10/15/2013	17.29	18.10	16.98	17.86	5090460	179330224.000
10/16/2013	17.45	17.98	16.29	17.19	6324283	218261552.000
10/17/2013	16.72	18.92	16.72	17.97	7014475	258697856.000
10/18/2013	17.61	18.25	17.23	17.63	4317779	152541456.000
10/21/2013	17.73	19.37	17.43	18.68	4052462	151816560.000
10/22/2013	18.85	19.10	17.63	17.89	7552415	274867360.000
10/23/2013	17.95	17.95	16.09	17.48	5991778	204933520.000
10/24/2013	17.45	18.06	16.19	16.40	5220617	180774496.000
10/25/2013	16.41	16.95	15.60	16.89	4889456	159171200.000
10/28/2013	16.85	17.38	16.40	16.85	3376033	114524080.000
10/29/2013	16.88	17.00	15.30	16.83	5137568	165843008.000
10/30/2013	16.44	17.18	16.35	17.06	3542552	120045616.000
10/31/2013	17.15	17.15	15.98	15.98	2910650	96048136.000
11/01/2013	15.70	16.30	15.20	15.72	2491812	78169864.000
11/04/2013	15.61	16.20	15.30	15.91	1826942	58080772.000
11/05/2013	16.45	16.85	15.60	16.74	2576946	83899024.000
11/06/2013	16.56	18.05	16.46	16.90	4229182	147187648.000
11/07/2013	16.81	17.15	16.34	16.46	2230617	75159248.000
11/08/2013	16.25	16.56	15.64	16.48	2284822	74066376.000
11/11/2013	16.24	17.63	16.11	17.35	2537963	87072240.000
11/12/2013	17.25	17.55	16.90	17.50	2905572	100838056.000
11/13/2013	17.50	17.79	17.05	17.50	2629071	92345600.000
11/14/2013	17.40	18.25	17.25	18.12	3803665	136884192.000
11/15/2013	18.20	18.44	17.78	17.81	3728295	135231392.000
11/18/2013	17.78	19.09	17.78	18.80	4773551	176178800.000
11/19/2013	18.55	18.93	18.30	18.45	2594874	96452552.000
11/20/2013	18.79	18.79	17.85	18.45	2722037	99332144.000
11/21/2013	18.45	18.45	17.70	17.78	3031051	109221792.000
11/22/2013	17.55	18.16	17.55	17.60	2477567	88511864.000
11/25/2013	17.45	17.80	17.22	17.51	1941571	68121072.000
11/26/2013	17.75	18.45	17.75	18.01	4433391	160663024.000
11/27/2013	17.87	19.29	17.71	18.95	4221704	157951024.000
11/28/2013	18.94	19.39	18.69	19.10	3967803	151551952.000
11/29/2013	19.70	21.02	19.46	20.05	9942833	406302944.000
12/02/2013	18.45	19.45	18.04	18.04	8404389	308461472.000
12/03/2013	17.25	18.10	16.71	17.79	5877894	205737712.000
12/04/2013	17.38	17.55	16.12	16.56	7462777	255959312.000
12/05/2013	16.37	16.56	15.30	15.45	5485738	174306704.000
12/06/2013	15.43	16.13	15.33	15.92	4498426	142592848.000
12/09/2013	15.85	16.73	15.62	16.62	3838510	124065032.000
12/10/2013	16.65	16.80	16.04	16.35	3535661	116658672.000
12/11/2013	16.35	16.79	16.21	16.47	1895289	63057352.000
12/12/2013	16.50	17.24	16.35	16.85	2497657	84963288.000
12/13/2013	17.01	17.28	16.83	16.84	2127574	72505728.000
12/16/2013	16.64	17.24	16.34	16.41	2018135	67873416.000
12/17/2013	16.62	16.85	15.86	16.15	1925408	63133700.000
12/18/2013	16.24	17.20	15.45	16.71	3121486	104250840.000
12/19/2013	16.64	17.22	16.59	16.95	2778643	94263552.000
12/20/2013	16.73	18.50	16.73	17.88	5421793	194000976.000
12/23/2013	17.88	19.00	17.70	18.25	4488329	165757056.000
12/24/2013	18.20	18.86	17.80	18.41	3355715	123247288.000
12/25/2013	18.66	19.35	18.27	18.95	4593480	174680256.000
12/26/2013	19.06	19.31	18.00	18.22	4726859	176967776.000
12/27/2013	17.95	18.15	17.41	17.78	8373457	297922496.000
12/30/2013	17.89	17.90	16.88	16.93	8176693	281978848.000
12/31/2013	16.70	16.83	15.95	16.58	7313872	240907920.000
01/02/2014	16.53	17.95	16.40	17.93	5343294	185292608.000
01/03/2014	17.95	18.09	17.35	17.47	3894966	137459632.000
01/06/2014	17.55	17.65	16.58	16.76	3099744	106147856.000
01/07/2014	16.69	17.63	16.44	17.45	3665662	126201136.000
01/08/2014	17.60	18.20	17.46	17.85	4960068	178186272.000
01/09/2014	17.80	19.15	17.56	17.93	5718122	211039040.000
01/10/2014	17.78	18.10	16.70	17.03	4283072	148541744.000
01/13/2014	16.70	16.93	15.71	16.10	6285107	205060896.000
01/14/2014	16.10	16.56	15.53	16.56	7013973	224209280.000
01/15/2014	16.45	16.97	16.25	16.90	4409110	147407600.000
01/16/2014	16.90	16.95	15.85	15.96	5373031	175315360.000
01/17/2014	16.10	16.24	15.80	15.89	2814715	90271104.000
01/20/2014	15.85	16.00	15.40	15.86	3201896	100747520.000
01/21/2014	15.80	16.16	15.77	16.10	2328624	74785112.000
01/22/2014	16.16	16.44	15.89	16.18	4645457	150200656.000
01/23/2014	16.18	17.65	15.90	17.40	9297169	316499712.000
01/24/2014	16.45	17.56	16.10	17.23	9101048	311580960.000
01/27/2014	17.20	17.88	16.96	17.38	6562752	229799312.000
01/28/2014	17.42	17.63	16.95	17.13	3551089	122710544.000
01/29/2014	17.14	17.29	15.79	16.44	9388411	308116032.000
01/30/2014	16.30	16.38	16.07	16.35	2696098	87719088.000
02/07/2014	16.53	16.95	16.14	16.82	4579216	152100128.000
02/10/2014	17.39	18.25	17.39	17.86	7458651	266401408.000
02/11/2014	17.86	18.23	17.05	17.53	6065788	214918016.000
02/12/2014	17.55	17.89	17.23	17.71	3856164	136352208.000
02/13/2014	17.92	18.09	16.50	16.70	5581874	195866896.000
02/14/2014	16.47	16.99	16.21	16.98	4652490	155063200.000
02/17/2014	16.85	17.45	16.74	17.30	4705271	161552336.000
02/18/2014	17.29	17.30	16.85	17.13	4514039	154474528.000
02/19/2014	16.95	17.08	16.22	16.49	7641037	253043504.000
02/20/2014	16.65	16.78	15.85	15.92	5649918	181996240.000
02/21/2014	15.79	16.04	15.65	15.88	3680728	116859208.000
02/24/2014	15.88	16.71	15.41	16.47	5707509	185331056.000
02/25/2014	16.63	16.90	14.82	14.90	9171503	293018496.000
02/26/2014	14.54	14.54	13.42	13.66	8534090	236864240.000
02/27/2014	13.74	14.05	12.54	12.65	8485044	226848528.000
02/28/2014	12.73	12.92	12.30	12.57	8766949	220891984.000
03/03/2014	12.60	12.80	12.46	12.74	8247143	209420768.000
03/04/2014	12.71	12.73	12.42	12.55	7059524	178110880.000
03/05/2014	12.68	12.70	12.38	12.58	5837414	146883760.000
03/06/2014	12.53	13.84	12.47	13.84	12767622	340157856.000
03/07/2014	14.12	14.12	13.31	13.42	9220010	253334448.000
03/10/2014	13.43	13.43	12.62	12.74	4894012	126999960.000
03/11/2014	12.60	12.95	12.40	12.90	4300320	109108280.000
03/12/2014	12.73	13.18	12.65	12.97	4081083	105935952.000
03/13/2014	12.89	13.29	12.78	13.26	4809372	125735536.000
03/14/2014	13.10	14.15	12.99	13.72	10000573	276774368.000
03/17/2014	13.83	13.95	13.45	13.89	5298508	146438368.000
03/18/2014	13.95	14.64	13.83	14.15	7474212	214211056.000
03/19/2014	14.15	14.15	13.77	13.82	4069975	113393304.000
03/20/2014	13.70	14.14	13.14	13.20	4588636	126457624.000
03/21/2014	12.98	13.45	12.58	13.33	3407947	88910784.000
03/24/2014	13.34	13.54	13.01	13.06	2856281	75928424.000
03/25/2014	13.01	13.39	12.89	13.07	2019229	52952976.000
03/26/2014	12.98	13.43	12.98	13.29	2321836	61943368.000
03/27/2014	13.29	13.29	11.96	11.97	7862312	196348320.000
03/28/2014	11.95	11.95	10.95	11.08	6438913	145812848.000
03/31/2014	11.06	11.06	10.60	10.86	5025967	109281136.000
04/01/2014	10.85	11.28	10.83	11.24	6040675	133907672.000
04/02/2014	11.15	11.20	10.70	10.87	4208930	92132568.000
04/03/2014	10.87	11.20	10.68	11.00	3557271	78417440.000
04/04/2014	11.50	12.10	11.40	12.10	8595043	205158160.000
04/08/2014	12.17	12.44	11.98	12.29	10020120	245458512.000
04/09/2014	12.24	12.44	12.09	12.36	5802858	143490560.000
04/10/2014	12.53	13.10	12.32	12.37	7996236	204334256.000
04/11/2014	12.14	12.24	11.81	12.15	4879716	117901336.000
04/14/2014	12.13	12.55	12.12	12.45	4124221	102628096.000
04/15/2014	12.45	12.81	12.41	12.56	4490706	113505248.000
04/16/2014	12.93	13.26	12.61	12.67	6493871	168256992.000
04/17/2014	12.49	12.55	11.97	12.19	7380268	181171168.000
04/18/2014	12.04	12.34	11.85	12.29	3639872	89024648.000
04/21/2014	12.09	12.79	12.08	12.45	5443100	137379952.000
04/22/2014	12.44	12.59	11.95	12.36	3783197	93051664.000
04/23/2014	12.35	12.89	12.35	12.52	6479414	164576640.000
04/24/2014	12.43	12.74	12.33	12.51	3625103	91298336.000
04/25/2014	12.50	12.63	12.07	12.08	3093893	76444296.000
04/28/2014	11.97	11.97	11.24	11.30	3358279	77308848.000
04/29/2014	11.30	11.62	11.28	11.60	2028515	46726396.000
04/30/2014	11.63	12.01	11.50	12.00	2748653	65579708.000
05/05/2014	12.02	12.33	11.95	12.32	2683788	65575716.000
05/06/2014	12.32	12.69	12.25	12.53	4037933	101290416.000
05/07/2014	12.41	12.64	12.22	12.46	3165624	79015672.000
05/08/2014	12.39	12.68	12.28	12.52	3261091	82143312.000
05/09/2014	12.47	12.55	11.80	11.92	3630183	88117376.000
05/12/2014	12.20	12.49	11.96	12.49	2962219	73092936.000
05/13/2014	12.58	13.00	12.58	12.80	6190854	159505472.000
05/14/2014	12.80	12.84	12.56	12.81	2990266	76337776.000
05/15/2014	12.78	12.91	12.58	12.59	3522015	89913440.000
05/16/2014	12.49	12.65	12.08	12.41	3623819	89724128.000
05/19/2014	12.52	12.94	12.41	12.93	4240660	107944296.000
05/20/2014	13.26	13.94	13.04	13.06	9711126	263481360.000
05/21/2014	13.04	13.85	12.79	13.79	8404073	227793200.000
05/22/2014	13.79	13.98	13.41	13.50	8976013	246187184.000
05/23/2014	13.60	14.15	13.11	14.13	15750473	215768992.000
05/26/2014	14.20	14.30	13.81	14.09	16233546	227889472.000
05/27/2014	13.92	14.05	13.54	13.60	13731960	188850304.000
05/28/2014	13.63	14.61	13.63	14.53	26472615	376949888.000
05/29/2014	14.42	14.51	14.18	14.27	13997875	200112272.000
05/30/2014	14.25	14.88	14.18	14.55	15324071	223296512.000
06/03/2014	14.49	14.70	14.25	14.38	9538261	137469568.000
06/04/2014	14.32	14.44	13.89	14.16	10231264	143759696.000
06/05/2014	14.10	14.55	14.02	14.55	10531565	150430464.000
06/06/2014	14.50	14.96	14.32	14.86	15556520	227707648.000
06/09/2014	14.80	15.15	14.45	14.52	12964180	192115216.000
06/10/2014	14.48	14.95	14.24	14.75	10565420	154584128.000
06/11/2014	14.70	14.97	14.60	14.79	9112175	134536576.000
06/12/2014	14.72	15.77	14.65	15.35	20888337	320020640.000
06/13/2014	15.21	15.76	15.11	15.60	14453340	223107392.000
06/16/2014	15.60	15.76	15.45	15.58	10668150	166263680.000
06/17/2014	15.60	15.87	15.45	15.49	10143924	158289808.000
06/18/2014	15.51	15.56	14.85	14.91	12262652	185001568.000
06/19/2014	14.85	15.10	13.70	14.21	10608672	153316432.000
06/20/2014	14.10	14.40	13.88	14.24	7848061	111077376.000
06/23/2014	14.36	14.73	14.30	14.56	7237816	105337880.000
06/24/2014	14.50	14.69	14.37	14.46	6722499	97362056.000
06/25/2014	14.41	14.60	14.21	14.50	6663590	96152584.000
06/26/2014	14.54	15.05	14.54	14.91	11359665	169342384.000
06/27/2014	15.12	15.63	15.04	15.10	14386200	219833840.000
06/30/2014	15.25	15.50	14.95	15.40	11053239	168606512.000
07/01/2014	15.46	15.55	15.24	15.38	9956277	153466720.000
07/02/2014	15.42	15.84	15.24	15.74	14041351	219041648.000
07/03/2014	15.62	15.73	15.32	15.53	12096760	187348880.000
07/04/2014	15.54	15.55	15.19	15.23	8327018	127547896.000
07/07/2014	15.21	15.38	14.76	14.81	11656198	175008976.000
07/08/2014	14.79	15.15	14.65	15.15	7685623	114852328.000
07/09/2014	15.10	15.14	14.42	14.51	13183599	194565680.000
07/10/2014	14.20	14.60	14.15	14.39	9218475	133063592.000
07/11/2014	14.44	14.58	14.25	14.48	5337362	77069264.000
07/14/2014	14.51	14.63	14.35	14.60	5211825	75570368.000
07/15/2014	14.50	14.55	13.91	14.05	9767135	137707344.000
07/16/2014	14.03	14.09	13.61	13.72	5916696	81857440.000
07/17/2014	13.80	13.88	13.60	13.74	3634311	49860476.000
07/18/2014	13.73	13.83	13.55	13.55	3969596	54310184.000
07/21/2014	13.54	13.70	12.88	13.12	8587039	113263664.000
07/22/2014	13.09	13.25	13.03	13.21	6615943	86935232.000
07/23/2014	13.19	13.20	12.36	12.69	12462650	158358256.000
07/24/2014	12.58	12.60	12.22	12.35	7469487	92590224.000
07/25/2014	12.37	12.53	12.23	12.40	5091184	63188888.000
07/28/2014	12.50	12.96	12.49	12.91	9099971	116379088.000
07/29/2014	13.00	13.36	12.90	13.36	10593012	140294368.000
07/30/2014	13.40	13.84	13.20	13.77	12688305	171986672.000
07/31/2014	13.85	13.94	13.60	13.77	8478582	116692376.000
08/01/2014	13.65	13.77	13.33	13.33	7013421	95059776.000
08/04/2014	13.40	13.52	13.32	13.42	5086444	68140648.000
08/05/2014	13.49	13.75	13.25	13.69	7330498	99646152.000
08/06/2014	13.60	13.74	13.54	13.58	4927507	67138848.000
08/07/2014	13.56	13.79	13.45	13.47	5390395	73503376.000
08/08/2014	13.48	13.75	13.48	13.65	4803247	65469320.000
08/11/2014	13.74	13.85	13.59	13.85	6835316	93919880.000
08/12/2014	13.89	13.98	13.70	13.76	8185665	113250104.000
08/13/2014	13.73	13.75	13.38	13.58	5674510	76968336.000
08/14/2014	13.61	13.72	13.48	13.52	5781269	78603624.000
08/15/2014	13.53	13.75	13.45	13.69	5486747	74723568.000
08/18/2014	13.71	14.23	13.71	14.22	14992631	210478992.000
08/19/2014	14.36	15.04	14.26	14.63	22280339	326800576.000
08/20/2014	14.61	14.89	14.36	14.50	12604299	184289648.000
08/21/2014	14.50	14.68	14.28	14.61	12249718	177045984.000
08/22/2014	14.63	15.18	14.50	15.12	21962526	328498528.000
08/25/2014	15.12	15.12	14.50	14.54	16801584	248648464.000
08/26/2014	14.50	14.58	14.01	14.14	9218700	131668384.000
08/27/2014	14.20	14.51	14.18	14.23	7659524	109578672.000
08/28/2014	14.27	14.30	13.77	13.97	8734134	122250472.000
08/29/2014	13.91	14.21	13.91	14.21	5747939	81045768.000
09/01/2014	14.20	14.92	14.15	14.78	12985638	189852752.000
09/02/2014	15.10	15.49	15.05	15.06	24966128	380019616.000
09/03/2014	15.17	15.60	15.08	15.26	21206312	325256480.000
09/04/2014	15.35	16.79	15.35	16.79	27435196	442807200.000
09/05/2014	17.80	17.80	16.88	17.20	43801647	755043904.000
09/09/2014	17.50	18.92	17.16	18.41	49271715	903466752.000
09/10/2014	17.65	18.39	17.48	17.96	29448761	524953408.000
09/11/2014	17.87	18.56	17.53	18.08	24635864	444685312.000
09/12/2014	17.80	18.10	17.60	17.87	11935680	212862896.000
09/15/2014	17.91	19.10	17.91	18.78	23816820	439666048.000
09/16/2014	18.51	18.67	17.33	17.45	20590393	372121408.000
09/17/2014	17.33	17.85	17.02	17.78	13064673	229158784.000
09/18/2014	17.68	19.30	17.51	18.90	24928878	467159808.000
09/19/2014	18.91	19.27	18.44	18.87	16054514	303139936.000
09/22/2014	18.90	19.96	18.40	19.45	23859858	460488128.000
09/23/2014	19.33	20.38	19.29	19.48	24136368	475353664.000
09/24/2014	19.20	19.58	18.80	19.35	17266581	331845792.000
09/25/2014	19.38	19.90	18.80	18.93	19446962	372759648.000
09/26/2014	18.80	18.88	18.28	18.82	11858789	220913648.000
09/29/2014	18.96	19.55	18.78	19.26	13660370	262370992.000
09/30/2014	19.37	19.54	19.12	19.31	8583296	165688448.000
10/08/2014	19.31	19.40	18.88	19.01	10293843	196109600.000
10/09/2014	19.04	19.09	18.41	18.72	13121436	245392928.000
10/10/2014	18.60	18.61	18.08	18.15	10964913	199889712.000
10/13/2014	18.10	18.48	17.46	17.78	16418400	293851072.000
10/14/2014	17.80	17.87	17.36	17.49	14406266	253601920.000
10/15/2014	17.40	17.76	17.00	17.75	12378319	215938384.000
10/16/2014	17.66	18.18	17.60	17.70	12999955	233208848.000
10/17/2014	17.55	17.60	16.85	17.13	8210868	141130544.000
10/20/2014	17.16	17.65	17.16	17.54	7763114	135451568.000
10/21/2014	17.98	18.53	17.81	17.85	16714457	304148480.000
10/22/2014	17.70	18.10	17.30	17.30	7915216	139889792.000
10/23/2014	17.31	17.42	16.59	16.68	8564132	144602032.000
10/24/2014	16.64	16.79	16.30	16.72	10386325	171805104.000
10/27/2014	16.75	17.36	16.40	17.14	7525477	127775464.000
10/28/2014	17.32	17.57	17.10	17.48	7153263	124374376.000
10/29/2014	17.38	17.87	17.38	17.79	13745882	242830000.000
10/30/2014	17.72	17.86	17.44	17.50	8230784	145564240.000
10/31/2014	17.51	17.65	16.88	17.02	8653945	148335184.000
数据来源:通达信
