300194 福安药业 日线
      日期	    开盘	    最高	    最低	    收盘	    成交量	    成交额
03/22/2011	19.97	20.50	19.83	20.13	4930370	197772592.000
03/23/2011	20.08	20.48	20.08	20.19	1937606	77990440.000
03/24/2011	20.12	20.16	19.97	20.02	1407297	56238440.000
03/25/2011	19.94	20.02	19.84	19.97	1110923	44077332.000
03/28/2011	19.98	20.04	19.76	19.78	1070460	42336808.000
03/29/2011	19.78	19.78	19.35	19.36	1029539	39962700.000
03/30/2011	19.35	19.36	19.05	19.10	634094	24263102.000
03/31/2011	19.15	19.33	19.11	19.20	331874	12728996.000
04/01/2011	19.23	19.34	19.23	19.32	231930	8918368.000
04/06/2011	19.28	19.28	19.10	19.13	334621	12787262.000
04/07/2011	19.16	19.34	19.16	19.22	273231	10486294.000
04/08/2011	19.25	19.29	19.14	19.26	238746	9157001.000
04/11/2011	19.30	19.33	19.11	19.11	356700	13666194.000
04/12/2011	19.11	19.23	19.10	19.11	220741	8426862.000
04/13/2011	19.10	19.24	19.05	19.24	196758	7529748.500
04/14/2011	19.29	19.29	19.09	19.10	205959	7871247.500
04/15/2011	19.08	19.16	19.08	19.11	236669	9018017.000
04/18/2011	19.11	19.15	19.05	19.07	226050	8604870.000
04/19/2011	19.05	19.05	18.84	18.91	412349	15569878.000
04/20/2011	18.91	19.04	18.84	19.00	258317	9752528.000
04/21/2011	19.08	19.22	19.00	19.12	289752	11060927.000
04/22/2011	19.12	19.12	18.94	18.95	260767	9872550.000
04/25/2011	18.95	18.98	18.85	18.87	207947	7836641.500
04/26/2011	18.84	18.87	18.62	18.63	265977	9948465.000
04/27/2011	18.66	18.76	18.30	18.33	277249	10236149.000
04/28/2011	18.48	18.53	17.63	17.69	453215	16242878.000
04/29/2011	17.69	17.82	17.53	17.71	226027	7970284.000
05/03/2011	17.61	18.02	17.61	17.82	130288	4626193.000
05/04/2011	17.82	17.89	17.52	17.55	199500	7023161.000
05/05/2011	17.81	17.81	17.52	17.68	114995	4064347.000
05/06/2011	17.68	17.89	17.55	17.78	207642	7378739.500
05/09/2011	17.82	17.96	17.77	17.82	157321	5620197.500
05/10/2011	17.92	17.92	17.76	17.83	95705	3404199.500
05/11/2011	17.83	18.01	17.74	17.92	158085	5634398.500
05/12/2011	17.92	17.93	17.72	17.80	101799	3620006.000
05/13/2011	17.69	17.82	17.65	17.71	126390	4476319.000
05/16/2011	17.71	17.90	17.71	17.76	75300	2681642.250
05/17/2011	17.72	17.84	17.61	17.76	97139	3437733.000
05/18/2011	17.71	17.79	17.59	17.72	75000	2653484.000
05/19/2011	17.85	17.85	17.59	17.61	93600	3314067.000
05/20/2011	17.59	17.70	17.56	17.56	75859	2667535.000
05/23/2011	17.53	17.56	16.89	16.89	367525	12552915.000
05/24/2011	16.76	17.08	16.66	16.98	184859	6234981.500
05/25/2011	17.00	17.17	16.65	16.66	94700	3189961.000
05/26/2011	16.68	16.87	16.28	16.28	160499	5305146.000
05/27/2011	16.29	16.48	15.75	15.82	252493	8055520.500
05/30/2011	15.79	16.02	15.56	15.56	170110	5400785.500
05/31/2011	15.56	15.71	15.50	15.71	136900	4291199.500
06/01/2011	15.70	15.86	15.62	15.81	115790	3661585.500
06/02/2011	15.70	15.70	15.50	15.55	147618	4600069.000
06/03/2011	15.52	15.74	15.52	15.74	137865	4339009.000
06/07/2011	15.73	16.15	15.73	16.06	234281	7535439.000
06/08/2011	15.96	16.02	15.81	15.97	108416	3453550.750
06/09/2011	15.82	15.95	15.63	15.63	110667	3495250.500
06/10/2011	15.61	15.72	15.56	15.67	113449	3557561.750
06/13/2011	15.64	15.67	15.46	15.66	83661	2613889.250
06/14/2011	15.66	15.87	15.66	15.82	154449	4884924.500
06/15/2011	15.85	15.87	15.63	15.63	117750	3709182.000
06/17/2011	15.46	15.64	15.20	15.20	231301	7114905.500
06/20/2011	15.18	15.20	14.88	14.88	149650	4495065.500
06/21/2011	14.87	15.08	14.71	14.84	103739	3089006.750
06/22/2011	14.76	14.79	14.02	14.02	1331998	38098112.000
06/23/2011	14.09	14.32	13.74	14.29	1128023	31846638.000
06/24/2011	14.13	14.66	14.07	14.63	1036055	30093188.000
06/27/2011	14.63	14.92	14.59	14.76	527154	15635889.000
06/28/2011	14.69	14.76	14.54	14.71	399894	11746349.000
06/29/2011	14.58	14.76	14.53	14.56	339735	10003988.000
06/30/2011	14.54	14.74	14.54	14.68	290816	8573338.000
07/01/2011	14.69	14.89	14.63	14.79	449025	13334257.000
07/04/2011	14.84	15.04	14.84	15.04	527276	15838040.000
07/05/2011	15.09	15.15	14.97	15.10	429784	12999079.000
07/06/2011	15.10	15.43	15.01	15.41	626940	19150066.000
07/07/2011	15.46	16.16	15.41	15.89	1287292	40969732.000
07/08/2011	15.87	15.96	15.72	15.81	545000	17267960.000
07/11/2011	15.75	15.96	15.64	15.96	367589	11713307.000
07/12/2011	15.84	15.85	15.34	15.35	787377	24518090.000
07/13/2011	15.31	15.71	15.31	15.68	550021	17192774.000
07/14/2011	15.76	16.12	15.59	16.12	982261	31468110.000
07/15/2011	16.13	16.83	16.12	16.64	1869433	62244220.000
07/18/2011	16.66	17.28	16.66	16.69	1422938	48102492.000
07/19/2011	16.68	16.68	16.23	16.23	929526	30507218.000
07/20/2011	16.33	16.59	16.08	16.38	645660	21166910.000
07/21/2011	16.37	16.46	16.15	16.16	443018	14446282.000
07/22/2011	16.18	16.64	16.18	16.46	675054	22310378.000
07/25/2011	16.41	16.83	15.88	15.93	1019162	33405004.000
07/26/2011	15.96	16.12	15.87	16.05	300413	9618737.000
07/27/2011	16.04	16.64	15.95	16.64	733733	24161964.000
07/28/2011	16.42	16.83	16.28	16.66	893683	29646898.000
07/29/2011	16.66	16.97	16.38	16.45	715596	23817200.000
08/01/2011	16.45	16.79	16.26	16.69	627630	20783638.000
08/02/2011	16.65	16.65	16.21	16.63	634411	20817090.000
08/03/2011	16.42	16.89	16.28	16.78	941326	31530886.000
08/04/2011	16.79	16.99	16.55	16.78	653263	21854668.000
08/05/2011	16.30	16.50	16.17	16.24	703428	23020866.000
08/08/2011	16.17	16.17	14.59	14.87	1115148	34165192.000
08/09/2011	14.46	15.18	14.23	15.12	541037	16148085.000
08/10/2011	15.42	15.48	15.12	15.15	516626	15907674.000
08/11/2011	14.94	15.42	14.84	15.42	393096	12000165.000
08/12/2011	15.58	15.70	15.46	15.57	380288	11906560.000
08/15/2011	15.71	15.81	15.57	15.77	290738	9170454.000
08/16/2011	15.87	15.87	15.62	15.70	283131	8911507.000
08/17/2011	15.78	15.78	15.48	15.53	262100	8188420.500
08/18/2011	15.54	15.59	15.26	15.26	263797	8168655.500
08/19/2011	15.10	15.11	14.80	15.11	345454	10369726.000
08/23/2011	14.94	15.70	14.89	15.67	537915	16553844.000
08/24/2011	15.68	16.11	15.62	15.84	941714	30052184.000
08/25/2011	15.83	15.94	15.67	15.92	663056	21019196.000
08/26/2011	15.87	16.35	15.78	16.23	1103918	35842516.000
08/29/2011	16.23	16.28	16.05	16.08	496690	16074373.000
08/30/2011	16.11	16.23	15.64	15.64	609349	19487520.000
08/31/2011	15.62	15.75	15.38	15.49	258363	8046682.500
09/01/2011	15.46	15.64	15.33	15.38	267028	8280640.000
09/02/2011	15.43	15.44	15.06	15.14	348954	10630212.000
09/05/2011	15.05	15.32	15.05	15.12	274360	8366574.000
09/06/2011	15.12	15.21	14.88	14.90	245241	7363281.500
09/07/2011	15.01	15.20	14.92	15.18	147199	4450211.000
09/08/2011	15.30	15.30	14.94	14.99	148850	4531493.000
09/09/2011	15.02	15.19	14.90	14.94	136035	4099618.500
09/13/2011	14.94	14.94	14.69	14.93	152951	4549796.000
09/14/2011	14.89	15.02	14.79	15.02	104486	3129683.500
09/15/2011	15.13	15.19	15.05	15.11	134579	4085815.000
09/16/2011	15.23	15.24	15.10	15.11	88780	2693800.000
09/19/2011	14.95	14.96	14.82	14.85	90499	2703343.250
09/20/2011	14.85	15.07	14.82	14.93	81449	2439684.750
09/21/2011	14.95	15.29	14.94	15.26	208390	6353780.500
09/22/2011	15.20	15.25	14.88	14.89	177390	5350387.000
09/23/2011	14.78	15.02	14.61	14.88	153800	4571477.500
09/26/2011	14.88	14.94	14.65	14.68	107500	3197993.500
09/27/2011	14.72	14.94	14.59	14.67	85700	2531229.000
09/28/2011	14.70	14.86	14.53	14.54	126102	3721823.000
09/30/2011	14.33	14.58	14.26	14.31	145435	4198706.000
10/10/2011	14.32	14.58	14.28	14.35	74335	2146562.000
10/11/2011	14.48	14.74	13.96	14.00	168254	4830434.000
10/12/2011	14.12	14.53	13.81	14.44	195271	5600675.000
10/13/2011	14.38	14.67	14.38	14.52	203930	5968557.000
10/14/2011	14.49	14.58	14.44	14.58	96975	2825398.750
10/17/2011	14.61	14.62	14.43	14.57	118054	3447922.000
10/18/2011	14.57	14.62	14.23	14.23	120910	3491218.500
10/19/2011	14.30	14.33	14.17	14.22	58019	1661724.500
10/20/2011	14.16	14.17	13.50	13.56	483888	13357090.000
10/21/2011	13.56	13.76	13.44	13.50	109980	3005487.250
10/24/2011	13.65	13.65	13.43	13.62	125794	3430362.500
10/25/2011	13.64	13.89	13.55	13.87	322861	8918161.000
10/26/2011	13.72	14.00	13.56	13.81	428969	11922668.000
10/27/2011	13.92	13.92	13.73	13.74	215465	5986710.000
10/28/2011	13.81	13.97	13.78	13.95	275904	7700732.500
10/31/2011	13.97	14.10	13.91	14.06	234689	6621621.500
11/01/2011	13.92	14.11	13.90	14.09	214899	6066010.000
11/02/2011	13.86	14.36	13.77	14.29	308474	8705435.000
11/03/2011	14.38	14.53	14.30	14.30	549657	15907283.000
11/04/2011	14.38	14.46	14.28	14.37	279996	8080008.000
11/07/2011	14.44	14.48	14.33	14.35	235040	6800207.000
11/08/2011	14.38	14.40	14.12	14.14	177695	5094159.000
11/09/2011	14.16	14.36	14.13	14.34	145288	4158120.750
11/10/2011	14.31	14.58	14.15	14.46	519845	15062174.000
11/11/2011	14.52	14.72	14.39	14.54	532959	15594911.000
11/14/2011	14.60	14.89	14.60	14.81	431638	12796770.000
11/15/2011	14.81	14.84	14.62	14.69	273286	8075725.500
11/16/2011	14.62	14.76	14.15	14.26	432184	12486241.000
11/17/2011	14.26	14.58	14.26	14.44	261783	7584635.000
11/18/2011	14.31	14.58	14.12	14.15	356612	10275756.000
11/21/2011	14.21	14.21	13.86	13.96	223688	6291366.000
11/22/2011	13.54	13.86	13.54	13.73	179082	4941305.000
11/23/2011	13.74	13.91	13.66	13.71	186558	5163835.000
11/24/2011	13.69	13.84	13.57	13.76	108957	3006480.250
11/25/2011	13.85	13.97	13.71	13.87	181821	5083459.500
11/28/2011	13.81	13.97	13.81	13.87	130847	3649073.750
11/29/2011	14.01	14.02	13.86	13.96	123672	3460291.500
11/30/2011	13.96	13.96	13.35	13.46	374525	10237449.000
12/01/2011	13.69	13.86	13.65	13.71	230353	6380427.000
12/02/2011	13.66	13.72	13.34	13.40	148803	4035967.250
12/05/2011	13.40	13.40	13.10	13.11	210600	5607868.500
12/06/2011	13.10	13.25	13.07	13.19	71462	1891769.250
12/07/2011	13.25	13.29	13.19	13.22	46600	1242502.250
12/08/2011	13.20	13.33	13.08	13.23	64886	1726377.125
12/09/2011	13.23	13.27	13.05	13.10	78810	2084546.375
12/12/2011	13.05	13.19	13.04	13.06	67711	1785833.000
12/13/2011	13.04	13.04	12.65	12.71	133439	3437712.500
12/14/2011	12.65	12.78	12.53	12.54	72449	1849081.875
12/15/2011	12.58	12.58	12.18	12.23	139298	3459786.500
12/16/2011	12.12	12.39	12.11	12.39	126244	3122566.750
12/19/2011	12.28	12.43	12.02	12.38	122702	3029423.250
12/20/2011	12.28	12.43	12.13	12.36	122385	3047298.000
12/21/2011	12.41	12.43	12.08	12.09	131300	3268043.500
12/22/2011	12.09	12.09	11.64	11.76	146300	3473849.500
12/23/2011	11.67	11.92	11.66	11.76	188414	4486899.000
12/26/2011	11.72	11.82	11.66	11.66	56300	1335955.000
12/27/2011	11.65	11.65	11.12	11.17	235300	5409504.000
12/28/2011	11.15	11.17	10.58	10.77	285600	6238218.000
12/29/2011	10.69	10.81	10.66	10.74	106876	2334240.250
12/30/2011	10.84	10.91	10.77	10.84	110964	2442723.500
01/04/2012	10.90	11.04	10.64	10.72	112700	2487609.000
01/05/2012	10.68	10.68	10.16	10.24	148150	3145166.500
01/06/2012	10.16	10.16	9.66	9.84	222168	4453609.500
01/09/2012	9.94	10.17	9.56	10.17	384062	7743567.000
01/10/2012	10.04	10.68	10.04	10.68	375424	7939638.000
01/11/2012	10.69	10.90	10.59	10.74	237401	5178158.500
01/12/2012	10.74	10.81	10.52	10.58	197330	4267492.500
01/13/2012	10.63	10.63	9.98	10.04	263977	5460104.000
01/16/2012	9.99	10.09	9.79	9.79	124400	2505916.000
01/17/2012	9.76	10.25	9.71	10.23	190840	3904488.250
01/18/2012	10.23	10.23	9.82	9.84	405040	8276595.500
01/19/2012	9.82	9.97	9.68	9.81	381502	7604864.000
01/20/2012	9.80	9.90	9.72	9.88	360373	7213923.500
01/30/2012	9.92	9.95	9.76	9.88	220610	4438028.000
01/31/2012	9.86	9.86	9.61	9.65	313100	6170222.000
02/01/2012	9.64	9.83	9.63	9.69	241031	4781802.000
02/02/2012	9.67	9.96	9.67	9.95	382672	7685250.000
02/03/2012	9.95	10.23	9.95	10.23	722783	14896430.000
02/06/2012	10.23	10.58	10.23	10.47	836553	17789996.000
02/07/2012	10.47	10.47	10.07	10.17	432599	9022136.000
02/08/2012	10.12	10.50	10.10	10.48	399452	8408795.000
02/09/2012	10.52	10.62	10.44	10.53	555069	11891402.000
02/10/2012	10.53	10.64	10.46	10.49	404957	8677402.000
02/13/2012	10.38	10.68	10.33	10.61	513911	11026939.000
02/14/2012	10.58	10.69	10.48	10.52	410147	8796999.000
02/15/2012	10.52	10.67	10.43	10.67	663267	14254660.000
02/16/2012	10.65	10.94	10.65	10.76	922990	20177864.000
02/17/2012	10.76	10.83	10.56	10.64	424892	9191451.000
02/20/2012	10.76	10.84	10.67	10.69	482521	10512021.000
02/21/2012	10.67	10.79	10.50	10.77	318185	6893105.000
02/22/2012	10.77	11.14	10.75	11.12	1074355	23942236.000
02/23/2012	11.15	11.32	11.09	11.25	899534	20426836.000
02/27/2012	11.34	11.35	11.10	11.13	1026039	23325004.000
02/28/2012	11.07	11.07	10.75	10.86	754819	16698541.000
02/29/2012	10.84	10.97	10.76	10.79	400767	8816337.000
03/01/2012	10.79	10.90	10.71	10.80	348572	7666243.500
03/02/2012	10.89	10.94	10.80	10.94	427169	9448292.000
03/05/2012	10.95	10.99	10.91	10.97	421924	9383634.000
03/06/2012	10.93	10.94	10.74	10.79	291905	6408139.000
03/07/2012	10.73	10.87	10.69	10.77	328457	7202635.500
03/08/2012	10.75	10.97	10.75	10.92	352028	7781181.000
03/09/2012	10.94	11.22	10.94	11.21	770863	17384930.000
03/12/2012	11.24	11.33	11.09	11.22	580400	13189068.000
03/13/2012	11.25	11.32	11.16	11.31	613110	13978089.000
03/14/2012	12.32	12.49	12.32	12.49	4833528	121762528.000
03/15/2012	12.48	12.53	11.71	12.01	3892619	95452072.000
03/16/2012	11.91	12.28	11.76	12.09	2133421	51700700.000
03/19/2012	11.94	12.06	11.65	11.93	1601633	38354028.000
03/20/2012	11.89	11.89	11.39	11.45	1182048	27720998.000
03/21/2012	11.42	11.61	11.28	11.58	940490	21830740.000
03/22/2012	11.56	11.78	11.36	11.59	700678	16479466.000
03/23/2012	11.70	11.70	11.30	11.35	506310	11697369.000
03/26/2012	11.36	11.41	11.20	11.35	358135	8222637.000
03/27/2012	11.46	11.49	11.22	11.24	409611	9377991.000
03/28/2012	11.20	11.20	10.29	10.31	976998	21122868.000
03/29/2012	10.23	10.23	9.94	9.97	572039	11704805.000
03/30/2012	9.97	10.11	9.84	9.87	301458	6106250.000
04/05/2012	9.90	10.09	9.85	10.04	389364	7917585.000
04/06/2012	9.99	10.11	9.92	10.02	404460	8255237.000
04/09/2012	10.02	10.10	9.87	9.95	196394	4007637.000
04/10/2012	9.97	10.04	9.74	9.99	374071	7521909.500
04/11/2012	9.86	10.02	9.86	9.96	215223	4356470.000
04/12/2012	9.97	10.23	9.96	10.20	376981	7745220.500
04/13/2012	10.21	10.28	10.12	10.27	354202	7369230.000
04/16/2012	10.22	10.23	10.10	10.17	215248	4444765.500
04/17/2012	10.15	10.30	10.11	10.14	234590	4867602.500
04/18/2012	10.15	10.30	10.09	10.29	303812	6310786.500
04/19/2012	10.28	10.37	10.20	10.33	329413	6894424.000
04/20/2012	10.25	10.43	10.14	10.39	287720	6035269.500
04/23/2012	10.37	10.37	9.74	9.82	791846	16010654.000
04/24/2012	9.74	9.92	9.59	9.68	416095	8251760.500
04/26/2012	9.82	10.05	9.82	9.89	349791	7080488.500
04/27/2012	9.89	9.92	9.82	9.90	180328	3628912.250
05/02/2012	9.92	10.14	9.92	10.07	353790	7231436.500
05/03/2012	10.07	10.23	10.04	10.16	213986	4418700.500
05/04/2012	10.19	10.25	10.18	10.22	243109	5054953.000
05/07/2012	10.07	10.31	10.02	10.27	372548	7742242.000
05/08/2012	10.27	10.43	10.17	10.33	385109	8069856.000
05/09/2012	10.33	10.33	10.11	10.14	291999	6047923.500
05/10/2012	10.14	10.66	10.14	10.33	428006	9056636.000
05/11/2012	10.35	10.52	10.17	10.48	546979	11580015.000
05/14/2012	10.58	10.82	10.38	10.69	777188	16859948.000
05/15/2012	10.64	10.68	10.41	10.46	367810	7842353.000
05/16/2012	10.35	10.52	10.34	10.35	243277	5155837.000
05/17/2012	10.31	10.46	10.31	10.45	233049	4913969.000
05/18/2012	10.45	10.46	9.87	9.99	412299	8381395.500
05/21/2012	10.08	10.09	9.94	9.96	224001	4500139.500
05/22/2012	10.03	10.22	10.03	10.15	167077	3395923.750
05/23/2012	10.07	10.16	9.97	10.05	205301	4132340.000
05/24/2012	9.98	10.12	9.98	10.01	170680	3436126.750
05/25/2012	10.01	10.04	9.87	9.89	206698	4122659.250
05/28/2012	9.89	9.90	9.72	9.89	275981	5447850.500
05/29/2012	9.92	10.05	9.92	10.05	205991	4133798.250
05/30/2012	10.06	10.11	9.99	10.08	220744	4453857.000
05/31/2012	10.02	10.23	10.02	10.16	260110	5306727.000
06/01/2012	10.23	10.23	10.11	10.14	167431	3411437.250
06/04/2012	10.06	10.06	9.88	9.88	215942	4313320.500
06/05/2012	9.87	10.02	9.87	9.92	153687	3064666.750
06/06/2012	9.91	10.01	9.85	9.86	127099	2523971.250
06/07/2012	9.96	9.96	9.81	9.83	170774	3382532.000
06/08/2012	9.85	9.92	9.79	9.81	108075	2136684.250
06/11/2012	9.86	10.02	9.81	10.00	158839	3168659.000
06/12/2012	9.92	10.11	9.92	10.05	196251	3955846.250
06/13/2012	10.12	10.27	10.03	10.19	345472	7047086.500
06/14/2012	10.25	10.25	10.05	10.09	243001	4957489.000
06/15/2012	10.17	10.47	10.11	10.35	655977	13596281.000
06/18/2012	10.35	10.71	10.31	10.64	1014468	21465734.000
06/19/2012	10.64	10.96	10.50	10.79	1598696	34518232.000
06/20/2012	10.79	10.79	10.49	10.51	830233	17587254.000
06/21/2012	10.48	10.50	10.27	10.37	444448	9208100.000
06/25/2012	10.42	10.74	10.29	10.31	447393	9391391.000
06/26/2012	10.28	10.30	10.00	10.15	369771	7500886.000
06/27/2012	10.15	10.44	10.15	10.16	350427	7225438.500
06/28/2012	10.16	10.36	10.16	10.19	328649	6762761.000
06/29/2012	10.12	10.63	10.11	10.61	716850	14997105.000
07/02/2012	10.58	10.87	10.58	10.71	923989	19873544.000
07/03/2012	10.64	10.84	10.64	10.75	588752	12664944.000
07/04/2012	10.75	10.75	10.56	10.57	492035	10497132.000
07/05/2012	10.53	10.84	10.42	10.84	774768	16509470.000
07/06/2012	10.85	11.27	10.77	11.07	1572125	34648724.000
07/09/2012	10.99	11.23	10.76	10.79	1269436	28179496.000
07/10/2012	10.74	10.77	10.51	10.51	510559	10859508.000
07/11/2012	10.43	10.69	10.36	10.66	469697	9900353.000
07/12/2012	10.66	10.93	10.54	10.87	679411	14664114.000
07/13/2012	10.76	10.76	10.37	10.48	1095457	23092612.000
07/16/2012	10.48	10.50	9.85	9.86	782031	15870392.000
07/17/2012	9.81	9.92	9.78	9.83	280409	5540645.000
07/18/2012	9.92	9.92	9.65	9.79	365596	7137134.500
07/19/2012	9.82	10.02	9.72	9.96	276225	5519448.000
07/20/2012	9.96	10.05	9.87	9.90	176255	3513757.250
07/23/2012	9.82	9.86	9.74	9.84	160041	3143821.250
07/24/2012	9.86	10.03	9.75	9.96	393008	7830754.500
07/25/2012	10.01	10.03	9.77	9.84	318634	6346369.000
07/26/2012	9.91	9.95	9.81	9.84	138038	2735490.750
07/27/2012	9.92	10.15	9.90	9.93	170562	3407211.500
07/30/2012	9.95	10.00	9.70	9.70	219951	4309764.500
07/31/2012	9.67	9.70	9.53	9.57	194222	3734938.000
08/01/2012	9.65	9.69	9.57	9.61	130131	2516013.500
08/02/2012	9.56	9.81	9.56	9.69	185270	3612667.750
08/03/2012	9.67	9.88	9.67	9.87	180108	3544713.250
08/06/2012	9.88	10.11	9.77	10.11	269628	5385326.000
08/07/2012	10.09	10.10	9.93	10.01	287748	5772474.000
08/08/2012	9.96	10.01	9.83	9.96	301853	5999148.000
08/09/2012	9.97	10.05	9.88	10.04	331652	6649284.500
08/10/2012	10.07	10.07	9.96	9.96	226333	4544730.000
08/13/2012	9.96	10.10	9.92	9.97	413840	8325572.000
08/14/2012	10.06	10.16	9.89	10.16	367254	7388373.000
08/15/2012	10.15	10.15	10.03	10.05	194903	3938063.250
08/16/2012	10.04	10.05	9.93	9.93	161235	3225702.000
08/17/2012	9.93	9.97	9.87	9.92	110408	2195599.750
08/20/2012	9.89	9.89	9.70	9.78	223021	4378832.500
08/21/2012	9.87	10.15	9.86	10.09	492827	9948619.000
08/22/2012	10.04	10.13	10.01	10.05	224121	4521966.000
08/23/2012	10.01	10.14	10.01	10.13	265478	5374685.000
08/24/2012	10.12	10.12	9.85	9.85	299481	5994973.500
08/27/2012	9.82	9.89	9.77	9.81	117970	2325732.750
08/28/2012	9.86	9.95	9.79	9.91	115101	2277577.750
08/29/2012	9.89	10.00	9.81	9.90	118601	2360588.750
08/30/2012	9.87	10.01	9.79	9.82	223591	4446015.500
08/31/2012	9.82	9.98	9.79	9.84	185656	3689803.000
09/03/2012	9.89	10.03	9.82	9.99	237382	4757682.000
09/04/2012	9.99	10.16	9.99	10.02	332955	6728743.500
09/05/2012	10.09	10.40	10.06	10.32	838253	17255922.000
09/06/2012	10.41	10.44	10.28	10.42	597625	12425864.000
09/07/2012	10.45	10.98	10.45	10.93	1100533	23754322.000
09/10/2012	10.92	11.02	10.66	11.01	931074	20259748.000
09/11/2012	10.93	10.96	10.74	10.94	559548	12128664.000
09/12/2012	10.94	11.00	10.86	10.99	459200	10052798.000
09/13/2012	10.99	11.14	10.90	10.95	703416	15502681.000
09/14/2012	10.96	10.99	10.87	10.97	546476	11929883.000
09/17/2012	10.90	11.19	10.87	10.94	961312	21271782.000
09/18/2012	10.84	11.20	10.61	10.77	1062654	23075808.000
09/19/2012	10.79	10.99	10.73	10.90	870615	18985730.000
09/20/2012	10.87	10.91	10.48	10.58	520241	11121960.000
09/21/2012	10.61	10.61	9.87	10.37	1511693	31117906.000
09/24/2012	10.22	10.27	9.95	10.08	1460793	29556792.000
09/25/2012	10.03	10.11	9.73	9.76	497358	9840893.000
09/26/2012	9.79	9.79	9.47	9.47	413064	7983649.000
09/27/2012	9.47	9.76	9.47	9.68	212312	4107720.000
09/28/2012	9.62	9.92	9.62	9.92	182788	3598637.750
10/08/2012	9.83	9.95	9.82	9.86	106798	2118208.750
10/09/2012	9.96	10.05	9.89	10.04	359804	7211161.000
10/10/2012	9.98	10.09	9.97	10.08	215674	4335628.500
10/11/2012	10.05	10.05	9.81	9.81	273345	5445354.000
10/12/2012	9.87	9.97	9.77	9.90	127813	2531329.000
10/15/2012	9.77	9.89	9.75	9.76	141193	2772926.750
10/16/2012	9.86	9.95	9.84	9.93	177806	3535010.500
10/17/2012	9.95	9.96	9.77	9.84	111276	2199895.000
10/18/2012	9.92	9.99	9.87	9.97	150105	2992501.000
10/19/2012	9.97	10.02	9.91	9.98	147515	2952291.500
10/22/2012	9.97	10.00	9.87	9.97	125828	2505836.250
10/23/2012	9.94	10.02	9.89	9.91	86850	1732708.500
10/24/2012	9.87	9.93	9.82	9.88	106200	2103505.000
10/25/2012	9.88	9.99	9.85	9.91	135350	2692640.500
10/26/2012	9.91	9.95	9.78	9.84	208700	4124383.250
10/29/2012	9.84	9.87	9.78	9.82	80829	1595690.625
10/30/2012	9.82	9.88	9.81	9.85	51600	1018748.563
10/31/2012	9.81	9.86	9.78	9.81	203538	4001529.000
11/01/2012	9.77	9.97	9.77	9.97	480948	9529810.000
11/02/2012	9.92	9.97	9.87	9.94	121485	2421116.000
11/05/2012	9.93	9.94	9.87	9.93	92338	1837741.750
11/06/2012	9.93	9.93	9.77	9.87	86900	1713945.000
11/07/2012	9.89	9.89	9.78	9.83	203698	4015605.500
11/08/2012	9.78	9.91	9.72	9.72	178983	3529918.250
11/09/2012	9.74	9.80	9.71	9.76	138450	2709122.250
11/12/2012	9.82	9.82	9.73	9.74	77200	1512911.000
11/13/2012	9.74	9.74	9.51	9.51	168100	3248909.000
11/14/2012	9.52	9.56	9.36	9.42	237071	4496994.500
11/15/2012	9.39	9.45	9.10	9.12	203217	3787680.000
11/16/2012	9.12	9.20	9.10	9.15	93980	1725528.625
11/19/2012	9.13	9.29	9.13	9.25	87550	1618627.375
11/20/2012	9.25	9.30	9.14	9.14	116500	2156025.000
11/21/2012	9.20	9.25	9.12	9.19	103184	1907209.250
11/22/2012	9.16	9.26	9.16	9.23	77003	1427627.500
11/23/2012	9.18	9.29	9.18	9.23	45533	846073.188
11/26/2012	9.16	9.24	9.15	9.15	74600	1377149.000
11/27/2012	9.11	9.11	8.69	8.69	189622	3381088.250
11/28/2012	8.66	8.89	8.30	8.38	487164	8433111.000
11/29/2012	8.38	8.48	8.16	8.18	223690	3758815.750
11/30/2012	8.13	8.22	8.01	8.20	155511	2549698.000
12/03/2012	8.22	8.22	7.89	7.89	212500	3436154.000
12/04/2012	7.87	8.01	7.86	7.95	220212	3523805.000
12/05/2012	8.02	8.31	7.94	8.23	442911	7334810.000
12/06/2012	8.16	8.27	8.12	8.12	246965	4076986.750
12/07/2012	8.17	8.38	8.10	8.33	314055	5233016.500
12/10/2012	8.33	8.51	8.33	8.48	304790	5175312.500
12/11/2012	8.48	8.48	8.34	8.37	214349	3623787.750
12/12/2012	8.46	8.46	8.27	8.38	153203	2573299.500
12/13/2012	8.33	8.38	8.24	8.24	72818	1218976.250
12/14/2012	8.25	8.74	8.25	8.69	618290	10721911.000
12/17/2012	8.64	8.72	8.64	8.68	262945	4588583.500
12/18/2012	8.68	8.78	8.64	8.69	288129	5059360.500
12/19/2012	8.69	8.77	8.66	8.74	206454	3628736.000
12/20/2012	8.73	8.89	8.68	8.81	297223	5252574.500
12/21/2012	8.84	9.00	8.81	8.89	510493	9161515.000
12/24/2012	8.95	9.14	8.95	9.09	1000878	18257274.000
12/25/2012	9.10	9.37	9.05	9.33	1228772	22721418.000
12/26/2012	9.30	9.57	9.25	9.57	879833	16686810.000
12/27/2012	9.58	9.86	9.41	9.41	1329871	25655042.000
12/28/2012	9.39	9.76	9.32	9.59	935972	18020302.000
12/31/2012	9.59	9.66	9.45	9.48	710730	13572666.000
01/04/2013	9.53	9.61	9.26	9.37	632592	11954630.000
01/07/2013	9.37	9.55	9.35	9.54	614275	11700958.000
01/08/2013	9.56	9.69	9.55	9.66	777046	15022295.000
01/09/2013	9.65	9.65	9.48	9.51	512108	9839794.000
01/10/2013	9.53	9.61	9.51	9.56	345481	6622890.500
01/11/2013	9.60	9.74	9.50	9.53	778670	15078804.000
01/14/2013	9.61	10.11	9.48	10.08	1486461	29552710.000
01/15/2013	10.05	10.35	10.05	10.19	851821	17393374.000
01/16/2013	10.06	10.06	9.87	9.94	1012464	20213112.000
01/17/2013	9.96	10.02	9.90	9.94	405632	8097629.000
01/18/2013	9.88	10.03	9.84	9.97	546610	10898844.000
01/21/2013	9.97	10.02	9.89	9.98	514903	10288630.000
01/22/2013	9.97	9.97	9.73	9.76	603836	11903965.000
01/23/2013	9.71	9.82	9.69	9.78	257347	5029392.500
01/24/2013	9.71	9.82	9.41	9.47	702086	13581679.000
01/25/2013	9.60	9.60	9.46	9.51	208461	3992277.250
01/28/2013	9.59	9.79	9.50	9.79	323560	6297847.500
01/29/2013	9.81	9.96	9.79	9.92	459186	9074393.000
01/30/2013	9.88	10.00	9.82	9.92	379780	7542038.000
01/31/2013	9.95	9.96	9.83	9.87	219812	4363438.000
02/01/2013	9.87	9.96	9.83	9.94	305295	6069419.000
02/04/2013	9.95	9.97	9.74	9.81	270939	5359790.000
02/05/2013	9.73	9.95	9.73	9.88	204924	4052840.000
02/06/2013	9.91	10.05	9.88	10.01	435932	8749673.000
02/07/2013	9.96	10.80	9.96	10.75	2111168	44149684.000
02/08/2013	10.65	10.90	10.58	10.83	1280462	27568778.000
02/18/2013	10.79	11.22	10.74	11.15	1319938	29168624.000
02/19/2013	11.15	11.28	11.03	11.22	1230489	27493570.000
02/20/2013	11.21	11.75	11.12	11.64	1822659	42122464.000
02/21/2013	11.51	11.66	11.27	11.38	1131196	25880302.000
02/22/2013	11.31	11.73	11.25	11.57	985601	22839832.000
02/25/2013	11.58	11.75	11.58	11.65	760327	17716764.000
02/26/2013	11.61	11.71	11.28	11.28	1095399	25109656.000
02/27/2013	11.23	11.39	10.93	10.99	818932	18232564.000
02/28/2013	10.99	11.22	10.92	11.22	512513	11398604.000
03/01/2013	11.11	11.61	11.11	11.52	620314	14104736.000
03/04/2013	11.25	12.64	11.25	12.27	2517273	61089168.000
03/05/2013	12.27	12.97	12.12	12.95	2316458	58693952.000
03/06/2013	12.95	13.43	12.85	13.15	1635364	43024036.000
03/07/2013	13.12	13.23	12.95	13.02	925555	24059198.000
03/08/2013	13.03	13.16	12.80	12.94	563035	14513275.000
03/11/2013	12.94	12.97	12.66	12.71	463279	11763203.000
03/12/2013	12.69	12.88	12.08	12.18	853427	21106760.000
03/13/2013	12.15	12.18	11.89	12.17	446802	10732647.000
03/14/2013	12.08	12.33	12.03	12.27	357914	8734442.000
03/15/2013	12.21	12.99	12.02	12.73	689932	17328602.000
03/18/2013	12.48	12.94	12.48	12.68	544344	13909697.000
03/19/2013	12.73	12.79	12.14	12.43	300293	7455733.000
03/20/2013	12.43	12.97	12.30	12.95	509724	12921216.000
03/21/2013	12.97	13.00	12.79	12.96	431268	11091958.000
03/22/2013	12.94	12.94	12.58	12.80	444170	11287926.000
03/25/2013	12.69	12.78	12.57	12.58	435774	10965525.000
03/26/2013	12.55	12.65	12.34	12.56	593581	14728281.000
03/27/2013	12.51	12.71	12.44	12.60	363993	9129608.000
03/28/2013	12.51	12.51	12.28	12.28	388178	9569312.000
03/29/2013	11.92	11.92	11.51	11.60	1186110	27845372.000
04/01/2013	11.60	11.77	11.46	11.49	772151	17956386.000
04/02/2013	11.49	11.74	11.35	11.36	264242	6053002.000
04/03/2013	11.45	11.56	11.33	11.50	237194	5426559.000
04/08/2013	12.53	12.68	11.87	12.02	1646046	40189720.000
04/09/2013	12.13	12.29	11.64	11.75	627444	14763250.000
04/10/2013	11.51	11.66	11.46	11.50	309626	7142157.500
04/11/2013	11.50	11.51	11.41	11.42	191739	4384500.000
04/12/2013	11.38	11.45	11.18	11.19	250401	5645469.000
04/15/2013	11.29	11.29	10.89	10.99	240700	5315626.000
04/16/2013	10.91	11.46	10.64	11.31	357438	7823295.000
04/17/2013	11.18	11.35	11.15	11.30	155000	3482289.500
04/18/2013	11.33	11.33	11.12	11.13	168666	3773433.750
04/19/2013	11.13	11.94	11.13	11.81	1742683	40645648.000
04/22/2013	11.76	12.71	11.64	12.48	1786171	43832828.000
04/23/2013	12.34	12.48	11.87	12.02	514103	12417539.000
04/24/2013	12.02	12.28	12.02	12.05	552566	13395541.000
04/25/2013	11.88	12.17	11.88	11.89	415209	9978072.000
04/26/2013	11.83	12.02	11.46	11.46	423530	9983824.000
05/02/2013	11.47	11.61	11.31	11.38	214706	4912949.000
05/03/2013	11.79	12.02	11.56	11.96	602692	14293632.000
05/06/2013	11.97	12.57	11.82	12.47	1124630	27760440.000
05/07/2013	12.45	12.45	12.28	12.34	330250	8133156.500
05/08/2013	12.48	12.63	12.34	12.58	401896	10052395.000
05/09/2013	12.43	12.53	12.38	12.52	391179	9731598.000
05/10/2013	12.39	12.91	12.39	12.89	574802	14477408.000
05/13/2013	12.92	13.03	12.62	12.66	387337	9859959.000
05/14/2013	12.67	12.93	12.53	12.73	509275	9788458.000
05/15/2013	13.66	13.95	13.20	13.76	2038637	42217252.000
05/16/2013	13.57	13.83	13.47	13.82	1330949	27494008.000
05/17/2013	13.73	14.93	13.67	14.58	1856275	40807484.000
05/20/2013	14.42	14.59	13.91	14.58	973320	21018356.000
05/21/2013	14.33	14.89	14.27	14.80	733302	16233720.000
05/22/2013	14.80	14.80	14.31	14.34	685622	15038488.000
05/23/2013	14.34	14.83	14.31	14.47	1126635	24873594.000
05/24/2013	14.40	14.80	14.40	14.73	553338	12302163.000
05/27/2013	14.73	15.49	14.66	15.40	1063316	24532136.000
05/28/2013	15.40	15.53	14.97	15.07	990182	22747630.000
05/29/2013	15.05	15.31	15.00	15.11	415891	9538112.000
05/30/2013	15.13	15.43	15.07	15.28	601281	13889429.000
05/31/2013	15.39	15.39	15.08	15.10	472761	10856750.000
06/03/2013	15.05	15.13	14.53	14.61	555005	12409109.000
06/04/2013	14.53	14.76	14.34	14.76	326103	7204466.500
06/05/2013	14.77	14.79	14.47	14.66	141664	3134751.750
06/06/2013	14.57	14.59	14.20	14.28	188509	4094480.750
06/07/2013	14.33	14.39	14.02	14.09	133290	2850560.250
06/13/2013	14.01	14.01	13.34	13.79	309556	6392893.500
06/14/2013	14.03	14.53	13.60	14.52	388268	8341154.500
06/17/2013	14.45	15.07	14.20	14.27	607659	13349213.000
06/18/2013	14.33	14.39	14.01	14.32	387621	8328214.000
06/19/2013	14.27	14.87	14.27	14.31	264759	5819216.500
06/20/2013	14.46	14.46	13.68	13.87	490118	10341182.000
09/11/2013	13.79	13.79	12.47	12.65	3490246	66569236.000
09/12/2013	12.43	12.65	12.27	12.37	1288022	24323192.000
09/13/2013	12.39	12.56	12.28	12.36	1566757	29387766.000
09/16/2013	12.45	12.60	12.30	12.55	1064576	20093708.000
09/17/2013	12.54	12.59	12.28	12.43	748299	14067742.000
09/18/2013	12.46	12.63	12.10	12.61	1217622	23091632.000
09/23/2013	12.64	13.89	12.64	13.83	1886839	38137056.000
09/24/2013	13.77	14.95	13.77	14.39	2862719	61873568.000
09/25/2013	14.27	14.39	13.80	14.11	959529	20455162.000
09/26/2013	14.13	14.23	13.87	14.09	1087067	23063772.000
09/27/2013	14.11	14.77	14.08	14.50	1508877	32955952.000
09/30/2013	14.73	14.73	14.31	14.69	953515	21023212.000
10/08/2013	14.72	14.72	14.07	14.20	1041692	22455410.000
10/09/2013	14.07	14.30	13.93	14.23	580169	12406125.000
10/10/2013	14.07	14.33	14.07	14.10	727669	15662360.000
10/11/2013	14.12	14.20	13.89	13.99	605699	12868880.000
10/14/2013	13.98	14.47	13.98	14.40	992648	21626898.000
10/15/2013	14.40	14.73	14.17	14.59	1120342	24631522.000
10/16/2013	14.59	14.60	14.09	14.20	849378	18259532.000
10/17/2013	14.11	14.39	13.77	13.84	894503	18990404.000
10/18/2013	13.83	14.00	13.83	14.00	229103	4829672.500
10/21/2013	14.07	14.43	14.00	14.28	412626	8916015.000
10/22/2013	14.21	14.28	13.93	14.01	345323	7362047.000
10/23/2013	13.94	14.07	13.33	13.54	444236	9139658.000
10/24/2013	13.40	13.94	13.31	13.41	531150	10880977.000
10/25/2013	13.44	13.45	13.13	13.14	333298	6691776.500
10/28/2013	13.17	13.33	12.91	13.00	236929	4680679.500
10/29/2013	13.00	13.27	12.72	12.79	210597	4126202.750
10/30/2013	12.97	13.13	12.77	12.80	318829	6228399.000
10/31/2013	12.93	13.07	12.47	12.81	371928	7144130.000
11/01/2013	12.67	13.06	12.67	12.93	304199	5965757.500
11/04/2013	12.88	13.15	12.87	13.05	173301	3425885.750
11/05/2013	13.00	13.18	13.00	13.13	136950	2713110.500
11/06/2013	13.07	13.18	13.03	13.10	78520	1560786.750
11/07/2013	13.01	13.17	12.73	12.85	181088	3567308.750
11/08/2013	12.76	12.89	12.62	12.71	127904	2479237.000
11/11/2013	12.80	12.85	12.54	12.81	172014	3310491.000
11/12/2013	12.81	12.97	12.70	12.89	160272	3114623.250
11/13/2013	12.90	14.00	12.87	13.14	731925	14796112.000
11/14/2013	13.13	13.33	13.09	13.25	272536	5465767.000
11/15/2013	13.21	13.35	13.20	13.29	468057	9406199.000
11/18/2013	13.33	13.40	13.22	13.31	322331	6489134.000
11/19/2013	13.31	13.37	13.25	13.31	263335	5304236.000
11/20/2013	13.30	13.33	13.10	13.13	260999	5213953.500
11/21/2013	13.13	13.13	12.86	12.93	264316	5188365.000
11/22/2013	12.89	13.03	12.79	12.91	179000	3500637.250
11/25/2013	12.87	12.99	12.87	12.93	184210	3604105.500
11/26/2013	12.91	12.96	12.73	12.81	269891	5251924.000
11/27/2013	12.91	13.06	12.81	13.03	229331	4506748.500
11/28/2013	12.95	13.43	12.89	13.33	640169	12856363.000
11/29/2013	13.31	14.16	13.20	14.05	964864	20146582.000
12/02/2013	13.77	14.00	13.27	13.51	1006648	20837074.000
12/03/2013	13.47	13.67	13.22	13.60	462003	9406254.000
12/04/2013	13.59	13.83	13.43	13.67	319780	6638041.000
12/05/2013	13.80	13.80	13.46	13.47	300901	6177964.500
12/06/2013	13.46	13.67	13.34	13.49	188433	3858579.750
12/09/2013	13.46	13.87	13.46	13.86	347712	7207084.000
12/10/2013	13.93	14.12	13.77	13.77	419600	8827615.000
12/11/2013	13.74	13.84	13.53	13.62	122376	2538276.250
12/12/2013	13.57	13.67	13.57	13.57	190489	3927998.750
12/13/2013	13.57	13.67	13.47	13.67	121549	2505741.750
12/16/2013	13.55	13.78	13.52	13.57	140943	2906433.250
12/17/2013	13.57	13.57	13.19	13.20	229560	4624410.500
12/18/2013	13.33	13.33	13.07	13.13	152004	3023367.750
12/19/2013	13.17	13.25	12.92	12.99	261400	5150657.000
12/20/2013	12.87	13.00	12.80	12.83	130999	2558792.500
12/23/2013	12.93	13.51	12.77	13.43	377066	7573045.500
12/24/2013	13.46	13.46	13.20	13.35	160192	3237454.000
12/25/2013	13.27	13.52	13.25	13.39	196865	3998666.500
12/26/2013	13.33	13.33	13.12	13.21	290393	5805863.000
12/27/2013	13.33	13.45	13.15	13.41	266164	5394278.500
12/30/2013	13.43	13.92	13.35	13.77	559979	11708468.000
12/31/2013	13.68	13.85	13.55	13.56	189797	3923761.250
01/02/2014	13.60	13.89	13.54	13.85	669261	13982790.000
01/03/2014	13.93	14.86	13.92	14.77	1863595	40399596.000
01/06/2014	15.34	15.87	14.43	14.73	1728640	39097644.000
01/07/2014	14.53	14.69	14.34	14.57	528549	11595787.000
01/08/2014	14.53	15.06	14.53	14.88	1050954	23658684.000
01/09/2014	14.80	14.87	14.12	14.25	493307	10849532.000
01/10/2014	14.07	14.23	13.60	13.67	363279	7688843.500
01/13/2014	13.67	13.99	13.67	13.75	221413	4627826.000
01/14/2014	13.77	14.39	13.71	14.33	421920	9040828.000
01/15/2014	14.30	14.87	14.28	14.63	587879	13084109.000
01/16/2014	14.55	14.87	14.41	14.60	467677	10343365.000
01/17/2014	14.60	14.68	14.41	14.65	200814	4431543.000
01/20/2014	14.65	14.65	14.28	14.53	287575	6290295.000
01/21/2014	14.52	15.01	14.44	14.59	422359	9397377.000
01/22/2014	14.59	15.18	14.40	15.15	1005824	22870002.000
01/23/2014	15.15	15.26	15.00	15.15	541777	12400073.000
01/24/2014	15.20	15.37	15.01	15.30	527378	12151840.000
01/27/2014	15.25	15.25	14.92	14.95	530729	12055595.000
01/28/2014	14.95	15.10	14.91	15.05	319184	7237652.000
01/29/2014	15.13	15.50	15.00	15.45	414344	9616411.000
01/30/2014	15.44	16.40	15.27	16.23	1165441	28306508.000
02/07/2014	15.93	16.87	15.91	16.69	1145860	28606406.000
02/10/2014	16.68	16.71	16.20	16.53	694214	17340434.000
02/11/2014	16.53	17.33	16.27	17.13	1193582	30594140.000
02/12/2014	16.98	18.01	16.98	17.81	1274511	33834600.000
02/13/2014	17.87	18.18	17.31	17.56	749111	20126558.000
02/14/2014	17.37	18.84	17.20	18.79	1465310	40571304.000
02/17/2014	18.45	20.67	18.45	20.14	2752074	82645176.000
02/18/2014	20.53	20.53	19.34	19.35	1628026	48269316.000
02/19/2014	19.36	20.05	18.82	19.49	1496625	43703188.000
02/20/2014	19.21	19.34	18.43	18.55	1121924	31689058.000
02/21/2014	18.45	19.21	18.33	19.19	792237	22457628.000
02/24/2014	19.09	20.87	18.87	20.59	1678275	50419492.000
02/25/2014	20.63	21.53	19.12	19.40	2071614	64376756.000
02/26/2014	18.87	19.33	18.07	18.34	1342098	37541880.000
02/27/2014	18.35	19.00	17.68	17.77	818189	22777320.000
02/28/2014	17.77	17.81	16.88	17.59	787940	20536792.000
03/03/2014	17.34	18.39	17.34	18.23	533303	14667505.000
03/04/2014	18.27	18.35	17.74	17.94	395220	10715475.000
03/05/2014	17.99	18.22	17.89	17.89	231098	6309230.500
03/06/2014	18.13	18.91	18.13	18.73	937897	26332348.000
03/07/2014	18.95	18.97	18.07	18.50	363018	10096630.000
03/10/2014	18.37	18.37	17.23	17.30	362832	9735604.000
03/11/2014	17.39	17.45	16.63	16.92	258273	6690459.000
03/12/2014	16.77	17.52	16.77	17.04	433854	11331253.000
03/13/2014	17.03	17.60	17.03	17.57	220909	5825349.500
03/14/2014	17.25	17.81	17.25	17.69	316372	8463998.000
03/17/2014	17.85	19.10	17.85	19.03	687725	19488856.000
03/18/2014	19.03	19.20	18.87	19.14	495439	14223887.000
03/19/2014	18.96	19.99	18.96	19.29	748101	22117856.000
03/20/2014	19.30	19.57	18.40	18.40	340845	9717955.000
03/21/2014	18.43	18.43	17.07	17.92	932303	24848900.000
03/24/2014	17.60	17.83	17.10	17.21	491884	13038893.000
03/25/2014	17.21	18.00	17.19	17.33	431218	11430703.000
03/26/2014	17.47	17.93	17.31	17.83	383471	10316367.000
03/27/2014	17.93	17.93	17.47	17.49	255241	6784952.500
03/28/2014	17.25	17.43	15.87	15.91	826400	20744254.000
03/31/2014	15.93	16.52	15.91	16.23	400375	9843809.000
04/01/2014	16.42	17.19	16.21	17.01	364976	9374389.000
04/02/2014	17.19	17.32	16.13	16.27	534161	13230460.000
04/03/2014	16.27	16.54	16.26	16.51	171197	4268584.500
04/04/2014	16.73	17.23	16.12	17.13	519456	13170963.000
04/08/2014	17.01	17.23	16.91	17.13	150301	3886043.000
04/09/2014	17.33	17.47	17.07	17.31	176635	4621495.000
04/10/2014	17.49	17.49	16.97	17.28	328413	8540976.000
04/11/2014	18.19	18.19	17.39	17.80	1380321	37066132.000
04/14/2014	17.80	18.53	17.45	17.70	504804	13607107.000
04/15/2014	17.61	17.83	17.61	17.80	358701	9620398.000
04/16/2014	17.86	18.29	17.80	18.15	722906	19780684.000
04/17/2014	18.15	18.34	18.05	18.16	263838	7253243.000
04/18/2014	18.09	18.25	17.99	18.08	163568	4461146.500
04/21/2014	17.87	17.87	17.60	17.64	164615	4406447.500
04/22/2014	17.55	18.13	16.27	16.73	853072	21822630.000
04/23/2014	16.77	17.13	16.53	16.81	394651	9984085.000
04/24/2014	16.83	17.00	16.53	16.73	321392	8121072.000
04/25/2014	16.55	16.87	16.39	16.85	487472	12247318.000
04/28/2014	16.63	17.10	16.47	17.10	394323	10016453.000
04/29/2014	17.11	17.33	16.61	17.19	401221	10317589.000
04/30/2014	17.14	17.36	16.87	17.30	342993	8901385.000
05/05/2014	17.37	17.38	16.95	17.07	648922	16751881.000
05/06/2014	17.10	18.00	16.93	17.95	801504	21333894.000
05/07/2014	17.95	18.20	17.64	17.72	492559	13335490.000
05/08/2014	17.61	17.79	17.53	17.60	232696	6215349.500
05/09/2014	17.37	17.53	17.26	17.45	231845	6097699.000
05/12/2014	17.63	17.63	17.07	17.41	391964	10217540.000
05/13/2014	17.41	17.65	17.30	17.40	145695	2536388.250
05/14/2014	17.30	17.40	16.94	17.15	265802	4557871.000
05/15/2014	17.15	17.26	17.01	17.04	158706	2719519.250
05/16/2014	17.00	17.16	16.79	16.95	249072	4220680.000
05/19/2014	16.95	17.10	16.65	16.90	131065	2210149.500
05/20/2014	17.12	17.13	16.70	16.90	557859	9461610.000
05/21/2014	16.70	16.95	16.68	16.90	365717	6146497.500
05/22/2014	16.95	17.15	16.82	16.90	550402	9338063.000
05/23/2014	17.00	17.06	16.75	17.04	588956	9946473.000
05/26/2014	17.07	17.60	16.83	17.28	1199028	20641760.000
05/27/2014	17.30	17.57	17.03	17.29	401924	6971461.500
05/28/2014	17.45	17.50	17.08	17.22	535029	9213736.000
05/29/2014	17.23	17.49	17.10	17.49	639350	11103494.000
05/30/2014	17.33	17.63	17.27	17.39	338109	5896667.000
06/03/2014	17.24	17.52	17.00	17.40	859465	14848352.000
06/04/2014	17.18	17.59	17.18	17.59	423732	7380694.500
06/05/2014	17.59	18.29	17.45	18.16	993092	17895332.000
06/06/2014	18.35	18.35	17.80	18.12	593623	10719568.000
06/09/2014	18.15	19.09	17.82	18.51	1113519	20814408.000
06/10/2014	18.40	18.79	18.40	18.70	536062	9946536.000
06/11/2014	18.70	18.71	18.53	18.64	392524	7304166.000
06/12/2014	18.70	18.78	18.53	18.71	482376	9013539.000
06/13/2014	18.99	19.89	18.99	19.64	1685927	32839456.000
06/16/2014	19.80	19.85	19.00	19.39	1171847	22612888.000
06/17/2014	19.36	19.36	18.61	18.72	1054955	19884584.000
06/18/2014	18.65	18.87	18.50	18.66	431822	8072129.000
06/19/2014	18.69	19.11	18.21	18.46	660019	12350639.000
06/20/2014	18.35	18.80	18.35	18.77	394638	7352158.000
06/23/2014	18.75	19.38	18.72	19.08	522027	9982557.000
06/24/2014	19.00	19.28	18.88	19.22	314672	6017797.000
06/25/2014	19.10	19.25	18.66	18.96	272595	5145246.000
06/26/2014	18.96	19.29	18.81	19.01	330843	6323957.000
06/27/2014	19.05	19.39	18.80	19.34	631357	12046245.000
06/30/2014	19.36	20.60	19.36	20.24	1331039	26756488.000
07/01/2014	20.30	21.17	20.10	20.89	2374519	49106976.000
07/02/2014	20.82	21.10	20.60	20.88	814898	17000806.000
07/03/2014	20.66	21.00	20.45	20.78	593405	12273491.000
07/04/2014	20.79	20.80	20.23	20.58	663390	13595861.000
07/07/2014	20.60	21.08	20.22	20.37	558015	11425817.000
07/08/2014	20.21	20.40	19.63	20.00	976910	19371930.000
07/09/2014	20.00	20.34	19.82	20.28	533026	10721855.000
07/10/2014	20.28	20.40	20.10	20.22	517287	10456984.000
07/11/2014	20.31	20.38	20.00	20.29	518904	10501809.000
07/14/2014	20.42	20.87	20.08	20.77	372948	7635008.000
07/15/2014	20.84	20.97	20.50	20.70	319160	6598998.500
07/16/2014	20.54	20.71	20.48	20.54	360331	7408475.000
07/17/2014	20.54	20.69	19.81	19.99	565754	11375942.000
07/18/2014	19.89	20.49	19.35	20.46	1414263	28130676.000
07/21/2014	20.11	20.40	19.95	20.20	353280	7119213.000
07/22/2014	20.24	20.55	20.00	20.47	320138	6506736.500
07/23/2014	20.40	20.50	19.96	20.02	251441	5070472.500
07/24/2014	19.81	20.19	18.98	19.10	618890	12189573.000
07/25/2014	19.10	19.67	19.10	19.50	299182	5805283.000
07/28/2014	19.40	20.15	19.31	20.06	556961	11079414.000
07/29/2014	20.10	20.33	19.50	20.18	398490	8021357.000
07/30/2014	20.00	20.17	19.52	19.97	330316	6558801.000
07/31/2014	20.24	20.59	19.73	20.23	389846	7906376.000
08/01/2014	20.18	21.62	19.88	21.58	4060070	86164824.000
数据来源:通达信
