300079 数码视讯 日线
      日期	    开盘	    最高	    最低	    收盘	    成交量	    成交额
10/08/2010	7.58	7.70	7.51	7.65	611038	28988808.000
10/11/2010	7.71	7.71	7.58	7.63	699938	33163500.000
10/12/2010	7.64	7.77	7.62	7.64	575051	27494398.000
10/13/2010	7.64	7.75	7.61	7.72	736441	35125488.000
10/14/2010	7.72	7.78	7.65	7.65	868913	41651952.000
10/15/2010	7.55	7.66	7.48	7.51	793063	37265600.000
10/18/2010	7.85	8.16	7.73	8.08	2537046	125632544.000
10/19/2010	8.12	8.55	8.02	8.38	2157743	111839704.000
10/20/2010	8.19	8.50	8.19	8.34	1777896	92283648.000
10/21/2010	8.31	8.35	8.12	8.16	990000	50565880.000
10/22/2010	8.21	8.42	8.16	8.30	748206	38723776.000
10/25/2010	8.42	8.57	8.39	8.51	1366306	72048216.000
10/26/2010	8.49	8.55	8.34	8.38	932717	48581844.000
10/27/2010	8.33	8.45	8.24	8.24	769060	39793432.000
10/28/2010	8.22	8.45	8.19	8.38	918157	47616900.000
10/29/2010	8.37	8.64	8.37	8.57	1804310	95731896.000
11/01/2010	8.73	9.05	8.72	9.03	2397277	132100240.000
11/02/2010	9.07	9.07	8.77	8.77	1980718	108833472.000
11/03/2010	8.72	8.72	8.36	8.39	2210854	116109256.000
11/04/2010	8.40	8.54	8.35	8.53	1238341	64874232.000
11/05/2010	8.68	8.80	8.60	8.72	1139034	61275820.000
11/08/2010	8.78	9.23	8.75	9.10	2081971	116640792.000
11/09/2010	9.16	9.20	9.01	9.13	1538145	86613320.000
11/10/2010	9.20	9.64	9.19	9.42	1926363	112525024.000
11/11/2010	9.40	9.60	9.24	9.26	1715702	100316776.000
11/12/2010	9.22	9.38	8.79	8.87	2505931	140842128.000
11/15/2010	9.05	9.79	9.05	9.76	3535118	208019552.000
11/16/2010	9.75	10.00	9.39	9.50	3112997	185740224.000
11/17/2010	9.39	9.69	9.17	9.28	2262939	132500536.000
11/18/2010	9.47	9.54	9.17	9.42	1789817	103594912.000
11/19/2010	9.49	9.96	9.47	9.91	2870923	173192480.000
11/22/2010	9.97	10.27	9.72	9.85	3502306	217026096.000
11/23/2010	9.81	10.32	9.73	10.31	3222144	200962064.000
11/24/2010	10.21	10.46	10.21	10.40	2228755	142034688.000
11/25/2010	10.49	10.63	10.27	10.38	2608196	167944976.000
11/26/2010	10.37	11.06	10.34	10.90	3155538	210865344.000
11/29/2010	11.01	11.99	10.89	11.92	3739708	265354656.000
11/30/2010	11.93	11.94	11.11	11.67	4010854	284483872.000
12/01/2010	11.56	11.62	11.29	11.39	1815632	127458512.000
12/02/2010	11.56	11.64	11.06	11.26	1740720	121264376.000
12/03/2010	11.23	11.48	11.06	11.29	1499329	103712040.000
12/06/2010	11.36	11.36	10.64	10.71	2269611	152012688.000
12/07/2010	10.56	11.22	10.46	11.18	2029019	135534880.000
12/08/2010	11.09	11.53	11.09	11.24	1420818	98766808.000
12/09/2010	11.14	11.36	10.94	10.97	1187288	81199328.000
12/10/2010	10.86	11.62	10.81	11.58	2024182	141780400.000
12/13/2010	11.69	12.60	11.69	12.35	2971465	223573872.000
12/14/2010	12.35	12.54	12.19	12.36	1728542	131235880.000
12/15/2010	12.35	12.75	12.25	12.39	1634229	125174184.000
12/16/2010	12.39	13.06	12.39	12.65	2001568	156247744.000
12/17/2010	12.70	12.98	12.55	12.81	1565960	122267448.000
12/20/2010	12.87	12.94	11.91	12.27	3107522	234740896.000
12/21/2010	12.26	12.38	11.96	12.21	1717571	127994568.000
12/22/2010	12.27	12.46	12.07	12.23	1118538	84073704.000
12/23/2010	12.23	12.23	11.83	11.83	1194405	87851568.000
12/24/2010	11.69	11.80	11.23	11.33	1728305	121508144.000
12/27/2010	11.50	11.78	11.09	11.14	1572859	110553048.000
12/28/2010	11.06	11.33	11.03	11.22	1255221	86214528.000
12/29/2010	11.36	11.48	11.21	11.48	920315	64049248.000
12/30/2010	11.48	11.56	11.25	11.38	809205	56734268.000
12/31/2010	11.39	11.64	11.38	11.51	909575	64453100.000
01/04/2011	11.59	12.06	11.32	11.88	1513771	109038112.000
01/05/2011	11.89	12.02	11.69	11.69	1007098	73237864.000
01/06/2011	11.68	11.79	10.97	10.97	2187700	151224576.000
01/07/2011	10.94	11.17	10.56	10.56	1987397	132472304.000
01/10/2011	10.58	10.67	10.39	10.50	1282312	82724304.000
01/11/2011	10.52	10.54	10.14	10.29	1053776	66701268.000
01/12/2011	10.38	10.62	10.30	10.59	918637	59301012.000
01/13/2011	10.72	10.72	10.51	10.53	642647	41879376.000
01/14/2011	10.53	10.55	9.89	9.92	1145420	71188456.000
01/17/2011	9.83	10.10	9.82	9.85	908986	55645332.000
01/18/2011	9.85	9.94	9.74	9.84	537839	32679730.000
01/19/2011	9.94	10.10	9.81	10.10	777213	47797956.000
01/20/2011	10.09	10.11	9.72	9.72	955053	58454376.000
01/21/2011	9.70	9.86	9.54	9.86	870388	52191676.000
01/24/2011	9.94	9.94	9.14	9.16	1284385	74784800.000
01/25/2011	9.19	9.31	9.06	9.31	655057	37349904.000
01/26/2011	9.37	9.54	9.24	9.47	559349	32601462.000
01/27/2011	9.39	9.61	9.17	9.50	891263	51850920.000
01/28/2011	9.47	9.63	9.46	9.58	664782	39242640.000
01/31/2011	9.51	9.72	9.47	9.72	677467	40089100.000
02/01/2011	9.72	9.87	9.67	9.70	553521	33273930.000
02/09/2011	9.56	9.79	9.52	9.54	498106	29624070.000
02/10/2011	9.54	10.37	9.54	10.29	1502704	92967480.000
02/11/2011	10.27	10.36	10.17	10.30	820211	51866504.000
02/14/2011	10.34	10.56	10.23	10.42	1094990	70120872.000
02/15/2011	10.44	10.71	10.36	10.39	1063314	69004600.000
02/16/2011	10.38	10.72	10.35	10.69	887293	57611408.000
02/17/2011	10.67	10.86	10.63	10.77	882763	58321820.000
02/18/2011	10.77	10.77	10.39	10.42	978770	63425240.000
02/21/2011	10.39	10.75	10.38	10.73	730332	47881424.000
02/22/2011	10.79	10.82	10.32	10.38	1035404	67028716.000
02/23/2011	10.29	10.61	10.29	10.53	770679	49925808.000
02/24/2011	10.58	10.58	10.30	10.35	1250525	80014792.000
02/25/2011	10.31	10.37	10.08	10.23	814309	51081096.000
02/28/2011	10.22	10.22	9.94	10.16	793666	49321816.000
03/01/2011	10.16	10.27	10.14	10.17	573566	36085288.000
03/02/2011	10.07	10.17	9.90	9.95	737886	45408484.000
03/03/2011	9.99	10.04	9.56	9.58	988717	59584560.000
03/04/2011	9.59	9.81	9.58	9.79	438059	26142400.000
03/07/2011	9.78	9.94	9.77	9.86	573040	34867136.000
03/08/2011	9.89	9.94	9.81	9.93	487421	29722286.000
03/09/2011	9.93	9.96	9.81	9.90	588466	35807520.000
03/10/2011	9.99	10.60	9.98	10.34	1525034	97287104.000
03/11/2011	10.24	10.76	10.24	10.55	1521238	98873824.000
03/14/2011	10.51	10.82	10.51	10.56	945699	61863872.000
03/15/2011	10.56	10.56	10.08	10.31	1090140	68809736.000
03/16/2011	10.36	10.40	10.19	10.31	830658	52692212.000
03/17/2011	10.19	10.28	10.04	10.06	820139	51241472.000
03/18/2011	10.21	10.47	10.11	10.42	811694	51654604.000
03/21/2011	10.47	10.47	10.29	10.39	585556	37426768.000
03/22/2011	10.47	10.70	10.40	10.63	1110633	72462896.000
03/23/2011	10.64	10.67	10.44	10.64	739208	48040120.000
03/24/2011	10.68	10.69	10.44	10.46	789332	51073696.000
03/25/2011	10.46	10.61	10.30	10.60	1198018	77254224.000
03/28/2011	10.56	10.56	9.96	9.96	2152905	134623728.000
03/29/2011	9.89	9.89	9.32	9.42	1287382	75794240.000
03/30/2011	9.42	9.49	9.30	9.32	675545	39063588.000
03/31/2011	9.49	9.54	9.29	9.33	604915	35111336.000
04/01/2011	9.39	9.39	9.19	9.34	553492	31649488.000
04/06/2011	9.23	9.29	9.00	9.05	969529	54458116.000
04/07/2011	9.06	9.15	8.97	9.14	601003	33732256.000
04/08/2011	9.11	9.25	9.10	9.22	474070	26959214.000
04/11/2011	9.22	9.22	8.89	8.90	1092062	60738304.000
04/12/2011	8.89	8.96	8.85	8.88	485512	26746910.000
04/13/2011	8.88	9.09	8.81	9.07	589305	32797620.000
04/14/2011	9.05	9.05	8.93	8.94	437245	24261396.000
04/15/2011	8.93	8.98	8.83	8.89	387814	21312488.000
04/18/2011	8.87	8.92	8.58	8.61	869001	46825756.000
04/19/2011	8.56	8.64	8.49	8.52	508316	26938114.000
04/20/2011	8.53	8.79	8.53	8.74	575994	31058296.000
04/21/2011	8.78	9.18	8.78	8.99	1130379	63125304.000
04/22/2011	8.97	9.04	8.85	8.92	493587	27232354.000
04/25/2011	8.89	8.92	8.54	8.55	599083	32120498.000
04/26/2011	8.52	8.60	8.41	8.50	379279	19943362.000
04/27/2011	8.53	8.69	8.42	8.44	303186	15986043.000
04/28/2011	8.50	8.50	8.00	8.00	742493	37591788.000
04/29/2011	7.97	8.12	7.96	8.08	354870	17757846.000
05/03/2011	8.02	8.09	7.92	8.05	434218	21629228.000
05/04/2011	7.94	7.95	7.55	7.66	1123294	54410596.000
05/05/2011	7.65	7.92	7.60	7.85	585216	28432984.000
05/06/2011	7.82	8.08	7.74	8.04	712400	35388668.000
05/09/2011	8.04	8.08	7.96	8.02	471234	23493694.000
05/10/2011	7.96	8.06	7.96	8.05	269918	13460975.000
05/11/2011	8.27	8.28	8.09	8.11	545433	27648598.000
05/13/2011	7.92	8.03	7.83	8.00	506272	24870270.000
05/16/2011	8.01	8.09	7.89	8.01	377486	18805240.000
05/17/2011	7.92	8.03	7.76	7.93	392743	19316552.000
05/18/2011	7.89	8.00	7.89	7.92	271527	13390090.000
05/19/2011	7.95	8.02	7.85	7.85	319341	15774410.000
05/20/2011	7.87	7.92	7.70	7.72	379659	18327268.000
05/23/2011	7.73	7.75	7.47	7.47	495672	23289204.000
05/24/2011	7.47	7.92	7.39	7.86	1080316	51991160.000
05/25/2011	7.87	7.87	7.53	7.55	593021	28398654.000
05/26/2011	7.59	7.66	7.47	7.48	591331	27838860.000
05/27/2011	7.14	7.41	7.10	7.10	1128034	25196718.000
05/30/2011	7.10	7.31	6.97	7.10	855596	18914672.000
05/31/2011	7.08	7.25	6.99	7.19	917260	20144216.000
06/01/2011	7.22	7.29	7.18	7.23	848298	18907258.000
06/02/2011	7.15	7.15	6.89	6.97	1142786	24623740.000
06/03/2011	6.97	7.11	6.92	7.08	799000	17386194.000
06/07/2011	7.08	7.10	7.02	7.06	701134	15266498.000
06/08/2011	7.07	7.07	6.83	6.91	1270234	27028994.000
06/09/2011	6.90	6.90	6.73	6.76	1246543	26110488.000
06/10/2011	6.73	6.78	6.61	6.71	936223	19293104.000
06/13/2011	6.65	6.89	6.57	6.80	1185834	24743948.000
06/14/2011	6.83	6.86	6.73	6.79	1284011	26948114.000
06/15/2011	6.80	6.83	6.58	6.59	1144617	23613194.000
06/16/2011	6.53	6.56	6.43	6.47	967498	19407254.000
06/17/2011	6.47	6.48	6.27	6.30	875260	17331076.000
06/20/2011	6.27	6.30	6.02	6.15	1614955	30703790.000
06/21/2011	6.18	6.19	6.10	6.19	856514	16339382.000
06/22/2011	6.17	6.22	6.06	6.12	831916	15844376.000
06/23/2011	6.11	6.38	6.07	6.29	2529197	49250404.000
06/24/2011	6.28	6.57	6.28	6.48	2832525	56504512.000
06/27/2011	6.47	6.82	6.45	6.76	4814583	98832720.000
06/28/2011	6.77	6.79	6.59	6.65	2155527	44455676.000
06/29/2011	6.68	6.79	6.59	6.59	2534662	52383816.000
06/30/2011	6.57	6.69	6.56	6.63	2298031	47163728.000
07/01/2011	6.67	6.77	6.62	6.67	1718546	35584276.000
07/04/2011	6.68	6.90	6.68	6.87	2383334	50233212.000
07/05/2011	6.87	7.01	6.86	6.92	2243676	47936652.000
07/06/2011	6.88	7.09	6.84	7.08	2486476	53459120.000
07/07/2011	7.08	7.46	7.07	7.25	4799311	108211936.000
07/08/2011	7.23	7.33	7.11	7.18	2357128	52306668.000
07/11/2011	7.14	7.32	7.13	7.28	1509382	33828692.000
07/12/2011	7.18	7.18	7.01	7.03	2438745	53236228.000
07/13/2011	6.99	7.29	6.99	7.26	2049265	45153572.000
07/14/2011	7.29	7.52	7.26	7.46	3216932	73472264.000
07/15/2011	7.48	7.98	7.47	7.73	4261891	101523608.000
07/18/2011	7.84	7.95	7.58	7.65	3296215	78479768.000
07/19/2011	7.57	7.60	7.44	7.53	2094785	48483136.000
07/20/2011	7.63	7.70	7.43	7.52	1798576	41724728.000
07/21/2011	7.56	7.69	7.46	7.60	2833016	66169960.000
07/22/2011	7.71	7.80	7.54	7.69	3173865	74980488.000
07/25/2011	7.67	7.74	7.15	7.22	2911499	66794668.000
07/26/2011	7.16	7.27	7.07	7.26	1826722	40392928.000
07/27/2011	7.23	7.57	7.14	7.55	2419600	55259676.000
07/28/2011	7.42	8.09	7.39	8.00	5689087	137749520.000
07/29/2011	8.00	8.16	7.84	7.93	4629709	114436856.000
08/01/2011	7.87	8.25	7.81	8.04	3372775	83805760.000
08/02/2011	8.04	8.27	7.91	8.27	4895426	122029480.000
08/03/2011	8.20	8.96	8.14	8.72	7366751	194252928.000
08/04/2011	8.67	8.79	8.57	8.73	4108525	109719224.000
08/05/2011	8.30	8.68	8.30	8.39	3201684	83843176.000
08/08/2011	8.24	8.26	7.53	7.89	3748063	91933520.000
08/09/2011	7.50	8.26	7.47	8.14	3500550	86140536.000
08/10/2011	8.38	8.60	8.12	8.49	4403635	113230640.000
08/11/2011	8.31	8.84	8.28	8.81	4714958	125620376.000
08/12/2011	8.89	9.13	8.81	8.93	3627064	99670144.000
08/15/2011	8.91	9.02	8.77	8.83	2955873	80792768.000
08/16/2011	8.84	8.89	8.46	8.54	3291066	87037208.000
08/17/2011	8.54	8.75	8.47	8.64	2445997	65103980.000
08/18/2011	8.66	8.76	8.32	8.47	2192613	57550992.000
08/19/2011	8.14	8.48	8.14	8.28	2013168	51365364.000
08/22/2011	8.29	8.54	8.27	8.32	1349173	34737932.000
08/23/2011	8.47	8.73	8.34	8.73	3268193	85805736.000
08/24/2011	8.80	8.92	8.64	8.65	2729776	73654192.000
08/25/2011	8.65	8.77	8.34	8.53	2814196	73162016.000
08/26/2011	8.54	8.74	8.43	8.73	1767916	46794332.000
08/29/2011	8.73	8.84	8.57	8.75	2271884	61092436.000
08/30/2011	8.78	8.85	8.59	8.80	3438789	92063016.000
08/31/2011	8.70	8.74	8.15	8.24	4111363	106060056.000
09/01/2011	8.26	8.31	7.96	8.21	2427680	60707356.000
09/02/2011	8.14	8.20	7.92	8.14	1662434	41070484.000
09/05/2011	7.98	8.20	7.95	8.13	1384215	34325068.000
09/06/2011	8.02	8.14	7.99	8.04	649859	16126433.000
09/07/2011	8.13	8.36	7.96	8.33	1823081	45940592.000
09/08/2011	8.43	8.43	8.23	8.23	912650	23324774.000
09/09/2011	8.23	8.33	8.04	8.06	754072	18817300.000
09/13/2011	7.93	8.02	7.77	7.87	1206324	29186214.000
09/14/2011	7.94	8.03	7.80	8.00	840454	20513908.000
09/15/2011	8.01	8.17	7.97	8.01	970700	24106188.000
09/16/2011	8.09	8.10	7.99	7.99	302472	7459673.000
09/19/2011	7.99	7.99	7.62	7.63	730259	17458002.000
09/20/2011	7.58	7.69	7.47	7.62	791808	18504824.000
09/21/2011	7.70	7.87	7.54	7.77	688923	16429110.000
09/22/2011	7.72	7.79	7.47	7.47	1078357	25086404.000
09/23/2011	7.34	7.37	7.12	7.37	1445018	32232456.000
09/26/2011	7.23	7.41	7.13	7.30	1106740	24826520.000
09/27/2011	7.35	7.40	7.10	7.23	1165892	26025762.000
09/28/2011	7.27	7.30	7.14	7.14	943890	21070524.000
09/29/2011	7.11	7.13	6.80	6.97	1154352	24777500.000
09/30/2011	6.94	7.03	6.85	6.90	462445	9868017.000
10/11/2011	7.13	7.20	6.86	6.89	1030067	22491224.000
10/12/2011	6.96	7.35	6.80	7.32	1271164	28029576.000
10/13/2011	7.44	7.72	7.37	7.56	1739088	40416264.000
10/14/2011	7.51	7.61	7.37	7.50	1046342	23997296.000
10/17/2011	7.57	7.77	7.57	7.68	1657757	39241720.000
10/18/2011	7.52	7.69	7.44	7.44	1507951	34992284.000
10/19/2011	7.40	7.57	7.40	7.43	740734	17063710.000
10/20/2011	7.43	7.43	7.13	7.23	1228872	27343358.000
10/21/2011	7.30	7.30	7.03	7.21	795291	17552184.000
10/24/2011	7.22	7.39	7.04	7.39	634513	14197221.000
10/25/2011	7.41	7.76	7.37	7.68	1944440	45638856.000
10/26/2011	7.67	7.94	7.61	7.76	2315412	55440828.000
10/27/2011	7.80	7.96	7.71	7.90	2261152	54535728.000
10/28/2011	7.97	8.30	7.84	8.17	3188294	79362808.000
10/31/2011	8.15	8.39	8.08	8.25	1751604	44245508.000
11/01/2011	8.16	8.35	8.05	8.14	2232915	56277940.000
11/02/2011	7.95	8.45	7.95	8.34	2838026	71699680.000
11/03/2011	8.49	8.90	8.49	8.56	4594507	122987584.000
11/04/2011	8.67	8.80	8.59	8.74	2978756	79581944.000
11/07/2011	8.69	8.74	8.46	8.48	1916423	50305344.000
11/08/2011	8.49	8.59	8.30	8.37	1238711	31916154.000
11/09/2011	8.47	8.87	8.38	8.85	2987555	79391608.000
11/10/2011	8.74	9.04	8.64	8.70	4444331	121199144.000
11/11/2011	8.67	8.84	8.62	8.70	1593603	42708048.000
11/14/2011	8.76	9.09	8.76	9.02	3148937	86996152.000
11/15/2011	8.95	9.17	8.94	9.03	1617457	44891840.000
11/16/2011	9.04	9.12	8.81	8.83	1841031	50344324.000
11/17/2011	8.83	9.07	8.83	8.93	1532878	42041068.000
11/18/2011	8.81	8.90	8.50	8.50	1884460	50401868.000
11/21/2011	8.63	8.74	8.34	8.47	1660874	42891868.000
11/22/2011	8.41	8.80	8.34	8.80	1154197	30475260.000
11/23/2011	8.80	9.09	8.74	9.05	2313304	63696076.000
11/24/2011	8.99	9.31	8.92	9.13	2537307	71319808.000
11/25/2011	9.10	9.29	8.95	8.96	1243690	34686812.000
11/28/2011	9.02	9.14	8.76	9.07	1419357	38877476.000
11/29/2011	9.14	9.20	8.99	9.18	1174159	32719350.000
11/30/2011	9.17	9.20	8.57	8.87	1911796	51667252.000
12/01/2011	9.10	9.23	8.94	8.97	1883433	52629360.000
12/02/2011	8.90	8.97	8.44	8.62	1676317	44505344.000
12/05/2011	8.62	8.62	8.20	8.43	917494	23569682.000
12/06/2011	8.24	8.58	8.24	8.49	731347	18909006.000
12/07/2011	8.47	8.55	8.41	8.41	528058	13718469.000
12/08/2011	8.39	8.63	8.24	8.49	460134	11956864.000
12/09/2011	8.35	8.53	8.26	8.29	768708	19713482.000
12/12/2011	8.28	8.37	8.24	8.30	383854	9790681.000
12/13/2011	8.24	8.27	8.00	8.19	1102858	27508556.000
12/14/2011	8.09	8.23	7.97	7.97	650019	16116511.000
12/15/2011	7.96	8.02	7.68	7.97	957727	23171306.000
12/16/2011	7.90	8.13	7.74	8.12	881318	21479240.000
12/19/2011	8.10	8.40	7.78	8.36	1095730	26931950.000
12/20/2011	8.20	8.40	8.01	8.24	573875	14549231.000
12/21/2011	8.30	8.39	7.91	8.02	764470	19161384.000
12/22/2011	8.10	8.29	7.81	8.10	931014	23043700.000
12/23/2011	8.07	8.52	8.04	8.39	1994728	51542660.000
12/26/2011	8.42	8.60	8.26	8.44	976860	25383814.000
12/27/2011	8.29	8.44	8.26	8.33	681228	17419392.000
12/28/2011	8.30	8.33	7.70	8.05	2260368	54792472.000
12/29/2011	7.85	8.03	7.77	7.99	1294754	31382746.000
12/30/2011	8.07	8.07	7.88	8.04	785305	19276628.000
01/04/2012	8.11	8.16	7.88	7.96	524139	12899581.000
01/05/2012	7.95	7.95	7.42	7.48	1632338	38436684.000
01/06/2012	7.15	7.43	6.86	7.13	1650878	36270644.000
01/10/2012	7.42	7.56	7.36	7.48	2367312	54401128.000
01/11/2012	7.50	7.84	7.49	7.78	1981397	46929260.000
01/12/2012	7.76	7.98	7.65	7.82	2771054	66919180.000
01/13/2012	7.80	8.00	7.14	7.34	2294374	53905400.000
01/16/2012	7.17	7.34	6.74	6.77	1067651	22960620.000
01/17/2012	6.73	7.16	6.59	7.07	1474001	31340674.000
01/18/2012	7.07	7.07	6.35	6.35	2214589	45206044.000
01/19/2012	6.37	6.73	6.37	6.59	3031363	61907904.000
01/20/2012	6.63	6.95	6.58	6.93	1573119	33184128.000
01/30/2012	6.90	7.05	6.84	6.90	621994	13313868.000
01/31/2012	6.90	7.02	6.74	7.01	704587	14907199.000
02/01/2012	6.97	7.29	6.95	7.03	893613	19672406.000
02/02/2012	7.07	7.21	7.07	7.20	696401	15365394.000
02/03/2012	7.19	7.57	7.13	7.50	1142682	26102096.000
02/06/2012	7.50	7.74	7.32	7.50	2057397	47709500.000
02/07/2012	7.40	7.55	7.35	7.51	952252	21725606.000
02/08/2012	7.51	7.73	7.40	7.63	1270722	29636034.000
02/09/2012	7.63	7.69	7.49	7.53	1004287	23454058.000
02/10/2012	7.49	7.62	7.41	7.44	1053320	24314460.000
02/13/2012	7.40	7.56	7.32	7.53	1831444	41976672.000
02/14/2012	7.55	7.59	7.41	7.44	996655	22911278.000
02/15/2012	7.45	7.70	7.42	7.67	2025511	47205668.000
02/16/2012	7.67	7.82	7.57	7.69	1329000	31495298.000
02/17/2012	7.75	7.75	7.13	7.45	1853348	42460380.000
02/20/2012	7.56	7.74	7.38	7.45	2284614	53136964.000
02/21/2012	7.39	7.97	7.39	7.96	4047553	96609240.000
02/22/2012	8.00	8.41	8.00	8.31	6412617	162197056.000
02/23/2012	8.33	8.33	8.10	8.20	3042532	76663160.000
02/24/2012	8.20	8.42	8.17	8.21	3071400	78042336.000
02/27/2012	8.27	8.53	8.27	8.27	3668673	94494480.000
02/28/2012	8.24	8.24	8.00	8.02	2846636	70722256.000
02/29/2012	8.06	8.16	8.01	8.02	2527262	62932584.000
03/01/2012	7.97	8.10	7.95	8.02	1536381	37891496.000
03/02/2012	8.02	8.23	8.02	8.19	1457425	36520512.000
03/05/2012	8.20	8.46	8.18	8.27	1852972	47268084.000
03/06/2012	8.21	8.37	8.19	8.27	2435136	62061508.000
03/07/2012	8.19	8.27	8.07	8.10	1504151	37668540.000
03/08/2012	8.14	8.43	8.14	8.30	1867108	47588788.000
03/09/2012	8.32	8.92	8.32	8.76	5228530	139562112.000
03/12/2012	8.80	9.66	8.80	9.33	8603597	246334160.000
03/13/2012	9.34	9.56	9.22	9.45	5677819	162864896.000
03/14/2012	9.62	9.62	8.81	9.04	7053434	201225776.000
03/15/2012	9.02	9.53	8.87	9.47	5718446	161366352.000
03/16/2012	9.55	9.60	9.14	9.47	4949583	142737440.000
03/19/2012	9.39	10.07	9.28	10.01	5942538	177656288.000
03/20/2012	9.96	10.02	9.59	9.64	4198647	126426216.000
03/21/2012	9.62	9.71	9.07	9.22	3122510	89270008.000
03/22/2012	9.23	9.39	9.15	9.24	1666497	47326400.000
03/23/2012	9.17	9.45	9.04	9.07	3670718	104087736.000
03/26/2012	9.01	9.25	8.92	9.20	1595289	44852144.000
03/27/2012	9.27	9.56	9.27	9.42	3149289	91211352.000
03/28/2012	9.34	9.39	8.79	8.82	3230042	88937944.000
03/29/2012	8.80	8.90	8.37	8.57	2798174	73899264.000
03/30/2012	8.18	8.63	8.18	8.48	2492938	64914172.000
04/05/2012	8.48	8.93	8.43	8.90	1898937	50791252.000
04/06/2012	8.88	8.96	8.75	8.89	1321877	35947272.000
04/09/2012	8.79	8.80	8.44	8.51	1147224	30247204.000
04/10/2012	8.47	8.60	8.26	8.57	1385684	35758140.000
04/11/2012	8.47	8.69	8.37	8.62	1416552	37258348.000
04/12/2012	8.61	9.05	8.54	8.97	1946523	52968044.000
04/13/2012	8.86	9.16	8.86	9.05	1847763	51025956.000
04/16/2012	9.03	9.07	8.81	9.01	1233268	33873688.000
04/17/2012	8.93	9.02	8.75	8.86	1309955	35446512.000
04/18/2012	8.77	8.97	8.77	8.94	1303545	35598544.000
04/19/2012	8.97	9.00	8.86	8.90	732089	20031832.000
04/20/2012	8.90	8.90	8.50	8.71	2532153	67162664.000
04/24/2012	8.21	8.38	7.98	8.23	2754471	68957736.000
04/25/2012	8.17	8.21	8.00	8.05	1517538	37550532.000
04/26/2012	8.09	8.30	8.04	8.16	793909	19866024.000
04/27/2012	8.14	8.39	8.14	8.31	611470	15574457.000
05/02/2012	8.35	8.50	8.22	8.36	1403703	36213188.000
05/03/2012	8.37	8.42	8.24	8.34	580532	14791325.000
05/04/2012	8.34	8.67	8.30	8.67	958555	25056934.000
05/07/2012	8.67	9.00	8.67	8.97	1420786	38786072.000
05/08/2012	9.04	9.14	8.91	8.92	853998	23572830.000
05/09/2012	8.91	8.91	8.74	8.86	573331	15525768.000
05/10/2012	8.95	9.06	8.77	8.78	1004808	27401638.000
05/11/2012	8.63	8.82	8.45	8.52	2006712	34708516.000
05/14/2012	8.54	8.67	8.22	8.25	1903403	32231198.000
05/15/2012	8.25	8.38	8.16	8.37	737237	12404007.000
05/16/2012	8.37	8.51	8.27	8.28	863169	14757286.000
05/17/2012	8.36	8.46	8.23	8.42	649370	11046562.000
05/18/2012	8.29	8.41	8.22	8.23	451510	7626125.500
05/21/2012	8.31	8.32	8.17	8.31	541423	9095848.000
05/22/2012	8.32	8.47	8.28	8.35	530721	9022877.000
05/23/2012	8.35	8.57	8.32	8.50	1775713	30636732.000
05/24/2012	8.46	8.57	8.39	8.47	1438734	24684480.000
05/25/2012	8.47	8.62	8.27	8.35	562500	9696378.000
05/28/2012	8.27	8.42	8.17	8.37	1626998	27577516.000
05/29/2012	8.29	8.51	8.20	8.38	1156017	19708798.000
05/30/2012	8.37	8.47	8.36	8.40	958167	16342604.000
05/31/2012	8.34	8.96	8.34	8.75	2177800	38411088.000
06/01/2012	8.75	8.83	8.51	8.53	1471774	25719658.000
06/04/2012	8.47	8.47	8.24	8.35	2835003	48039952.000
06/05/2012	8.29	8.37	8.13	8.14	1694477	28386508.000
06/06/2012	8.18	8.25	8.02	8.07	1443027	23773908.000
06/07/2012	8.25	8.26	7.67	7.71	4253795	67912864.000
06/08/2012	7.73	7.89	7.47	7.82	2149844	33771508.000
06/11/2012	7.81	7.87	7.58	7.76	2048563	32108862.000
06/12/2012	7.70	7.71	7.32	7.47	3204889	48649432.000
06/13/2012	7.47	7.63	7.37	7.56	1934185	29769518.000
06/14/2012	7.56	7.86	7.52	7.76	1749772	27643388.000
06/15/2012	7.77	7.92	7.71	7.79	594862	9448937.000
06/18/2012	7.86	7.97	7.72	7.92	1000077	16006896.000
06/19/2012	7.86	8.18	7.78	8.07	1145347	18630076.000
06/20/2012	8.03	8.41	7.99	8.24	2063735	34671824.000
06/21/2012	8.22	8.22	8.02	8.16	1319957	21739626.000
06/25/2012	8.10	8.25	7.92	7.99	994507	16384309.000
06/26/2012	7.89	8.08	7.77	7.92	1093991	17645764.000
06/27/2012	7.97	8.15	7.68	7.92	1415424	22902084.000
06/28/2012	7.87	7.98	7.72	7.92	549643	8795336.000
06/29/2012	7.91	8.50	7.81	8.18	1051370	17423096.000
07/02/2012	8.12	8.37	8.12	8.26	910027	15270956.000
07/03/2012	8.27	8.41	8.20	8.37	1509897	25605772.000
07/04/2012	8.37	8.42	8.28	8.35	508791	8627129.000
07/05/2012	8.25	8.28	8.12	8.22	757683	12639722.000
07/06/2012	8.28	8.51	8.24	8.50	2201763	37561972.000
07/09/2012	8.47	8.68	8.38	8.50	1674048	29149030.000
07/10/2012	8.42	8.42	8.02	8.02	2555940	42239224.000
07/11/2012	7.96	8.09	7.81	8.09	1996011	32190244.000
07/12/2012	8.06	8.45	8.06	8.37	1768070	29807536.000
07/13/2012	8.29	8.36	8.18	8.30	480017	8066391.500
07/16/2012	8.31	8.31	7.79	7.95	1732165	27932280.000
07/17/2012	7.89	7.95	7.78	7.94	675354	10779389.000
07/18/2012	7.86	7.93	7.73	7.89	505495	8040760.500
07/19/2012	7.89	8.02	7.82	7.92	691285	11109275.000
07/20/2012	7.92	8.01	7.82	7.92	746950	12010089.000
07/23/2012	7.91	7.95	7.82	7.91	257729	4138694.500
07/24/2012	7.87	7.99	7.82	7.96	628346	10105629.000
07/25/2012	7.93	8.24	7.92	8.17	1463734	24232080.000
07/26/2012	8.16	8.42	8.13	8.36	1738726	29432178.000
07/27/2012	8.37	8.41	8.13	8.32	933889	15632057.000
07/30/2012	8.32	8.50	8.23	8.24	1352815	22996594.000
07/31/2012	8.16	8.33	8.09	8.16	916863	15303380.000
08/01/2012	8.16	8.58	8.16	8.47	1863923	31941766.000
08/02/2012	8.47	8.60	8.42	8.50	1231117	21228748.000
08/03/2012	8.54	8.62	8.35	8.61	1220074	21108524.000
08/06/2012	8.55	9.03	8.55	9.02	3317082	60057096.000
08/07/2012	9.02	9.25	9.00	9.03	3108263	57363332.000
08/08/2012	9.03	9.13	8.80	9.03	1698660	30885312.000
08/09/2012	9.03	9.30	9.01	9.11	2313161	42970080.000
08/10/2012	9.05	9.19	8.91	9.07	1869040	34319860.000
08/13/2012	9.07	9.11	8.80	8.84	1675157	30273136.000
08/14/2012	8.78	8.96	8.62	8.81	1680586	30025666.000
08/15/2012	8.85	8.86	8.63	8.73	1096107	19532850.000
08/16/2012	8.76	8.86	8.66	8.70	493520	8755192.000
08/17/2012	8.67	8.74	8.47	8.68	963621	16774343.000
08/20/2012	8.57	8.87	8.48	8.74	1002923	17798956.000
08/21/2012	8.74	9.10	8.72	8.95	2242139	40696580.000
08/22/2012	8.92	9.04	8.75	8.86	1455192	26321850.000
08/23/2012	8.87	9.09	8.81	9.04	1715050	31116418.000
08/24/2012	9.07	9.07	8.62	8.62	1009968	18024822.000
08/27/2012	8.70	8.77	8.29	8.35	1278716	21955082.000
08/28/2012	8.35	8.46	8.12	8.37	1434961	24243684.000
08/29/2012	8.27	8.56	8.23	8.29	896670	15220330.000
08/30/2012	8.29	8.40	8.01	8.04	1795643	29790688.000
08/31/2012	8.04	8.21	8.04	8.09	551732	9139593.000
09/03/2012	8.09	8.35	8.05	8.26	792710	13293924.000
09/04/2012	8.37	8.39	8.07	8.12	780704	13085522.000
09/05/2012	8.12	8.27	7.97	8.26	1255142	20706644.000
09/06/2012	8.26	8.36	8.22	8.36	1059896	17870838.000
09/07/2012	8.47	8.65	8.45	8.57	2193479	38289440.000
09/10/2012	8.61	8.85	8.46	8.63	2928095	51592144.000
09/11/2012	8.63	8.85	8.53	8.78	1657113	29531908.000
09/12/2012	8.92	8.95	8.46	8.68	2102630	36818648.000
09/13/2012	8.81	8.96	8.66	8.68	3683636	66091104.000
09/14/2012	8.81	8.81	8.56	8.65	1741833	30600302.000
09/17/2012	8.65	8.71	8.32	8.35	1033464	17805388.000
09/18/2012	8.43	8.56	8.29	8.46	1197468	20636276.000
09/19/2012	8.47	8.53	8.32	8.46	484716	8328092.000
09/20/2012	8.46	8.46	8.14	8.25	697560	11704642.000
09/21/2012	8.32	8.32	7.65	7.70	2810073	45324500.000
09/24/2012	7.64	7.64	7.43	7.52	2264391	34592224.000
09/25/2012	7.52	7.54	6.99	7.14	3681954	53666828.000
09/26/2012	7.09	7.25	6.89	6.95	1647923	23472902.000
09/27/2012	6.95	7.15	6.95	7.08	1498504	21544632.000
09/28/2012	7.02	7.25	7.02	7.23	1786954	26200260.000
10/08/2012	7.23	7.46	7.18	7.46	1912124	28543948.000
10/09/2012	7.41	7.80	7.41	7.73	1377601	21523872.000
10/10/2012	7.72	7.82	7.63	7.80	885666	13961142.000
10/11/2012	7.71	7.85	7.62	7.62	1128429	17695810.000
10/12/2012	7.62	7.84	7.57	7.74	935380	14626718.000
10/15/2012	7.92	7.97	7.66	7.85	1625098	25736324.000
10/16/2012	7.81	7.88	7.64	7.72	2224997	35329752.000
10/17/2012	7.82	7.82	7.64	7.74	627466	9859546.000
10/18/2012	7.81	7.95	7.77	7.89	1388444	22267808.000
10/19/2012	7.97	8.31	7.92	8.05	2588676	42490552.000
10/22/2012	8.01	8.38	7.97	8.34	3949820	66108084.000
10/23/2012	8.35	8.46	8.04	8.15	2489173	41642156.000
10/24/2012	8.11	8.17	7.98	8.06	1246543	20461930.000
10/25/2012	8.07	8.17	7.99	8.02	600165	9827751.000
10/26/2012	7.97	8.12	7.69	7.80	1590487	25247264.000
10/29/2012	7.77	7.84	7.59	7.75	626960	9910968.000
10/30/2012	7.72	7.80	7.65	7.71	913002	14299332.000
10/31/2012	7.73	7.79	7.60	7.66	766963	11964778.000
11/01/2012	7.74	7.99	7.70	7.97	1619067	25833770.000
11/02/2012	8.01	8.04	7.92	7.99	1013559	16456373.000
11/05/2012	7.98	8.14	7.78	7.83	1067987	17317380.000
11/06/2012	7.82	7.87	7.63	7.68	918386	14408187.000
11/07/2012	7.67	7.86	7.65	7.69	1317725	20813816.000
11/08/2012	7.60	7.67	7.47	7.55	862151	13270103.000
11/09/2012	7.43	7.56	7.42	7.47	349351	5328878.000
11/12/2012	7.72	7.72	7.45	7.51	952700	14637483.000
11/13/2012	7.52	7.67	7.47	7.49	1009620	15526920.000
11/14/2012	7.47	7.66	7.38	7.64	1039593	16059354.000
11/15/2012	7.65	7.72	7.49	7.54	550543	8519049.000
11/16/2012	7.59	7.59	7.43	7.50	667571	10163970.000
11/19/2012	7.46	7.56	7.37	7.51	728721	11062592.000
11/20/2012	7.56	7.56	7.36	7.40	866394	13066595.000
11/21/2012	7.46	7.64	7.32	7.53	517601	7833218.000
11/22/2012	7.56	7.56	7.38	7.46	1326859	20150830.000
11/23/2012	7.46	7.49	7.36	7.39	929129	14002134.000
11/26/2012	7.39	7.44	7.32	7.36	858919	12929150.000
11/27/2012	7.34	7.36	6.97	7.02	1091666	15864684.000
11/28/2012	7.00	7.31	6.87	7.07	877644	12495727.000
11/29/2012	7.06	7.14	6.88	6.92	420709	5973004.000
11/30/2012	6.88	7.04	6.87	7.04	368525	5225458.000
12/03/2012	6.96	7.04	6.73	6.77	726491	10120456.000
12/04/2012	6.72	6.76	6.40	6.59	1428000	18931244.000
12/05/2012	6.55	6.90	6.55	6.84	1131892	15634887.000
12/06/2012	6.83	7.09	6.79	6.96	1472143	20822994.000
12/07/2012	7.29	7.41	7.14	7.32	3639460	53968272.000
12/10/2012	7.24	7.43	7.23	7.40	1919455	28670766.000
12/11/2012	7.37	7.56	7.35	7.40	1425509	21640830.000
12/12/2012	7.37	7.47	7.32	7.47	1359860	20504388.000
12/13/2012	7.47	7.56	7.39	7.42	2039914	31034770.000
12/14/2012	7.37	7.67	7.32	7.62	2517938	38753444.000
12/17/2012	7.62	7.64	7.39	7.47	1889395	28789856.000
12/18/2012	7.46	7.51	7.33	7.35	1538212	23142174.000
12/19/2012	7.35	7.47	7.34	7.44	1720546	25917458.000
12/20/2012	7.49	7.49	7.32	7.44	1499490	22690348.000
12/21/2012	7.43	7.64	7.41	7.60	2308912	35467116.000
12/24/2012	7.63	7.99	7.55	7.92	3447116	55205592.000
12/25/2012	7.94	8.02	7.82	7.98	2150314	34638312.000
12/26/2012	7.98	8.04	7.87	8.00	2089755	33838648.000
12/27/2012	8.12	8.36	8.00	8.00	3847717	63751732.000
12/28/2012	7.98	8.18	7.87	8.02	3409471	55481444.000
12/31/2012	8.04	8.10	7.96	8.10	1945773	31805100.000
01/04/2013	8.19	8.37	8.13	8.27	3491224	58569776.000
01/07/2013	8.24	8.36	8.16	8.31	2727189	45874928.000
01/08/2013	8.24	8.40	8.17	8.29	3285276	55264052.000
01/09/2013	8.25	8.34	8.17	8.27	2467903	41339912.000
01/10/2013	8.26	8.35	8.14	8.20	3203182	53625672.000
01/11/2013	8.20	8.42	8.15	8.19	3008761	50623568.000
01/14/2013	8.87	8.87	8.51	8.71	10189339	179337696.000
01/15/2013	8.76	9.15	8.68	8.97	9299268	169054048.000
01/16/2013	8.96	9.05	8.69	8.79	4384185	78594616.000
01/17/2013	8.85	9.15	8.73	8.90	4443810	80796264.000
01/18/2013	9.05	9.12	8.87	9.11	5641648	103124688.000
01/21/2013	9.03	9.11	8.83	8.96	4061773	73766120.000
01/22/2013	9.02	9.14	8.75	8.78	4500901	81694776.000
01/23/2013	8.73	8.85	8.50	8.66	3900663	68638736.000
01/24/2013	8.70	8.70	8.15	8.17	5658128	96851320.000
01/25/2013	8.21	8.37	8.17	8.25	2863514	48003892.000
01/28/2013	8.27	8.42	8.19	8.41	4040009	68264960.000
01/29/2013	8.45	8.47	8.22	8.27	4306381	72962456.000
01/30/2013	8.36	8.36	8.07	8.12	4124958	68533952.000
01/31/2013	8.15	8.31	8.09	8.22	3385641	56369140.000
02/01/2013	8.22	8.41	8.19	8.26	2671793	44973536.000
02/04/2013	8.27	8.32	7.94	7.97	6693104	109633624.000
02/05/2013	7.96	8.09	7.90	8.06	2551115	41500408.000
02/06/2013	8.09	8.31	8.03	8.29	4233484	70612392.000
02/07/2013	8.27	8.39	8.24	8.31	2329113	39265188.000
02/08/2013	8.36	8.60	8.32	8.53	5398182	92999352.000
02/18/2013	8.54	8.60	8.38	8.53	3382203	58302320.000
02/19/2013	8.52	8.52	8.32	8.34	3987960	67861192.000
02/20/2013	8.39	8.67	8.32	8.63	5125414	88509552.000
02/21/2013	8.56	8.60	8.37	8.39	3597760	61887620.000
02/22/2013	8.38	8.57	8.36	8.42	2727663	46785452.000
02/25/2013	8.43	8.65	8.41	8.58	2909702	50473508.000
02/26/2013	8.58	8.75	8.42	8.44	4039496	70798896.000
02/27/2013	8.47	8.52	8.02	8.05	5980424	99443744.000
02/28/2013	8.08	8.28	8.07	8.24	2568505	42791716.000
03/01/2013	8.27	8.70	8.26	8.62	6101529	105948560.000
03/04/2013	8.60	8.72	8.12	8.46	5816509	100318016.000
03/05/2013	8.42	8.81	8.42	8.81	6198286	109118288.000
03/06/2013	8.76	9.11	8.72	8.95	8843703	160562816.000
03/07/2013	8.94	8.99	8.49	8.54	6631437	117364656.000
03/08/2013	8.55	8.61	8.14	8.23	6370720	107558496.000
03/11/2013	8.16	8.23	7.95	8.02	8171590	133295392.000
03/12/2013	8.04	8.10	7.56	7.63	8443279	133499856.000
03/13/2013	7.57	7.72	7.57	7.68	2393213	37288444.000
03/14/2013	7.71	7.74	7.47	7.50	3394236	52456412.000
03/15/2013	7.56	7.96	7.43	7.73	6730758	104784520.000
03/18/2013	7.77	7.79	7.49	7.50	3963666	61360360.000
03/19/2013	7.50	7.62	7.15	7.42	4196227	63007812.000
03/20/2013	7.44	7.70	7.37	7.67	3275241	50543448.000
03/21/2013	7.67	8.01	7.67	7.92	6036908	96813856.000
03/22/2013	7.93	8.12	7.93	8.07	4400675	71826592.000
03/25/2013	8.04	8.05	7.86	7.92	2681351	43241092.000
03/26/2013	7.93	8.22	7.87	8.22	5345657	87799920.000
03/27/2013	8.22	8.30	8.14	8.25	2664995	44410652.000
03/28/2013	8.20	8.24	7.97	8.07	2933129	48412516.000
03/29/2013	8.15	8.41	8.09	8.37	6334444	106710008.000
04/01/2013	8.28	8.49	8.27	8.31	3526856	59895164.000
04/02/2013	8.37	8.45	7.87	7.94	4917745	81334080.000
04/03/2013	7.97	8.07	7.82	8.01	2002353	32313124.000
04/08/2013	7.82	8.24	7.77	8.09	4278826	69744608.000
04/09/2013	8.08	8.14	7.87	7.92	5256670	85130456.000
04/10/2013	7.95	7.95	7.67	7.80	3954826	62403536.000
04/11/2013	8.01	8.59	8.01	8.28	11618886	195737888.000
04/12/2013	8.30	8.46	8.14	8.21	5623395	94787296.000
04/15/2013	8.17	8.22	7.89	7.90	3426296	55715828.000
04/16/2013	7.81	8.08	7.77	8.07	2306759	37409252.000
04/17/2013	8.04	8.21	7.99	8.20	2539742	42018916.000
04/18/2013	8.11	8.11	7.91	7.99	3717368	60555152.000
04/19/2013	8.09	8.56	8.03	8.38	7633463	129837584.000
04/22/2013	8.32	8.70	8.29	8.58	7003999	121711104.000
04/23/2013	8.57	8.75	8.23	8.25	7201448	124011032.000
04/24/2013	8.41	8.95	8.41	8.82	11412283	202557424.000
04/25/2013	8.72	9.56	8.70	9.18	18976291	352999040.000
04/26/2013	9.10	9.29	8.88	8.98	8631307	158489664.000
05/02/2013	8.98	9.47	8.93	9.36	6800218	127686456.000
05/03/2013	9.36	9.71	9.20	9.57	8508231	163522864.000
05/06/2013	9.36	9.95	9.29	9.71	10943674	215200624.000
05/07/2013	9.71	9.82	9.30	9.33	9194005	177101280.000
05/08/2013	9.28	9.56	9.06	9.52	17814032	335614112.000
05/09/2013	9.47	9.71	9.34	9.48	14114297	271917504.000
05/10/2013	9.52	10.04	9.48	9.82	19158893	381371168.000
05/13/2013	10.05	10.15	9.52	9.57	13408388	262164400.000
05/14/2013	9.58	9.77	9.38	9.65	6910651	134237184.000
05/15/2013	9.66	10.62	9.66	10.40	19915608	411064768.000
05/16/2013	10.32	10.76	10.26	10.62	22318000	477099936.000
05/17/2013	10.63	10.96	10.41	10.73	9175696	198229040.000
05/20/2013	10.88	11.60	10.88	11.46	15823271	362984480.000
05/21/2013	11.38	11.71	11.27	11.36	12292881	283879232.000
05/22/2013	11.28	11.40	10.78	10.83	9960492	222382464.000
05/23/2013	10.91	11.37	10.73	10.98	9116373	203551184.000
05/24/2013	10.98	11.68	10.88	11.62	11877518	273942112.000
05/27/2013	11.85	12.00	11.14	11.33	13538651	313598816.000
05/28/2013	11.28	11.28	10.37	10.83	10413187	230765168.000
05/29/2013	10.87	11.14	10.83	11.13	6975012	155030656.000
05/30/2013	11.13	11.32	10.95	11.23	5911543	133559344.000
05/31/2013	11.13	11.18	10.73	10.78	8294022	182730672.000
06/03/2013	10.86	11.01	10.59	10.85	6174587	134978448.000
06/04/2013	10.68	10.88	10.01	10.40	11715400	246129680.000
06/05/2013	10.33	10.62	10.07	10.29	6681740	139142944.000
06/06/2013	10.17	10.38	9.83	9.87	8106645	164013296.000
06/07/2013	9.86	10.07	9.60	9.80	7820502	155341424.000
06/13/2013	9.66	9.98	9.48	9.98	6841300	135025744.000
06/14/2013	9.99	10.53	9.91	10.36	8214611	170781392.000
06/17/2013	10.57	10.95	10.43	10.57	12611340	272838208.000
06/18/2013	10.52	10.68	10.23	10.57	6142517	129994992.000
06/19/2013	10.51	10.81	10.46	10.78	7065293	152354528.000
06/20/2013	10.98	11.37	10.79	10.88	15387052	345045760.000
06/21/2013	10.52	10.71	9.96	10.57	9663433	202201584.000
06/24/2013	10.50	10.50	9.77	9.78	6728166	137714336.000
06/25/2013	9.83	10.05	9.01	9.79	10051075	192665200.000
06/26/2013	10.01	10.67	9.88	10.64	12395469	254864784.000
06/27/2013	10.98	11.45	10.47	10.65	19795949	435070944.000
06/28/2013	10.47	11.03	10.27	10.45	8940076	191169728.000
07/01/2013	10.30	11.10	10.30	11.10	9171878	199085120.000
07/02/2013	11.13	11.68	10.98	11.51	13655531	311842240.000
07/03/2013	11.45	11.75	11.18	11.54	9916428	229206432.000
07/04/2013	11.46	11.56	10.87	10.95	12218316	273062560.000
07/05/2013	11.03	11.14	10.57	10.57	7777658	169353024.000
07/08/2013	10.37	10.37	9.92	9.99	9907425	201338912.000
07/09/2013	9.95	10.10	9.42	9.58	14738760	286558144.000
07/10/2013	9.51	10.00	9.51	9.98	10412369	205171632.000
07/11/2013	9.88	10.17	9.66	9.99	12150589	240920976.000
07/12/2013	10.00	10.40	9.93	10.06	12500882	255363088.000
07/15/2013	10.17	10.80	10.17	10.71	18327563	389361568.000
07/16/2013	10.80	11.03	10.37	10.89	15226112	327482720.000
07/17/2013	10.82	11.38	10.74	11.04	17342701	385790048.000
07/18/2013	11.40	11.58	11.10	11.35	20091551	457253632.000
07/19/2013	11.37	11.59	10.80	10.84	18660615	423817504.000
07/22/2013	11.18	11.93	11.01	11.93	8429677	197035088.000
07/23/2013	13.13	13.13	12.76	12.85	48146634	1260613760.000
07/24/2013	13.03	13.92	12.85	13.42	37607047	1003438976.000
07/25/2013	13.17	13.32	12.38	12.59	22574627	584844928.000
07/26/2013	12.92	13.32	12.38	13.03	16160606	419366848.000
07/29/2013	12.88	13.97	12.61	13.01	15550506	416455392.000
07/30/2013	13.04	13.68	12.26	13.57	15713225	409629888.000
07/31/2013	13.97	14.07	13.20	13.48	12757646	345374304.000
08/01/2013	13.38	14.39	13.33	14.27	13308966	371968000.000
08/02/2013	14.38	14.53	13.70	13.80	11861741	336056544.000
08/05/2013	13.63	14.38	13.59	13.81	8325942	231652048.000
08/06/2013	13.81	14.22	13.29	13.33	10949521	299286144.000
08/07/2013	13.28	13.29	12.83	13.23	9058082	236835792.000
08/08/2013	13.42	13.88	13.31	13.83	10243565	280615968.000
08/09/2013	14.01	14.10	12.90	13.37	10449457	281295104.000
08/14/2013	14.23	14.71	13.98	14.71	21078347	614481216.000
08/15/2013	14.58	14.91	14.34	14.58	11092698	324397024.000
08/16/2013	14.43	15.05	13.31	13.51	16554151	472275520.000
08/19/2013	13.83	14.78	13.83	14.38	9306583	267449216.000
08/20/2013	14.28	14.62	13.88	14.62	8433466	242340880.000
08/21/2013	14.45	15.31	14.43	14.56	10137068	302493120.000
08/22/2013	14.67	14.88	14.36	14.49	4962138	144926896.000
08/23/2013	14.62	15.08	14.24	14.82	7306541	215585472.000
08/26/2013	14.93	15.72	14.78	15.61	8274786	254505680.000
08/27/2013	15.54	15.63	14.98	15.48	6183062	189965696.000
08/28/2013	15.51	15.77	15.13	15.14	7644886	235119536.000
08/29/2013	15.02	15.22	14.50	14.77	5777057	171256432.000
08/30/2013	14.73	14.92	13.81	13.88	8691359	247349808.000
09/02/2013	13.57	14.26	13.56	13.98	5005622	139607744.000
09/03/2013	13.88	14.19	13.68	14.05	5377303	149961856.000
09/04/2013	13.98	14.03	13.42	13.58	8847370	240881296.000
09/05/2013	13.29	14.17	13.28	13.92	6726621	185410400.000
09/06/2013	13.81	14.73	13.66	14.70	9681900	277060032.000
09/09/2013	14.59	14.59	13.48	13.98	8011214	224960464.000
09/10/2013	13.88	13.98	13.47	13.56	4771417	129960664.000
09/11/2013	13.43	13.48	12.59	12.89	7806821	202034384.000
09/12/2013	12.89	13.17	12.36	12.48	7683143	194868512.000
09/13/2013	12.53	12.86	12.48	12.76	4965114	126031600.000
09/16/2013	12.82	13.52	12.73	13.08	9845418	260450256.000
09/17/2013	13.26	13.38	12.88	13.07	4000383	105141824.000
09/18/2013	13.01	13.74	13.00	13.58	6992006	187897088.000
09/23/2013	13.66	14.13	13.63	13.97	6141867	171249232.000
09/24/2013	13.98	14.09	13.44	13.45	8230605	224686320.000
09/25/2013	13.44	13.86	13.35	13.47	5472395	149109280.000
09/26/2013	13.42	13.62	12.82	12.88	5956303	156992384.000
09/27/2013	12.88	13.04	11.98	12.61	10681513	266896752.000
09/30/2013	12.55	13.37	12.38	13.27	7668298	199241440.000
10/08/2013	13.33	13.67	13.03	13.36	5993911	159907728.000
10/09/2013	13.40	14.27	13.39	13.91	12607601	352650400.000
10/10/2013	13.99	14.03	13.03	13.07	9618328	259257008.000
10/11/2013	13.18	13.23	12.69	12.83	6784353	175357584.000
10/14/2013	12.83	12.91	12.31	12.71	9506332	240308560.000
10/15/2013	12.68	12.76	12.12	12.13	12151030	301458304.000
10/16/2013	12.18	12.18	11.49	11.98	10036119	236726624.000
10/17/2013	11.88	12.25	11.58	11.71	5387151	128728232.000
10/18/2013	11.98	12.41	11.85	12.37	8604503	209588384.000
10/21/2013	12.27	12.56	12.23	12.44	7113556	177191056.000
10/22/2013	12.44	12.68	11.75	11.75	7708758	188181104.000
10/23/2013	11.83	11.86	10.93	11.18	11641041	262673504.000
10/24/2013	11.13	11.30	10.95	11.14	4707835	104824456.000
10/25/2013	11.28	11.35	10.60	10.82	6654742	145849456.000
10/28/2013	10.83	10.96	10.67	10.87	3892964	84417864.000
10/29/2013	10.95	10.95	9.78	10.18	11582293	236635872.000
10/30/2013	10.20	10.26	9.92	10.25	6646655	134643696.000
10/31/2013	10.12	10.20	9.70	9.77	6971060	138110928.000
11/01/2013	9.73	10.10	9.67	10.07	7610577	151406976.000
11/04/2013	9.98	10.16	9.91	9.98	3819136	76646168.000
11/05/2013	9.97	10.42	9.81	10.35	6106391	124874816.000
11/06/2013	10.30	10.42	9.96	9.96	5710425	117167296.000
11/07/2013	9.92	9.97	9.56	9.57	7947100	155344352.000
11/08/2013	9.52	9.63	9.37	9.47	4546167	86670208.000
11/11/2013	9.50	9.74	9.28	9.59	3352176	64296204.000
11/12/2013	9.70	10.01	9.68	10.00	5173898	102668936.000
11/13/2013	9.97	10.21	9.87	9.91	5138966	103743832.000
11/14/2013	9.85	10.70	9.83	10.54	8791602	183483136.000
11/15/2013	10.67	11.15	10.60	10.86	10000066	218992640.000
11/18/2013	10.99	11.06	10.67	10.93	6429166	139875264.000
11/19/2013	10.95	11.13	10.83	10.99	5470531	120796328.000
11/20/2013	11.03	11.03	10.67	10.84	6789333	146865568.000
11/21/2013	10.83	10.97	10.67	10.80	4748414	102905624.000
11/22/2013	10.81	10.87	10.51	10.59	4900873	104803784.000
11/25/2013	10.56	10.72	10.42	10.46	4923975	104615424.000
11/26/2013	10.37	11.02	10.37	10.86	8148333	176145824.000
11/27/2013	10.86	11.20	10.81	11.12	8888058	197773056.000
11/28/2013	11.10	11.21	10.93	11.06	6716653	149093520.000
11/29/2013	11.06	11.37	11.00	11.27	9415040	211193088.000
12/02/2013	10.60	10.80	10.13	10.13	11289555	235332320.000
12/03/2013	9.78	10.04	9.42	9.93	9632404	188161600.000
12/04/2013	9.88	10.27	9.83	10.13	7074938	143865872.000
12/05/2013	10.16	10.16	9.66	9.68	5758305	114275360.000
12/06/2013	9.62	9.80	9.56	9.70	4359674	84593896.000
12/09/2013	9.72	9.90	9.62	9.81	3505438	68867496.000
12/10/2013	9.86	9.86	9.41	9.50	6591686	126761456.000
12/11/2013	9.50	9.71	9.48	9.57	3780035	72726160.000
12/12/2013	9.61	10.03	9.53	9.97	6974223	138172848.000
12/13/2013	9.92	9.97	9.72	9.77	5858215	115166024.000
12/16/2013	9.75	9.97	9.62	9.85	5730647	113112856.000
12/17/2013	9.82	9.86	9.61	9.73	3452842	67530160.000
12/18/2013	9.70	9.91	9.60	9.81	2747058	53886456.000
12/19/2013	9.85	10.05	9.82	9.95	5177263	103064464.000
12/20/2013	9.92	9.95	9.68	9.69	4692554	92287864.000
12/23/2013	9.65	9.70	9.25	9.34	5463512	103023872.000
12/24/2013	9.34	9.56	9.29	9.38	3935573	74445992.000
12/25/2013	9.41	9.75	9.33	9.71	6385246	122830312.000
12/26/2013	9.92	10.46	9.92	9.96	13706915	279294624.000
12/27/2013	9.82	10.18	9.78	10.15	7814254	157706064.000
12/30/2013	9.87	10.05	9.63	10.02	12826429	253976160.000
12/31/2013	9.92	10.11	9.79	9.87	7036454	139441216.000
01/02/2014	9.86	10.43	9.80	10.39	11151948	229153632.000
01/03/2014	10.32	10.69	10.32	10.53	10577560	223174784.000
01/06/2014	10.77	10.89	10.28	10.36	12702310	268818400.000
01/07/2014	10.25	10.90	10.24	10.89	11648228	248374096.000
01/08/2014	11.03	11.31	10.92	11.06	16315360	363879200.000
01/09/2014	10.98	11.41	10.89	10.90	12525641	281272448.000
01/10/2014	10.83	11.12	10.53	10.59	7633573	165659232.000
01/13/2014	10.67	10.79	10.32	10.66	6333458	134388736.000
01/14/2014	11.13	11.47	10.98	11.32	16895419	380687296.000
01/15/2014	11.33	11.47	11.16	11.28	9624604	217518000.000
01/16/2014	11.32	11.69	11.32	11.32	12458112	286663104.000
01/17/2014	11.35	11.67	11.28	11.38	9692029	222610208.000
01/20/2014	11.37	11.56	11.10	11.25	8593437	195488688.000
01/21/2014	11.24	11.78	11.24	11.76	12715573	295940352.000
01/22/2014	12.33	12.91	12.19	12.46	23692173	593563264.000
01/23/2014	12.33	13.11	12.29	12.86	19116191	490933760.000
01/24/2014	12.73	12.98	12.62	12.83	13040132	334281440.000
01/27/2014	12.73	13.10	12.60	12.85	15956073	411902688.000
01/28/2014	12.93	13.28	12.71	12.93	11587159	301003392.000
01/29/2014	12.88	13.21	12.64	13.04	14724603	380283008.000
01/30/2014	12.95	13.13	12.58	12.69	10954700	282308960.000
02/07/2014	12.77	13.46	12.70	13.44	12823580	337772480.000
02/10/2014	13.53	13.58	13.18	13.48	11806987	316452960.000
02/11/2014	13.42	13.42	12.57	12.58	18472256	479221984.000
02/12/2014	12.60	12.88	12.19	12.48	18069960	452961472.000
02/13/2014	12.41	12.61	12.19	12.20	10940436	271631232.000
02/14/2014	12.28	12.56	12.28	12.53	9698106	241642704.000
02/17/2014	12.66	12.81	12.43	12.75	11198862	283735456.000
02/18/2014	12.80	13.12	12.68	12.73	12765687	330396800.000
02/19/2014	12.75	12.79	12.29	12.37	9806199	244962960.000
02/20/2014	12.33	12.46	11.93	12.11	6813536	166301296.000
02/21/2014	12.03	12.37	12.02	12.32	5891746	144392496.000
02/24/2014	12.28	12.28	11.93	12.14	6162077	149346848.000
02/25/2014	12.31	12.74	11.37	11.49	15737606	385176576.000
02/26/2014	11.23	11.61	11.13	11.51	8904066	202776688.000
02/27/2014	11.50	11.66	10.99	11.04	10559715	240751248.000
02/28/2014	10.99	11.16	10.61	11.00	8251917	180233616.000
03/03/2014	11.01	11.14	10.72	11.13	8599388	189170592.000
03/04/2014	11.05	11.12	10.70	10.87	7427624	162356416.000
03/05/2014	10.91	11.31	10.80	11.23	10775321	238946992.000
03/06/2014	11.18	11.45	10.87	11.33	8588647	192379296.000
03/07/2014	11.27	11.63	11.13	11.22	7049053	160643200.000
03/10/2014	11.16	11.16	10.33	10.40	7583484	163279392.000
03/11/2014	10.37	10.51	10.14	10.39	4644938	96399592.000
03/12/2014	10.40	10.57	10.17	10.35	4052037	84456448.000
03/13/2014	10.46	10.52	10.34	10.50	4393350	91847080.000
03/14/2014	10.42	10.55	10.27	10.34	4220500	88062808.000
03/17/2014	10.35	10.83	10.35	10.82	6258191	133339560.000
03/18/2014	10.83	11.04	10.80	10.84	5373044	117301304.000
03/19/2014	10.87	11.07	10.77	10.98	5610380	122965232.000
03/20/2014	10.98	11.00	10.22	10.27	7300305	156579632.000
03/21/2014	10.41	10.97	10.37	10.88	7868534	168921792.000
03/24/2014	10.82	11.21	10.80	10.88	5945571	131381520.000
03/25/2014	10.98	11.25	10.91	11.03	6279956	139654560.000
03/26/2014	11.03	11.60	11.03	11.41	8619498	195850624.000
03/27/2014	11.38	11.38	10.86	10.86	8713030	193670688.000
03/28/2014	10.80	11.02	10.53	10.94	6533247	141226352.000
03/31/2014	10.89	11.12	10.74	10.85	4414461	97050120.000
04/01/2014	10.82	11.28	10.75	11.26	6231092	138139408.000
04/02/2014	11.20	11.32	11.03	11.30	6128326	137230672.000
04/09/2014	12.33	12.33	11.78	12.00	15921866	382403840.000
04/10/2014	11.92	12.18	11.66	11.70	11182350	266988800.000
04/11/2014	11.58	11.76	11.40	11.66	6796290	157666080.000
04/14/2014	11.63	11.78	11.58	11.65	3868020	90577616.000
04/15/2014	11.83	12.05	11.68	11.68	6260942	148942848.000
04/16/2014	11.75	11.75	11.50	11.63	4127051	95938520.000
04/17/2014	11.63	11.88	11.58	11.80	4385479	103435056.000
04/18/2014	11.76	11.85	11.65	11.85	3162456	74586504.000
04/21/2014	11.63	11.75	11.17	11.17	8760702	201026560.000
04/22/2014	11.18	11.29	10.78	11.00	5139046	113594416.000
04/23/2014	10.99	11.04	10.74	10.86	3707733	80696960.000
04/24/2014	10.81	10.90	10.55	10.77	3257882	70120496.000
04/25/2014	10.70	10.87	10.42	10.61	2887947	61694684.000
04/28/2014	10.42	10.55	9.57	9.62	10569996	209834528.000
04/29/2014	9.65	9.77	9.59	9.76	4005069	77916048.000
04/30/2014	9.76	10.06	9.73	10.05	4996164	99803520.000
05/05/2014	10.01	10.20	9.93	10.16	3156338	63861400.000
05/06/2014	10.30	10.45	10.19	10.23	4115569	84984952.000
05/07/2014	10.14	10.14	9.93	9.95	3513924	70620312.000
05/08/2014	9.88	10.10	9.83	9.97	3090999	61876032.000
05/09/2014	9.97	10.01	9.58	9.77	4191311	81710488.000
05/12/2014	9.85	10.05	9.76	10.01	3723885	74135224.000
05/13/2014	10.11	10.24	10.02	10.06	3519015	71321336.000
05/14/2014	10.02	10.14	9.93	10.12	2974542	59899284.000
05/15/2014	10.19	10.27	9.97	9.97	4190331	85362688.000
05/16/2014	9.97	10.05	9.67	9.80	3332387	65742440.000
05/19/2014	9.82	9.90	9.73	9.86	2393114	47168500.000
05/20/2014	10.00	10.19	9.94	10.00	4440616	89526032.000
05/21/2014	10.00	10.12	9.87	10.05	7623959	76180072.000
05/22/2014	10.08	10.23	10.01	10.01	8913709	90323216.000
05/23/2014	9.99	10.02	9.64	10.02	14093129	138493264.000
05/26/2014	10.10	10.45	10.05	10.39	16472178	169578048.000
05/27/2014	10.37	10.54	10.31	10.40	10326073	107650072.000
05/28/2014	10.45	11.18	10.34	10.97	23654166	255577584.000
05/29/2014	10.91	11.08	10.76	10.83	13244368	144408784.000
05/30/2014	10.76	10.94	10.68	10.84	10462565	113167264.000
06/03/2014	10.89	10.99	10.43	10.48	13190489	140784528.000
06/04/2014	10.55	10.69	10.33	10.65	11106118	116879560.000
06/05/2014	10.63	11.03	10.58	10.99	14457302	156706960.000
06/06/2014	10.91	11.07	10.74	10.86	11394608	124199272.000
06/09/2014	10.86	10.95	10.62	10.62	8694546	93644784.000
06/10/2014	10.88	11.15	10.79	11.13	20729363	227619536.000
06/11/2014	11.00	11.39	10.96	11.19	20819613	232882224.000
06/12/2014	11.18	11.27	11.01	11.06	11994147	133361632.000
06/13/2014	11.08	11.29	10.93	11.15	11833187	131685512.000
06/16/2014	11.17	11.32	11.12	11.17	10998254	123467008.000
06/17/2014	11.26	11.44	11.08	11.10	14419010	162552432.000
06/18/2014	11.12	11.16	10.67	10.67	14946354	162277040.000
06/19/2014	10.67	10.77	9.98	10.12	13958601	144801360.000
06/20/2014	10.15	10.44	10.10	10.30	8438446	86450704.000
06/23/2014	10.33	10.55	10.28	10.50	10103879	105463168.000
06/24/2014	10.48	10.56	10.27	10.43	9760306	101654784.000
06/25/2014	10.37	10.44	10.00	10.18	10787950	109538480.000
06/26/2014	10.19	10.71	10.18	10.65	14931758	156981152.000
06/27/2014	10.64	10.71	10.52	10.67	11013962	116945008.000
06/30/2014	10.80	10.90	10.55	10.90	10500285	112849352.000
07/01/2014	10.85	10.95	10.75	10.85	8177570	88593632.000
07/02/2014	10.89	10.97	10.72	10.83	11856945	128526544.000
07/03/2014	10.78	11.05	10.73	10.97	15756302	171937344.000
07/04/2014	10.91	11.00	10.73	10.82	12696273	137578608.000
07/07/2014	10.82	11.05	10.78	11.04	14460416	157702288.000
07/08/2014	11.09	11.59	10.92	11.49	29323257	331217088.000
07/09/2014	11.55	11.80	11.31	11.31	29942551	345233824.000
07/10/2014	11.34	11.83	11.34	11.64	25889142	300794976.000
07/11/2014	11.59	12.05	11.59	11.78	26498508	313981216.000
07/14/2014	11.86	12.05	11.73	11.86	21976160	261993408.000
07/15/2014	11.82	11.96	11.35	11.51	21704741	251213920.000
07/16/2014	11.54	11.75	11.29	11.59	16914932	195568224.000
07/17/2014	11.60	11.90	11.46	11.90	22378514	262789344.000
07/18/2014	11.91	12.04	11.26	11.49	29758493	345414688.000
07/21/2014	11.62	11.87	11.50	11.69	18679602	217933872.000
07/22/2014	11.88	12.25	11.76	12.14	26709768	321676768.000
07/23/2014	12.15	12.15	11.55	11.72	20913642	247623472.000
07/24/2014	11.66	11.74	11.21	11.43	16916933	193040144.000
07/25/2014	11.45	11.62	11.25	11.42	12302000	140729616.000
07/28/2014	11.53	11.97	11.48	11.82	18353516	215498896.000
07/29/2014	11.80	12.17	11.76	11.90	20776865	248687104.000
07/30/2014	11.89	12.18	11.73	12.09	22130241	265420528.000
07/31/2014	11.99	12.18	11.88	12.05	21189632	254703328.000
08/01/2014	11.98	12.14	11.80	11.81	15938221	191089488.000
08/04/2014	11.90	12.15	11.90	12.05	17035906	204932848.000
08/05/2014	12.08	13.26	11.89	12.96	77127340	997982016.000
08/06/2014	12.78	13.14	12.65	12.80	41553039	533116480.000
08/07/2014	12.79	12.95	12.66	12.85	27023792	346503616.000
08/08/2014	12.83	13.24	12.80	12.97	29807652	389718464.000
08/11/2014	13.02	13.15	12.87	12.96	19815695	256839104.000
08/12/2014	13.04	13.04	12.75	12.82	20938150	269750080.000
08/13/2014	12.82	12.99	12.68	12.98	18029697	231282784.000
08/14/2014	12.96	13.08	12.73	12.77	18122977	234591376.000
08/15/2014	12.75	12.94	12.66	12.91	13762125	176427072.000
08/18/2014	13.05	13.31	12.88	13.22	27122177	355619776.000
08/19/2014	13.26	13.56	13.03	13.14	29519869	392885920.000
08/20/2014	13.20	13.42	13.10	13.30	20843276	276191104.000
08/21/2014	13.26	13.60	13.23	13.48	24130100	323639552.000
08/22/2014	13.64	13.64	13.20	13.30	21315122	284724800.000
08/25/2014	13.28	13.28	12.88	12.91	21934338	285348544.000
08/26/2014	12.89	12.98	12.46	12.55	18961147	241294928.000
08/27/2014	12.77	12.88	12.66	12.76	12843652	163921232.000
08/28/2014	12.78	12.97	12.67	12.84	12226301	157067200.000
08/29/2014	12.79	12.93	12.71	12.91	9292472	119319024.000
09/01/2014	12.97	13.30	12.87	13.25	17854427	235005872.000
09/02/2014	13.28	13.37	13.20	13.28	16861767	223638416.000
09/03/2014	13.29	13.43	13.14	13.28	19899892	264245360.000
09/04/2014	13.30	13.45	13.22	13.39	20812824	277969184.000
09/05/2014	13.39	13.44	13.08	13.31	21356451	282737216.000
09/09/2014	13.34	13.44	13.18	13.41	19789823	263818656.000
09/10/2014	13.55	13.95	13.41	13.60	28982329	397205440.000
09/11/2014	13.66	13.70	13.17	13.24	33488650	450200224.000
09/12/2014	13.20	13.34	13.07	13.33	20513949	270889024.000
09/15/2014	13.33	13.66	13.25	13.62	25408458	343859968.000
09/16/2014	13.64	13.96	13.25	13.28	42544955	581693440.000
09/17/2014	13.28	13.33	12.64	12.95	28923302	374180480.000
09/18/2014	12.88	13.07	12.77	12.88	13987503	180298512.000
09/19/2014	12.90	13.28	12.86	13.10	14926145	195814896.000
09/22/2014	13.08	13.50	13.01	13.19	20757796	276120160.000
09/23/2014	13.24	13.32	13.02	13.28	14423807	190326800.000
09/24/2014	13.35	14.61	13.26	14.61	48956585	685555136.000
09/25/2014	15.02	15.26	14.35	14.49	65607819	971748928.000
09/26/2014	14.61	14.76	14.37	14.59	23091557	336307968.000
09/29/2014	14.66	14.87	14.40	14.64	27270394	398872160.000
09/30/2014	14.72	15.45	14.70	15.25	43206198	655739648.000
10/08/2014	15.33	15.33	14.93	15.23	24378471	368663392.000
10/09/2014	15.20	15.28	14.54	14.96	31499311	468457664.000
10/10/2014	14.80	14.87	14.54	14.66	21308400	313264032.000
10/13/2014	14.62	14.88	14.33	14.72	18661700	271872704.000
10/14/2014	14.75	14.80	14.17	14.29	22807300	329864800.000
10/15/2014	14.30	14.60	14.08	14.50	15132848	217134144.000
10/16/2014	14.42	14.86	14.29	14.38	19907541	291084576.000
10/17/2014	14.37	14.43	13.72	14.08	20069558	281790816.000
10/20/2014	14.08	14.50	14.05	14.44	14178839	202230320.000
10/21/2014	14.59	14.98	14.50	14.61	24161619	356167712.000
10/22/2014	14.59	14.78	14.10	14.10	17340766	250510576.000
10/23/2014	14.09	14.18	13.50	13.63	19140201	263391696.000
10/24/2014	13.67	13.98	13.55	13.71	9011580	124054456.000
10/27/2014	13.65	13.91	13.55	13.87	11313542	155496112.000
10/28/2014	13.89	14.27	13.88	14.21	15417930	216727472.000
10/29/2014	14.20	14.54	14.17	14.30	20803887	298280768.000
10/30/2014	14.35	14.66	14.21	14.39	17922384	258776096.000
10/31/2014	14.50	14.62	13.96	14.22	18041748	256560368.000
数据来源:通达信
