300032 金龙机电 日线
      日期	    开盘	    最高	    最低	    收盘	    成交量	    成交额
10/08/2010	8.94	9.05	8.85	9.00	1947289	36087620.000
10/11/2010	9.00	9.02	8.71	8.71	3047066	56055396.000
10/12/2010	8.85	9.31	8.81	9.29	3417356	64256612.000
10/13/2010	9.30	9.32	9.10	9.29	1861389	35331452.000
10/14/2010	9.30	9.45	9.06	9.07	2053919	39159312.000
10/15/2010	9.06	9.06	8.82	8.88	1790711	32995510.000
10/18/2010	8.95	9.14	8.71	9.13	1620238	29769822.000
10/19/2010	9.13	9.95	9.13	9.68	3446197	68181632.000
10/20/2010	9.50	9.84	9.40	9.53	2765686	54829004.000
10/21/2010	9.50	9.54	9.22	9.35	1632796	31594474.000
10/22/2010	9.47	9.69	9.38	9.48	1342449	26358884.000
10/25/2010	9.50	9.67	9.50	9.56	1747772	34574628.000
10/26/2010	9.58	9.65	9.36	9.44	1537172	29952422.000
10/27/2010	9.44	9.54	9.29	9.30	1414228	27469358.000
10/28/2010	9.25	9.25	8.95	9.12	2291937	43041620.000
10/29/2010	9.12	9.44	9.11	9.36	1983939	38164308.000
11/01/2010	9.40	9.79	9.38	9.66	3349267	66529552.000
11/02/2010	9.64	9.73	9.38	9.42	3058163	59914256.000
11/03/2010	9.42	9.42	9.14	9.17	2021047	38533604.000
11/04/2010	9.17	9.29	9.09	9.27	1169419	22215236.000
11/05/2010	9.33	9.39	9.26	9.35	1223086	23507990.000
11/08/2010	9.36	9.60	9.36	9.55	2045971	40132180.000
11/09/2010	9.55	9.65	9.52	9.64	2429115	47996796.000
11/10/2010	9.62	9.90	9.57	9.80	2948516	59493612.000
11/11/2010	9.79	9.93	9.64	9.66	2820534	56910928.000
11/12/2010	9.61	9.81	9.14	9.16	3067525	59935036.000
11/15/2010	9.31	10.10	9.31	10.10	2455817	50424544.000
11/16/2010	11.14	11.14	10.46	10.61	12077388	268748992.000
11/17/2010	10.85	11.66	10.54	11.14	10473654	236163760.000
11/18/2010	11.15	11.89	10.98	11.34	9119192	213082560.000
11/19/2010	11.20	12.45	11.10	12.29	8397839	205120496.000
11/22/2010	12.33	12.93	11.89	12.04	11332875	287004192.000
11/23/2010	12.15	12.78	11.70	12.55	6339569	159198160.000
11/24/2010	12.25	12.85	12.24	12.77	3725223	95575464.000
11/25/2010	12.70	12.75	12.15	12.34	3330089	84534920.000
11/26/2010	12.26	12.35	11.71	11.98	4524468	111380120.000
11/29/2010	11.95	12.59	11.82	12.39	3093820	77645384.000
11/30/2010	12.38	12.38	11.34	11.79	3250444	78941848.000
12/01/2010	11.63	12.04	11.63	11.69	1053619	25454318.000
12/02/2010	11.80	12.10	11.70	11.80	1291423	31440826.000
12/03/2010	11.81	11.88	11.15	11.36	1593607	37298940.000
12/06/2010	11.29	11.48	10.88	10.95	1484349	33699584.000
12/07/2010	10.95	11.33	10.80	11.27	1098784	25069518.000
12/08/2010	11.27	11.37	11.02	11.09	1090248	25119090.000
12/09/2010	11.04	11.28	10.93	11.10	1006800	22917310.000
12/10/2010	11.14	11.85	11.14	11.76	2403318	57014544.000
12/13/2010	11.81	12.35	11.68	12.04	2327686	57612536.000
12/14/2010	11.95	12.13	11.78	11.95	1277638	31131284.000
12/15/2010	11.93	12.14	11.89	11.99	1219969	29988474.000
12/16/2010	11.99	12.18	11.91	11.95	1226172	30260576.000
12/17/2010	11.96	12.10	11.78	12.08	901085	22074524.000
12/20/2010	12.08	12.08	11.45	11.71	1338739	32367750.000
12/21/2010	11.79	11.88	11.56	11.70	1135261	27178270.000
12/22/2010	11.71	11.73	11.33	11.35	962341	22758270.000
12/23/2010	11.36	11.58	11.21	11.22	703190	16517953.000
12/24/2010	11.28	11.47	10.55	10.70	1588910	35573456.000
12/27/2010	10.70	10.93	10.31	10.39	1051973	23193452.000
12/28/2010	10.39	10.75	10.18	10.55	1281127	27667700.000
12/29/2010	10.55	11.14	10.55	11.00	1045179	23537516.000
12/30/2010	11.04	11.15	10.81	10.96	750261	16958286.000
12/31/2010	11.00	11.18	10.91	11.13	539934	12301091.000
01/04/2011	11.08	11.16	10.81	11.14	1099825	24814884.000
01/05/2011	11.01	11.05	10.70	10.89	1007235	22495288.000
01/06/2011	10.80	10.93	10.60	10.62	813797	17910658.000
01/07/2011	10.53	10.84	10.43	10.57	625774	13698140.000
01/10/2011	10.70	10.76	10.16	10.20	753789	16221484.000
01/11/2011	10.10	10.19	9.57	9.70	2238456	44961340.000
01/12/2011	9.74	9.99	9.74	9.93	898249	18232670.000
01/13/2011	9.99	9.99	9.70	9.82	674030	13611547.000
01/14/2011	9.88	9.88	9.56	9.58	463458	9204760.000
01/17/2011	9.56	9.59	9.21	9.33	726454	13985914.000
01/18/2011	9.32	9.45	9.00	9.25	959767	18294362.000
01/19/2011	9.25	9.64	9.13	9.55	731867	14267322.000
01/20/2011	9.55	9.55	9.11	9.20	637585	12230815.000
01/21/2011	9.06	9.46	9.06	9.28	573500	11006932.000
01/24/2011	9.39	9.55	9.28	9.29	857550	16589147.000
01/25/2011	9.29	9.33	8.68	8.88	984183	18302164.000
01/26/2011	8.89	9.06	8.88	8.95	475750	8845706.000
01/27/2011	8.95	9.18	8.80	9.17	441013	8263495.000
01/28/2011	9.23	9.45	9.13	9.41	614034	11759652.000
01/31/2011	9.35	9.68	9.20	9.60	920781	18020420.000
02/01/2011	9.49	9.67	9.40	9.51	397199	7793364.000
02/09/2011	9.43	9.56	9.28	9.29	305280	5930984.000
02/10/2011	9.30	9.70	9.21	9.70	674822	13258138.000
02/11/2011	9.71	9.84	9.64	9.74	515169	10343255.000
02/14/2011	9.75	10.10	9.75	9.99	698313	14380408.000
02/15/2011	9.96	10.10	9.83	10.09	888457	18198812.000
02/16/2011	9.98	10.22	9.92	10.22	842767	17529942.000
02/17/2011	10.22	10.27	9.86	10.05	746956	15519469.000
02/18/2011	10.05	10.14	9.75	9.78	665364	13592027.000
02/21/2011	9.79	9.98	9.75	9.95	626133	12714160.000
02/22/2011	9.93	10.01	9.49	9.54	902260	18037584.000
02/23/2011	9.53	9.78	9.51	9.64	463721	9217189.000
02/24/2011	9.64	9.73	9.53	9.69	609812	12094993.000
02/25/2011	9.55	9.55	9.24	9.50	1013417	19739464.000
02/28/2011	9.49	9.77	9.36	9.77	951104	18734958.000
03/01/2011	9.75	10.00	9.68	9.76	846509	17144440.000
03/02/2011	9.73	9.92	9.61	9.88	730744	14691844.000
03/03/2011	9.89	9.99	9.68	9.71	798242	16136556.000
03/04/2011	9.71	9.85	9.62	9.73	426948	8552619.000
03/07/2011	9.82	9.82	9.64	9.71	698363	13961256.000
03/08/2011	9.76	10.71	9.73	10.65	3744453	80655616.000
03/09/2011	10.65	11.18	10.56	10.95	3607403	80538016.000
03/10/2011	11.05	11.61	10.75	11.30	4449219	103218464.000
03/11/2011	11.24	11.60	11.10	11.35	2714065	63307204.000
03/14/2011	11.25	11.70	11.25	11.50	2833569	66753468.000
03/15/2011	11.45	11.53	11.04	11.51	2399314	55513232.000
03/16/2011	11.45	12.13	11.45	11.91	2219071	53748924.000
03/17/2011	11.75	12.15	11.65	11.93	1808141	44165792.000
03/18/2011	11.93	12.19	11.84	12.01	1267320	31198762.000
03/21/2011	12.20	12.83	11.86	12.73	2507062	63540468.000
03/22/2011	12.70	12.70	12.16	12.22	1910995	48340268.000
03/23/2011	12.17	12.75	11.96	12.53	1218489	30856948.000
03/24/2011	12.40	12.64	12.35	12.38	804571	20483556.000
03/25/2011	12.48	12.70	12.22	12.59	943194	24086418.000
03/28/2011	12.59	13.08	12.57	12.87	1603982	41995304.000
03/29/2011	12.75	12.87	11.95	12.20	1681345	42977092.000
03/30/2011	12.41	12.45	11.98	12.15	1231575	30851496.000
03/31/2011	12.15	12.70	11.98	12.20	855096	21337528.000
04/01/2011	12.06	12.73	12.01	12.65	895178	22921256.000
04/06/2011	12.50	12.64	12.16	12.44	572076	14428334.000
04/07/2011	12.34	12.55	12.19	12.46	534578	13550828.000
04/08/2011	12.46	12.82	12.29	12.50	1015287	26237390.000
04/11/2011	12.50	13.28	12.50	13.09	1573343	41745792.000
04/12/2011	13.08	13.20	12.81	13.10	801774	21440854.000
04/13/2011	13.06	13.30	13.00	13.09	646766	17344558.000
04/14/2011	13.09	13.09	12.20	12.43	1581455	40672168.000
04/15/2011	12.44	12.73	12.04	12.65	1344885	33860168.000
04/18/2011	12.64	12.74	12.20	12.49	1915872	49068212.000
04/19/2011	12.45	12.45	12.08	12.20	1274816	31851732.000
04/20/2011	12.20	12.28	12.05	12.25	663632	16511383.000
04/21/2011	12.23	12.23	11.97	12.10	1091221	26966828.000
04/22/2011	12.20	12.75	12.20	12.71	1440832	36868916.000
04/25/2011	12.58	13.05	12.45	12.53	1357527	35216084.000
04/26/2011	12.53	12.53	12.09	12.17	628685	15732398.000
04/27/2011	12.25	12.40	12.04	12.20	457503	11427143.000
04/28/2011	12.34	12.39	11.70	11.90	2550197	63069508.000
04/29/2011	11.98	12.18	11.78	12.18	444287	10930304.000
05/03/2011	12.35	12.80	12.10	12.67	472933	12042718.000
05/04/2011	12.79	12.79	12.54	12.54	632100	16379797.000
05/05/2011	12.46	12.48	12.20	12.29	342189	8653755.000
05/06/2011	12.65	12.65	12.11	12.55	385089	9822342.000
05/09/2011	12.39	12.64	12.39	12.57	263450	6758467.500
05/10/2011	12.56	12.70	12.21	12.39	507220	12904578.000
05/11/2011	12.44	12.55	12.21	12.45	475345	12023595.000
05/12/2011	12.28	12.60	12.25	12.44	749980	19023864.000
05/13/2011	12.40	13.72	12.33	13.72	2959558	81948600.000
05/16/2011	13.86	14.33	13.64	14.15	2964107	85022112.000
05/17/2011	14.10	14.28	13.71	14.25	1122907	32244136.000
05/19/2011	14.18	14.18	13.11	13.47	2338957	63895296.000
05/20/2011	13.32	13.62	13.21	13.43	562562	15374465.000
05/23/2011	13.37	13.43	12.06	12.06	2586153	66044472.000
05/24/2011	11.68	12.30	11.00	12.01	1339350	32022922.000
05/25/2011	11.95	12.09	11.37	11.69	624350	15005161.000
05/26/2011	11.65	11.75	11.33	11.43	757844	17779992.000
05/27/2011	11.23	11.55	11.20	11.37	227967	5293653.000
05/30/2011	11.28	11.54	11.06	11.33	336600	7797726.000
05/31/2011	11.08	11.45	11.07	11.45	268403	6224706.500
06/01/2011	11.45	11.75	11.35	11.61	208076	4931836.500
06/02/2011	11.43	11.68	11.08	11.38	247813	5795310.000
06/03/2011	11.48	12.05	11.26	11.88	713589	16958194.000
06/07/2011	11.80	11.87	11.59	11.80	249030	5978068.000
06/08/2011	11.95	12.00	11.59	11.79	228452	5524686.000
06/09/2011	12.05	12.05	11.46	11.50	194310	4630321.000
06/10/2011	11.49	11.80	11.20	11.80	198026	4668611.500
06/13/2011	11.49	11.92	11.49	11.84	224349	5374157.500
06/14/2011	11.63	12.26	11.59	11.83	1117752	26907372.000
06/15/2011	11.81	11.86	11.62	11.79	283665	6775045.000
06/16/2011	11.74	11.74	11.30	11.43	429871	9967174.000
06/17/2011	11.57	11.57	11.24	11.40	162380	3737529.000
06/20/2011	11.40	11.47	11.08	11.32	94337	2152120.750
06/21/2011	11.43	11.43	11.05	11.40	111708	2560032.250
06/22/2011	11.19	11.40	11.13	11.39	39450	903690.000
06/23/2011	11.35	11.78	11.22	11.75	271597	6374716.000
06/24/2011	11.58	11.93	11.58	11.89	371640	8925406.000
06/27/2011	11.90	12.06	11.76	11.89	345253	8341992.000
06/28/2011	11.93	12.32	11.74	11.88	229309	5554372.500
06/29/2011	11.88	11.88	11.70	11.79	232186	5541230.500
06/30/2011	11.82	12.08	11.74	11.78	694704	16670418.000
07/01/2011	11.78	12.02	11.63	11.90	557780	13385361.000
07/04/2011	11.91	12.20	11.79	12.08	615557	15019784.000
07/05/2011	12.08	12.13	11.86	11.95	451616	10940643.000
07/06/2011	12.03	12.58	11.98	12.37	605589	14983543.000
07/07/2011	12.33	12.83	12.22	12.49	1427488	36682080.000
07/08/2011	12.36	12.73	12.36	12.53	338190	8631107.000
07/11/2011	12.53	12.54	11.33	12.16	529878	13173389.000
07/12/2011	12.04	12.23	11.87	11.99	250701	6120364.000
07/13/2011	11.89	12.21	11.89	12.01	395851	9692082.000
07/14/2011	12.07	12.20	11.96	12.13	539227	13197748.000
07/15/2011	12.16	12.18	12.04	12.13	446625	10994093.000
07/18/2011	12.13	12.72	12.13	12.68	872093	21975910.000
07/19/2011	12.68	12.73	12.37	12.68	346887	8825999.000
07/20/2011	12.60	12.84	12.48	12.75	571261	14710738.000
07/21/2011	12.75	13.08	12.44	12.60	651047	16884108.000
07/22/2011	12.58	12.63	12.32	12.56	343645	8675230.000
07/25/2011	12.41	12.59	11.96	11.98	459770	11408042.000
07/26/2011	11.88	12.05	11.88	12.03	184750	4490843.000
07/27/2011	11.91	12.48	11.91	12.45	590465	14558796.000
07/28/2011	12.42	12.42	11.95	12.31	216103	5356429.500
07/29/2011	12.20	12.33	11.98	12.25	351383	8622392.000
08/01/2011	12.23	12.58	12.05	12.50	249949	6270362.000
08/02/2011	12.38	12.49	11.99	12.35	236273	5843260.000
08/03/2011	12.26	12.55	12.04	12.46	295039	7380079.500
08/04/2011	12.55	12.56	12.33	12.47	143194	3608319.000
08/05/2011	12.13	12.23	11.88	12.08	234240	5737526.500
08/08/2011	11.88	12.07	11.53	11.77	368748	8788707.000
08/09/2011	11.62	11.86	10.94	11.83	621588	14381092.000
08/10/2011	11.83	12.13	11.73	11.79	296431	7158969.500
08/11/2011	11.56	11.92	11.53	11.78	199268	4750187.500
08/12/2011	11.98	12.06	11.63	11.90	387531	9316100.000
08/15/2011	11.92	12.41	11.83	12.37	1032249	25479354.000
08/16/2011	12.37	12.55	12.23	12.28	351343	8844045.000
08/17/2011	12.23	12.55	12.23	12.43	572657	14431682.000
08/18/2011	12.26	12.42	12.04	12.32	268799	6691637.000
08/19/2011	12.13	12.42	12.01	12.42	293716	7236680.500
08/22/2011	12.43	12.51	12.24	12.45	418992	10519125.000
08/23/2011	12.47	12.76	12.35	12.68	833526	21326828.000
08/24/2011	12.52	12.62	11.83	12.49	1006801	25265462.000
08/25/2011	12.27	12.77	12.23	12.68	1046716	26591770.000
08/26/2011	12.68	13.02	12.59	12.83	1175189	30666482.000
08/29/2011	12.83	13.23	12.58	13.04	1322590	34795664.000
08/30/2011	13.03	13.27	12.73	12.73	662278	17489312.000
08/31/2011	12.70	12.89	12.43	12.77	341816	8804983.000
09/01/2011	12.75	12.91	12.38	12.62	389003	9919601.000
09/02/2011	12.57	12.62	12.37	12.53	143574	3630670.000
09/05/2011	12.34	12.35	12.11	12.25	329202	8156076.500
09/06/2011	12.17	12.28	11.98	12.08	215509	5276113.500
09/07/2011	12.27	12.32	12.09	12.25	244265	6057232.000
09/08/2011	12.26	12.32	12.05	12.12	169700	4201769.000
09/09/2011	12.22	12.22	11.80	11.98	207950	5036564.000
09/13/2011	11.43	11.89	11.43	11.67	135680	3219257.500
09/14/2011	11.60	11.75	11.20	11.48	585600	13499635.000
09/15/2011	11.58	11.68	11.43	11.48	179918	4220470.000
09/16/2011	11.57	12.03	11.57	12.00	597874	14355994.000
09/19/2011	12.03	12.17	11.78	12.05	372082	9038337.000
09/20/2011	11.83	12.10	11.83	12.03	501418	12166244.000
09/21/2011	12.03	12.33	11.92	12.27	330294	8152057.000
09/22/2011	12.23	12.47	12.15	12.25	586885	14575963.000
09/23/2011	12.28	12.28	11.88	12.25	432649	10595053.000
09/26/2011	12.25	12.45	12.16	12.23	529479	13123904.000
09/27/2011	12.23	12.45	12.08	12.23	465619	11579725.000
09/28/2011	12.23	12.34	11.83	12.13	532205	12927941.000
09/29/2011	11.81	12.13	11.63	12.07	512900	12419825.000
09/30/2011	12.29	12.78	11.91	12.40	1340608	33396932.000
10/10/2011	12.43	12.61	12.37	12.40	521770	13162845.000
10/11/2011	12.48	12.68	12.09	12.30	504225	12625114.000
10/13/2011	12.71	12.71	12.28	12.36	1610684	40557256.000
10/14/2011	12.35	12.57	11.94	12.17	740299	18317340.000
10/17/2011	12.11	12.41	11.90	12.34	448910	11063701.000
10/18/2011	12.37	12.62	12.23	12.36	657025	16533304.000
10/19/2011	12.33	12.67	12.30	12.60	1752997	44456692.000
10/20/2011	12.66	12.66	12.13	12.35	831425	20807430.000
10/21/2011	12.28	12.39	12.08	12.33	847300	21020380.000
10/24/2011	12.33	12.36	11.33	11.87	795872	18953448.000
10/25/2011	11.82	12.03	11.55	11.83	1063471	25424526.000
10/26/2011	11.82	11.84	11.62	11.72	832495	19795608.000
10/27/2011	11.71	11.76	11.43	11.63	861280	20274828.000
10/28/2011	11.71	12.20	11.65	12.17	2186249	53080208.000
10/31/2011	12.28	12.33	11.99	12.25	1172860	28980372.000
11/01/2011	12.14	12.33	12.09	12.24	813700	20181492.000
11/02/2011	12.19	12.19	11.93	12.14	782474	19186440.000
11/03/2011	12.18	12.50	12.02	12.30	1758983	43810692.000
11/04/2011	12.28	12.37	11.96	12.25	980973	24244368.000
11/07/2011	12.08	12.30	12.04	12.08	896848	22204778.000
11/08/2011	12.06	12.10	11.68	11.71	973109	23338810.000
11/09/2011	11.82	11.82	11.63	11.79	591475	14091915.000
11/10/2011	11.73	12.15	11.66	11.93	800895	19350736.000
11/11/2011	11.93	12.48	11.68	12.00	958875	23534792.000
11/14/2011	12.24	12.24	11.98	12.10	934379	22885772.000
11/15/2011	12.10	12.38	12.04	12.28	1163017	28879414.000
11/16/2011	12.28	12.28	11.79	11.98	907812	22059398.000
11/17/2011	11.83	12.00	11.68	11.82	685190	16442863.000
11/18/2011	11.76	11.76	11.48	11.52	611718	14398783.000
11/21/2011	11.57	11.57	11.27	11.38	748946	17303042.000
11/22/2011	11.31	11.45	11.23	11.32	509198	11701961.000
11/23/2011	11.35	11.48	11.21	11.36	552498	12698935.000
11/24/2011	11.36	11.48	11.16	11.43	474536	10974902.000
11/25/2011	11.48	11.65	11.38	11.56	633190	14766239.000
11/29/2011	11.58	11.58	11.30	11.32	811882	18746806.000
11/30/2011	11.27	11.32	10.33	10.56	1221032	26836276.000
12/01/2011	10.83	10.93	10.07	10.07	1957934	41608908.000
12/02/2011	10.05	10.05	9.33	9.40	1251127	24465466.000
12/05/2011	9.40	9.55	9.25	9.47	1094017	20997426.000
12/06/2011	9.47	9.47	8.97	9.09	1305598	24216660.000
12/07/2011	9.09	9.11	8.77	8.97	1270203	23028964.000
12/08/2011	8.85	9.17	8.67	8.97	809263	14663482.000
12/09/2011	8.77	9.03	8.77	8.81	506479	9166692.000
12/12/2011	8.81	8.81	8.56	8.63	668376	11750434.000
12/13/2011	8.57	8.57	8.08	8.17	701290	11813563.000
12/14/2011	8.21	8.41	8.11	8.23	2178614	36700848.000
12/15/2011	8.11	8.22	7.58	7.76	1346707	21550746.000
12/16/2011	7.76	7.81	7.18	7.58	2146550	32744444.000
12/19/2011	7.41	7.52	7.21	7.46	1831996	27560744.000
12/20/2011	7.44	7.50	7.33	7.40	1751658	26604722.000
12/21/2011	7.46	7.52	7.21	7.25	1415337	21304986.000
12/22/2011	7.03	7.20	6.75	7.16	1796133	25628372.000
12/23/2011	7.28	7.87	7.23	7.49	2465510	38336620.000
12/26/2011	7.29	7.42	7.21	7.33	1397687	20926644.000
12/27/2011	7.20	7.30	6.84	6.84	1248755	17961586.000
12/28/2011	6.88	6.90	6.33	6.59	1098514	14907957.000
12/29/2011	6.55	6.74	6.51	6.71	848423	11524506.000
12/30/2011	6.80	6.81	6.68	6.76	710976	9852681.000
01/04/2012	6.84	6.98	6.75	6.78	1053892	14806112.000
01/05/2012	6.58	6.78	6.10	6.35	732907	9801041.000
01/06/2012	6.35	6.48	6.13	6.47	670915	8663967.000
01/09/2012	6.47	6.77	6.34	6.75	878466	11928090.000
01/10/2012	6.75	7.14	6.72	7.08	1480838	21075096.000
01/11/2012	7.10	7.14	6.91	7.06	1056703	15196428.000
01/12/2012	6.94	7.10	6.90	6.90	826774	11849206.000
01/13/2012	6.89	6.97	6.19	6.30	2195697	28898984.000
01/16/2012	6.10	6.17	5.79	5.87	1362527	16718091.000
01/17/2012	5.73	6.18	5.73	6.17	1612021	19970706.000
01/18/2012	6.16	6.20	5.83	5.90	1236243	15207115.000
01/19/2012	5.84	6.19	5.79	6.16	1207636	14968309.000
01/20/2012	6.17	6.41	6.10	6.36	1094243	14042327.000
01/30/2012	6.28	6.42	6.20	6.22	833810	10791853.000
01/31/2012	6.21	6.21	5.99	6.18	597260	7492068.500
02/01/2012	6.08	6.31	6.08	6.12	554781	7065693.500
02/02/2012	6.19	6.30	6.09	6.29	718537	9140502.000
02/03/2012	6.33	6.94	6.33	6.94	2468119	34326660.000
02/06/2012	6.97	7.32	6.88	7.08	3677768	53291404.000
02/07/2012	7.08	7.09	6.90	7.07	1475113	21097010.000
02/08/2012	7.07	7.24	6.99	7.18	1822519	26609668.000
02/09/2012	7.24	7.43	7.13	7.20	1886564	28041012.000
02/10/2012	7.15	7.25	7.08	7.16	1159018	16968518.000
02/13/2012	7.13	7.58	7.03	7.52	2007015	30541700.000
02/14/2012	7.52	7.82	7.42	7.44	1808384	28059812.000
02/15/2012	7.36	7.75	7.36	7.74	1503830	23369186.000
02/16/2012	7.74	7.81	7.61	7.73	1202675	18868608.000
02/17/2012	7.73	7.84	7.59	7.77	1026026	16197334.000
02/20/2012	7.86	8.36	7.73	8.06	1946795	32020544.000
02/21/2012	8.07	8.26	7.93	8.25	1347224	22470562.000
02/22/2012	8.29	8.71	8.29	8.62	1449792	25329654.000
02/23/2012	8.64	8.90	8.47	8.89	1971112	35056036.000
02/24/2012	8.86	8.88	8.59	8.63	1862874	33118884.000
02/27/2012	8.61	8.69	8.41	8.51	2434034	42210424.000
02/28/2012	8.43	8.46	8.17	8.41	1737371	29479508.000
02/29/2012	8.41	8.64	8.29	8.45	1169943	20310188.000
03/01/2012	8.49	8.52	8.30	8.45	657656	11316990.000
03/02/2012	8.48	8.60	8.40	8.46	809290	14057145.000
03/05/2012	8.55	8.57	8.43	8.50	794303	13735269.000
03/06/2012	8.50	8.52	8.20	8.21	737252	12463073.000
03/07/2012	8.16	8.42	8.05	8.30	682015	11559553.000
03/08/2012	8.28	8.47	8.28	8.33	597674	10211332.000
03/09/2012	8.39	8.45	8.28	8.44	744365	12765392.000
03/12/2012	8.34	8.69	8.13	8.55	869749	15136697.000
03/13/2012	8.55	8.80	8.48	8.79	1273342	22579666.000
03/14/2012	8.87	9.27	8.48	8.82	2595103	47219400.000
03/15/2012	8.55	8.87	8.46	8.80	1240618	21961516.000
03/16/2012	8.94	9.69	8.88	9.69	4012014	77933816.000
03/19/2012	9.67	9.67	9.39	9.49	1878783	36378612.000
03/20/2012	9.44	9.49	8.94	9.20	1425471	26702966.000
03/21/2012	9.20	9.67	9.08	9.60	2097573	40536716.000
03/22/2012	9.56	9.93	9.33	9.72	1385419	27118742.000
03/23/2012	9.71	10.13	9.53	9.68	1708820	34231600.000
03/26/2012	9.66	9.68	8.83	9.30	1510332	28642780.000
03/27/2012	9.25	9.52	9.12	9.28	647809	12274069.000
03/28/2012	9.32	9.50	9.08	9.43	2030287	38679316.000
03/29/2012	9.40	9.40	8.52	8.63	2160610	39461200.000
03/30/2012	8.60	8.72	7.86	8.11	1717540	28286120.000
04/05/2012	8.13	8.37	7.94	8.25	1192198	19948618.000
04/06/2012	8.18	8.27	8.03	8.15	1354246	22494788.000
04/09/2012	8.13	8.13	7.64	7.71	1050737	16935998.000
04/10/2012	7.68	7.70	7.13	7.47	1340787	20133914.000
04/11/2012	7.43	7.47	7.26	7.31	735385	11061014.000
04/12/2012	7.32	7.62	7.32	7.55	1127177	17367620.000
04/16/2012	7.58	8.26	7.58	8.11	2309732	37422396.000
04/17/2012	8.11	8.11	7.58	7.72	1262115	20377044.000
04/18/2012	7.74	8.01	7.60	7.88	868555	13979680.000
04/19/2012	7.88	8.00	7.84	7.88	513119	8298517.500
04/20/2012	7.85	7.91	7.76	7.83	918016	14661112.000
04/23/2012	7.74	7.74	7.03	7.03	1555678	23152096.000
04/24/2012	6.93	6.93	6.45	6.79	1775678	24289154.000
04/25/2012	6.79	7.32	6.69	7.23	1062715	15451276.000
04/26/2012	7.15	7.78	7.10	7.30	821290	12567420.000
04/27/2012	7.43	7.43	7.06	7.21	377786	5618661.000
05/02/2012	7.35	7.67	7.35	7.51	573962	8779181.000
05/03/2012	7.42	7.80	7.42	7.66	616913	9663260.000
05/04/2012	7.80	7.80	7.58	7.68	354601	5552679.500
05/07/2012	7.80	7.80	7.58	7.68	477718	7465318.000
05/08/2012	7.68	7.77	7.64	7.65	453648	7121030.000
05/09/2012	7.70	8.05	7.55	7.75	998776	15961944.000
05/10/2012	7.66	8.04	7.66	7.97	747697	12131758.000
05/11/2012	7.94	8.04	7.78	7.95	685954	11164047.000
05/14/2012	7.95	8.17	7.94	8.02	519469	8585264.000
05/15/2012	8.06	8.08	7.90	8.05	625896	10211499.000
05/16/2012	8.23	8.23	7.97	7.99	394886	6528843.500
05/17/2012	7.96	8.16	7.86	8.09	381040	6229492.000
05/18/2012	8.05	8.12	7.76	7.92	685887	11089386.000
05/21/2012	7.63	8.03	7.48	7.97	457507	7435350.500
05/22/2012	7.94	8.17	7.94	8.08	818453	13514114.000
05/23/2012	8.08	8.23	7.98	8.15	593422	9867184.000
05/24/2012	8.06	8.39	8.06	8.37	456027	7687414.000
05/25/2012	8.47	8.47	8.22	8.34	938821	15959332.000
05/28/2012	8.38	8.38	8.16	8.32	399717	6778963.000
05/29/2012	8.22	8.32	8.16	8.27	622864	10492961.000
05/30/2012	8.36	8.36	8.17	8.28	249121	4196940.000
05/31/2012	8.27	8.75	8.12	8.68	1242801	21691918.000
06/01/2012	8.70	8.73	8.49	8.70	638463	11230272.000
06/04/2012	8.63	9.09	8.52	8.84	1141763	20706100.000
06/05/2012	8.88	8.98	8.81	8.98	520466	9462116.000
06/06/2012	8.98	9.37	8.94	9.32	960792	18086294.000
06/07/2012	9.38	9.50	8.98	9.03	651390	12191729.000
06/08/2012	8.96	9.13	8.44	8.54	897280	15888131.000
06/11/2012	8.56	8.80	8.33	8.75	402022	7082089.500
06/12/2012	8.82	9.28	8.82	9.15	686420	12721742.000
06/13/2012	9.13	9.41	9.03	9.37	785977	14943489.000
06/14/2012	9.36	9.47	9.32	9.33	545624	10400334.000
06/15/2012	9.21	9.48	9.21	9.33	467746	8914195.000
06/18/2012	9.45	9.59	9.38	9.49	499169	9491932.000
06/19/2012	9.49	9.59	9.45	9.49	203432	3878706.250
06/20/2012	9.53	9.58	9.20	9.49	233128	4436662.500
06/21/2012	9.05	9.48	9.05	9.40	289537	5456397.000
06/25/2012	9.40	9.45	9.07	9.09	359840	6694382.000
06/26/2012	9.00	9.12	8.45	9.04	337119	6056955.500
06/27/2012	8.91	9.09	8.91	8.99	426460	7708564.000
06/28/2012	8.99	9.29	8.90	9.17	893857	16375572.000
06/29/2012	9.17	9.26	9.10	9.13	330838	6084245.500
07/02/2012	9.30	9.75	9.30	9.60	639235	12257138.000
07/03/2012	9.60	9.70	9.28	9.40	1157219	21992446.000
07/04/2012	9.23	9.45	9.10	9.15	717887	13314187.000
07/05/2012	9.17	9.20	8.96	9.00	359210	6555994.500
07/06/2012	9.00	9.18	8.84	9.10	794299	14261986.000
07/09/2012	9.05	9.56	8.95	9.35	1460160	27346202.000
07/10/2012	9.35	9.37	9.22	9.26	381798	7118369.000
07/11/2012	9.26	9.33	9.02	9.31	309348	5684209.500
07/12/2012	9.02	9.20	9.00	9.06	373799	6852761.000
07/13/2012	9.08	9.54	9.07	9.45	995503	18926658.000
07/16/2012	9.45	9.51	9.05	9.28	363088	6799709.500
07/17/2012	9.21	9.50	9.07	9.38	325349	6124943.000
07/18/2012	9.38	9.70	9.31	9.54	501900	9591727.000
07/19/2012	9.95	10.50	9.55	10.50	2085488	43493796.000
07/20/2012	10.70	11.35	10.50	11.20	2761857	59898856.000
07/23/2012	10.95	11.13	10.54	10.66	1668629	36531408.000
07/24/2012	10.53	10.74	10.36	10.60	885453	18712218.000
07/25/2012	10.70	10.70	10.40	10.54	506690	10758028.000
07/26/2012	10.45	10.63	10.38	10.38	365499	7673923.000
07/27/2012	10.35	10.85	10.16	10.30	541220	11368084.000
07/30/2012	10.14	10.40	9.75	9.83	622698	12488235.000
07/31/2012	9.83	9.94	9.60	9.83	352895	6898550.500
08/01/2012	9.68	10.10	9.68	9.95	208841	4191450.500
08/02/2012	9.85	10.18	9.85	10.10	254228	5147000.500
08/03/2012	9.97	10.37	9.97	10.37	542859	11133872.000
08/06/2012	10.38	10.60	10.29	10.54	382623	8019530.500
08/07/2012	10.45	10.59	10.10	10.23	695058	14381412.000
08/08/2012	10.32	10.32	10.05	10.15	369916	7537723.500
08/09/2012	9.99	10.43	9.99	10.43	292056	6026592.000
08/10/2012	10.35	10.45	10.09	10.24	173848	3582015.750
08/13/2012	10.20	10.26	9.86	10.14	297074	5976247.000
08/14/2012	10.19	10.25	9.86	10.05	211401	4230175.000
08/15/2012	10.02	10.08	9.95	10.05	174334	3505649.750
08/16/2012	10.15	10.15	9.73	10.02	79997	1606642.000
08/17/2012	9.86	10.06	9.72	9.96	99400	1981090.500
08/20/2012	9.90	9.95	9.75	9.82	144741	2862824.500
08/21/2012	9.77	10.80	9.76	10.25	675109	13794199.000
08/22/2012	10.27	10.55	10.26	10.43	592078	12387076.000
08/23/2012	10.64	10.64	10.32	10.50	203528	4287138.500
08/24/2012	10.39	10.52	10.21	10.24	160356	3330011.250
08/27/2012	10.24	10.60	9.98	10.46	426717	8881619.000
08/28/2012	10.45	10.63	10.34	10.57	449966	9460430.000
08/29/2012	10.63	10.96	10.37	10.79	549073	11869562.000
08/30/2012	10.80	10.80	10.15	10.37	374869	7849546.000
08/31/2012	10.43	10.57	10.30	10.45	120937	2535460.750
09/03/2012	10.53	10.53	10.33	10.43	286118	5973151.000
09/04/2012	10.33	10.52	9.88	9.98	725165	14688679.000
09/05/2012	9.95	10.03	9.76	9.92	263539	5245687.000
09/06/2012	9.81	10.08	9.34	9.35	953110	18184476.000
09/07/2012	9.45	9.65	9.36	9.55	1447997	27670926.000
09/10/2012	9.63	10.05	8.95	10.05	1223795	23733998.000
09/11/2012	9.91	10.00	9.78	9.89	638959	12654537.000
09/12/2012	9.89	9.95	9.68	9.88	530050	10426440.000
09/13/2012	9.90	9.90	9.56	9.60	425101	8283575.500
09/14/2012	9.46	9.73	9.35	9.63	763490	14550070.000
09/17/2012	9.58	9.65	9.20	9.38	461625	8704268.000
09/18/2012	9.34	9.53	9.20	9.35	333701	6276033.000
09/19/2012	9.26	9.48	9.24	9.41	283587	5348935.500
09/20/2012	9.45	9.52	9.25	9.29	254484	4796721.000
09/21/2012	9.26	9.41	9.20	9.38	255377	4769220.000
09/24/2012	9.12	9.50	9.01	9.43	239435	4454882.000
09/25/2012	9.35	9.63	9.20	9.55	334080	6385989.500
09/26/2012	9.55	9.68	9.13	9.33	262414	4953046.000
09/27/2012	9.30	9.46	9.16	9.33	533529	9984824.000
09/28/2012	9.25	9.50	9.21	9.38	97700	1839978.875
10/08/2012	9.45	9.45	9.33	9.40	143774	2710010.250
10/09/2012	9.40	9.68	9.40	9.60	274762	5284603.500
10/10/2012	9.54	9.74	9.54	9.62	164756	3188273.250
10/11/2012	9.62	9.67	9.48	9.54	101134	1947169.375
10/12/2012	9.55	9.69	8.79	8.86	1149698	20993206.000
10/15/2012	8.88	8.96	8.40	8.80	1199423	20847130.000
10/16/2012	8.80	8.95	8.66	8.75	444762	7800794.500
10/17/2012	8.73	8.87	8.63	8.66	318890	5565668.500
10/18/2012	8.75	8.85	8.63	8.77	452617	7947023.000
10/19/2012	8.80	8.90	8.71	8.86	309355	5506201.500
10/22/2012	8.74	8.94	8.72	8.90	217174	3860569.250
10/23/2012	8.81	9.21	8.80	9.11	252856	4628026.000
10/24/2012	9.19	9.19	8.95	9.00	179474	3266539.750
10/25/2012	9.00	9.46	8.95	8.99	396300	7161686.000
10/26/2012	8.97	8.99	8.70	8.93	265862	4704350.000
10/29/2012	8.77	8.90	8.58	8.80	176725	3116348.250
10/30/2012	8.92	8.92	8.62	8.75	203391	3576519.250
10/31/2012	8.78	9.13	8.75	9.07	747305	13482858.000
11/01/2012	8.91	9.50	8.91	9.31	960888	18025494.000
11/02/2012	9.21	9.40	9.11	9.31	294414	5503521.000
11/05/2012	9.20	9.43	9.20	9.42	694002	13007667.000
11/06/2012	9.41	10.05	9.41	9.82	2052429	40437788.000
11/07/2012	9.75	10.08	9.69	9.85	973586	19267804.000
11/08/2012	9.76	9.93	9.71	9.75	659057	13021630.000
11/09/2012	9.75	9.85	9.63	9.71	233544	4556326.000
11/12/2012	9.71	9.71	9.08	9.33	620720	11683303.000
11/13/2012	9.15	9.30	9.05	9.28	191424	3530709.250
11/14/2012	9.37	9.37	9.09	9.27	185049	3427099.000
11/15/2012	9.50	9.61	8.90	8.91	420976	7776927.000
11/16/2012	8.85	8.90	8.45	8.60	398126	6848122.000
11/19/2012	8.58	9.08	8.50	9.08	394958	7028665.500
11/20/2012	9.13	9.52	9.00	9.50	657770	12441460.000
11/21/2012	9.54	9.55	9.29	9.46	179068	3392743.250
11/22/2012	9.20	9.50	9.20	9.41	46500	878217.313
11/23/2012	9.45	9.45	9.22	9.34	179901	3369197.000
11/26/2012	9.34	9.47	9.29	9.35	240543	4550556.000
11/27/2012	9.29	9.35	8.91	9.02	159550	2897504.000
11/28/2012	9.06	9.06	8.64	8.64	166228	2928607.000
11/29/2012	8.75	8.92	8.68	8.79	111350	1959229.500
11/30/2012	8.79	8.88	8.63	8.78	147000	2585104.250
12/03/2012	8.80	8.80	8.61	8.73	107800	1878426.375
12/04/2012	8.50	8.73	8.46	8.69	255228	4409726.000
12/05/2012	8.55	8.95	8.55	8.86	206487	3671221.250
12/06/2012	8.93	8.93	8.65	8.69	100200	1762252.000
12/07/2012	8.68	8.83	8.48	8.83	219338	3834780.500
12/10/2012	8.81	9.05	8.67	8.93	326666	5851847.500
12/11/2012	8.93	9.00	8.75	8.92	222438	3970556.000
12/12/2012	8.92	8.98	8.85	8.96	89426	1599890.250
12/13/2012	8.80	9.01	8.67	8.75	288350	5104978.500
12/14/2012	8.74	8.97	8.66	8.95	315816	5644162.500
12/17/2012	8.95	9.03	8.76	8.90	337100	6020859.000
12/18/2012	8.94	8.98	8.82	8.90	171600	3066977.000
12/19/2012	8.89	8.99	8.82	8.98	300942	5389918.500
12/20/2012	9.00	9.00	8.76	8.85	383784	6812487.500
12/21/2012	8.76	8.93	8.74	8.84	318870	5643285.500
12/24/2012	8.73	8.84	8.72	8.82	291935	5139161.000
12/25/2012	8.83	9.55	8.82	9.29	740843	13892430.000
12/26/2012	9.20	9.70	9.20	9.57	651541	12528043.000
12/27/2012	9.50	9.70	9.38	9.45	503505	9615188.000
12/28/2012	9.36	9.59	9.36	9.39	326856	6211338.000
12/31/2012	9.45	9.83	9.45	9.75	396516	7706061.500
01/04/2013	9.75	10.05	9.58	9.78	610723	12071393.000
01/07/2013	9.61	9.88	9.61	9.80	242640	4755126.000
01/08/2013	9.95	10.18	9.80	10.12	562652	11267649.000
01/09/2013	10.06	11.06	10.06	10.73	1008868	21677920.000
01/10/2013	10.60	11.30	10.60	10.67	1120382	24878320.000
01/11/2013	10.61	11.03	10.46	10.63	915745	19773342.000
01/14/2013	10.50	11.50	10.36	11.45	934475	20664112.000
01/15/2013	11.22	12.05	10.96	11.98	1171098	27615692.000
01/16/2013	12.00	12.10	11.71	11.74	1373781	32886030.000
01/17/2013	11.80	11.89	11.47	11.77	292381	6881511.000
01/18/2013	11.85	11.85	11.67	11.74	348869	8238981.000
01/21/2013	11.74	11.74	11.51	11.70	419137	9752283.000
01/22/2013	11.57	11.70	10.95	11.26	1312167	29863434.000
01/23/2013	11.20	11.30	11.07	11.20	294450	6634260.500
01/24/2013	11.14	11.34	10.70	11.13	254237	5676911.000
01/25/2013	11.10	11.70	11.10	11.65	521100	11996259.000
01/28/2013	11.40	12.10	11.39	12.02	774079	18506312.000
01/29/2013	12.05	12.54	12.05	12.43	635068	15818331.000
01/30/2013	12.22	12.80	12.10	12.73	519990	13186340.000
01/31/2013	12.65	13.00	12.48	12.68	405568	10411379.000
02/01/2013	12.55	12.94	12.55	12.84	253515	6525125.500
02/04/2013	12.95	13.05	12.75	12.80	176000	4548144.500
02/05/2013	12.85	12.85	12.38	12.59	239317	6008074.000
02/06/2013	12.91	13.25	12.21	12.70	331316	8432728.000
02/07/2013	12.68	12.68	11.91	12.15	1055294	25698674.000
02/08/2013	12.18	12.89	12.15	12.85	496727	12525551.000
02/18/2013	12.86	13.10	12.56	12.71	314818	8050909.000
02/19/2013	12.69	12.90	12.26	12.59	274504	6837371.000
02/20/2013	12.39	12.70	12.28	12.65	361123	9025889.000
02/21/2013	12.65	12.65	12.28	12.55	367769	9165579.000
02/22/2013	12.30	12.59	12.29	12.49	170495	4256512.500
02/25/2013	12.49	12.50	12.36	12.45	171313	4277492.500
02/26/2013	12.45	12.58	12.23	12.30	287122	7109163.500
02/27/2013	12.26	12.50	12.26	12.45	151152	3767995.500
02/28/2013	12.32	12.98	12.32	12.94	306282	7788716.000
03/01/2013	12.95	12.98	12.78	12.95	208272	5397265.500
03/04/2013	12.75	13.05	12.45	12.60	279467	7150387.500
03/05/2013	12.57	13.34	12.38	13.19	392959	10118850.000
03/06/2013	13.25	14.51	13.25	14.21	1180537	33119090.000
03/07/2013	14.25	14.50	13.55	13.86	705988	19723404.000
03/08/2013	13.84	14.20	13.70	13.89	265500	7437659.000
03/11/2013	13.95	14.24	13.51	13.85	560330	15473040.000
03/12/2013	13.73	14.10	13.40	13.75	289180	7998209.500
03/13/2013	13.78	13.78	13.41	13.65	245415	6699603.500
03/14/2013	13.88	14.13	13.65	13.81	255142	7061971.000
03/15/2013	13.85	13.85	12.95	13.42	387677	10542265.000
03/18/2013	13.42	13.56	13.00	13.03	323483	8552580.000
03/19/2013	13.29	13.45	13.03	13.34	111494	2953026.500
03/20/2013	13.34	13.58	13.17	13.45	575582	15524305.000
03/21/2013	13.45	14.03	13.27	13.84	750015	20779330.000
03/22/2013	13.84	14.15	13.80	13.88	502227	14040721.000
03/25/2013	13.95	14.15	13.68	13.85	762646	21233986.000
03/26/2013	13.58	14.13	13.58	14.11	324889	9091126.000
03/27/2013	14.10	14.83	14.10	14.78	1029395	30113952.000
03/28/2013	14.75	15.24	14.40	14.79	698955	20937104.000
03/29/2013	14.90	15.24	14.85	15.23	384767	11650396.000
04/01/2013	15.25	15.29	14.76	14.97	889268	26730452.000
04/02/2013	14.81	14.96	13.97	14.05	1632524	46816280.000
04/03/2013	14.05	14.15	12.71	13.65	1078218	28806590.000
04/08/2013	13.59	14.11	13.09	13.65	750640	20703428.000
04/09/2013	13.80	14.05	13.54	13.73	462309	12829401.000
04/10/2013	13.84	13.84	12.95	13.18	493976	13086492.000
04/11/2013	13.18	13.60	13.18	13.45	497257	13375620.000
04/12/2013	13.21	13.84	13.21	13.49	327150	8964639.000
04/15/2013	13.31	13.69	13.26	13.53	294603	7966608.000
04/16/2013	13.53	14.02	13.03	13.98	407844	11342630.000
04/17/2013	14.10	14.45	13.85	14.18	434269	12400685.000
04/18/2013	14.25	14.55	14.03	14.28	655864	18814830.000
04/19/2013	14.16	15.18	14.16	14.90	744440	22104974.000
04/22/2013	14.95	15.18	14.54	14.99	481015	14381389.000
04/23/2013	14.80	15.07	13.99	14.47	498511	14498467.000
04/24/2013	14.50	14.95	14.50	14.87	416953	12385508.000
04/25/2013	14.76	14.95	14.03	14.23	523720	15041685.000
04/26/2013	14.12	14.44	13.95	14.10	490508	13886537.000
05/02/2013	14.02	14.36	13.90	14.23	211974	6022966.500
05/03/2013	14.11	14.98	14.11	14.95	893309	26647980.000
05/06/2013	15.10	16.39	15.10	16.05	1234141	39272388.000
05/07/2013	16.05	16.24	15.52	15.75	1316716	41709188.000
05/08/2013	15.79	16.53	15.70	16.53	614695	19973612.000
05/09/2013	16.70	16.95	16.24	16.88	843497	28088994.000
05/10/2013	16.88	16.88	16.08	16.15	753460	24674234.000
05/13/2013	16.15	16.87	15.95	16.21	746298	24294258.000
05/14/2013	16.21	17.00	16.09	16.90	843567	28420826.000
05/15/2013	16.86	17.33	16.55	17.25	1061740	36154036.000
05/16/2013	17.13	17.48	16.54	16.54	745878	25526068.000
05/17/2013	16.30	16.85	16.20	16.80	848646	28036494.000
05/20/2013	16.80	16.90	16.34	16.83	575301	19143280.000
05/21/2013	16.75	17.39	16.40	17.26	725714	24838784.000
05/22/2013	17.20	17.24	16.45	16.64	767184	25770410.000
05/23/2013	16.35	16.58	16.27	16.49	425863	14014431.000
05/24/2013	16.47	16.61	16.10	16.59	716058	23409378.000
05/27/2013	16.59	16.65	16.26	16.52	531031	17469368.000
05/28/2013	16.35	16.83	15.80	16.00	952820	30905932.000
05/29/2013	16.00	16.12	14.99	15.51	1128165	34872936.000
05/30/2013	15.24	15.90	15.24	15.53	807393	25083446.000
05/31/2013	15.42	15.57	15.35	15.52	461701	14329848.000
06/03/2013	15.52	15.85	15.21	15.45	469296	14659844.000
06/04/2013	15.45	16.60	15.40	16.33	2315396	74621144.000
06/05/2013	16.54	17.97	16.54	17.48	3346302	118236848.000
06/06/2013	17.23	17.51	16.69	16.95	1456102	49690456.000
06/07/2013	16.39	16.92	16.13	16.58	1007883	33126172.000
06/13/2013	16.33	16.33	14.92	15.99	1721154	52808792.000
06/14/2013	15.96	16.70	15.68	16.49	971424	31675810.000
06/17/2013	16.66	16.69	15.96	16.35	872618	28693310.000
06/18/2013	16.41	16.69	15.96	16.53	492756	16022137.000
06/19/2013	16.33	16.48	16.05	16.48	461893	15124253.000
06/20/2013	16.24	16.84	16.16	16.35	501173	16584304.000
06/21/2013	15.88	16.74	15.70	16.73	783685	25654804.000
06/24/2013	16.48	17.06	15.70	15.95	1426200	46217976.000
06/25/2013	15.10	15.75	14.36	15.30	3079365	45919780.000
06/26/2013	15.00	16.30	15.00	16.15	2187909	34569104.000
06/27/2013	16.18	16.50	15.62	15.90	2732388	43655808.000
06/28/2013	15.51	17.43	15.51	16.98	3107991	51564820.000
07/01/2013	16.66	17.30	16.22	17.14	2925759	49067936.000
07/02/2013	17.01	17.63	17.01	17.45	3710137	64447296.000
07/03/2013	17.40	18.12	16.80	17.58	4358414	76062240.000
07/04/2013	17.53	19.34	17.41	19.20	6318370	120350488.000
07/05/2013	19.77	20.45	18.50	19.12	6133297	120896904.000
07/08/2013	19.33	19.33	17.21	17.88	5073471	90729544.000
07/09/2013	17.73	17.89	17.10	17.50	2742074	48039852.000
07/10/2013	17.55	17.95	17.17	17.60	2391360	41880476.000
07/11/2013	17.56	17.92	16.28	17.75	3313274	57161984.000
07/12/2013	17.34	17.62	17.09	17.16	3992586	69274952.000
07/15/2013	17.20	17.86	16.61	17.32	5505101	94987904.000
07/16/2013	17.23	17.50	16.55	16.70	6044728	102009160.000
07/17/2013	16.71	17.10	16.06	16.20	3813561	63200576.000
07/18/2013	16.10	16.98	15.90	16.83	4155896	68758496.000
07/19/2013	17.00	17.65	16.90	17.14	8435055	146372720.000
07/22/2013	17.00	17.48	16.50	17.01	4997313	85087192.000
07/23/2013	17.20	17.78	16.80	17.76	4821317	83599624.000
07/24/2013	17.57	19.54	17.42	18.54	6016207	110316584.000
07/25/2013	18.51	18.99	16.90	16.97	3824430	68536408.000
07/26/2013	16.89	17.29	16.72	17.00	2907586	49417720.000
07/29/2013	16.21	17.41	16.21	16.92	1478528	25045444.000
07/30/2013	16.89	17.19	16.35	16.70	1121762	18745584.000
07/31/2013	16.70	17.09	16.51	16.67	990599	16602543.000
08/01/2013	16.59	17.25	16.56	17.18	1545841	26340750.000
08/02/2013	17.22	18.12	17.18	17.80	3111307	55065260.000
08/05/2013	17.75	17.99	17.36	17.90	2678690	47146716.000
08/06/2013	17.70	18.01	17.40	18.00	3144447	55704552.000
08/07/2013	18.00	18.58	17.72	17.94	2918426	52809360.000
08/08/2013	18.14	18.27	17.75	17.92	2177687	39190788.000
08/09/2013	17.81	18.02	17.20	17.50	2499663	43798032.000
08/12/2013	17.30	17.68	16.97	17.11	1730710	29749960.000
08/13/2013	17.12	17.55	17.12	17.49	999843	17393578.000
08/14/2013	17.39	17.76	16.81	16.97	4026138	68670792.000
08/15/2013	16.93	17.05	16.50	16.61	2087054	34891620.000
08/16/2013	16.58	16.98	16.25	16.39	3007731	49606064.000
08/19/2013	16.29	16.68	16.18	16.61	2897046	47557268.000
08/20/2013	16.60	16.60	15.88	16.20	3513147	56880196.000
08/21/2013	15.97	16.55	15.83	16.46	1799985	29133450.000
08/22/2013	16.55	17.40	16.30	17.28	3098909	52623364.000
08/23/2013	17.26	17.36	16.72	16.90	2841965	48401996.000
08/26/2013	16.88	16.88	15.81	16.04	9460805	151756640.000
08/27/2013	15.93	16.14	15.65	15.77	4580951	72495856.000
08/28/2013	15.78	15.92	15.14	15.28	4235236	65916432.000
08/29/2013	15.20	15.40	14.42	14.81	4766711	71022320.000
08/30/2013	14.75	14.99	14.37	14.60	2764232	40642552.000
09/02/2013	14.67	15.03	14.45	14.96	2238163	33275664.000
09/03/2013	14.90	14.96	14.35	14.54	3568105	51902372.000
09/04/2013	14.57	15.41	14.56	15.39	5920412	89059144.000
09/05/2013	15.27	15.60	15.17	15.33	3424997	52737092.000
09/06/2013	15.25	15.53	15.09	15.37	2373663	36334364.000
09/09/2013	15.37	15.65	15.00	15.14	3672078	56145144.000
09/10/2013	15.16	15.46	14.80	14.89	3368636	51143832.000
09/11/2013	14.80	14.80	13.55	13.78	4567439	63626248.000
09/12/2013	13.75	14.41	13.71	14.17	3061676	43300984.000
09/13/2013	14.30	14.54	13.95	14.50	6189093	88392552.000
09/16/2013	14.57	14.73	14.37	14.44	2129729	30919588.000
09/17/2013	14.50	14.54	13.80	13.80	2667708	37487428.000
09/18/2013	13.88	14.25	13.79	14.25	2459849	34322560.000
09/23/2013	14.49	15.35	14.28	15.23	5733853	85448744.000
09/24/2013	15.25	16.75	15.25	16.63	9493738	153615584.000
09/25/2013	16.45	17.23	16.10	16.66	6172471	103894328.000
09/26/2013	16.60	17.58	16.30	16.82	6824650	117136632.000
09/27/2013	16.89	17.52	16.89	17.34	3302827	56908396.000
09/30/2013	17.28	17.34	16.70	17.13	4135705	70407816.000
10/08/2013	16.80	17.47	16.30	17.21	4659659	78855784.000
10/09/2013	17.10	17.11	16.60	16.91	2291119	38602672.000
10/10/2013	16.82	17.01	16.46	16.50	2802706	46674008.000
10/11/2013	16.36	16.80	16.27	16.57	2261135	37439972.000
10/14/2013	16.57	16.67	16.10	16.22	3157679	51655084.000
10/15/2013	16.42	17.00	15.75	16.80	4817242	78667320.000
10/16/2013	16.70	16.95	16.02	16.32	3072451	50401788.000
10/17/2013	16.26	16.73	16.09	16.40	1778269	29100178.000
10/18/2013	16.40	17.21	16.30	17.20	3610898	60499140.000
10/21/2013	17.28	18.18	17.22	17.97	4087083	72736056.000
10/22/2013	18.15	18.15	17.21	17.77	2851216	50160116.000
10/23/2013	17.63	17.76	16.36	16.64	2454465	41470540.000
10/24/2013	16.62	16.80	16.06	16.13	2278906	37078492.000
10/25/2013	16.02	16.30	15.45	15.47	2304612	36449392.000
10/28/2013	15.60	15.88	15.29	15.56	1583544	24582112.000
10/29/2013	15.60	15.86	14.40	15.81	2789660	42712208.000
10/30/2013	15.67	16.08	15.25	15.49	1882484	29444676.000
10/31/2013	15.40	15.98	14.85	15.10	3574636	53663848.000
11/01/2013	15.10	15.15	14.90	15.00	734663	11015235.000
11/04/2013	14.96	15.34	14.91	15.04	716336	10845270.000
11/05/2013	15.20	16.52	15.04	16.00	5469727	87277216.000
11/06/2013	16.20	16.20	15.53	15.64	3182210	50751584.000
11/07/2013	15.77	15.79	15.40	15.45	1090709	16934722.000
11/08/2013	15.56	15.73	15.10	15.71	1326917	20353202.000
11/11/2013	15.71	17.02	15.51	16.75	4383215	72153296.000
11/12/2013	16.56	17.33	16.16	16.90	5759605	97165296.000
11/13/2013	16.60	17.09	16.52	16.96	2519064	42533108.000
11/14/2013	16.90	17.40	16.81	17.01	3108947	53256336.000
11/15/2013	16.91	17.22	16.36	16.79	4418803	74175192.000
02/18/2014	18.47	18.47	18.47	18.47	890652	16450342.000
02/19/2014	20.32	20.32	19.90	20.32	27213398	552801856.000
02/20/2014	19.70	19.70	18.29	18.49	22642391	429063104.000
02/21/2014	18.90	19.28	18.56	18.71	11913010	225106592.000
02/24/2014	17.68	18.45	17.25	18.07	10234904	182690192.000
02/25/2014	17.85	18.18	16.26	16.26	11410017	196498688.000
02/26/2014	16.00	16.40	15.53	16.26	6798709	108689816.000
02/27/2014	16.28	16.73	15.56	15.58	6160380	100220456.000
02/28/2014	15.58	15.78	14.83	15.50	6089351	93110144.000
03/03/2014	15.51	15.88	15.00	15.49	6140519	94892160.000
03/04/2014	15.33	15.95	15.24	15.90	4695206	73568024.000
03/05/2014	16.05	16.17	15.60	15.82	3551529	56231468.000
03/06/2014	15.76	16.19	15.76	16.00	4449313	71161232.000
03/07/2014	16.07	16.13	15.18	15.22	4990102	77638864.000
03/10/2014	15.00	15.00	13.70	13.84	6767435	95729984.000
03/11/2014	13.69	13.80	13.05	13.40	4920859	65994156.000
03/12/2014	13.39	14.06	13.25	14.01	4956986	67820240.000
03/13/2014	14.01	14.68	13.83	14.61	4876071	69245696.000
03/14/2014	14.30	14.66	14.15	14.29	3088618	44387764.000
03/17/2014	14.04	14.39	14.04	14.34	2131057	30379746.000
03/18/2014	14.35	14.47	14.03	14.10	2747435	39042004.000
03/19/2014	14.06	14.16	13.73	13.89	2977415	41452436.000
03/20/2014	14.05	15.28	13.95	15.27	14504061	215717056.000
03/21/2014	14.97	15.18	14.45	14.88	6988043	103025184.000
03/24/2014	14.70	14.90	14.31	14.42	4526245	65845196.000
03/25/2014	14.44	14.81	14.20	14.56	3178300	46191336.000
03/26/2014	14.63	14.70	14.30	14.47	2558681	37176308.000
03/27/2014	14.40	14.46	13.49	13.56	4429902	61699956.000
03/28/2014	13.55	13.55	12.58	12.70	4007825	51982296.000
03/31/2014	12.67	12.93	12.51	12.80	1531825	19578454.000
04/01/2014	12.88	13.52	12.81	13.40	2694210	35934588.000
04/02/2014	13.53	13.53	13.11	13.40	2196873	29208500.000
04/03/2014	13.30	13.83	13.30	13.68	2714541	37186504.000
04/04/2014	13.60	14.54	13.53	14.45	3618830	51550948.000
04/08/2014	14.48	15.88	14.15	15.40	9137642	140821472.000
04/09/2014	15.32	15.95	15.20	15.57	6395681	99831296.000
04/10/2014	15.46	15.80	15.19	15.46	4518918	69989184.000
04/11/2014	15.25	15.58	15.04	15.30	2643685	40409324.000
04/14/2014	15.30	15.74	15.25	15.58	3474800	54113192.000
04/15/2014	15.59	16.30	15.59	15.78	5393805	86756928.000
04/16/2014	15.78	15.97	15.40	15.60	1531053	23823948.000
04/17/2014	15.60	15.88	15.45	15.54	1513596	23735144.000
04/18/2014	15.51	16.50	15.51	16.47	4921882	79725536.000
04/21/2014	16.48	16.77	16.11	16.15	3592601	59047572.000
04/22/2014	16.17	16.38	15.46	15.80	3226636	51289488.000
04/23/2014	15.85	16.15	15.42	15.71	1698646	26693656.000
04/24/2014	15.71	15.71	14.98	15.34	1833926	28048748.000
04/25/2014	15.45	15.56	14.76	14.87	1409954	21344906.000
04/28/2014	14.73	14.90	14.00	14.24	1934370	27967290.000
04/29/2014	14.24	14.68	13.80	14.65	3401694	47970152.000
04/30/2014	14.80	14.89	14.53	14.80	1107745	16248378.000
05/05/2014	14.80	15.38	14.35	15.37	1395012	20950952.000
05/06/2014	15.56	16.02	15.28	15.70	2494426	39257932.000
05/07/2014	16.29	17.00	15.88	16.12	5931203	96698264.000
05/08/2014	15.98	16.27	15.60	15.75	2881573	45709904.000
05/09/2014	15.72	16.44	15.62	16.25	4317138	69128440.000
05/12/2014	16.30	16.88	16.10	16.78	4244944	70278568.000
05/13/2014	16.80	16.97	16.41	16.62	2586508	43280752.000
05/14/2014	16.60	16.61	16.13	16.38	1482141	24248692.000
05/15/2014	16.17	16.49	15.58	15.70	2905213	46606060.000
05/16/2014	15.77	16.18	15.47	16.18	1783873	28187962.000
05/19/2014	16.01	16.48	15.95	16.10	1035416	16793820.000
05/20/2014	16.28	16.70	16.04	16.07	1835660	29913254.000
05/21/2014	16.02	16.56	15.88	16.50	1686908	27338966.000
05/22/2014	16.48	18.13	16.36	17.22	8227944	144174240.000
05/23/2014	17.15	17.68	17.15	17.58	3060779	53510948.000
05/26/2014	17.97	18.63	17.80	17.97	6959001	126864744.000
05/27/2014	17.77	18.44	17.58	18.23	9659291	173655248.000
05/28/2014	18.23	18.44	17.95	18.33	3685012	67169880.000
05/29/2014	18.35	18.70	17.66	17.69	3682571	67208208.000
05/30/2014	17.70	18.88	17.70	18.31	3544391	64754792.000
06/03/2014	18.60	18.60	17.82	17.90	3187423	57732576.000
06/04/2014	18.20	18.38	17.10	17.49	4062541	71166520.000
06/05/2014	17.48	17.70	17.14	17.70	3687200	63877000.000
06/06/2014	17.66	17.68	17.15	17.35	3488943	60680316.000
06/09/2014	17.17	17.41	17.10	17.32	1327861	22943736.000
06/10/2014	17.39	18.16	17.39	18.08	3909903	69746872.000
06/11/2014	18.09	18.62	17.93	18.56	3257939	59699564.000
06/12/2014	18.60	18.67	18.18	18.33	1915255	35310992.000
06/13/2014	18.13	19.30	18.13	19.00	2919559	54901344.000
06/16/2014	19.00	19.25	18.61	19.00	2254912	42683176.000
06/17/2014	19.00	19.01	18.20	18.47	1357736	25202850.000
06/18/2014	18.38	18.72	18.26	18.48	907086	16804080.000
06/19/2014	18.50	18.68	17.55	17.55	2084896	37847904.000
06/20/2014	17.60	18.03	17.51	17.99	1283880	22771436.000
06/23/2014	18.03	18.84	18.00	18.48	1511675	28095382.000
06/24/2014	18.30	18.30	16.63	17.40	11562724	198131024.000
06/25/2014	17.00	17.59	16.88	17.32	2563425	44123748.000
06/26/2014	17.33	18.49	17.33	18.21	3186995	57447324.000
06/27/2014	18.21	18.40	17.86	18.40	1918747	34722680.000
06/30/2014	18.39	18.45	17.79	18.30	4234839	76369320.000
07/01/2014	18.10	18.10	17.33	17.40	5725282	100494496.000
07/02/2014	17.36	17.65	17.25	17.61	1784512	31323358.000
07/03/2014	17.63	17.84	17.45	17.79	2119538	37328344.000
07/04/2014	17.75	17.97	16.06	17.97	3245464	57072688.000
07/07/2014	18.10	18.20	17.52	17.75	2406554	42700824.000
07/08/2014	17.65	17.86	17.45	17.68	2603107	45762472.000
07/09/2014	17.91	18.84	17.87	18.50	6066336	111392816.000
07/10/2014	18.49	20.35	18.42	18.88	9899979	191249184.000
07/11/2014	19.00	19.66	18.52	19.41	5202392	99509208.000
07/14/2014	19.45	20.99	19.37	20.10	5032389	101324256.000
07/15/2014	19.80	19.80	19.00	19.07	4270770	82498384.000
07/16/2014	19.14	19.64	18.33	18.50	3224883	60719732.000
07/17/2014	18.59	18.87	18.40	18.60	1831741	34066484.000
07/18/2014	18.65	18.95	18.32	18.56	1659734	30979314.000
07/21/2014	18.49	19.06	18.23	18.70	1463606	27258942.000
07/22/2014	18.60	19.18	18.59	18.90	1934262	36646524.000
07/23/2014	18.86	18.87	17.85	17.92	3644912	66593572.000
07/24/2014	18.15	18.35	17.98	18.10	1856309	33597144.000
07/25/2014	18.00	18.37	17.94	18.06	1616477	29240252.000
07/28/2014	18.12	18.25	17.53	18.15	4027234	72095800.000
07/29/2014	18.10	18.72	17.95	18.58	3234573	59359944.000
07/30/2014	18.88	18.88	18.26	18.49	1883022	34878584.000
07/31/2014	18.48	18.59	17.98	18.29	2436231	44290896.000
08/01/2014	18.20	18.34	17.68	17.81	3438347	61769824.000
08/04/2014	17.90	17.92	17.53	17.60	3503221	61819428.000
08/05/2014	17.60	17.95	17.57	17.80	2677610	47631112.000
08/06/2014	17.81	18.32	17.72	18.20	2957962	53491444.000
08/07/2014	18.20	18.47	17.92	18.06	2071406	37617480.000
08/08/2014	18.07	18.88	18.00	18.80	4750146	87943328.000
08/11/2014	18.80	19.49	18.74	19.09	4395607	84306184.000
08/12/2014	19.09	19.96	18.80	19.89	5886509	115224296.000
08/13/2014	20.02	21.78	20.00	21.53	9459946	197638064.000
08/14/2014	22.00	23.35	21.88	22.25	6554797	146795536.000
08/15/2014	22.38	22.70	21.63	22.32	4701235	103814840.000
08/18/2014	22.01	22.46	21.70	22.17	4083476	89941840.000
08/19/2014	22.01	22.88	21.75	22.50	4769988	106706712.000
08/20/2014	22.48	22.65	21.85	22.09	2590881	57491920.000
08/21/2014	22.10	22.23	21.27	21.71	3870718	83345744.000
08/22/2014	21.63	22.07	21.47	21.70	2906881	63349212.000
08/25/2014	21.69	23.87	21.50	23.87	6926126	161531184.000
08/26/2014	24.40	24.78	22.70	22.90	6458239	152036496.000
08/27/2014	22.90	23.49	22.52	23.25	3669720	84395832.000
08/28/2014	23.35	24.39	22.80	23.01	4899074	115406736.000
08/29/2014	23.25	24.38	22.91	23.60	5596710	133000200.000
09/01/2014	23.72	24.20	23.40	24.05	7112533	168811104.000
09/02/2014	24.50	24.50	23.70	23.93	6529914	156112304.000
09/03/2014	24.04	24.11	23.30	23.92	6151402	145303392.000
09/12/2014	23.89	24.09	22.45	23.92	10478349	243059424.000
09/15/2014	23.95	24.57	23.63	24.45	5528077	133478096.000
09/16/2014	24.40	24.50	22.75	22.90	4946869	116801256.000
09/17/2014	22.76	23.19	22.10	22.38	4176380	93675584.000
09/18/2014	22.38	22.49	21.18	21.30	8847838	191566672.000
09/19/2014	21.60	22.96	21.60	22.80	6285210	140645376.000
09/22/2014	22.80	22.85	21.80	22.71	2955464	66401448.000
09/23/2014	22.90	23.00	22.20	22.28	3377847	75920088.000
09/24/2014	22.50	22.54	21.98	22.19	4269020	94770560.000
09/25/2014	22.14	22.80	22.11	22.49	3241972	73106912.000
09/26/2014	22.20	22.28	21.47	21.67	5754121	124706424.000
09/29/2014	21.76	21.86	20.80	20.94	10861888	228631696.000
09/30/2014	21.03	21.49	20.74	21.46	5355686	113728208.000
10/08/2014	21.46	22.22	21.46	22.11	4406392	96852152.000
10/09/2014	22.29	23.07	22.29	22.64	6221712	141051984.000
10/10/2014	22.45	22.63	21.83	21.98	4522353	100324408.000
10/13/2014	21.90	23.44	21.62	23.19	7037200	160387152.000
10/14/2014	23.19	23.78	22.61	22.76	4807263	111237352.000
10/15/2014	22.87	23.24	22.24	22.95	4236010	96867472.000
10/16/2014	22.80	22.80	21.97	22.04	4241038	94986288.000
10/17/2014	21.80	22.19	21.11	21.57	3154412	68141776.000
10/20/2014	21.50	22.21	21.31	21.99	2976220	64833280.000
10/21/2014	22.00	22.93	21.77	22.40	4748506	107483944.000
10/22/2014	22.69	22.84	21.89	21.90	2312010	51848500.000
10/23/2014	21.81	21.90	21.36	21.60	1925010	41461216.000
10/24/2014	21.89	22.20	21.58	21.62	1153370	25188092.000
10/27/2014	21.65	22.26	21.00	22.04	2375964	51757284.000
10/28/2014	22.05	23.08	22.05	22.24	4916062	109822080.000
10/29/2014	22.28	22.82	22.24	22.52	4863542	109577912.000
10/30/2014	23.00	23.16	22.30	22.36	4575026	104081456.000
10/31/2014	22.34	22.55	21.86	22.39	5194825	115329272.000
数据来源:通达信
