300152 燃控科技 日线
      日期	    开盘	    最高	    最低	    收盘	    成交量	    成交额
12/29/2010	20.93	22.80	20.38	22.77	19347132	931594176.000
12/30/2010	23.20	23.43	21.91	22.03	9957097	505229568.000
12/31/2010	22.75	24.10	22.48	22.97	6693281	345820768.000
01/04/2011	22.70	25.09	22.26	24.85	5893793	316248160.000
01/05/2011	24.22	24.65	23.66	24.32	3646163	197241920.000
01/06/2011	24.38	24.82	22.75	22.80	4518149	240480752.000
01/07/2011	22.93	23.24	21.52	21.75	4060325	203207520.000
01/10/2011	21.57	22.07	20.89	21.06	2788841	133852616.000
01/11/2011	20.84	21.24	20.55	20.93	1930224	90763608.000
01/12/2011	20.98	21.13	19.93	20.15	2722239	125222064.000
01/13/2011	20.19	20.38	19.81	20.21	1668963	75358248.000
01/14/2011	20.03	20.03	18.79	19.06	2689200	116404616.000
01/17/2011	18.89	19.10	18.29	18.36	1339403	55881752.000
01/18/2011	18.20	19.26	18.13	18.62	1431697	59660940.000
01/19/2011	18.61	19.16	18.37	18.86	1580038	66970268.000
01/20/2011	18.68	18.75	17.53	17.57	1731761	70655712.000
01/21/2011	17.34	17.90	17.34	17.61	1056161	41839164.000
01/24/2011	17.68	17.94	16.70	16.73	1549489	60731404.000
01/25/2011	16.56	17.35	16.51	17.11	984863	37483464.000
01/26/2011	17.10	17.57	17.02	17.27	1027140	40141820.000
01/27/2011	17.19	17.71	16.90	17.51	1022840	40204392.000
01/28/2011	17.47	17.64	17.02	17.30	1066654	41457188.000
01/31/2011	17.24	17.74	17.17	17.69	853513	33784308.000
02/01/2011	18.50	18.99	18.01	18.22	2049532	85365520.000
02/09/2011	18.11	18.77	17.78	17.84	1499001	61831288.000
02/10/2011	17.61	18.83	17.51	18.70	1690637	69402352.000
02/11/2011	18.66	19.31	18.58	19.08	1871130	79574208.000
02/14/2011	19.11	19.28	18.80	19.16	1450188	62175680.000
02/15/2011	19.24	19.24	18.82	18.85	1467968	62673044.000
02/16/2011	18.70	19.41	18.68	19.17	1288705	55373848.000
02/17/2011	19.13	19.20	18.85	19.04	1422016	60781176.000
02/18/2011	19.05	20.01	18.88	19.79	2096163	92801384.000
02/21/2011	19.73	20.03	19.42	20.03	1441075	64018864.000
02/22/2011	20.22	20.22	19.16	19.18	1472959	65146472.000
02/23/2011	18.98	19.69	18.97	19.38	1211930	52711412.000
02/24/2011	19.18	19.56	19.11	19.40	867844	37655708.000
02/25/2011	19.16	19.46	18.89	18.93	934381	40164176.000
02/28/2011	18.20	18.38	17.27	17.47	4998432	197793008.000
03/01/2011	17.31	17.48	17.23	17.39	2404623	94179632.000
03/02/2011	17.29	17.53	17.27	17.42	1584607	62144468.000
03/03/2011	17.41	17.49	16.93	16.99	1526154	59220104.000
03/04/2011	16.89	17.24	16.88	17.24	669060	25794630.000
03/07/2011	17.41	17.47	17.25	17.42	1314030	51479500.000
03/08/2011	17.42	17.61	17.42	17.54	1232308	48649920.000
03/09/2011	17.69	17.69	17.34	17.43	917062	36042940.000
03/10/2011	17.48	17.58	17.42	17.43	1021987	40300944.000
03/11/2011	17.30	17.52	17.30	17.35	894385	35122816.000
03/14/2011	17.32	17.71	17.32	17.70	1559941	61929000.000
03/15/2011	17.75	17.75	16.98	17.39	1111062	43455000.000
03/16/2011	17.40	17.55	17.24	17.48	789271	31078070.000
03/17/2011	17.45	17.45	16.93	17.12	660395	25644132.000
03/18/2011	17.10	17.34	17.10	17.20	362695	14088696.000
03/21/2011	17.29	17.33	17.02	17.06	443447	17125724.000
03/22/2011	17.08	17.18	16.76	16.86	718502	27336566.000
03/23/2011	16.84	16.93	16.80	16.88	576240	21938996.000
03/24/2011	16.97	17.13	16.93	16.97	740858	28448256.000
03/25/2011	17.00	17.16	17.00	17.15	940518	36251744.000
03/28/2011	17.15	17.23	16.87	16.91	673761	25962236.000
03/29/2011	16.91	17.04	16.39	16.41	789166	29553198.000
03/30/2011	16.53	16.53	15.48	15.48	1779127	63104672.000
03/31/2011	15.58	15.83	15.48	15.61	721230	25512198.000
04/01/2011	15.63	15.82	15.58	15.77	595873	21128726.000
04/06/2011	15.48	15.48	15.06	15.11	1291005	44441220.000
04/07/2011	15.10	15.32	14.79	15.24	922697	31350354.000
04/08/2011	15.23	15.62	15.07	15.58	1030141	35905188.000
04/11/2011	15.57	15.61	15.27	15.42	624032	21736060.000
04/12/2011	15.44	15.44	15.14	15.23	386738	13368048.000
04/13/2011	15.45	16.11	15.45	15.88	1326147	47511248.000
04/14/2011	15.78	15.82	15.59	15.72	574806	20378032.000
04/15/2011	15.67	15.72	15.39	15.71	549198	19391828.000
04/18/2011	15.70	15.70	15.31	15.38	452502	15811819.000
04/19/2011	15.29	15.41	14.88	15.40	712586	24471884.000
04/20/2011	15.38	15.64	15.02	15.52	647922	22464276.000
04/21/2011	15.52	15.70	15.30	15.58	618821	21745212.000
04/25/2011	15.29	15.29	14.10	14.20	900041	29350090.000
04/26/2011	14.11	14.23	13.98	14.03	557240	17796648.000
04/27/2011	14.16	14.18	13.05	13.11	1043822	31918742.000
04/28/2011	13.13	13.17	12.48	12.52	1186534	34518736.000
04/29/2011	12.50	12.70	12.44	12.52	676062	19290108.000
05/03/2011	12.65	12.65	12.49	12.56	710465	20305318.000
05/04/2011	12.58	12.63	12.07	12.11	1048502	29476378.000
05/05/2011	12.11	12.28	12.07	12.16	548237	15207609.000
05/06/2011	12.11	12.47	12.03	12.34	649048	18213168.000
05/09/2011	12.34	12.66	12.34	12.61	664532	18960376.000
05/10/2011	12.61	12.73	12.48	12.63	561821	16100122.000
05/11/2011	12.63	12.74	12.53	12.69	350815	10091152.000
05/12/2011	12.68	12.68	12.56	12.60	509023	14607920.000
05/13/2011	12.68	12.69	12.38	12.59	393666	11135424.000
05/16/2011	12.61	12.70	12.48	12.59	238247	6747839.500
05/17/2011	12.59	12.66	12.29	12.52	314438	8839592.000
05/18/2011	12.52	12.55	12.33	12.51	149272	4189788.250
05/19/2011	12.43	12.59	12.34	12.34	231908	6509929.000
05/20/2011	12.38	12.51	12.25	12.25	366797	10210849.000
05/23/2011	12.20	12.24	11.45	11.52	523215	13856075.000
05/24/2011	11.52	11.98	11.11	11.90	794756	20784482.000
05/25/2011	11.79	11.83	11.25	11.48	551059	14443383.000
05/26/2011	11.44	11.68	11.36	11.37	424413	10999330.000
05/27/2011	11.47	11.55	11.25	11.38	367892	9437179.000
05/30/2011	11.78	12.54	11.77	12.54	3221087	90089984.000
05/31/2011	12.54	12.65	12.16	12.56	2636921	73634232.000
06/01/2011	12.56	13.33	12.34	12.95	2691224	77954128.000
06/02/2011	12.57	12.83	12.38	12.81	1507003	42740992.000
06/03/2011	12.76	12.97	12.54	12.83	1228318	35312260.000
06/07/2011	12.84	13.02	12.59	12.78	873105	25180228.000
06/08/2011	12.84	13.09	12.72	13.02	1333494	38711432.000
06/09/2011	12.91	13.01	12.43	12.44	999674	28514854.000
06/10/2011	12.39	12.48	11.74	12.03	893224	24170530.000
06/13/2011	12.03	12.24	11.84	12.16	558694	15219639.000
06/14/2011	12.16	12.29	12.02	12.29	532881	14654216.000
06/15/2011	12.24	12.38	12.03	12.06	568404	15572163.000
06/16/2011	11.91	11.98	11.57	11.58	666200	17675176.000
06/17/2011	11.53	11.69	11.38	11.40	476838	12355004.000
06/20/2011	11.35	12.15	11.15	11.83	998938	26667332.000
06/21/2011	11.98	12.20	11.85	12.17	791871	21517600.000
06/22/2011	12.23	12.29	11.98	12.03	496219	13538934.000
06/23/2011	11.97	12.48	11.62	12.48	1348428	37261396.000
06/24/2011	12.52	12.77	12.38	12.63	1223364	34667344.000
06/27/2011	12.70	12.84	12.53	12.64	955444	27234488.000
06/28/2011	12.62	12.64	12.43	12.56	621321	17508722.000
06/29/2011	12.62	13.05	12.56	12.57	1080638	31161428.000
06/30/2011	12.48	12.67	12.44	12.58	638983	18091564.000
07/01/2011	12.57	12.98	12.51	12.89	1275694	36837496.000
07/04/2011	12.94	13.29	12.93	13.15	1079090	31887726.000
07/05/2011	13.34	14.50	13.33	13.88	4195356	133778296.000
07/06/2011	13.62	13.85	13.33	13.71	1848351	56503884.000
07/07/2011	13.68	14.00	13.59	13.70	1287741	39890604.000
07/08/2011	13.68	13.76	13.38	13.61	849853	25822624.000
07/11/2011	13.57	13.79	13.44	13.65	640870	19649490.000
07/12/2011	13.57	13.60	13.13	13.14	1147979	34448652.000
07/13/2011	13.17	13.45	13.14	13.40	733546	22054964.000
07/14/2011	13.40	13.75	13.40	13.75	1019186	31156156.000
07/15/2011	13.70	14.22	13.63	14.00	1723992	54258036.000
07/18/2011	14.38	14.38	13.63	13.63	1366373	42707728.000
07/19/2011	13.58	13.70	13.25	13.31	692956	20942762.000
07/20/2011	13.56	13.71	13.20	13.47	956199	28931278.000
07/21/2011	13.31	13.45	13.18	13.18	453298	13547403.000
07/22/2011	13.20	13.51	13.16	13.22	809785	24293838.000
07/25/2011	13.20	13.44	12.71	12.73	680401	19941774.000
07/26/2011	12.73	12.88	12.66	12.84	400213	11499620.000
07/27/2011	12.79	13.20	12.67	13.11	741389	21753402.000
07/28/2011	12.97	13.15	12.84	13.11	535765	15632420.000
07/29/2011	13.25	13.33	12.99	13.29	892747	26431870.000
08/01/2011	13.28	13.70	13.26	13.58	1027952	31217588.000
08/02/2011	13.56	13.56	13.11	13.36	715007	21324650.000
08/03/2011	13.25	13.88	13.11	13.67	1031069	31602342.000
08/04/2011	13.69	13.84	13.48	13.59	745944	22833066.000
08/05/2011	13.09	13.27	12.83	13.07	837526	24641712.000
08/08/2011	12.93	13.00	11.88	11.93	1001967	28064802.000
08/09/2011	11.38	12.04	11.18	11.80	902656	23442570.000
08/10/2011	12.00	12.18	11.86	11.88	618375	16789442.000
08/11/2011	11.53	12.15	11.53	12.10	650339	17529400.000
08/12/2011	12.23	12.70	12.21	12.41	724780	20381256.000
08/15/2011	12.48	12.87	12.34	12.78	881149	25129722.000
08/16/2011	12.86	12.86	12.46	12.50	483550	13718927.000
08/17/2011	12.50	12.70	12.46	12.54	538004	15245269.000
08/18/2011	12.29	12.62	12.25	12.27	355348	9916401.000
08/19/2011	12.07	12.16	11.98	12.16	537030	14595030.000
08/22/2011	12.21	12.65	12.02	12.33	675128	18882274.000
08/23/2011	12.33	12.83	12.33	12.83	786666	22389704.000
08/24/2011	12.88	13.46	12.88	13.14	1653775	49315976.000
08/25/2011	13.23	13.43	12.98	13.36	1474837	43944372.000
08/26/2011	13.36	13.70	13.25	13.56	1304602	39716964.000
08/29/2011	13.55	13.68	13.24	13.33	1530673	46058620.000
08/30/2011	13.45	13.49	13.03	13.03	1070467	31798316.000
08/31/2011	12.98	13.14	12.79	12.95	584833	17055876.000
09/01/2011	12.94	13.14	12.78	12.84	603667	17530512.000
09/02/2011	12.80	12.86	12.40	12.60	552227	15673402.000
09/05/2011	12.41	12.43	12.09	12.09	486273	13412364.000
09/06/2011	11.86	12.13	11.80	12.02	421117	11369920.000
09/07/2011	11.98	12.54	11.98	12.53	360072	9959736.000
09/08/2011	12.57	12.92	12.49	12.49	615563	17644550.000
09/09/2011	12.44	12.70	12.25	12.34	287377	8041470.000
09/13/2011	12.05	12.18	11.71	11.76	829077	22222064.000
09/14/2011	11.79	11.91	11.48	11.79	1033456	27207778.000
09/15/2011	11.86	11.92	11.75	11.78	606663	16201160.000
09/16/2011	11.79	11.93	11.79	11.87	822130	21967522.000
09/19/2011	11.84	11.84	11.29	11.41	798633	20629948.000
09/20/2011	11.32	11.59	11.32	11.50	387148	10013394.000
09/21/2011	11.61	12.05	11.43	11.99	742707	19808002.000
09/22/2011	11.92	12.19	11.81	11.81	1099581	29824592.000
09/23/2011	11.53	11.80	11.48	11.73	456060	11982157.000
09/26/2011	11.78	11.82	11.52	11.54	442306	11597153.000
09/27/2011	11.66	11.79	11.55	11.77	327149	8635652.000
09/28/2011	11.88	11.98	11.52	11.57	340910	9031343.000
09/29/2011	11.38	11.61	11.38	11.40	411517	10658644.000
09/30/2011	11.41	11.50	11.12	11.41	307094	7828450.000
10/10/2011	11.34	11.59	11.34	11.45	220750	5717745.500
10/11/2011	11.82	11.92	11.39	11.46	403404	10581519.000
10/12/2011	11.50	12.00	11.36	11.96	590825	15738497.000
10/13/2011	12.03	12.15	11.91	12.08	779177	21175306.000
10/14/2011	11.89	12.11	11.82	11.96	496126	13365339.000
10/17/2011	12.01	12.10	11.90	12.03	546575	14795695.000
10/18/2011	11.98	11.98	11.45	11.45	658375	17394928.000
10/19/2011	11.47	11.63	11.37	11.52	336870	8742432.000
10/20/2011	11.52	11.52	11.16	11.23	564625	14386148.000
10/24/2011	11.24	11.24	10.12	10.67	1005530	23973950.000
10/25/2011	10.54	11.11	10.39	11.04	808759	19690904.000
10/26/2011	10.95	11.38	10.84	11.29	965574	24475266.000
10/27/2011	11.25	11.90	11.07	11.54	1158513	30408510.000
10/28/2011	11.79	12.29	11.48	12.25	1609575	43138740.000
10/31/2011	12.37	12.79	12.21	12.43	1809516	50960796.000
11/01/2011	12.32	12.77	12.23	12.39	1264786	35609128.000
11/02/2011	12.08	12.85	11.88	12.74	1792737	49712784.000
11/03/2011	12.79	13.05	12.48	12.51	1630240	46860196.000
11/04/2011	12.53	12.63	12.39	12.44	1003304	28259608.000
11/07/2011	12.35	12.79	12.32	12.73	1481063	42126544.000
11/08/2011	12.72	13.06	12.58	12.74	1427960	41221584.000
11/09/2011	12.81	13.02	12.47	12.93	1318409	37872512.000
11/10/2011	12.75	14.01	12.72	13.25	3915520	118606760.000
11/11/2011	13.20	13.28	12.83	12.89	1653879	48540040.000
11/14/2011	13.20	13.53	13.11	13.38	1600558	48035124.000
11/15/2011	13.44	13.76	13.35	13.38	1817143	55414560.000
11/16/2011	13.34	13.48	12.78	12.83	1508648	44491988.000
11/17/2011	12.91	13.32	12.83	13.13	1481259	43771072.000
11/18/2011	12.98	13.09	12.52	12.70	1033079	29710386.000
11/21/2011	12.59	12.73	12.23	12.48	784433	21930388.000
11/22/2011	12.35	12.64	12.26	12.64	768230	21601314.000
11/23/2011	12.67	12.88	12.61	12.70	936782	26949972.000
11/24/2011	12.52	13.14	12.43	13.08	1450640	42039296.000
11/25/2011	13.06	13.27	12.84	12.88	1074024	31560458.000
11/28/2011	12.89	13.06	12.70	12.93	639619	18565070.000
11/29/2011	13.02	13.11	12.63	12.71	1207618	34674176.000
11/30/2011	12.65	12.73	11.42	11.68	1448954	39530992.000
12/01/2011	12.14	12.20	11.75	11.77	1584363	43068548.000
12/02/2011	11.77	11.93	11.46	11.48	771739	20324754.000
12/05/2011	11.20	11.38	10.66	10.76	1331428	33157164.000
12/06/2011	10.70	11.05	10.70	10.94	567153	13947004.000
12/07/2011	10.94	11.05	10.84	10.98	558975	13848078.000
12/08/2011	10.98	11.23	10.69	11.11	728800	18112834.000
12/09/2011	10.98	11.23	10.97	11.10	548753	13727455.000
12/12/2011	11.11	11.18	10.85	10.86	430906	10730026.000
12/13/2011	10.71	10.83	10.48	10.49	599331	14345154.000
12/14/2011	10.52	10.70	10.32	10.36	384173	9121738.000
12/15/2011	10.20	10.52	10.18	10.35	420358	9861816.000
12/16/2011	10.51	10.98	10.38	10.98	862530	20945928.000
12/19/2011	10.98	11.40	10.95	11.37	1688798	42858564.000
12/20/2011	11.21	11.36	10.99	11.03	1006545	25342438.000
12/21/2011	11.23	11.31	10.31	10.59	783387	19537480.000
12/22/2011	10.40	11.29	10.18	11.21	1573064	37901380.000
12/23/2011	11.02	11.29	10.98	11.06	1122058	28235730.000
12/26/2011	10.85	11.06	10.52	10.52	850744	20813636.000
12/27/2011	10.39	10.39	9.44	9.44	1701888	37852968.000
12/28/2011	8.86	9.24	8.85	8.97	1545220	31564264.000
12/29/2011	8.93	9.20	8.93	9.02	710700	14674996.000
12/30/2011	9.04	9.24	9.04	9.12	847850	17603886.000
01/04/2012	9.17	9.29	8.64	8.64	719190	14750221.000
01/05/2012	8.53	8.59	8.11	8.13	814160	15521564.000
01/06/2012	8.13	8.33	7.88	8.29	1102523	20255640.000
01/09/2012	8.13	8.73	8.13	8.73	939507	18201920.000
01/10/2012	8.74	9.11	8.61	9.05	1250294	25387168.000
01/11/2012	9.04	9.24	8.93	9.03	928132	19132448.000
01/12/2012	9.03	9.14	8.85	8.97	688031	14072030.000
01/13/2012	8.97	8.97	8.21	8.26	1138237	22023232.000
01/16/2012	8.19	8.28	8.03	8.04	434851	8062709.000
01/17/2012	8.08	8.68	8.03	8.59	868688	16531550.000
01/18/2012	8.60	8.60	8.04	8.07	1089759	20726768.000
01/19/2012	8.07	8.41	8.03	8.37	768705	14444191.000
01/20/2012	8.39	8.61	8.38	8.52	768645	14924813.000
01/30/2012	8.55	8.67	8.39	8.47	811381	15791522.000
01/31/2012	8.48	8.61	8.41	8.61	551978	10699250.000
02/01/2012	8.66	8.86	8.52	8.62	829376	16457688.000
02/02/2012	8.64	8.82	8.60	8.81	722014	14281794.000
02/03/2012	8.79	9.04	8.71	8.98	1068789	21652598.000
02/06/2012	8.98	9.13	8.92	9.04	917689	18792162.000
02/07/2012	9.01	9.01	8.74	8.76	744640	14943871.000
02/08/2012	8.78	9.08	8.71	9.08	996873	20229520.000
02/09/2012	9.05	9.29	9.05	9.08	991754	20645208.000
02/10/2012	9.08	9.18	9.01	9.08	740765	15299144.000
02/13/2012	8.98	9.39	8.93	9.38	1330978	28031768.000
02/14/2012	9.42	9.69	9.35	9.39	1143370	24590548.000
02/15/2012	9.39	9.56	9.29	9.53	953330	20420318.000
02/16/2012	9.50	9.59	9.34	9.41	801307	17171446.000
02/17/2012	9.43	9.48	9.18	9.28	843596	17776280.000
02/20/2012	9.47	9.56	9.35	9.38	916434	19642194.000
02/21/2012	9.39	9.58	9.25	9.57	965747	20651432.000
02/22/2012	9.52	9.92	9.52	9.89	1633499	36181852.000
02/23/2012	9.94	10.25	9.89	10.23	2022992	46103940.000
02/24/2012	10.18	10.31	10.03	10.18	1521192	34969668.000
02/27/2012	10.33	10.36	10.11	10.14	1298700	30060110.000
02/28/2012	10.03	10.09	9.78	9.86	1773330	39681060.000
02/29/2012	9.86	9.94	9.77	9.78	786247	17528164.000
03/01/2012	9.84	10.01	9.80	9.86	713359	15992208.000
03/02/2012	9.87	10.06	9.86	10.02	1113772	25122220.000
03/05/2012	10.02	10.12	9.93	9.97	943442	21420078.000
03/06/2012	9.95	9.95	9.56	9.61	1280651	28109002.000
03/07/2012	9.52	9.69	9.44	9.54	829353	17999638.000
03/08/2012	9.59	9.77	9.57	9.69	835991	18355650.000
03/09/2012	9.75	10.04	9.75	10.02	1707344	38449568.000
03/12/2012	10.03	10.14	9.93	10.04	948580	21559524.000
03/13/2012	10.13	10.23	10.00	10.18	1082498	24882374.000
03/14/2012	10.21	10.44	9.74	9.83	2123158	48781840.000
03/15/2012	9.86	9.93	9.50	9.70	1066359	23474506.000
03/16/2012	9.65	9.83	9.58	9.82	1229796	27127028.000
03/19/2012	9.80	9.84	9.63	9.79	1584747	34997392.000
03/20/2012	9.77	9.77	9.42	9.42	1161805	25243636.000
03/21/2012	9.47	9.50	9.12	9.31	1022097	21584682.000
03/22/2012	9.28	9.37	9.22	9.31	550035	11634677.000
03/23/2012	9.30	9.34	9.04	9.11	484958	10113390.000
03/26/2012	9.11	9.17	9.02	9.10	350059	7227084.500
03/27/2012	9.14	9.23	9.08	9.09	352222	7327998.500
03/28/2012	9.04	9.04	8.53	8.54	698846	13921630.000
03/29/2012	8.47	8.60	8.18	8.25	854147	16220715.000
03/30/2012	8.34	8.60	8.33	8.56	1407949	27299652.000
04/05/2012	8.52	8.84	8.46	8.82	902502	17946578.000
04/06/2012	8.82	8.97	8.71	8.86	722785	14513981.000
04/09/2012	8.84	8.91	8.68	8.78	424048	8476857.000
04/10/2012	8.75	8.88	8.47	8.88	731106	14423440.000
04/11/2012	8.75	9.13	8.50	9.11	733932	14840151.000
04/12/2012	10.05	10.05	10.05	10.05	469531	10686526.000
04/13/2012	11.08	11.08	10.72	10.92	7826739	193543296.000
04/16/2012	10.61	10.88	10.46	10.70	3177924	76650488.000
04/17/2012	10.56	10.56	9.97	10.10	7199921	165824992.000
04/18/2012	10.05	10.23	9.97	10.16	2946635	67498544.000
04/19/2012	10.15	10.15	9.85	9.93	2096602	47533796.000
04/20/2012	9.88	10.09	9.88	10.02	1469111	33316750.000
04/23/2012	10.01	10.01	9.57	9.65	2837022	62377196.000
04/24/2012	9.61	9.77	9.16	9.37	1936729	41456588.000
04/25/2012	9.36	9.56	9.26	9.49	1124937	24076706.000
04/26/2012	9.52	9.88	9.45	9.66	1629278	35754496.000
04/27/2012	9.63	9.70	9.43	9.53	1586990	34445232.000
05/02/2012	9.65	9.75	9.55	9.70	1214277	26613114.000
05/03/2012	9.70	9.75	9.40	9.60	1716721	37177872.000
05/04/2012	9.60	10.02	9.60	9.96	2294598	51400836.000
05/07/2012	9.95	10.50	9.86	10.44	3684491	85488672.000
05/08/2012	10.52	10.52	10.18	10.26	2195719	51169080.000
05/09/2012	10.25	10.38	10.09	10.20	2108974	48811168.000
05/10/2012	10.26	10.38	10.15	10.37	1849583	42982592.000
05/11/2012	10.75	10.86	10.20	10.21	4231885	100686424.000
05/14/2012	10.20	10.39	10.16	10.20	1665204	38742160.000
05/15/2012	10.14	10.18	9.94	10.14	1155247	26261944.000
05/16/2012	10.09	10.35	10.07	10.09	1211426	27961872.000
05/17/2012	10.21	10.23	9.96	10.05	1862267	42367288.000
05/18/2012	9.74	9.97	9.15	9.23	5416656	51670716.000
05/21/2012	9.11	9.23	8.82	8.94	3110390	28214840.000
05/22/2012	9.00	9.09	8.90	8.98	2577641	23313184.000
05/23/2012	8.94	9.06	8.71	8.82	2676609	23940884.000
05/24/2012	8.82	8.89	8.74	8.85	1449326	12896749.000
05/25/2012	8.89	8.96	8.66	8.68	1621946	14417371.000
05/28/2012	8.70	8.76	8.46	8.76	2115805	18468984.000
05/29/2012	8.75	9.01	8.71	8.94	2554048	22932996.000
05/30/2012	8.95	9.27	8.74	9.12	7801003	70812184.000
05/31/2012	8.93	9.18	8.87	9.11	5869341	53402248.000
06/01/2012	9.11	9.16	8.80	8.85	4834462	43671412.000
06/04/2012	8.59	8.71	8.45	8.45	3093370	26784702.000
06/05/2012	8.49	8.53	8.31	8.34	1994537	16889468.000
06/06/2012	8.32	8.51	8.32	8.35	1374211	11643775.000
06/07/2012	8.48	8.50	8.31	8.34	1777087	15082114.000
06/08/2012	8.43	8.44	8.25	8.33	2037835	17139510.000
06/11/2012	8.34	9.17	8.30	9.17	10078688	90922800.000
06/12/2012	9.21	9.39	8.95	9.17	13786429	127966328.000
06/13/2012	9.40	9.48	9.06	9.41	13107189	122852488.000
06/14/2012	9.31	9.63	9.24	9.42	9938745	94348864.000
06/15/2012	9.47	9.92	9.46	9.68	12021465	117158352.000
06/18/2012	9.68	10.60	9.68	10.26	13388847	137241616.000
06/19/2012	10.20	10.22	9.86	9.91	9327694	93783552.000
06/20/2012	9.96	10.20	9.85	9.88	6697480	67381648.000
06/21/2012	9.78	9.78	9.39	9.41	6920455	66287652.000
06/25/2012	9.30	9.39	9.08	9.09	4864958	45128668.000
06/26/2012	9.01	9.20	8.89	9.15	4023833	36787660.000
06/27/2012	9.10	9.28	9.04	9.05	4496305	41514296.000
06/28/2012	9.03	9.16	8.80	8.80	3199695	29014348.000
06/29/2012	8.73	9.28	8.73	9.15	4583809	41780528.000
07/02/2012	9.26	9.40	9.11	9.26	5701572	53198856.000
07/03/2012	9.23	9.71	9.19	9.55	7359657	70686856.000
07/04/2012	9.62	9.63	9.33	9.37	3569381	33994796.000
07/05/2012	9.29	9.32	9.05	9.07	3407170	31462420.000
07/06/2012	9.09	9.32	8.82	9.29	3957546	36156816.000
07/09/2012	9.23	9.26	8.86	8.87	3047908	27729122.000
07/10/2012	8.81	8.89	8.59	8.64	2083129	18303600.000
07/11/2012	8.63	8.79	8.53	8.72	1699034	14862437.000
07/12/2012	8.73	9.03	8.72	8.97	2746713	24554464.000
07/13/2012	8.90	8.97	8.61	8.66	3072032	27217050.000
07/16/2012	8.71	8.74	8.05	8.14	3520363	29541014.000
07/17/2012	8.09	8.29	8.09	8.25	1539228	12735177.000
07/18/2012	8.28	8.28	7.97	8.22	1729670	14153601.000
07/19/2012	8.22	8.41	8.13	8.29	2693274	22610964.000
07/20/2012	8.28	8.38	8.21	8.21	1951119	16309145.000
07/23/2012	8.21	8.30	8.04	8.24	1319056	10895898.000
07/24/2012	8.14	8.47	8.11	8.39	2396776	20124294.000
07/25/2012	8.31	8.68	8.26	8.48	3599659	30599168.000
07/26/2012	8.37	8.51	8.25	8.33	2872509	24376566.000
07/27/2012	8.33	8.53	8.10	8.43	4007214	33613984.000
07/30/2012	8.53	9.26	8.43	8.68	7804847	69529632.000
07/31/2012	8.59	8.63	8.05	8.22	3461797	28957756.000
08/01/2012	8.21	8.50	8.14	8.44	2653583	22373498.000
08/02/2012	8.36	8.36	7.59	7.68	11443383	90577360.000
08/03/2012	7.54	7.80	7.51	7.75	3712764	28787302.000
08/06/2012	7.61	7.98	7.59	7.96	4578956	36363236.000
08/07/2012	7.94	8.07	7.93	8.00	3698344	29843116.000
08/08/2012	7.98	8.04	7.83	7.91	3103701	24825256.000
08/09/2012	7.96	8.08	7.85	8.06	3856216	31067398.000
08/10/2012	8.01	8.27	7.98	8.20	4316972	35441200.000
08/13/2012	8.20	8.20	7.90	7.92	3178053	25874564.000
08/14/2012	7.92	8.15	7.79	8.14	3132108	25322352.000
08/15/2012	8.10	8.13	7.95	7.97	2951330	23943952.000
08/16/2012	7.92	7.97	7.81	7.82	2089722	16622192.000
08/17/2012	7.83	7.88	7.75	7.86	2016906	15890653.000
08/20/2012	7.79	7.79	7.50	7.74	4395898	33688296.000
08/21/2012	7.71	7.97	7.67	7.89	3520957	27882250.000
08/22/2012	8.03	8.22	7.86	7.91	5355176	43492980.000
08/23/2012	7.85	8.08	7.78	8.06	3745866	30143080.000
08/24/2012	8.03	8.21	8.01	8.13	5665740	46346844.000
08/27/2012	8.49	8.49	8.05	8.09	6617074	55140036.000
08/28/2012	7.92	8.09	7.74	8.01	4177908	33375778.000
08/29/2012	7.96	8.17	7.84	7.98	3245881	26292380.000
08/30/2012	8.05	8.05	7.55	7.65	4498223	35196096.000
08/31/2012	7.72	7.76	7.61	7.69	1685972	13083141.000
09/03/2012	7.75	7.87	7.66	7.83	2904522	22834868.000
09/04/2012	7.83	8.01	7.78	7.83	2950267	23406554.000
09/05/2012	7.79	8.08	7.78	8.08	4409989	35450336.000
09/06/2012	8.04	8.21	8.00	8.17	4165462	34062848.000
09/07/2012	8.21	8.59	8.19	8.43	9687058	82171264.000
09/10/2012	8.40	8.64	8.32	8.51	6517142	55909196.000
09/11/2012	8.44	8.57	8.38	8.54	5114998	43709308.000
09/12/2012	8.62	8.62	8.39	8.56	5182316	44555592.000
09/13/2012	8.62	8.64	8.39	8.39	4306047	36992368.000
09/14/2012	8.48	8.79	8.31	8.39	4043709	34440564.000
09/17/2012	8.35	8.40	7.93	7.97	4041083	33236314.000
09/18/2012	7.96	8.07	7.83	7.99	1631910	13167702.000
09/19/2012	8.05	8.29	7.94	8.13	2939823	24025240.000
09/20/2012	8.06	8.08	7.78	7.78	2917265	23263198.000
09/21/2012	7.82	8.27	7.67	7.78	3011431	24091288.000
09/24/2012	7.69	7.88	7.59	7.86	1743304	13682239.000
09/25/2012	7.74	7.88	7.73	7.76	1028031	8081598.500
09/26/2012	7.78	7.91	7.64	7.64	1882113	14681189.000
09/27/2012	7.65	7.93	7.64	7.82	2729954	21518028.000
09/28/2012	7.74	7.97	7.74	7.95	2512101	19981894.000
10/08/2012	7.96	7.99	7.83	7.89	1324612	10573262.000
10/09/2012	7.93	8.29	7.89	8.27	3897637	32062678.000
10/10/2012	8.21	8.32	8.17	8.28	2375742	19733390.000
10/11/2012	8.19	8.36	8.05	8.09	3201054	26359316.000
10/12/2012	8.15	8.18	7.91	8.03	3194732	25910974.000
10/15/2012	8.08	8.08	7.82	7.91	2311982	18491042.000
10/16/2012	7.91	8.03	7.86	7.92	1710091	13722545.000
10/17/2012	8.00	8.11	7.89	8.03	2716795	21977454.000
10/18/2012	8.00	8.20	8.00	8.18	3197543	26166792.000
10/19/2012	8.15	8.26	8.08	8.14	2697392	22228028.000
10/22/2012	8.09	8.22	8.04	8.19	1493786	12294475.000
10/23/2012	8.23	8.27	8.08	8.11	2889680	23796650.000
10/24/2012	8.06	8.20	8.05	8.13	2683343	21992426.000
10/25/2012	8.15	8.22	8.07	8.16	2420150	19897120.000
10/26/2012	8.10	8.16	7.91	7.97	2794678	22637412.000
10/29/2012	8.08	8.12	7.93	7.97	2025570	16400555.000
10/30/2012	7.96	8.04	7.76	7.81	2791729	22230646.000
10/31/2012	7.85	7.86	7.75	7.84	1000373	7878806.500
11/01/2012	7.85	8.13	7.81	8.04	3006784	24208928.000
11/02/2012	8.13	8.13	7.98	8.07	2063563	16750571.000
11/05/2012	8.03	8.08	7.98	8.08	1687029	13662049.000
11/06/2012	8.18	8.18	7.89	8.03	2501213	20250142.000
11/07/2012	8.03	8.11	7.97	8.08	1437907	11657697.000
11/08/2012	7.99	8.02	7.64	7.83	2784058	22113810.000
11/09/2012	7.67	7.71	7.13	7.26	9015047	66857784.000
11/12/2012	7.22	7.43	7.16	7.29	2742359	20212282.000
11/13/2012	7.25	7.29	7.13	7.13	2130169	15465555.000
11/14/2012	7.13	7.18	6.98	7.09	2591357	18464786.000
11/15/2012	7.04	7.38	6.99	7.28	5537261	40219196.000
11/16/2012	8.02	8.02	8.02	8.02	7188195	58152496.000
11/19/2012	7.83	8.83	7.56	8.57	38603997	319460160.000
11/20/2012	8.57	9.43	8.37	9.43	39203144	351582112.000
11/21/2012	9.43	9.69	9.16	9.43	35335140	334247744.000
11/22/2012	9.43	9.93	9.22	9.64	32581101	313364416.000
11/23/2012	8.94	9.12	8.67	8.67	40564519	361998400.000
11/26/2012	8.55	8.71	8.46	8.57	22738652	196751840.000
11/27/2012	8.40	8.40	7.71	7.71	28152267	227869904.000
11/28/2012	7.63	7.81	7.53	7.65	14177085	109800056.000
11/29/2012	7.60	7.90	7.54	7.70	25489069	198959280.000
11/30/2012	7.51	7.92	7.36	7.77	21167218	162964192.000
12/03/2012	7.61	7.83	7.17	7.24	19884827	151591824.000
12/04/2012	7.11	7.69	7.01	7.61	18838428	138952336.000
12/05/2012	7.51	8.11	7.45	7.84	24437032	192948928.000
12/06/2012	7.73	8.60	7.73	8.22	35011021	288944544.000
12/07/2012	8.03	8.88	7.86	8.61	41423461	347244768.000
12/10/2012	8.61	9.48	8.61	9.48	44034793	408731968.000
12/11/2012	9.77	9.90	8.89	8.91	45388972	425718592.000
12/12/2012	8.68	9.81	8.53	9.81	50076413	465727584.000
12/13/2012	9.63	9.67	9.07	9.14	37365709	352933888.000
12/14/2012	9.14	10.05	9.08	9.43	48200686	467085760.000
12/17/2012	9.43	9.65	9.06	9.50	32664643	308559872.000
12/18/2012	9.27	9.88	9.14	9.31	41717053	399936928.000
12/19/2012	9.43	10.21	9.26	9.63	46374999	457199936.000
12/20/2012	9.48	10.12	9.43	9.95	37451931	368771680.000
12/21/2012	9.98	10.03	9.49	9.60	30819642	300504128.000
12/24/2012	9.60	9.71	9.22	9.44	25496474	241847360.000
12/25/2012	9.33	9.71	9.33	9.56	28041983	269377120.000
12/26/2012	9.58	10.10	9.53	9.88	33790397	335567616.000
12/27/2012	9.93	9.97	9.32	9.32	28796755	277466592.000
12/28/2012	9.23	9.52	9.17	9.33	16813427	158185984.000
12/31/2012	9.43	9.73	9.37	9.48	15391315	147623328.000
01/04/2013	9.55	9.90	9.35	9.79	24170005	235398400.000
01/07/2013	9.73	10.78	9.66	10.58	46057301	486153184.000
01/08/2013	10.43	10.72	10.26	10.42	28996399	306238208.000
01/09/2013	10.32	10.90	10.24	10.63	30305316	324673888.000
01/10/2013	10.90	11.32	10.55	10.69	28336343	310058432.000
01/11/2013	10.66	10.69	10.09	10.14	24383064	253417568.000
01/14/2013	10.77	10.92	10.35	10.68	27055045	288915520.000
01/15/2013	10.77	11.60	10.60	11.16	33441902	376133216.000
01/16/2013	11.18	11.27	10.59	10.86	24221707	264686912.000
01/17/2013	10.73	10.82	10.32	10.40	16647735	176269424.000
01/18/2013	10.47	10.70	10.42	10.60	12665583	134803664.000
01/21/2013	10.49	10.90	10.34	10.81	15869208	171013488.000
01/22/2013	10.77	10.83	10.21	10.38	14707268	155109728.000
01/23/2013	10.42	10.67	10.26	10.64	13620852	144242624.000
01/24/2013	10.69	10.73	9.92	9.98	18688691	192748752.000
01/25/2013	10.02	10.14	9.70	9.76	11079427	110554032.000
01/28/2013	9.80	10.03	9.73	10.03	9210328	91947248.000
01/29/2013	10.02	10.47	10.02	10.34	11811971	122587360.000
01/30/2013	10.44	10.48	10.13	10.26	9074793	93619616.000
01/31/2013	10.46	10.93	10.43	10.83	24906925	268093440.000
02/01/2013	10.71	11.12	10.56	10.91	20153866	220483728.000
02/04/2013	10.79	10.90	10.58	10.60	13650277	147053008.000
02/05/2013	10.48	10.66	10.38	10.60	9400664	99418840.000
02/06/2013	10.56	11.42	10.56	11.13	22884175	255129280.000
02/07/2013	11.11	11.38	11.03	11.24	15193746	171359856.000
02/08/2013	11.22	11.41	11.11	11.25	11808632	133925424.000
02/18/2013	11.36	12.31	11.30	11.92	26764141	320409440.000
02/19/2013	11.83	12.58	11.75	12.33	27548423	336878080.000
02/20/2013	12.23	13.21	12.16	12.85	28981757	373766368.000
02/21/2013	12.67	13.13	12.31	12.76	25275081	323059360.000
02/22/2013	12.63	12.82	11.94	12.03	23206900	287720992.000
02/25/2013	12.16	13.17	12.16	13.04	30084244	383953760.000
02/26/2013	12.83	13.01	12.35	12.42	23099755	294350816.000
02/27/2013	12.54	12.68	11.90	12.23	16579404	203856128.000
02/28/2013	12.33	12.81	11.96	12.76	21687585	273028864.000
03/01/2013	12.80	13.76	12.80	13.62	34465449	459020512.000
03/04/2013	13.41	14.03	12.93	13.24	31178276	423765632.000
03/05/2013	13.25	13.41	12.49	13.31	19015014	249536400.000
03/06/2013	13.33	13.49	12.94	13.09	17236367	227376528.000
03/07/2013	13.01	13.27	12.35	12.51	17960529	231144416.000
03/08/2013	12.47	12.75	12.26	12.67	10400709	131611280.000
03/11/2013	12.62	13.02	12.48	12.73	9700091	124800648.000
03/12/2013	12.83	13.08	11.97	12.26	14294247	179251984.000
03/13/2013	12.07	12.25	11.80	11.98	8694255	104607584.000
03/14/2013	12.02	12.27	11.95	12.00	6661349	81022792.000
03/15/2013	12.04	12.45	11.78	12.07	11124547	136061616.000
03/18/2013	12.15	12.45	12.08	12.21	8579482	105910928.000
03/19/2013	12.33	12.68	12.10	12.64	12099798	151001168.000
03/20/2013	12.78	12.99	12.51	12.92	12297989	158003984.000
03/21/2013	12.82	13.36	12.71	12.92	17706303	232388224.000
03/22/2013	12.91	12.97	12.69	12.82	9221146	118810008.000
03/25/2013	12.80	12.98	12.70	12.81	8084891	104400704.000
03/26/2013	12.68	12.79	11.93	12.02	14364613	175881728.000
03/27/2013	12.03	12.16	11.67	11.83	10445658	125518712.000
03/28/2013	11.77	11.97	11.49	11.68	8091818	95536352.000
03/29/2013	11.75	11.97	11.68	11.74	5655139	67264944.000
04/01/2013	11.72	12.07	11.71	11.93	6280510	75361088.000
04/02/2013	11.92	12.01	11.03	11.05	12137978	140001648.000
04/03/2013	11.04	11.10	10.49	10.60	9777706	105013968.000
04/08/2013	10.43	10.81	9.93	10.73	7267150	76584664.000
04/09/2013	10.72	10.88	10.65	10.81	5936899	64309348.000
04/10/2013	10.74	10.80	10.41	10.62	5469080	58309456.000
04/11/2013	10.68	10.88	10.59	10.65	5621390	60843172.000
04/12/2013	10.70	10.73	10.33	10.33	4718454	49825876.000
04/15/2013	10.26	10.50	10.11	10.22	4437365	45942212.000
04/16/2013	10.10	10.67	10.03	10.66	6800650	71563136.000
04/17/2013	10.58	10.79	10.54	10.78	6014033	64648688.000
04/18/2013	10.71	10.98	10.64	10.83	7585324	82617376.000
04/19/2013	10.79	11.13	10.77	11.04	10163224	112298216.000
04/22/2013	10.94	11.04	10.80	10.88	7385266	81018712.000
04/23/2013	10.88	10.99	10.31	10.33	7522897	79761960.000
04/24/2013	10.32	10.69	10.26	10.52	6914877	73031400.000
04/25/2013	10.41	10.49	9.89	9.91	10725642	109894008.000
04/26/2013	9.83	10.10	9.62	9.69	6275938	62248316.000
05/02/2013	9.69	9.84	9.66	9.79	3194881	31363428.000
05/03/2013	9.88	10.26	9.83	10.13	6621333	67515208.000
05/06/2013	10.25	10.83	10.21	10.76	10703146	113696616.000
05/07/2013	10.77	11.06	10.71	10.74	13547961	148402864.000
05/08/2013	10.80	10.89	10.64	10.82	6483394	70171480.000
05/09/2013	10.75	11.41	10.75	11.21	14831470	166920288.000
05/10/2013	11.28	11.65	11.08	11.20	10919649	124746832.000
05/13/2013	11.11	12.07	10.94	11.78	17173767	198705696.000
05/14/2013	11.71	11.82	11.44	11.54	9172477	106944144.000
05/15/2013	11.73	11.98	11.57	11.85	13115880	155454368.000
05/16/2013	11.92	11.92	11.38	11.40	15345551	179611456.000
05/17/2013	11.50	11.96	11.40	11.81	15091955	177967728.000
05/20/2013	11.82	12.35	11.75	12.22	16886209	205038992.000
05/21/2013	12.15	12.32	11.94	12.25	13127129	160230672.000
05/22/2013	12.19	12.24	11.76	11.96	11671671	140734592.000
05/23/2013	12.02	12.31	11.93	11.99	13396132	163076656.000
05/24/2013	11.99	12.09	11.68	12.05	10497922	125188648.000
05/27/2013	12.12	12.76	12.12	12.53	17674469	220136000.000
05/28/2013	12.56	12.70	12.10	12.14	13811154	170738960.000
05/29/2013	12.13	12.48	11.99	12.12	11351067	139289616.000
05/30/2013	12.13	12.35	11.88	12.30	11492128	140163648.000
05/31/2013	12.28	12.76	12.07	12.47	18639221	233312000.000
06/03/2013	12.69	12.92	12.23	12.27	14222134	179051472.000
06/04/2013	12.38	12.60	11.77	11.90	10022077	122318320.000
06/05/2013	11.94	12.07	11.53	11.71	6878261	81041360.000
06/06/2013	11.59	11.68	11.07	11.10	8904216	100662960.000
06/07/2013	11.16	11.32	10.95	11.18	6354549	71199624.000
06/13/2013	10.99	10.99	10.06	10.52	5780992	60389512.000
06/14/2013	10.55	10.93	10.38	10.81	5594942	60218820.000
06/17/2013	11.07	11.19	10.83	10.91	6709772	74159200.000
06/18/2013	10.86	11.07	10.45	10.71	5115454	55016288.000
06/19/2013	10.56	10.69	10.29	10.60	4539441	47696460.000
06/20/2013	10.56	10.59	9.87	9.97	6260914	64286532.000
06/21/2013	9.77	9.99	9.46	9.90	5555955	54094244.000
06/24/2013	9.87	9.87	8.91	8.94	6006126	55930728.000
06/25/2013	8.83	9.17	8.15	9.15	6338784	55764584.000
06/26/2013	9.15	9.57	8.98	9.46	6664717	61947608.000
06/27/2013	9.42	9.73	9.17	9.21	6428619	61241548.000
06/28/2013	9.13	9.37	8.82	8.97	4757962	43273544.000
07/01/2013	8.97	9.24	8.89	9.23	4268996	38862576.000
07/02/2013	9.23	9.42	9.05	9.40	5528391	51547680.000
07/03/2013	9.39	9.39	8.87	9.24	6089077	55788196.000
07/04/2013	9.20	9.35	8.90	9.18	7658749	70072056.000
07/05/2013	9.17	9.34	8.99	9.03	6130891	56759656.000
07/08/2013	8.72	8.73	8.20	8.29	5430896	46262224.000
07/09/2013	8.33	8.45	8.15	8.28	3493449	28938636.000
07/10/2013	8.25	8.63	8.22	8.58	5742021	48713808.000
07/11/2013	8.59	9.14	8.52	8.94	7862664	69436696.000
07/12/2013	8.82	9.31	8.74	9.05	10037993	91125880.000
07/15/2013	9.15	9.28	8.98	9.23	7620344	70122216.000
07/16/2013	9.23	9.84	9.17	9.76	12868009	124570080.000
07/17/2013	9.71	9.86	9.48	9.49	8650017	83781168.000
07/18/2013	9.46	9.73	9.32	9.64	7020157	67393968.000
07/19/2013	9.63	9.95	9.53	9.53	8695472	85113976.000
07/22/2013	9.37	10.12	9.37	10.10	11352145	112523400.000
07/23/2013	10.17	10.41	10.03	10.24	11871396	121691960.000
07/24/2013	10.20	10.74	10.03	10.63	13333361	138783360.000
07/25/2013	10.48	10.73	9.97	10.01	11719609	121118136.000
07/26/2013	9.95	10.18	9.57	9.91	7190430	71342104.000
07/29/2013	9.85	9.94	9.48	9.57	5037678	48814840.000
07/30/2013	9.57	9.70	8.92	9.33	6193646	57666544.000
07/31/2013	9.37	9.71	9.22	9.42	6080202	58048376.000
08/01/2013	9.46	9.95	9.46	9.92	7624636	74466752.000
08/02/2013	10.02	10.20	9.89	9.93	7715873	77663104.000
08/05/2013	9.88	10.13	9.88	10.04	4751268	47696136.000
08/06/2013	10.01	10.10	9.91	10.07	5792422	58060552.000
08/07/2013	10.02	10.04	9.54	9.57	8140589	79366976.000
08/08/2013	9.55	9.76	9.51	9.60	4495742	43427720.000
08/09/2013	9.56	9.69	9.26	9.42	6508718	61738728.000
08/12/2013	9.73	9.97	9.65	9.77	9162511	89883200.000
08/13/2013	9.81	10.75	9.73	10.75	13972929	145597712.000
08/14/2013	11.02	11.38	10.83	11.08	29933483	333129312.000
08/15/2013	11.00	11.56	10.92	11.32	25129956	283532320.000
08/16/2013	11.12	11.46	10.75	10.89	18085375	201444112.000
08/19/2013	10.77	11.54	10.59	11.38	18016150	203637328.000
08/20/2013	11.33	11.45	11.08	11.33	13243846	149469344.000
08/21/2013	11.22	11.56	10.82	11.02	13677555	153482208.000
08/22/2013	10.93	11.09	10.77	10.98	8413282	92249224.000
08/23/2013	11.03	11.41	10.57	11.04	11437647	127025744.000
08/26/2013	11.05	11.33	10.91	11.12	8905123	99277848.000
08/27/2013	11.13	11.85	11.13	11.65	17534792	202967872.000
08/28/2013	11.82	11.96	11.39	11.47	15509600	180859856.000
08/29/2013	11.42	11.77	11.32	11.37	9732701	112292040.000
08/30/2013	11.24	11.24	10.32	10.57	13921520	151310128.000
09/02/2013	10.44	10.81	10.20	10.76	6080760	64457580.000
09/03/2013	10.74	10.95	10.67	10.77	4843722	52540428.000
09/04/2013	10.77	10.77	10.51	10.57	4763869	50696324.000
09/05/2013	10.49	10.97	10.49	10.86	6498547	70604008.000
09/06/2013	10.85	10.97	10.63	10.77	5196348	56252012.000
09/09/2013	10.85	11.26	10.60	11.24	11024818	120856360.000
09/10/2013	11.20	11.82	11.13	11.69	18199704	211200992.000
09/11/2013	11.69	11.69	11.21	11.44	11338097	129346248.000
09/12/2013	11.38	11.65	11.07	11.11	9575837	109178280.000
09/13/2013	11.37	11.70	11.25	11.42	12540761	144077520.000
09/16/2013	11.45	11.56	11.12	11.25	8008694	90741520.000
09/17/2013	11.17	11.34	10.92	10.95	6077547	67662480.000
09/18/2013	10.95	11.20	10.78	11.12	5440960	60060396.000
09/23/2013	11.13	11.59	11.09	11.41	8820690	100364320.000
09/24/2013	11.52	11.83	11.42	11.48	12466126	145145456.000
09/25/2013	11.48	11.48	11.15	11.24	7286640	82369432.000
09/26/2013	11.26	11.56	11.16	11.30	7236409	82641664.000
09/27/2013	11.43	11.83	11.32	11.61	13133964	153367600.000
09/30/2013	11.70	11.93	11.47	11.84	12550084	147752928.000
10/08/2013	11.96	12.29	11.77	11.84	14185608	170457184.000
10/09/2013	11.73	12.27	11.68	12.27	13801955	166865120.000
10/10/2013	12.11	12.22	11.76	11.78	11487422	138167904.000
10/11/2013	11.82	12.10	11.71	11.87	7714286	91969224.000
10/14/2013	11.84	12.46	11.72	12.46	15056374	183209008.000
10/15/2013	12.27	12.42	12.00	12.17	13288502	162502272.000
10/16/2013	12.16	12.16	11.47	11.69	11554647	136739344.000
10/17/2013	11.81	12.68	11.75	12.22	19215958	236912016.000
10/18/2013	12.14	12.36	11.85	12.05	10152834	122753840.000
10/21/2013	12.17	13.12	12.08	12.77	22536544	287391040.000
10/22/2013	12.77	13.71	12.59	12.84	27521313	362192864.000
10/23/2013	12.68	14.13	12.47	13.78	47586890	652033472.000
10/24/2013	13.07	13.61	12.72	13.15	29268940	387318592.000
10/25/2013	13.17	14.43	13.17	13.67	33916286	471788736.000
10/28/2013	13.47	15.04	13.07	15.04	44218418	642880064.000
10/29/2013	15.15	16.19	14.29	16.19	54644137	840008448.000
10/30/2013	15.46	16.12	14.98	15.58	31297353	489652544.000
10/31/2013	15.42	15.85	14.03	14.22	29849924	441096768.000
11/01/2013	13.87	14.90	13.49	13.60	30106786	428776192.000
11/04/2013	13.78	14.37	13.67	13.92	20191513	283215872.000
11/05/2013	13.66	14.47	13.47	14.24	21302376	298736256.000
11/06/2013	14.11	14.90	13.88	13.93	24167737	348999904.000
11/07/2013	13.75	14.40	13.36	14.07	16100419	225802320.000
11/08/2013	13.88	14.52	13.83	14.40	19581679	279343936.000
11/11/2013	14.27	14.52	13.77	13.88	15400773	218246944.000
11/12/2013	13.86	14.25	13.58	14.15	14002713	195628768.000
11/13/2013	14.02	14.13	12.87	12.95	17238103	235599392.000
11/14/2013	12.72	12.87	12.30	12.79	21391918	270015264.000
11/15/2013	12.75	13.31	12.67	12.92	17248202	225304768.000
11/18/2013	13.06	13.33	12.89	13.25	13488523	177409552.000
11/19/2013	13.13	13.79	13.09	13.57	15360516	208443840.000
11/20/2013	13.71	13.73	13.32	13.61	9267183	125284760.000
11/21/2013	13.57	13.57	12.99	13.27	12509110	166688688.000
11/22/2013	13.25	13.51	13.18	13.28	7719976	103143200.000
11/25/2013	13.27	13.27	12.79	12.81	9116344	119309664.000
11/26/2013	12.65	12.97	12.60	12.80	5497870	70404712.000
11/27/2013	12.80	13.29	12.73	13.26	8740807	114714824.000
11/28/2013	13.28	13.47	13.09	13.14	7580247	100483496.000
11/29/2013	13.14	13.66	13.05	13.66	12683353	171351952.000
12/02/2013	12.97	13.17	12.29	12.29	14128207	178404144.000
12/03/2013	11.78	12.06	11.13	11.87	12056699	140228080.000
12/04/2013	11.88	12.19	11.70	11.70	9705745	116525304.000
12/05/2013	11.73	12.12	11.68	11.81	6935149	82688016.000
12/06/2013	11.92	12.21	11.88	11.97	9414565	113666688.000
12/09/2013	12.17	12.63	12.06	12.43	12777330	157931408.000
12/10/2013	12.44	12.56	12.14	12.19	7866439	96697984.000
12/11/2013	12.27	12.46	12.07	12.24	6909913	85014848.000
12/12/2013	12.15	12.41	12.05	12.21	5584333	68660296.000
12/13/2013	12.13	12.38	12.05	12.28	5693125	70075776.000
12/16/2013	12.22	12.36	11.88	12.14	6251587	76110064.000
12/17/2013	12.10	12.26	11.95	12.11	4822000	58700144.000
12/18/2013	12.17	12.21	11.79	11.81	5557005	66769836.000
12/19/2013	11.85	12.02	11.59	11.61	4702194	55830312.000
12/20/2013	11.59	11.75	11.36	11.37	4375581	50638060.000
12/23/2013	11.37	11.54	11.18	11.52	3888003	44458652.000
12/24/2013	11.53	12.14	11.45	12.08	7916644	94320160.000
12/25/2013	12.10	12.25	11.89	12.25	6906416	83669080.000
12/26/2013	12.17	12.26	11.80	11.87	5531346	66730972.000
12/27/2013	11.82	12.19	11.67	12.12	5000587	60531840.000
12/30/2013	12.19	12.46	12.07	12.32	5333642	65783688.000
12/31/2013	12.27	12.43	12.12	12.24	4403277	54166532.000
01/02/2014	12.22	12.74	12.15	12.65	8681639	108963336.000
01/03/2014	12.58	12.82	12.47	12.65	7356757	93410568.000
01/06/2014	12.65	12.67	11.89	12.04	6085991	74833536.000
01/07/2014	12.13	12.85	12.13	12.85	11320783	143126272.000
01/08/2014	12.78	13.36	12.78	13.13	13802527	181765472.000
01/09/2014	13.13	13.38	12.79	12.79	11156844	146556704.000
01/10/2014	12.73	12.84	12.26	12.47	6733247	84502312.000
01/13/2014	12.43	12.62	12.20	12.43	6335866	78901744.000
01/14/2014	12.45	12.99	12.32	12.96	7413276	94600088.000
01/15/2014	12.97	13.16	12.79	13.10	8408332	109296904.000
01/16/2014	13.09	13.22	12.72	12.75	7731049	100536720.000
01/17/2014	12.75	13.19	12.68	12.99	8164699	106484080.000
01/20/2014	13.08	13.74	13.06	13.27	14166466	190811296.000
01/21/2014	13.09	13.60	13.09	13.53	10025509	134825712.000
01/22/2014	13.31	13.71	13.14	13.54	14209503	190670496.000
01/23/2014	13.49	13.91	13.41	13.67	12524373	172600752.000
01/24/2014	13.64	13.92	13.59	13.82	10114795	139652032.000
01/27/2014	13.77	13.77	13.34	13.39	9886549	134004344.000
01/28/2014	13.45	13.65	13.03	13.33	7801244	103880568.000
01/29/2014	13.27	13.61	13.27	13.51	6227041	83911360.000
01/30/2014	13.47	13.49	12.77	12.77	7399514	97540040.000
02/07/2014	12.73	13.74	12.70	13.74	9961823	133379064.000
02/10/2014	13.75	14.34	13.75	14.14	14124635	199260480.000
02/11/2014	14.23	14.60	13.89	14.13	14813801	211920512.000
02/12/2014	14.24	14.74	14.24	14.50	11884932	172583248.000
02/13/2014	14.82	15.07	14.05	14.07	14957287	219547184.000
02/14/2014	13.98	14.28	13.76	14.19	9674395	136380656.000
02/17/2014	14.25	14.77	14.23	14.63	10164181	148181264.000
02/18/2014	14.47	14.58	14.12	14.48	10130694	145775568.000
02/19/2014	14.48	14.69	14.18	14.33	7353116	105831696.000
02/20/2014	14.33	14.35	13.60	13.68	8768211	121901952.000
02/21/2014	13.69	14.00	13.62	13.92	6368697	88266328.000
02/24/2014	14.19	14.40	13.98	14.34	8866219	126243160.000
02/25/2014	14.25	14.62	13.09	13.20	15126195	213123504.000
02/26/2014	13.17	13.20	12.74	13.11	7653261	99522064.000
02/27/2014	13.18	13.46	12.42	12.51	9133817	118945976.000
02/28/2014	12.51	12.76	12.18	12.70	6174443	76978488.000
03/03/2014	12.67	13.68	12.58	13.67	9673644	128285896.000
03/04/2014	13.48	13.62	13.22	13.45	6391946	85817336.000
03/05/2014	13.44	13.57	13.19	13.25	4811692	64432136.000
03/06/2014	13.19	13.45	13.08	13.40	4283970	57108468.000
03/07/2014	13.39	13.52	13.02	13.10	4818514	63923256.000
03/10/2014	13.11	13.62	12.97	12.98	9138873	121929072.000
03/11/2014	12.76	12.76	12.20	12.44	6687275	83549576.000
03/12/2014	12.38	12.59	11.96	12.36	4166080	51379384.000
03/13/2014	12.40	12.61	12.28	12.59	4072417	50949052.000
03/14/2014	12.59	12.59	12.14	12.38	3731331	46336436.000
03/17/2014	12.36	12.73	12.34	12.72	4171272	52657188.000
03/18/2014	12.72	13.04	12.62	12.83	5674524	73062512.000
03/19/2014	12.77	12.91	12.62	12.73	3643645	46614520.000
03/20/2014	12.81	13.02	12.50	12.62	6193096	79498888.000
03/21/2014	12.60	13.27	12.37	13.21	9327479	120617880.000
03/24/2014	13.21	13.21	12.85	13.01	7676679	99810464.000
03/25/2014	12.97	13.04	12.65	12.84	3865639	49879908.000
03/26/2014	12.87	13.08	12.86	12.97	3704685	48237656.000
03/27/2014	12.96	13.04	12.40	12.41	5614985	71205224.000
03/28/2014	11.97	11.98	11.17	11.17	13998097	159485568.000
03/31/2014	10.87	11.12	10.80	10.93	5777499	63381016.000
04/01/2014	11.01	11.08	10.91	11.06	4904858	54095036.000
04/02/2014	10.99	11.10	10.41	10.51	10015182	106844544.000
04/03/2014	10.57	10.68	10.42	10.58	5282326	56033296.000
04/04/2014	10.58	10.74	10.57	10.72	4110941	44045904.000
04/08/2014	10.73	10.85	10.51	10.85	5803525	62230028.000
04/09/2014	10.82	11.01	10.78	10.97	5964233	65290700.000
04/10/2014	10.97	11.05	10.93	10.97	5340902	58833824.000
04/11/2014	10.92	10.92	10.61	10.77	4483734	48291060.000
04/14/2014	10.70	11.15	10.70	11.10	6190538	68292984.000
04/15/2014	11.06	11.08	10.90	10.98	3568086	39272768.000
04/16/2014	10.98	11.01	10.82	11.01	2882211	31603980.000
04/17/2014	11.00	11.27	11.00	11.02	5136517	57249788.000
04/18/2014	10.98	11.12	10.88	10.95	3401701	37524208.000
04/21/2014	10.90	10.98	10.59	10.59	3937324	42614040.000
04/22/2014	10.62	10.72	10.36	10.51	3246962	34244124.000
04/23/2014	10.52	10.69	10.45	10.64	2599309	27599570.000
04/24/2014	10.54	10.64	10.28	10.32	3554960	37180976.000
04/25/2014	10.32	10.40	9.77	9.77	6574769	65936988.000
04/28/2014	9.77	9.77	9.12	9.17	5778816	54506804.000
04/29/2014	9.17	9.33	9.15	9.31	3455070	32040682.000
04/30/2014	9.32	9.45	9.28	9.38	2296208	21588934.000
05/05/2014	9.38	9.53	9.30	9.50	2909731	27587806.000
05/06/2014	9.48	9.67	9.47	9.53	3425951	32888514.000
05/07/2014	9.50	9.50	9.27	9.27	2599939	24469142.000
05/08/2014	9.20	9.49	9.20	9.40	3002589	28339822.000
05/09/2014	9.39	9.53	9.30	9.50	2503615	23653892.000
05/12/2014	9.60	9.85	9.47	9.73	3040807	29503124.000
05/13/2014	9.81	9.82	9.68	9.76	2755405	26980384.000
05/14/2014	9.76	9.86	9.66	9.70	1870598	18280902.000
05/15/2014	9.68	9.81	9.35	9.37	2470712	23746862.000
05/16/2014	9.40	9.67	9.30	9.67	3313423	31370190.000
05/19/2014	9.67	10.15	9.67	9.78	6119303	60468628.000
05/20/2014	9.83	9.97	9.71	9.75	3725430	36868620.000
05/21/2014	9.72	9.91	9.58	9.89	2442494	23826596.000
05/22/2014	9.88	10.02	9.73	9.73	3162584	31449226.000
05/23/2014	9.73	9.99	9.70	9.95	3239653	32155922.000
05/26/2014	9.91	10.14	9.91	10.07	4204465	42311868.000
05/27/2014	10.12	10.12	9.92	9.94	3062326	30701598.000
05/28/2014	9.94	10.13	9.93	10.10	3981036	40124896.000
05/29/2014	10.10	10.11	9.83	9.87	3823569	38148300.000
05/30/2014	9.84	9.93	9.72	9.85	2049764	20224492.000
06/03/2014	9.87	10.08	9.81	10.07	3279278	32708580.000
06/04/2014	10.20	11.08	10.20	11.08	15760970	170801968.000
06/05/2014	11.68	11.95	11.27	11.67	36653047	426154624.000
06/06/2014	11.45	11.77	11.13	11.13	22326223	255544336.000
06/09/2014	11.09	11.20	10.76	10.80	14305249	157000800.000
06/10/2014	10.77	11.07	10.72	11.05	10870656	119072448.000
06/11/2014	10.94	11.34	10.88	11.09	12052708	134485664.000
06/12/2014	11.05	11.06	10.80	10.92	7470202	81531624.000
06/13/2014	10.91	11.24	10.84	11.10	7731310	85670336.000
06/16/2014	11.10	11.43	11.10	11.26	8766418	98817968.000
06/17/2014	11.26	11.28	11.00	11.05	5807373	64534928.000
06/18/2014	11.05	11.15	10.86	11.03	5394004	59357584.000
06/19/2014	10.98	11.29	10.60	10.72	7129689	78256936.000
06/20/2014	10.73	10.93	10.55	10.88	4242425	45732648.000
06/23/2014	10.85	11.25	10.85	11.03	6485750	71901592.000
06/24/2014	11.14	11.29	11.04	11.13	6431723	71654672.000
06/25/2014	11.10	11.34	10.88	11.34	9757953	108910768.000
06/26/2014	11.41	11.49	11.24	11.41	10496252	119242504.000
06/27/2014	11.38	11.58	11.27	11.29	8492905	96823344.000
06/30/2014	11.23	11.55	11.10	11.53	7924029	89898024.000
07/01/2014	11.52	11.65	11.37	11.46	7048365	81058800.000
07/02/2014	11.44	11.58	11.30	11.35	6253222	71365272.000
07/03/2014	11.36	11.52	11.28	11.41	5446966	62194368.000
07/04/2014	11.38	11.77	11.36	11.64	10036455	116251608.000
07/07/2014	11.64	11.72	11.48	11.53	5750496	66430432.000
07/08/2014	11.51	11.98	11.51	11.90	9650474	114210416.000
07/09/2014	11.85	12.33	11.73	11.73	10804874	130350000.000
07/10/2014	11.76	12.21	11.76	11.86	8179386	97840216.000
07/11/2014	11.85	12.08	11.78	11.97	6312311	75322480.000
07/14/2014	11.99	12.28	11.96	12.25	7836445	95280888.000
07/15/2014	12.30	12.44	11.96	12.06	7209369	87551624.000
07/16/2014	12.02	12.16	11.71	11.75	6744623	80346456.000
07/17/2014	11.75	11.94	11.66	11.82	4437479	52379268.000
07/18/2014	11.83	11.87	11.53	11.54	3993961	46775168.000
07/21/2014	11.55	11.57	11.08	11.30	4784651	54133724.000
07/22/2014	11.30	11.58	11.28	11.52	3388920	38940376.000
07/23/2014	11.55	11.60	11.14	11.17	4213207	47698720.000
07/24/2014	11.16	11.25	10.82	11.00	4687058	51710156.000
07/25/2014	11.04	11.33	11.01	11.24	3277748	36744068.000
07/28/2014	11.23	11.63	11.23	11.55	4549870	52228988.000
07/29/2014	11.63	11.73	11.48	11.63	3961324	46107800.000
07/30/2014	11.71	11.86	11.63	11.81	5261666	61870728.000
07/31/2014	11.87	11.87	11.60	11.75	4989554	58381416.000
08/01/2014	11.75	11.88	11.56	11.60	5225087	61509752.000
08/04/2014	11.63	11.78	11.63	11.77	3313969	38864668.000
08/05/2014	11.82	12.07	11.66	12.03	6948880	82765056.000
08/06/2014	12.00	12.08	11.89	12.00	5075103	60862592.000
08/07/2014	12.00	12.18	11.82	11.82	5794385	69515592.000
08/08/2014	11.83	11.95	11.77	11.83	5053477	59871440.000
08/11/2014	11.87	11.98	11.82	11.97	5402207	64490648.000
08/12/2014	11.99	12.25	11.96	12.22	7470333	90421872.000
08/13/2014	12.22	12.25	11.96	12.15	5918052	71565208.000
08/14/2014	12.13	12.45	12.06	12.22	7922343	97557056.000
08/15/2014	12.21	12.47	12.16	12.39	6091845	75399920.000
08/18/2014	12.45	12.58	12.36	12.57	6573931	82131872.000
08/19/2014	12.58	12.83	12.35	12.56	8760648	110499048.000
08/20/2014	12.53	12.53	12.23	12.27	7418846	91779288.000
08/21/2014	12.29	12.51	12.26	12.41	6392196	79053272.000
08/22/2014	12.47	12.61	12.31	12.59	8052850	100295792.000
08/25/2014	12.66	12.78	12.54	12.60	7012217	88713816.000
08/26/2014	12.63	12.64	12.01	12.11	7297777	89564824.000
08/27/2014	12.13	12.36	12.12	12.30	4411441	54125580.000
08/28/2014	12.27	12.36	12.07	12.10	4916183	59967916.000
08/29/2014	12.10	12.42	12.10	12.38	4689938	57664704.000
09/01/2014	12.38	12.64	12.36	12.60	6101605	76706000.000
09/02/2014	12.58	12.98	12.42	12.91	20517065	258176016.000
09/03/2014	12.85	12.87	12.65	12.80	13326703	170225184.000
09/04/2014	12.80	13.49	12.72	13.22	16567902	217802288.000
09/05/2014	13.19	13.39	13.00	13.28	9388846	124178920.000
09/09/2014	13.28	13.54	13.18	13.21	10566372	141175616.000
09/10/2014	13.20	13.46	13.02	13.45	8968550	119253024.000
09/11/2014	13.45	13.64	13.06	13.19	10733888	143468080.000
09/12/2014	13.25	13.38	13.11	13.36	6573076	87226656.000
09/15/2014	13.38	13.61	13.30	13.56	9563967	129025136.000
09/16/2014	13.48	13.66	12.80	12.87	11562612	152690304.000
09/17/2014	12.84	13.14	12.78	13.00	6486644	83989232.000
09/18/2014	12.98	13.18	12.89	13.09	5283097	69080408.000
09/19/2014	13.22	13.57	13.22	13.38	10509510	141179680.000
09/22/2014	13.34	13.35	12.97	13.06	6948779	91292024.000
09/23/2014	13.25	14.09	13.19	13.80	15438544	211436368.000
09/24/2014	13.64	13.98	13.60	13.93	11311457	156297328.000
09/25/2014	13.93	13.95	13.68	13.89	10457128	144466496.000
09/26/2014	13.80	14.17	13.74	13.79	9643213	134325008.000
09/29/2014	13.88	14.32	13.79	14.32	14027294	197184496.000
09/30/2014	14.28	14.30	14.09	14.18	9273007	131533384.000
10/08/2014	14.16	14.56	14.08	14.42	9069393	130347384.000
10/09/2014	14.58	15.05	14.40	14.62	14335921	210898448.000
10/10/2014	14.64	15.00	14.47	14.81	12785280	188621040.000
10/13/2014	14.84	15.76	14.69	15.52	18564700	282479456.000
10/14/2014	15.36	15.43	15.00	15.20	14112299	214685648.000
10/15/2014	15.11	15.27	14.60	14.94	10200937	152011456.000
10/16/2014	14.86	15.27	14.67	14.90	12266653	184603456.000
10/17/2014	14.93	15.11	13.80	14.13	14170932	202611648.000
10/20/2014	14.22	14.58	14.10	14.35	7615548	109305344.000
10/21/2014	14.34	14.36	13.93	13.97	8705871	122863776.000
10/22/2014	14.05	14.20	13.83	13.95	7263875	101939512.000
10/23/2014	13.88	13.99	13.43	13.50	7453116	101889576.000
10/24/2014	13.56	13.80	13.50	13.57	5040487	68771776.000
10/27/2014	13.45	13.97	13.45	13.91	5377984	74315032.000
10/28/2014	13.92	14.23	13.92	14.23	6058040	85476560.000
10/29/2014	14.24	14.37	14.10	14.32	9006068	128337872.000
10/30/2014	14.31	14.44	14.20	14.25	6418289	91898488.000
10/31/2014	14.23	14.34	13.76	13.96	8177617	114386856.000
数据来源:通达信
