300040 九洲电气 日线
      日期	    开盘	    最高	    最低	    收盘	    成交量	    成交额
10/08/2010	9.24	9.42	9.15	9.33	2051760	39032332.000
10/11/2010	9.43	9.50	9.11	9.35	2543692	48644932.000
10/12/2010	9.38	9.68	9.28	9.65	2629379	51302468.000
10/13/2010	9.68	9.81	9.51	9.80	2265951	44965372.000
10/14/2010	9.82	9.84	9.31	9.31	2034577	39942892.000
10/15/2010	9.22	9.37	8.97	9.04	2237509	41974936.000
10/18/2010	9.01	9.23	8.68	8.78	1663295	30242574.000
10/19/2010	8.69	9.68	8.68	9.68	3886554	75317416.000
10/20/2010	9.75	10.59	9.74	10.21	6198366	129288416.000
10/21/2010	10.03	10.10	9.75	9.87	2687759	54422408.000
10/22/2010	9.76	10.57	9.76	10.27	3244336	68393488.000
10/25/2010	10.54	10.75	10.25	10.72	3991551	85797528.000
10/26/2010	10.72	10.72	10.26	10.40	2925438	62359424.000
10/27/2010	10.29	10.49	9.91	10.00	2505914	52231640.000
10/28/2010	10.20	10.40	9.96	10.30	2120159	44072600.000
10/29/2010	10.45	10.69	10.30	10.43	2402171	51682304.000
11/01/2010	10.50	11.00	10.42	10.89	3625303	80132208.000
11/02/2010	10.89	11.14	10.50	10.52	3952464	87430264.000
11/03/2010	10.30	10.35	9.88	9.96	2494776	51413304.000
11/04/2010	9.86	10.09	9.81	10.09	1267134	25923932.000
11/05/2010	10.23	10.23	9.95	10.11	1568540	32304312.000
11/08/2010	10.14	11.11	10.12	11.00	3804804	82514528.000
11/09/2010	10.97	11.05	10.25	10.72	3428682	75384696.000
11/11/2010	10.70	11.35	10.61	10.80	4164893	94520032.000
11/12/2010	10.80	11.25	10.29	10.35	4124484	91444136.000
11/15/2010	10.51	11.41	9.95	11.41	4954392	110970872.000
11/16/2010	11.73	12.02	10.87	11.07	6467860	152178336.000
11/17/2010	10.75	11.49	10.66	11.00	4062284	92953856.000
11/18/2010	11.17	11.35	10.75	11.29	2669816	60772540.000
11/19/2010	11.40	12.42	11.30	12.30	6130151	148668144.000
11/22/2010	12.16	12.54	11.75	12.02	5851922	145569504.000
11/23/2010	12.10	12.20	11.18	11.90	3873244	92223288.000
11/24/2010	11.65	12.15	11.55	12.10	3047098	74366688.000
11/25/2010	12.11	12.15	11.56	11.65	3061067	73553456.000
11/26/2010	11.63	11.80	11.40	11.57	2048791	48584860.000
11/29/2010	11.55	11.82	11.30	11.69	1890796	44848932.000
11/30/2010	11.65	11.68	10.69	11.08	2632676	60088872.000
12/01/2010	10.98	11.40	10.95	11.13	1099562	25117004.000
12/02/2010	11.34	11.44	11.08	11.08	1246282	28719354.000
12/03/2010	10.98	11.18	10.74	10.92	1243810	27909084.000
12/06/2010	10.93	11.00	10.35	10.59	1075016	23390400.000
12/07/2010	10.50	10.92	10.43	10.86	936922	20599132.000
12/08/2010	10.81	11.04	10.71	10.71	875958	19410862.000
12/09/2010	10.71	10.85	10.50	10.55	679220	14785284.000
12/10/2010	10.55	10.84	10.51	10.80	761576	16628873.000
12/13/2010	10.80	11.20	10.80	11.13	1422773	32207280.000
12/14/2010	11.35	11.35	11.05	11.10	981908	22298002.000
12/15/2010	11.15	11.23	10.93	10.96	1193583	26935978.000
12/16/2010	10.93	11.19	10.86	11.07	1055521	23892056.000
12/17/2010	11.25	11.75	11.16	11.63	3021668	71449880.000
12/20/2010	11.63	11.65	10.76	11.29	2105185	48772236.000
12/21/2010	11.25	11.37	11.00	11.20	1136071	25980294.000
12/22/2010	11.26	11.33	10.94	10.95	1111247	25126460.000
12/23/2010	10.85	11.12	10.85	10.88	817584	18347284.000
12/24/2010	10.85	10.88	10.32	10.35	1314103	28172134.000
12/27/2010	10.35	10.54	9.75	9.78	1585390	33106324.000
12/28/2010	9.81	9.88	9.33	9.45	1205450	23464842.000
12/29/2010	9.48	9.54	9.35	9.53	1034241	20102228.000
12/30/2010	9.53	9.58	9.25	9.42	1079259	20808948.000
12/31/2010	9.47	9.70	9.45	9.68	871299	17112676.000
01/04/2011	9.68	9.89	9.61	9.83	903853	18123714.000
01/05/2011	9.82	10.05	9.69	9.90	950716	19343810.000
01/06/2011	10.00	10.15	9.65	9.69	1217666	24529812.000
01/07/2011	9.68	9.89	9.46	9.55	1249734	24488834.000
01/10/2011	9.54	9.69	9.45	9.54	613113	12024625.000
01/11/2011	9.50	9.55	9.21	9.34	786605	15110696.000
01/12/2011	9.40	9.48	9.23	9.35	648719	12433685.000
01/13/2011	9.50	9.55	9.28	9.30	600857	11540085.000
01/14/2011	9.44	9.44	8.95	9.03	981984	18304552.000
01/17/2011	8.88	9.10	8.60	8.63	859552	15430424.000
01/18/2011	8.63	8.74	8.46	8.69	409534	7234786.000
01/19/2011	8.70	8.87	8.66	8.83	571141	10331026.000
01/20/2011	8.85	8.85	8.45	8.46	565702	10064374.000
01/21/2011	8.33	8.56	8.25	8.46	1007209	17349234.000
01/24/2011	8.47	8.49	8.25	8.26	474465	8154665.000
01/25/2011	8.18	8.25	8.00	8.10	522332	8735651.000
01/26/2011	8.14	8.29	8.10	8.28	460957	7808829.500
01/27/2011	8.24	8.47	8.12	8.42	616272	10620066.000
01/28/2011	8.45	8.53	8.37	8.52	453488	7885467.500
01/31/2011	8.52	8.64	8.46	8.58	396525	6971527.000
02/01/2011	8.56	8.58	8.45	8.55	367759	6441426.500
02/09/2011	8.38	8.66	8.38	8.43	378790	6617913.000
02/10/2011	8.43	8.85	8.37	8.79	822517	14641291.000
02/11/2011	8.79	8.95	8.69	8.84	809227	14685611.000
02/14/2011	8.84	8.98	8.77	8.96	879047	16095602.000
02/15/2011	8.96	9.04	8.92	8.92	1005734	18533560.000
02/16/2011	8.85	9.12	8.85	9.06	785913	14528673.000
02/17/2011	9.06	9.33	9.01	9.27	1097914	20607656.000
02/18/2011	9.35	9.55	9.10	9.14	1265260	24223908.000
02/21/2011	9.03	9.29	8.97	9.25	729704	13665257.000
02/22/2011	9.21	9.28	8.75	8.76	1100859	20327084.000
02/23/2011	8.79	8.98	8.70	8.98	999843	18136120.000
02/24/2011	8.92	8.99	8.85	8.95	630468	11564718.000
02/25/2011	8.95	8.98	8.81	8.95	432923	7935304.000
03/01/2011	9.02	9.15	8.90	9.07	981459	18224064.000
03/02/2011	8.99	8.99	8.80	8.92	882150	16116224.000
03/03/2011	8.90	9.07	8.86	8.93	897115	16548062.000
03/04/2011	8.90	8.90	8.73	8.85	783499	14201271.000
03/07/2011	8.88	9.03	8.85	9.00	857286	15749765.000
03/08/2011	9.02	9.20	8.96	9.15	1076833	20124374.000
03/09/2011	9.18	9.25	9.03	9.07	667141	12435008.000
03/10/2011	9.07	9.18	9.06	9.10	779113	14593191.000
03/11/2011	9.10	9.23	9.03	9.13	1100744	20719682.000
03/14/2011	9.18	9.23	9.03	9.08	1184252	22095260.000
03/15/2011	9.03	9.07	8.64	8.81	1131067	20429614.000
03/16/2011	8.86	8.88	8.76	8.86	755695	13700644.000
03/17/2011	8.83	9.05	8.67	8.74	1244569	22635466.000
03/18/2011	8.80	8.88	8.74	8.83	576226	10432731.000
03/21/2011	8.94	8.94	8.70	8.75	597852	10774567.000
03/22/2011	8.73	8.75	8.43	8.56	958616	16834154.000
03/23/2011	8.55	8.72	8.55	8.68	644786	11462176.000
03/24/2011	8.70	8.72	8.61	8.68	544823	9716607.000
03/25/2011	8.68	8.74	8.64	8.74	586530	10506738.000
03/28/2011	8.70	8.73	8.57	8.59	1208376	21485130.000
03/29/2011	8.65	8.65	8.22	8.25	1362538	23465590.000
03/30/2011	8.25	8.35	8.18	8.27	586410	9966934.000
03/31/2011	8.33	8.38	8.20	8.28	515294	8826649.000
04/01/2011	8.28	8.35	8.23	8.35	503080	8569986.000
04/06/2011	8.33	8.33	8.19	8.28	784726	13339715.000
04/07/2011	8.31	8.31	8.23	8.29	892662	15198076.000
04/08/2011	8.28	8.55	8.26	8.49	875885	15185368.000
04/11/2011	8.48	8.48	8.34	8.35	836400	14473602.000
04/12/2011	8.31	8.43	8.31	8.40	647571	11162459.000
04/13/2011	8.39	8.54	8.32	8.50	536535	9354412.000
04/14/2011	8.51	8.52	8.38	8.41	537069	9319758.000
04/15/2011	8.41	8.45	8.33	8.37	547675	9440240.000
04/19/2011	8.37	8.37	8.15	8.18	779175	13153975.000
04/20/2011	8.18	8.34	8.16	8.33	575132	9803991.000
04/21/2011	8.30	8.37	8.21	8.24	1158045	19691206.000
04/22/2011	8.20	8.25	8.00	8.05	1413940	23586594.000
04/25/2011	7.98	8.00	7.65	7.68	1101112	17634136.000
04/26/2011	7.64	7.73	7.47	7.47	757490	11827289.000
04/27/2011	7.53	7.55	7.40	7.42	516012	7968093.000
04/28/2011	7.39	7.51	7.21	7.22	546208	8311942.500
04/29/2011	7.25	7.35	7.15	7.31	330822	4977861.500
05/03/2011	7.35	7.42	7.22	7.37	387368	5864952.000
05/04/2011	7.37	7.37	7.21	7.21	384400	5782487.500
05/05/2011	7.18	7.30	7.15	7.27	323931	4863436.500
05/06/2011	7.27	7.33	7.15	7.30	279851	4199267.000
05/09/2011	7.30	7.44	7.28	7.38	499397	7585676.500
05/10/2011	7.39	7.39	7.31	7.37	275349	4182551.000
05/11/2011	7.39	7.48	7.32	7.37	342785	5216676.500
05/12/2011	7.35	7.35	7.19	7.19	452315	6776583.500
05/13/2011	7.19	7.32	7.16	7.31	376345	5618176.000
05/16/2011	7.36	7.39	7.31	7.39	375289	5716186.000
05/17/2011	7.40	7.40	7.33	7.40	354785	5376471.500
05/18/2011	7.41	7.41	7.35	7.39	323788	4914338.000
05/19/2011	7.39	7.48	7.37	7.38	335399	5104575.000
05/20/2011	7.42	7.42	7.23	7.24	418077	6243675.000
05/23/2011	7.23	7.23	6.86	6.89	618815	8983111.000
05/24/2011	6.88	7.25	6.59	7.15	1171692	16821854.000
05/25/2011	7.10	7.18	6.75	6.85	438046	6295450.500
05/26/2011	6.86	6.94	6.69	6.72	290850	4068494.500
05/27/2011	6.73	6.79	6.60	6.73	307586	4246638.000
05/30/2011	6.73	6.94	6.66	6.83	381765	5389392.500
05/31/2011	6.83	6.90	6.72	6.89	471564	6621005.500
06/01/2011	6.89	6.98	6.83	6.98	441669	6289737.500
06/02/2011	6.89	6.92	6.69	6.89	417542	5872466.500
06/03/2011	7.01	7.24	7.01	7.07	737173	10776092.000
06/07/2011	6.97	7.07	6.93	7.03	302470	4352349.000
06/08/2011	6.96	7.00	6.85	6.94	305799	4347100.500
06/09/2011	6.94	6.94	6.77	6.83	211877	2980102.750
06/10/2011	6.80	6.88	6.78	6.88	272662	3837848.500
06/13/2011	6.87	6.94	6.70	6.90	200503	2835623.750
06/14/2011	6.88	6.97	6.88	6.90	463225	6591200.000
06/15/2011	6.93	6.93	6.77	6.78	225402	3172879.000
06/16/2011	6.73	6.73	6.53	6.57	573277	7807830.000
06/17/2011	6.61	6.61	6.30	6.35	599200	8015373.000
06/20/2011	6.30	6.33	6.13	6.23	498500	6396126.500
06/21/2011	6.24	6.28	6.22	6.28	478501	6169465.000
06/22/2011	6.30	6.30	6.16	6.18	215618	2765103.500
06/23/2011	6.19	6.55	6.10	6.42	610069	7980024.000
06/24/2011	6.41	6.58	6.39	6.55	640341	8580516.000
06/27/2011	6.58	6.67	6.52	6.60	771052	10486427.000
06/28/2011	6.88	7.05	6.71	6.78	1856039	26142474.000
06/29/2011	6.65	6.75	6.58	6.58	1262096	17266962.000
06/30/2011	6.52	6.65	6.52	6.59	1161808	15767802.000
07/01/2011	6.60	6.71	6.58	6.63	934747	12802982.000
07/04/2011	6.64	6.85	6.63	6.85	986005	13719900.000
07/05/2011	6.85	6.86	6.78	6.84	768666	10767882.000
07/06/2011	6.80	6.93	6.74	6.87	1203879	16882438.000
07/07/2011	6.88	6.98	6.86	6.96	1437396	20483984.000
07/08/2011	6.92	6.97	6.77	6.80	1264632	17815962.000
07/11/2011	6.75	6.87	6.71	6.78	642213	9004528.000
07/12/2011	6.75	6.75	6.58	6.59	890383	12177911.000
07/13/2011	6.56	6.80	6.54	6.80	702786	9694976.000
07/14/2011	6.81	6.95	6.78	6.93	1687691	23854112.000
07/15/2011	6.93	7.17	6.91	7.15	2059714	30021670.000
07/18/2011	7.14	7.20	7.02	7.05	1179023	17179256.000
07/19/2011	7.00	7.00	6.81	6.88	1077111	15270832.000
07/20/2011	6.93	7.18	6.90	7.01	1225980	17733750.000
07/21/2011	7.01	7.01	6.86	6.86	623898	8867401.000
07/22/2011	6.90	6.98	6.84	6.94	767370	10926438.000
07/25/2011	6.94	6.94	6.39	6.43	1094738	14997266.000
07/26/2011	6.43	6.49	6.39	6.47	416051	5530289.500
07/27/2011	6.43	6.59	6.41	6.57	568353	7645833.000
07/28/2011	6.50	6.57	6.40	6.55	636474	8506342.000
07/29/2011	6.50	6.58	6.43	6.46	397034	5309158.000
08/01/2011	6.53	6.57	6.43	6.56	550176	7392123.500
08/02/2011	6.55	6.66	6.40	6.66	727589	9792266.000
08/03/2011	6.60	7.19	6.53	6.95	2099755	30079432.000
08/04/2011	6.90	6.98	6.84	6.90	1017387	14430453.000
08/05/2011	6.65	6.74	6.55	6.64	954681	13145467.000
08/08/2011	6.55	6.64	6.08	6.15	1151277	14937302.000
08/09/2011	5.94	6.14	5.80	6.03	846284	10412108.000
08/10/2011	6.20	6.32	6.16	6.18	730963	9362630.000
08/11/2011	6.05	6.29	5.96	6.28	828696	10609601.000
08/12/2011	6.35	6.44	6.31	6.34	845909	11102620.000
08/15/2011	6.40	6.48	6.37	6.46	773925	10258289.000
08/16/2011	6.45	6.49	6.35	6.38	667691	8820074.000
08/17/2011	6.32	6.70	6.31	6.58	1182958	15867170.000
08/18/2011	6.55	6.58	6.37	6.48	1146468	15253401.000
08/19/2011	6.30	6.39	6.21	6.37	456270	5960685.000
08/22/2011	6.47	6.55	6.38	6.45	728403	9723300.000
08/23/2011	6.53	6.68	6.45	6.66	1165361	15791329.000
08/24/2011	6.67	6.88	6.61	6.63	1662809	23151540.000
08/25/2011	6.63	6.75	6.59	6.74	1242010	17055498.000
08/26/2011	6.74	6.87	6.66	6.83	1262363	17692168.000
08/29/2011	6.80	7.08	6.76	6.84	1370567	19434814.000
08/30/2011	6.95	6.95	6.66	6.67	1322581	18466838.000
08/31/2011	6.68	6.72	6.40	6.50	971223	13060145.000
09/01/2011	6.51	6.59	6.42	6.50	637357	8555350.000
09/02/2011	6.42	6.50	6.36	6.41	356991	4719897.500
09/05/2011	6.33	6.39	6.23	6.23	541269	7009260.500
09/06/2011	6.20	6.30	6.17	6.21	338630	4349742.500
09/07/2011	6.28	6.45	6.26	6.43	629308	8268420.500
09/08/2011	6.43	6.49	6.32	6.32	447754	5913487.500
09/09/2011	6.30	6.40	6.26	6.28	334835	4361008.000
09/13/2011	6.24	6.27	6.13	6.16	355590	4536825.500
09/14/2011	6.22	6.25	6.10	6.24	314653	4014212.250
09/15/2011	6.25	6.34	6.23	6.25	281981	3653798.000
09/16/2011	6.28	6.34	6.10	6.10	264411	3393774.500
09/19/2011	6.15	6.15	5.95	5.95	329890	4099840.000
09/20/2011	5.94	6.09	5.93	6.03	273181	3389549.500
09/21/2011	6.06	6.24	6.00	6.24	434217	5526409.000
09/22/2011	6.15	6.28	6.09	6.10	400835	5113999.000
09/23/2011	5.96	6.13	5.86	6.07	244568	3047426.750
09/26/2011	5.99	6.12	5.88	5.95	268100	3321624.500
09/27/2011	6.00	6.05	5.93	6.01	211484	2625347.500
09/28/2011	6.08	6.10	5.91	5.93	313080	3891136.750
09/29/2011	5.94	6.03	5.87	5.91	376047	4618635.000
09/30/2011	5.94	5.98	5.78	5.85	227660	2754370.500
10/10/2011	5.91	5.94	5.83	5.86	103051	1250866.625
10/11/2011	6.00	6.05	5.85	5.87	205750	2526479.250
10/12/2011	5.83	6.13	5.78	6.12	473913	5918531.000
10/13/2011	6.14	6.23	6.09	6.19	412834	5260232.000
10/14/2011	6.15	6.20	6.11	6.15	249125	3161108.750
10/17/2011	6.25	6.28	6.11	6.26	388386	4963763.000
10/18/2011	6.14	6.22	6.05	6.12	278588	3526848.250
10/19/2011	6.11	6.16	5.96	6.05	148118	1860456.875
10/20/2011	5.93	5.99	5.70	5.75	569504	6845200.500
10/21/2011	5.94	5.94	5.43	5.76	339807	4035631.500
10/24/2011	5.75	5.86	5.64	5.85	268230	3198814.500
10/25/2011	5.86	5.95	5.78	5.93	485853	5933036.000
10/26/2011	5.86	6.30	5.35	6.21	1465515	18539506.000
10/27/2011	6.24	6.35	6.15	6.25	1289458	16660771.000
10/28/2011	6.35	6.35	6.14	6.29	1359726	17532602.000
10/31/2011	6.28	6.34	6.21	6.29	735010	9497493.000
11/01/2011	6.20	6.39	6.16	6.30	1103022	14353863.000
11/02/2011	6.19	6.63	6.15	6.58	1597991	21104142.000
11/03/2011	6.56	6.79	6.56	6.61	2529650	34747936.000
11/04/2011	6.65	6.65	6.46	6.50	1515370	20360868.000
11/07/2011	6.40	6.60	6.35	6.52	1171846	15642956.000
11/08/2011	6.53	6.60	6.35	6.37	1178850	15707843.000
11/09/2011	6.42	6.56	6.36	6.56	1057315	14087305.000
11/10/2011	6.46	7.20	6.46	6.75	4309053	60977100.000
11/11/2011	6.92	6.92	6.64	6.72	2567436	35933660.000
11/14/2011	6.79	6.93	6.60	6.86	1737678	24463096.000
11/15/2011	6.85	6.98	6.79	6.90	1626300	23086262.000
11/16/2011	6.85	6.91	6.51	6.57	1840748	25362868.000
11/17/2011	6.57	6.64	6.49	6.58	833398	11283899.000
11/18/2011	6.53	6.55	6.28	6.30	1025800	13515213.000
11/21/2011	6.20	6.25	6.05	6.13	798758	10085740.000
11/22/2011	6.08	6.17	6.02	6.16	579746	7320637.500
11/23/2011	6.16	6.20	6.10	6.11	365186	4628764.000
11/24/2011	6.05	6.14	5.95	6.04	485619	6039555.500
11/25/2011	6.05	6.09	6.01	6.04	280724	3501455.000
11/28/2011	6.06	6.13	6.04	6.05	212700	2669984.250
11/29/2011	6.13	6.22	6.06	6.18	447289	5671517.000
11/30/2011	6.18	6.18	5.66	5.75	755260	9169517.000
12/01/2011	5.90	5.98	5.85	5.85	570369	6968347.000
12/02/2011	5.80	5.85	5.62	5.62	408181	4826001.500
12/05/2011	5.55	5.60	5.40	5.42	529900	6008409.000
12/06/2011	5.39	5.51	5.39	5.46	284646	3212403.000
12/07/2011	5.50	5.53	5.46	5.49	335164	3813633.000
12/08/2011	5.50	5.58	5.42	5.54	488835	5590840.500
12/09/2011	5.49	5.55	5.41	5.49	194905	2213487.750
12/12/2011	5.49	5.49	5.41	5.47	158200	1784868.375
12/13/2011	5.43	5.45	5.18	5.21	411134	4506409.000
12/14/2011	5.15	5.30	5.03	5.07	848310	9001972.000
12/15/2011	5.02	5.08	4.83	4.89	612257	6289728.000
12/16/2011	4.89	5.04	4.82	5.03	1084765	11050619.000
12/19/2011	4.99	4.99	4.79	4.94	1200119	12145548.000
12/20/2011	4.91	5.02	4.88	4.88	873209	8977355.000
12/21/2011	4.92	4.96	4.63	4.63	1024701	10291904.000
12/22/2011	4.63	4.63	4.31	4.40	1359234	12519428.000
12/23/2011	4.39	4.50	4.36	4.38	856026	7908214.500
12/26/2011	4.40	4.44	4.31	4.33	680449	6189682.000
12/27/2011	4.32	4.32	4.14	4.14	814172	7191196.500
12/28/2011	4.09	4.20	4.06	4.18	706470	6109550.500
12/29/2011	4.18	4.24	4.12	4.19	855522	7500309.000
12/30/2011	4.19	4.27	4.19	4.25	702109	6229610.000
01/04/2012	4.30	4.30	4.13	4.13	545990	4832649.500
01/05/2012	4.09	4.12	3.78	3.85	717554	5917835.500
01/06/2012	3.84	3.97	3.74	3.94	571897	4632888.500
01/09/2012	3.94	4.15	3.87	4.13	800152	6808689.000
01/10/2012	4.14	4.32	4.11	4.32	1066093	9493927.000
01/11/2012	4.30	4.44	4.25	4.33	929720	8404610.000
01/12/2012	4.30	4.37	4.25	4.29	898634	8106016.000
01/13/2012	4.28	4.32	4.00	4.02	945180	8162150.500
01/16/2012	4.02	4.02	3.85	3.87	569481	4692711.000
01/17/2012	3.85	4.24	3.85	4.20	1094423	9430722.000
01/18/2012	4.15	4.24	4.02	4.04	778757	6733372.500
01/19/2012	4.04	4.18	4.00	4.11	1231971	10628473.000
01/20/2012	4.11	4.22	4.11	4.21	1101911	9651011.000
01/30/2012	4.21	4.26	4.10	4.10	1033880	9094726.000
01/31/2012	4.10	4.14	3.98	4.03	891131	7538639.500
02/01/2012	4.03	4.10	3.99	4.03	787440	6700012.000
02/02/2012	4.02	4.11	4.00	4.11	1001574	8529679.000
02/03/2012	4.10	4.27	4.09	4.23	1687134	14777592.000
02/06/2012	4.24	4.37	4.22	4.30	2269536	20340820.000
02/07/2012	4.30	4.30	4.16	4.20	1266042	11162912.000
02/08/2012	4.17	4.42	4.16	4.40	2039973	18394938.000
02/09/2012	4.38	4.64	4.38	4.49	3532877	33369106.000
02/10/2012	4.41	4.55	4.41	4.51	1622453	15196983.000
02/13/2012	4.48	4.60	4.45	4.57	1492139	14178675.000
02/14/2012	4.58	4.58	4.48	4.52	1051648	9924542.000
02/15/2012	4.48	4.62	4.43	4.61	1460473	13833267.000
02/16/2012	4.59	4.67	4.51	4.62	1272863	12196360.000
02/17/2012	4.61	4.65	4.50	4.55	853495	8105709.500
02/20/2012	4.60	4.62	4.53	4.54	1038181	9891317.000
02/21/2012	4.50	4.59	4.47	4.58	1200672	11354298.000
02/22/2012	4.56	4.73	4.56	4.72	1921209	18702824.000
02/24/2012	4.77	4.90	4.74	4.82	3385450	33917388.000
02/27/2012	4.87	4.87	4.74	4.76	2196219	21950418.000
02/28/2012	4.76	4.82	4.65	4.71	1784371	17568658.000
02/29/2012	4.70	4.72	4.63	4.64	858468	8368873.500
03/01/2012	4.56	4.69	4.56	4.64	720730	6985252.500
03/02/2012	4.64	4.74	4.62	4.73	970199	9496676.000
03/05/2012	4.73	4.85	4.72	4.77	1697245	16967630.000
03/06/2012	4.75	4.76	4.65	4.71	1176938	11527620.000
03/07/2012	4.64	4.84	4.61	4.73	1393754	13786219.000
03/08/2012	4.75	4.92	4.74	4.91	1929449	19390700.000
03/09/2012	4.88	4.95	4.86	4.93	1821913	18610596.000
03/12/2012	4.94	4.94	4.81	4.89	1500469	15227307.000
03/13/2012	4.87	4.98	4.86	4.98	1617681	16611943.000
03/14/2012	4.99	5.03	4.61	4.63	2702116	27150530.000
03/15/2012	4.63	4.69	4.45	4.47	1727459	16367987.000
03/16/2012	4.52	4.64	4.49	4.63	1086130	10337343.000
03/19/2012	4.63	4.71	4.58	4.71	1078872	10468615.000
03/20/2012	4.68	4.68	4.50	4.52	1135899	10869340.000
03/21/2012	4.57	4.58	4.43	4.54	1053239	9892162.000
03/22/2012	4.53	4.61	4.50	4.57	767791	7300374.500
03/26/2012	4.46	4.50	4.41	4.44	590965	5487315.000
03/27/2012	4.49	4.51	4.43	4.45	404129	3773916.750
03/28/2012	4.47	4.47	4.16	4.18	834609	7439579.500
03/29/2012	4.15	4.15	3.98	4.03	1285286	10878655.000
03/30/2012	4.02	4.03	3.81	3.89	1548000	12720342.000
04/05/2012	3.85	3.99	3.85	3.98	883682	7312810.000
04/06/2012	3.99	4.01	3.96	3.99	538842	4511143.500
04/09/2012	3.99	4.02	3.96	3.96	529621	4430891.000
04/10/2012	3.97	3.98	3.80	3.98	705449	5758080.000
04/11/2012	3.93	4.03	3.93	4.00	622335	5209540.000
04/12/2012	4.03	4.11	3.98	4.10	923604	7830432.000
04/13/2012	4.06	4.15	4.06	4.14	977803	8433357.000
04/16/2012	4.09	4.18	4.05	4.14	637852	5506637.000
04/17/2012	4.14	4.18	4.06	4.08	658351	5683862.000
04/18/2012	4.11	4.22	4.08	4.21	760846	6640457.000
04/19/2012	4.30	4.30	4.20	4.21	759457	6742219.000
04/20/2012	4.18	4.25	4.15	4.25	1279563	11252179.000
04/23/2012	4.23	4.69	3.96	4.00	2086230	18168854.000
04/24/2012	3.98	4.05	3.80	3.93	1149886	9402491.000
04/25/2012	3.90	4.00	3.89	3.98	730358	6067434.000
04/26/2012	3.95	4.03	3.95	3.97	562962	4706546.500
04/27/2012	3.99	4.05	3.94	4.02	392422	3286459.750
05/02/2012	4.03	4.10	4.01	4.07	974728	8292869.500
05/03/2012	4.06	4.10	4.04	4.09	579694	4953450.500
05/04/2012	4.10	4.13	4.07	4.13	743531	6402745.000
05/07/2012	4.09	4.18	4.07	4.18	688632	5965353.000
05/08/2012	4.18	4.25	4.14	4.22	967281	8512679.000
05/09/2012	4.20	4.20	4.10	4.12	797914	6923120.000
05/10/2012	4.13	4.21	4.13	4.19	761487	6663819.000
05/11/2012	4.18	4.20	4.13	4.13	643801	5623595.500
05/14/2012	4.15	4.17	4.10	4.11	574679	4973571.000
05/15/2012	4.08	4.12	4.00	4.12	632032	5369556.500
05/16/2012	4.09	4.14	4.08	4.08	576026	4968251.000
05/17/2012	4.09	4.14	4.01	4.11	548289	4695213.500
05/18/2012	4.08	4.19	4.08	4.11	1165822	10137850.000
05/21/2012	4.08	4.12	3.98	4.02	639820	5423884.500
05/22/2012	4.05	4.10	4.03	4.10	504288	4294324.000
05/23/2012	4.12	4.17	4.04	4.10	900659	7786813.000
05/24/2012	4.10	4.16	4.07	4.11	591365	5101895.500
05/25/2012	4.11	4.14	3.89	3.91	920068	7694896.000
05/28/2012	3.91	3.92	3.80	3.91	602400	4881167.500
05/29/2012	3.87	3.99	3.82	3.97	1261707	10356224.000
05/30/2012	3.95	4.00	3.90	3.97	1084999	9031529.000
05/31/2012	3.92	4.01	3.92	4.00	773002	6451583.500
06/01/2012	3.98	4.02	3.93	3.94	984515	8187729.000
06/04/2012	3.89	3.89	3.80	3.80	797571	6424293.500
06/05/2012	3.81	3.83	3.78	3.80	313130	2507389.000
06/06/2012	3.81	3.86	3.80	3.81	439300	3541745.500
06/07/2012	3.88	3.88	3.82	3.82	363576	2934833.000
06/08/2012	3.83	3.87	3.80	3.80	410699	3310648.500
06/11/2012	3.82	3.93	3.79	3.90	715013	5817430.000
06/12/2012	3.89	3.90	3.85	3.87	443737	3612505.500
06/13/2012	3.90	3.95	3.87	3.95	666158	5484713.000
06/14/2012	3.91	3.98	3.91	3.93	454298	3762812.000
06/15/2012	3.94	4.01	3.90	3.96	892050	7406182.500
06/18/2012	3.98	4.03	3.96	4.01	621033	5142333.500
08/07/2012	4.43	4.43	4.43	4.43	927854	8489864.000
08/08/2012	4.89	4.89	4.89	4.89	818283	8240110.000
08/09/2012	5.39	5.39	5.39	5.39	2385052	26426376.000
08/10/2012	5.95	5.95	5.95	5.95	5344988	65155404.000
08/13/2012	6.33	6.55	6.15	6.25	15703981	202208944.000
08/14/2012	6.20	6.23	5.63	5.93	8228892	99579472.000
08/15/2012	5.90	6.10	5.76	5.84	5776487	69914104.000
08/16/2012	5.72	5.90	5.55	5.67	4380572	51402852.000
08/17/2012	5.65	5.74	5.57	5.70	2859633	33153432.000
08/20/2012	5.63	6.00	5.60	5.95	4493612	53669904.000
08/21/2012	5.97	6.13	5.83	5.84	5533627	67498328.000
08/22/2012	5.68	5.75	5.41	5.51	5793253	65857424.000
08/23/2012	5.46	5.61	5.41	5.51	3459863	39162284.000
08/24/2012	5.51	5.60	5.36	5.46	3333468	37340740.000
08/27/2012	5.42	5.49	5.29	5.35	1658878	18274156.000
08/28/2012	5.35	5.58	5.30	5.45	1967880	22054204.000
08/29/2012	5.43	5.52	5.29	5.29	2359762	26120462.000
08/30/2012	5.16	5.22	4.81	4.89	3358558	34595104.000
08/31/2012	4.87	4.97	4.83	4.94	1303811	13206050.000
09/03/2012	4.93	5.13	4.89	5.05	1672385	17332226.000
09/04/2012	5.07	5.17	4.83	4.83	2861899	29176008.000
09/05/2012	4.73	4.95	4.73	4.95	2319881	23217908.000
09/06/2012	4.90	5.14	4.89	4.94	2935248	30247306.000
09/07/2012	5.00	5.28	4.98	5.15	3283415	34589276.000
09/10/2012	5.13	5.21	5.07	5.18	2472894	26130754.000
09/11/2012	5.15	5.29	5.12	5.26	2111088	22634514.000
09/12/2012	5.31	5.31	5.08	5.14	2001204	21210456.000
09/13/2012	5.14	5.23	5.07	5.10	1941258	20602398.000
09/14/2012	5.14	5.15	4.90	4.95	2024876	20752670.000
09/17/2012	4.93	4.97	4.77	4.79	969300	9692002.000
09/18/2012	4.78	4.86	4.70	4.81	755383	7510256.000
09/19/2012	4.80	4.94	4.78	4.92	1278207	12765339.000
09/20/2012	4.90	4.90	4.62	4.66	1447060	14160213.000
09/21/2012	4.61	4.68	4.51	4.54	1003209	9524945.000
09/24/2012	4.54	4.68	4.51	4.63	980022	9319284.000
09/25/2012	4.62	4.72	4.56	4.66	915568	8786550.000
09/26/2012	4.62	4.68	4.47	4.48	791126	7461420.000
09/27/2012	4.53	4.95	4.49	4.80	2873172	28344998.000
09/28/2012	4.76	4.87	4.73	4.87	1318665	13081034.000
10/08/2012	4.85	4.99	4.85	4.89	1662444	16896096.000
10/09/2012	4.93	5.08	4.90	5.07	2482172	25492584.000
10/10/2012	5.45	5.45	5.13	5.17	4724835	51315036.000
10/11/2012	5.10	5.34	5.04	5.07	2521745	27018470.000
10/12/2012	4.99	5.10	4.92	5.01	1556272	16050547.000
10/15/2012	5.02	5.31	5.01	5.15	1671334	17677786.000
10/16/2012	5.14	5.14	5.05	5.10	939216	9853112.000
10/17/2012	5.07	5.14	5.00	5.08	923301	9649317.000
10/18/2012	5.08	5.21	5.06	5.15	862985	9116417.000
10/19/2012	5.16	5.33	5.13	5.28	1794357	19436262.000
10/22/2012	5.33	5.55	5.25	5.44	1791002	20014794.000
10/23/2012	5.44	5.55	5.32	5.38	2087832	23274782.000
10/24/2012	5.40	5.90	5.40	5.75	5653516	66103000.000
10/25/2012	5.75	5.84	5.26	5.28	7039593	80085264.000
10/26/2012	5.28	5.28	5.01	5.05	3299277	34686692.000
10/29/2012	5.05	5.23	5.04	5.09	1878341	19848886.000
10/30/2012	5.10	5.14	5.00	5.05	1027589	10703085.000
10/31/2012	5.07	5.18	5.05	5.14	1342974	14166239.000
11/01/2012	5.13	5.26	5.13	5.24	2138957	22930990.000
11/02/2012	5.23	5.40	5.22	5.35	2142054	23474732.000
11/05/2012	5.40	5.90	5.39	5.90	7171288	84010272.000
11/06/2012	6.00	6.19	5.81	6.05	8977983	110597192.000
11/07/2012	5.96	6.09	5.85	5.90	4286311	52233812.000
11/08/2012	5.83	6.50	5.79	6.15	9655730	123655984.000
11/09/2012	6.08	6.35	5.96	6.24	5973727	75425096.000
11/12/2012	6.29	6.43	6.15	6.30	3818330	48930016.000
11/13/2012	6.23	6.28	5.69	5.76	4839609	59213380.000
11/14/2012	5.78	5.95	5.68	5.88	2941667	35276224.000
11/15/2012	5.78	6.48	5.76	6.33	9674683	125270176.000
11/16/2012	6.20	6.59	6.18	6.46	6060576	79369808.000
11/19/2012	6.41	7.12	6.41	7.04	8195490	115050280.000
11/20/2012	7.01	7.20	6.86	6.99	5646358	80491744.000
11/21/2012	6.97	7.63	6.95	7.15	10235265	153050112.000
11/22/2012	7.05	7.35	6.71	6.86	8997819	129397200.000
11/23/2012	6.79	7.14	6.71	6.93	4331654	61465376.000
11/26/2012	6.96	7.53	6.96	7.36	6295890	94022144.000
11/27/2012	7.25	7.35	6.61	6.62	9047919	127548392.000
11/28/2012	6.58	7.04	6.56	6.87	5397811	75292568.000
11/29/2012	6.82	6.90	6.40	6.60	6646372	89176312.000
11/30/2012	6.60	6.78	6.51	6.64	4527984	61549904.000
12/03/2012	6.60	6.80	6.28	6.34	4117107	55145016.000
12/04/2012	6.29	6.33	5.90	6.20	4828492	60401048.000
12/05/2012	6.19	6.62	6.14	6.50	5086988	66777616.000
12/06/2012	6.48	6.55	6.32	6.35	3683111	48333312.000
12/07/2012	6.36	6.74	6.33	6.68	5648190	76051736.000
12/10/2012	6.76	7.15	6.70	6.95	5551391	79261136.000
12/11/2012	6.83	6.95	6.69	6.80	5125839	71314032.000
12/12/2012	6.80	7.10	6.45	6.88	5772898	79036504.000
12/13/2012	6.83	7.05	6.65	6.66	3583114	50185980.000
12/14/2012	6.80	7.06	6.80	7.01	5676629	80444528.000
12/17/2012	7.08	7.34	6.97	7.06	5201016	75534800.000
12/18/2012	6.99	7.11	6.85	6.87	3333432	47486780.000
12/19/2012	6.86	7.03	6.85	6.89	2161512	30589726.000
12/20/2012	7.00	7.35	6.85	7.17	5267371	76895200.000
12/21/2012	7.19	7.45	7.13	7.22	4595788	68227064.000
12/24/2012	7.26	7.95	7.18	7.95	8289790	128749864.000
12/25/2012	7.95	8.39	7.81	8.06	8692760	143640096.000
12/26/2012	7.91	8.39	7.91	8.14	6103531	100937424.000
12/27/2012	8.10	8.17	7.62	7.63	6905689	109981000.000
12/28/2012	7.61	7.95	7.61	7.65	5228582	82968192.000
12/31/2012	7.66	8.05	7.61	7.97	5400377	86640720.000
01/04/2013	8.03	8.20	7.85	8.01	4927835	80484576.000
01/07/2013	8.13	8.72	8.04	8.58	6557186	113550288.000
01/08/2013	8.55	9.44	8.47	9.27	7865676	142912544.000
01/09/2013	9.12	9.91	9.08	9.42	7895395	153094256.000
01/10/2013	9.48	9.82	9.13	9.48	5612626	106967264.000
01/11/2013	9.46	9.70	9.30	9.49	5597051	107919584.000
01/14/2013	9.43	9.80	9.35	9.79	5719734	112087680.000
01/15/2013	9.65	9.78	9.28	9.40	7455188	143016384.000
01/16/2013	9.25	9.50	9.00	9.10	4600808	86130168.000
01/17/2013	8.98	9.22	8.55	8.68	5063615	91297072.000
01/18/2013	8.77	8.93	8.62	8.93	4104921	73383296.000
01/21/2013	8.98	9.20	8.86	9.05	3681020	67546024.000
01/22/2013	9.03	9.03	8.25	8.37	4678576	82492744.000
01/23/2013	8.43	8.64	8.30	8.57	3351308	57908516.000
01/24/2013	8.58	8.65	8.14	8.27	3176693	54122672.000
01/25/2013	8.35	8.92	8.30	8.74	4957246	87399840.000
01/28/2013	8.83	9.01	8.74	8.95	2906869	52474300.000
01/29/2013	9.03	9.10	8.78	8.84	3946868	71191168.000
01/30/2013	9.00	9.00	8.55	8.73	2756997	48848080.000
01/31/2013	8.79	8.79	8.47	8.71	2048874	35921124.000
02/01/2013	8.98	9.39	8.69	8.71	7032809	129032840.000
02/04/2013	8.71	8.72	8.14	8.16	5245337	88436528.000
02/05/2013	8.16	8.35	8.01	8.23	2418745	40235740.000
02/06/2013	8.26	8.39	8.14	8.30	2428816	40790472.000
02/07/2013	8.27	8.35	8.21	8.28	1602832	27024660.000
02/08/2013	8.23	8.37	8.23	8.34	1953065	33067192.000
02/18/2013	8.29	8.30	7.97	8.01	4680881	76785560.000
02/19/2013	8.04	8.15	7.98	8.11	2837944	46786368.000
02/20/2013	8.78	8.94	8.59	8.94	5308351	95380224.000
02/21/2013	9.18	9.53	8.94	9.00	12365520	232167376.000
02/22/2013	9.15	9.62	9.12	9.18	9627395	182221360.000
02/25/2013	9.10	9.10	8.43	8.64	7393832	131000832.000
02/26/2013	8.61	8.63	8.30	8.31	4853259	83583752.000
02/27/2013	8.40	8.50	8.19	8.40	3288833	55783656.000
02/28/2013	8.40	8.44	8.27	8.44	2999196	51073384.000
03/01/2013	8.45	8.68	8.37	8.64	3918088	68388176.000
03/04/2013	8.45	8.54	8.16	8.25	3660140	62039396.000
03/05/2013	8.25	8.40	8.20	8.38	2078861	35294060.000
03/06/2013	8.38	8.84	8.30	8.82	5328963	93051088.000
03/07/2013	8.78	8.88	8.58	8.64	3967612	70211392.000
03/08/2013	8.68	8.97	8.63	8.63	3578945	63814020.000
03/11/2013	8.62	8.62	8.35	8.41	1639299	28193066.000
03/12/2013	8.45	8.50	7.86	7.97	2836676	46924600.000
03/13/2013	8.04	8.09	7.88	8.07	1888532	30781284.000
03/14/2013	8.10	8.20	8.01	8.07	1261994	20863914.000
03/15/2013	8.05	8.21	7.90	8.01	1570275	25853420.000
03/18/2013	8.03	8.29	7.88	8.25	2376068	39244288.000
03/19/2013	8.41	8.43	7.46	7.56	7580178	121237656.000
03/20/2013	7.54	7.76	7.33	7.75	4930463	75843080.000
03/21/2013	7.73	8.34	7.69	8.08	6504914	107214696.000
03/22/2013	8.05	8.24	7.95	8.09	3335066	55140840.000
03/25/2013	8.17	8.20	7.94	7.96	2985631	48692912.000
03/26/2013	7.96	8.04	7.68	7.75	2778367	44163484.000
03/27/2013	7.75	7.89	7.74	7.80	1986212	31630248.000
03/28/2013	7.73	7.73	7.44	7.46	2356673	36162044.000
03/29/2013	7.53	7.54	7.29	7.34	2106432	31678574.000
04/01/2013	7.28	7.43	7.28	7.40	1670016	25061028.000
04/02/2013	7.40	7.54	7.21	7.23	2105938	31665438.000
04/03/2013	7.26	7.29	6.91	7.13	2778737	39958444.000
04/08/2013	7.02	7.08	6.79	7.05	1851473	26217812.000
04/09/2013	7.05	7.34	7.05	7.29	2327647	34125696.000
04/10/2013	7.35	7.38	7.14	7.18	1724461	25432472.000
04/11/2013	7.25	7.28	7.15	7.15	1221310	17970936.000
04/12/2013	7.15	7.22	6.90	6.93	1757632	25142330.000
04/15/2013	6.94	6.94	6.76	6.77	1389965	19335966.000
04/16/2013	6.75	6.85	6.59	6.85	1770161	24282488.000
04/17/2013	6.89	7.29	6.85	7.24	4247314	61540944.000
04/18/2013	7.18	7.82	7.11	7.63	6374186	98356456.000
04/19/2013	7.63	7.84	7.60	7.68	5114250	80335464.000
04/22/2013	7.59	7.77	7.55	7.72	3081633	48252288.000
04/23/2013	7.78	7.78	7.30	7.40	3263130	50322612.000
04/24/2013	7.35	7.74	7.32	7.71	3794507	58774284.000
04/25/2013	7.59	7.59	7.14	7.15	4760806	71935120.000
04/26/2013	7.13	7.13	6.76	6.80	3237833	45469052.000
05/02/2013	6.80	6.94	6.75	6.89	1261426	17674030.000
05/03/2013	6.93	7.10	6.89	6.97	1666147	23853758.000
05/06/2013	7.03	7.12	6.95	7.06	1936835	27834664.000
05/07/2013	7.10	7.11	6.96	7.00	1492635	21372474.000
05/08/2013	7.07	7.15	6.95	7.15	2053829	29533704.000
05/09/2013	7.14	7.44	7.10	7.42	3865121	57548460.000
05/10/2013	7.44	7.53	7.28	7.42	2778531	41986288.000
05/13/2013	7.41	7.51	7.36	7.41	2323210	35230316.000
05/14/2013	7.41	7.49	7.10	7.13	2590053	38281028.000
05/15/2013	7.11	7.32	7.10	7.27	1568749	23027904.000
05/16/2013	7.29	7.43	7.21	7.27	2449593	36604884.000
05/17/2013	7.29	7.43	7.24	7.40	2343322	35216844.000
05/20/2013	7.39	7.60	7.39	7.56	3285850	50516156.000
05/21/2013	7.61	7.67	7.46	7.66	3883179	59978552.000
05/22/2013	7.66	7.94	7.60	7.88	6485724	103202768.000
05/23/2013	7.75	7.80	7.51	7.54	7791876	120711008.000
05/24/2013	7.54	7.66	7.49	7.66	5251589	81209080.000
05/27/2013	7.62	7.69	7.55	7.60	4555325	70501064.000
05/28/2013	7.62	7.62	7.33	7.35	3904096	58989456.000
05/29/2013	7.35	7.41	7.33	7.38	2794258	41976524.000
05/30/2013	7.38	7.38	7.25	7.28	3106171	46221188.000
05/31/2013	7.23	7.48	7.23	7.39	3457522	52199304.000
06/03/2013	7.36	7.45	7.32	7.38	1888675	28451194.000
06/04/2013	7.45	7.74	7.40	7.64	8818793	136819008.000
06/05/2013	7.61	7.75	7.47	7.60	3360959	52031672.000
06/06/2013	7.50	7.57	7.05	7.10	3896101	57909472.000
06/07/2013	6.95	6.95	6.69	6.76	3469198	48207480.000
06/13/2013	6.59	6.59	6.15	6.23	3382774	21688760.000
06/14/2013	6.25	6.36	6.19	6.29	4052411	25552758.000
06/17/2013	6.29	6.30	6.01	6.09	4392689	27163538.000
06/18/2013	6.10	6.13	5.91	5.98	3718514	22444864.000
06/19/2013	5.97	6.07	5.83	6.04	3432730	20468168.000
06/20/2013	6.01	6.01	5.84	5.84	3081296	18425566.000
06/21/2013	5.77	6.02	5.73	5.93	3388613	20173612.000
06/24/2013	5.87	6.00	5.33	5.34	5027097	28060974.000
06/25/2013	5.37	5.37	4.80	5.21	6612275	34101844.000
06/26/2013	5.21	5.31	5.06	5.26	4329197	22813384.000
06/27/2013	5.26	5.36	4.94	4.95	5076682	26422246.000
06/28/2013	4.95	5.03	4.75	4.90	3382455	16769722.000
07/01/2013	4.94	5.11	4.89	5.09	3709327	18720936.000
07/02/2013	5.09	5.26	5.04	5.24	4529335	23582000.000
07/03/2013	5.16	5.20	4.96	5.13	4155095	21478610.000
07/04/2013	5.09	5.21	4.97	5.15	4910504	25235272.000
07/05/2013	5.16	5.21	5.01	5.01	4999263	25819458.000
07/08/2013	4.89	4.89	4.55	4.67	4945655	23523940.000
07/09/2013	4.68	4.70	4.56	4.61	2530530	11833582.000
07/10/2013	4.64	4.90	4.60	4.85	3821072	18367722.000
07/11/2013	4.85	5.18	4.81	5.12	5596156	28338380.000
07/12/2013	5.11	5.13	4.96	4.99	4919243	25089120.000
07/15/2013	4.95	5.13	4.95	5.09	4116445	21089012.000
07/16/2013	5.10	5.23	5.10	5.22	5800603	30261162.000
07/17/2013	5.19	5.28	5.04	5.14	5318822	27739364.000
07/18/2013	5.14	5.19	5.02	5.17	4304702	22220612.000
07/19/2013	5.40	5.40	5.06	5.07	7869643	41655092.000
07/22/2013	5.06	5.10	4.94	5.09	4494716	22759688.000
07/23/2013	5.09	5.60	5.06	5.60	16702094	93478712.000
07/24/2013	5.62	6.03	5.57	5.97	22799915	132913704.000
07/25/2013	5.90	5.90	5.55	5.69	11352445	65902240.000
07/26/2013	5.63	5.76	5.58	5.72	6469513	36985284.000
07/29/2013	5.68	5.68	5.49	5.49	5126716	28727640.000
07/30/2013	5.50	5.54	5.20	5.38	4581623	24817074.000
07/31/2013	5.34	5.48	5.33	5.40	3166977	17298446.000
08/01/2013	5.41	5.61	5.37	5.59	4526617	25268058.000
08/02/2013	5.60	6.06	5.56	5.84	11689533	68978752.000
08/05/2013	5.85	5.94	5.74	5.93	6808859	40235832.000
08/06/2013	5.95	5.97	5.87	5.91	6121228	36547124.000
08/07/2013	5.91	5.91	5.67	5.70	6150963	35669016.000
08/08/2013	5.72	6.01	5.65	5.95	9303279	55326272.000
08/09/2013	5.95	5.99	5.76	5.87	5965237	35325256.000
08/12/2013	5.87	6.04	5.84	5.94	7262669	43387236.000
08/13/2013	5.91	6.02	5.86	5.98	8203913	49341148.000
08/14/2013	6.00	6.33	5.95	6.20	14345549	89020352.000
08/15/2013	6.21	6.23	5.99	5.99	7351768	44990300.000
08/16/2013	5.94	6.03	5.65	5.66	8098832	47687312.000
08/19/2013	5.61	5.78	5.57	5.76	4134130	23765508.000
08/20/2013	5.77	5.83	5.68	5.74	4592528	26652074.000
08/21/2013	5.75	5.80	5.66	5.74	3514301	20325764.000
08/22/2013	5.75	5.93	5.74	5.85	5910240	34917944.000
08/23/2013	5.81	5.89	5.51	5.69	6217940	35965928.000
08/26/2013	5.68	5.79	5.65	5.79	3563480	20655768.000
08/27/2013	5.85	5.88	5.79	5.84	4121554	24209222.000
08/28/2013	5.81	5.81	5.62	5.64	4826442	27813086.000
08/29/2013	5.63	5.73	5.52	5.54	4407378	24837034.000
08/30/2013	5.57	5.57	5.27	5.31	6050190	33097780.000
09/02/2013	5.29	5.43	5.29	5.41	2255964	12248906.000
09/03/2013	5.39	5.53	5.39	5.53	2537845	14026941.000
09/04/2013	5.53	5.65	5.50	5.62	3790499	21381648.000
09/05/2013	5.62	5.62	5.50	5.54	2936144	16422162.000
09/06/2013	5.57	5.57	5.41	5.49	4110249	22696696.000
09/09/2013	5.50	5.53	5.45	5.53	3566982	19764412.000
09/10/2013	5.52	5.52	5.42	5.50	4745626	26152264.000
09/11/2013	5.50	5.53	5.40	5.45	4508805	24741906.000
09/12/2013	5.45	5.69	5.45	5.63	8943979	50548204.000
09/13/2013	5.60	5.72	5.56	5.70	5599322	31932206.000
09/16/2013	5.69	5.72	5.61	5.64	3362846	19179666.000
09/17/2013	5.63	5.69	5.50	5.51	3209009	17955598.000
09/18/2013	5.50	5.54	5.45	5.47	2459507	13618277.000
09/23/2013	5.47	5.69	5.47	5.69	5469319	30871494.000
09/24/2013	5.67	5.79	5.59	5.63	5297874	30307264.000
09/25/2013	5.63	5.70	5.57	5.66	4584353	26054486.000
09/26/2013	5.65	5.66	5.55	5.56	3760143	21232384.000
09/27/2013	5.57	5.62	5.47	5.51	3021000	16952018.000
09/30/2013	5.52	5.62	5.52	5.57	2640983	14822557.000
10/08/2013	5.57	5.69	5.53	5.65	3927663	22372604.000
10/09/2013	5.65	5.75	5.61	5.73	5280120	30284186.000
10/10/2013	5.74	5.76	5.63	5.64	4716875	26999704.000
10/11/2013	5.66	5.73	5.65	5.71	3755375	21576148.000
10/14/2013	5.71	5.99	5.71	5.89	8041260	47719396.000
10/15/2013	5.86	5.88	5.69	5.77	6193684	35996772.000
10/16/2013	5.76	5.79	5.55	5.58	4371795	24812162.000
10/17/2013	5.60	5.72	5.60	5.68	3741058	21375690.000
10/18/2013	5.69	5.72	5.63	5.68	2835165	16224872.000
10/21/2013	5.70	5.87	5.66	5.82	6264341	36651008.000
10/22/2013	5.86	6.05	5.79	6.01	13409341	80603320.000
10/23/2013	5.95	5.98	5.71	5.74	8923840	52407944.000
10/24/2013	5.74	5.83	5.63	5.78	3183595	18446890.000
10/25/2013	5.74	5.92	5.74	5.81	5818017	34212240.000
10/28/2013	5.76	5.78	5.39	5.40	7283629	40505344.000
10/29/2013	5.40	5.44	4.97	5.15	5436559	28560620.000
10/30/2013	5.14	5.24	5.07	5.21	2645920	13788507.000
10/31/2013	5.22	5.22	5.11	5.16	2471606	12881910.000
11/01/2013	5.20	5.26	5.13	5.22	2728110	14319221.000
11/04/2013	5.24	5.27	5.20	5.25	1902626	10047134.000
11/05/2013	5.28	5.28	5.15	5.26	2856873	15053108.000
11/06/2013	5.26	5.34	5.20	5.21	3063480	16310236.000
11/07/2013	5.20	5.24	5.14	5.15	2588411	13571218.000
11/08/2013	5.12	5.18	5.03	5.12	2518026	12958941.000
11/11/2013	5.12	5.25	5.04	5.19	2077658	10839361.000
11/12/2013	5.19	5.25	5.17	5.24	2146271	11299237.000
11/13/2013	5.23	5.23	5.11	5.11	1588636	8275287.000
11/14/2013	5.10	5.21	5.05	5.21	2442525	12699951.000
11/15/2013	5.23	5.38	5.19	5.31	4374590	23411890.000
11/18/2013	5.36	5.42	5.28	5.41	4049456	21985028.000
11/19/2013	5.41	5.53	5.33	5.50	4742990	26068930.000
11/20/2013	5.51	5.80	5.48	5.69	11139844	63901200.000
11/21/2013	5.60	5.68	5.47	5.66	6625558	37229744.000
11/22/2013	5.62	5.69	5.54	5.58	3251730	18442306.000
11/25/2013	5.53	5.69	5.51	5.61	3043846	17209366.000
11/26/2013	5.57	5.66	5.57	5.61	2577095	14600388.000
11/27/2013	5.61	5.83	5.58	5.79	6862697	39644036.000
11/28/2013	5.82	5.83	5.71	5.72	4643575	26936382.000
11/29/2013	5.76	5.87	5.71	5.80	5240311	30717020.000
12/02/2013	5.56	5.64	5.25	5.26	7255336	39794348.000
12/03/2013	5.25	5.43	5.15	5.38	3365313	17974610.000
12/04/2013	5.37	5.51	5.36	5.45	3682093	20277754.000
12/05/2013	5.45	5.46	5.39	5.42	2397883	13103552.000
12/06/2013	5.42	5.48	5.38	5.46	2167505	11888938.000
12/09/2013	5.45	5.63	5.45	5.63	3558630	19939334.000
12/10/2013	5.64	5.68	5.52	5.64	2962658	16728228.000
12/11/2013	5.62	5.62	5.42	5.48	3128598	17393516.000
12/12/2013	5.48	5.65	5.48	5.60	3114510	17503392.000
12/13/2013	5.59	5.68	5.51	5.68	3827050	21743544.000
12/16/2013	5.71	5.94	5.64	5.73	11035591	64488072.000
12/17/2013	5.71	6.31	5.67	6.31	13111691	81372344.000
12/18/2013	6.53	6.91	6.45	6.85	42335686	284343456.000
12/19/2013	6.64	6.69	6.34	6.40	23413146	153582832.000
12/20/2013	6.45	6.50	5.96	6.12	18134496	112459336.000
12/23/2013	6.05	6.10	5.80	5.91	11029374	66154628.000
12/24/2013	5.95	6.07	5.84	5.95	9907099	59565748.000
12/25/2013	5.92	6.19	5.91	6.18	11574269	70941608.000
12/26/2013	6.12	6.18	5.89	5.90	9922222	60257004.000
12/27/2013	5.89	6.10	5.78	6.08	8982721	54384808.000
12/30/2013	6.08	6.69	6.06	6.54	18602210	120018472.000
12/31/2013	6.42	6.60	6.21	6.27	11926998	76408048.000
01/02/2014	6.26	6.60	6.26	6.35	10711060	69366088.000
01/03/2014	6.36	6.83	6.19	6.76	18566964	121423208.000
01/06/2014	6.66	6.83	6.49	6.54	14160135	94933088.000
01/07/2014	6.46	7.20	6.36	7.20	16166215	112855872.000
01/08/2014	7.44	7.54	7.03	7.19	32160047	236019776.000
01/09/2014	7.06	7.40	6.86	6.92	21797277	157498672.000
01/10/2014	6.70	6.94	6.45	6.60	13178119	89034848.000
01/13/2014	6.63	6.91	6.63	6.84	10879068	74347296.000
01/14/2014	6.84	7.11	6.67	7.05	11399073	79672192.000
01/15/2014	6.99	7.09	6.88	7.02	9382648	65853680.000
01/16/2014	6.85	6.87	6.37	6.41	23899211	159085824.000
01/17/2014	6.35	6.58	6.30	6.54	10005569	65281012.000
01/20/2014	6.54	6.55	6.03	6.21	9434686	59966636.000
01/21/2014	6.17	6.36	6.15	6.34	8078092	50916444.000
01/22/2014	6.29	6.41	6.26	6.40	7909713	50685188.000
01/23/2014	6.38	6.73	6.38	6.68	13872912	92478976.000
01/24/2014	6.69	6.82	6.59	6.71	10302388	69436656.000
01/27/2014	6.65	6.88	6.60	6.74	9246180	63212036.000
01/28/2014	6.75	6.82	6.53	6.60	6110130	40805852.000
01/29/2014	6.56	6.67	6.53	6.61	4572187	30407828.000
01/30/2014	6.62	6.62	6.43	6.43	4625254	30298518.000
02/07/2014	6.35	6.59	6.25	6.58	4896827	31905310.000
02/10/2014	6.61	6.87	6.61	6.81	10342864	70672696.000
02/11/2014	6.81	6.99	6.64	6.82	9774189	67051196.000
02/12/2014	6.80	7.04	6.80	7.01	12152181	85115848.000
02/13/2014	7.02	7.49	6.90	7.15	21707618	158047344.000
02/14/2014	7.05	7.33	6.95	7.30	13672130	98789168.000
02/17/2014	7.40	7.92	7.40	7.63	16567680	128103112.000
02/18/2014	7.63	7.94	7.40	7.94	18180681	140934112.000
02/19/2014	7.95	8.60	7.80	8.50	26381485	221236432.000
02/20/2014	8.50	8.57	7.75	7.90	20347399	165953568.000
02/21/2014	7.67	8.03	7.47	7.66	13357765	103308232.000
02/24/2014	7.73	8.02	7.55	8.02	11233937	88257312.000
02/25/2014	8.17	8.17	7.21	7.31	16311239	125697952.000
02/26/2014	7.30	7.65	7.15	7.51	10774837	80736232.000
02/27/2014	7.83	8.14	7.56	7.56	15969626	125715048.000
02/28/2014	7.36	7.62	7.26	7.57	8260966	61615204.000
03/03/2014	7.59	7.81	7.47	7.74	7568994	58498468.000
03/04/2014	7.67	7.70	7.41	7.55	6765005	51343532.000
03/05/2014	7.57	7.75	7.52	7.57	6805322	52403176.000
03/06/2014	7.47	7.59	7.21	7.33	7854523	57847280.000
03/07/2014	7.36	7.49	7.26	7.47	6821102	50743012.000
03/10/2014	7.40	7.40	6.89	6.97	7435880	53195448.000
03/11/2014	6.91	7.04	6.86	7.02	3628044	25420298.000
03/12/2014	7.03	7.04	6.63	6.82	4448050	30688808.000
03/13/2014	6.81	6.99	6.76	6.99	3691445	25705156.000
03/14/2014	6.93	7.04	6.81	6.91	3239577	22583966.000
03/17/2014	6.91	7.18	6.90	7.15	4717597	33691128.000
03/18/2014	7.18	7.28	7.12	7.17	4043445	29259040.000
03/19/2014	7.12	7.23	7.06	7.18	3507314	25289054.000
03/20/2014	7.19	7.24	6.80	6.80	4567518	32336538.000
03/21/2014	6.63	6.92	6.60	6.87	4512289	30800784.000
03/24/2014	6.87	6.87	6.75	6.79	3748628	25711002.000
03/25/2014	6.84	6.87	6.71	6.74	2800686	19153504.000
03/26/2014	6.77	6.92	6.71	6.85	3705365	25498578.000
03/27/2014	6.83	6.87	6.56	6.56	4467220	30102196.000
03/28/2014	6.63	6.63	6.30	6.32	4645045	29931712.000
03/31/2014	6.33	6.40	6.10	6.25	2450093	15393184.000
04/01/2014	6.25	6.45	6.25	6.41	2229035	14332812.000
04/02/2014	6.49	6.50	6.34	6.38	1884939	12131197.000
04/03/2014	6.38	6.50	6.35	6.42	2462032	15928082.000
04/04/2014	6.42	6.53	6.37	6.50	2131496	13907674.000
04/08/2014	6.46	6.54	6.41	6.52	2340785	15280498.000
04/09/2014	6.53	6.61	6.52	6.58	2701578	17869290.000
04/10/2014	6.60	6.67	6.53	6.57	3642115	24263998.000
04/11/2014	6.55	6.56	6.37	6.45	2863685	18592872.000
04/14/2014	6.44	6.55	6.44	6.53	2605810	17069338.000
04/15/2014	6.55	6.57	6.48	6.48	2191249	14391878.000
04/16/2014	6.50	6.55	6.41	6.49	2625287	17133822.000
04/17/2014	6.48	6.53	6.45	6.46	2938303	19188616.000
04/18/2014	6.41	6.60	6.38	6.58	3893685	25486092.000
04/21/2014	6.55	6.56	6.45	6.48	3288250	21573052.000
04/22/2014	6.50	6.52	6.23	6.32	3357927	21421664.000
04/23/2014	6.30	6.36	6.25	6.28	1488267	9450778.000
04/24/2014	6.29	6.30	6.11	6.21	2106934	13214405.000
04/25/2014	6.18	6.22	6.10	6.17	2734538	16962268.000
04/28/2014	6.17	6.79	6.12	6.49	11265506	74379832.000
04/29/2014	6.35	6.35	5.86	6.10	8769604	53877944.000
04/30/2014	6.05	6.14	6.00	6.09	2933471	17986242.000
05/05/2014	6.10	6.20	6.04	6.15	2417196	14891855.000
05/06/2014	6.15	6.25	6.12	6.17	2508738	15662785.000
05/07/2014	6.16	6.16	5.97	5.98	3208233	19540714.000
05/08/2014	5.97	6.09	5.94	5.98	2239246	13593964.000
05/09/2014	5.99	6.08	5.83	5.91	1959172	11766641.000
05/12/2014	5.97	6.10	5.96	6.08	2156816	13140294.000
05/13/2014	6.09	6.19	6.06	6.13	2405782	14858686.000
05/14/2014	6.18	6.18	6.11	6.13	1495682	9253749.000
05/15/2014	6.14	6.16	5.95	5.96	2122346	12916187.000
05/16/2014	5.98	6.01	5.89	6.01	1461278	8771351.000
05/19/2014	6.04	6.05	5.97	6.03	1341101	8123702.000
05/20/2014	6.05	6.14	6.01	6.03	1839053	11261540.000
05/21/2014	5.91	5.91	5.68	5.80	5671942	33080568.000
05/22/2014	5.80	5.86	5.74	5.74	3218311	18851888.000
05/23/2014	5.77	5.80	5.69	5.80	2708777	15685911.000
05/26/2014	5.81	5.91	5.81	5.91	2516785	14897358.000
05/27/2014	5.89	5.94	5.84	5.87	2051796	12175872.000
05/28/2014	5.93	6.07	5.90	6.04	3837449	23247364.000
05/29/2014	6.03	6.05	5.92	5.94	2837373	17122496.000
05/30/2014	5.95	6.02	5.91	5.96	1723624	10370961.000
06/03/2014	5.96	6.02	5.95	5.95	1498906	9037578.000
06/04/2014	5.93	5.95	5.76	5.81	2420002	14225055.000
06/05/2014	5.80	6.04	5.80	6.01	3245850	19461214.000
06/06/2014	6.01	6.04	5.93	6.00	2446489	14771815.000
06/09/2014	5.98	6.09	5.96	6.01	2661528	16231685.000
06/10/2014	6.02	6.14	6.01	6.12	2949158	18093212.000
06/11/2014	6.11	6.18	6.05	6.16	3383186	20953768.000
06/12/2014	6.21	6.21	6.11	6.14	2875495	17811108.000
09/02/2014	6.75	6.75	6.75	6.75	972859	6566798.000
09/03/2014	7.43	7.43	7.16	7.43	28401367	209333200.000
09/04/2014	7.50	7.77	7.42	7.61	33147240	250549008.000
09/05/2014	7.53	7.58	7.37	7.44	18738251	139459232.000
09/09/2014	7.48	7.54	7.34	7.53	14908115	111473864.000
09/10/2014	7.53	7.77	7.48	7.73	15569498	119054032.000
09/11/2014	7.70	7.84	7.55	7.58	15742067	121051360.000
09/12/2014	7.55	7.66	7.51	7.64	8456202	64299184.000
09/15/2014	7.65	7.96	7.62	7.84	13923219	109118984.000
09/16/2014	7.85	7.87	7.46	7.49	10835316	83506408.000
09/17/2014	7.47	7.65	7.43	7.64	6748569	50960136.000
09/18/2014	7.69	7.80	7.60	7.66	7241555	55725684.000
09/19/2014	7.66	8.12	7.63	7.98	13793657	109231416.000
09/22/2014	7.92	7.94	7.70	7.77	9501792	74297984.000
09/23/2014	7.77	7.93	7.77	7.90	5964690	46831304.000
09/24/2014	7.89	8.07	7.81	8.00	9077178	72409200.000
09/25/2014	8.02	8.27	7.99	8.06	9239132	75032616.000
09/26/2014	8.08	8.08	7.96	8.02	5966046	47845592.000
09/29/2014	8.04	8.14	8.01	8.09	5851874	47273692.000
09/30/2014	8.13	8.30	8.09	8.27	6954197	56978672.000
10/08/2014	8.27	8.44	8.18	8.43	7662052	63670052.000
10/09/2014	8.50	8.54	8.20	8.34	10425485	87105872.000
10/10/2014	8.35	8.44	8.21	8.28	7582803	63034824.000
10/13/2014	8.22	8.29	8.02	8.28	7609700	62164552.000
10/14/2014	8.24	8.41	8.15	8.21	6295468	52091044.000
10/15/2014	8.17	8.25	8.02	8.13	6897310	55985524.000
10/16/2014	8.08	8.15	7.89	7.91	8472182	68241464.000
10/17/2014	7.90	7.90	7.45	7.68	9272226	71335632.000
10/20/2014	7.72	7.85	7.69	7.81	4076461	31651610.000
10/21/2014	7.80	7.87	7.75	7.81	4606346	35987772.000
10/22/2014	7.80	7.83	7.59	7.59	4555490	35183596.000
10/23/2014	7.57	7.66	7.49	7.55	4075697	30909560.000
10/24/2014	7.61	7.65	7.52	7.62	2761652	20994480.000
10/27/2014	7.56	7.68	7.51	7.67	3445652	26247192.000
10/28/2014	7.66	7.92	7.66	7.87	5784209	45299108.000
10/29/2014	7.90	8.09	7.84	8.02	6656771	53141492.000
10/30/2014	8.02	8.09	7.91	7.99	5849244	46781824.000
10/31/2014	8.00	8.05	7.90	7.97	4050532	32270240.000
数据来源:通达信
