300261 雅本化学 日线
      日期	    开盘	    最高	    最低	    收盘	    成交量	    成交额
09/06/2011	8.19	8.55	7.68	7.84	14650102	409046688.000
09/07/2011	8.00	8.65	7.89	8.65	10661773	306013088.000
09/08/2011	8.85	9.54	8.82	9.32	11465038	357872320.000
09/09/2011	9.11	9.34	8.67	8.79	7134179	220096576.000
09/13/2011	8.50	9.22	8.34	9.06	6577305	198328400.000
09/14/2011	9.05	9.46	8.79	9.41	6456971	202543328.000
09/15/2011	9.33	9.66	9.11	9.14	6049890	193099056.000
09/16/2011	8.97	9.06	8.43	8.53	5480321	163396848.000
09/19/2011	8.34	8.42	7.95	8.00	3461154	97084296.000
09/20/2011	7.86	8.16	7.65	8.16	3817532	103734760.000
09/21/2011	8.04	9.00	8.04	8.65	5142763	148800704.000
09/22/2011	8.47	8.60	7.83	7.83	3784435	106899272.000
09/23/2011	7.53	7.97	7.44	7.77	2533098	66723460.000
09/26/2011	7.60	7.90	7.47	7.53	1954688	51302056.000
09/27/2011	7.64	7.71	7.51	7.64	1750172	45678120.000
09/28/2011	7.68	7.72	6.86	6.94	3210051	79933000.000
09/29/2011	6.84	6.98	6.54	6.61	1945040	45015584.000
09/30/2011	6.61	6.68	6.39	6.49	1298812	29119964.000
10/10/2011	6.54	6.68	6.36	6.51	1329782	30029810.000
10/11/2011	6.69	7.06	6.57	6.74	2677693	62503740.000
10/12/2011	6.51	7.10	6.46	7.03	2640255	62514564.000
10/13/2011	7.03	7.44	6.99	7.14	2487556	61338580.000
10/14/2011	7.09	7.24	7.01	7.23	1566926	38220704.000
10/17/2011	7.26	7.60	7.14	7.44	2384795	60934580.000
10/18/2011	7.39	7.47	6.84	6.88	2121814	52276652.000
10/19/2011	6.94	7.12	6.78	6.86	1492048	35651072.000
10/20/2011	6.80	6.98	6.77	6.93	1587287	37521668.000
10/21/2011	6.80	7.05	6.42	6.50	1288542	29460644.000
10/24/2011	6.54	6.63	6.11	6.62	1793385	39061168.000
10/25/2011	6.48	7.07	6.48	6.93	2455417	57652240.000
10/26/2011	6.82	7.14	6.78	6.97	2377813	57034592.000
10/27/2011	6.91	7.23	6.88	7.11	2393421	58427788.000
10/28/2011	7.22	7.28	6.97	7.15	2265628	55137476.000
10/31/2011	7.13	7.35	7.06	7.25	2023324	50042080.000
11/01/2011	7.09	7.34	7.09	7.22	1708419	42218992.000
11/02/2011	7.05	7.53	6.94	7.48	2710050	67369152.000
11/03/2011	7.46	7.78	7.28	7.28	2909982	75189096.000
11/04/2011	7.28	7.43	7.14	7.32	1598305	39886672.000
11/07/2011	7.22	7.52	7.20	7.42	1708123	43494328.000
11/08/2011	7.42	7.47	7.03	7.09	1370991	34002216.000
11/10/2011	7.17	7.34	6.97	7.23	3169743	77929880.000
11/11/2011	7.14	7.23	6.92	6.94	1723416	41711680.000
11/14/2011	7.01	7.66	6.99	7.66	4105064	104354216.000
11/15/2011	7.78	7.78	7.56	7.61	3170948	82906264.000
11/16/2011	7.59	7.68	7.40	7.53	2249741	58000088.000
11/17/2011	7.58	7.98	7.49	7.77	4023742	106707904.000
11/18/2011	7.59	7.74	7.41	7.62	1732102	44975496.000
11/21/2011	7.56	7.69	7.00	7.14	1889708	46549792.000
11/22/2011	7.05	7.17	6.91	7.15	1013431	24564692.000
11/23/2011	7.18	7.34	7.15	7.20	1188242	29559842.000
11/24/2011	7.06	7.25	6.94	7.16	845066	20588490.000
11/25/2011	7.13	7.25	6.68	6.76	1836363	43588304.000
11/28/2011	6.73	6.80	6.57	6.66	856715	19668406.000
11/29/2011	6.88	6.88	6.59	6.76	2001516	46041648.000
11/30/2011	6.65	6.67	6.15	6.24	1539774	34077116.000
12/01/2011	6.43	6.50	6.30	6.38	1259004	27853260.000
12/02/2011	6.30	6.35	6.14	6.18	697801	14931198.000
12/05/2011	6.09	6.18	5.99	6.00	631918	13216437.000
12/06/2011	5.99	6.17	5.93	6.15	617838	12927312.000
12/07/2011	6.10	6.20	6.09	6.20	571811	12142987.000
12/08/2011	6.10	6.34	6.01	6.19	790780	16874750.000
12/09/2011	6.12	6.21	6.06	6.12	539582	11425171.000
12/12/2011	6.12	6.17	5.99	5.99	402501	8419608.000
12/13/2011	5.91	5.98	5.51	5.55	756001	14697110.000
12/14/2011	5.57	5.63	5.35	5.39	527706	10014408.000
12/15/2011	5.38	5.42	5.25	5.30	531113	9828799.000
12/16/2011	5.36	5.48	5.25	5.47	565882	10512705.000
12/19/2011	5.48	5.57	5.24	5.56	930525	17424002.000
12/20/2011	5.42	5.61	5.37	5.38	699969	13324508.000
12/21/2011	5.44	5.53	5.21	5.21	536907	10064038.000
12/22/2011	5.12	5.17	4.76	4.93	994584	17037606.000
12/23/2011	4.89	5.02	4.82	4.89	634287	10840023.000
12/26/2011	4.88	4.93	4.78	4.82	540083	9129368.000
12/27/2011	4.74	4.84	4.46	4.47	840535	13595791.000
12/28/2011	4.37	4.45	4.13	4.37	1175439	17522710.000
12/29/2011	4.29	4.37	4.25	4.25	711966	10718559.000
12/30/2011	4.31	4.41	4.26	4.37	964344	14666413.000
01/04/2012	4.43	4.46	4.14	4.14	1029578	15511051.000
01/05/2012	4.05	4.13	3.75	3.77	2288183	31612950.000
01/06/2012	3.78	3.97	3.68	3.94	1304682	17427030.000
01/09/2012	3.89	4.15	3.82	4.13	2530155	35591860.000
01/10/2012	4.10	4.39	4.06	4.34	2900094	42940056.000
01/11/2012	4.31	4.44	4.26	4.33	1828642	27815510.000
01/12/2012	4.31	4.38	4.21	4.28	1459073	21925308.000
01/13/2012	4.24	4.28	3.83	3.83	3290687	45840572.000
01/16/2012	3.71	3.78	3.62	3.62	1750878	22905196.000
01/17/2012	3.67	4.01	3.67	4.01	2759649	37439520.000
01/18/2012	4.04	4.04	3.68	3.74	2503025	34207292.000
01/19/2012	3.74	4.14	3.67	4.14	2910346	40985032.000
01/20/2012	4.40	4.57	4.35	4.45	7233524	113691184.000
01/30/2012	4.38	4.92	4.38	4.92	8701505	144218736.000
01/31/2012	4.82	4.87	4.74	4.86	5242175	87864160.000
02/01/2012	4.81	4.97	4.74	4.95	5531986	93681944.000
02/02/2012	4.87	5.02	4.82	4.96	4788735	82006232.000
02/03/2012	4.92	5.17	4.87	4.99	5304653	92313232.000
02/06/2012	4.97	5.34	4.94	5.22	6060187	108106304.000
02/07/2012	5.22	5.33	5.07	5.12	4642551	83437544.000
02/08/2012	5.16	5.27	5.04	5.25	4152546	74665536.000
02/09/2012	5.24	5.45	5.11	5.16	5001183	91577776.000
02/10/2012	5.09	5.29	5.01	5.29	4510937	80659936.000
02/13/2012	5.20	5.36	5.19	5.24	4003163	73092960.000
02/14/2012	5.19	5.78	5.19	5.38	6975081	132173008.000
02/15/2012	5.28	5.45	5.27	5.44	3650684	67959616.000
02/16/2012	5.42	5.83	5.38	5.68	5105604	99781016.000
02/17/2012	5.72	5.78	5.45	5.58	3148553	60709740.000
02/20/2012	5.66	5.77	5.43	5.60	4647245	90429056.000
02/21/2012	5.57	5.66	5.45	5.64	2894152	55709448.000
02/22/2012	5.61	5.77	5.57	5.70	3021195	59304440.000
02/23/2012	5.63	6.20	5.63	5.92	4455016	91309608.000
02/24/2012	5.91	5.91	5.79	5.84	2454227	49457560.000
02/27/2012	5.83	5.90	5.75	5.81	2429709	48800752.000
02/28/2012	5.81	5.81	5.52	5.57	2343802	45809376.000
02/29/2012	5.55	5.66	5.49	5.53	1480556	28539974.000
03/01/2012	5.53	5.69	5.48	5.61	1507549	29211906.000
03/02/2012	5.60	5.85	5.58	5.80	2068126	40965232.000
03/05/2012	5.86	5.86	5.62	5.62	2086653	41239132.000
03/06/2012	5.58	5.77	5.54	5.71	2073502	40768344.000
03/07/2012	5.72	5.72	5.48	5.54	1820569	35291800.000
03/08/2012	5.53	5.75	5.53	5.69	2512267	49165248.000
03/09/2012	5.69	5.94	5.67	5.92	3407203	68511096.000
03/12/2012	5.94	6.08	5.81	5.93	2361698	48293628.000
03/13/2012	5.97	5.98	5.83	5.98	1741186	35530548.000
03/14/2012	6.09	6.33	5.70	5.79	5606003	118412440.000
03/15/2012	5.79	5.87	5.29	5.47	3115404	59820252.000
03/16/2012	5.39	5.62	5.38	5.59	1898179	36426468.000
03/19/2012	5.50	5.64	5.50	5.63	1553365	29870004.000
03/20/2012	5.60	5.60	5.34	5.36	1400403	26486718.000
03/21/2012	5.39	5.47	5.27	5.36	878519	16350915.000
03/22/2012	5.34	5.44	5.34	5.37	599937	11216167.000
03/23/2012	5.39	5.39	5.10	5.16	1178381	21411836.000
03/26/2012	5.18	5.20	4.93	5.00	1068417	18818356.000
03/27/2012	5.02	5.09	4.98	5.00	724905	12683195.000
03/28/2012	5.00	5.00	4.56	4.59	1630623	26793238.000
03/29/2012	4.59	4.66	4.51	4.65	1082354	17412686.000
03/30/2012	4.65	5.14	4.60	5.09	2937412	50690932.000
04/05/2012	5.03	5.33	4.99	5.24	2354679	42552780.000
04/06/2012	5.18	5.27	5.11	5.24	1218251	22007416.000
04/09/2012	5.24	5.37	5.09	5.22	1276077	23336326.000
04/10/2012	5.22	5.31	4.98	5.26	1101583	19679990.000
04/11/2012	5.15	5.55	5.11	5.46	1938550	36385588.000
04/12/2012	5.45	5.51	5.34	5.48	1342317	25322540.000
04/13/2012	5.48	5.56	5.40	5.42	951134	18007068.000
04/16/2012	5.41	5.41	5.33	5.33	721018	13411557.000
04/17/2012	5.33	5.54	5.30	5.42	1380683	26102788.000
04/18/2012	5.46	5.51	5.40	5.50	1326600	25154130.000
04/19/2012	5.51	5.74	5.46	5.71	2007033	38919240.000
04/23/2012	5.72	5.72	5.49	5.59	1986197	38397072.000
04/24/2012	5.57	5.63	5.01	5.28	2130308	38588440.000
04/25/2012	5.21	5.30	5.09	5.24	879729	15981957.000
04/26/2012	5.25	5.29	5.12	5.14	578484	10412344.000
04/27/2012	5.17	5.36	5.11	5.32	694606	12679275.000
05/02/2012	5.45	5.56	5.33	5.49	798120	15007420.000
05/03/2012	5.50	5.64	5.48	5.57	819588	15829176.000
05/04/2012	5.56	5.77	5.43	5.65	1591695	19046768.000
05/07/2012	5.63	5.68	5.49	5.68	1335998	15897892.000
05/08/2012	5.69	5.85	5.62	5.79	1745339	21368274.000
05/09/2012	5.72	5.72	5.55	5.63	1605786	19295516.000
05/10/2012	5.58	5.86	5.57	5.80	1770192	21792048.000
05/11/2012	5.71	5.80	5.57	5.67	1463210	17757316.000
05/14/2012	5.73	6.25	5.67	6.25	4602330	59947844.000
05/15/2012	6.25	6.47	6.08	6.41	6075079	81357080.000
05/16/2012	6.31	6.42	6.19	6.26	3160001	42341104.000
05/17/2012	6.19	6.26	5.98	6.17	3226968	42030376.000
05/18/2012	6.12	6.15	5.96	5.96	2060170	26537992.000
05/21/2012	6.02	6.02	5.74	5.80	1973224	24513846.000
05/22/2012	5.80	6.26	5.79	6.15	2478442	31812682.000
05/23/2012	6.09	6.19	5.94	6.00	1724050	22154026.000
05/24/2012	5.92	6.08	5.81	5.92	1254014	15907591.000
05/25/2012	5.88	5.97	5.77	5.81	926928	11566160.000
05/28/2012	5.81	6.02	5.78	5.99	1146382	14440688.000
05/29/2012	5.94	6.31	5.94	6.25	2547779	33452732.000
05/30/2012	6.22	6.82	6.21	6.43	3839728	53831360.000
05/31/2012	6.38	6.72	6.34	6.44	2279777	31428942.000
06/01/2012	6.31	6.60	6.31	6.48	1481403	20369766.000
06/04/2012	6.33	6.79	6.28	6.60	2976590	41694080.000
06/05/2012	6.50	6.87	6.50	6.87	3867301	55171836.000
06/06/2012	6.97	7.08	6.64	6.70	2906888	41986220.000
06/07/2012	6.70	6.88	6.45	6.52	2373447	33471876.000
06/08/2012	6.67	6.67	6.30	6.42	3661947	50377972.000
06/11/2012	6.42	6.67	6.34	6.65	2150841	29899810.000
06/12/2012	6.60	7.03	6.60	6.84	3127801	45241908.000
06/13/2012	6.86	7.13	6.75	7.09	2975593	44044120.000
06/14/2012	7.08	7.16	6.89	6.97	2142790	31806092.000
06/15/2012	7.01	7.30	7.01	7.21	2385244	36289424.000
06/18/2012	7.20	7.30	7.05	7.18	1914065	29092516.000
06/19/2012	7.10	7.17	6.92	6.94	1331431	19767938.000
06/20/2012	6.97	7.13	6.91	7.02	909894	13577422.000
06/21/2012	6.96	7.04	6.81	6.87	840839	12268671.000
06/25/2012	6.87	6.91	6.46	6.50	1190080	16794856.000
06/26/2012	6.50	6.50	6.21	6.48	625083	8492237.000
06/27/2012	6.41	6.67	6.36	6.40	846645	11746929.000
06/28/2012	6.43	6.56	6.43	6.44	713693	9834513.000
06/29/2012	6.36	6.74	6.36	6.74	825659	11510724.000
07/02/2012	6.77	6.93	6.74	6.83	676762	9838438.000
07/03/2012	6.84	6.98	6.69	6.74	800603	11574281.000
07/04/2012	6.74	6.81	6.55	6.57	637262	9035569.000
07/05/2012	6.55	6.55	6.21	6.30	1112897	14988096.000
07/06/2012	6.38	6.69	6.32	6.63	1312030	18234702.000
07/09/2012	6.60	6.86	6.54	6.61	1300540	18616752.000
07/10/2012	6.57	6.69	6.50	6.60	628632	8803176.000
07/11/2012	6.61	6.93	6.60	6.91	1552121	22540090.000
07/12/2012	6.90	7.08	6.85	7.07	1971326	29253724.000
07/13/2012	7.06	7.23	6.93	7.21	1884616	28547874.000
07/16/2012	7.18	7.25	6.65	6.65	1535094	22703118.000
07/17/2012	6.63	6.77	6.48	6.74	785806	11087332.000
07/18/2012	6.69	6.75	6.56	6.74	830280	11689336.000
07/19/2012	6.69	7.01	6.67	6.98	931331	13537575.000
07/20/2012	6.93	7.12	6.81	6.83	973446	14453333.000
07/23/2012	6.79	6.79	6.48	6.56	1026155	14347510.000
07/24/2012	6.51	6.76	6.51	6.69	550932	7758614.000
07/25/2012	6.66	6.75	6.58	6.61	381498	5378791.500
07/26/2012	6.57	6.84	6.55	6.65	697413	9904459.000
07/27/2012	6.74	6.74	6.59	6.68	394845	5572170.500
07/30/2012	6.72	6.94	6.66	6.79	835799	12068410.000
07/31/2012	6.77	6.93	6.69	6.73	1069759	15519090.000
08/01/2012	6.68	6.98	6.53	6.98	1231709	17588642.000
08/02/2012	6.95	7.02	6.85	7.00	1147680	16920616.000
08/03/2012	6.98	7.31	6.98	7.30	3522922	53898472.000
08/06/2012	7.31	7.52	7.20	7.52	1775505	27746070.000
08/07/2012	7.49	7.59	7.36	7.45	1355319	21459456.000
08/08/2012	7.45	7.49	7.13	7.29	982215	15181572.000
08/09/2012	7.29	7.52	7.22	7.51	1032738	16248081.000
08/10/2012	7.51	7.51	7.24	7.28	1077486	16721898.000
08/13/2012	7.29	7.93	7.17	7.71	2652938	42487184.000
08/14/2012	7.63	7.99	7.63	7.94	3132293	52077840.000
08/15/2012	7.85	7.93	7.57	7.75	1217676	20028806.000
08/16/2012	7.70	7.82	7.64	7.69	693058	11292718.000
08/17/2012	7.65	7.81	7.50	7.61	1030566	16644746.000
08/20/2012	7.56	7.71	7.32	7.65	1425876	22768404.000
08/21/2012	7.69	7.85	7.59	7.77	923688	15132513.000
08/22/2012	7.73	7.98	7.56	7.74	1982226	32737818.000
08/23/2012	7.66	7.76	7.31	7.39	2943081	46669776.000
08/24/2012	7.49	7.50	7.18	7.21	1207205	18696746.000
08/27/2012	7.25	7.30	7.08	7.23	778064	11938354.000
08/28/2012	7.17	7.42	7.17	7.33	668534	10359596.000
08/29/2012	7.38	7.53	7.28	7.50	1141736	17862626.000
08/30/2012	7.47	7.53	7.20	7.30	1228546	19146660.000
08/31/2012	7.30	7.49	7.16	7.22	783600	12038232.000
09/03/2012	7.22	7.35	7.19	7.30	853779	13181015.000
09/04/2012	7.32	7.78	7.28	7.68	2436970	38924508.000
09/05/2012	7.65	8.26	7.58	8.10	2886420	47957988.000
09/06/2012	7.97	8.20	7.97	8.17	2047607	35025948.000
09/07/2012	8.17	8.27	8.02	8.17	2116438	36403116.000
09/10/2012	8.09	8.13	7.93	7.98	2285600	38755844.000
09/11/2012	7.99	8.14	7.70	8.14	3336901	55499304.000
09/12/2012	8.04	8.55	8.01	8.45	2698586	47614700.000
09/13/2012	8.38	9.29	8.28	8.86	2742221	50689236.000
09/14/2012	8.88	9.12	8.58	8.90	2513922	46785308.000
09/17/2012	8.90	8.90	8.64	8.74	1244618	22978676.000
09/18/2012	8.73	8.76	8.15	8.30	1835036	33088484.000
09/19/2012	8.33	8.38	8.09	8.34	2142660	37387780.000
09/20/2012	8.29	8.38	8.04	8.19	1254939	21783464.000
09/21/2012	8.09	8.99	8.09	8.94	2126918	38216272.000
09/24/2012	8.83	9.09	8.53	8.84	1732759	32206724.000
09/25/2012	8.80	8.87	8.25	8.38	1282779	23055882.000
09/26/2012	8.28	8.44	7.52	7.52	3131663	51672020.000
09/27/2012	7.53	7.94	7.03	7.64	7522529	117763120.000
09/28/2012	7.39	8.02	7.37	7.94	4273037	70109864.000
10/08/2012	7.93	8.07	7.81	8.00	1610253	27053082.000
10/09/2012	8.00	8.29	8.00	8.28	2165748	37170228.000
10/10/2012	8.24	8.57	8.15	8.48	2038168	36286152.000
10/11/2012	8.45	8.51	8.02	8.18	2291043	39893464.000
10/12/2012	8.17	8.27	7.90	8.13	1328224	22661682.000
10/15/2012	8.03	8.20	7.96	8.18	1066560	18247950.000
10/16/2012	8.19	8.26	8.00	8.13	786967	13549682.000
10/17/2012	8.17	8.17	8.01	8.13	426089	7318230.000
10/18/2012	8.18	8.32	8.11	8.31	1348492	23540272.000
10/19/2012	8.28	8.33	8.09	8.15	565069	9776148.000
10/22/2012	8.11	8.12	7.96	8.06	544680	9269869.000
10/23/2012	8.06	8.13	7.88	7.89	583099	9839319.000
10/24/2012	7.94	8.11	7.85	8.11	815956	13862765.000
10/25/2012	8.12	8.15	7.92	8.01	706860	11994264.000
10/26/2012	7.95	7.97	7.57	7.57	1389961	22694754.000
10/29/2012	7.60	7.70	7.27	7.70	713070	11344224.000
10/30/2012	7.69	7.75	7.51	7.51	455146	7335052.000
10/31/2012	7.60	7.70	7.51	7.70	356040	5736782.500
11/01/2012	7.69	7.79	7.59	7.76	689543	11271539.000
11/02/2012	7.71	8.02	7.68	8.00	877759	14754429.000
11/05/2012	7.99	7.99	7.74	7.84	858564	14227952.000
11/06/2012	7.77	7.78	7.44	7.58	1164321	18632648.000
11/07/2012	7.58	7.61	7.47	7.54	1000050	15985759.000
11/08/2012	7.50	7.50	7.22	7.24	923013	14298610.000
11/09/2012	7.21	7.32	7.04	7.08	847287	12871047.000
11/12/2012	7.08	7.26	7.03	7.16	420796	6410918.000
11/13/2012	7.08	7.22	7.04	7.08	383547	5779981.500
11/14/2012	7.08	7.25	6.93	7.19	506056	7632620.500
11/15/2012	7.09	7.25	7.00	7.03	468510	7032399.500
11/16/2012	7.07	7.21	7.03	7.11	178422	2679715.500
11/19/2012	7.08	7.14	6.93	7.08	253962	3783638.000
11/20/2012	7.10	7.15	6.93	6.96	234162	3495772.000
11/21/2012	6.95	7.03	6.68	6.83	1148674	16562055.000
11/22/2012	6.81	6.86	6.76	6.83	558375	8068044.500
11/23/2012	6.88	6.90	6.80	6.80	211400	3070832.500
11/26/2012	6.80	6.80	6.69	6.78	165890	2375991.000
11/27/2012	6.65	6.77	6.54	6.55	305640	4285965.000
11/28/2012	6.55	6.55	6.11	6.11	583019	7744367.000
11/29/2012	6.11	6.20	6.08	6.12	329400	4297470.000
11/30/2012	6.12	6.50	6.02	6.20	205919	2701161.250
12/03/2012	6.18	6.65	6.18	6.52	1277191	17541330.000
12/04/2012	6.42	6.64	6.37	6.60	389908	5381138.500
12/05/2012	6.50	6.93	6.50	6.77	798879	11514552.000
12/06/2012	6.70	6.91	6.70	6.88	488119	7075651.000
12/07/2012	6.95	7.00	6.83	6.96	432308	6371365.000
12/10/2012	6.96	7.34	6.96	7.23	846049	12943522.000
12/11/2012	7.22	7.40	7.06	7.14	983467	15087446.000
12/12/2012	7.19	7.21	7.06	7.12	317074	4790537.500
12/13/2012	7.13	7.22	7.00	7.03	397079	5956954.500
12/14/2012	7.03	7.31	7.03	7.25	1289991	19609240.000
12/17/2012	7.25	7.25	6.97	7.05	712394	10648043.000
12/18/2012	7.07	7.17	6.98	6.99	384788	5755013.000
12/19/2012	6.99	7.12	6.92	7.03	253149	3769665.250
12/20/2012	7.03	7.05	6.88	6.96	463582	6838969.500
12/21/2012	6.93	7.11	6.88	7.03	993056	14712953.000
12/24/2012	7.03	7.23	6.96	7.22	723037	10884666.000
12/25/2012	7.20	7.31	7.13	7.29	796817	12225481.000
12/26/2012	7.26	7.46	7.21	7.46	1141512	17687480.000
12/27/2012	7.44	7.49	7.18	7.20	978056	15134531.000
12/28/2012	7.19	7.27	7.09	7.19	556974	8449440.000
12/31/2012	7.18	7.82	7.09	7.82	1811241	28606300.000
01/04/2013	7.92	7.93	7.61	7.76	2009113	32916830.000
01/07/2013	7.80	7.84	7.56	7.69	1351380	21933704.000
01/08/2013	7.65	7.94	7.63	7.79	1476202	24453134.000
01/09/2013	7.70	7.77	7.63	7.64	769548	12500085.000
01/10/2013	7.63	7.82	7.63	7.69	633524	10338232.000
01/11/2013	7.69	7.73	7.59	7.60	699231	11335764.000
01/14/2013	7.59	7.97	7.53	7.83	1355634	22310904.000
01/15/2013	7.80	7.93	7.71	7.91	1469096	24340672.000
01/16/2013	7.90	8.02	7.80	7.98	1453706	24375370.000
01/17/2013	7.99	7.99	7.81	7.83	754907	12590135.000
01/18/2013	7.80	7.97	7.74	7.92	669851	11173908.000
01/21/2013	7.99	8.71	7.99	8.43	3529854	62564400.000
01/22/2013	8.52	8.61	8.17	8.39	1877817	33214098.000
01/23/2013	8.25	8.39	8.13	8.34	1139370	19898210.000
01/24/2013	8.33	8.57	7.85	8.03	2972235	51469420.000
01/25/2013	7.94	8.06	7.85	7.99	637508	10739640.000
01/28/2013	7.86	8.51	7.86	8.33	1403755	24487392.000
01/29/2013	8.28	8.46	8.24	8.36	898195	15783601.000
01/30/2013	8.29	8.39	7.95	8.01	1720898	29326912.000
01/31/2013	8.01	8.03	7.22	7.50	3297469	52614208.000
02/01/2013	7.34	7.70	7.30	7.66	1868310	29730000.000
02/04/2013	7.65	7.71	7.38	7.60	1829925	29101650.000
02/05/2013	7.41	7.84	7.38	7.81	1156267	18882194.000
02/06/2013	7.71	7.86	7.71	7.79	885277	14586573.000
02/07/2013	7.72	7.94	7.72	7.80	663559	10992813.000
02/08/2013	7.74	7.87	7.74	7.82	750929	12428778.000
02/18/2013	7.80	8.25	7.80	8.23	1994262	34125944.000
02/19/2013	8.18	8.21	8.04	8.13	1296279	22198360.000
02/20/2013	8.11	8.37	8.11	8.35	1301672	22727438.000
02/21/2013	8.35	8.51	8.21	8.38	1446571	25562268.000
02/22/2013	8.35	8.52	8.19	8.19	1179598	20925574.000
02/25/2013	8.18	8.20	8.07	8.17	601257	10337981.000
02/26/2013	8.11	8.23	7.80	7.89	1249922	21273076.000
02/27/2013	7.87	8.03	7.80	7.93	595764	9966629.000
02/28/2013	7.90	8.13	7.90	8.05	645388	10971427.000
03/01/2013	8.01	8.16	7.95	8.16	1100740	18768102.000
03/04/2013	8.13	8.13	7.79	7.87	727150	12239302.000
03/05/2013	7.86	8.16	7.80	8.16	735719	12548120.000
03/06/2013	8.17	8.41	8.11	8.33	1095022	19208626.000
03/07/2013	8.32	8.57	8.16	8.25	1036024	18278180.000
03/08/2013	8.25	8.37	7.96	7.99	687045	11786001.000
03/11/2013	8.01	8.12	7.89	8.00	282960	4800860.000
03/12/2013	7.99	8.34	7.80	8.03	1401131	24101480.000
03/13/2013	8.08	8.08	7.82	8.03	382847	6440761.000
03/14/2013	7.91	8.27	7.91	8.25	568704	9836577.000
03/15/2013	8.23	8.55	8.13	8.50	1966953	35107320.000
03/18/2013	8.45	8.65	8.39	8.45	1395912	25133062.000
03/19/2013	8.44	8.74	8.44	8.58	1158272	21027898.000
03/20/2013	8.58	8.69	8.50	8.68	1064694	19306038.000
03/21/2013	8.71	8.71	8.50	8.66	952442	17273826.000
03/22/2013	8.58	8.69	8.48	8.67	660458	11972762.000
03/25/2013	8.71	9.03	8.67	8.85	1185062	22314844.000
03/26/2013	8.80	8.99	8.61	8.93	765417	14200146.000
03/27/2013	8.93	9.03	8.69	8.75	444901	8278131.000
03/28/2013	8.78	8.78	8.32	8.33	1220264	21888852.000
03/29/2013	8.46	8.67	8.21	8.23	926164	16460719.000
04/01/2013	8.37	8.47	8.23	8.39	423542	7495920.500
04/02/2013	8.54	8.54	7.99	8.04	1420895	24563502.000
04/03/2013	8.04	8.10	7.75	7.86	969090	16059260.000
04/08/2013	7.80	8.18	7.75	8.11	728186	12396749.000
04/09/2013	8.13	8.28	8.13	8.14	346718	6010754.500
04/10/2013	8.13	8.23	7.99	8.14	575126	9831540.000
04/11/2013	8.23	8.23	8.13	8.17	174576	3010738.000
04/12/2013	8.18	8.30	8.07	8.10	357400	6177579.000
04/15/2013	8.08	8.16	7.80	7.85	434568	7272233.000
04/16/2013	7.76	7.94	7.76	7.93	305963	5114858.500
04/17/2013	7.94	8.06	7.88	8.06	404299	6804829.000
04/18/2013	8.04	8.12	7.85	8.07	168900	2866483.000
04/19/2013	8.15	8.47	8.13	8.43	999443	17591800.000
04/22/2013	8.35	8.56	8.30	8.51	1140332	20405586.000
04/23/2013	8.46	8.50	7.87	7.93	2025271	34586608.000
04/24/2013	7.90	8.13	7.86	8.04	1713663	28984434.000
04/25/2013	8.01	8.03	7.75	7.75	1399311	23131112.000
04/26/2013	7.76	7.78	7.62	7.67	623423	10119521.000
05/02/2013	7.63	7.79	7.57	7.65	484583	7864610.000
05/03/2013	7.65	7.82	7.65	7.73	694754	11414373.000
05/06/2013	7.80	7.89	7.79	7.85	800747	13283119.000
05/07/2013	7.81	7.91	7.57	7.63	1413538	22956256.000
05/08/2013	7.61	7.77	7.60	7.65	794941	12884800.000
05/09/2013	7.66	7.90	7.61	7.89	2312605	37894092.000
05/10/2013	7.89	7.97	7.77	7.89	1572084	26081910.000
05/13/2013	7.90	7.91	7.81	7.87	1047024	17386366.000
05/14/2013	7.91	7.91	7.66	7.73	1160710	19029676.000
05/15/2013	7.75	8.01	7.68	7.97	1664471	27798888.000
05/16/2013	7.95	8.01	7.85	7.94	1556499	26044646.000
05/17/2013	7.92	7.92	7.81	7.91	2312785	38554396.000
05/20/2013	7.93	8.16	7.91	8.12	2325255	39670992.000
05/21/2013	8.13	8.14	8.00	8.13	1779476	30452546.000
05/22/2013	8.13	8.16	8.00	8.09	1609263	27471754.000
05/23/2013	8.10	8.18	7.99	8.18	1438625	24677372.000
05/24/2013	8.29	8.47	8.17	8.42	2561724	44963564.000
05/27/2013	8.42	8.75	8.38	8.63	3835218	69834744.000
05/28/2013	8.63	8.69	8.35	8.50	2051118	36672544.000
05/29/2013	8.50	8.52	8.37	8.38	1458934	25939612.000
05/30/2013	8.49	8.62	8.37	8.49	3041676	33810836.000
05/31/2013	8.46	8.57	8.24	8.25	2646107	29086354.000
06/03/2013	8.25	9.08	8.23	8.85	10272054	119559272.000
06/04/2013	8.82	8.82	8.31	8.38	5626732	62457204.000
06/05/2013	8.35	9.23	8.23	9.23	4818244	56902772.000
06/06/2013	9.61	9.75	9.22	9.42	11361614	140051712.000
06/07/2013	9.34	9.88	8.96	8.97	8899981	109278664.000
06/13/2013	8.54	8.54	8.07	8.17	6516718	69439864.000
06/14/2013	8.19	8.56	7.95	8.35	5768868	61860700.000
06/17/2013	8.25	8.35	8.02	8.11	4280944	45477192.000
06/18/2013	8.13	8.13	7.73	7.98	3727595	38570904.000
06/19/2013	7.95	7.97	7.69	7.81	2150973	21944544.000
06/20/2013	7.82	8.08	7.68	7.71	2439116	25141540.000
06/21/2013	7.42	7.44	6.93	7.23	3690966	34456564.000
06/24/2013	7.10	7.10	6.55	6.64	2805523	25094666.000
06/25/2013	6.64	6.78	6.12	6.65	3108775	26633864.000
06/26/2013	6.65	6.93	6.51	6.88	2589297	22969870.000
06/27/2013	6.88	7.00	6.58	6.62	2770224	24627446.000
06/28/2013	6.61	6.67	6.33	6.42	1549636	13110250.000
07/01/2013	6.43	6.62	6.34	6.60	1269282	10774468.000
07/02/2013	6.62	6.92	6.60	6.85	2143175	19055366.000
07/03/2013	6.81	7.15	6.58	7.08	2655266	23819682.000
07/04/2013	7.08	7.08	6.85	6.95	2098948	19141948.000
07/05/2013	6.91	7.03	6.78	6.81	1562254	14081630.000
07/08/2013	6.65	6.88	6.28	6.28	1686406	14182006.000
07/09/2013	6.28	6.54	6.23	6.49	1159278	9623624.000
07/10/2013	6.48	6.68	6.39	6.68	1428866	12261402.000
07/11/2013	6.69	7.07	6.65	6.85	2830486	25294016.000
07/12/2013	6.85	6.95	6.74	6.85	1733543	15540321.000
07/15/2013	6.90	6.93	6.75	6.93	2221453	19907594.000
07/16/2013	6.93	7.15	6.89	7.05	2302202	21242712.000
07/17/2013	7.08	7.08	6.75	6.82	2490737	22434554.000
07/18/2013	6.75	6.94	6.62	6.81	1808869	15919843.000
07/19/2013	6.77	6.92	6.51	6.51	1862911	16383711.000
07/22/2013	6.43	6.59	6.28	6.58	1174791	9945178.000
07/23/2013	6.61	7.25	6.60	7.25	5308824	49169608.000
07/24/2013	7.24	7.49	7.03	7.42	4877258	46281184.000
07/25/2013	7.29	7.38	6.96	7.00	3422797	31886694.000
07/26/2013	7.04	7.13	6.87	7.08	1826900	16740092.000
07/29/2013	7.04	7.33	6.96	7.15	2154391	20198026.000
07/30/2013	7.05	7.40	6.87	7.08	2234308	20753498.000
07/31/2013	7.08	7.22	6.99	7.04	1529053	14181023.000
08/01/2013	7.01	7.28	7.01	7.25	2907592	27275916.000
08/02/2013	7.21	7.56	7.21	7.35	4350210	42160644.000
08/05/2013	7.38	7.66	7.35	7.65	3773022	37027860.000
08/06/2013	7.62	7.72	7.53	7.58	2670833	26561564.000
08/07/2013	7.50	7.68	7.40	7.42	2538968	24876544.000
08/08/2013	7.42	7.57	7.38	7.47	1602251	15680365.000
08/09/2013	7.42	8.08	7.42	8.03	6361956	64746816.000
08/12/2013	7.96	8.02	7.74	7.89	4290842	44004940.000
08/13/2013	7.89	8.22	7.86	8.04	3885044	41018544.000
08/14/2013	8.04	8.15	7.73	7.84	4437290	45909292.000
08/15/2013	7.84	7.85	7.58	7.58	3485281	35062764.000
08/16/2013	7.79	7.79	7.44	7.45	2367298	23590528.000
08/19/2013	7.27	7.58	7.27	7.55	1437919	14065701.000
08/20/2013	7.55	7.59	7.37	7.50	1620951	15906544.000
08/21/2013	7.52	7.83	7.51	7.80	2449669	24707828.000
08/22/2013	7.82	7.95	7.75	7.88	3041940	31271842.000
08/23/2013	7.88	7.88	7.59	7.73	2022700	20436416.000
08/26/2013	7.70	7.90	7.65	7.87	1731434	17620982.000
08/27/2013	7.87	7.96	7.78	7.84	1561122	16015593.000
08/28/2013	7.75	7.95	7.67	7.82	2671292	27396002.000
08/29/2013	7.79	7.92	7.69	7.75	1281391	12994747.000
08/30/2013	7.85	7.85	7.44	7.45	2911174	28893894.000
09/02/2013	7.45	7.65	7.43	7.62	856616	8461034.000
09/03/2013	7.65	7.78	7.58	7.77	1329930	13328772.000
09/04/2013	7.70	8.00	7.54	7.87	2646981	26833746.000
09/05/2013	7.83	7.83	7.65	7.72	1666812	16785098.000
09/06/2013	7.77	7.77	7.59	7.62	1130299	11279628.000
09/09/2013	7.62	7.73	7.58	7.65	1236734	12365985.000
09/10/2013	7.64	7.72	7.60	7.62	1153958	11515361.000
09/11/2013	7.62	7.63	7.36	7.37	1768601	17169082.000
09/12/2013	7.37	7.59	7.30	7.36	1174956	11425405.000
09/13/2013	7.38	7.52	7.36	7.45	607997	5895880.000
09/16/2013	7.42	7.73	7.42	7.59	1358168	13502939.000
09/17/2013	7.58	7.68	7.56	7.59	827648	8247419.000
09/18/2013	7.64	7.85	7.56	7.82	2174149	22095558.000
09/23/2013	7.96	7.96	7.72	7.83	1492666	15223398.000
09/24/2013	7.88	7.88	7.71	7.81	1403842	14261034.000
09/25/2013	7.81	7.88	7.72	7.80	1001574	10187842.000
09/26/2013	7.80	7.95	7.74	7.88	1512414	15495120.000
09/27/2013	7.88	8.10	7.80	7.87	2260040	23509260.000
09/30/2013	7.77	7.95	7.67	7.85	1026270	10514181.000
10/08/2013	7.85	7.88	7.72	7.85	1058963	10817852.000
10/09/2013	7.77	8.18	7.72	8.18	2370411	24733824.000
10/10/2013	8.15	8.18	7.95	7.98	1522224	16052394.000
10/11/2013	8.00	8.12	7.90	8.02	1451496	15145613.000
10/14/2013	7.96	8.50	7.96	8.39	2896148	31365858.000
10/15/2013	8.39	9.18	8.27	8.98	4463313	51461804.000
10/16/2013	8.92	9.31	8.84	9.02	4711039	55512352.000
10/17/2013	9.04	9.46	8.89	9.22	3979984	47722236.000
10/18/2013	9.12	9.30	8.90	9.04	2594025	30740746.000
10/21/2013	8.92	9.26	8.72	9.15	3154927	37123704.000
10/22/2013	9.15	9.18	8.78	8.94	1851150	21637958.000
10/23/2013	8.88	9.13	8.49	8.54	2345696	26756886.000
10/24/2013	8.58	8.95	8.51	8.58	1066528	12012662.000
10/25/2013	8.58	8.65	8.33	8.51	1494647	16521640.000
10/28/2013	8.48	8.58	8.42	8.58	679076	7550144.000
10/29/2013	8.73	8.73	7.96	8.18	1447513	15648767.000
10/30/2013	8.18	8.22	7.96	8.18	1916823	20312022.000
10/31/2013	8.08	8.38	8.08	8.28	1019037	10973845.000
11/01/2013	8.28	8.54	8.13	8.50	1536109	16837648.000
11/04/2013	8.52	8.65	8.35	8.50	1061468	11866763.000
11/05/2013	8.40	8.82	8.39	8.81	1343539	15283896.000
11/06/2013	8.73	8.81	8.52	8.55	1178202	13332425.000
11/07/2013	8.55	8.64	8.12	8.15	1348072	14623830.000
11/08/2013	8.12	8.28	8.12	8.22	705406	7543836.500
11/11/2013	8.20	8.54	8.16	8.50	662039	7259271.000
11/12/2013	8.50	8.70	8.34	8.62	1041261	11623186.000
11/13/2013	8.48	8.62	8.37	8.37	880200	9744409.000
11/14/2013	8.37	8.95	8.22	8.85	2138483	24136204.000
11/15/2013	8.81	9.02	8.73	8.99	2347488	27255994.000
11/18/2013	8.96	9.15	8.85	8.98	2137335	25060560.000
11/19/2013	8.95	9.25	8.83	9.15	2658368	31378804.000
11/20/2013	9.12	9.34	9.05	9.15	1612825	19307454.000
11/21/2013	9.15	9.15	8.86	8.92	2498046	29205682.000
11/22/2013	8.88	9.02	8.86	8.96	1146512	13387164.000
11/25/2013	8.95	9.23	8.86	9.02	1826485	21570590.000
11/26/2013	9.11	9.12	8.96	9.02	1198555	14128993.000
11/27/2013	8.98	9.22	8.88	9.13	1929478	22810260.000
11/28/2013	9.18	10.05	9.12	10.05	4685937	59861440.000
11/29/2013	10.46	10.95	10.27	10.67	8776389	120207352.000
12/02/2013	9.65	10.42	9.60	9.61	8410207	107372680.000
12/03/2013	9.35	9.68	9.12	9.51	4675962	57297116.000
12/04/2013	9.48	10.12	9.42	9.58	5181319	66480492.000
12/05/2013	9.35	9.55	9.12	9.38	3703376	44977620.000
12/06/2013	9.22	9.45	9.05	9.33	2932105	35363912.000
12/09/2013	9.24	9.47	9.24	9.45	1999438	24489828.000
12/10/2013	9.42	9.55	9.08	9.12	2264104	27298162.000
12/11/2013	9.11	9.22	8.98	9.12	1459079	17361694.000
12/12/2013	9.11	9.48	9.10	9.33	1541695	18843942.000
12/13/2013	9.20	9.54	9.20	9.51	1507074	18472186.000
12/16/2013	9.51	9.74	9.36	9.60	2012405	25132454.000
12/17/2013	9.62	9.65	9.37	9.46	1034513	12750272.000
12/18/2013	9.36	9.43	8.85	9.08	2603136	31018646.000
12/19/2013	9.07	9.11	8.88	8.96	1689719	19793322.000
12/20/2013	8.90	8.97	8.54	8.65	2195206	24993398.000
12/23/2013	8.56	8.82	8.46	8.78	1143822	13004706.000
12/24/2013	8.77	8.95	8.68	8.92	1040916	12024073.000
12/25/2013	8.93	9.08	8.83	9.07	910900	10730817.000
12/26/2013	8.98	9.10	8.74	8.76	929186	10814316.000
12/27/2013	9.02	9.12	8.77	9.02	879918	10323326.000
12/30/2013	9.06	9.22	9.02	9.12	907897	10818763.000
12/31/2013	9.20	9.55	9.20	9.27	1667838	20371892.000
01/02/2014	9.19	9.46	9.04	9.41	1842179	22243440.000
01/03/2014	9.32	9.46	9.18	9.45	1804404	22006018.000
01/06/2014	9.43	9.53	9.06	9.10	1567310	18968612.000
01/07/2014	9.19	9.34	9.08	9.32	1263512	15196911.000
01/08/2014	9.32	9.55	9.32	9.45	1937091	23910956.000
01/09/2014	9.44	9.55	9.12	9.16	1754439	21513772.000
01/10/2014	9.41	9.41	8.58	8.69	1800044	20977218.000
01/13/2014	8.71	8.80	8.43	8.51	1315559	14792945.000
01/14/2014	8.42	8.69	8.35	8.62	1606817	17966080.000
01/15/2014	8.58	8.69	8.49	8.68	893025	10045571.000
01/16/2014	8.78	8.78	8.47	8.52	1166481	13067911.000
01/17/2014	8.45	8.56	8.33	8.35	1171251	12890860.000
01/20/2014	8.28	8.38	8.23	8.30	816066	8841858.000
01/21/2014	8.29	8.71	8.19	8.66	1401234	15706747.000
01/22/2014	8.66	8.83	8.66	8.81	1131173	12936332.000
01/23/2014	8.81	8.85	8.62	8.75	1694690	19341756.000
01/24/2014	8.75	8.93	8.70	8.85	1374875	15886658.000
01/27/2014	8.77	8.86	8.65	8.71	1772589	20241478.000
01/28/2014	8.71	8.81	8.62	8.79	1165704	13260817.000
01/29/2014	8.82	8.98	8.73	8.91	1752211	20307192.000
01/30/2014	8.86	9.02	8.77	8.78	1064600	12256764.000
02/07/2014	8.58	9.15	8.51	9.08	2202537	25611706.000
02/10/2014	9.02	9.38	9.00	9.25	2185596	26302722.000
02/11/2014	9.34	9.36	9.04	9.24	1484104	17783798.000
02/12/2014	9.23	9.48	9.14	9.42	1864051	22724078.000
02/13/2014	9.42	9.50	9.12	9.16	1633778	19897480.000
02/14/2014	9.15	9.31	8.99	9.27	1596267	19122680.000
02/17/2014	9.28	9.62	9.25	9.48	2518968	31178616.000
02/18/2014	9.59	9.61	9.35	9.53	1792303	22164668.000
02/19/2014	9.47	9.92	9.26	9.90	4026142	50689448.000
02/20/2014	9.90	9.90	9.54	9.65	2598292	32793548.000
02/21/2014	9.56	9.68	9.25	9.41	2486651	30581972.000
02/24/2014	9.31	9.49	9.24	9.42	1442988	17565248.000
02/25/2014	9.46	9.63	9.08	9.16	3088325	37641592.000
02/26/2014	9.03	9.11	8.72	9.04	1632956	18924062.000
02/27/2014	8.98	9.13	8.68	8.73	1853651	21694164.000
02/28/2014	8.65	8.94	8.52	8.92	1292888	14695021.000
03/03/2014	8.82	9.12	8.66	9.03	791219	9307329.000
03/04/2014	9.03	9.09	8.91	9.04	761004	8967980.000
03/05/2014	9.04	9.12	8.99	9.05	617524	7295033.500
03/06/2014	9.12	9.15	8.86	9.05	785503	9230033.000
03/07/2014	9.12	9.16	8.98	9.08	579783	6864195.500
03/10/2014	8.96	9.05	8.58	8.75	1105748	12835927.000
03/11/2014	8.75	8.76	8.54	8.57	937169	10524500.000
03/12/2014	8.56	8.72	8.51	8.69	744684	8363926.500
03/13/2014	8.75	9.02	8.66	8.94	1223901	14210011.000
03/14/2014	8.89	8.99	8.78	8.88	457603	5286198.500
03/17/2014	8.82	9.32	8.82	9.32	1035868	12350788.000
03/18/2014	9.34	9.65	9.24	9.45	1893684	23509450.000
03/19/2014	9.61	9.61	9.31	9.41	937561	11449759.000
03/20/2014	9.41	9.53	9.04	9.04	887684	10760909.000
03/21/2014	9.19	9.19	8.73	9.15	1065511	12464860.000
03/24/2014	9.15	9.57	9.09	9.48	1521560	18660834.000
03/25/2014	9.42	9.62	9.31	9.51	1190245	14740521.000
03/26/2014	9.42	9.65	9.40	9.44	875702	10865327.000
03/27/2014	9.35	9.58	9.31	9.39	1870902	23089602.000
03/28/2014	9.35	9.35	8.51	8.60	4680051	53562768.000
03/31/2014	8.59	8.72	8.38	8.49	1451572	16077853.000
04/01/2014	8.49	8.71	8.42	8.68	755787	8438193.000
04/02/2014	8.73	8.73	8.51	8.61	691342	7765706.500
04/03/2014	8.51	8.67	8.51	8.67	637934	7165171.000
04/04/2014	8.69	8.86	8.58	8.82	731619	8385679.000
04/08/2014	8.82	8.94	8.71	8.82	519243	5984300.500
04/09/2014	8.81	8.98	8.78	8.88	550120	6359651.500
04/10/2014	8.90	9.04	8.82	9.02	1130561	13197251.000
04/11/2014	8.93	9.08	8.81	8.92	614183	7188938.000
04/14/2014	8.82	9.00	8.82	9.00	596415	6959558.000
04/15/2014	8.98	9.00	8.89	8.95	344770	4027079.500
04/16/2014	8.96	9.06	8.86	9.03	844748	9929292.000
04/17/2014	9.09	9.13	9.02	9.04	585565	6917209.500
04/18/2014	8.94	9.04	8.94	9.03	489786	5746331.500
04/21/2014	8.95	9.03	8.75	8.82	896748	10420052.000
04/22/2014	8.69	8.85	8.58	8.81	493739	5632870.000
04/23/2014	8.81	8.87	8.57	8.76	357874	4050172.500
04/24/2014	8.76	8.80	8.65	8.70	319123	3623768.750
04/25/2014	8.67	8.77	8.58	8.58	389801	4421390.000
04/28/2014	8.58	8.58	8.38	8.42	567113	6256534.500
04/29/2014	8.54	8.56	8.42	8.55	317846	3523836.500
04/30/2014	8.55	8.92	8.55	8.92	856873	9892882.000
05/05/2014	8.77	9.31	8.77	9.31	2383924	28473046.000
05/06/2014	9.30	9.94	9.27	9.68	4163627	52854768.000
05/07/2014	9.74	9.81	9.51	9.69	2320247	29338248.000
05/08/2014	9.68	9.92	9.43	9.47	1714891	21623024.000
05/09/2014	9.47	9.82	9.39	9.72	2757683	34687888.000
05/12/2014	9.88	9.92	9.65	9.85	2385564	30502428.000
05/13/2014	9.89	9.95	9.70	9.83	1777894	17485386.000
05/14/2014	9.80	10.33	9.71	10.32	3360480	34054036.000
05/15/2014	10.48	10.60	9.98	10.08	2768809	28316776.000
05/16/2014	9.91	10.36	9.87	10.07	2545554	25750856.000
05/19/2014	10.05	10.55	10.01	10.40	2874275	29683744.000
05/20/2014	10.39	10.75	10.29	10.75	3162506	33245860.000
05/21/2014	10.65	10.88	10.52	10.73	2387069	25608078.000
05/22/2014	10.70	10.82	10.00	10.30	3709609	39068900.000
05/23/2014	10.40	10.57	10.11	10.50	2248280	23270532.000
05/26/2014	10.58	11.20	10.31	11.00	4820525	52665004.000
05/27/2014	10.98	11.45	10.90	11.13	4198778	47203476.000
05/28/2014	11.13	11.30	10.84	11.22	2802633	31011492.000
05/29/2014	11.11	11.20	10.80	11.05	2570224	28119414.000
05/30/2014	10.93	11.20	10.80	10.98	2330666	25463894.000
06/03/2014	11.01	11.33	10.92	11.16	1921640	21387990.000
06/04/2014	11.15	11.15	10.65	10.85	2452679	26441908.000
06/05/2014	10.76	11.12	10.63	11.00	2366371	25681030.000
06/06/2014	11.03	11.03	10.60	10.71	1617549	17467648.000
06/09/2014	10.65	10.79	10.47	10.55	2134544	22561634.000
06/10/2014	10.55	10.75	10.45	10.73	1136956	12094957.000
06/11/2014	10.75	11.80	10.64	11.80	6938222	79768440.000
06/12/2014	11.78	11.95	11.56	11.85	3941613	46339348.000
06/13/2014	11.80	11.85	11.65	11.72	2114066	24841212.000
06/16/2014	11.77	12.23	11.64	12.10	4647000	55855204.000
06/17/2014	12.05	12.28	11.76	11.81	2558615	30567700.000
06/18/2014	11.70	11.84	11.49	11.66	1786448	20778626.000
06/19/2014	11.60	11.79	11.00	11.16	2229045	25496592.000
06/20/2014	11.33	11.35	10.96	11.27	2085405	23319434.000
06/23/2014	11.40	11.92	11.28	11.73	1672653	19478420.000
06/24/2014	11.80	11.85	11.41	11.65	1238429	14434243.000
06/25/2014	11.65	11.72	11.38	11.42	1074558	12350999.000
06/26/2014	11.30	11.60	11.30	11.45	1734416	19865006.000
06/27/2014	11.43	11.88	11.35	11.80	1946886	22796696.000
06/30/2014	11.82	12.18	11.63	11.88	1965269	23422140.000
07/01/2014	11.88	12.05	11.66	11.93	1412103	16805724.000
07/02/2014	11.93	12.43	11.82	12.33	3855481	47223352.000
07/03/2014	12.30	12.94	12.21	12.82	5455449	69496336.000
07/04/2014	12.70	12.98	12.59	12.59	3704117	47348092.000
07/07/2014	12.59	13.18	12.44	13.04	3531545	45428920.000
07/08/2014	13.04	13.08	12.57	12.98	2260171	29080806.000
07/09/2014	12.88	12.96	12.49	12.66	2082509	26487022.000
07/10/2014	12.66	12.87	12.50	12.64	1241529	15750738.000
07/11/2014	12.56	13.20	12.56	12.96	2099473	27339462.000
07/14/2014	12.98	13.46	12.81	13.38	1681834	22187500.000
07/15/2014	13.38	13.93	13.16	13.74	2033183	27717552.000
07/16/2014	13.62	13.87	13.18	13.37	1672048	22458020.000
07/17/2014	13.49	13.49	12.66	12.99	1968616	25393556.000
07/18/2014	12.90	13.20	12.61	12.72	1470490	18842580.000
07/21/2014	12.80	13.08	12.50	12.91	1234657	15756368.000
07/22/2014	12.85	13.09	12.76	13.04	981882	12723661.000
07/23/2014	13.01	13.18	12.38	12.55	1635380	20854528.000
07/24/2014	12.50	12.56	11.88	12.45	2799716	33915564.000
07/25/2014	12.40	12.70	12.15	12.60	1365587	16971002.000
07/28/2014	12.52	12.73	12.51	12.64	1014929	12810555.000
07/29/2014	12.71	13.20	12.65	13.06	2045313	26599524.000
07/30/2014	13.01	13.20	12.90	13.15	939153	12232787.000
07/31/2014	12.92	13.21	12.92	13.00	1181089	15367157.000
08/01/2014	13.00	13.00	12.57	12.72	1497615	19081988.000
08/04/2014	12.52	13.26	12.52	13.23	1870917	24419746.000
08/05/2014	13.46	13.49	13.03	13.23	719372	9463528.000
08/06/2014	13.40	13.40	13.02	13.25	859453	11373951.000
08/07/2014	13.25	13.82	13.19	13.36	1161718	15706976.000
08/08/2014	13.30	13.68	13.30	13.54	590078	8002349.500
08/11/2014	13.51	13.65	13.20	13.64	1258032	16849438.000
08/12/2014	13.63	13.78	13.41	13.64	779544	10599715.000
08/13/2014	13.58	13.67	13.10	13.44	1118797	14934450.000
08/14/2014	13.39	13.46	12.70	12.76	2530018	32976124.000
08/15/2014	12.70	13.54	12.70	13.51	2464350	32559058.000
08/18/2014	13.55	14.27	13.55	14.15	3045741	42368512.000
08/19/2014	14.16	14.45	14.00	14.15	1470601	20864106.000
08/20/2014	14.22	14.39	13.81	14.00	1606132	22716102.000
08/21/2014	14.18	14.18	13.71	13.97	916033	12757246.000
08/22/2014	14.14	14.25	13.87	14.17	958113	13496160.000
08/25/2014	14.18	14.44	13.83	13.98	1369020	19195054.000
08/26/2014	13.81	14.12	13.55	13.65	1529671	21046280.000
08/27/2014	13.55	13.87	13.52	13.69	591537	8135639.000
08/28/2014	13.70	13.95	13.57	13.70	818246	11243311.000
08/29/2014	13.64	13.99	13.62	13.88	798764	10976770.000
09/01/2014	13.81	13.95	13.45	13.70	1862112	25388684.000
09/02/2014	13.69	13.74	13.58	13.73	1999631	27323390.000
09/03/2014	13.70	14.38	13.65	14.36	3273551	45958644.000
09/04/2014	14.32	14.36	13.98	14.13	2037180	28668524.000
09/05/2014	13.98	14.14	13.87	14.04	2043956	28586974.000
09/09/2014	14.04	14.10	13.80	14.07	1486764	20815726.000
09/10/2014	14.03	14.86	14.03	14.64	2471222	35947584.000
09/11/2014	14.64	14.77	14.06	14.33	1544085	22150098.000
09/12/2014	14.34	14.50	14.20	14.38	1477057	21227942.000
09/15/2014	14.32	14.47	14.25	14.44	1742749	25080038.000
09/16/2014	14.36	15.88	14.31	15.00	6206019	94570456.000
09/17/2014	15.10	15.12	14.71	14.98	2025303	30252376.000
09/18/2014	14.98	15.98	14.85	15.85	2612127	40824144.000
09/19/2014	15.70	16.15	15.55	16.10	1829549	28893486.000
09/22/2014	16.13	16.28	15.71	15.95	1409785	22483516.000
09/23/2014	16.08	16.08	15.30	15.90	1307071	20525398.000
09/24/2014	15.73	15.99	15.52	15.76	1298631	20517562.000
09/25/2014	15.94	16.45	15.80	16.00	1290713	20916248.000
09/26/2014	15.71	16.10	15.68	15.93	958376	15204380.000
09/29/2014	15.95	16.29	15.80	15.90	1249982	20010158.000
09/30/2014	15.75	16.25	15.75	15.90	830394	13225821.000
10/08/2014	15.93	16.60	15.83	16.59	1935038	31332264.000
10/09/2014	16.67	17.33	16.36	17.05	1732079	29222596.000
10/10/2014	16.80	17.01	16.79	16.88	1176600	19858982.000
10/13/2014	16.88	16.88	16.38	16.70	1144300	18913312.000
10/14/2014	16.61	16.87	16.40	16.67	806010	13348500.000
10/15/2014	16.65	16.67	16.26	16.50	913020	15036444.000
10/16/2014	16.52	16.52	15.88	16.07	1214924	19736126.000
10/17/2014	16.07	16.07	14.46	15.25	3981281	59463148.000
10/20/2014	15.11	15.29	14.80	15.21	1300810	19674174.000
10/21/2014	15.34	15.58	15.12	15.21	1806036	27774018.000
10/22/2014	15.38	15.44	14.70	14.95	1503157	22586384.000
10/23/2014	14.95	14.98	14.58	14.65	1668871	24534896.000
10/24/2014	14.70	15.30	14.58	14.93	1004205	15104677.000
10/27/2014	14.65	15.50	14.65	15.22	983501	15009301.000
10/28/2014	15.22	15.94	15.22	15.89	1437642	22551830.000
10/29/2014	15.94	16.20	15.72	16.11	1542718	24722782.000
10/30/2014	16.25	16.25	15.80	15.91	872862	13951975.000
10/31/2014	15.86	16.08	15.82	15.96	1136470	18090474.000
数据来源:通达信
