300125 易世达 日线
      日期	    开盘	    最高	    最低	    收盘	    成交量	    成交额
10/13/2010	34.75	37.25	34.51	36.50	10190140	733947392.000
10/14/2010	38.24	39.37	36.00	36.25	5788497	440385760.000
10/15/2010	34.75	35.00	32.60	32.60	3669500	245752560.000
10/18/2010	31.46	31.68	30.37	31.23	2449294	153700784.000
10/19/2010	32.26	34.00	31.76	32.50	2964676	196066288.000
10/20/2010	32.05	34.45	32.05	33.35	2112251	142564816.000
10/21/2010	32.90	35.42	32.83	34.75	1576923	108839440.000
10/22/2010	34.75	35.75	34.31	34.31	1185746	83485184.000
10/25/2010	35.00	36.47	34.63	36.14	1247389	89897440.000
10/26/2010	36.18	36.50	34.95	35.36	1073631	76751656.000
10/27/2010	35.33	35.51	34.15	34.24	1121875	78740928.000
10/28/2010	34.00	36.25	33.96	35.87	1176380	82439096.000
10/29/2010	35.95	37.74	35.87	36.59	1238662	92104680.000
11/01/2010	36.70	39.33	36.70	38.78	1229801	94852960.000
11/02/2010	38.85	39.75	37.32	37.50	1256044	97610184.000
11/03/2010	36.25	37.75	35.00	35.13	1498404	110334688.000
11/04/2010	35.61	36.55	35.61	36.48	929454	67612968.000
11/05/2010	36.76	37.19	35.96	36.94	684426	50405416.000
11/08/2010	37.39	40.66	37.00	40.05	1544166	122514608.000
11/09/2010	40.09	40.34	39.05	39.75	903497	72101824.000
11/10/2010	39.69	42.43	39.38	41.89	894971	74687384.000
11/11/2010	41.70	46.11	41.50	44.25	1371756	123526304.000
11/12/2010	44.85	47.00	41.75	43.58	2082143	187116464.000
11/15/2010	44.25	47.97	43.65	47.97	1519062	139848096.000
11/16/2010	48.65	48.65	44.45	44.50	1570116	145391280.000
11/17/2010	44.00	45.25	42.11	42.65	913613	80115736.000
11/18/2010	43.25	44.55	42.25	43.73	768244	67098200.000
11/19/2010	44.08	45.90	43.66	45.80	797068	71935224.000
11/22/2010	45.88	47.15	44.00	44.75	1143688	105136392.000
11/23/2010	44.75	45.24	43.26	44.61	1015229	90568480.000
11/24/2010	44.26	46.45	44.25	46.28	1101712	100330264.000
11/25/2010	46.89	46.91	44.61	44.88	945832	86389488.000
11/26/2010	44.64	45.65	44.33	44.90	498206	45148812.000
11/29/2010	45.12	45.92	44.61	45.69	623212	56920544.000
11/30/2010	45.50	46.00	41.10	43.23	1367499	117930680.000
12/01/2010	42.75	42.95	41.75	42.10	494392	42200180.000
12/02/2010	42.55	43.73	42.55	42.65	556187	48213876.000
12/03/2010	42.70	42.70	41.24	41.80	485364	40829684.000
12/06/2010	41.80	42.13	39.95	40.45	541201	44466948.000
12/07/2010	39.95	42.63	39.95	42.48	510523	42811836.000
12/08/2010	42.45	42.73	42.09	42.63	384161	32786358.000
12/09/2010	42.30	42.48	41.08	41.10	320932	27008162.000
12/10/2010	41.00	42.88	40.69	42.88	420765	35761288.000
12/13/2010	43.25	45.59	42.89	45.15	673644	60810124.000
12/14/2010	45.12	46.45	44.25	45.40	496184	45550284.000
12/15/2010	45.44	45.75	44.27	44.53	415093	37491984.000
12/16/2010	44.15	45.75	44.13	44.41	825588	74928768.000
12/17/2010	44.95	45.24	44.41	45.05	340077	30649324.000
12/20/2010	45.05	45.64	42.50	43.58	767741	67921000.000
12/21/2010	43.60	44.15	42.90	43.22	464072	40483736.000
12/22/2010	43.23	43.90	43.15	43.19	355094	31070442.000
12/23/2010	42.93	43.34	42.05	42.84	529692	45422320.000
12/24/2010	42.25	42.64	40.75	41.80	563955	47063744.000
12/27/2010	41.65	42.25	40.00	40.00	518767	42955668.000
12/28/2010	39.70	39.70	38.28	39.15	434872	34107952.000
12/29/2010	39.20	40.50	39.10	40.45	290002	23292824.000
12/30/2010	40.25	40.98	39.83	40.63	204945	16722597.000
12/31/2010	40.50	41.73	40.50	41.50	265982	22114928.000
01/04/2011	41.76	42.50	41.50	41.95	366381	31026506.000
01/05/2011	41.75	41.75	40.86	41.50	437738	36353876.000
01/06/2011	41.55	41.55	40.19	40.25	357922	29353562.000
01/07/2011	39.83	40.15	38.75	38.90	468962	37320020.000
01/10/2011	38.52	38.52	38.00	38.24	429488	33069026.000
01/11/2011	38.06	38.63	37.65	38.45	214283	16535767.000
01/12/2011	38.76	39.50	38.25	39.05	332169	26078480.000
01/13/2011	39.30	39.30	37.66	38.33	1374468	105014832.000
01/14/2011	38.20	38.20	36.25	36.53	802879	59568704.000
01/17/2011	36.40	36.40	34.26	34.31	884798	62413564.000
01/18/2011	34.31	34.74	33.76	34.50	407983	28139894.000
01/19/2011	34.51	35.47	34.35	35.20	442966	31100568.000
01/20/2011	35.30	35.64	33.60	33.60	545696	37924256.000
01/21/2011	33.35	34.19	33.35	33.93	419485	28514332.000
01/24/2011	33.98	34.15	32.26	32.40	757411	50698676.000
01/25/2011	32.40	33.50	32.40	33.25	528677	35207956.000
01/26/2011	33.26	33.90	33.01	33.63	267481	18090086.000
01/27/2011	33.60	34.64	33.30	34.17	404581	27833716.000
01/28/2011	34.17	34.74	33.99	34.72	370037	25679384.000
01/31/2011	34.71	35.15	34.51	34.80	392669	27581614.000
02/01/2011	34.75	35.00	34.40	34.75	335426	23395026.000
02/09/2011	34.58	35.19	34.00	34.40	301953	21088658.000
02/10/2011	34.40	36.19	34.25	36.09	461337	32844776.000
02/11/2011	36.47	37.69	36.26	37.44	755946	56673248.000
02/14/2011	37.44	37.69	36.77	37.50	599518	44958388.000
02/15/2011	37.45	37.68	36.99	37.14	538341	40394940.000
02/16/2011	37.05	38.10	36.65	38.08	525351	39807812.000
02/17/2011	37.85	39.02	37.75	38.15	489666	37798472.000
02/18/2011	38.25	38.40	37.00	37.13	518756	39231688.000
02/21/2011	37.04	38.53	36.84	38.31	544336	41602960.000
02/22/2011	38.45	38.45	36.50	36.55	566137	42591828.000
02/23/2011	36.75	37.69	36.61	37.40	461056	34559924.000
02/24/2011	37.32	37.85	36.26	36.68	511202	38061748.000
02/25/2011	36.51	37.18	36.05	36.75	397873	29151074.000
02/28/2011	36.10	36.31	35.03	35.60	860569	61418112.000
03/01/2011	35.16	35.69	35.16	35.40	498715	35591496.000
03/02/2011	35.30	35.30	33.99	34.50	778279	54154784.000
03/03/2011	34.45	34.96	34.19	34.19	404777	28169216.000
03/04/2011	33.75	34.69	33.75	34.60	318764	22011268.000
03/07/2011	34.60	35.26	34.50	34.94	491047	34497304.000
03/08/2011	34.95	35.28	34.63	35.20	309838	21811196.000
03/09/2011	35.20	35.21	34.65	34.85	406532	28541278.000
03/10/2011	34.98	35.95	34.86	35.43	674346	48292868.000
03/11/2011	35.37	36.23	35.03	35.75	640357	46088048.000
03/14/2011	36.00	36.00	35.36	35.80	420045	30256470.000
03/15/2011	35.80	35.81	34.50	34.84	457348	32127222.000
03/16/2011	34.84	35.02	34.59	34.90	336446	23567234.000
03/17/2011	34.75	34.75	34.15	34.22	304696	21122400.000
03/18/2011	34.65	34.87	34.36	34.75	232782	16220949.000
03/21/2011	35.06	35.37	34.75	34.99	245043	17273126.000
03/22/2011	35.10	35.23	34.41	34.92	184679	12933259.000
03/23/2011	34.96	35.38	34.49	35.37	390838	27480228.000
03/24/2011	35.50	36.17	35.38	35.90	552359	39921876.000
03/25/2011	36.15	36.37	35.65	36.20	579240	42080388.000
03/28/2011	36.16	36.16	33.32	33.36	1222280	84353992.000
03/29/2011	33.32	33.68	32.65	32.68	567443	37833532.000
03/30/2011	32.70	32.90	32.12	32.23	338572	22055270.000
03/31/2011	32.35	32.69	32.17	32.22	207893	13571383.000
04/01/2011	32.60	32.62	32.00	32.22	284226	18388714.000
04/06/2011	32.20	32.35	31.32	31.42	348940	22232146.000
04/07/2011	31.42	31.73	31.25	31.70	265458	16896396.000
04/08/2011	31.70	32.21	31.64	32.18	219860	14210437.000
04/11/2011	32.18	32.25	30.77	30.77	481974	30510082.000
04/12/2011	30.95	31.09	30.54	30.79	333215	20700616.000
04/13/2011	30.56	31.29	30.56	31.28	278996	17476270.000
04/14/2011	31.25	31.42	30.90	30.94	174933	10945203.000
04/15/2011	30.76	31.14	30.75	30.99	136376	8491872.000
04/18/2011	31.10	31.10	30.00	30.09	396687	24297622.000
04/19/2011	30.09	30.09	28.84	29.25	442827	26120066.000
04/20/2011	29.25	29.60	29.05	29.49	221542	13139399.000
04/21/2011	29.54	30.14	29.42	29.89	297245	17913180.000
04/22/2011	30.10	30.55	29.80	29.91	283043	17196800.000
04/25/2011	29.87	30.00	29.04	29.05	317325	18814110.000
04/26/2011	29.35	29.39	28.85	28.96	191932	11221209.000
04/27/2011	28.96	29.36	28.50	28.75	187614	10950860.000
04/28/2011	29.20	29.20	27.71	27.71	227883	12989173.000
04/29/2011	28.15	28.20	27.38	27.85	149824	8377523.000
05/03/2011	28.10	28.83	27.80	28.64	240673	13815701.000
05/04/2011	28.64	28.64	27.75	27.86	149961	8543984.000
05/05/2011	27.83	28.38	27.83	28.20	100207	5685122.000
05/06/2011	27.95	28.65	27.90	28.59	127137	7293144.000
05/09/2011	28.59	29.08	28.57	28.75	165866	9654778.000
05/11/2011	29.00	29.15	28.57	28.70	159347	9272040.000
05/12/2011	28.55	28.55	27.93	27.93	182699	10373561.000
05/13/2011	28.14	28.19	27.60	27.85	185458	10395333.000
05/16/2011	28.11	28.40	28.11	28.31	231930	13240517.000
05/17/2011	28.25	29.14	28.20	28.90	301757	17533602.000
05/18/2011	28.90	29.02	28.37	28.60	188967	10900445.000
05/19/2011	28.55	28.70	27.85	27.85	262010	14986843.000
05/20/2011	27.86	27.89	26.73	27.01	456065	12479318.000
05/23/2011	26.85	26.85	25.11	25.50	613963	16050766.000
05/24/2011	25.50	26.83	25.13	26.54	601208	15837338.000
05/25/2011	26.36	26.53	25.36	25.45	327167	8502978.000
05/26/2011	25.63	25.74	24.98	25.02	289499	7407946.000
05/27/2011	25.33	25.35	24.25	24.41	270153	6732932.000
05/30/2011	24.36	25.13	24.33	24.57	285353	7125550.000
05/31/2011	24.75	25.15	24.39	25.11	224480	5613623.500
06/01/2011	24.95	25.30	24.85	25.15	295325	7454763.500
06/02/2011	24.70	24.80	24.30	24.41	262641	6483470.500
06/03/2011	24.60	25.10	24.44	24.95	342951	8591270.000
06/07/2011	24.73	25.04	24.55	24.84	214352	5360852.000
06/08/2011	24.82	25.08	24.55	24.96	204309	5096969.000
06/09/2011	24.85	25.08	24.75	24.85	325358	8142654.500
06/10/2011	24.85	25.42	24.66	25.32	368426	9249538.000
06/13/2011	25.26	25.55	24.86	25.51	209024	5319334.000
06/14/2011	25.55	25.93	25.30	25.80	366893	9462406.000
06/15/2011	25.73	25.88	25.56	25.64	422071	10913486.000
06/16/2011	25.56	25.56	25.07	25.25	237430	6017296.500
06/17/2011	25.10	25.32	24.66	24.85	155299	3899045.750
06/20/2011	24.85	24.97	24.56	24.93	328612	8187760.500
06/21/2011	25.20	25.20	24.71	25.07	167139	4189208.750
06/22/2011	25.17	25.44	25.05	25.15	203944	5189964.500
06/23/2011	24.93	25.96	24.70	25.87	469474	12114578.000
06/24/2011	25.94	26.56	25.85	26.37	774421	20504978.000
06/27/2011	26.51	26.84	26.29	26.52	520899	13916879.000
06/28/2011	26.55	26.55	26.05	26.26	324381	8558051.000
06/29/2011	26.33	26.47	26.03	26.03	339843	8966475.000
06/30/2011	26.03	26.30	26.03	26.14	314571	8274960.500
07/01/2011	26.13	26.60	26.10	26.15	317517	8407054.000
07/04/2011	26.16	26.78	26.16	26.75	436472	11673977.000
07/05/2011	26.66	27.28	26.66	27.08	511618	13925637.000
07/06/2011	27.11	27.23	26.76	27.23	516287	14010260.000
07/07/2011	27.28	28.25	27.06	27.65	940053	26230312.000
07/08/2011	27.42	27.79	27.26	27.37	369305	10192110.000
07/11/2011	27.47	27.70	27.06	27.65	429291	11808715.000
07/12/2011	27.39	27.39	26.69	26.70	394006	10702691.000
07/13/2011	26.83	27.15	26.45	27.12	392556	10637396.000
07/14/2011	27.31	28.22	27.12	28.22	740597	20591316.000
07/15/2011	28.34	29.13	28.06	29.04	1177786	33889824.000
07/18/2011	28.86	29.04	28.30	28.44	779422	22360762.000
07/19/2011	28.30	28.30	27.38	27.51	755470	21031022.000
07/20/2011	28.04	28.28	27.58	27.84	615405	17292718.000
07/21/2011	27.85	27.99	27.06	27.08	396058	10896451.000
07/22/2011	27.08	27.50	27.05	27.21	274698	7530345.000
07/25/2011	27.21	27.21	25.50	25.65	589064	15582074.000
07/26/2011	25.65	25.92	25.55	25.81	345093	8937119.000
07/27/2011	25.55	26.83	25.54	26.79	627416	16652978.000
07/28/2011	26.51	27.23	26.50	27.12	491355	13280800.000
07/29/2011	27.33	27.33	26.69	26.76	376664	10236497.000
08/01/2011	26.84	27.02	26.00	26.74	385040	10320155.000
08/02/2011	26.65	26.65	25.77	26.30	493370	12920166.000
08/03/2011	25.95	27.86	25.94	27.86	1256705	34667676.000
08/04/2011	27.82	27.99	27.08	27.32	895049	24670014.000
08/05/2011	26.03	26.62	25.75	26.35	760005	20136428.000
08/08/2011	26.12	26.12	23.80	24.17	968994	24052272.000
08/09/2011	23.46	24.25	22.37	24.25	699630	16460122.000
08/10/2011	24.55	24.83	24.11	24.18	846278	20806326.000
08/11/2011	23.65	24.70	23.18	24.65	719873	17601222.000
08/12/2011	24.88	25.63	24.88	25.21	720894	18288928.000
08/15/2011	25.35	26.09	25.01	25.88	881893	22801760.000
08/16/2011	25.85	26.65	25.67	25.76	736567	19187502.000
08/17/2011	25.64	26.02	25.40	25.90	429148	11086920.000
08/18/2011	25.89	25.89	24.93	24.95	364149	9277108.000
08/19/2011	24.35	24.80	24.30	24.52	316016	7794664.000
08/22/2011	25.14	25.35	24.85	24.99	463689	11707554.000
08/23/2011	25.10	27.45	24.49	27.40	2491007	64854720.000
08/24/2011	27.40	28.17	27.15	27.46	2859976	79277536.000
08/25/2011	27.58	27.84	26.88	27.56	1421911	39058932.000
08/26/2011	27.56	28.65	27.56	28.33	1801225	51233564.000
08/29/2011	28.35	28.95	28.33	28.44	1866343	53641576.000
08/30/2011	28.51	28.81	27.35	27.44	1684181	47281284.000
08/31/2011	27.47	27.65	26.67	27.00	1158108	31456338.000
09/01/2011	27.15	28.29	27.15	27.66	1692678	47135520.000
09/02/2011	27.14	27.64	26.90	27.39	781368	21352206.000
09/05/2011	26.97	27.04	26.15	26.15	566971	15142658.000
09/06/2011	26.05	26.05	24.55	24.70	976636	24614646.000
09/07/2011	24.83	25.49	24.83	25.48	595701	15106005.000
09/08/2011	25.86	27.10	25.66	25.67	1298665	34513208.000
09/09/2011	25.46	25.95	25.15	25.30	571909	14661130.000
09/13/2011	24.80	24.81	24.25	24.48	405777	10008779.000
09/14/2011	24.46	25.21	24.46	25.16	489672	12252568.000
09/15/2011	25.31	25.65	24.94	25.03	341340	8687373.000
09/16/2011	25.43	25.45	24.74	25.03	319101	8022238.000
09/19/2011	24.85	24.85	23.87	23.87	356000	8674992.000
09/20/2011	23.87	24.33	23.25	23.99	433071	10339946.000
09/21/2011	23.86	25.10	23.85	25.02	517257	12794674.000
09/22/2011	24.85	25.16	24.05	24.25	465971	11562093.000
09/23/2011	23.68	24.05	23.60	23.94	336828	8065716.000
09/26/2011	23.80	24.10	23.47	23.75	238445	5704024.500
09/27/2011	23.85	24.05	23.53	23.90	188817	4524317.000
09/28/2011	24.35	24.36	23.43	23.43	315212	7584497.000
09/29/2011	22.95	23.49	22.16	22.18	399531	9105048.000
09/30/2011	22.20	22.33	21.65	21.68	358666	7876933.500
10/10/2011	21.89	21.95	21.04	21.05	226320	4874705.000
10/11/2011	21.65	21.75	20.80	20.80	318298	6770768.000
10/12/2011	21.00	21.59	20.35	21.55	422185	8971343.000
10/13/2011	21.44	22.15	21.32	21.80	373671	8223288.000
10/14/2011	21.63	22.05	21.37	21.60	258110	5622388.500
10/17/2011	21.73	22.10	21.47	21.90	299528	6603349.500
10/18/2011	21.63	21.88	20.96	20.96	313679	6745629.000
10/19/2011	21.05	21.35	20.54	20.65	315247	6597626.500
10/20/2011	20.70	20.75	19.69	19.82	399361	8023615.000
10/21/2011	19.82	20.08	19.56	19.66	137640	2749101.000
10/24/2011	19.57	19.57	18.08	18.57	1000657	18782320.000
10/25/2011	18.60	19.15	17.90	19.13	1259134	23590606.000
10/26/2011	18.89	20.24	18.88	19.57	2077937	41077036.000
10/27/2011	19.64	20.36	19.58	19.96	2232552	45115868.000
10/28/2011	20.63	20.74	19.90	20.61	2136529	43809076.000
10/31/2011	20.41	21.35	20.41	21.35	2391542	50672972.000
11/01/2011	21.08	21.55	20.90	21.25	2040477	43614216.000
11/02/2011	20.75	22.71	20.47	22.24	2702614	59029948.000
11/03/2011	22.32	23.25	21.77	21.77	2621838	59255756.000
11/04/2011	21.90	22.13	21.46	22.00	1560890	34296988.000
11/07/2011	21.97	22.27	21.76	21.99	910408	20166472.000
11/08/2011	21.99	22.04	21.46	21.46	1249478	27360980.000
11/09/2011	21.64	22.15	21.42	22.14	1399313	30764214.000
11/10/2011	21.92	24.37	21.87	24.37	6854726	164964496.000
11/11/2011	23.87	24.30	23.55	23.69	3846384	92517504.000
11/14/2011	23.78	24.53	23.78	24.47	3051916	74609968.000
11/15/2011	24.52	26.05	24.18	25.08	3677209	92857096.000
11/16/2011	25.12	25.31	23.81	23.85	2525718	61596704.000
11/17/2011	23.86	24.52	23.77	23.95	1923284	46751040.000
11/18/2011	23.85	23.91	22.45	22.66	1673314	38570744.000
11/21/2011	22.63	22.63	21.13	21.96	1250152	27662030.000
11/22/2011	21.74	22.05	21.17	22.01	1226978	26752382.000
11/23/2011	22.13	22.54	21.71	21.75	1294242	28899806.000
11/24/2011	21.40	22.07	21.18	21.75	1028037	22320772.000
11/25/2011	21.83	21.89	20.93	20.96	933643	20037900.000
11/28/2011	21.14	21.27	20.38	20.51	739040	15440627.000
11/29/2011	20.83	21.33	20.73	21.29	1064562	22485898.000
11/30/2011	21.31	21.50	19.35	19.86	1223069	25379464.000
12/01/2011	20.74	21.00	20.32	20.38	1042050	21678258.000
12/02/2011	20.32	20.65	19.75	19.86	471982	9542688.000
12/05/2011	19.95	19.95	18.86	18.93	585706	11467231.000
12/06/2011	18.90	19.53	18.65	19.27	380800	7322306.000
12/07/2011	19.35	19.65	19.16	19.45	290537	5688450.500
12/08/2011	19.25	19.93	18.93	19.65	600507	11795496.000
12/09/2011	19.15	19.74	19.03	19.40	348732	6827040.000
12/12/2011	19.18	19.65	19.13	19.13	244120	4777518.000
12/13/2011	19.03	19.08	18.17	18.49	590511	11006940.000
12/14/2011	18.09	18.72	17.99	18.06	403669	7468209.500
12/15/2011	17.93	18.28	17.57	17.65	394468	7121223.000
12/16/2011	18.13	18.45	17.61	18.45	474706	8610030.000
12/19/2011	18.23	19.35	18.07	19.27	593247	11049166.000
12/20/2011	18.87	19.48	18.67	18.67	531682	10264595.000
12/21/2011	18.88	19.25	17.89	17.91	534916	10055490.000
12/22/2011	17.85	18.25	17.01	18.04	576692	10202308.000
12/23/2011	17.70	18.94	17.56	18.21	513285	9472380.000
12/26/2011	18.19	19.10	18.07	18.08	335215	6241066.500
12/27/2011	17.94	17.97	16.99	17.02	436845	7689454.500
12/28/2011	16.93	17.28	16.36	16.85	315923	5325905.000
12/29/2011	16.67	17.03	16.65	16.79	198469	3371423.000
12/30/2011	16.79	17.22	16.79	17.10	241279	4158444.500
01/04/2012	17.20	17.48	16.37	16.40	263410	4473935.500
01/05/2012	16.35	16.54	15.05	15.21	503867	8049567.500
01/06/2012	15.05	15.35	14.59	15.29	342509	5158903.000
01/09/2012	15.34	15.94	14.66	15.87	386438	6054254.000
01/10/2012	15.81	16.60	15.81	16.39	910610	14950765.000
01/11/2012	16.39	16.73	16.15	16.45	747572	12419223.000
01/12/2012	16.20	16.65	16.13	16.20	784093	12908227.000
01/13/2012	16.01	16.20	14.81	14.81	797429	12336031.000
01/16/2012	14.73	14.75	13.65	13.65	580513	8309309.500
01/17/2012	13.63	14.45	13.63	14.28	1066214	15271213.000
01/18/2012	14.31	14.54	12.87	13.09	1351674	18898240.000
01/19/2012	13.05	13.62	12.84	13.43	1273976	17146748.000
01/20/2012	13.50	13.99	13.50	13.81	973249	13551252.000
01/30/2012	13.85	14.05	13.68	13.83	932428	13080928.000
01/31/2012	13.75	13.75	13.10	13.49	1049389	14167518.000
02/01/2012	13.49	14.15	13.36	13.70	1029284	14398765.000
02/02/2012	13.65	14.04	13.56	14.04	1012306	14193805.000
02/06/2012	14.48	14.90	14.30	14.82	2538048	37534708.000
02/07/2012	14.60	14.60	14.10	14.24	1555976	22540246.000
02/08/2012	14.20	14.70	14.08	14.70	1431904	21042624.000
02/09/2012	14.71	15.15	14.68	15.01	1618266	24510862.000
02/10/2012	15.01	15.10	14.73	14.87	912174	13736106.000
02/13/2012	14.70	15.25	14.62	15.16	1143097	17388960.000
02/14/2012	15.15	15.30	15.02	15.21	898238	13725909.000
02/15/2012	15.18	15.45	15.00	15.44	877060	13554646.000
02/16/2012	15.44	15.69	15.05	15.29	1221171	18932476.000
02/17/2012	15.34	15.43	14.98	15.09	855531	13082118.000
02/20/2012	15.35	15.65	15.23	15.33	1365353	21252882.000
02/21/2012	15.43	15.72	15.26	15.71	1043015	16317006.000
02/22/2012	15.66	16.32	15.56	16.32	1997880	32337996.000
02/23/2012	16.26	16.42	15.88	16.25	2386438	38945796.000
02/24/2012	16.25	16.62	16.12	16.32	1789792	29482424.000
02/27/2012	16.37	16.63	16.27	16.27	1847261	30663026.000
02/28/2012	16.35	16.62	15.81	16.03	1548394	25148582.000
02/29/2012	15.96	16.03	15.53	15.55	1259019	20024162.000
03/01/2012	15.50	15.76	15.45	15.57	1088430	17186880.000
03/02/2012	15.66	15.92	15.60	15.91	842616	13436976.000
03/05/2012	15.94	16.07	15.76	15.92	1050765	16882068.000
03/06/2012	15.85	15.90	15.41	15.62	1015995	15981217.000
03/07/2012	15.46	15.92	15.35	15.61	775196	12267171.000
03/08/2012	15.67	16.21	15.65	16.21	1796123	29046230.000
03/09/2012	16.41	16.49	16.10	16.34	1640556	26932162.000
03/12/2012	16.41	16.60	16.24	16.47	1307711	21663618.000
03/13/2012	16.40	17.04	16.36	16.95	1751204	29404764.000
03/14/2012	16.93	17.14	15.91	16.03	2251985	37826740.000
03/15/2012	15.99	16.15	15.34	15.34	1493687	23628310.000
03/16/2012	15.40	15.67	15.16	15.62	1297657	20277560.000
03/19/2012	15.58	15.80	15.39	15.75	1102560	17382066.000
03/20/2012	15.72	15.72	15.17	15.21	1037836	16130771.000
03/21/2012	15.17	15.39	14.88	15.10	876127	13357423.000
03/22/2012	15.03	15.15	14.85	15.07	613438	9288121.000
03/23/2012	14.99	15.03	14.60	14.69	804648	12012135.000
03/26/2012	14.70	14.91	14.57	14.75	594612	8851065.000
03/27/2012	14.56	14.78	14.49	14.59	997773	14729852.000
03/28/2012	14.37	14.56	13.12	13.28	1578266	21846128.000
03/29/2012	13.23	13.28	12.85	12.98	634700	8397518.000
03/30/2012	13.12	13.12	12.68	12.77	782100	10150620.000
04/05/2012	12.70	13.18	12.69	13.15	1450536	19061412.000
04/06/2012	13.16	13.63	13.04	13.30	2034594	27440030.000
04/09/2012	13.30	13.39	13.11	13.14	823686	11029513.000
04/10/2012	13.00	13.43	12.81	13.39	882928	11683351.000
04/11/2012	13.25	13.44	13.14	13.37	722726	9720848.000
04/12/2012	13.32	13.70	13.31	13.68	913412	12487614.000
04/13/2012	13.69	14.06	13.61	13.85	1027155	14397080.000
04/16/2012	13.85	14.00	13.64	13.80	489009	6833602.500
04/17/2012	13.80	13.99	13.62	13.64	509872	7084762.000
04/18/2012	13.73	14.18	13.73	14.07	1069994	15115306.000
04/19/2012	14.05	14.12	13.95	14.01	674867	9553672.000
04/23/2012	13.98	14.08	12.86	13.07	1898509	25514648.000
04/24/2012	12.86	13.12	11.75	12.60	1601370	20494430.000
04/25/2012	12.54	12.68	12.46	12.65	875662	11143274.000
04/26/2012	12.62	12.77	12.46	12.65	592065	7554368.500
04/27/2012	12.64	12.95	12.55	12.79	866329	11160082.000
05/02/2012	12.95	13.05	12.77	12.82	1484467	19300816.000
05/03/2012	12.77	12.93	12.71	12.88	732396	9505575.000
05/04/2012	12.93	13.54	12.93	13.40	1527457	20564252.000
05/07/2012	13.35	13.71	13.25	13.66	1259004	17249924.000
05/08/2012	13.75	14.15	13.49	13.54	1768538	24696300.000
05/09/2012	13.41	13.51	13.25	13.28	1111623	15009998.000
05/10/2012	13.36	13.74	13.30	13.51	894407	12085265.000
05/11/2012	13.51	13.62	13.35	13.39	554979	7498738.500
05/14/2012	13.51	13.63	13.30	13.51	800361	10810859.000
05/15/2012	13.43	13.46	13.13	13.34	769521	10239006.000
05/16/2012	13.34	13.57	13.26	13.31	604627	8150766.000
05/17/2012	13.24	13.62	13.17	13.50	696033	9411087.000
05/18/2012	13.40	14.86	13.35	14.86	2890386	42022632.000
05/21/2012	15.31	15.55	14.25	14.42	4769334	71438400.000
05/22/2012	14.26	14.40	14.08	14.26	2030160	28944324.000
05/23/2012	14.21	14.22	13.67	13.95	1971381	27557016.000
05/24/2012	13.93	14.65	13.91	14.23	2108177	30351142.000
05/25/2012	14.37	14.37	13.84	14.03	1169259	16489117.000
05/28/2012	13.91	14.24	13.65	14.24	1052009	14760710.000
05/29/2012	14.23	14.85	14.20	14.72	1898598	27592422.000
05/30/2012	14.60	15.30	14.60	14.83	2240847	33687404.000
05/31/2012	14.72	15.23	14.60	15.05	1944228	29358876.000
06/01/2012	15.05	15.71	15.05	15.24	2647934	40900380.000
06/04/2012	14.93	14.93	14.31	14.45	1562317	22967558.000
06/05/2012	14.35	14.71	14.26	14.52	1017888	14790008.000
06/06/2012	14.47	14.70	14.26	14.40	744248	10796617.000
06/07/2012	14.53	15.03	14.35	14.61	1034332	15229283.000
06/08/2012	14.74	14.90	14.40	14.63	1048430	15437415.000
06/11/2012	14.58	16.01	14.58	15.80	4141209	64321192.000
06/12/2012	15.60	15.70	15.25	15.31	2433582	37730984.000
06/13/2012	15.28	16.85	15.28	16.85	4861848	80042800.000
06/14/2012	17.25	17.25	16.45	17.06	6490296	110041264.000
06/15/2012	16.95	17.03	16.34	16.62	3245441	54082956.000
06/18/2012	16.62	17.33	16.40	17.08	3718355	62903736.000
06/19/2012	16.89	16.93	16.35	16.40	2324532	38586800.000
06/20/2012	16.33	16.81	16.29	16.38	1569685	25993002.000
06/21/2012	16.31	16.53	15.60	15.67	1864310	29678410.000
06/25/2012	15.60	15.79	15.49	15.50	1167510	18327914.000
06/26/2012	15.36	15.54	14.76	15.47	1514139	23008564.000
06/27/2012	15.37	16.01	15.33	15.75	1684357	26525946.000
06/28/2012	15.75	15.93	15.25	15.25	1384250	21769730.000
06/29/2012	15.10	15.35	14.64	15.31	1359571	20406306.000
07/02/2012	15.43	16.02	15.42	15.84	1480515	23380722.000
07/03/2012	15.95	16.20	15.61	15.90	1591993	25470192.000
07/04/2012	15.75	16.17	15.64	15.76	1492344	23811910.000
07/05/2012	15.61	15.85	15.05	15.07	1368357	21320244.000
07/06/2012	15.26	15.26	14.50	15.14	1645557	24516320.000
07/09/2012	14.95	15.03	14.45	14.45	919446	13635792.000
07/10/2012	14.06	14.45	14.00	14.14	950661	13564584.000
07/11/2012	14.05	14.25	14.05	14.13	556768	7904187.500
07/12/2012	14.06	14.54	14.06	14.44	761775	10951213.000
07/13/2012	14.22	14.22	12.99	12.99	2345428	30738814.000
07/16/2012	12.73	12.73	11.96	12.05	1325882	16319536.000
07/17/2012	12.10	12.26	11.99	12.12	432978	5276138.000
07/18/2012	12.00	12.16	11.85	12.13	556778	6701795.500
07/19/2012	12.14	12.58	12.05	12.48	951250	11801552.000
07/20/2012	12.51	12.53	12.32	12.37	498810	6212572.000
07/23/2012	12.37	12.37	12.04	12.20	429335	5243384.000
07/24/2012	12.15	12.45	12.08	12.34	407190	5028311.500
07/25/2012	12.32	12.64	12.25	12.39	593827	7416330.500
07/26/2012	12.51	12.52	12.15	12.16	472104	5838366.500
07/27/2012	12.24	12.31	12.12	12.25	344496	4222643.000
07/30/2012	12.25	12.34	11.83	11.95	547251	6604443.000
07/31/2012	11.96	12.03	11.47	11.64	445787	5205051.500
08/01/2012	11.72	11.91	11.66	11.83	271600	3223249.750
08/02/2012	11.86	11.95	11.59	11.87	276341	3281089.500
08/03/2012	11.94	12.29	11.80	12.29	430569	5217385.500
08/06/2012	12.15	12.64	12.15	12.62	656003	8221332.000
08/07/2012	12.90	12.90	12.46	12.82	560620	7111573.000
08/08/2012	12.74	12.78	12.48	12.56	459693	5818658.000
08/09/2012	12.55	12.92	12.51	12.79	847912	10815413.000
08/10/2012	12.70	12.84	12.57	12.65	526690	6678520.500
08/13/2012	12.48	12.57	12.18	12.20	486122	6077927.500
08/14/2012	12.18	12.29	11.98	12.25	484742	5912837.000
08/15/2012	12.17	12.28	12.11	12.17	236569	2899657.750
08/16/2012	12.18	12.25	12.02	12.03	334400	4069679.000
08/17/2012	12.02	12.05	11.87	12.05	392316	4713983.500
08/20/2012	12.07	12.34	11.77	12.31	585283	7109228.500
08/21/2012	12.94	13.55	12.93	13.55	2446006	33134696.000
08/22/2012	14.75	14.80	14.11	14.39	6282649	90975928.000
08/23/2012	14.20	14.63	13.76	14.04	3589213	51129748.000
08/24/2012	13.87	14.29	13.56	13.65	1906483	26693392.000
08/27/2012	13.36	13.92	13.27	13.49	1506317	20591022.000
08/28/2012	13.43	13.73	13.16	13.59	1272085	17191184.000
08/29/2012	13.55	13.79	13.26	13.31	1296017	17648820.000
08/30/2012	13.11	13.24	12.05	12.60	1801356	22961110.000
08/31/2012	12.53	12.73	12.35	12.60	740548	9326328.000
09/03/2012	12.43	12.87	12.26	12.79	993017	12632000.000
09/04/2012	12.87	13.18	12.75	12.78	1118723	14546168.000
09/05/2012	12.80	13.10	12.45	13.05	1019301	13144908.000
09/06/2012	12.99	13.50	12.95	13.49	1468856	19592744.000
09/07/2012	13.67	14.10	13.49	13.81	2017311	27902022.000
09/10/2012	13.70	13.96	13.57	13.92	1540178	21266664.000
09/11/2012	13.93	14.22	13.75	13.79	1317965	18444466.000
09/12/2012	13.91	13.93	13.57	13.73	1080075	14847158.000
09/13/2012	13.75	13.91	13.55	13.57	995429	13715113.000
09/14/2012	13.65	13.72	13.35	13.45	847877	11498178.000
09/17/2012	13.54	13.54	12.54	12.54	1242396	16100769.000
09/18/2012	12.40	12.70	12.35	12.55	473292	5969651.500
09/19/2012	12.70	12.73	12.06	12.52	652006	8077414.500
09/20/2012	12.47	12.47	12.01	12.03	685964	8386405.000
09/21/2012	11.98	12.09	11.87	11.95	611314	7357342.000
09/24/2012	11.92	12.10	11.79	12.06	467303	5609196.500
09/25/2012	12.05	12.07	11.85	11.89	508704	6106543.500
09/26/2012	11.88	11.92	11.53	11.56	338817	3976542.500
09/27/2012	11.50	11.94	11.50	11.78	705874	8316379.500
09/28/2012	11.72	12.09	11.66	12.06	844028	10078322.000
10/08/2012	12.06	12.40	11.95	12.06	577129	6999209.000
10/09/2012	12.10	12.59	12.10	12.47	1224987	15233729.000
10/10/2012	12.43	12.58	12.38	12.58	794499	9947840.000
10/11/2012	12.45	12.45	12.07	12.18	914932	11262028.000
10/12/2012	12.11	12.29	11.98	12.09	538413	6554706.500
10/15/2012	11.67	11.70	10.95	11.15	1770469	20016708.000
10/16/2012	11.15	11.27	11.04	11.15	596766	6691234.500
10/17/2012	11.25	12.27	11.15	12.27	4344921	53055588.000
10/18/2012	11.96	12.16	11.80	12.05	3071413	36936052.000
10/19/2012	11.96	11.99	11.82	11.85	1429221	17055552.000
10/22/2012	11.82	11.88	11.66	11.87	923942	10930033.000
10/23/2012	11.81	11.88	11.56	11.59	974911	11476074.000
10/24/2012	11.46	11.63	11.35	11.50	1043458	12046455.000
10/25/2012	11.55	11.71	11.48	11.49	1029659	11997904.000
10/26/2012	11.40	11.50	11.08	11.17	811140	9149316.000
10/29/2012	11.16	11.27	10.97	11.24	468726	5234885.500
10/30/2012	11.24	11.32	11.04	11.10	426518	4776802.000
10/31/2012	11.26	11.45	11.15	11.39	735966	8350245.500
11/01/2012	11.43	11.64	11.25	11.52	1083296	12517122.000
11/02/2012	11.52	11.57	11.38	11.48	672441	7734612.500
11/05/2012	11.54	11.54	11.36	11.41	453180	5199761.000
11/06/2012	11.41	11.48	11.13	11.30	607314	6888072.500
11/07/2012	11.34	11.53	11.22	11.43	457203	5226240.500
11/08/2012	11.35	11.54	10.75	10.75	1206498	13438546.000
11/09/2012	10.81	10.81	10.33	10.42	1691662	17932626.000
11/12/2012	10.44	10.57	10.29	10.51	1595006	16718761.000
11/13/2012	10.81	11.05	10.31	10.32	2179622	23502134.000
11/14/2012	10.08	10.38	10.05	10.25	920178	9435442.000
11/15/2012	10.17	10.44	10.11	10.15	1076595	11098381.000
11/16/2012	10.17	10.85	10.17	10.60	3520848	37687772.000
11/19/2012	10.45	10.70	10.34	10.64	2122267	22510012.000
11/20/2012	10.65	10.90	10.44	10.73	2633421	28226554.000
11/21/2012	10.65	10.83	10.40	10.68	1709126	18225450.000
11/22/2012	10.70	10.70	10.45	10.51	1060390	11282764.000
11/23/2012	10.47	10.88	10.45	10.55	1862272	19947590.000
11/26/2012	10.56	10.57	10.10	10.15	1430794	14854883.000
11/27/2012	10.05	10.08	9.56	9.56	1782893	17460048.000
11/28/2012	9.50	9.55	9.35	9.42	811475	7706888.000
11/29/2012	9.45	9.55	9.38	9.45	618274	5889942.000
11/30/2012	9.43	9.67	9.42	9.57	742293	7140117.500
12/03/2012	9.49	9.60	9.12	9.12	932778	8715022.000
12/04/2012	9.15	9.30	8.98	9.27	646837	5949213.500
12/05/2012	9.29	9.75	9.10	9.60	1581458	15195482.000
12/06/2012	9.67	9.75	9.56	9.62	1041098	10084993.000
12/07/2012	9.65	9.88	9.50	9.84	1533406	15009029.000
12/10/2012	9.93	10.14	9.78	10.07	1607333	16161637.000
12/11/2012	10.06	10.06	9.89	9.91	1092520	10926625.000
12/12/2012	9.93	10.12	9.78	10.09	1259773	12634107.000
12/13/2012	10.04	10.10	9.85	9.90	982414	9817595.000
12/14/2012	9.85	10.40	9.84	10.35	1770624	18136292.000
12/17/2012	10.38	10.41	10.20	10.31	1133936	11726755.000
12/18/2012	10.30	10.40	10.15	10.18	1212312	12494793.000
12/19/2012	10.20	10.31	10.19	10.29	867904	8946457.000
12/20/2012	10.30	10.54	10.15	10.27	1553193	16087207.000
12/21/2012	10.33	10.43	10.17	10.36	1324864	13706880.000
12/24/2012	10.35	10.59	10.33	10.42	1624423	17031360.000
12/25/2012	10.42	10.76	10.30	10.68	2777384	29554928.000
12/26/2012	10.63	11.16	10.58	10.96	3181474	34657404.000
12/27/2012	10.98	11.04	10.66	10.66	1986386	21553870.000
12/28/2012	10.72	10.98	10.57	10.86	1687694	18310520.000
12/31/2012	10.81	11.01	10.81	10.88	1271339	13901011.000
01/04/2013	11.03	11.05	10.66	10.73	1129173	12274195.000
01/07/2013	10.73	11.05	10.68	11.05	1525008	16686040.000
01/08/2013	11.05	11.35	10.74	11.05	4105231	45643828.000
01/09/2013	11.02	11.26	10.93	11.01	2553518	28482394.000
01/10/2013	11.01	11.22	10.96	11.21	2476112	27615616.000
01/11/2013	11.25	11.25	10.85	10.88	2152339	23972610.000
01/14/2013	10.94	11.48	10.94	11.40	3259865	36822604.000
01/15/2013	11.45	11.93	11.30	11.60	6249306	73075104.000
01/16/2013	11.60	11.73	11.27	11.51	3399148	39226788.000
01/17/2013	11.46	11.53	11.17	11.20	1848634	20997454.000
01/18/2013	11.23	11.43	11.20	11.40	1820468	20719110.000
01/21/2013	11.41	11.47	11.33	11.45	1523955	17445282.000
01/22/2013	11.50	11.50	11.01	11.02	2630951	29583376.000
01/23/2013	11.01	11.15	10.77	10.93	2124797	23409618.000
01/24/2013	10.93	11.08	10.50	10.58	2565128	27838806.000
01/25/2013	10.55	10.68	10.43	10.47	1412788	14964958.000
01/28/2013	10.50	10.79	10.45	10.70	2963110	31563500.000
01/29/2013	10.76	11.44	10.74	11.14	5562602	62064384.000
01/30/2013	11.06	11.25	10.91	11.19	2790470	31105732.000
01/31/2013	11.20	11.23	10.85	10.95	3716179	41014696.000
02/01/2013	10.95	11.08	10.83	10.90	2358518	25894808.000
02/04/2013	10.93	10.99	10.63	10.69	1966862	21280654.000
02/05/2013	10.63	10.83	10.60	10.80	1028494	11092113.000
02/06/2013	10.77	10.97	10.77	10.83	1222852	13364310.000
02/07/2013	10.91	11.03	10.79	11.01	1513225	16620014.000
02/08/2013	11.01	11.20	11.01	11.13	1788726	19973408.000
02/18/2013	11.21	11.56	11.15	11.45	3178296	36375012.000
02/19/2013	11.49	11.72	11.25	11.29	2375195	27258506.000
02/20/2013	11.40	12.40	11.38	12.02	6211927	74528448.000
02/21/2013	11.83	12.04	11.58	11.77	4254103	50481192.000
02/22/2013	11.85	12.10	11.71	11.83	2475060	29485858.000
02/25/2013	11.79	12.40	11.79	12.21	4369587	53447792.000
02/26/2013	12.05	12.20	11.63	11.65	3861249	46196404.000
02/27/2013	11.69	11.83	11.36	11.82	3386545	39421952.000
02/28/2013	11.70	12.12	11.63	11.89	3258085	38907376.000
03/01/2013	11.89	12.42	11.68	12.40	6259172	76016928.000
03/04/2013	12.25	12.70	11.93	12.07	5687843	70179224.000
03/05/2013	12.09	12.13	11.63	12.11	3317237	39683468.000
03/06/2013	12.10	12.30	11.95	12.00	3588274	43657360.000
03/07/2013	11.95	12.10	11.68	11.83	2269894	27059598.000
03/08/2013	11.83	11.92	11.70	11.73	1473728	17499196.000
03/11/2013	11.68	12.00	11.68	11.80	1292811	15392218.000
03/12/2013	11.81	11.88	11.15	11.30	2367901	27245618.000
03/13/2013	11.25	11.32	10.88	11.05	1820382	20226226.000
03/14/2013	11.02	11.19	10.97	11.04	796340	8865597.000
03/15/2013	11.00	11.22	10.91	11.06	1395986	15541342.000
03/18/2013	10.97	11.13	10.75	10.75	1047630	11513027.000
03/19/2013	10.80	10.93	10.46	10.77	1170229	12530713.000
03/20/2013	10.75	11.12	10.73	11.10	1504283	16576937.000
03/21/2013	11.10	11.43	11.10	11.24	1883312	21323144.000
03/22/2013	11.23	11.31	11.15	11.27	923563	10420662.000
03/25/2013	11.31	11.32	11.07	11.14	978081	10983647.000
03/26/2013	11.04	11.04	10.63	10.64	2743935	29591638.000
03/27/2013	10.66	10.79	10.54	10.67	1389341	14901112.000
03/28/2013	10.55	10.55	10.26	10.27	1273095	13323176.000
03/29/2013	10.29	10.35	10.15	10.17	967088	9972334.000
04/01/2013	10.08	10.32	10.01	10.23	1190062	12214597.000
04/02/2013	10.26	10.32	10.11	10.11	886572	9081206.000
04/03/2013	10.09	10.20	9.95	10.02	890726	8975077.000
04/08/2013	9.94	10.02	9.74	10.02	1202185	11897500.000
04/09/2013	9.98	10.16	9.98	10.13	1009149	10240525.000
04/10/2013	10.13	10.16	10.03	10.12	587931	5963387.500
04/11/2013	10.18	10.25	10.09	10.13	684174	6999439.500
04/12/2013	10.17	10.17	9.97	9.98	463403	4690508.500
04/15/2013	9.89	10.01	9.79	9.81	485603	4812122.000
04/16/2013	9.75	9.96	9.69	9.95	411066	4065090.250
04/17/2013	9.95	10.07	9.89	10.06	467317	4680897.500
04/18/2013	9.97	10.12	9.92	10.10	603354	6096984.000
04/19/2013	10.11	10.31	10.08	10.24	1340426	13784851.000
04/22/2013	10.11	10.25	10.11	10.25	819733	8399010.000
04/23/2013	10.24	10.27	9.89	10.01	1285255	12960536.000
04/24/2013	10.00	10.21	9.93	10.18	912164	9247601.000
04/25/2013	10.20	10.26	10.01	10.01	1037327	10574148.000
04/26/2013	9.98	10.14	9.75	9.86	872862	8719852.000
05/02/2013	9.82	9.99	9.76	9.99	449647	4472644.000
05/03/2013	10.02	10.21	10.01	10.15	848853	8645908.000
05/06/2013	10.15	10.38	10.15	10.36	1283927	13304543.000
05/07/2013	10.37	10.49	10.27	10.36	946694	9867646.000
05/08/2013	10.36	10.50	10.30	10.49	1391755	14555361.000
05/09/2013	10.55	10.99	10.55	10.82	3651581	39728536.000
05/10/2013	10.69	11.33	10.63	11.31	3736402	41350072.000
05/13/2013	11.28	11.32	11.09	11.23	1627294	18271838.000
05/14/2013	11.21	11.21	10.91	10.98	1294081	14314262.000
05/15/2013	10.95	11.31	10.84	11.20	1072455	11941949.000
05/16/2013	11.19	11.35	10.91	10.95	1651304	18411290.000
05/17/2013	11.02	12.05	10.88	12.04	4758652	55770176.000
05/20/2013	12.25	13.25	12.25	12.94	7732980	99229184.000
05/21/2013	12.90	13.03	12.62	12.91	2697067	34678188.000
05/22/2013	12.91	12.94	12.37	12.54	2646600	33483678.000
05/23/2013	12.40	12.60	12.05	12.22	2162948	26666676.000
05/24/2013	12.24	12.55	12.10	12.47	2119211	26277712.000
05/27/2013	12.45	12.77	12.35	12.57	2105941	26406724.000
05/28/2013	12.47	13.24	12.20	13.23	4562612	58529072.000
05/29/2013	13.61	14.20	13.47	13.90	5726681	79280336.000
05/30/2013	13.59	14.33	13.47	13.76	3718653	51927556.000
05/31/2013	13.77	13.88	13.50	13.57	2679058	36805076.000
06/03/2013	13.72	13.77	12.72	12.89	2818144	37199592.000
06/04/2013	12.86	13.04	12.18	12.36	2146292	26818614.000
06/05/2013	12.45	12.52	12.02	12.37	1195511	14796075.000
06/06/2013	12.37	12.56	12.22	12.30	933344	11582513.000
06/07/2013	13.53	13.53	13.37	13.53	8284981	112333008.000
06/13/2013	13.53	14.17	13.20	13.88	10801472	148278272.000
06/14/2013	13.88	14.26	13.29	13.92	7571544	104777368.000
06/17/2013	13.75	14.99	13.72	13.92	8893363	127160680.000
06/18/2013	13.78	13.92	13.03	13.47	6367587	86209232.000
06/19/2013	13.23	13.71	13.17	13.59	3195390	43086360.000
06/20/2013	13.37	14.31	12.85	13.13	5549308	76469048.000
06/21/2013	12.57	12.90	12.03	12.54	3357729	42028516.000
06/24/2013	12.57	12.82	11.53	11.57	4002284	49200676.000
06/25/2013	11.46	11.75	10.41	11.49	4081244	45062172.000
06/26/2013	11.37	12.05	11.22	11.81	3521613	41314612.000
06/27/2013	11.81	12.34	11.39	11.42	4071762	48409536.000
06/28/2013	11.33	11.72	10.78	10.85	2597865	29168410.000
07/01/2013	10.82	11.30	10.76	11.28	1798702	19887966.000
07/02/2013	11.22	11.76	11.17	11.72	2431769	28099430.000
07/03/2013	11.74	11.74	11.11	11.49	2791918	31969156.000
07/04/2013	11.32	11.83	11.22	11.58	2277977	26466592.000
07/05/2013	11.58	11.79	11.35	11.38	3122833	36418636.000
07/08/2013	11.12	11.25	10.24	10.62	2665761	28617556.000
07/09/2013	10.58	10.74	10.48	10.70	1200484	12810366.000
07/10/2013	10.57	10.97	10.48	10.91	1335328	14473130.000
07/11/2013	11.02	11.33	10.85	11.13	2162029	24086386.000
07/12/2013	11.13	11.57	11.08	11.13	2661538	30326080.000
07/15/2013	11.31	11.50	11.14	11.46	1722189	19619382.000
07/16/2013	11.55	12.23	11.37	12.03	5088331	60630684.000
07/17/2013	12.00	13.17	11.88	12.88	6138447	77039200.000
07/18/2013	12.62	13.38	12.52	13.19	5056578	65664120.000
07/19/2013	12.99	13.46	12.53	12.55	3599549	46547916.000
07/22/2013	12.49	13.16	12.38	12.77	4522273	57981596.000
07/23/2013	12.77	13.24	12.52	13.23	4958440	64117232.000
07/24/2013	13.17	13.75	13.07	13.67	4917385	65943892.000
07/25/2013	13.57	13.66	12.50	12.54	5774716	75048304.000
07/26/2013	12.50	12.76	11.98	12.57	2914650	36083024.000
07/29/2013	12.55	12.94	12.27	12.87	2757679	35212108.000
07/30/2013	12.82	12.93	12.24	12.75	1787427	22594340.000
07/31/2013	12.77	13.39	12.61	13.26	3257661	42919360.000
08/01/2013	13.27	13.82	13.12	13.65	3882990	52751472.000
08/02/2013	13.58	14.13	13.42	13.46	3949785	54590064.000
08/05/2013	13.49	13.67	13.33	13.55	2204649	29753424.000
08/06/2013	13.55	14.91	13.54	14.91	3791247	55693156.000
08/07/2013	15.22	15.40	14.12	14.45	8076068	118823440.000
08/08/2013	14.15	14.42	13.89	14.25	3865779	54817664.000
08/09/2013	14.24	14.26	13.55	13.77	3645294	50597940.000
08/12/2013	14.08	14.23	13.38	13.85	4339834	59941232.000
08/13/2013	13.82	14.12	13.67	13.91	2674766	37376128.000
08/14/2013	14.04	14.04	13.57	13.68	1992003	27461584.000
08/15/2013	13.76	14.17	13.56	13.95	2756758	38415420.000
08/16/2013	13.88	14.06	13.05	13.07	2816494	38523552.000
08/19/2013	12.87	13.37	12.85	13.28	2587356	33974904.000
08/20/2013	13.38	13.61	13.28	13.49	2129776	28721378.000
08/21/2013	13.52	14.13	13.35	14.10	2884871	39987544.000
08/22/2013	14.10	14.27	13.86	14.15	2264764	31816304.000
08/23/2013	14.11	14.41	13.46	13.90	2426814	34057584.000
08/26/2013	13.96	14.67	13.82	14.36	2743332	39562068.000
08/27/2013	14.39	14.66	14.32	14.50	2448481	35556840.000
08/28/2013	14.39	14.39	13.95	14.06	1850001	26218638.000
08/29/2013	13.96	14.07	13.60	13.66	1736887	24012970.000
08/30/2013	13.62	13.82	12.83	12.99	2091511	27832056.000
09/02/2013	12.99	13.37	12.85	13.33	1405493	18581082.000
09/03/2013	13.33	13.72	13.19	13.45	2008868	27156658.000
09/04/2013	13.55	13.55	13.15	13.33	1297253	17281614.000
09/05/2013	13.33	13.49	12.97	13.26	1784905	23697926.000
09/06/2013	13.15	13.35	12.99	13.32	1642093	21693862.000
09/09/2013	13.34	13.55	13.23	13.40	1855795	24883632.000
09/10/2013	13.40	13.85	13.28	13.78	4956807	67530976.000
09/11/2013	13.72	13.76	13.12	13.13	2831190	37737752.000
09/12/2013	13.07	13.27	12.97	13.04	1834292	24055436.000
09/13/2013	13.07	13.20	13.04	13.15	1487961	19573696.000
09/16/2013	13.21	13.46	13.10	13.34	1869441	24991454.000
09/17/2013	13.41	13.41	12.79	12.82	1995301	26053762.000
09/18/2013	12.78	12.96	12.67	12.90	997609	12812816.000
09/23/2013	12.98	13.34	12.95	13.31	1570132	20753250.000
09/24/2013	13.19	13.62	13.19	13.41	2135275	28773822.000
09/25/2013	13.54	13.95	13.39	13.69	3254575	44902128.000
09/26/2013	13.60	13.72	13.37	13.42	1968788	26649232.000
09/27/2013	13.50	13.96	13.37	13.81	2356994	32466586.000
09/30/2013	13.96	14.19	13.74	13.95	2331766	32707478.000
10/08/2013	13.97	14.55	13.91	14.24	2362073	33775748.000
10/09/2013	14.22	14.38	13.96	14.17	2746691	38823672.000
10/10/2013	14.14	14.25	13.67	13.71	2430146	33768908.000
10/11/2013	13.75	13.94	13.72	13.88	1850465	25642496.000
10/14/2013	13.87	14.42	13.77	14.37	2986379	42599628.000
10/15/2013	14.05	14.05	13.53	13.66	4032130	55540252.000
10/16/2013	13.50	13.73	12.78	13.00	3056695	39960456.000
10/17/2013	12.99	13.43	12.96	13.12	2816790	37283256.000
10/18/2013	13.07	13.15	12.75	13.09	2010559	26103538.000
10/21/2013	13.13	13.82	13.09	13.71	3333422	45341220.000
10/22/2013	13.81	15.08	13.63	15.08	10735628	157869280.000
10/23/2013	15.13	15.65	14.55	14.74	8341833	125775984.000
10/24/2013	14.64	15.40	14.07	14.45	7479129	110365656.000
10/25/2013	14.47	15.11	14.30	14.87	6809411	100854048.000
10/28/2013	14.67	14.67	13.73	14.03	5642658	79799992.000
10/29/2013	13.96	14.27	12.62	12.62	5992067	78668176.000
10/30/2013	12.53	12.72	12.30	12.67	2534092	31941016.000
10/31/2013	12.66	12.84	12.35	12.42	3501021	44043268.000
11/01/2013	12.32	12.70	12.09	12.57	2516741	31418902.000
11/04/2013	12.57	13.16	12.52	12.92	2399541	30953028.000
11/05/2013	13.05	13.38	12.82	13.27	1896844	24975036.000
11/06/2013	13.28	13.41	12.87	12.96	1732685	22822710.000
11/07/2013	12.96	13.31	12.67	12.76	1846715	24144964.000
11/08/2013	12.72	12.94	12.42	12.72	1272706	16160945.000
11/11/2013	12.62	13.00	12.47	12.85	949000	12181454.000
11/12/2013	12.81	13.28	12.78	13.21	1619666	21275248.000
11/13/2013	13.12	13.21	12.70	12.70	1270770	16409155.000
11/14/2013	12.64	13.22	12.54	13.14	1724373	22470938.000
11/15/2013	13.07	13.74	13.07	13.60	2834519	38465416.000
11/18/2013	13.58	13.90	13.47	13.81	2588882	35486260.000
11/19/2013	13.77	14.07	13.65	13.86	2152097	29884620.000
11/20/2013	13.72	14.05	13.65	13.99	1689145	23355192.000
11/21/2013	14.03	14.49	13.88	13.96	2683190	38198588.000
11/22/2013	13.95	14.17	13.52	13.77	1791958	24759682.000
11/25/2013	13.75	14.36	13.59	14.13	2218386	31424874.000
11/26/2013	14.17	14.65	13.87	14.65	3520748	50711644.000
11/27/2013	14.66	14.88	14.44	14.56	3209018	47064176.000
11/28/2013	14.56	14.89	14.42	14.60	2277794	33443132.000
11/29/2013	14.98	16.06	14.98	16.06	3987955	63629808.000
12/02/2013	15.67	17.12	14.57	14.87	11867086	188935552.000
12/03/2013	14.06	15.27	14.03	14.72	5879028	85731136.000
12/04/2013	14.67	15.95	14.63	15.37	5549806	85813088.000
12/05/2013	15.28	15.49	14.08	14.12	6418879	94279720.000
12/06/2013	14.13	14.26	13.83	13.85	3827849	53752156.000
12/09/2013	13.89	14.32	13.88	14.17	2615646	37044860.000
12/10/2013	14.17	14.28	13.75	13.87	2507821	35072924.000
12/11/2013	13.95	14.25	13.85	13.96	2474008	34783616.000
12/12/2013	13.89	14.32	13.87	14.17	3012907	42547952.000
12/13/2013	14.07	14.86	13.98	14.77	5078584	73928816.000
01/15/2014	15.17	16.25	15.00	15.34	7656768	118847704.000
01/16/2014	15.16	15.66	14.81	15.23	3803953	57781488.000
01/17/2014	15.02	15.24	14.70	14.97	3322365	49809840.000
01/20/2014	14.96	15.37	14.87	15.29	3238113	49125384.000
01/21/2014	15.15	15.37	14.94	15.26	2909047	44156444.000
01/22/2014	15.23	15.52	15.12	15.52	3400678	52453048.000
01/23/2014	15.73	16.15	15.57	15.68	3613128	57286396.000
01/24/2014	15.61	16.48	15.56	16.10	4783068	77299088.000
01/27/2014	16.12	16.45	15.82	16.14	2917225	47228852.000
01/28/2014	16.07	16.25	15.53	15.67	2365714	37293800.000
01/29/2014	15.76	15.92	15.59	15.83	1809680	28580904.000
01/30/2014	15.87	15.87	15.35	15.65	1432958	22395224.000
02/07/2014	15.49	16.07	15.40	16.06	1668989	26556044.000
02/10/2014	16.24	16.90	16.05	16.69	3363328	55413208.000
02/11/2014	16.66	17.25	16.38	17.12	4183184	70908600.000
02/12/2014	17.19	17.62	16.89	17.10	3114044	53725404.000
02/13/2014	17.00	17.24	16.45	16.57	2403358	40599624.000
02/14/2014	16.48	17.12	16.48	16.94	2134430	35925952.000
02/17/2014	17.05	17.46	16.84	17.40	2111859	36454600.000
02/18/2014	17.40	17.51	17.01	17.17	2254193	38926064.000
02/19/2014	17.13	17.31	16.77	17.02	1832664	31158912.000
02/20/2014	17.08	17.11	16.38	16.42	2180379	36233196.000
02/21/2014	16.37	16.64	16.29	16.63	1540017	25416424.000
02/24/2014	16.63	17.19	16.25	17.19	2701361	45486380.000
02/25/2014	17.24	17.37	15.85	15.90	3525506	58234280.000
02/26/2014	16.37	16.86	15.48	15.91	2315415	37785284.000
02/27/2014	16.71	17.50	16.17	17.37	13254010	229881312.000
02/28/2014	16.27	16.35	15.63	15.63	3175300	50223968.000
03/03/2014	15.18	16.06	15.03	15.71	7420816	114523928.000
03/04/2014	15.52	15.56	15.28	15.42	2579396	39823848.000
03/05/2014	15.57	15.72	15.38	15.45	2132984	33264128.000
03/06/2014	15.27	15.62	15.18	15.58	1687383	26116716.000
03/07/2014	15.58	15.66	15.32	15.37	1609638	25000756.000
03/11/2014	14.32	14.74	13.98	14.49	3125498	45200772.000
03/12/2014	14.49	14.57	13.97	14.40	1682418	24078878.000
03/13/2014	14.42	14.72	14.22	14.67	1215076	17666686.000
03/14/2014	14.57	14.80	14.48	14.77	1105657	16202682.000
03/17/2014	14.82	15.09	14.62	15.03	1134608	16930826.000
03/18/2014	15.00	15.16	14.97	14.99	1243874	18741098.000
03/19/2014	15.01	15.14	14.70	15.11	1375349	20540566.000
03/20/2014	15.07	15.23	14.57	14.64	1218438	18194292.000
03/21/2014	14.50	15.05	14.22	15.05	5612619	81515544.000
03/24/2014	14.87	15.12	14.67	15.12	2483822	37219320.000
03/25/2014	14.97	15.77	14.82	15.08	5700003	87165616.000
03/26/2014	14.98	15.22	14.80	14.90	3249270	48874728.000
03/27/2014	14.94	14.94	14.20	14.22	2189874	31967186.000
03/28/2014	14.22	14.40	13.69	13.76	2075200	29080578.000
03/31/2014	13.81	14.02	13.59	13.85	1210541	16780996.000
04/01/2014	13.85	14.13	13.85	14.08	926689	13027276.000
04/02/2014	14.05	14.13	13.83	13.91	932781	13025381.000
04/03/2014	14.00	14.06	13.85	13.92	781922	10930853.000
04/04/2014	13.92	14.13	13.87	14.10	840310	11831298.000
04/08/2014	14.04	14.26	13.97	14.24	1172027	16598188.000
04/09/2014	14.24	14.43	14.24	14.37	1146091	16479083.000
04/10/2014	14.37	14.67	14.35	14.43	1896626	27588328.000
04/11/2014	14.34	14.34	14.05	14.26	1088638	15503607.000
04/14/2014	14.27	14.49	14.14	14.49	979489	14067505.000
04/15/2014	14.46	14.50	14.28	14.32	945167	13635187.000
04/16/2014	14.25	14.44	14.24	14.32	858522	12333473.000
04/17/2014	14.37	14.54	14.29	14.47	869152	12605736.000
04/18/2014	14.47	14.77	14.43	14.70	1369115	20129842.000
04/21/2014	14.71	14.85	14.37	14.37	1307239	19188600.000
04/22/2014	14.37	14.47	13.92	14.08	1789172	25274778.000
04/23/2014	14.08	14.15	13.97	14.03	730673	10285993.000
04/24/2014	13.94	14.15	13.62	13.81	1532576	21278122.000
04/25/2014	13.74	13.93	13.48	13.49	1000736	13743515.000
04/28/2014	13.49	13.70	13.32	13.38	1130828	15277617.000
04/29/2014	13.39	13.60	13.33	13.57	594821	8014676.000
04/30/2014	13.63	13.73	13.52	13.67	677339	9264888.000
05/05/2014	13.67	13.86	13.64	13.79	653045	9012577.000
05/06/2014	13.79	14.03	13.77	13.96	846957	11818993.000
05/07/2014	13.94	13.94	13.68	13.75	706839	9760161.000
05/08/2014	13.92	14.81	13.78	14.12	2121720	30466766.000
05/09/2014	13.92	14.22	13.75	14.07	1841613	25741066.000
05/12/2014	14.10	14.42	14.05	14.32	1192130	17017634.000
05/13/2014	14.32	14.46	14.13	14.32	758091	10865636.000
05/14/2014	14.33	14.39	14.20	14.29	631617	9064524.000
05/15/2014	14.30	14.33	13.87	13.89	831969	11722921.000
05/16/2014	13.83	13.94	13.52	13.72	1033547	14182881.000
05/19/2014	13.67	13.96	13.67	13.92	576885	8017173.500
05/20/2014	14.12	14.26	14.06	14.10	771196	10939739.000
05/21/2014	14.16	14.37	14.01	14.35	1042554	14893710.000
05/22/2014	14.73	15.57	14.56	14.78	5396905	81291480.000
05/23/2014	14.57	14.89	14.44	14.71	2486439	36385188.000
05/26/2014	14.77	15.09	14.67	15.09	2819689	42184880.000
05/27/2014	14.97	15.15	14.86	14.89	1843304	27576494.000
05/28/2014	14.84	15.00	14.84	14.95	1553500	23198074.000
05/29/2014	14.95	15.11	14.65	14.67	1492439	22201066.000
05/30/2014	14.68	14.91	14.56	14.80	1240839	18277518.000
06/03/2014	14.83	14.99	14.70	14.92	1693381	25147826.000
06/04/2014	14.82	15.22	14.81	15.21	2746602	41306304.000
06/05/2014	15.12	15.32	15.07	15.30	2725299	41390740.000
06/06/2014	15.30	15.39	15.11	15.18	1935669	29492008.000
06/09/2014	15.18	15.23	14.92	14.95	1205323	18195944.000
06/10/2014	14.93	15.17	14.81	15.16	1596815	24017328.000
06/11/2014	15.12	15.69	15.06	15.40	2615458	40391492.000
06/12/2014	15.40	15.68	15.31	15.33	2374551	36784420.000
06/13/2014	15.40	15.86	15.28	15.78	2830509	44383200.000
06/16/2014	15.89	16.05	15.68	15.76	2101780	33232048.000
06/17/2014	15.76	15.76	15.55	15.61	1652994	25823704.000
06/18/2014	15.58	15.67	15.27	15.30	1577088	24306586.000
06/19/2014	15.30	15.48	14.75	14.89	1677012	25436036.000
06/20/2014	14.81	15.01	14.63	15.00	1575665	23427702.000
06/23/2014	15.15	15.46	15.02	15.45	2051842	31405968.000
06/24/2014	15.44	15.59	15.14	15.33	2616599	40237732.000
06/25/2014	15.21	15.44	15.11	15.37	1668802	25467188.000
06/26/2014	15.40	15.85	15.37	15.73	3075245	48280608.000
06/27/2014	15.75	16.06	15.66	15.90	3020606	47950016.000
06/30/2014	15.90	16.47	15.76	16.38	3898020	63207748.000
07/01/2014	16.28	16.47	16.15	16.33	2168428	35353148.000
07/02/2014	16.35	16.84	16.31	16.82	3848299	63965740.000
07/03/2014	16.85	17.37	16.60	16.61	3780175	64072832.000
07/04/2014	16.61	17.28	16.55	17.19	3460069	58831412.000
07/07/2014	17.12	17.36	16.80	17.09	2007855	34280172.000
07/08/2014	17.01	17.19	16.87	17.09	2284616	38807428.000
07/09/2014	17.06	17.98	16.91	17.55	4261595	74713880.000
07/10/2014	17.32	17.95	17.32	17.54	2066181	36461528.000
07/11/2014	17.40	17.60	17.18	17.18	2129754	37009276.000
07/14/2014	17.20	17.56	17.02	17.44	2289893	39513204.000
07/15/2014	17.26	17.30	16.62	16.67	3300211	55569860.000
07/16/2014	16.67	16.98	16.42	16.53	1875152	31329120.000
07/17/2014	16.51	16.79	16.25	16.51	1672776	27547960.000
07/18/2014	16.49	16.69	16.38	16.57	1007925	16707497.000
07/21/2014	16.68	17.20	16.62	17.17	2593398	43904600.000
07/22/2014	17.10	17.44	17.02	17.23	2460835	42477668.000
07/23/2014	17.11	17.36	16.68	16.80	1885328	31992518.000
07/24/2014	16.73	17.36	16.62	17.23	3343520	56922864.000
07/25/2014	17.14	17.60	17.10	17.58	2133919	37286636.000
07/28/2014	17.60	17.85	17.33	17.64	2781119	49008588.000
07/29/2014	17.65	18.20	17.53	18.03	3499552	62615300.000
07/30/2014	18.04	18.57	18.00	18.42	3207885	58991952.000
07/31/2014	18.40	18.40	18.00	18.12	2550637	46377524.000
08/01/2014	17.84	18.49	17.60	18.17	4374254	78684576.000
08/04/2014	18.01	18.32	17.70	17.81	2341044	41955560.000
08/05/2014	17.83	18.70	17.81	18.47	3274758	59981332.000
08/06/2014	18.45	18.86	18.21	18.84	2439964	45269948.000
08/07/2014	18.88	19.23	18.41	18.70	1971475	37074268.000
08/08/2014	18.70	18.93	18.62	18.78	1197365	22472370.000
08/11/2014	18.98	19.65	18.90	19.59	2556194	49489328.000
08/12/2014	19.77	19.79	19.11	19.18	2960353	57317804.000
08/13/2014	19.18	19.53	18.81	19.45	2847560	54631556.000
08/14/2014	19.89	19.89	19.15	19.15	1801305	35072548.000
08/15/2014	19.09	19.54	19.01	19.05	1945118	37343172.000
08/18/2014	18.97	19.35	18.70	19.28	2630299	50082484.000
08/19/2014	19.40	19.52	19.12	19.27	1513288	29211258.000
08/20/2014	19.15	19.98	19.15	19.52	1869338	36818568.000
08/21/2014	19.70	19.99	19.35	19.82	1426652	28218766.000
08/22/2014	20.00	20.79	19.95	20.65	2504553	51254136.000
08/25/2014	20.68	21.02	20.33	20.76	2123988	43994148.000
08/26/2014	20.84	21.28	20.10	20.34	2639745	53722276.000
08/27/2014	20.60	20.60	20.15	20.22	1341268	27266656.000
08/28/2014	20.38	20.38	19.90	19.92	1646052	33147920.000
08/29/2014	19.95	20.25	19.50	20.25	2160114	42834796.000
09/01/2014	20.27	20.50	19.92	20.47	2317505	46987688.000
09/02/2014	20.47	20.85	20.25	20.71	2475389	50709960.000
09/03/2014	20.71	21.35	20.60	21.27	2178463	46098568.000
09/04/2014	21.21	21.30	20.90	21.25	1507047	31847076.000
09/05/2014	21.18	21.48	20.82	21.45	2470676	52290516.000
09/09/2014	21.38	21.88	21.12	21.88	1772601	38312084.000
09/10/2014	21.90	22.50	21.31	22.50	1825763	39782852.000
09/11/2014	22.00	22.09	20.80	21.38	6464482	138685936.000
09/12/2014	21.09	21.90	20.90	21.29	3662549	77488016.000
09/15/2014	21.27	21.27	21.00	21.19	1768607	37371620.000
09/16/2014	21.55	21.92	21.19	21.69	3647791	78852976.000
09/17/2014	21.67	21.69	21.05	21.69	1715614	36571512.000
09/18/2014	21.60	22.10	21.23	22.10	2733938	59770704.000
09/19/2014	22.09	22.89	21.89	22.89	2926924	65799864.000
10/09/2014	24.18	25.18	23.18	25.18	5502471	133072968.000
10/10/2014	25.43	26.38	24.50	24.50	8879662	226498224.000
10/13/2014	24.26	24.95	23.51	24.20	3576800	86375648.000
10/14/2014	24.32	24.66	23.51	24.19	2662525	64113464.000
10/15/2014	23.79	24.44	23.32	24.10	2706209	64180584.000
10/16/2014	23.70	24.30	23.58	24.16	2176165	52087644.000
10/17/2014	24.25	24.25	23.05	23.95	1664952	39308412.000
10/20/2014	23.78	23.99	23.15	23.90	1947488	45957444.000
10/21/2014	23.79	23.81	23.18	23.39	1531583	35846864.000
10/22/2014	23.31	23.41	22.26	22.27	2483331	56708096.000
10/23/2014	22.22	22.23	20.86	20.93	3965031	84478024.000
10/24/2014	20.90	21.83	20.90	21.51	2706478	58201340.000
10/27/2014	21.32	21.92	21.32	21.43	1102267	23800898.000
10/28/2014	21.53	22.39	21.53	22.32	1580577	34995520.000
10/29/2014	22.50	22.80	22.25	22.26	1470529	33026632.000
10/30/2014	22.27	22.52	22.05	22.28	1657731	36929772.000
10/31/2014	22.20	22.47	21.55	21.70	2127891	46283440.000
数据来源:通达信
