300253 卫宁软件 日线
      日期	    开盘	    最高	    最低	    收盘	    成交量	    成交额
08/18/2011	10.51	11.34	10.51	10.59	9291443	410891488.000
08/19/2011	9.51	10.03	9.51	9.51	5409700	210882912.000
08/22/2011	9.51	9.83	9.37	9.72	3433837	133982936.000
08/23/2011	9.69	10.36	9.60	10.21	3350869	136075408.000
08/24/2011	10.31	10.50	9.84	9.90	2959723	122717336.000
08/25/2011	9.87	10.14	9.65	10.14	2382513	95903864.000
08/26/2011	10.04	10.79	10.03	10.60	3225177	136853968.000
08/29/2011	10.47	11.06	10.47	10.58	2694790	117472792.000
08/30/2011	10.59	10.87	10.09	10.11	2126691	90055088.000
08/31/2011	10.04	10.20	9.60	10.12	1731991	69616288.000
09/01/2011	10.08	10.21	9.71	9.75	1287301	51903584.000
09/02/2011	9.67	10.54	9.65	10.44	2266766	93188488.000
09/05/2011	10.24	10.72	10.12	10.16	2429172	102350936.000
09/06/2011	10.00	10.00	9.13	9.15	2298032	88361176.000
09/07/2011	9.19	9.46	9.19	9.42	1288567	48959416.000
09/08/2011	9.39	9.71	9.14	9.21	1350183	51982132.000
09/09/2011	9.21	9.31	8.87	9.00	1355780	49830260.000
09/13/2011	8.79	8.82	8.31	8.40	993037	34646736.000
09/14/2011	8.47	8.63	8.28	8.63	791389	27412186.000
09/15/2011	8.61	8.68	8.49	8.54	988624	34560580.000
09/16/2011	8.57	8.61	8.12	8.14	1320621	44709632.000
09/19/2011	8.04	8.04	7.70	7.72	942205	30121312.000
09/20/2011	7.63	7.86	7.60	7.72	625683	19780088.000
09/21/2011	7.75	8.03	7.67	8.02	909232	29362772.000
09/22/2011	7.89	7.99	7.72	7.80	750251	23984732.000
09/23/2011	7.56	7.94	7.50	7.87	702314	22277030.000
09/26/2011	7.77	7.98	7.72	7.74	620226	19918818.000
09/27/2011	7.83	7.89	7.53	7.68	523660	16410463.000
09/28/2011	7.69	7.77	7.30	7.32	731195	22338460.000
09/29/2011	7.23	7.29	7.00	7.02	564695	16363018.000
09/30/2011	6.89	7.14	6.89	7.09	369984	10613284.000
10/10/2011	7.10	7.21	7.02	7.08	279132	8117069.000
10/11/2011	7.29	7.43	7.04	7.16	652828	19402808.000
10/12/2011	7.10	7.64	7.10	7.63	846804	25862018.000
10/13/2011	7.59	7.97	7.57	7.85	1404437	44999756.000
10/14/2011	7.85	7.90	7.69	7.90	715743	22744972.000
10/17/2011	7.94	8.27	7.88	7.94	984750	32296056.000
10/18/2011	7.84	8.29	7.83	8.00	1716889	56883860.000
10/19/2011	8.04	8.19	7.65	7.83	667398	21329832.000
10/20/2011	7.72	7.83	7.39	7.52	481660	14975030.000
10/21/2011	7.44	7.53	7.15	7.18	629280	18749960.000
10/24/2011	7.24	7.84	6.97	7.82	678920	20644636.000
10/25/2011	7.81	8.21	7.72	8.15	1110863	36389172.000
10/26/2011	8.24	8.46	7.72	8.17	1206648	40351048.000
10/27/2011	8.10	8.50	8.09	8.27	1091197	37023980.000
10/28/2011	8.43	8.52	8.32	8.41	938975	32256112.000
10/31/2011	8.37	8.93	8.37	8.84	1547414	55034584.000
11/01/2011	8.69	9.29	8.67	9.18	1403022	51493124.000
11/02/2011	9.04	10.09	8.97	9.79	2272135	88188672.000
11/03/2011	9.74	10.17	9.34	9.39	2423446	96051040.000
11/04/2011	9.37	9.59	9.10	9.14	1431491	53936024.000
11/07/2011	9.14	9.44	9.02	9.38	1177275	44153564.000
11/08/2011	9.31	9.64	9.07	9.09	765243	28759598.000
11/09/2011	9.12	9.45	9.09	9.34	936538	35407836.000
11/10/2011	9.29	9.83	9.24	9.44	1468476	57500000.000
11/11/2011	9.40	9.69	9.27	9.28	745324	28668360.000
11/14/2011	9.34	9.80	9.34	9.64	831043	32587142.000
11/15/2011	9.76	10.19	9.66	9.91	814616	33004316.000
11/16/2011	10.01	10.24	9.42	9.56	1075609	42279128.000
11/17/2011	9.56	10.04	9.44	9.79	1258418	49691864.000
11/18/2011	9.72	10.15	9.64	9.83	1357310	54572600.000
11/21/2011	9.74	9.77	9.07	9.43	1257200	47965760.000
11/22/2011	9.28	9.60	9.26	9.60	800320	30790012.000
11/23/2011	9.66	9.99	9.64	9.77	602176	24027070.000
11/24/2011	9.60	9.95	9.59	9.79	453740	18077634.000
11/25/2011	9.79	10.14	9.67	9.97	799059	32243498.000
11/28/2011	10.01	10.11	9.81	10.09	775038	31483230.000
11/29/2011	10.16	10.21	9.87	10.04	974744	39634712.000
11/30/2011	10.09	10.39	9.64	10.31	1682197	68156832.000
12/01/2011	10.49	11.06	10.25	10.88	1914048	82677976.000
12/02/2011	10.66	10.81	10.42	10.52	1103514	47520380.000
12/05/2011	10.24	10.54	9.84	9.89	1095425	45243204.000
12/06/2011	9.79	10.62	9.79	10.53	982936	40643280.000
12/07/2011	10.43	10.92	10.37	10.77	766596	33303112.000
12/08/2011	10.72	11.46	10.51	11.19	1269393	56835364.000
12/09/2011	11.03	11.39	10.85	10.96	651538	29378004.000
12/12/2011	10.97	11.11	10.67	10.77	489578	21514276.000
12/13/2011	10.74	10.91	10.51	10.76	695620	30196906.000
12/14/2011	10.68	10.81	10.29	10.34	636519	27161458.000
12/15/2011	10.09	10.54	10.04	10.42	986257	41571688.000
12/16/2011	10.17	10.99	10.17	10.99	1257105	53975796.000
12/19/2011	10.85	11.61	10.78	11.56	1148207	52252016.000
12/20/2011	11.42	12.04	11.24	11.26	1018026	47501824.000
12/21/2011	11.33	11.54	10.82	11.06	649779	29660998.000
12/22/2011	10.97	11.39	10.47	11.26	766475	34113428.000
12/23/2011	11.25	11.62	10.90	11.26	822783	37653336.000
12/26/2011	11.24	11.56	11.09	11.24	565366	26072460.000
12/27/2011	11.15	11.15	10.47	10.48	871665	37819656.000
12/28/2011	10.39	10.49	9.42	10.39	1287086	51746200.000
12/29/2011	10.22	10.74	9.89	10.68	947378	40219360.000
12/30/2011	10.67	10.77	10.14	10.59	905240	38738672.000
01/04/2012	10.55	10.57	9.51	9.51	1015917	40479616.000
01/05/2012	9.04	9.34	8.84	8.88	962707	35474692.000
01/06/2012	8.79	8.88	8.39	8.82	806599	28301564.000
01/09/2012	8.97	9.34	8.59	9.16	924272	34136116.000
01/10/2012	8.97	9.56	8.86	9.34	634757	24256644.000
01/11/2012	9.27	9.89	9.27	9.42	1069410	41749820.000
01/12/2012	9.34	9.38	9.06	9.10	781895	29189582.000
01/13/2012	9.10	9.39	8.18	8.46	1058408	37389924.000
01/16/2012	7.97	8.31	7.79	7.80	673636	22245090.000
01/17/2012	7.80	8.16	7.58	8.08	623736	19929002.000
01/18/2012	7.91	7.97	7.54	7.54	1979607	61997652.000
01/19/2012	7.44	7.79	7.24	7.45	618980	18996690.000
01/20/2012	7.35	7.72	7.29	7.64	442600	13695362.000
01/30/2012	7.72	8.06	7.72	7.84	474638	15273708.000
01/31/2012	7.84	7.94	7.60	7.86	254020	8074490.000
02/01/2012	7.84	8.06	7.73	7.87	425759	13816539.000
02/02/2012	7.84	8.00	7.76	7.94	377499	12107994.000
02/03/2012	7.99	8.42	7.93	8.33	771596	25779210.000
02/06/2012	8.34	8.47	8.28	8.34	500814	17111572.000
02/07/2012	8.32	8.79	8.18	8.75	679868	23497002.000
02/08/2012	8.60	8.89	8.52	8.72	641324	22741252.000
02/09/2012	8.71	8.97	8.68	8.71	405045	14486438.000
02/10/2012	8.71	8.81	8.47	8.57	490818	17242580.000
02/13/2012	8.53	8.82	8.49	8.69	492914	17459864.000
02/14/2012	8.74	8.77	8.49	8.58	293150	10268613.000
02/15/2012	8.54	8.76	8.47	8.72	545073	19213388.000
02/16/2012	8.72	8.99	8.72	8.89	660367	23906036.000
02/17/2012	9.00	9.14	8.54	8.81	361891	12899672.000
02/20/2012	8.94	9.09	8.78	8.81	527077	19128834.000
02/21/2012	8.72	9.16	8.72	9.13	546486	19882904.000
02/22/2012	9.04	9.42	8.92	9.28	816036	30419508.000
02/23/2012	9.31	9.37	9.03	9.24	620459	23187282.000
02/24/2012	9.15	9.28	9.07	9.26	589674	21995900.000
02/27/2012	9.33	9.33	9.08	9.13	793880	29662582.000
02/28/2012	9.13	9.16	8.92	8.96	526592	19334434.000
02/29/2012	8.89	8.98	8.62	8.65	417302	14925362.000
03/01/2012	8.65	8.78	8.62	8.74	546279	19338470.000
03/02/2012	8.76	9.08	8.72	9.05	325747	11779149.000
03/05/2012	9.05	9.14	8.89	8.94	324063	11842294.000
03/06/2012	8.86	9.03	8.69	8.78	444716	15935333.000
03/07/2012	8.66	8.80	8.60	8.71	411425	14610978.000
03/08/2012	8.71	8.85	8.71	8.82	235215	8417622.000
03/09/2012	8.84	9.40	8.84	9.26	933450	34851852.000
03/12/2012	9.27	9.64	9.24	9.48	729694	28134762.000
03/13/2012	9.48	9.65	9.37	9.50	413104	15958251.000
03/14/2012	9.51	9.79	8.74	9.03	1283189	48691184.000
03/15/2012	9.03	9.56	9.03	9.29	726630	27521674.000
03/16/2012	9.54	9.59	9.24	9.55	395082	15183395.000
03/19/2012	9.59	9.86	9.35	9.85	660379	25720190.000
03/20/2012	9.74	9.90	9.52	9.62	442772	17453464.000
03/21/2012	9.64	9.67	9.22	9.37	295030	11321037.000
03/22/2012	9.37	9.56	9.29	9.40	220302	8406583.000
03/23/2012	9.37	9.37	9.04	9.24	242440	9105944.000
03/26/2012	9.26	9.26	8.99	9.07	199666	7367823.000
03/27/2012	9.14	9.18	8.93	9.01	306094	11250159.000
03/28/2012	8.87	8.87	8.14	8.34	485741	16615035.000
03/29/2012	8.34	8.38	8.09	8.24	424657	14163918.000
03/30/2012	8.06	8.39	7.84	8.19	533548	17551514.000
04/06/2012	8.37	8.66	8.37	8.57	382056	13251961.000
04/09/2012	8.57	8.79	8.49	8.61	241860	8534245.000
04/10/2012	8.68	8.72	8.44	8.69	381825	13297713.000
04/11/2012	8.69	8.99	8.50	8.96	184905	6636455.500
04/12/2012	8.97	9.05	8.91	8.99	90747	3313609.500
04/13/2012	9.09	9.29	8.97	9.09	244902	9071986.000
04/16/2012	9.06	9.08	8.80	9.02	113527	4143955.000
04/17/2012	9.01	9.06	8.87	9.05	100296	3660016.500
04/18/2012	9.02	9.34	8.97	9.29	248377	9281626.000
04/19/2012	9.28	9.49	9.15	9.42	226560	8643162.000
04/20/2012	9.30	9.46	9.30	9.40	82357	3153465.250
04/23/2012	9.42	9.43	9.10	9.30	245316	9257498.000
04/24/2012	9.11	9.56	9.10	9.44	251181	9578239.000
04/25/2012	9.58	9.59	9.26	9.38	249512	9529869.000
04/26/2012	9.37	9.37	9.24	9.34	72404	2740297.500
04/27/2012	9.12	9.49	9.12	9.29	84422	3207225.750
05/02/2012	9.58	9.59	9.14	9.30	95733	3617283.000
05/03/2012	9.15	9.34	9.15	9.24	80355	3014345.000
05/04/2012	9.29	9.49	9.12	9.49	342233	12970241.000
05/07/2012	9.40	9.82	9.37	9.80	306166	11978952.000
05/08/2012	9.84	9.84	9.52	9.76	330651	12979876.000
05/09/2012	9.71	9.97	9.37	9.47	279487	10787036.000
05/10/2012	9.47	9.79	9.41	9.64	310920	12156292.000
05/11/2012	9.79	9.93	9.56	9.77	254161	10057927.000
05/14/2012	9.84	9.95	9.73	9.87	336197	13428440.000
05/15/2012	9.76	10.05	9.76	9.80	106350	4266446.000
05/16/2012	9.84	9.84	9.47	9.47	115650	4532509.000
05/17/2012	9.48	9.61	9.46	9.56	140110	5418391.500
05/18/2012	9.47	9.49	9.27	9.29	180904	6863481.000
05/21/2012	9.22	9.46	9.22	9.45	86217	3271989.750
05/22/2012	9.31	9.72	9.31	9.71	194561	7518289.000
05/23/2012	9.59	9.76	9.51	9.73	169745	6650349.000
05/24/2012	9.71	10.00	9.59	9.67	367905	14511776.000
05/25/2012	9.77	9.79	9.55	9.59	221832	8697037.000
05/28/2012	9.56	9.71	9.39	9.68	233117	9005171.000
05/29/2012	9.69	9.79	9.57	9.69	267263	10528825.000
05/30/2012	9.79	9.81	9.62	9.79	239481	9458258.000
05/31/2012	9.65	9.90	9.54	9.84	592024	11742156.000
06/01/2012	9.84	10.11	9.64	9.86	471906	9441700.000
06/04/2012	9.67	9.85	9.50	9.57	459130	9003195.000
06/05/2012	9.52	9.67	9.12	9.50	397232	7595058.500
06/06/2012	9.34	9.82	9.31	9.57	238068	4613691.500
06/07/2012	9.62	9.83	9.49	9.67	254304	4998517.000
06/08/2012	9.64	9.73	9.51	9.53	192622	3754536.500
06/11/2012	9.68	9.72	9.47	9.61	293488	5719465.000
06/12/2012	9.49	9.52	9.39	9.47	294689	5651229.000
06/13/2012	9.45	9.76	9.45	9.65	457325	8914179.000
06/14/2012	9.65	9.92	9.50	9.81	697422	13772658.000
06/15/2012	9.84	10.70	9.72	10.36	2049425	42344772.000
06/18/2012	10.37	10.97	10.10	10.72	1658363	34894900.000
06/19/2012	10.59	10.82	10.37	10.64	1213084	25938934.000
06/20/2012	10.57	10.85	10.32	10.67	1802971	38671068.000
06/21/2012	10.56	10.68	10.27	10.42	919651	19327416.000
06/25/2012	10.32	10.56	10.14	10.24	632847	13224827.000
06/26/2012	10.17	10.29	9.97	10.21	451448	9236904.000
06/27/2012	10.20	10.67	10.20	10.57	1170517	24990414.000
06/28/2012	10.48	10.80	10.42	10.56	652021	13959073.000
06/29/2012	10.53	10.97	10.30	10.81	821306	17810792.000
07/02/2012	10.93	11.42	10.66	11.27	1373644	30990354.000
07/03/2012	11.27	11.66	11.02	11.10	793521	18186774.000
07/04/2012	11.08	11.16	10.66	10.76	595667	13142523.000
07/05/2012	10.67	11.12	10.60	10.76	489473	10699766.000
07/06/2012	10.84	11.27	10.72	11.03	318967	7068083.500
07/09/2012	11.10	11.20	10.82	10.87	507000	11257019.000
07/10/2012	10.87	11.01	10.63	10.95	477674	10511627.000
07/11/2012	10.96	11.06	10.82	11.06	227918	5074448.500
07/12/2012	11.10	11.16	10.87	10.94	563931	12556649.000
07/13/2012	10.70	10.93	10.36	10.43	678433	14460974.000
07/16/2012	10.12	10.51	10.12	10.34	621470	13033417.000
07/17/2012	10.14	10.55	10.14	10.41	173965	3667219.000
07/18/2012	10.42	10.42	9.73	10.12	1122762	22848918.000
07/19/2012	10.12	10.66	10.10	10.36	424847	8962056.000
07/20/2012	10.32	10.77	10.15	10.41	369480	7807803.500
07/23/2012	10.37	10.47	9.87	10.33	502882	10490887.000
07/24/2012	9.92	10.39	9.87	10.22	736766	15086734.000
07/25/2012	10.22	10.37	9.99	10.32	396651	8271602.000
07/26/2012	10.31	10.54	10.19	10.47	777232	16345309.000
07/27/2012	10.47	10.55	10.27	10.41	213827	4524031.500
07/30/2012	10.42	10.82	10.41	10.66	461276	9935103.000
07/31/2012	10.57	10.71	10.30	10.33	831007	17578844.000
08/01/2012	10.22	10.62	10.17	10.45	853925	18048684.000
08/02/2012	10.27	10.81	10.17	10.77	656212	14164920.000
08/03/2012	10.70	11.12	10.62	11.02	561537	12403193.000
08/06/2012	11.02	11.47	10.89	11.40	619167	14145664.000
08/07/2012	11.36	11.46	11.21	11.31	705408	16179498.000
08/08/2012	11.31	11.77	10.81	11.09	700000	15799411.000
08/09/2012	11.11	11.27	10.88	11.01	633554	14143919.000
08/10/2012	11.11	11.11	10.71	10.92	749256	16601609.000
08/13/2012	10.87	10.97	10.37	10.52	964133	20620096.000
08/14/2012	10.44	10.51	9.90	10.24	639602	13261558.000
08/15/2012	10.23	10.55	9.98	10.25	1018595	21294922.000
08/16/2012	10.12	10.25	9.99	10.02	631236	12922732.000
08/17/2012	10.05	10.32	9.86	10.32	365522	7397537.500
08/20/2012	10.30	10.34	10.00	10.20	448204	9231883.000
08/21/2012	10.10	10.47	10.07	10.42	1370979	28578840.000
08/22/2012	10.22	10.42	9.95	10.24	2456257	50125472.000
08/23/2012	9.97	10.32	9.94	10.02	1176064	23928456.000
08/24/2012	9.86	10.01	9.48	9.67	1395687	27508214.000
08/27/2012	9.37	9.72	9.37	9.44	727906	14151184.000
08/28/2012	9.50	9.92	9.50	9.86	1131438	22369222.000
08/29/2012	9.94	10.24	9.80	10.07	1247266	25429466.000
08/30/2012	9.93	10.12	9.83	9.97	686578	13851216.000
08/31/2012	9.93	10.19	9.92	10.15	509478	10443298.000
09/03/2012	10.12	10.21	10.02	10.21	258516	5297553.500
09/04/2012	10.19	10.33	10.08	10.23	348881	7236988.500
09/05/2012	10.23	10.61	10.23	10.51	625896	13234575.000
09/06/2012	10.47	10.56	10.27	10.34	833548	17497936.000
09/07/2012	10.34	10.63	10.21	10.49	1069469	22588338.000
09/10/2012	10.51	10.71	10.28	10.70	2157469	45754008.000
09/11/2012	10.52	10.78	10.48	10.58	972513	20971078.000
09/12/2012	10.51	10.71	10.37	10.44	1648364	34876420.000
09/13/2012	10.41	10.43	10.30	10.32	647461	13576658.000
09/14/2012	10.40	10.49	10.14	10.33	239740	5004416.500
09/17/2012	10.27	10.32	10.12	10.18	285400	5895608.000
09/18/2012	10.16	10.42	10.03	10.28	645458	13458001.000
09/19/2012	10.27	10.46	10.22	10.35	398147	8324690.500
09/20/2012	10.41	10.44	10.12	10.22	705810	14585768.000
09/21/2012	10.16	10.22	9.72	9.78	572707	11530024.000
09/24/2012	9.59	9.85	9.59	9.84	137511	2713073.000
09/25/2012	10.14	10.14	9.59	9.59	217867	4310093.500
09/26/2012	9.74	9.74	9.16	9.31	309021	5859484.500
09/27/2012	8.97	9.77	8.92	9.75	587732	11171694.000
09/28/2012	9.62	9.86	9.52	9.79	153552	3021239.500
10/08/2012	9.79	9.80	9.62	9.69	101400	1986370.000
10/09/2012	9.74	9.93	9.67	9.90	314916	6222323.000
10/10/2012	9.79	9.87	9.70	9.86	252599	5011218.000
10/11/2012	9.91	10.28	9.91	9.96	1098515	22680574.000
10/12/2012	10.04	10.19	9.91	10.07	236560	4806039.500
10/15/2012	9.94	10.08	9.78	9.87	360350	7203226.500
10/16/2012	9.85	10.03	9.82	10.01	228600	4626908.000
10/17/2012	9.99	10.06	9.91	9.99	52894	1068847.375
10/18/2012	10.22	10.22	9.94	9.99	81693	1657079.500
10/19/2012	9.99	10.03	9.83	10.00	126329	2548059.000
10/22/2012	9.80	9.98	9.80	9.94	130179	2619427.000
10/23/2012	10.00	10.10	9.86	9.88	169719	3408029.250
10/24/2012	9.92	9.97	9.67	9.78	113774	2265860.750
10/25/2012	9.78	9.85	9.73	9.77	116103	2298752.250
10/26/2012	9.74	9.76	9.43	9.75	92689	1820748.750
10/29/2012	9.76	9.96	9.75	9.95	272118	5473016.500
10/30/2012	9.95	10.10	9.82	9.93	127589	2567581.500
10/31/2012	9.96	10.00	9.87	9.99	95388	1913829.250
11/01/2012	10.02	10.09	9.92	10.09	164669	3347594.500
11/02/2012	10.12	10.12	10.00	10.05	82459	1679553.750
11/05/2012	10.11	10.16	9.98	10.09	307500	6279310.000
11/06/2012	10.12	10.18	10.07	10.13	317951	6521173.000
11/07/2012	10.13	10.30	10.12	10.25	115592	2387942.750
11/08/2012	10.16	10.36	10.13	10.35	254646	5322674.500
11/09/2012	10.43	10.67	10.32	10.41	367135	7832825.000
11/12/2012	10.41	10.61	10.10	10.27	375779	7749124.000
11/13/2012	10.15	10.23	10.10	10.10	112900	2323976.000
11/14/2012	10.07	10.17	9.88	10.14	112691	2298523.750
11/15/2012	10.02	10.21	10.02	10.12	59401	1218560.750
11/16/2012	10.12	10.12	9.50	9.87	389730	7806026.500
11/19/2012	10.01	10.27	9.42	10.26	228858	4609088.500
11/20/2012	10.25	10.26	10.11	10.19	150160	3081942.000
11/21/2012	10.13	10.37	10.12	10.32	59706	1234246.750
11/22/2012	10.32	10.37	10.17	10.36	44300	922949.000
11/23/2012	10.41	10.50	10.23	10.42	124310	2618449.750
11/26/2012	10.33	10.42	9.99	10.26	140970	2888459.750
11/27/2012	9.87	10.03	9.77	9.80	442853	8908248.000
11/28/2012	9.82	9.82	9.47	9.52	223191	4326055.500
11/29/2012	9.64	9.69	9.52	9.62	301720	5878081.000
11/30/2012	9.62	9.96	9.62	9.91	91790	1830283.750
12/03/2012	9.84	9.89	9.57	9.65	272133	5344885.500
12/04/2012	9.62	10.01	9.53	9.91	197806	3936580.750
12/05/2012	10.02	10.24	9.91	10.17	347743	7146450.500
12/06/2012	10.28	10.56	10.17	10.47	470105	9923480.000
12/07/2012	10.47	10.77	10.27	10.74	1024078	22095142.000
12/10/2012	10.74	10.87	10.48	10.55	677606	14512489.000
12/11/2012	10.47	10.62	10.32	10.48	500549	10635639.000
12/12/2012	10.48	10.59	10.42	10.53	476060	10145007.000
12/13/2012	10.60	10.60	10.41	10.51	220110	4664981.500
12/14/2012	10.34	10.86	10.30	10.71	1238688	26717192.000
12/17/2012	10.68	10.68	10.31	10.57	520345	11038975.000
12/18/2012	10.44	10.59	10.37	10.51	301840	6390781.000
12/19/2012	10.39	10.61	10.39	10.61	193720	4128940.750
12/20/2012	10.57	10.96	10.51	10.88	844622	18501778.000
12/21/2012	10.78	10.96	10.47	10.60	1558248	33509586.000
12/24/2012	10.62	10.70	10.39	10.61	526298	11299070.000
12/25/2012	10.57	11.12	10.52	10.86	848940	18597322.000
12/26/2012	10.83	11.22	10.77	11.17	1271710	28366796.000
12/27/2012	11.19	11.22	10.73	10.79	1824796	40130304.000
12/28/2012	10.68	11.10	10.68	11.04	1064904	23630378.000
12/31/2012	10.89	11.21	10.87	10.88	667946	14807529.000
01/04/2013	10.90	11.05	10.67	10.73	525284	11510876.000
01/07/2013	10.58	10.74	10.56	10.66	1087095	23389506.000
01/08/2013	10.67	10.86	10.52	10.83	1403489	30446392.000
01/09/2013	10.79	11.16	10.73	11.01	1060532	23597610.000
01/10/2013	10.99	11.42	10.97	11.28	2083019	47613708.000
01/11/2013	11.22	11.54	10.89	10.89	1677998	37971608.000
01/14/2013	10.81	11.19	10.59	11.19	1502465	33321364.000
01/15/2013	11.18	11.45	11.07	11.37	1458914	33380460.000
01/16/2013	11.37	11.61	11.14	11.39	1301601	29881316.000
01/17/2013	11.42	11.44	11.17	11.27	1106534	25329772.000
01/18/2013	11.27	11.36	11.17	11.33	906141	20667406.000
01/21/2013	11.35	12.02	11.33	11.93	3028262	72205560.000
01/22/2013	11.86	12.12	11.66	11.68	2099090	50424672.000
01/23/2013	11.62	11.74	11.14	11.39	1738024	40133432.000
01/24/2013	11.41	11.41	10.97	11.02	3520587	79266264.000
01/25/2013	11.07	11.22	10.83	11.14	1781880	39838572.000
01/28/2013	11.16	11.55	10.99	11.50	1043062	24004948.000
01/29/2013	11.41	11.66	11.23	11.27	2368138	54264044.000
01/30/2013	11.34	11.44	11.12	11.31	1663542	37976484.000
01/31/2013	11.12	11.48	11.12	11.41	1065205	24355700.000
02/01/2013	11.38	11.66	11.27	11.36	1489615	34460880.000
02/04/2013	11.32	11.71	11.30	11.71	2395899	55873828.000
02/05/2013	11.39	11.79	11.39	11.78	2335490	54874476.000
02/06/2013	11.72	12.25	11.52	11.97	1654592	40178160.000
02/07/2013	11.98	11.98	11.72	11.88	777657	18606136.000
02/08/2013	12.02	12.11	11.78	11.91	504535	12150635.000
02/18/2013	11.94	12.56	11.72	12.17	1519123	37496196.000
02/19/2013	12.16	12.42	12.04	12.29	1531458	37825404.000
02/20/2013	12.29	12.61	12.17	12.57	1602718	40328344.000
02/21/2013	12.66	12.66	11.98	12.04	1610798	39899424.000
02/22/2013	12.09	12.51	12.06	12.29	1458174	36154160.000
02/25/2013	12.19	12.46	12.07	12.43	806648	20041082.000
02/26/2013	12.37	12.37	11.87	11.87	1417490	34662140.000
02/27/2013	11.87	11.99	11.52	11.71	1268213	29992202.000
02/28/2013	11.71	12.34	11.52	12.24	871279	20891510.000
03/01/2013	12.26	12.44	12.13	12.32	1394360	34588508.000
03/04/2013	12.30	12.30	11.77	11.86	715111	17324996.000
03/05/2013	11.73	12.14	11.72	12.10	825621	19860702.000
03/06/2013	12.16	12.47	11.87	12.07	1259556	31101890.000
03/07/2013	12.07	12.28	11.46	11.49	1436483	34465976.000
03/08/2013	11.51	11.65	10.92	10.94	1952719	44271360.000
03/11/2013	10.87	11.30	10.87	11.18	752326	16977530.000
03/12/2013	11.18	11.45	10.92	11.09	1337707	30323520.000
03/13/2013	11.09	11.29	10.92	11.23	633810	14260394.000
03/14/2013	11.23	11.64	11.10	11.46	999457	23065230.000
03/15/2013	11.48	11.67	11.31	11.46	631833	14710263.000
03/18/2013	11.56	11.59	11.34	11.34	397220	9235038.000
03/19/2013	11.34	11.59	11.34	11.52	882387	20540386.000
03/20/2013	11.52	11.66	11.50	11.62	349401	8205504.500
03/21/2013	11.62	11.82	11.62	11.82	771711	18330548.000
03/22/2013	11.82	11.82	11.47	11.72	630911	14908631.000
03/25/2013	11.62	11.78	11.27	11.72	471056	11025416.000
03/26/2013	11.40	12.02	11.37	11.91	751091	17794340.000
03/27/2013	11.75	12.07	11.75	11.87	343516	8295266.000
03/28/2013	11.88	11.88	11.52	11.69	643140	15238086.000
03/29/2013	11.69	11.79	11.62	11.69	596852	14141348.000
04/01/2013	11.77	12.12	11.70	11.98	599486	14519507.000
04/02/2013	11.96	12.17	11.62	11.78	955448	23042838.000
04/03/2013	11.85	11.85	11.37	11.51	562588	13174111.000
04/08/2013	11.42	11.74	11.09	11.57	386650	9015393.000
04/09/2013	11.62	11.71	11.52	11.62	412530	9684816.000
04/10/2013	11.60	11.66	11.49	11.57	506865	11872254.000
04/11/2013	11.56	11.66	11.47	11.55	457079	10696193.000
04/12/2013	11.61	11.65	11.53	11.55	159901	3747605.000
04/15/2013	11.56	11.80	11.56	11.58	527765	12394232.000
04/16/2013	11.56	11.72	11.47	11.70	343653	8068316.500
04/17/2013	11.72	12.37	11.66	12.22	809290	19900664.000
04/18/2013	12.19	12.32	12.15	12.23	449942	11124259.000
04/19/2013	12.14	12.88	12.13	12.62	1029389	26043916.000
04/22/2013	12.62	13.42	12.58	13.01	1349078	35669376.000
04/23/2013	12.98	13.26	12.68	12.77	1121894	29262230.000
04/24/2013	12.69	13.47	12.67	13.46	1276846	33887292.000
04/25/2013	13.37	13.85	12.77	12.81	1343491	35974880.000
04/26/2013	12.72	12.98	12.61	12.71	734358	18939504.000
05/02/2013	12.45	13.34	12.45	13.09	1092741	28589320.000
05/03/2013	13.09	13.46	12.92	13.12	1419042	37811424.000
05/06/2013	13.12	14.26	13.12	14.07	2283128	63279240.000
05/07/2013	13.92	14.12	13.62	13.97	1107993	30980394.000
05/08/2013	14.02	14.25	13.72	14.02	1513406	42737508.000
05/09/2013	14.02	14.22	13.66	14.07	2339171	65558016.000
05/10/2013	14.10	14.45	13.75	14.30	1753159	50229112.000
05/13/2013	14.37	14.86	14.32	14.49	2025055	59648676.000
05/14/2013	14.56	14.60	14.15	14.32	1418818	40753300.000
05/15/2013	14.22	14.84	14.13	14.72	1622567	47656064.000
05/16/2013	14.94	15.86	14.82	15.11	2555870	79991624.000
05/17/2013	14.37	16.63	14.37	16.63	2972117	96704736.000
05/20/2013	16.77	17.71	16.77	17.57	2684795	93329808.000
05/21/2013	17.61	17.80	17.12	17.65	1435826	50489428.000
05/22/2013	17.64	17.64	16.97	17.02	1098830	38149244.000
05/23/2013	16.71	17.43	16.37	16.85	1155520	39670024.000
05/24/2013	16.70	18.31	16.70	18.24	1452875	51758048.000
05/27/2013	18.37	19.45	18.25	18.57	2471520	92919128.000
05/28/2013	18.28	18.96	17.82	18.20	2210591	81571088.000
05/29/2013	18.09	18.52	17.54	18.36	1159350	42460892.000
05/30/2013	18.21	18.62	17.91	18.50	1146719	42116404.000
05/31/2013	18.53	19.33	18.30	18.53	941074	35244560.000
06/03/2013	18.16	18.30	17.15	17.40	1718788	61233256.000
06/04/2013	17.20	17.91	16.70	17.55	1352104	47164944.000
06/05/2013	17.30	17.95	17.16	17.85	927704	33043126.000
06/06/2013	17.96	18.05	17.42	17.67	683132	24351516.000
06/07/2013	17.67	17.90	17.42	17.68	530120	18818994.000
06/13/2013	17.25	17.78	16.41	17.70	841314	29367882.000
06/14/2013	17.60	19.19	17.60	18.92	1582383	59254864.000
06/17/2013	18.92	20.08	18.72	19.74	2002437	79006824.000
06/18/2013	19.74	19.87	19.01	19.81	705324	27695484.000
06/19/2013	19.84	19.84	18.95	18.98	680099	26383034.000
06/20/2013	18.90	19.25	18.24	18.30	796287	29933030.000
06/21/2013	17.91	18.40	17.00	18.15	1064439	38210472.000
06/24/2013	18.15	18.87	17.75	18.23	952023	34998820.000
06/25/2013	18.00	18.39	16.40	18.10	2468606	85781448.000
06/26/2013	17.85	19.92	17.85	19.92	1838181	71106000.000
06/27/2013	20.38	20.96	20.00	20.15	1783507	73172888.000
06/28/2013	20.15	20.55	19.75	20.20	999066	40389588.000
07/01/2013	20.40	22.24	20.25	22.24	1084984	47404620.000
07/02/2013	22.41	22.78	21.94	22.25	1143359	51445292.000
07/03/2013	22.05	22.99	22.05	22.91	1330188	60267592.000
07/04/2013	23.10	23.35	22.25	22.85	1682189	77003696.000
07/05/2013	22.46	23.34	21.71	22.04	1210328	54238404.000
07/08/2013	21.91	21.91	20.65	21.06	730412	31298880.000
07/09/2013	21.06	22.18	20.70	21.96	1156295	50188128.000
07/10/2013	21.98	22.61	21.77	22.29	1245767	55717488.000
07/11/2013	22.29	22.88	22.08	22.56	932270	42042912.000
07/12/2013	22.91	23.81	22.41	23.63	1333480	62498880.000
07/15/2013	23.91	25.85	23.86	25.21	2187462	109586512.000
07/16/2013	24.91	25.90	24.41	24.84	1204577	60513464.000
07/17/2013	24.60	25.41	24.06	24.22	904578	44916836.000
07/18/2013	24.22	25.16	23.93	24.26	1757657	86529808.000
07/19/2013	24.41	24.85	23.91	24.36	1270079	62162308.000
07/22/2013	24.35	26.35	23.66	26.10	1377976	70049352.000
07/23/2013	26.46	28.72	26.46	26.83	1432457	78350296.000
07/24/2013	27.08	28.90	26.81	28.50	1241112	69467616.000
07/25/2013	28.91	28.96	26.31	27.65	1846730	101210208.000
07/26/2013	27.72	30.43	26.91	30.43	1747689	101870000.000
07/29/2013	30.60	30.61	29.21	29.88	1000878	59678444.000
07/30/2013	29.81	30.35	27.91	28.66	591516	34465776.000
07/31/2013	28.66	29.71	27.95	29.52	854816	49624232.000
08/01/2013	29.21	31.91	29.21	31.40	783832	48696600.000
08/02/2013	31.58	32.91	31.16	32.51	880482	56869604.000
08/05/2013	32.65	32.85	31.92	32.41	512348	33179510.000
08/06/2013	32.41	32.96	31.53	32.90	776269	50329084.000
08/07/2013	33.08	33.08	30.91	31.24	1064861	67338784.000
08/08/2013	30.46	30.80	28.71	29.46	2283064	134176856.000
08/09/2013	29.16	29.66	28.54	29.23	1311798	77098064.000
08/12/2013	29.21	29.38	27.52	27.91	1577531	88512584.000
08/13/2013	27.81	28.86	27.71	28.21	819470	46382084.000
08/14/2013	28.16	28.90	27.69	28.90	1140072	64634420.000
08/15/2013	28.85	29.36	28.01	28.15	849500	48757236.000
08/16/2013	28.15	28.15	25.91	26.32	1674983	90291568.000
08/19/2013	26.18	27.50	26.01	27.41	1067153	57816944.000
08/20/2013	27.25	27.65	26.92	27.48	696313	38144132.000
08/21/2013	27.36	28.71	27.13	28.44	944620	53063400.000
08/22/2013	28.26	29.31	28.26	28.91	873121	50562428.000
08/23/2013	28.41	31.17	28.41	29.62	1111294	65762648.000
08/26/2013	29.80	31.16	28.83	29.81	835514	50095912.000
08/27/2013	29.41	29.63	27.99	28.82	863089	49818268.000
08/28/2013	28.85	30.70	27.97	28.13	849867	49421740.000
08/29/2013	28.31	28.31	27.16	27.96	554685	30789186.000
08/30/2013	27.56	28.36	25.16	26.41	840156	45202960.000
09/02/2013	26.16	27.41	25.66	27.08	376912	20237424.000
09/03/2013	26.71	28.59	26.43	28.44	534664	29636844.000
09/04/2013	28.15	28.60	27.61	28.10	520945	29170566.000
09/05/2013	27.91	30.03	27.91	29.87	826344	48571784.000
09/06/2013	29.91	30.35	29.60	29.96	644848	38839136.000
09/09/2013	29.56	29.95	28.26	28.38	705910	40787192.000
09/10/2013	28.41	28.41	26.79	27.36	1106071	60536900.000
09/11/2013	27.19	27.19	26.31	26.58	510174	27421330.000
09/12/2013	26.56	27.19	25.98	26.36	554856	29445808.000
09/13/2013	26.20	26.81	26.20	26.61	633676	33649252.000
09/16/2013	27.00	28.16	26.56	27.16	884679	48952616.000
09/17/2013	27.46	27.58	26.42	27.01	316889	17133542.000
09/18/2013	27.01	27.23	25.94	26.49	497281	26321176.000
09/23/2013	26.31	27.36	26.31	27.31	481461	26155080.000
09/24/2013	27.36	28.70	27.30	28.32	1053608	59495124.000
09/25/2013	28.78	28.78	27.41	27.66	479663	26804240.000
09/26/2013	27.41	28.72	26.91	27.95	984991	55623220.000
09/27/2013	27.96	29.08	27.41	28.90	834193	47662592.000
09/30/2013	28.90	29.79	28.88	29.19	948561	55965172.000
10/08/2013	29.33	31.09	28.76	30.73	819392	49562200.000
10/09/2013	30.91	30.91	29.95	30.85	565752	34520900.000
10/10/2013	30.85	30.85	29.27	29.65	432852	26037320.000
10/11/2013	29.41	29.79	28.41	28.78	468918	27054994.000
10/14/2013	28.80	30.15	28.01	30.13	1206020	70534240.000
10/15/2013	30.14	30.90	29.43	30.13	500576	30177234.000
10/16/2013	29.91	30.80	28.44	29.41	1813903	105954248.000
10/17/2013	29.41	30.26	28.46	29.30	672620	39745140.000
10/18/2013	29.75	29.75	28.76	29.40	179948	10611747.000
10/21/2013	29.39	31.54	29.01	31.40	739043	45587024.000
10/22/2013	31.18	32.16	29.18	29.61	1125698	68759816.000
10/23/2013	29.43	29.66	27.16	28.91	1234935	70643392.000
10/24/2013	28.35	29.25	28.23	28.71	362747	20770316.000
10/25/2013	28.66	28.85	26.44	27.88	1080475	59463532.000
10/28/2013	27.12	27.41	26.41	26.56	904914	48820128.000
10/29/2013	26.63	27.06	25.46	26.03	805148	42446104.000
10/30/2013	26.08	26.90	26.01	26.76	332264	17719052.000
10/31/2013	26.53	27.53	25.91	27.46	496565	26478328.000
11/01/2013	26.78	27.50	26.17	27.41	1110572	59602424.000
11/04/2013	27.31	27.31	26.16	26.54	1217452	64719048.000
11/05/2013	25.96	28.01	25.96	27.88	1430823	78032152.000
11/06/2013	27.88	29.21	27.60	27.80	911219	52176396.000
11/07/2013	27.41	28.30	26.76	27.36	561034	30841258.000
11/08/2013	27.41	27.86	26.84	27.41	424343	23062654.000
11/11/2013	27.40	27.60	26.66	27.40	435249	23608308.000
11/12/2013	27.07	27.56	26.76	27.56	543098	29492104.000
11/13/2013	27.46	27.70	27.06	27.38	229444	12607295.000
11/14/2013	27.30	28.42	26.41	28.20	476906	26552052.000
11/15/2013	27.66	30.06	27.66	29.41	966809	57212360.000
11/18/2013	29.66	30.96	29.61	30.78	1438859	87676816.000
11/19/2013	30.42	31.16	30.42	30.88	541792	33558708.000
11/20/2013	31.09	31.09	30.46	30.90	272940	16800528.000
11/21/2013	30.88	32.30	30.81	31.58	807938	51391520.000
11/22/2013	31.53	31.91	31.41	31.82	246350	15609426.000
11/25/2013	31.81	32.07	31.42	31.90	365947	23340160.000
11/26/2013	31.71	32.16	31.71	32.14	209763	13448209.000
11/27/2013	32.06	34.31	31.81	33.16	965382	65015092.000
11/28/2013	33.51	34.83	33.16	34.41	686900	46847476.000
11/29/2013	34.71	34.81	33.81	34.41	841555	57883836.000
12/02/2013	32.91	33.33	30.96	31.55	1204185	77094904.000
12/03/2013	30.52	32.45	30.52	31.62	695581	44113140.000
12/04/2013	31.91	32.66	31.11	31.73	665673	42522640.000
12/05/2013	30.96	31.83	29.47	31.11	915184	56632872.000
12/06/2013	31.02	31.31	29.51	31.31	424173	25832958.000
12/09/2013	31.06	31.81	30.36	31.81	454910	28488948.000
12/10/2013	32.20	32.90	31.31	32.41	552569	35459632.000
12/11/2013	32.42	33.60	31.81	32.40	584661	38687552.000
12/12/2013	32.41	33.31	32.41	32.86	394841	25976288.000
12/13/2013	32.83	33.16	32.56	32.89	188435	12418561.000
12/16/2013	32.89	33.12	32.43	32.90	230712	15163451.000
12/17/2013	32.86	32.99	32.41	32.98	149583	9816371.000
12/18/2013	32.92	33.06	32.47	33.06	131122	8641586.000
12/19/2013	33.07	33.31	32.69	33.13	236142	15670860.000
12/20/2013	33.13	33.39	31.56	33.16	779959	50882308.000
12/23/2013	32.81	33.16	31.96	33.16	997293	64794852.000
12/24/2013	33.16	33.16	32.41	32.89	545768	35771600.000
12/25/2013	32.49	36.15	32.20	34.66	1458916	96081112.000
12/26/2013	34.56	36.65	34.10	35.26	1755831	124004272.000
12/27/2013	34.42	35.81	34.42	35.35	751771	53242064.000
12/30/2013	35.06	36.27	35.06	36.20	1067514	76719008.000
12/31/2013	36.21	36.85	34.91	36.21	810972	58471648.000
01/02/2014	36.47	36.66	35.91	36.47	614843	44819444.000
01/03/2014	36.05	40.12	36.05	40.12	1421748	110701016.000
01/06/2014	40.43	42.33	39.25	39.43	1210110	99475160.000
01/07/2014	39.61	41.77	39.41	41.41	599622	49044180.000
01/08/2014	42.66	43.20	40.41	41.90	1060378	88625128.000
01/09/2014	41.41	42.06	40.68	41.81	548739	45771376.000
01/10/2014	41.90	41.90	39.91	41.41	790177	64912364.000
01/13/2014	41.16	41.41	40.06	40.96	819060	66980540.000
01/14/2014	41.16	41.16	39.53	40.56	904847	73398352.000
01/15/2014	40.59	41.65	39.47	41.65	808954	65907124.000
01/16/2014	41.61	42.36	40.19	40.48	889282	73576568.000
01/17/2014	40.04	40.61	39.46	39.90	523265	41904296.000
01/20/2014	39.96	39.98	38.13	38.52	885748	69257472.000
01/21/2014	38.47	40.00	38.32	39.41	991628	77941528.000
01/22/2014	39.60	43.36	39.60	43.36	1453557	123665688.000
01/23/2014	43.66	44.85	42.52	44.16	1122575	98916616.000
01/24/2014	44.15	45.77	43.17	44.66	686784	60915772.000
01/27/2014	44.70	45.56	43.66	43.98	914251	81740384.000
01/28/2014	43.98	44.20	43.26	43.31	571075	50076792.000
01/29/2014	43.36	47.41	42.91	46.81	837267	76797440.000
01/30/2014	46.81	47.63	45.97	46.19	445689	41849928.000
02/07/2014	45.91	47.91	45.42	47.51	629320	59066404.000
02/10/2014	47.51	50.85	47.16	48.84	1107961	107769552.000
02/11/2014	48.84	50.66	47.91	50.16	858012	85343736.000
02/12/2014	50.48	54.91	50.17	52.95	1447768	153688736.000
02/13/2014	52.92	54.91	50.66	51.41	831490	88027688.000
02/14/2014	51.70	56.56	51.31	56.56	1620083	180287280.000
02/17/2014	56.11	59.91	56.01	58.92	894361	104924152.000
02/18/2014	58.42	59.91	55.58	56.54	1243756	142211648.000
02/19/2014	55.93	58.37	53.41	55.91	1029884	115527376.000
02/20/2014	55.91	60.16	54.90	59.41	2021006	235641696.000
02/21/2014	58.41	60.74	58.41	59.41	845012	101326440.000
02/24/2014	59.30	62.59	58.56	62.41	894777	110388504.000
02/25/2014	62.36	65.05	56.41	58.86	1529929	188222144.000
02/26/2014	57.46	59.79	55.91	59.34	1055661	123796752.000
02/27/2014	58.91	59.85	53.40	54.41	1857182	211658688.000
02/28/2014	53.21	56.81	53.21	56.51	928244	103330128.000
03/03/2014	55.53	58.61	55.52	58.61	431857	49424944.000
03/04/2014	58.61	62.91	58.61	62.67	1147839	141654096.000
03/05/2014	63.46	67.37	61.35	61.84	1481902	190528944.000
03/06/2014	61.41	61.91	55.65	59.85	1541766	180771104.000
03/07/2014	58.91	62.31	56.94	59.39	908638	109384528.000
03/10/2014	59.16	59.16	54.91	57.31	1131884	129102352.000
03/11/2014	57.15	58.66	54.05	54.74	1013625	112491144.000
03/12/2014	54.61	56.57	51.96	54.91	976897	106329616.000
03/13/2014	54.41	60.41	51.96	60.41	1143799	134365008.000
03/14/2014	60.41	60.91	57.62	58.08	524087	62582956.000
03/17/2014	58.40	60.86	57.42	60.35	703176	84347176.000
03/18/2014	60.36	65.66	60.21	65.17	995597	127568784.000
03/19/2014	64.92	65.66	61.50	63.72	638229	81436048.000
03/20/2014	63.72	65.21	60.91	61.92	655174	83626816.000
03/21/2014	60.56	62.04	59.02	59.41	530408	64285052.000
03/24/2014	59.31	59.78	54.35	57.84	639038	73057456.000
03/25/2014	57.03	58.91	56.29	56.91	395984	45764316.000
03/26/2014	57.19	60.65	57.16	58.66	747184	88425408.000
03/27/2014	57.69	59.37	54.56	55.71	563988	63288944.000
03/28/2014	54.91	56.01	51.91	54.93	932097	100732152.000
03/31/2014	53.09	56.35	52.46	54.91	847522	91850216.000
04/01/2014	53.92	56.61	53.66	55.99	358254	39813396.000
04/02/2014	56.35	57.41	50.38	51.01	1975953	207889216.000
04/03/2014	51.01	52.96	48.82	50.88	1442701	146247360.000
04/04/2014	50.16	52.41	49.01	52.33	651290	67195112.000
04/08/2014	50.81	51.65	49.80	50.56	933782	94446512.000
04/09/2014	50.41	52.16	50.41	51.67	593160	61280716.000
04/10/2014	51.74	55.41	51.74	53.47	1006621	107969912.000
04/11/2014	52.05	53.60	50.05	50.64	2179733	111460704.000
04/14/2014	50.70	52.48	45.58	46.08	8213527	383981440.000
04/15/2014	46.45	46.89	45.60	46.29	4015150	184863680.000
04/16/2014	45.87	46.00	44.17	44.68	3093044	138975584.000
04/17/2014	44.69	45.67	44.50	45.05	2198205	99025768.000
04/18/2014	45.03	45.75	44.59	45.49	1580954	71886440.000
04/21/2014	45.05	45.45	42.95	43.07	3652620	161501280.000
04/22/2014	43.15	43.88	41.30	43.36	3354369	143160480.000
04/23/2014	42.88	43.20	41.41	42.38	2779846	116394552.000
04/24/2014	42.30	42.55	40.70	42.20	2992543	125068984.000
04/25/2014	41.80	41.89	40.25	40.74	2577462	105674992.000
04/28/2014	40.75	40.90	39.65	40.46	1782445	71758744.000
04/29/2014	40.22	41.40	37.68	39.15	3643355	143445408.000
04/30/2014	39.20	39.87	38.70	38.99	2345787	92097504.000
05/05/2014	39.20	40.48	38.60	40.41	1861788	73873952.000
05/06/2014	40.47	42.19	40.22	41.95	3159527	130928720.000
05/07/2014	41.50	41.50	40.21	40.30	1676457	68071152.000
05/08/2014	40.45	40.95	40.03	40.30	1131183	45810332.000
05/09/2014	40.00	40.45	38.98	39.00	1470407	58083212.000
05/12/2014	39.97	39.99	38.97	39.83	1003609	39656264.000
05/13/2014	39.82	40.48	39.00	39.70	794972	31483308.000
05/14/2014	39.56	40.14	39.17	39.60	735886	29195548.000
05/15/2014	39.50	39.95	38.10	38.10	943624	36905052.000
05/16/2014	38.08	38.64	35.50	36.06	1727847	63245556.000
05/19/2014	36.05	37.00	35.30	36.55	906966	32981158.000
05/20/2014	38.00	40.21	38.00	39.20	3361502	132287440.000
05/21/2014	38.89	40.01	38.32	39.99	2151647	85176984.000
05/22/2014	39.53	42.15	39.53	40.91	2320535	95951136.000
05/23/2014	40.90	42.72	40.12	42.55	2774541	116227296.000
05/26/2014	42.73	43.53	41.20	41.80	2972409	125843080.000
05/27/2014	41.70	41.70	40.10	40.53	2194922	89415552.000
08/01/2014	37.50	40.20	36.54	38.62	8545636	328161920.000
08/04/2014	38.00	39.48	37.60	38.80	3894400	151148032.000
08/05/2014	38.50	42.24	38.40	41.97	4707466	190156560.000
08/06/2014	41.40	43.82	41.00	43.50	5982148	255878480.000
08/07/2014	43.00	44.12	42.71	43.05	3950445	171115296.000
08/08/2014	42.92	43.69	42.88	43.25	1845129	79589296.000
08/11/2014	43.44	43.62	41.98	43.05	2903610	124414936.000
08/12/2014	42.92	43.75	41.95	42.06	3073760	130812136.000
08/13/2014	42.22	42.22	40.30	40.90	4388685	179337584.000
08/14/2014	40.94	41.50	40.33	41.07	1783082	72989136.000
08/15/2014	41.00	41.49	40.48	41.45	1953738	80061000.000
08/18/2014	41.50	43.87	41.09	43.75	4952693	211757024.000
08/19/2014	43.63	47.49	43.30	45.18	6579041	297776864.000
08/20/2014	45.28	45.40	43.37	43.85	2969666	130911400.000
08/21/2014	43.92	44.89	43.51	44.57	2656575	117866336.000
08/22/2014	44.63	44.89	43.70	44.45	1981428	87847400.000
08/25/2014	44.81	44.86	43.47	43.48	2117318	92686000.000
08/26/2014	43.29	43.75	42.18	42.62	1869013	80091040.000
08/27/2014	42.65	44.62	42.63	44.50	2187295	95601968.000
08/28/2014	44.80	46.20	44.10	45.50	2767990	124449160.000
08/29/2014	45.00	47.00	44.91	46.33	2931497	136189984.000
09/01/2014	46.65	46.99	45.80	46.15	2418770	111743976.000
09/02/2014	46.81	47.98	44.28	44.68	8282670	375530848.000
09/03/2014	44.75	44.84	43.87	44.51	6832160	303195584.000
09/04/2014	44.60	44.75	44.00	44.48	5464866	241917264.000
09/05/2014	44.51	44.64	43.96	44.10	4759599	210061488.000
09/09/2014	44.10	44.10	42.51	42.82	8623642	370974304.000
09/10/2014	42.82	43.53	42.82	43.49	5268633	227966928.000
09/11/2014	43.59	44.46	43.19	44.06	6228373	273472640.000
09/12/2014	44.12	44.75	44.01	44.16	4648249	206177152.000
09/15/2014	44.15	44.17	42.81	42.95	5750647	247361088.000
09/16/2014	42.95	43.09	41.12	41.12	5285388	222819792.000
09/17/2014	40.70	40.91	39.10	39.80	4769610	189296576.000
09/18/2014	39.85	40.17	39.11	39.98	3261567	129546424.000
09/19/2014	40.06	40.69	40.05	40.52	2755189	111288592.000
09/22/2014	40.50	40.51	39.10	39.43	3885860	153639680.000
09/23/2014	39.43	41.26	39.22	41.19	5034563	203708528.000
09/24/2014	41.00	42.23	40.81	41.90	3886076	162593296.000
09/25/2014	41.84	42.19	41.19	41.31	2701655	112484400.000
09/26/2014	41.16	41.31	40.03	40.48	3406383	137869504.000
09/29/2014	40.50	40.75	40.33	40.55	2473975	100304128.000
09/30/2014	40.55	43.48	40.31	43.30	7653133	325499904.000
10/08/2014	43.99	47.63	43.80	47.63	12060073	559293248.000
10/09/2014	49.00	50.41	47.82	48.08	14616506	715570944.000
10/10/2014	47.96	48.00	45.86	46.45	8785800	409647584.000
10/13/2014	46.00	48.68	45.88	48.02	7949200	379194944.000
10/14/2014	47.70	51.80	47.19	49.07	9745373	484008672.000
10/15/2014	49.19	50.89	48.08	48.35	6953361	343755456.000
10/16/2014	48.00	49.62	47.00	47.06	5006851	241718912.000
10/17/2014	47.00	47.45	43.22	44.85	6422301	292144288.000
10/20/2014	45.20	48.75	45.15	48.45	5548193	261657408.000
10/21/2014	48.50	49.70	47.26	47.60	6258000	300795296.000
10/22/2014	46.97	47.88	46.43	46.50	3423125	161265280.000
10/23/2014	46.39	47.68	45.50	46.86	3592150	167960080.000
10/24/2014	46.50	47.30	46.01	46.92	2120133	99157016.000
10/27/2014	46.92	49.49	46.06	49.28	5770928	280701312.000
10/28/2014	50.00	50.50	48.68	49.95	6290745	310707808.000
10/29/2014	50.09	51.20	48.81	49.51	8241153	410848768.000
10/30/2014	49.00	49.00	47.50	47.72	8517509	409358016.000
10/31/2014	46.88	47.74	46.69	47.30	5404215	254603648.000
数据来源:通达信
