300220 金运激光 日线
      日期	    开盘	    最高	    最低	    收盘	    成交量	    成交额
05/25/2011	9.41	10.39	9.38	9.82	6510639	230657024.000
05/26/2011	9.18	9.63	8.84	8.84	3668052	122121504.000
05/27/2011	8.58	9.60	8.58	9.05	2773279	91751280.000
05/30/2011	8.80	9.38	8.60	8.84	1726885	55996940.000
05/31/2011	8.74	9.05	8.68	8.99	1242415	39933696.000
06/01/2011	8.94	9.34	8.93	9.13	1149123	37989664.000
06/02/2011	8.87	8.96	8.59	8.71	1225703	38693968.000
06/03/2011	8.73	8.81	8.53	8.73	1064514	33340562.000
06/07/2011	8.64	8.75	8.58	8.66	640044	20049028.000
06/08/2011	8.59	8.67	8.16	8.34	1244697	37561720.000
06/09/2011	8.30	8.47	8.13	8.26	711711	21238636.000
06/10/2011	8.14	8.29	8.07	8.22	720945	21356886.000
06/13/2011	8.18	8.20	7.99	8.13	440751	12913166.000
06/14/2011	8.07	8.38	8.07	8.16	650480	19404822.000
06/15/2011	8.18	8.34	8.03	8.03	513817	15232176.000
06/16/2011	7.92	8.02	7.81	7.81	653975	18658640.000
06/17/2011	7.79	7.89	7.57	7.64	583805	16351971.000
06/20/2011	7.58	7.68	7.35	7.39	680120	18287626.000
06/21/2011	7.34	7.54	7.34	7.51	478923	12898294.000
06/22/2011	7.50	7.50	7.18	7.24	613583	16293531.000
06/23/2011	7.20	7.64	7.13	7.63	858996	23174070.000
06/24/2011	7.57	7.98	7.47	7.92	1006385	28252068.000
06/27/2011	7.92	8.04	7.88	7.94	732111	21089996.000
06/28/2011	7.92	7.97	7.80	7.94	369869	10540969.000
06/29/2011	7.93	8.09	7.82	7.84	562237	16177611.000
06/30/2011	7.86	7.98	7.74	7.91	403515	11526275.000
07/01/2011	7.90	8.29	7.90	8.15	794386	23320522.000
07/04/2011	8.16	8.38	8.16	8.34	572686	17153034.000
07/05/2011	8.35	8.38	8.19	8.27	439951	13211888.000
07/06/2011	8.23	8.68	8.23	8.56	704776	21695748.000
07/07/2011	8.55	9.34	8.55	8.94	1260644	40660692.000
07/08/2011	8.89	9.04	8.77	8.86	620343	19928404.000
07/11/2011	8.85	9.12	8.75	9.09	564210	18373328.000
07/12/2011	8.91	9.02	8.74	8.77	658428	21076880.000
07/13/2011	8.83	9.48	8.64	9.43	841807	27787744.000
07/14/2011	9.37	9.58	9.27	9.48	752240	25681782.000
07/15/2011	9.49	10.43	9.41	9.96	1639859	60358436.000
07/18/2011	9.92	9.98	9.66	9.85	803387	28475906.000
07/19/2011	9.86	9.91	9.42	9.55	855235	29696602.000
07/20/2011	9.59	9.68	9.35	9.56	507354	17469178.000
07/21/2011	9.59	10.00	9.38	9.81	792637	27931112.000
07/22/2011	9.81	10.09	9.63	9.63	715464	25378684.000
07/25/2011	9.73	9.73	8.85	8.95	917621	30552526.000
07/26/2011	9.04	9.18	8.79	9.13	400591	13066487.000
07/27/2011	9.12	9.63	9.00	9.61	986784	33794364.000
07/28/2011	9.41	9.84	9.35	9.66	918507	32039174.000
07/29/2011	9.18	9.27	8.84	8.85	1734767	56914072.000
08/01/2011	8.77	9.21	8.73	9.10	1143412	37043260.000
08/02/2011	9.00	9.03	8.75	9.03	794791	25537548.000
08/03/2011	8.94	9.18	8.82	8.95	723497	23643202.000
08/04/2011	8.95	9.03	8.71	8.74	609696	19463244.000
08/05/2011	8.33	8.57	8.33	8.37	693465	21175756.000
08/08/2011	8.27	8.43	7.74	8.07	677391	19685052.000
08/09/2011	7.84	8.27	7.74	8.21	599607	17445090.000
08/10/2011	8.29	8.54	8.21	8.24	664513	20094064.000
08/11/2011	8.01	8.50	7.96	8.46	503128	15080399.000
08/12/2011	8.49	8.73	8.48	8.63	645739	20117624.000
08/15/2011	8.58	8.82	8.58	8.75	434517	13677298.000
08/16/2011	8.75	8.87	8.69	8.76	508207	16137477.000
08/17/2011	8.71	8.98	8.66	8.88	582990	18597260.000
08/18/2011	8.96	8.96	8.58	8.59	354127	11203277.000
08/19/2011	8.34	8.50	8.31	8.50	335624	10187164.000
08/22/2011	8.49	8.76	8.42	8.64	372843	11645936.000
08/23/2011	8.53	9.49	8.53	9.49	1554284	51680344.000
08/24/2011	9.40	9.54	9.18	9.20	1220827	41310492.000
08/25/2011	9.27	9.29	9.02	9.20	811559	26838644.000
08/26/2011	9.18	9.68	9.16	9.52	1603714	55063852.000
08/29/2011	9.49	9.76	9.41	9.69	1586177	55136348.000
08/30/2011	9.79	10.07	9.57	9.61	1841796	65182120.000
08/31/2011	9.68	10.24	9.63	10.22	1964807	70664960.000
09/01/2011	10.08	10.20	9.89	9.99	961229	34892036.000
09/02/2011	10.04	10.09	9.53	9.90	726049	25755400.000
09/05/2011	9.56	9.89	9.38	9.38	749415	25901674.000
09/06/2011	9.30	9.38	8.78	8.86	1030061	33567560.000
09/07/2011	8.93	9.28	8.85	9.25	833517	27372620.000
09/08/2011	9.29	9.32	8.85	8.87	514836	16969694.000
09/09/2011	8.79	8.98	8.68	8.71	370612	11784026.000
09/13/2011	8.59	8.93	8.44	8.85	441212	13814284.000
09/14/2011	8.87	9.17	8.75	9.12	484210	15691965.000
09/15/2011	9.09	9.37	9.08	9.19	480191	16105322.000
09/16/2011	9.32	9.40	9.05	9.09	355532	11896948.000
09/19/2011	9.01	9.13	8.66	8.78	186975	6009170.000
09/20/2011	8.72	8.96	8.68	8.81	169194	5395305.500
09/21/2011	8.81	9.26	8.74	9.17	333296	10956835.000
09/22/2011	9.10	9.24	8.82	8.82	360461	11810125.000
09/23/2011	8.73	8.87	8.54	8.65	349185	10946310.000
09/26/2011	8.65	8.72	8.46	8.48	206599	6408694.000
09/27/2011	8.53	8.71	8.47	8.68	263153	8185077.500
09/28/2011	8.68	8.95	8.55	8.58	287392	9081768.000
09/29/2011	8.85	8.85	8.51	8.59	309695	9709082.000
09/30/2011	8.63	8.74	8.18	8.26	351701	10612914.000
10/10/2011	8.26	8.34	7.97	8.08	224324	6550438.000
10/11/2011	8.29	8.48	7.91	7.98	279722	8193579.000
10/12/2011	7.91	8.43	7.91	8.40	297693	8903478.000
10/13/2011	8.32	8.82	8.32	8.64	707972	22122068.000
10/14/2011	8.64	8.64	8.46	8.60	247452	7634541.000
10/17/2011	8.59	8.96	8.51	8.82	761417	24115302.000
10/18/2011	8.74	9.07	8.57	8.64	718391	22915026.000
10/19/2011	8.65	8.70	8.46	8.49	281005	8707131.000
10/20/2011	8.49	8.49	8.01	8.13	335173	9893032.000
10/21/2011	8.13	8.13	7.46	7.70	382282	10733074.000
10/24/2011	7.70	7.78	7.28	7.74	426060	11660165.000
10/25/2011	7.75	7.95	7.63	7.88	432483	12259705.000
10/26/2011	7.79	8.09	7.79	7.92	383343	11024574.000
10/27/2011	7.89	8.01	7.74	7.76	365159	10402886.000
10/28/2011	7.88	8.01	7.80	8.00	334614	9573705.000
10/31/2011	8.01	8.23	7.99	8.09	488617	14315529.000
11/01/2011	8.07	8.14	7.85	8.05	520808	15017088.000
11/02/2011	7.91	8.42	7.84	8.35	846701	25082992.000
11/03/2011	8.38	8.63	8.18	8.23	1062047	32268266.000
11/04/2011	8.27	8.40	8.23	8.34	531275	15973704.000
11/07/2011	8.35	8.43	8.29	8.36	289869	8751580.000
11/08/2011	8.36	8.38	8.18	8.25	272682	8176304.500
11/09/2011	8.20	8.41	8.20	8.40	396186	11911854.000
11/10/2011	8.36	8.62	8.29	8.38	732780	22467338.000
11/11/2011	8.41	8.57	8.31	8.42	447462	13595857.000
11/14/2011	8.46	8.73	8.46	8.73	588533	18378422.000
11/15/2011	8.68	8.77	8.58	8.61	378158	11813489.000
11/16/2011	8.61	8.73	8.28	8.32	507433	15614360.000
11/17/2011	8.32	8.84	8.26	8.58	934362	29022244.000
11/18/2011	8.56	8.67	8.39	8.47	677523	20880816.000
11/21/2011	8.38	8.47	8.02	8.14	585415	17332124.000
11/22/2011	8.05	8.17	7.96	8.16	352619	10282782.000
11/23/2011	8.31	8.98	8.31	8.98	1281055	40937244.000
11/24/2011	9.14	9.56	9.11	9.37	3748406	125656992.000
11/25/2011	9.13	9.23	8.86	8.90	2074580	67884152.000
11/28/2011	8.82	8.93	8.63	8.74	1252405	39674752.000
11/30/2011	8.89	9.36	8.66	8.85	2775406	90474856.000
12/01/2011	9.03	9.21	8.67	8.91	1879027	61119648.000
12/02/2011	8.66	8.82	8.30	8.34	1119222	34185728.000
12/05/2011	8.19	8.38	7.97	8.04	717483	20942950.000
12/06/2011	7.99	8.24	7.98	8.13	404346	11819036.000
12/07/2011	8.18	8.21	8.02	8.11	338566	9894835.000
12/08/2011	8.04	8.37	7.84	8.19	621377	18218540.000
12/09/2011	8.07	8.18	8.00	8.01	296240	8640917.000
12/12/2011	8.03	8.15	7.96	8.00	192278	5602247.500
12/13/2011	7.96	7.96	7.63	7.76	359760	10107812.000
12/14/2011	7.79	7.86	7.66	7.68	214232	6003576.500
12/15/2011	7.63	7.87	7.63	7.67	317066	8870474.000
12/19/2011	7.88	8.24	7.85	8.14	1225911	35675692.000
12/20/2011	7.96	8.13	7.91	7.94	622562	18096156.000
12/21/2011	8.04	8.07	7.69	7.70	412300	11755627.000
12/22/2011	7.61	7.69	7.28	7.57	557427	15113929.000
12/23/2011	7.55	7.72	7.51	7.62	314533	8667218.000
12/26/2011	7.60	7.71	7.40	7.41	378591	10328476.000
12/27/2011	7.41	7.41	7.04	7.04	350731	9160522.000
12/28/2011	7.03	7.03	6.72	6.88	354415	8760661.000
12/29/2011	6.78	6.95	6.76	6.85	212778	5291229.000
12/30/2011	6.88	7.21	6.87	7.06	277395	7050665.500
01/04/2012	7.07	7.13	6.71	6.71	294581	7366326.000
01/05/2012	6.70	6.70	6.14	6.18	409361	9530943.000
01/06/2012	6.13	6.38	6.04	6.31	247877	5543927.500
01/09/2012	6.27	6.61	6.14	6.58	301626	7054264.500
01/10/2012	6.55	6.80	6.49	6.78	433223	10469417.000
01/11/2012	6.80	6.98	6.72	6.85	355134	8798254.000
01/12/2012	6.84	6.89	6.73	6.74	296606	7324263.000
01/13/2012	6.77	6.78	6.10	6.21	422406	9732468.000
01/16/2012	6.08	6.19	5.78	5.78	318254	6945211.500
01/17/2012	5.80	6.24	5.77	6.18	393551	8560602.000
01/18/2012	6.09	6.30	5.82	5.84	362418	7975898.500
01/19/2012	5.84	6.24	5.84	5.99	283449	6150348.500
01/20/2012	6.09	6.20	6.01	6.08	282400	6252461.000
01/30/2012	6.07	6.24	5.96	6.18	382803	8507887.000
01/31/2012	6.16	6.17	6.01	6.09	203605	4470593.500
02/01/2012	6.08	6.22	5.99	6.11	248643	5540935.000
02/02/2012	6.13	6.21	6.09	6.20	186849	4153676.500
02/03/2012	6.23	6.34	6.16	6.32	310532	7054315.500
02/06/2012	6.35	6.43	6.29	6.39	273375	6303819.000
02/07/2012	6.35	6.67	6.35	6.44	572884	13515158.000
02/08/2012	6.36	6.65	6.36	6.62	341591	8087780.500
02/09/2012	6.63	6.90	6.54	6.82	546045	13371465.000
02/10/2012	6.74	6.85	6.64	6.67	428766	10470053.000
02/13/2012	6.64	7.00	6.63	6.85	412949	10247683.000
02/14/2012	6.81	6.96	6.79	6.93	283578	7073570.000
02/15/2012	6.91	7.12	6.88	7.11	300020	7626668.000
02/16/2012	7.13	7.17	6.83	6.91	409320	10358447.000
02/17/2012	6.85	6.99	6.73	6.77	397707	9779160.000
02/20/2012	6.91	6.97	6.86	6.89	281897	7044981.500
02/21/2012	6.91	7.28	6.83	7.28	568581	14566993.000
02/22/2012	7.24	7.60	7.23	7.55	567238	15240539.000
02/23/2012	7.50	7.68	7.39	7.60	384248	10467244.000
02/24/2012	7.55	7.62	7.41	7.58	266634	7285754.500
02/27/2012	7.53	7.60	7.43	7.44	322930	8773395.000
02/28/2012	7.43	7.55	7.38	7.43	332137	8959618.000
02/29/2012	7.43	7.45	7.31	7.31	268480	7149978.500
03/01/2012	7.22	7.43	7.22	7.38	154425	4115411.750
03/02/2012	7.38	7.57	7.38	7.57	146283	3961931.250
03/05/2012	7.56	7.57	7.44	7.48	199602	5412983.500
03/06/2012	7.40	7.47	7.32	7.39	118718	3171901.250
03/07/2012	7.29	7.50	7.22	7.39	222517	5932399.500
03/08/2012	7.32	7.51	7.32	7.42	138311	3728481.250
03/09/2012	7.51	8.15	7.44	7.82	629879	17878340.000
03/12/2012	7.79	7.98	7.74	7.88	306046	8696710.000
03/13/2012	7.90	7.93	7.77	7.89	218146	6187933.500
03/14/2012	7.93	8.20	7.58	7.61	615349	17576420.000
03/15/2012	7.73	7.79	7.48	7.66	339962	9389956.000
03/16/2012	7.75	7.96	7.66	7.93	301281	8527069.000
03/19/2012	8.05	8.05	7.83	7.99	243810	7017295.500
03/20/2012	8.02	8.04	7.60	7.68	251483	7069170.500
03/21/2012	7.68	7.72	7.41	7.59	290103	7927050.000
03/22/2012	7.54	7.58	7.49	7.56	88302	2409428.750
03/23/2012	7.46	7.56	7.38	7.44	119995	3227915.250
03/26/2012	7.44	7.50	7.23	7.33	112900	3016977.500
03/27/2012	7.33	7.43	7.27	7.27	113023	3001726.750
03/28/2012	7.19	7.30	6.77	6.79	268362	6810285.000
03/29/2012	6.68	7.10	6.68	6.92	269106	6746698.000
03/30/2012	6.32	6.59	6.27	6.35	604841	13966079.000
04/05/2012	6.24	6.46	6.24	6.44	220448	5104250.500
04/06/2012	6.51	6.51	6.35	6.46	193091	4482186.000
04/09/2012	6.41	6.45	6.34	6.36	116013	2683456.000
04/10/2012	6.48	6.49	6.23	6.43	125034	2869274.750
04/11/2012	6.43	6.47	6.33	6.46	120962	2809106.500
04/12/2012	6.46	6.57	6.43	6.57	217812	5132298.000
04/13/2012	6.57	6.68	6.54	6.66	198681	4759506.500
04/16/2012	6.62	6.62	6.53	6.56	296221	7023935.000
04/17/2012	6.55	6.68	6.38	6.43	281287	6638328.000
04/18/2012	6.43	6.54	6.39	6.53	266839	6263780.000
04/19/2012	6.54	6.63	6.50	6.58	209249	4973522.500
04/23/2012	6.52	6.60	5.98	6.12	453568	10240812.000
04/24/2012	6.04	6.17	5.79	5.88	366185	7814791.500
04/25/2012	5.89	5.89	5.74	5.84	517325	10875939.000
04/26/2012	5.84	5.91	5.81	5.90	456598	9697985.000
04/27/2012	5.85	6.04	5.84	5.99	445928	9621889.000
05/02/2012	6.07	6.10	6.00	6.02	506873	11067633.000
05/03/2012	6.02	6.10	5.93	6.09	396054	8621660.000
05/04/2012	6.23	6.23	6.10	6.21	491806	10983324.000
05/07/2012	6.21	6.30	6.15	6.30	411433	9301529.000
05/08/2012	6.31	6.39	6.24	6.33	334503	7680465.500
05/09/2012	6.32	6.34	6.15	6.16	344530	7770708.500
05/10/2012	6.14	6.41	6.14	6.33	311977	7146747.500
05/11/2012	6.37	6.37	6.26	6.26	216282	4947879.500
05/14/2012	6.34	6.34	6.17	6.22	206810	4687012.500
05/15/2012	6.22	6.24	6.16	6.22	153110	3435124.500
05/16/2012	6.22	6.26	6.17	6.17	118685	2672171.250
05/17/2012	6.17	6.45	6.16	6.36	469170	10820593.000
05/18/2012	6.29	6.43	6.24	6.27	319056	7316372.000
05/21/2012	6.29	6.32	6.15	6.25	150091	3386109.750
05/22/2012	6.28	6.34	6.23	6.33	166767	3809150.000
05/23/2012	6.32	6.35	6.20	6.23	154797	3518951.750
05/24/2012	6.14	6.28	6.13	6.18	205396	4617810.000
05/25/2012	6.18	6.24	5.93	5.95	408849	8920235.000
05/28/2012	5.95	6.01	5.75	6.01	241634	5135223.500
05/29/2012	5.96	6.19	5.94	6.14	289395	6385331.500
05/30/2012	6.15	6.18	6.11	6.17	169330	3770839.250
05/31/2012	6.15	6.34	6.13	6.26	266426	6007710.000
06/01/2012	6.24	6.29	6.23	6.27	181420	4114708.750
06/04/2012	6.17	6.19	6.07	6.07	238645	5292669.500
06/05/2012	6.06	6.13	6.02	6.07	111197	2438534.000
06/06/2012	6.13	6.16	6.02	6.08	73518	1620061.250
06/07/2012	6.13	6.24	6.11	6.14	275831	6168695.000
06/08/2012	6.19	6.28	6.11	6.21	392845	8834243.000
06/11/2012	6.28	6.48	6.20	6.48	629267	14555308.000
06/12/2012	6.46	6.46	6.34	6.34	287860	6645647.000
06/13/2012	6.36	6.55	6.36	6.49	412591	9689567.000
06/14/2012	6.47	6.60	6.35	6.36	351096	8251159.000
06/15/2012	6.47	6.47	6.34	6.41	234994	5449336.500
06/18/2012	6.48	6.59	6.41	6.52	421347	9951709.000
06/19/2012	6.52	6.59	6.48	6.54	249009	5892890.000
06/20/2012	6.54	6.78	6.51	6.68	424652	10263219.000
06/21/2012	6.68	6.68	6.52	6.57	381702	9085040.000
06/25/2012	6.57	6.57	6.48	6.51	227419	5359230.000
06/26/2012	6.51	6.68	6.33	6.60	391273	9234519.000
06/27/2012	6.62	6.73	6.54	6.60	316293	7626128.000
06/28/2012	6.68	6.71	6.49	6.49	296064	7058771.000
06/29/2012	6.47	6.57	6.35	6.54	275376	6457578.500
07/02/2012	6.55	6.68	6.55	6.66	352805	8497070.000
07/03/2012	6.66	6.85	6.60	6.79	530987	13008036.000
07/04/2012	6.80	6.84	6.74	6.80	340123	8365952.000
07/05/2012	6.80	6.80	6.66	6.72	304484	7407630.500
07/06/2012	6.73	6.85	6.55	6.84	374865	9085972.000
07/09/2012	6.77	6.84	6.56	6.58	310042	7529625.500
07/10/2012	6.52	6.56	6.33	6.35	344016	7967334.500
07/11/2012	6.38	6.57	6.37	6.52	257184	6050692.000
07/12/2012	6.49	6.68	6.40	6.66	433328	10266256.000
07/13/2012	6.63	6.70	6.57	6.63	337827	8103046.000
07/16/2012	6.60	6.60	6.23	6.31	338586	7799906.500
07/17/2012	6.31	6.41	6.24	6.41	113944	2619553.250
07/18/2012	6.38	6.38	6.15	6.30	274305	6186756.000
07/19/2012	6.29	6.47	6.24	6.41	208299	4821660.000
07/20/2012	6.41	6.56	6.39	6.54	265891	6256858.000
07/23/2012	6.50	7.13	6.48	6.91	1163476	29251668.000
07/24/2012	6.85	7.52	6.79	7.44	1496520	39054068.000
07/25/2012	7.39	7.39	7.16	7.16	956967	25134982.000
07/26/2012	7.19	7.26	7.02	7.03	650075	16808608.000
07/27/2012	7.06	7.54	7.04	7.29	1228065	32575824.000
07/30/2012	7.24	7.35	6.56	6.63	1182573	29432000.000
07/31/2012	6.68	6.68	6.43	6.43	459689	10866058.000
08/01/2012	6.41	6.65	6.41	6.54	396598	9408040.000
08/02/2012	6.53	7.13	6.53	6.96	735372	18375876.000
08/03/2012	6.96	7.07	6.81	7.04	519814	13078776.000
08/06/2012	6.99	7.35	6.93	7.26	702093	18353654.000
08/07/2012	7.21	7.32	7.10	7.15	484370	12578263.000
08/08/2012	7.17	7.18	6.93	7.04	409944	10447197.000
08/09/2012	7.05	7.43	7.05	7.30	762707	20133004.000
08/10/2012	7.23	7.31	7.11	7.20	463688	12057990.000
08/13/2012	7.17	7.39	7.14	7.14	416026	10956442.000
08/14/2012	7.13	7.35	7.08	7.35	451638	11826600.000
08/15/2012	7.27	7.80	7.27	7.54	1046742	28806488.000
08/16/2012	7.46	7.65	7.38	7.38	524995	14221163.000
08/17/2012	7.39	7.45	7.10	7.30	575389	15036432.000
08/20/2012	7.19	7.38	7.14	7.32	307947	8077734.000
08/21/2012	7.31	7.57	7.25	7.50	456338	12323678.000
08/22/2012	7.47	7.65	7.41	7.41	405441	11041266.000
08/23/2012	7.45	7.56	7.38	7.41	438425	11803356.000
08/24/2012	7.17	7.17	6.69	6.72	1144817	28673216.000
08/27/2012	6.69	6.70	6.57	6.59	442173	10598711.000
08/28/2012	6.60	6.84	6.55	6.84	595013	14541739.000
08/29/2012	6.96	7.53	6.96	7.53	1251493	33561616.000
08/30/2012	7.86	8.01	6.86	7.13	2405879	65823304.000
08/31/2012	6.93	7.09	6.86	6.98	1222144	30783690.000
09/03/2012	6.91	7.68	6.91	7.38	1478088	38962440.000
09/04/2012	7.33	7.40	7.22	7.27	777959	20537112.000
09/05/2012	7.20	7.66	7.13	7.41	1071319	28825852.000
09/06/2012	7.41	7.58	7.33	7.43	740363	19913064.000
09/07/2012	7.49	7.74	7.41	7.60	1195172	32805486.000
09/10/2012	7.54	7.73	7.41	7.59	950365	25991922.000
09/11/2012	7.54	7.58	7.35	7.39	588473	15859014.000
09/12/2012	7.44	7.47	7.28	7.38	461470	12271891.000
09/13/2012	7.34	7.47	7.33	7.34	386765	10353225.000
09/14/2012	7.37	7.46	7.29	7.32	346772	9220112.000
09/17/2012	7.32	7.32	6.96	6.96	403083	10331598.000
09/18/2012	6.96	7.06	6.89	6.94	294194	7412282.000
09/19/2012	6.98	7.04	6.88	7.00	256740	6477011.500
09/20/2012	7.01	7.01	6.69	6.71	351420	8675874.000
09/21/2012	6.64	6.78	6.55	6.60	252513	6098977.500
09/24/2012	6.57	6.74	6.49	6.68	285029	6854968.500
09/25/2012	6.67	6.69	6.50	6.52	193718	4614840.500
09/26/2012	6.52	6.58	6.27	6.29	257745	5942512.000
09/27/2012	6.30	6.48	6.29	6.44	236694	5494247.500
09/28/2012	6.44	6.59	6.39	6.57	209049	4927262.500
10/08/2012	6.53	6.61	6.50	6.54	140500	3339022.000
10/09/2012	6.54	6.84	6.52	6.77	276172	6731905.500
10/10/2012	6.75	7.04	6.68	6.95	462864	11599655.000
10/11/2012	6.91	6.91	6.63	6.66	396766	9719645.000
10/12/2012	6.76	6.78	6.62	6.70	175176	4242647.000
10/15/2012	6.63	6.85	6.55	6.59	147936	3565249.500
10/16/2012	6.56	6.67	6.52	6.59	129461	3100391.250
10/17/2012	6.57	6.69	6.57	6.67	159151	3823884.500
10/18/2012	6.70	6.78	6.65	6.74	268325	6539796.500
10/19/2012	6.74	6.82	6.73	6.75	100996	2468836.250
10/22/2012	6.70	6.80	6.66	6.79	195119	4762295.500
10/23/2012	6.79	6.79	6.60	6.60	187619	4540186.000
10/24/2012	6.56	6.68	6.54	6.59	156080	3725295.000
10/25/2012	6.62	6.62	6.35	6.35	231663	5424295.500
10/26/2012	6.37	6.42	6.24	6.30	194399	4460798.500
10/29/2012	6.25	6.38	6.25	6.29	83654	1914362.000
10/30/2012	6.33	6.37	6.28	6.32	136676	3127043.750
10/31/2012	6.32	6.38	6.31	6.33	59937	1377606.500
11/01/2012	6.38	6.49	6.35	6.48	122137	2848935.000
11/02/2012	6.44	6.48	6.41	6.47	83492	1949529.750
11/05/2012	6.49	6.49	6.36	6.41	74259	1722408.500
11/06/2012	6.38	6.38	6.26	6.34	118387	2705853.500
11/07/2012	6.34	6.38	6.23	6.34	120543	2762158.500
11/08/2012	6.27	6.30	6.18	6.21	102609	2325751.000
11/09/2012	6.18	6.25	6.15	6.21	121706	2733065.750
11/12/2012	6.21	6.29	6.18	6.28	131708	2969240.250
11/13/2012	6.28	6.33	6.23	6.27	191173	4343381.500
11/14/2012	6.29	6.31	6.23	6.31	120313	2728546.250
11/15/2012	6.26	6.28	6.12	6.13	174800	3928612.500
11/16/2012	6.16	6.16	6.04	6.06	119095	2627824.500
11/19/2012	6.06	6.13	5.98	6.09	82804	1814773.500
11/20/2012	6.11	6.19	6.07	6.11	165271	3660803.500
11/21/2012	6.14	6.18	5.98	6.16	129429	2864525.000
11/22/2012	6.12	6.16	6.09	6.13	83199	1845022.750
11/23/2012	6.15	6.21	6.12	6.18	139323	3121300.500
11/26/2012	6.18	6.19	6.05	6.09	74300	1647032.750
11/27/2012	6.04	6.07	5.91	5.91	178710	3874861.250
11/28/2012	5.86	5.91	5.81	5.82	73012	1543419.500
11/29/2012	5.86	5.90	5.74	5.79	152312	3219546.500
11/30/2012	5.74	6.00	5.74	6.00	244201	5221168.500
12/03/2012	5.98	6.11	5.89	6.06	175169	3818394.000
12/04/2012	5.93	6.32	5.88	5.97	196109	4242151.000
12/05/2012	5.89	6.20	5.89	6.16	385246	8503043.000
12/06/2012	6.16	6.19	6.05	6.10	99358	2200795.750
12/07/2012	6.12	6.23	6.11	6.20	131319	2939140.750
12/10/2012	6.24	6.41	6.18	6.29	305500	6989403.000
12/11/2012	6.25	6.29	6.18	6.20	189553	4273313.500
12/12/2012	6.23	6.34	6.13	6.31	273417	6168111.500
12/13/2012	6.22	6.33	6.19	6.21	106630	2417215.250
12/14/2012	6.24	6.49	6.20	6.44	410362	9482575.000
12/17/2012	6.45	6.54	6.39	6.39	297762	6952129.000
12/18/2012	6.41	6.51	6.36	6.38	319942	7461127.500
12/19/2012	6.36	6.63	6.36	6.54	405594	9621188.000
12/20/2012	6.52	6.82	6.43	6.71	602603	14538802.000
12/21/2012	6.66	6.96	6.66	6.91	788154	19522496.000
12/24/2012	6.99	7.07	6.86	7.02	596506	15056960.000
12/25/2012	6.95	7.15	6.95	7.10	686749	17507682.000
12/26/2012	7.09	7.50	7.02	7.38	778548	20610566.000
12/27/2012	7.39	7.45	7.17	7.18	667439	17516722.000
12/28/2012	7.46	7.90	7.35	7.40	1787028	49883968.000
12/31/2012	7.40	7.46	7.05	7.24	832578	21766428.000
01/04/2013	7.27	7.35	7.14	7.27	585715	15310250.000
01/07/2013	7.31	7.43	7.21	7.38	462402	12269894.000
01/08/2013	7.35	7.61	7.32	7.42	609416	16404352.000
01/09/2013	7.35	7.38	7.13	7.20	643203	16861490.000
01/10/2013	7.17	7.29	7.16	7.20	336027	8745171.000
01/11/2013	7.91	7.93	7.49	7.93	1983367	55790952.000
01/14/2013	8.04	8.72	8.04	8.58	2009753	60930404.000
01/15/2013	8.40	8.57	8.22	8.34	1346991	40518596.000
01/16/2013	8.18	8.29	7.96	8.29	795584	23413962.000
01/17/2013	8.21	8.29	8.00	8.01	438262	12795913.000
01/18/2013	8.13	8.79	8.13	8.50	1972061	59808524.000
01/21/2013	8.43	8.43	7.93	7.95	1717083	49850736.000
01/22/2013	7.95	8.00	7.51	7.59	1053784	29546764.000
01/23/2013	7.60	7.75	7.51	7.71	770007	21254354.000
01/24/2013	7.64	7.80	7.34	7.41	707692	19399044.000
01/25/2013	7.42	7.48	7.34	7.46	335271	8972460.000
01/28/2013	7.36	7.68	7.36	7.63	555135	15088796.000
01/29/2013	7.59	7.90	7.56	7.71	808565	22589922.000
01/30/2013	7.67	7.75	7.46	7.57	604592	16573995.000
01/31/2013	7.64	7.64	7.41	7.43	318037	8557121.000
02/01/2013	7.36	7.59	7.36	7.48	342659	9276594.000
02/04/2013	7.51	7.51	7.21	7.25	451516	11867343.000
02/05/2013	7.21	7.54	7.18	7.51	477355	12715965.000
02/06/2013	7.51	7.57	7.46	7.57	285709	7754663.000
02/07/2013	7.57	7.73	7.51	7.66	340089	9334871.000
02/08/2013	7.68	7.76	7.58	7.68	455553	12626902.000
02/18/2013	7.68	7.81	7.63	7.77	410951	11466148.000
02/19/2013	7.77	7.79	7.48	7.48	361909	9935840.000
02/20/2013	7.49	7.68	7.48	7.66	272227	7450576.000
02/21/2013	7.66	7.66	7.46	7.50	333600	9090807.000
02/22/2013	7.56	7.81	7.49	7.79	639323	17766106.000
02/25/2013	7.82	8.34	7.82	8.29	1432130	42062868.000
02/26/2013	8.38	8.40	7.94	7.99	1480799	43820408.000
02/27/2013	7.97	8.28	7.90	8.23	897258	26143482.000
02/28/2013	8.08	8.10	7.67	7.85	1455182	41070080.000
03/01/2013	7.77	7.96	7.74	7.92	774322	21997874.000
03/04/2013	7.79	7.91	7.51	7.60	698835	19416354.000
03/05/2013	7.63	7.84	7.57	7.80	505673	14078961.000
03/06/2013	7.81	7.94	7.78	7.91	622113	17681476.000
03/07/2013	7.96	7.96	7.79	7.86	642768	18220860.000
03/08/2013	7.86	7.99	7.84	7.88	389812	11123189.000
03/11/2013	8.28	8.34	8.01	8.05	1552267	45784964.000
03/12/2013	8.13	8.13	7.51	7.71	767937	21755850.000
03/13/2013	7.68	7.68	7.29	7.54	476660	12846227.000
03/14/2013	7.44	7.65	7.44	7.54	221955	6072582.000
03/15/2013	7.48	7.71	7.44	7.54	302352	8285572.500
03/18/2013	7.52	7.56	7.41	7.51	232875	6273925.000
03/19/2013	7.56	7.56	7.19	7.35	229007	6078932.000
03/20/2013	7.35	7.54	7.35	7.52	214410	5774096.000
03/21/2013	7.54	7.73	7.50	7.58	315212	8683569.000
03/22/2013	7.54	7.72	7.54	7.64	192597	5306472.000
03/25/2013	7.61	7.70	7.61	7.70	152202	4202264.000
03/26/2013	7.65	7.69	7.50	7.55	152001	4152018.000
03/27/2013	7.55	7.62	7.53	7.57	163322	4458489.000
03/28/2013	7.56	7.56	7.21	7.30	263281	6994369.500
03/29/2013	7.30	7.45	7.27	7.40	138438	3669987.000
04/01/2013	7.36	7.42	7.22	7.38	101245	2678740.250
04/02/2013	7.28	7.44	7.17	7.21	178943	4680901.500
04/03/2013	7.18	7.24	7.05	7.08	152972	3912732.000
04/08/2013	7.04	7.13	6.86	7.12	137888	3472391.500
04/09/2013	7.09	7.19	7.02	7.18	124334	3194047.000
04/10/2013	7.12	7.29	7.12	7.21	101668	2652134.750
04/11/2013	7.19	7.23	7.14	7.16	76910	1989474.875
04/12/2013	7.16	7.21	7.05	7.10	103203	2647017.250
04/15/2013	7.10	7.10	6.89	6.97	82456	2066815.750
04/16/2013	6.97	7.01	6.86	7.01	93435	2335825.750
04/17/2013	7.05	7.05	6.94	7.03	94635	2384118.000
04/18/2013	7.03	7.21	6.93	7.16	199623	5093866.500
04/19/2013	7.20	7.40	7.16	7.34	293266	7727558.500
04/22/2013	7.29	7.37	7.22	7.36	203072	5353318.000
04/23/2013	7.29	7.36	7.11	7.16	175403	4574766.500
04/24/2013	7.29	7.70	7.29	7.59	756913	20582714.000
04/25/2013	7.51	7.70	7.44	7.49	521035	14215226.000
04/26/2013	7.49	7.57	7.32	7.44	289119	7721818.500
05/02/2013	7.48	7.70	7.39	7.68	446421	12274781.000
05/03/2013	7.68	7.91	7.63	7.88	696140	19539886.000
05/06/2013	8.07	8.07	7.73	7.78	870708	24785364.000
05/07/2013	7.66	7.99	7.55	7.87	1551202	21714374.000
05/08/2013	7.85	7.95	7.70	7.93	1384143	19542004.000
05/09/2013	7.93	8.59	7.93	8.50	4250206	63908908.000
05/10/2013	8.45	8.48	8.17	8.26	2318348	34668600.000
05/13/2013	8.12	8.22	7.89	8.11	1956139	28235756.000
05/14/2013	8.06	8.06	7.82	7.91	1066706	15244370.000
05/15/2013	7.91	8.42	7.91	8.32	2319936	34425704.000
05/16/2013	8.32	9.05	8.21	8.56	4726788	73274632.000
05/17/2013	8.33	8.59	8.21	8.41	2774914	42110740.000
05/20/2013	8.48	9.21	8.48	9.02	4076621	64874372.000
05/21/2013	8.91	9.60	8.79	9.33	4160389	68984408.000
05/22/2013	9.29	9.32	8.60	8.86	3330551	53949428.000
05/23/2013	8.74	9.75	8.66	9.75	6112784	105330096.000
05/24/2013	10.09	10.73	10.01	10.73	9662715	181011376.000
05/27/2013	10.45	11.58	10.35	11.07	8253371	160356832.000
05/28/2013	10.95	11.07	10.24	10.53	5193676	99211128.000
05/30/2013	11.21	11.58	11.21	11.58	2496054	51649044.000
05/31/2013	12.13	12.74	11.81	12.34	8441091	186338064.000
06/03/2013	11.95	13.04	11.67	12.56	6082121	134137752.000
06/04/2013	12.22	12.47	11.32	11.56	4294848	92029712.000
06/05/2013	11.38	12.13	11.38	11.60	4480422	94991800.000
06/06/2013	11.38	11.49	10.68	10.84	4531331	89897840.000
06/07/2013	10.95	11.12	10.56	10.79	3485935	67983240.000
06/13/2013	10.56	11.08	10.26	11.08	3801254	72934864.000
06/14/2013	11.08	11.80	10.98	11.56	5256744	108146952.000
06/17/2013	11.43	11.78	11.07	11.08	4051264	82850120.000
06/18/2013	10.97	11.12	10.61	11.12	2935189	57299656.000
06/19/2013	10.99	11.71	10.88	11.43	4176109	85566856.000
06/20/2013	11.10	11.22	10.32	10.38	2938396	57637844.000
06/21/2013	9.93	10.32	9.72	10.06	2372938	42782748.000
06/24/2013	9.97	9.97	9.05	9.05	2852135	48641020.000
06/25/2013	9.07	9.96	8.88	9.96	4087889	69471240.000
06/26/2013	9.99	10.61	9.81	10.40	4437776	81606136.000
06/27/2013	10.26	10.94	10.14	10.44	4380951	82982232.000
06/28/2013	10.02	10.41	9.78	9.96	2408014	43901384.000
07/01/2013	9.81	10.35	9.52	10.33	2041334	37009088.000
07/02/2013	10.31	10.64	10.26	10.49	3030140	57351384.000
07/03/2013	10.46	10.50	9.74	10.32	3000122	55017648.000
07/04/2013	10.30	10.82	10.01	10.45	4061345	77205712.000
07/05/2013	10.32	10.42	9.71	9.83	2839965	51756880.000
07/08/2013	9.47	9.59	9.05	9.05	1980690	33206394.000
07/09/2013	9.10	9.37	9.05	9.37	1528121	25419396.000
07/10/2013	9.57	9.98	9.32	9.83	2474502	42850868.000
07/11/2013	9.77	10.03	9.60	9.95	2341200	41471208.000
07/12/2013	9.92	10.32	9.77	9.90	2467085	44892524.000
07/15/2013	9.73	10.17	9.72	10.12	2367074	42847452.000
07/16/2013	10.16	11.13	9.91	11.13	5781699	110117088.000
07/17/2013	10.99	11.22	10.57	10.74	4825740	94890160.000
07/18/2013	10.57	11.42	10.54	11.09	4239613	84498120.000
07/19/2013	10.99	11.39	10.54	10.56	3395343	67314272.000
07/22/2013	10.36	11.21	10.26	11.20	2618784	51357132.000
07/23/2013	11.09	11.49	10.93	11.34	3693166	74743440.000
07/24/2013	11.42	12.12	10.97	11.78	5176854	108510008.000
07/25/2013	12.04	12.74	11.44	11.60	5707949	125293664.000
07/26/2013	11.21	11.70	10.91	11.29	3105375	63105384.000
07/29/2013	11.09	11.92	10.93	11.22	3148535	65159352.000
07/30/2013	10.99	11.31	10.10	10.49	2638037	50581816.000
07/31/2013	10.59	10.82	10.38	10.50	1211083	23122744.000
08/01/2013	10.54	11.01	10.41	10.95	2010965	39194640.000
08/02/2013	11.15	11.85	11.03	11.33	3456384	71495944.000
08/05/2013	11.38	11.72	11.32	11.47	2014290	41832520.000
08/06/2013	11.44	11.93	11.31	11.77	2686554	56407248.000
08/07/2013	11.77	12.38	11.54	11.56	3291207	70948704.000
08/08/2013	11.43	11.67	11.10	11.46	2061610	42281228.000
08/09/2013	11.46	11.63	10.92	11.04	1995324	40282612.000
08/12/2013	10.96	11.27	10.73	10.99	1546855	30609032.000
08/13/2013	10.97	11.27	10.96	11.16	1152201	23120882.000
08/14/2013	11.18	11.36	10.81	11.08	1622994	32447424.000
08/15/2013	10.84	11.24	10.84	11.08	1370253	27283662.000
08/16/2013	11.01	11.29	10.92	11.04	1821813	36527364.000
08/19/2013	10.91	11.47	10.85	11.47	2066166	41936404.000
08/20/2013	11.46	11.53	11.21	11.41	1859822	37967368.000
08/21/2013	11.37	11.85	11.23	11.80	2703171	56323716.000
08/22/2013	11.68	11.72	11.50	11.56	1958458	40952836.000
08/23/2013	11.63	11.68	11.01	11.23	1763645	35997860.000
08/26/2013	11.18	11.48	11.13	11.33	1257575	25600424.000
08/27/2013	11.38	11.43	10.97	11.18	1764483	35399564.000
08/28/2013	11.03	11.31	10.93	10.94	1559352	31222276.000
08/29/2013	10.89	11.03	10.57	10.60	1542402	29827226.000
08/30/2013	10.60	10.86	10.12	10.21	1704652	32214502.000
09/02/2013	10.23	10.72	10.21	10.53	1152639	21788614.000
09/03/2013	10.43	10.53	10.36	10.47	1007906	18975558.000
09/04/2013	10.43	10.67	10.42	10.52	832318	15842069.000
09/05/2013	10.51	10.88	10.21	10.83	2129647	41229100.000
09/06/2013	10.85	11.91	10.80	11.91	4650368	97640176.000
09/09/2013	12.23	12.24	11.66	11.95	4160988	89378832.000
09/10/2013	11.94	12.32	11.57	12.13	3633982	78431464.000
09/11/2013	11.89	11.97	11.11	11.36	2177769	44871708.000
09/12/2013	11.37	11.59	11.22	11.40	1247960	25594412.000
09/13/2013	11.36	11.61	11.18	11.54	1265532	26085568.000
09/16/2013	11.49	11.70	11.38	11.54	975212	20227848.000
09/17/2013	11.49	12.16	11.48	11.88	2278898	48542908.000
09/18/2013	11.88	12.20	11.60	12.10	1686062	36142132.000
09/23/2013	12.27	13.10	12.21	12.36	3719861	84401408.000
09/24/2013	12.18	12.90	12.18	12.42	2420531	54766852.000
09/25/2013	12.17	12.45	11.94	12.18	1705596	37505956.000
09/26/2013	12.01	12.18	11.43	11.64	1354516	28573134.000
09/27/2013	11.47	11.74	11.47	11.69	702001	14713256.000
09/30/2013	11.71	11.84	11.55	11.74	650176	13672388.000
10/08/2013	11.67	12.08	11.56	11.98	974716	20730876.000
10/09/2013	11.93	13.04	11.89	12.65	2652529	60423272.000
10/10/2013	12.49	12.87	12.41	12.66	1476845	33435266.000
10/11/2013	12.63	13.93	12.63	13.93	3908983	95853088.000
10/14/2013	13.82	14.61	13.66	14.21	3224913	82146448.000
10/15/2013	14.19	14.35	13.77	14.19	1538167	38790312.000
10/16/2013	14.08	14.53	13.03	14.31	2260820	56111512.000
10/17/2013	14.02	14.42	13.79	13.85	982503	24908226.000
10/18/2013	13.71	14.02	13.32	13.83	985409	24453790.000
10/21/2013	13.82	15.15	13.67	14.96	1364024	35646772.000
10/22/2013	14.77	15.10	14.49	14.99	1187144	31711524.000
10/23/2013	14.94	15.19	13.51	14.99	1619064	42141844.000
10/24/2013	14.66	15.54	14.43	15.30	1186576	32255762.000
10/25/2013	15.29	15.42	14.63	14.63	1004581	27081108.000
10/28/2013	14.44	14.63	13.22	13.83	1062210	26361200.000
10/29/2013	13.73	14.40	12.53	12.94	1143536	27555932.000
10/30/2013	13.06	13.48	12.56	13.33	580782	13714919.000
10/31/2013	13.17	13.85	12.70	12.95	623949	15043166.000
11/01/2013	12.87	13.82	12.87	13.51	904168	21840918.000
11/04/2013	13.49	14.32	13.33	14.04	891148	22368944.000
11/05/2013	13.94	14.88	13.77	14.62	1196114	31192758.000
11/06/2013	14.60	14.78	14.18	14.42	823613	21426422.000
11/07/2013	14.16	14.43	13.83	14.32	733780	18668520.000
11/08/2013	14.26	14.82	14.16	14.57	1129688	29697332.000
11/11/2013	14.53	14.82	14.19	14.43	569259	14903014.000
11/12/2013	14.32	14.59	13.77	13.77	971151	24640292.000
11/13/2013	13.41	13.53	12.39	12.41	1908516	44097948.000
11/14/2013	12.22	12.92	12.14	12.87	666550	15276033.000
02/28/2014	11.82	12.87	11.58	12.11	2345946	50527932.000
03/03/2014	11.82	12.54	11.66	12.42	2507906	53985412.000
03/04/2014	12.21	13.32	11.99	13.00	2470386	57072592.000
03/05/2014	12.91	13.23	12.78	12.94	1621933	37919940.000
03/06/2014	12.81	12.99	12.27	12.69	1269952	28664802.000
03/07/2014	12.54	12.72	12.27	12.33	976993	21905984.000
03/10/2014	12.16	12.17	11.21	11.29	957955	20133580.000
03/11/2014	11.11	11.36	10.77	11.04	1125838	22424520.000
03/12/2014	11.04	11.17	10.31	10.60	1616279	31047454.000
03/13/2014	10.61	11.02	10.52	10.99	2160824	41622028.000
03/14/2014	10.83	10.93	10.46	10.66	2231566	42924660.000
03/17/2014	10.64	11.10	10.55	11.03	2529102	49437308.000
03/18/2014	10.96	11.23	10.93	11.11	2157215	43029580.000
03/19/2014	11.03	11.42	10.99	11.29	1883418	38002028.000
03/20/2014	11.12	11.37	10.52	10.54	1774470	35315732.000
03/21/2014	10.58	10.77	10.18	10.68	1456654	27470460.000
03/24/2014	10.68	10.80	10.57	10.68	856423	16467842.000
03/25/2014	10.67	10.88	10.50	10.88	1158001	22431604.000
03/26/2014	11.03	11.33	10.93	11.24	1660746	33399288.000
03/27/2014	11.24	11.24	10.69	10.69	1051114	20826182.000
03/28/2014	10.51	10.71	9.99	10.10	1366553	25305900.000
03/31/2014	10.21	10.34	9.99	10.14	745000	13625276.000
04/01/2014	10.13	10.63	10.10	10.59	1159841	21832032.000
04/02/2014	10.54	10.68	10.38	10.66	1148935	21823776.000
04/03/2014	10.67	10.82	10.44	10.65	836170	16050456.000
04/04/2014	10.57	10.74	10.56	10.73	641569	12303136.000
04/08/2014	10.66	10.99	10.48	10.66	769369	14692073.000
04/09/2014	10.68	11.02	10.68	10.83	1105579	21620460.000
04/10/2014	10.87	11.16	10.82	10.93	1422244	28174836.000
04/11/2014	10.82	11.03	10.63	10.77	637098	12403933.000
04/14/2014	10.77	10.96	10.77	10.92	548642	10748178.000
04/15/2014	10.93	11.00	10.72	10.79	558545	10892729.000
04/16/2014	10.69	10.79	10.63	10.72	402174	7762136.000
04/17/2014	10.74	10.92	10.68	10.88	484820	9473329.000
04/18/2014	10.88	11.08	10.77	11.04	815420	16136517.000
04/21/2014	10.99	11.09	10.66	10.71	802989	15799256.000
04/22/2014	10.74	10.74	10.16	10.33	778788	14574569.000
04/23/2014	10.33	10.39	10.20	10.28	485059	8978915.000
04/24/2014	10.27	10.27	10.00	10.11	621862	11332841.000
04/25/2014	10.11	10.20	9.72	9.72	543752	9787893.000
04/28/2014	9.67	9.67	9.32	9.33	618331	10523186.000
04/29/2014	9.32	9.59	9.32	9.58	439626	7492765.500
04/30/2014	9.64	9.98	9.64	9.86	539096	9539283.000
05/05/2014	9.86	10.07	9.77	10.06	490613	8768390.000
05/06/2014	10.04	10.39	9.97	10.27	841748	15509506.000
05/07/2014	10.22	11.29	10.17	11.29	1787605	35734152.000
05/08/2014	11.53	11.59	11.10	11.16	3945517	80777328.000
05/09/2014	10.99	11.08	10.71	10.72	1770039	34576320.000
05/12/2014	10.83	10.98	10.51	10.86	1738242	33698576.000
05/13/2014	10.96	11.27	10.72	11.27	2355861	47032668.000
05/14/2014	11.13	11.44	10.93	11.09	1814738	36514488.000
05/15/2014	11.13	11.24	10.76	10.80	1015949	20073430.000
05/16/2014	10.82	11.54	10.82	11.20	1944745	39412684.000
05/19/2014	11.32	11.32	10.66	10.97	1238767	24421688.000
05/20/2014	10.99	12.07	10.99	11.91	3818458	79996248.000
05/21/2014	11.87	12.32	11.53	12.26	2492392	53229596.000
05/22/2014	12.16	12.26	11.79	11.83	2253899	48948252.000
05/23/2014	11.73	11.99	11.70	11.85	1146915	24526616.000
05/26/2014	11.88	13.03	11.73	12.39	2969828	66252396.000
05/27/2014	12.26	12.68	12.21	12.39	2175353	48655040.000
05/28/2014	12.32	12.52	12.14	12.44	1669327	37144068.000
05/29/2014	12.18	12.28	11.81	11.82	1809303	39228384.000
05/30/2014	12.06	12.68	12.04	12.28	2300566	51282684.000
06/03/2014	12.28	12.54	12.12	12.17	1324709	29402048.000
06/04/2014	12.14	12.32	11.83	12.05	1033508	22339450.000
06/05/2014	11.96	12.21	11.96	12.19	884852	19345966.000
06/06/2014	12.13	13.31	12.13	12.59	2635872	60803836.000
06/09/2014	12.41	13.85	12.31	13.54	3872533	93088080.000
06/10/2014	13.35	13.77	13.02	13.57	2601787	62407364.000
06/11/2014	13.42	13.57	13.24	13.44	1554353	37491188.000
06/12/2014	13.44	14.79	13.44	14.79	4265511	109841632.000
06/13/2014	14.99	16.27	14.93	16.27	3986165	113231928.000
06/16/2014	17.56	17.56	16.34	17.11	7289887	222152784.000
06/17/2014	16.79	17.32	16.43	16.75	5081735	153670400.000
06/18/2014	16.61	16.72	15.62	15.78	4612659	134067784.000
06/19/2014	15.78	16.09	14.75	15.06	4230399	118053648.000
06/20/2014	15.17	16.56	14.89	16.56	4910344	138890368.000
06/23/2014	17.21	17.52	16.69	16.97	6921077	212843648.000
06/24/2014	16.67	17.58	16.22	16.73	5210062	159072352.000
06/25/2014	16.72	18.41	16.48	18.41	6846479	220405008.000
06/26/2014	17.92	19.17	17.78	18.98	6338224	210561760.000
06/27/2014	18.76	19.07	17.96	18.36	4573363	151748720.000
06/30/2014	18.19	18.27	17.45	18.19	3313905	106457976.000
07/01/2014	18.06	18.54	17.61	18.08	2692320	87761272.000
07/02/2014	18.34	19.22	17.61	17.88	3485364	114458280.000
07/03/2014	18.61	19.21	18.07	18.42	4705931	157648320.000
07/04/2014	18.11	18.11	17.36	17.94	3044865	97324584.000
07/07/2014	17.56	17.98	17.51	17.93	1929967	61670020.000
07/08/2014	18.19	18.19	17.63	17.86	1841387	59158816.000
07/09/2014	17.68	17.98	17.16	17.17	2256475	71272776.000
07/10/2014	17.03	17.25	16.69	16.86	1634849	49908680.000
07/11/2014	16.91	17.53	16.56	17.23	1793584	55357680.000
07/14/2014	17.22	17.22	16.40	16.67	1852113	55536396.000
07/15/2014	16.61	16.75	16.33	16.68	1477543	43929708.000
07/16/2014	16.56	17.04	16.56	16.94	1786961	54169952.000
07/17/2014	16.68	17.91	16.68	17.39	2963653	93395008.000
07/18/2014	17.27	17.83	16.98	17.17	1271967	39837712.000
07/21/2014	17.28	17.82	17.17	17.47	1389255	43707956.000
07/22/2014	17.27	17.39	16.41	16.96	1556240	47159160.000
07/23/2014	16.77	16.78	15.31	16.01	2093149	60695568.000
07/24/2014	15.98	16.08	15.56	15.59	735370	20823558.000
07/25/2014	15.56	15.77	15.06	15.29	1020972	28277680.000
07/28/2014	15.34	15.75	15.27	15.74	937499	26210478.000
07/29/2014	15.77	16.55	15.58	16.47	1382018	40153376.000
07/30/2014	16.44	16.49	16.09	16.43	981199	28767674.000
07/31/2014	16.39	17.11	16.18	16.89	1744766	52758304.000
08/01/2014	16.78	17.03	16.57	16.67	854513	25773040.000
08/04/2014	16.61	17.41	16.61	17.31	1610255	49824064.000
08/05/2014	17.31	19.04	17.18	19.04	4423322	146895440.000
08/06/2014	19.06	19.33	18.63	19.10	2560349	87686824.000
08/07/2014	19.12	19.87	18.60	18.72	2273004	78125840.000
08/08/2014	18.82	19.17	18.52	19.06	1538852	52397940.000
08/11/2014	18.89	19.03	18.61	18.87	1223256	41479208.000
08/12/2014	18.72	18.96	18.33	18.54	1346617	44993232.000
08/13/2014	18.50	18.54	17.82	17.95	1654547	54046164.000
08/14/2014	17.97	18.76	17.97	18.23	1387683	45986040.000
08/15/2014	18.16	18.36	17.74	18.16	1562154	50550060.000
08/18/2014	18.18	19.07	18.16	18.22	1446682	47677620.000
08/19/2014	18.36	18.76	18.06	18.70	1913588	63483332.000
08/20/2014	18.72	19.69	18.54	19.69	2515241	86714912.000
08/21/2014	19.66	20.66	19.17	20.49	2741368	97913816.000
08/22/2014	20.21	21.48	20.04	20.84	2278799	85090312.000
08/25/2014	20.91	22.10	20.75	22.04	2343656	90787416.000
08/26/2014	21.74	22.17	20.72	21.11	2025169	77535632.000
08/27/2014	20.92	21.32	20.45	21.05	1418137	53076960.000
08/28/2014	20.99	21.39	20.50	20.51	866923	32676904.000
08/29/2014	20.52	22.56	20.34	22.56	1247045	49041204.000
09/01/2014	23.64	24.66	22.59	24.17	2454279	104652368.000
09/02/2014	23.94	26.39	23.66	25.55	2338376	104802280.000
09/03/2014	25.31	28.11	25.02	28.11	2638520	129144456.000
09/04/2014	28.94	29.61	27.53	28.63	3431024	175665136.000
09/05/2014	28.56	29.17	27.64	27.78	2340790	118607616.000
09/09/2014	27.99	28.16	26.50	27.00	3555229	172430896.000
09/10/2014	26.73	27.44	26.46	27.31	2226071	108344560.000
09/11/2014	27.51	27.51	26.50	26.78	1816851	88393616.000
09/12/2014	26.94	28.89	26.67	28.18	3375936	167574592.000
09/15/2014	28.10	31.00	28.00	31.00	10396202	310897152.000
09/16/2014	30.55	32.54	29.40	31.79	11506854	354815104.000
09/17/2014	31.08	31.79	29.50	30.06	6258868	191043264.000
09/18/2014	29.60	31.09	29.58	30.01	3180630	96188216.000
09/19/2014	29.63	31.08	29.25	30.65	4643824	140939408.000
09/22/2014	30.68	30.90	29.54	30.50	3593894	107946520.000
09/23/2014	30.44	32.38	30.03	32.15	5163530	160471952.000
09/24/2014	31.77	33.53	31.64	32.40	5521330	180166480.000
09/25/2014	32.40	33.45	31.58	33.13	4755946	154922656.000
09/26/2014	32.81	36.44	32.71	35.93	6526427	230541376.000
09/29/2014	36.39	39.51	35.82	39.07	6046756	229087568.000
09/30/2014	38.61	39.77	37.21	37.50	4732457	180956816.000
10/08/2014	38.00	41.25	36.85	41.25	4406479	173050768.000
10/09/2014	41.75	44.65	40.66	43.88	5708719	246140464.000
10/10/2014	44.20	44.20	42.00	42.73	3480600	149148640.000
10/13/2014	42.01	46.00	38.53	44.44	5490400	231200592.000
10/14/2014	43.29	44.94	41.66	41.89	3982636	172067088.000
10/15/2014	41.03	42.53	40.11	40.69	3693138	151975472.000
10/16/2014	40.50	40.50	37.43	37.64	6403986	246972608.000
10/17/2014	37.58	38.60	37.51	38.15	3708798	141121856.000
10/20/2014	38.34	39.58	36.88	38.64	3899734	150908176.000
10/21/2014	38.40	39.48	37.70	37.93	2697828	103574360.000
10/22/2014	37.61	38.99	37.55	38.40	2461245	94208200.000
10/23/2014	38.48	38.80	36.12	36.12	3684770	135720256.000
10/24/2014	35.70	36.65	35.36	35.83	2507823	90270144.000
10/27/2014	35.68	36.30	34.75	35.85	2115428	75325456.000
10/28/2014	35.99	37.47	35.99	37.16	3265074	120527880.000
10/29/2014	37.23	40.88	36.90	40.88	6473095	253920848.000
10/30/2014	40.70	41.89	39.80	39.90	5118504	209018816.000
10/31/2014	39.34	40.27	38.61	39.88	3017076	118340512.000
数据来源:通达信
