300046 台基股份 日线
      日期	    开盘	    最高	    最低	    收盘	    成交量	    成交额
10/08/2010	18.62	19.23	18.61	19.05	555653	22949026.000
10/11/2010	18.79	18.89	17.86	18.08	1339751	53657888.000
10/12/2010	18.06	18.30	17.65	17.83	925386	36380552.000
10/13/2010	17.79	18.17	17.71	18.06	609239	23839416.000
10/14/2010	17.96	18.15	17.64	17.76	500036	19627568.000
10/15/2010	17.76	17.90	17.19	17.30	854856	32870688.000
10/18/2010	17.30	17.30	16.64	17.18	818008	30447776.000
10/19/2010	17.29	18.75	17.21	18.51	1641068	65384192.000
10/20/2010	18.09	18.80	18.09	18.30	1013486	40803144.000
10/21/2010	18.25	18.34	17.81	18.22	437823	17319382.000
10/22/2010	18.18	18.70	18.16	18.58	641626	25947660.000
10/25/2010	18.56	19.10	18.55	18.92	951118	39166712.000
10/26/2010	18.81	19.04	18.18	18.36	845498	34094304.000
10/27/2010	18.23	19.53	18.23	19.05	1589753	66181488.000
10/28/2010	19.08	19.90	19.08	19.61	1205632	51256140.000
10/29/2010	19.56	20.12	19.30	19.65	1478962	63461768.000
11/01/2010	19.95	21.79	19.95	21.50	2252260	102962800.000
11/02/2010	21.50	22.65	21.30	21.30	2212730	104235104.000
11/03/2010	20.86	21.28	20.35	20.38	1055987	47265652.000
11/04/2010	20.39	21.11	20.39	20.76	924263	41347872.000
11/05/2010	20.91	21.14	20.56	20.89	605255	27283798.000
11/08/2010	20.91	21.79	20.91	21.50	693281	32181832.000
11/09/2010	22.25	23.00	21.83	22.05	1314910	63081184.000
11/10/2010	22.25	22.74	21.94	22.60	1078376	51910060.000
11/11/2010	22.50	23.55	21.84	21.85	1297496	63871780.000
11/12/2010	21.80	22.35	20.37	20.40	1560066	71330952.000
11/15/2010	20.53	21.98	20.53	21.94	879658	40240740.000
11/16/2010	21.85	22.70	20.86	21.11	1211197	57268104.000
11/17/2010	20.95	21.70	20.56	20.70	620704	28400450.000
11/18/2010	21.05	21.24	20.65	21.16	689320	31176698.000
11/19/2010	21.34	23.23	21.11	22.81	1323730	63478332.000
11/22/2010	22.81	24.09	22.81	23.62	1682100	85037160.000
11/23/2010	23.60	24.04	22.80	23.93	840898	42189540.000
11/24/2010	23.61	24.42	23.22	23.95	1253377	63873848.000
11/25/2010	23.95	24.14	23.42	23.46	1102548	55749152.000
11/26/2010	23.30	23.70	23.10	23.45	574929	28897456.000
11/29/2010	23.63	24.80	23.23	24.37	1028790	53310936.000
11/30/2010	24.55	24.79	23.15	23.45	1269327	64433112.000
12/01/2010	23.43	24.45	23.31	24.35	721983	37028684.000
12/02/2010	24.55	24.95	24.10	24.11	603150	31723774.000
12/03/2010	24.05	24.05	23.13	23.30	917073	45969280.000
12/06/2010	23.11	23.45	22.13	22.23	895402	43632960.000
12/07/2010	22.17	22.95	22.05	22.88	470638	22871232.000
12/08/2010	22.85	22.97	22.42	22.48	338759	16551817.000
12/09/2010	22.31	22.70	22.31	22.35	226114	10930040.000
12/10/2010	22.34	23.20	22.05	23.04	423045	20683824.000
12/13/2010	23.05	24.04	23.05	23.79	542830	27588230.000
12/14/2010	23.80	23.90	23.55	23.86	542218	27536190.000
12/15/2010	23.86	24.20	23.65	23.74	490766	25151582.000
12/16/2010	23.80	24.23	23.65	24.17	707032	36400968.000
12/17/2010	23.95	24.80	23.95	24.43	531971	27805528.000
12/20/2010	24.68	26.09	24.68	26.05	3896893	213477776.000
12/21/2010	26.07	28.10	25.83	27.45	2657121	153066688.000
12/22/2010	27.10	27.65	26.44	27.00	973536	55768156.000
12/23/2010	26.95	28.83	26.58	28.02	1581059	93516640.000
12/24/2010	27.53	27.78	26.55	26.70	1163888	66873344.000
12/27/2010	26.64	27.38	23.95	24.37	1069821	58366888.000
12/28/2010	23.96	24.37	23.22	24.00	464950	23671992.000
12/29/2010	23.86	25.47	23.86	25.38	681846	36104452.000
12/30/2010	25.38	26.02	24.68	25.72	489797	26696194.000
12/31/2010	25.86	26.01	25.20	26.01	492656	26994964.000
01/04/2011	25.95	26.75	25.60	26.20	554319	30852462.000
01/05/2011	25.95	26.25	25.70	25.70	451170	24946334.000
01/06/2011	25.85	25.91	25.05	25.20	382959	20711788.000
01/07/2011	24.95	25.50	24.32	24.56	338627	18024852.000
01/10/2011	24.31	24.67	23.30	23.50	311527	15998846.000
01/11/2011	23.32	23.50	22.96	23.20	417759	20817576.000
01/12/2011	23.30	25.13	23.30	24.39	275213	14226437.000
01/13/2011	24.55	24.55	23.92	24.20	531421	27380338.000
01/14/2011	24.14	24.14	22.30	22.60	644594	31979540.000
01/17/2011	22.85	23.23	21.82	21.95	568692	27395550.000
01/18/2011	21.98	22.45	21.85	22.18	410340	19642970.000
01/19/2011	22.18	23.03	21.95	22.89	608824	29402980.000
01/20/2011	22.85	24.25	22.73	23.15	833524	42317392.000
01/21/2011	23.13	23.79	22.55	23.10	341731	16876420.000
01/25/2011	21.90	21.95	20.80	20.96	744401	34007168.000
01/26/2011	21.15	22.04	20.87	21.86	292908	13722005.000
01/27/2011	21.78	22.86	21.30	22.54	284724	13746844.000
01/28/2011	22.39	22.90	22.39	22.81	385813	18748766.000
01/31/2011	22.59	22.90	22.31	22.76	305241	14850843.000
02/01/2011	22.99	23.03	22.51	22.67	149374	7297360.000
02/09/2011	22.50	22.77	22.10	22.11	255659	12341429.000
02/10/2011	22.15	23.24	21.91	23.08	454113	22313646.000
02/11/2011	23.40	23.50	23.09	23.31	332089	16604227.000
02/14/2011	23.12	24.09	23.12	23.84	363246	18379066.000
02/15/2011	23.79	24.19	23.65	23.65	362506	18545830.000
02/16/2011	23.65	24.46	23.63	24.41	349873	18114668.000
02/17/2011	24.48	24.78	24.05	24.35	435838	22727822.000
02/18/2011	24.35	24.58	22.80	23.58	363263	18577170.000
02/21/2011	23.41	24.30	23.35	24.10	336240	17162056.000
02/22/2011	24.30	24.39	22.74	22.86	572135	28448306.000
02/23/2011	22.81	23.50	22.78	23.50	925291	45981560.000
02/24/2011	23.40	23.67	22.79	23.09	468896	23387458.000
02/25/2011	22.82	23.09	22.54	22.78	422446	20654596.000
02/28/2011	22.94	22.94	22.31	22.79	385037	18662244.000
03/01/2011	22.79	23.25	22.55	22.74	388647	19008336.000
03/02/2011	22.66	22.66	22.25	22.38	348767	16810528.000
03/03/2011	22.49	22.58	22.13	22.26	463771	22376822.000
03/04/2011	22.30	22.54	21.98	22.25	645096	30745818.000
03/07/2011	22.24	22.46	22.15	22.30	761072	36467596.000
03/08/2011	22.39	22.95	22.39	22.65	930249	45355456.000
03/09/2011	22.65	22.75	22.35	22.70	435687	21114324.000
03/10/2011	22.68	23.30	22.63	22.98	808413	40082476.000
03/11/2011	23.20	23.34	22.85	23.09	853762	42364244.000
03/14/2011	22.96	23.80	22.96	23.39	677062	34071980.000
03/15/2011	23.40	23.68	22.30	22.75	606005	29745798.000
03/16/2011	22.94	23.35	22.60	23.35	506757	25003676.000
03/17/2011	23.23	23.70	23.00	23.20	501628	25128692.000
03/18/2011	23.45	23.59	23.05	23.26	450309	22474908.000
03/21/2011	23.25	23.47	22.44	22.55	704156	34608244.000
03/22/2011	23.30	24.90	23.30	24.25	2015686	104325464.000
03/23/2011	23.74	24.30	23.70	24.27	909344	46780352.000
03/24/2011	24.30	24.73	24.10	24.43	775391	40511840.000
03/25/2011	24.43	24.46	23.74	23.79	878007	45164640.000
03/28/2011	23.65	23.79	22.90	22.91	852142	42639260.000
03/29/2011	22.92	22.95	22.24	22.33	506328	24468834.000
03/30/2011	22.34	22.63	22.05	22.33	266714	12792934.000
03/31/2011	22.40	22.70	22.30	22.38	245740	11905614.000
04/01/2011	22.52	22.76	22.31	22.76	241891	11737146.000
04/06/2011	22.60	23.00	22.30	22.46	254396	12315129.000
04/07/2011	22.47	22.90	22.36	22.79	240279	11702273.000
04/08/2011	22.81	23.05	22.65	23.03	231088	11350436.000
04/11/2011	23.18	23.25	22.45	22.49	401587	19695662.000
04/13/2011	22.30	22.79	21.85	22.79	469948	22593228.000
04/14/2011	23.08	23.24	22.67	22.89	378958	18626714.000
04/15/2011	22.70	22.93	22.45	22.56	213494	10409866.000
04/18/2011	22.70	22.70	22.31	22.51	203955	9866292.000
04/19/2011	22.46	22.54	21.93	22.25	347883	16628843.000
04/20/2011	22.40	22.94	22.31	22.79	470015	23014194.000
04/21/2011	23.09	23.19	21.98	22.09	851114	20106264.000
04/22/2011	21.81	22.11	21.08	21.18	1111565	25285880.000
04/25/2011	21.08	21.08	20.00	20.08	895800	19637146.000
04/26/2011	20.00	20.58	19.81	20.10	734011	15894681.000
04/27/2011	20.47	20.47	19.91	20.14	1189200	25750070.000
04/28/2011	20.01	20.45	19.72	19.72	584681	12501895.000
04/29/2011	19.90	20.09	19.70	20.02	489002	10380663.000
05/03/2011	20.05	20.47	19.80	20.40	315894	6801825.500
05/04/2011	20.17	20.36	19.45	19.50	578800	12290883.000
05/05/2011	19.98	19.98	18.95	19.80	550369	11623606.000
05/06/2011	19.60	20.15	19.41	20.03	336081	7161432.500
05/09/2011	20.08	20.27	19.70	20.00	313481	6741525.000
05/10/2011	19.93	20.16	19.92	19.99	209282	4473015.000
05/11/2011	20.06	20.06	19.50	19.75	342701	7226937.000
05/12/2011	19.75	19.80	19.10	19.10	382020	7962010.000
05/13/2011	18.85	19.30	18.25	18.85	659807	13198203.000
05/16/2011	18.85	19.07	18.83	18.90	264253	5366431.000
05/17/2011	19.05	19.10	18.60	18.83	214949	4355859.500
05/18/2011	19.05	19.05	18.62	19.00	227091	4607378.500
05/19/2011	19.11	19.54	19.05	19.21	364271	7563959.500
05/20/2011	19.35	19.38	19.05	19.22	196310	4044689.750
05/23/2011	19.22	19.22	18.50	18.58	401926	8069161.500
05/24/2011	18.42	19.39	18.10	19.26	567192	11517579.000
05/25/2011	19.26	19.26	18.58	18.74	347416	7044906.000
05/26/2011	18.90	19.04	18.32	18.49	227078	4594701.500
05/27/2011	18.70	18.76	17.98	18.04	245899	4834872.500
05/30/2011	18.01	18.16	17.67	17.67	445007	8610702.000
05/31/2011	17.97	17.99	17.63	17.78	417048	8006293.000
06/01/2011	17.84	18.07	17.79	18.01	209100	4045406.750
06/02/2011	17.67	17.90	17.39	17.90	269898	5142459.000
06/03/2011	17.81	18.40	17.81	18.23	391367	7664170.000
06/07/2011	18.02	18.45	18.01	18.20	233942	4581907.500
06/08/2011	18.11	18.32	18.03	18.18	246314	4806679.000
06/09/2011	18.27	19.18	18.15	18.19	1632550	32864662.000
06/10/2011	18.19	18.35	17.70	18.31	608034	11919020.000
06/13/2011	18.13	18.80	17.61	18.40	524571	10407345.000
06/14/2011	18.62	18.94	18.41	18.52	674124	13548260.000
06/15/2011	18.41	19.10	18.41	18.98	734701	14901820.000
06/16/2011	18.88	19.07	18.36	18.45	428676	8629002.000
06/17/2011	18.38	18.55	18.20	18.20	235914	4658706.000
06/20/2011	18.06	18.42	17.25	17.25	464469	8847547.000
06/21/2011	17.27	17.63	17.27	17.50	888874	16821204.000
06/22/2011	17.56	17.90	17.56	17.89	281128	5381957.000
06/23/2011	17.83	18.70	17.62	18.51	585068	11589859.000
06/24/2011	18.46	18.96	18.42	18.90	772085	15567317.000
06/27/2011	18.88	19.25	18.70	19.10	904645	18561048.000
06/28/2011	19.09	19.12	18.72	18.90	376707	7655845.500
06/29/2011	18.98	19.20	18.79	18.89	324404	6591577.000
06/30/2011	18.89	19.05	18.78	18.94	297393	6050208.000
07/01/2011	18.88	19.40	18.83	19.25	611041	12556164.000
07/04/2011	19.20	20.15	19.20	19.88	1156611	24504478.000
07/05/2011	19.89	20.50	19.81	20.05	888596	19126756.000
07/06/2011	20.05	20.65	19.68	20.42	770131	16627114.000
07/07/2011	20.42	21.22	20.16	21.11	1380635	30772896.000
07/08/2011	20.92	21.20	20.69	21.14	377712	8437011.000
07/11/2011	20.88	21.22	20.81	21.12	308284	6920547.500
07/12/2011	20.90	21.08	20.30	20.78	723216	15965993.000
07/13/2011	20.71	21.60	20.71	21.37	629988	14340086.000
07/14/2011	21.37	21.64	20.96	21.39	519521	11818709.000
07/15/2011	21.12	21.98	21.00	21.89	627940	14470590.000
07/18/2011	21.89	22.07	21.60	21.70	350997	8142923.000
07/19/2011	21.60	22.05	21.45	21.63	705313	16365510.000
07/20/2011	21.63	21.87	19.96	20.40	2515494	54817972.000
07/21/2011	20.40	20.49	19.21	19.50	2443484	51235864.000
07/22/2011	19.60	19.89	19.50	19.81	769004	16251166.000
07/25/2011	19.60	20.00	19.40	19.63	1190648	25046480.000
07/26/2011	19.42	19.78	19.42	19.65	501321	10522755.000
07/27/2011	19.58	20.21	19.47	20.10	554254	11832934.000
07/28/2011	19.99	20.19	19.47	20.16	710552	15144645.000
07/29/2011	20.16	20.23	19.62	19.74	707807	15081663.000
08/01/2011	20.03	20.03	19.56	19.70	348991	7395808.000
08/02/2011	19.70	19.70	19.25	19.30	807508	16722550.000
08/03/2011	19.29	19.76	19.04	19.28	941000	19584836.000
08/04/2011	19.30	19.80	19.28	19.44	610009	12724104.000
08/05/2011	18.80	19.15	18.25	18.88	988678	20026998.000
08/08/2011	18.60	18.60	17.78	17.91	826961	16112082.000
08/09/2011	17.59	18.00	17.01	17.44	635898	12030236.000
08/10/2011	17.78	18.20	17.71	17.98	617772	11991012.000
08/11/2011	17.50	18.69	17.41	18.55	680517	13305116.000
08/12/2011	18.79	18.90	18.46	18.63	473318	9474216.000
08/15/2011	18.90	19.01	18.60	19.01	248127	5023670.500
08/16/2011	18.91	19.55	18.81	19.34	553552	11438042.000
08/17/2011	19.34	19.46	19.12	19.25	225043	4660045.000
08/18/2011	19.25	19.43	18.71	18.77	383296	7869076.000
08/19/2011	18.32	18.61	18.30	18.57	452314	8980258.000
08/22/2011	18.68	19.16	18.60	18.88	379815	7706860.000
08/23/2011	19.03	19.25	18.68	19.24	475641	9738476.000
08/24/2011	19.41	19.80	19.18	19.38	779401	16315867.000
08/25/2011	19.55	19.55	19.03	19.39	495101	10232663.000
08/26/2011	19.36	19.78	19.36	19.60	594781	12498825.000
08/29/2011	19.63	19.79	19.25	19.30	549690	11489527.000
08/30/2011	19.38	19.60	18.42	18.50	667848	13616479.000
08/31/2011	18.37	18.58	18.00	18.50	515323	10113931.000
09/01/2011	18.50	18.70	18.20	18.34	182058	3606338.000
09/02/2011	18.11	18.34	17.30	17.51	940180	17804720.000
09/06/2011	17.11	17.15	16.75	16.95	474290	8705425.000
09/07/2011	16.95	17.55	16.95	17.46	285815	5349459.000
09/08/2011	17.51	17.69	17.15	17.22	347569	6503940.500
09/09/2011	16.96	17.45	16.96	17.20	191380	3560371.250
09/13/2011	17.00	17.37	16.41	17.25	315911	5759063.000
09/14/2011	17.24	17.57	16.77	17.45	174678	3234433.750
09/15/2011	17.53	17.58	17.40	17.43	205130	3872341.500
09/16/2011	17.79	17.79	17.30	17.39	71363	1343381.750
09/19/2011	17.10	17.38	16.85	17.05	164749	3026355.500
09/20/2011	16.83	17.17	16.83	17.00	122519	2252603.500
09/21/2011	17.07	17.64	16.85	17.60	245689	4617504.000
09/22/2011	17.41	17.53	17.01	17.01	108000	2016090.000
09/23/2011	16.85	16.99	16.32	16.80	403167	7249819.500
09/26/2011	16.60	17.55	16.30	16.60	161660	2920935.750
09/27/2011	16.71	16.73	16.32	16.63	100200	1796163.000
09/28/2011	16.78	16.90	16.30	16.31	148731	2686707.000
09/29/2011	16.13	16.40	15.67	16.09	197742	3440304.500
09/30/2011	16.00	16.19	15.80	15.88	114860	1993251.000
10/10/2011	16.02	16.18	15.62	15.91	49225	848533.375
10/11/2011	16.48	16.69	15.66	15.90	101476	1775018.750
10/12/2011	16.30	16.73	15.41	16.65	223932	3979215.000
10/13/2011	16.65	17.00	16.42	16.90	423500	7751765.000
10/14/2011	16.68	16.90	16.59	16.75	115208	2089836.750
10/17/2011	16.89	16.91	16.60	16.66	177557	3211123.000
10/18/2011	16.48	16.50	15.49	15.78	674864	11593330.000
10/19/2011	15.90	16.00	15.61	15.73	210909	3638072.000
10/20/2011	15.57	15.60	14.90	15.30	433552	7169680.500
10/21/2011	15.31	15.55	14.73	14.75	284975	4643217.500
10/24/2011	14.89	15.00	14.43	14.94	181600	2934020.000
10/25/2011	14.95	15.41	14.83	15.38	292277	4838725.000
10/26/2011	15.32	16.29	15.32	16.05	690131	11949158.000
10/27/2011	15.91	16.29	15.91	16.07	270751	4746566.500
10/28/2011	16.40	16.53	16.16	16.50	355809	6300160.500
10/31/2011	16.48	16.73	16.36	16.57	287695	5153670.000
11/01/2011	16.57	16.69	16.26	16.45	281555	5042366.000
11/02/2011	16.10	17.03	15.80	17.01	508496	9164131.000
11/03/2011	17.08	17.50	17.06	17.11	582021	10891379.000
11/04/2011	17.16	17.52	17.15	17.52	373369	6999334.500
11/07/2011	17.55	17.60	17.01	17.05	530721	9943353.000
11/08/2011	17.28	17.28	16.76	16.80	431054	7879055.500
11/09/2011	16.90	17.35	16.78	17.28	279476	5147546.500
11/10/2011	17.01	17.80	17.01	17.36	1032998	19562198.000
11/11/2011	17.36	17.76	17.36	17.45	504591	9577595.000
11/14/2011	17.70	17.95	17.48	17.91	764183	14694029.000
11/15/2011	17.96	18.03	17.77	17.87	419901	8094927.500
11/16/2011	17.82	17.83	17.10	17.34	471120	8913680.000
11/17/2011	17.24	17.58	17.20	17.29	349721	6553093.000
11/18/2011	17.23	17.30	16.35	16.37	435509	7879411.000
11/21/2011	16.56	16.58	15.53	16.00	761926	13111073.000
11/22/2011	15.82	16.02	15.63	15.95	289590	4969301.000
11/23/2011	15.89	16.06	15.63	15.82	343385	5893271.000
11/24/2011	15.63	15.99	15.60	15.85	460349	7906295.000
11/25/2011	15.85	15.98	15.45	15.58	455385	7791527.500
11/28/2011	15.77	15.77	15.34	15.52	176606	2993474.500
11/29/2011	15.72	15.90	15.51	15.86	353663	6054522.500
11/30/2011	15.86	15.93	14.58	14.77	583420	9666667.000
12/01/2011	15.25	15.39	14.77	14.80	710777	11719015.000
12/02/2011	14.75	14.78	14.38	14.49	612011	9727298.000
12/05/2011	14.58	14.59	14.14	14.14	213464	3338502.000
12/06/2011	14.12	14.25	13.79	14.22	199494	3078921.750
12/07/2011	14.22	14.30	14.11	14.27	113909	1780454.250
12/08/2011	14.26	14.83	14.04	14.74	414523	6623846.500
12/09/2011	14.51	14.89	14.42	14.57	138100	2223333.000
12/12/2011	14.58	14.74	14.39	14.57	69623	1109050.250
12/13/2011	14.40	14.45	14.00	14.00	137333	2136068.500
12/14/2011	14.02	14.32	13.79	13.82	163998	2542963.500
12/15/2011	13.80	13.97	13.67	13.76	134831	2053001.625
12/16/2011	13.78	14.27	13.50	14.27	187158	2859035.750
12/19/2011	14.18	14.87	13.76	14.83	376950	5985286.500
12/20/2011	14.75	15.07	14.54	14.59	158856	2566121.750
12/21/2011	14.69	14.79	14.03	14.30	227900	3610079.000
12/22/2011	14.19	14.28	13.70	14.13	181916	2784637.250
12/23/2011	13.91	14.48	13.91	14.33	177142	2760345.250
12/26/2011	14.35	14.43	14.11	14.28	95452	1494384.875
12/27/2011	14.10	14.37	13.80	14.10	233925	3624226.000
12/28/2011	13.90	14.05	13.43	13.98	244745	3704011.250
12/29/2011	13.67	14.15	13.67	14.09	154391	2372219.000
12/30/2011	14.12	14.69	14.06	14.60	218054	3453228.750
01/04/2012	14.78	14.78	13.91	13.96	112500	1769029.500
01/05/2012	13.50	13.94	13.23	13.43	140496	2100901.000
01/06/2012	13.41	13.41	12.61	13.03	267815	3844330.750
01/09/2012	13.03	13.59	12.74	13.51	219680	3219744.250
01/10/2012	13.53	14.09	13.32	14.00	740269	11211555.000
01/11/2012	13.92	14.07	13.71	13.79	439900	6722235.500
01/12/2012	13.80	13.96	13.23	13.26	755346	11258344.000
01/13/2012	13.27	13.28	11.79	11.79	1640286	22082124.000
01/16/2012	11.31	11.59	10.81	10.98	978000	12265861.000
01/17/2012	11.05	11.57	10.89	11.52	631251	8028940.500
01/18/2012	11.62	11.89	10.80	10.86	747485	9494351.000
01/19/2012	10.91	10.91	10.28	10.85	2156310	25911914.000
01/20/2012	10.81	11.28	10.74	11.10	1579985	19563448.000
01/30/2012	11.05	11.32	10.92	11.15	1203613	15126454.000
01/31/2012	11.14	11.17	10.70	10.92	810587	9950062.000
02/01/2012	10.82	11.12	10.80	10.85	463757	5742566.000
02/02/2012	10.97	11.24	10.85	11.18	670501	8338626.500
02/03/2012	11.18	11.86	11.07	11.80	1506283	19543982.000
02/06/2012	11.84	12.25	11.81	12.05	1871568	25265704.000
02/07/2012	11.97	12.04	11.68	11.90	758333	10026204.000
02/08/2012	11.99	12.24	11.79	12.21	584744	7876091.000
02/09/2012	12.21	12.57	12.14	12.28	887704	12244446.000
02/10/2012	12.11	12.38	12.10	12.20	513455	6994103.500
02/13/2012	12.20	12.53	12.02	12.38	789151	10845350.000
02/14/2012	12.40	12.65	12.37	12.60	851432	11875439.000
02/15/2012	12.59	12.76	12.38	12.73	662706	9281604.000
02/16/2012	12.70	13.00	12.55	12.65	995601	14061968.000
02/17/2012	12.65	12.73	12.30	12.46	526466	7316911.500
02/20/2012	12.68	12.94	12.53	12.55	1208592	17066460.000
02/21/2012	12.50	12.72	12.40	12.70	1084457	15154979.000
02/22/2012	12.72	13.16	12.67	13.11	2046568	29344212.000
02/23/2012	13.11	13.25	12.96	13.15	1249558	18151094.000
02/24/2012	13.23	13.40	13.13	13.27	1436428	21066650.000
02/27/2012	13.25	13.46	13.16	13.22	1533115	22591412.000
02/28/2012	13.13	13.27	12.56	12.70	2308959	32786548.000
02/29/2012	12.80	12.80	12.40	12.56	827892	11545855.000
03/01/2012	12.41	12.80	12.41	12.70	1379389	19417898.000
03/02/2012	12.70	12.97	12.69	12.96	1033141	14714962.000
03/05/2012	12.96	13.15	12.91	12.99	1197268	17272506.000
03/06/2012	13.04	13.04	12.55	12.55	1127184	15901929.000
03/07/2012	12.41	12.75	12.36	12.50	1208750	16934734.000
03/08/2012	12.56	13.04	12.52	13.00	1795993	25500084.000
03/09/2012	13.14	13.68	13.03	13.68	2547610	37614092.000
03/12/2012	13.68	14.19	13.60	14.00	3498809	53659284.000
03/13/2012	13.77	14.05	13.55	13.99	2914707	44137996.000
03/14/2012	13.99	14.22	13.22	13.32	3194298	48825960.000
03/15/2012	13.24	13.50	12.95	13.15	1340575	19610188.000
03/16/2012	13.24	13.64	13.15	13.63	1577865	23350256.000
03/19/2012	13.62	13.82	13.36	13.79	1527764	22930808.000
03/20/2012	13.69	13.70	13.15	13.18	1206819	17851778.000
03/21/2012	13.25	13.44	12.80	13.04	1242452	18009416.000
03/22/2012	13.04	13.05	12.78	12.92	584565	8357092.500
03/23/2012	12.90	13.00	12.67	12.75	627672	8909877.000
03/26/2012	12.80	12.89	12.63	12.74	447433	6319108.000
03/27/2012	12.75	12.88	12.71	12.77	540679	7679389.000
03/28/2012	12.65	12.70	11.58	11.61	1485700	19785674.000
03/29/2012	11.28	11.64	11.28	11.45	570266	7355082.500
03/30/2012	11.52	11.59	11.05	11.10	818811	10338969.000
04/05/2012	11.10	11.50	11.07	11.43	833567	10592157.000
04/09/2012	11.42	11.53	11.31	11.43	562631	7232220.000
04/10/2012	11.72	12.08	11.55	11.93	1469328	19389386.000
04/11/2012	11.86	11.92	11.70	11.89	740056	9793129.000
04/12/2012	11.89	12.25	11.81	12.21	927241	12479679.000
04/13/2012	12.25	12.46	12.22	12.45	926894	12739245.000
04/16/2012	12.47	12.98	12.47	12.98	1762633	24907826.000
04/17/2012	12.77	12.77	12.18	12.19	1640593	21632898.000
04/18/2012	12.30	12.45	12.12	12.42	869222	11398498.000
04/19/2012	12.36	12.41	12.09	12.20	957643	12457613.000
04/20/2012	12.15	12.21	12.02	12.21	1062828	13765383.000
04/23/2012	12.16	12.19	11.36	11.37	1365229	16977610.000
04/24/2012	11.33	11.48	11.12	11.30	809286	9759838.000
04/25/2012	11.32	11.54	11.27	11.48	393185	4812316.000
04/26/2012	11.59	11.68	11.40	11.48	557990	6876392.500
04/27/2012	11.43	11.63	11.42	11.61	749845	9232674.000
05/02/2012	11.63	11.78	11.53	11.71	605497	7567405.500
05/03/2012	11.78	11.78	11.63	11.75	484450	6051979.000
05/04/2012	11.75	11.94	11.75	11.91	542575	6863140.000
05/07/2012	11.87	12.06	11.76	12.06	677739	8642140.000
05/08/2012	12.13	12.24	12.00	12.02	573440	7394996.000
05/09/2012	11.93	12.08	11.71	11.71	574782	7248378.500
05/10/2012	11.69	11.86	11.63	11.75	452713	5697149.500
05/11/2012	11.76	11.76	11.23	11.31	2358421	28898554.000
05/14/2012	11.35	11.41	11.29	11.31	722401	8778137.000
05/15/2012	11.27	11.27	11.04	11.24	581182	6926514.000
05/16/2012	11.23	11.27	11.14	11.21	549450	6594230.000
05/17/2012	11.15	11.38	11.15	11.35	513550	6207960.500
05/18/2012	11.32	11.36	11.19	11.29	474189	5731620.000
05/21/2012	11.28	11.35	11.12	11.22	307080	3697075.750
05/22/2012	11.22	11.37	11.22	11.35	292636	3545658.250
05/23/2012	11.37	11.38	11.13	11.14	357921	4305568.000
05/24/2012	11.20	11.29	11.13	11.18	277320	3323169.000
05/25/2012	11.09	11.19	10.85	10.89	470154	5542371.500
05/28/2012	10.78	10.97	10.60	10.97	411334	4756959.500
05/29/2012	10.96	11.17	10.92	11.17	497607	5906225.500
05/30/2012	11.19	11.28	11.12	11.21	358014	4300049.500
05/31/2012	11.17	11.53	11.13	11.53	1124665	13756223.000
06/01/2012	11.54	11.58	11.36	11.42	700039	8592083.000
06/04/2012	11.28	11.42	11.05	11.16	817291	9834412.000
06/05/2012	11.33	11.77	11.33	11.52	1419420	17549210.000
06/06/2012	11.54	11.57	11.22	11.31	697900	8492823.000
06/07/2012	11.39	11.44	11.09	11.10	421590	5082526.500
06/08/2012	11.17	11.26	10.99	11.02	559832	6659190.500
06/11/2012	10.95	11.20	10.91	11.19	389347	4634605.500
06/12/2012	11.14	11.26	11.02	11.05	632861	7565210.500
06/13/2012	11.16	11.30	11.00	11.30	598520	7175428.000
06/14/2012	11.32	11.40	11.14	11.21	641799	7771942.000
06/15/2012	11.21	11.67	11.21	11.55	1266121	15556438.000
06/18/2012	11.52	11.62	11.41	11.57	683283	8413970.000
06/19/2012	11.55	11.70	11.46	11.59	783219	9679860.000
06/20/2012	11.67	11.78	11.56	11.61	844331	10526682.000
06/21/2012	11.59	11.59	11.30	11.35	585426	7143270.000
06/25/2012	11.29	11.29	10.86	10.92	574900	6800786.000
06/26/2012	10.86	10.94	10.75	10.93	294757	3432974.250
06/27/2012	10.85	11.06	10.82	10.86	393668	4624501.500
06/28/2012	10.85	10.90	10.53	10.53	454104	5253038.500
06/29/2012	10.55	10.71	10.49	10.71	543728	6202536.000
07/02/2012	10.80	10.90	10.72	10.80	473305	5487485.000
07/03/2012	10.85	10.97	10.78	10.89	443127	5173667.000
07/04/2012	10.84	10.91	10.58	10.70	471481	5463749.500
07/05/2012	10.71	10.71	10.12	10.17	752772	8391207.000
07/06/2012	10.18	10.29	9.75	10.04	1287485	13844351.000
07/09/2012	9.94	10.08	9.72	9.73	624254	6710247.500
07/10/2012	9.63	9.81	9.63	9.73	267840	2820571.250
07/11/2012	9.70	10.01	9.70	10.00	279073	2985250.000
07/12/2012	9.92	10.09	9.84	10.05	371549	3989518.500
07/13/2012	9.92	9.92	9.51	9.55	949627	9924170.000
07/16/2012	9.26	9.72	9.12	9.16	650285	6579618.000
07/17/2012	9.15	9.37	9.15	9.17	270164	2714294.000
07/18/2012	9.17	9.23	8.86	9.17	377293	3728931.000
07/19/2012	9.05	9.38	9.05	9.27	341135	3439419.500
07/20/2012	9.26	9.33	9.16	9.16	255098	2562397.000
07/23/2012	9.06	9.07	8.90	9.02	219178	2146670.250
07/24/2012	8.95	9.18	8.95	9.09	227748	2250318.250
07/25/2012	9.03	9.18	9.01	9.06	288452	2851978.750
07/26/2012	9.04	9.14	9.01	9.07	217689	2148321.250
07/27/2012	9.17	9.17	9.03	9.09	242210	2390511.750
07/30/2012	9.15	9.21	8.80	8.89	399223	3896595.500
07/31/2012	8.89	8.90	8.65	8.68	318563	3038407.250
08/01/2012	8.74	8.90	8.71	8.80	265942	2551300.500
08/02/2012	8.85	8.85	8.60	8.62	334500	3173811.500
08/03/2012	8.67	9.00	8.59	9.00	579974	5569233.500
08/06/2012	8.85	9.28	8.85	9.21	814128	8040133.500
08/07/2012	9.25	9.25	9.10	9.20	625519	6248196.000
08/08/2012	9.20	9.27	9.11	9.22	558445	5587564.000
08/09/2012	9.34	9.38	9.18	9.35	712756	7197709.500
08/10/2012	9.35	9.40	9.25	9.33	767834	7764574.000
08/13/2012	9.27	9.31	9.01	9.01	652173	6510142.500
08/14/2012	9.01	9.20	8.86	9.16	509698	5003387.000
08/15/2012	9.15	9.15	8.97	8.99	232864	2293486.250
08/16/2012	8.95	9.03	8.87	8.88	311532	3037918.250
08/17/2012	8.89	8.99	8.81	8.97	290498	2823159.750
08/20/2012	8.89	9.11	8.88	9.06	314106	3073606.000
08/21/2012	9.10	9.53	9.08	9.35	1359833	13747039.000
08/22/2012	9.47	9.47	9.26	9.37	633421	6420257.500
08/23/2012	9.35	9.68	9.26	9.67	1114504	11498177.000
08/24/2012	9.60	9.66	9.28	9.28	900124	9221778.000
08/27/2012	9.30	9.30	8.96	9.00	610746	6023447.000
08/28/2012	8.97	9.28	8.92	9.16	561300	5565377.500
08/29/2012	9.12	9.37	9.06	9.25	781416	7877398.000
08/30/2012	9.23	9.33	8.83	8.98	922893	9071696.000
08/31/2012	9.11	9.11	8.90	8.97	379400	3708444.000
09/03/2012	8.92	9.15	8.80	9.12	677298	6642437.000
09/04/2012	9.04	9.40	9.04	9.37	1295785	13014216.000
09/05/2012	9.31	9.68	9.26	9.58	2053599	21143460.000
09/06/2012	9.61	9.70	9.45	9.64	1462249	15168441.000
09/07/2012	9.71	10.00	9.64	9.90	1991448	21187960.000
09/10/2012	9.83	9.97	9.78	9.91	1370437	14649671.000
09/11/2012	9.85	9.89	9.66	9.80	974925	10310728.000
09/12/2012	9.85	9.98	9.62	9.84	916585	9707192.000
09/13/2012	9.84	9.92	9.61	9.63	1032419	10904871.000
09/14/2012	9.98	9.98	9.62	9.77	927872	9781376.000
09/17/2012	9.65	9.76	9.26	9.31	784884	8042647.000
09/18/2012	9.28	9.35	9.11	9.19	493533	4961418.500
09/19/2012	9.20	9.39	9.17	9.36	420820	4240041.000
09/20/2012	9.35	9.36	8.85	8.86	661679	6494137.000
09/21/2012	8.86	8.93	8.73	8.73	624856	6011787.000
09/24/2012	8.73	8.93	8.60	8.76	367253	3491237.250
09/25/2012	8.74	8.82	8.56	8.63	312073	2952950.250
09/26/2012	8.65	8.65	8.28	8.33	441804	4090941.500
09/27/2012	8.33	8.63	8.30	8.58	410099	3801658.000
09/28/2012	8.54	8.84	8.50	8.79	878850	8354399.000
10/08/2012	8.76	8.78	8.61	8.65	452870	4292591.500
10/09/2012	8.70	8.97	8.67	8.97	544293	5273348.500
10/10/2012	8.98	9.06	8.87	9.06	571150	5606348.500
10/11/2012	9.03	9.03	8.86	8.87	437140	4254716.000
10/12/2012	8.92	8.97	8.75	8.91	233485	2256311.750
10/15/2012	8.78	8.84	8.27	8.33	1085310	9999351.000
10/16/2012	8.34	8.41	8.28	8.33	558878	5117854.500
10/17/2012	8.38	8.38	8.26	8.37	588916	5371188.500
10/18/2012	8.38	8.58	8.37	8.56	664192	6170878.000
10/19/2012	8.57	8.58	8.46	8.55	511860	4768500.500
10/22/2012	8.53	8.55	8.40	8.55	500790	4650956.000
10/23/2012	8.57	8.68	8.49	8.50	386156	3612917.500
10/24/2012	8.49	8.61	8.49	8.51	323554	3020376.750
10/25/2012	8.47	8.60	8.46	8.49	475787	4443948.500
10/26/2012	8.46	8.46	8.12	8.13	574571	5219553.000
10/29/2012	8.13	8.14	7.88	8.05	230848	2038581.250
10/30/2012	8.02	8.13	7.95	7.99	235830	2085952.250
10/31/2012	7.99	8.13	7.96	8.04	330440	2911833.750
11/01/2012	8.05	8.23	8.03	8.19	316650	2839253.750
11/02/2012	8.20	8.29	8.17	8.24	251275	2268850.250
11/05/2012	8.20	8.25	8.08	8.12	211101	1887123.875
11/06/2012	8.22	8.23	7.97	8.06	218864	1938019.500
11/07/2012	8.06	8.16	8.01	8.15	195251	1736312.250
11/08/2012	8.10	8.10	7.90	7.92	311019	2731360.750
11/09/2012	7.91	8.03	7.89	7.92	210652	1838941.875
11/12/2012	7.95	8.06	7.95	8.06	248847	2190206.000
11/13/2012	8.07	8.10	7.89	7.89	274718	2410700.500
11/14/2012	7.97	7.97	7.68	7.76	676619	5784107.000
11/15/2012	7.69	7.74	7.51	7.53	266296	2241150.750
11/16/2012	7.53	7.53	7.37	7.44	150294	1236619.250
11/19/2012	7.55	7.59	7.38	7.51	228318	1884562.375
11/20/2012	7.55	7.63	7.50	7.51	216898	1811079.750
11/21/2012	7.57	7.69	7.46	7.69	307900	2583311.750
11/22/2012	7.67	7.70	7.51	7.57	185137	1559998.875
11/23/2012	7.55	7.63	7.51	7.60	228951	1919479.750
11/26/2012	7.61	7.61	7.44	7.46	143800	1196402.000
11/27/2012	7.38	7.38	7.02	7.10	582612	4634415.500
11/28/2012	6.95	7.07	6.95	7.00	301600	2359397.000
11/29/2012	7.06	7.07	6.91	6.92	166101	1294663.750
11/30/2012	6.96	7.06	6.90	7.04	263719	2055782.875
12/03/2012	6.95	7.05	6.91	6.92	285019	2217382.500
12/04/2012	6.99	7.11	6.81	7.07	231495	1795869.000
12/05/2012	7.09	7.48	7.06	7.38	959546	7833868.500
12/06/2012	7.40	7.45	7.31	7.36	286640	2339778.750
12/07/2012	7.36	7.65	7.35	7.61	683964	5682870.000
12/10/2012	7.61	7.72	7.49	7.70	713905	6019146.000
12/11/2012	7.62	7.69	7.56	7.56	356639	3000899.500
12/12/2012	7.58	7.58	7.41	7.52	213904	1774419.250
12/13/2012	7.45	7.57	7.40	7.40	252700	2092610.000
12/14/2012	7.41	7.78	7.41	7.73	910367	7714467.000
12/17/2012	7.75	7.79	7.65	7.78	585613	4987876.000
12/18/2012	7.76	7.87	7.69	7.73	477571	4095291.500
12/19/2012	7.70	7.81	7.70	7.78	449602	3849457.250
12/20/2012	7.75	7.88	7.74	7.86	442164	3811578.500
12/21/2012	7.87	7.97	7.80	7.93	760253	6603000.000
12/24/2012	7.93	8.50	7.92	8.50	820455	7291440.500
12/25/2012	8.23	8.62	8.21	8.62	2046051	18855430.000
12/26/2012	8.53	8.57	8.36	8.53	2900850	26801386.000
12/27/2012	8.47	8.57	8.11	8.11	3058850	27853258.000
12/28/2012	8.13	8.17	7.92	8.10	1900122	16799312.000
12/31/2012	8.10	8.17	8.02	8.12	966743	8616543.000
01/04/2013	8.18	8.22	8.01	8.11	855490	7610234.500
01/07/2013	8.10	8.30	8.08	8.30	1180428	10629611.000
01/08/2013	8.35	8.42	8.22	8.37	1551866	14179116.000
01/09/2013	8.32	8.52	8.28	8.37	1527124	14049311.000
01/10/2013	8.35	8.48	8.31	8.42	1205411	11086908.000
01/11/2013	8.46	8.74	8.38	8.59	3073361	28810366.000
01/14/2013	8.56	8.98	8.55	8.94	2972002	28741834.000
01/15/2013	8.94	9.25	8.80	9.24	2952447	28911956.000
01/16/2013	9.15	9.33	8.87	9.09	2491222	24543154.000
01/17/2013	9.02	9.07	8.58	8.59	2825830	26939970.000
01/18/2013	8.68	8.86	8.55	8.85	2611547	24843084.000
01/21/2013	8.80	8.98	8.75	8.88	1697065	16398644.000
01/22/2013	8.86	9.04	8.71	9.00	2490626	24179126.000
01/23/2013	8.90	8.98	8.59	8.74	1302507	12464097.000
01/24/2013	8.70	8.82	8.35	8.43	1629746	15263668.000
01/25/2013	8.36	8.48	8.11	8.37	1113693	10171664.000
01/28/2013	8.30	8.62	8.30	8.59	893579	8302528.500
01/29/2013	8.57	8.59	8.40	8.50	1829245	16974454.000
01/30/2013	8.48	8.80	8.36	8.60	1422508	13242870.000
01/31/2013	8.50	8.65	8.42	8.50	711100	6618423.000
02/01/2013	8.50	8.55	8.37	8.54	482704	4487417.500
02/04/2013	8.44	8.70	8.40	8.64	2156860	20232436.000
02/05/2013	8.56	8.74	8.51	8.73	1031649	9741551.000
02/06/2013	8.78	8.80	8.64	8.69	777462	7400728.000
02/07/2013	8.71	8.75	8.56	8.72	600164	5680598.000
02/08/2013	8.71	8.90	8.64	8.90	1183111	11389611.000
02/18/2013	8.95	9.03	8.84	9.01	1293646	12617287.000
02/19/2013	9.01	9.01	8.60	8.68	1268850	12199412.000
02/20/2013	8.65	9.03	8.65	9.03	2102040	20310530.000
02/21/2013	8.99	9.15	8.80	8.80	1982179	19329738.000
02/22/2013	8.71	9.01	8.68	8.81	1074236	10373953.000
02/25/2013	8.90	8.90	8.75	8.89	844792	8142892.500
02/26/2013	8.85	8.99	8.73	8.75	1326203	12868560.000
02/27/2013	8.76	8.85	8.40	8.52	1350442	12712248.000
02/28/2013	8.53	8.71	8.44	8.69	986621	9282600.000
03/01/2013	8.68	8.98	8.66	8.98	1701429	16417639.000
03/04/2013	8.92	9.05	8.56	8.59	1712126	16436541.000
03/05/2013	8.61	9.07	8.58	9.06	2300997	22332174.000
03/06/2013	9.10	9.40	9.10	9.40	3452552	34773420.000
03/07/2013	9.41	9.47	8.96	9.10	2662499	26617148.000
03/08/2013	8.95	8.95	8.65	8.71	2595643	24819264.000
03/11/2013	8.71	8.72	8.48	8.59	1616851	15168885.000
03/12/2013	8.56	8.70	8.13	8.24	1674817	15396349.000
03/13/2013	8.25	8.29	7.89	8.04	1058461	9370257.000
03/14/2013	8.01	8.24	8.01	8.06	781477	6954998.500
03/15/2013	8.08	8.19	7.97	8.01	1087777	9686759.000
03/18/2013	8.04	8.04	7.66	7.66	1018644	8736238.000
03/19/2013	7.75	7.84	7.58	7.78	583332	4958990.500
03/20/2013	7.72	8.01	7.72	7.99	1106730	9659057.000
03/21/2013	8.00	8.07	7.96	8.00	871682	7684794.500
03/22/2013	8.00	8.13	7.96	8.06	664157	5870482.500
03/25/2013	8.00	8.12	7.96	8.08	815102	7205392.500
03/26/2013	8.00	8.02	7.82	7.91	1221351	10593011.000
03/27/2013	7.89	8.04	7.88	8.00	959448	8419560.000
03/28/2013	7.98	7.98	7.70	7.70	637380	5459403.000
03/29/2013	7.73	7.79	7.62	7.64	339081	2880668.500
04/01/2013	7.63	7.87	7.61	7.70	433910	3691928.250
04/02/2013	7.70	7.82	7.55	7.67	731089	6174576.000
04/03/2013	7.78	7.86	7.70	7.73	1022218	8757340.000
04/08/2013	7.66	7.79	7.52	7.77	452808	3834526.000
04/09/2013	7.84	7.88	7.78	7.84	716893	6189768.000
04/10/2013	7.88	7.94	7.76	7.81	1143856	9902198.000
04/11/2013	7.83	7.83	7.57	7.60	1294569	10458356.000
04/12/2013	7.61	7.62	7.40	7.42	692584	5469248.500
04/15/2013	7.42	7.42	7.24	7.28	648123	4991189.500
04/16/2013	7.30	7.43	7.15	7.41	488242	3756085.000
04/17/2013	7.41	7.48	7.34	7.47	382059	2987907.500
04/18/2013	7.45	7.50	7.38	7.42	427817	3357163.250
04/19/2013	7.45	7.67	7.43	7.58	1057497	8406276.000
04/22/2013	7.51	7.65	7.51	7.65	705504	5640668.500
04/23/2013	7.66	7.66	7.26	7.34	647240	5068605.000
04/24/2013	7.37	7.56	7.34	7.52	674481	5312948.500
04/25/2013	7.52	7.57	7.41	7.42	729201	5753518.500
04/26/2013	7.37	7.42	7.15	7.15	668927	5124095.000
05/02/2013	7.16	7.25	7.07	7.25	398416	3017779.500
05/03/2013	7.26	7.42	7.26	7.37	645256	5016824.500
05/06/2013	7.39	7.59	7.39	7.53	745586	5905069.500
05/07/2013	7.58	7.68	7.42	7.55	678017	5402886.500
05/08/2013	7.56	7.72	7.56	7.71	1011701	8154147.500
05/09/2013	7.70	7.83	7.61	7.80	1391426	11307046.000
05/10/2013	7.85	7.85	7.67	7.78	1170699	9551040.000
05/13/2013	7.77	7.90	7.71	7.90	1250073	10267423.000
05/14/2013	7.88	7.89	7.57	7.67	1162390	9395036.000
05/15/2013	7.69	7.84	7.65	7.84	1968251	16033949.000
05/16/2013	7.85	7.96	7.80	7.86	2645403	21910414.000
05/17/2013	7.87	8.23	7.79	8.13	3025012	25518292.000
05/20/2013	8.16	8.60	8.09	8.39	2867226	25163824.000
05/21/2013	8.39	8.65	8.31	8.62	3811955	33979708.000
05/22/2013	8.60	8.60	8.25	8.34	2390163	21034760.000
05/23/2013	8.31	8.58	8.21	8.34	2340946	20620566.000
05/24/2013	8.35	8.68	8.34	8.64	2949781	26309780.000
05/27/2013	8.65	8.75	8.52	8.65	2096427	18930988.000
05/28/2013	8.63	8.63	8.34	8.41	2243539	19771350.000
05/29/2013	8.40	8.54	8.36	8.51	1778679	15800401.000
05/30/2013	8.45	8.53	8.38	8.46	1169211	10362833.000
05/31/2013	8.47	8.73	8.44	8.48	1713579	15403804.000
06/03/2013	8.45	8.54	8.27	8.30	1383486	12133590.000
06/04/2013	8.30	8.34	7.98	8.07	1319706	11198597.000
06/05/2013	8.06	8.12	8.00	8.11	779211	6596156.500
06/06/2013	8.07	8.07	7.84	7.88	890988	7435420.000
06/07/2013	7.90	7.96	7.63	7.71	884657	7221586.000
06/13/2013	7.60	7.67	7.30	7.52	950298	7449156.500
06/14/2013	7.64	7.76	7.48	7.72	827975	6673069.000
06/17/2013	7.66	7.89	7.63	7.70	790183	6457803.000
06/18/2013	7.72	7.82	7.60	7.80	732419	5945414.000
06/19/2013	7.72	7.81	7.60	7.78	852093	6890987.500
06/20/2013	7.71	7.74	7.46	7.47	826909	6634392.000
06/21/2013	7.45	7.45	7.23	7.39	769108	5950394.500
06/24/2013	7.37	7.44	6.98	7.09	1098973	8385478.000
06/25/2013	7.06	7.19	6.50	6.97	1161929	8392182.000
06/26/2013	6.94	7.15	6.77	7.13	1121055	8306062.000
06/27/2013	7.09	7.27	6.90	6.90	950667	7138494.000
06/28/2013	6.92	7.07	6.70	6.83	611132	4459615.500
07/01/2013	6.85	7.15	6.83	7.08	498401	3672653.250
07/02/2013	7.17	7.21	7.03	7.15	857176	6459543.000
07/03/2013	7.10	7.29	6.89	7.25	1102713	8249317.500
07/04/2013	7.12	7.32	7.06	7.22	984366	7496952.000
07/05/2013	7.17	7.27	7.04	7.06	563129	4260867.500
07/08/2013	6.96	6.98	6.77	6.92	884979	6454437.500
07/09/2013	6.96	6.99	6.87	6.98	304772	2236245.750
07/10/2013	6.91	7.15	6.91	7.14	535503	3987000.000
07/11/2013	7.07	7.36	7.05	7.32	1129985	8648692.000
07/12/2013	7.28	7.41	7.22	7.22	745076	5752726.000
07/15/2013	7.23	7.41	7.22	7.39	824031	6368931.500
07/16/2013	7.35	7.55	7.34	7.52	1134379	8925990.000
07/17/2013	7.41	7.60	7.34	7.37	1288877	10146503.000
07/18/2013	7.39	7.61	7.31	7.56	1502629	11882481.000
07/19/2013	7.57	7.95	7.45	7.45	2029019	16470394.000
07/22/2013	7.48	7.75	7.26	7.69	1788474	14332598.000
07/23/2013	7.61	7.99	7.61	7.91	1618758	13337422.000
07/24/2013	7.86	8.08	7.75	7.97	1587267	13285822.000
07/25/2013	7.91	8.23	7.70	7.84	3878818	32394452.000
07/26/2013	7.79	7.85	7.50	7.70	1719351	13907773.000
07/29/2013	7.68	7.76	7.52	7.58	723923	5807631.000
07/30/2013	7.56	7.64	7.35	7.56	702216	5563810.000
07/31/2013	7.56	7.78	7.47	7.55	1272649	10203422.000
08/01/2013	7.55	7.86	7.54	7.85	1755161	14308891.000
08/02/2013	7.84	8.30	7.81	8.30	4370242	37241620.000
08/05/2013	8.40	8.74	8.30	8.35	4562246	40569040.000
08/06/2013	8.30	8.58	8.21	8.50	2686222	23634888.000
08/07/2013	8.48	8.48	8.05	8.13	2797857	23999048.000
08/08/2013	8.12	8.36	8.07	8.22	2413281	20831792.000
08/09/2013	8.23	8.27	7.97	8.21	1908892	16253109.000
08/12/2013	8.18	8.35	8.03	8.19	1761439	15106446.000
08/13/2013	8.19	8.48	8.14	8.42	3248541	28550178.000
08/14/2013	8.43	8.45	8.18	8.25	3213764	27957324.000
08/15/2013	8.20	8.33	8.07	8.18	1955424	16847708.000
08/16/2013	8.17	8.40	7.92	7.95	2620027	22616536.000
08/19/2013	7.78	8.13	7.78	8.12	1555281	13036878.000
08/20/2013	8.15	8.37	8.10	8.22	2089449	18051372.000
08/21/2013	8.23	8.73	8.22	8.46	4351027	38736504.000
08/22/2013	8.39	9.28	8.32	8.85	7172471	66223304.000
08/23/2013	8.81	9.09	8.47	8.75	4779944	43605724.000
08/26/2013	8.75	8.84	8.62	8.79	2733551	25057708.000
08/27/2013	8.86	8.86	8.60	8.81	2494685	22787614.000
08/28/2013	8.72	8.75	8.51	8.53	2362471	21339440.000
08/29/2013	8.47	8.67	8.43	8.57	1165231	10424889.000
08/30/2013	8.60	8.60	8.02	8.10	2724769	23735994.000
09/02/2013	8.08	8.35	8.01	8.34	929106	8035947.000
09/03/2013	8.31	8.48	8.24	8.46	916267	8078943.500
09/04/2013	8.48	8.62	8.32	8.50	1099082	9755681.000
09/05/2013	8.58	8.60	8.45	8.56	1443091	12867963.000
09/06/2013	8.50	8.59	8.43	8.54	901392	8015469.000
09/09/2013	8.59	8.59	8.40	8.48	1433907	12707799.000
09/10/2013	8.45	8.55	8.35	8.41	1836761	16170767.000
09/11/2013	8.40	8.40	8.20	8.25	1735284	15042492.000
09/12/2013	8.22	8.29	8.17	8.21	1855479	16008104.000
09/13/2013	8.20	8.34	8.18	8.27	1702745	14782258.000
09/16/2013	8.31	8.39	8.26	8.37	1336332	11689660.000
09/17/2013	8.38	8.38	8.10	8.11	1271800	11002030.000
09/18/2013	8.10	8.26	8.05	8.25	847069	7251815.500
09/23/2013	8.26	8.62	8.25	8.61	2616542	23302436.000
09/24/2013	8.64	8.69	8.51	8.62	1766245	15905080.000
09/25/2013	8.58	8.63	8.50	8.52	1218680	10933546.000
09/26/2013	8.51	8.79	8.48	8.52	1497236	13529520.000
09/27/2013	8.53	8.64	8.46	8.61	745998	6679109.000
09/30/2013	8.60	8.77	8.50	8.74	1484471	13510584.000
10/08/2013	8.70	8.78	8.58	8.74	1453606	13193706.000
10/09/2013	8.64	9.05	8.64	9.00	2726551	25413026.000
10/10/2013	9.01	9.17	8.82	8.90	2382507	22455650.000
10/11/2013	9.05	9.05	8.81	8.99	1281917	11972480.000
10/14/2013	8.95	9.05	8.74	8.99	2333535	21721950.000
10/15/2013	8.91	8.97	8.70	8.78	1293319	11928865.000
10/16/2013	8.80	8.80	8.34	8.38	2532145	22567970.000
10/17/2013	8.41	8.52	8.28	8.42	2811721	24701096.000
10/18/2013	8.45	8.49	8.37	8.38	1176205	10376504.000
10/21/2013	8.43	8.68	8.40	8.68	1753735	15734029.000
10/22/2013	8.69	8.73	8.52	8.56	1448839	13083196.000
10/23/2013	8.56	8.62	8.23	8.26	1401247	12286614.000
10/24/2013	8.23	8.39	8.21	8.29	833576	7240867.000
10/25/2013	8.29	8.40	8.20	8.28	704661	6122443.000
10/28/2013	8.31	8.34	8.10	8.22	823149	7065527.000
10/29/2013	8.22	8.27	7.72	8.02	1131952	9509459.000
10/30/2013	7.98	8.14	7.96	8.13	588969	4999063.000
10/31/2013	8.10	8.32	8.04	8.21	601139	5146351.500
11/01/2013	8.25	8.27	8.09	8.21	412203	3527447.500
11/04/2013	8.22	8.31	8.13	8.24	348850	3019578.500
11/05/2013	8.22	8.34	8.14	8.32	960302	8310655.500
11/06/2013	8.23	8.38	8.19	8.24	628331	5479150.000
11/07/2013	8.20	8.25	8.06	8.08	790034	6731316.000
11/08/2013	7.93	8.07	7.85	7.93	485238	4047458.750
11/11/2013	7.89	8.04	7.80	8.03	721490	5993961.000
11/12/2013	7.98	8.23	7.96	8.16	610018	5200503.000
11/13/2013	8.16	8.16	7.95	8.08	1064968	8974073.000
11/14/2013	8.05	8.39	8.03	8.35	1755359	15203179.000
11/15/2013	8.30	8.65	8.30	8.58	2171477	19400052.000
11/18/2013	8.58	8.70	8.54	8.65	2029252	18326670.000
11/19/2013	8.63	8.87	8.58	8.78	2555639	23322214.000
11/20/2013	8.77	8.78	8.65	8.76	1463251	13340677.000
11/21/2013	8.72	8.85	8.69	8.75	1362097	12475886.000
11/22/2013	8.78	8.79	8.55	8.66	2127762	19239350.000
11/25/2013	8.66	8.83	8.61	8.70	2230426	20397486.000
11/26/2013	8.70	9.61	8.65	9.61	8345238	80670360.000
11/27/2013	9.61	10.46	9.53	10.31	14865881	155670576.000
11/28/2013	10.11	10.28	9.98	10.20	7444702	78281456.000
11/29/2013	10.10	11.26	10.10	11.26	10303525	115948352.000
12/02/2013	10.78	12.43	10.67	11.32	17757907	213395712.000
12/03/2013	10.60	12.46	10.15	12.28	15382947	181719168.000
12/04/2013	11.90	13.55	11.75	12.86	17331051	227272624.000
12/05/2013	12.49	13.80	12.33	12.93	16391425	223258208.000
12/06/2013	12.38	12.65	11.60	11.89	13315919	165211008.000
12/09/2013	11.94	12.20	11.68	11.89	8388704	103186120.000
12/10/2013	11.91	12.10	11.35	11.64	8849186	106551120.000
12/11/2013	11.55	11.92	11.17	11.42	7744022	92221952.000
12/12/2013	11.23	11.84	11.23	11.43	7642806	91443632.000
12/13/2013	11.42	11.85	11.11	11.82	6967738	83049008.000
12/16/2013	11.82	12.06	11.13	11.13	6478888	77183360.000
12/17/2013	11.08	11.16	10.56	10.84	6860745	77184184.000
12/18/2013	10.88	10.90	10.55	10.69	3821978	42344440.000
12/19/2013	10.74	10.87	10.62	10.76	4462675	49787740.000
12/20/2013	10.79	11.05	10.40	10.79	6384842	71606496.000
12/23/2013	10.68	10.81	9.90	10.23	5248171	55998852.000
12/24/2013	10.24	10.62	10.15	10.39	4437378	47875944.000
12/25/2013	10.33	11.26	10.33	11.16	8358186	94430376.000
12/26/2013	11.00	11.16	10.80	10.80	6367280	72379264.000
12/27/2013	10.73	11.78	10.62	11.50	8515838	99151504.000
12/30/2013	11.52	12.69	11.42	12.69	9101798	114241704.000
12/31/2013	12.78	12.92	11.96	12.14	8611399	109644136.000
01/02/2014	11.92	13.39	11.89	12.67	11736317	155690736.000
01/03/2014	12.54	12.88	11.92	12.04	8348489	105654888.000
01/06/2014	12.04	12.04	10.80	10.83	6843671	80825664.000
01/07/2014	10.70	11.20	10.56	11.10	5192196	59231652.000
01/08/2014	11.09	11.85	11.09	11.35	7047522	83796544.000
01/09/2014	11.18	11.46	10.48	10.63	6598063	74979328.000
01/10/2014	10.54	10.80	10.30	10.57	3690117	40442532.000
01/13/2014	10.57	10.90	10.57	10.79	3109029	34643340.000
01/14/2014	10.80	11.80	10.80	11.64	6722118	78861336.000
01/15/2014	11.55	12.19	11.46	11.93	7200877	88427736.000
01/16/2014	11.85	12.08	11.45	11.85	5306547	64540472.000
01/17/2014	11.75	12.18	11.70	11.94	5605549	69624808.000
01/20/2014	11.89	11.89	10.91	11.06	5384457	63289884.000
01/21/2014	11.11	12.21	10.85	12.21	9588214	113648696.000
01/22/2014	12.02	13.18	11.96	12.70	13386410	171934032.000
01/23/2014	12.56	13.07	12.35	12.69	8658724	114000688.000
01/24/2014	12.60	13.48	12.40	13.22	9708544	129756640.000
01/27/2014	12.86	12.97	12.20	12.57	8600465	111850024.000
01/28/2014	12.58	12.71	11.96	12.39	4621249	58683160.000
01/29/2014	12.40	12.69	12.34	12.50	4770547	61694096.000
01/30/2014	12.32	12.47	11.86	11.99	4340192	54062864.000
02/07/2014	11.80	13.23	11.71	13.23	6388825	83959464.000
02/10/2014	14.05	14.59	14.04	14.59	4560071	67793848.000
02/11/2014	15.87	15.87	14.10	14.97	16616340	254671392.000
02/12/2014	14.75	15.57	14.60	14.80	11156086	172640080.000
02/13/2014	14.86	16.32	14.70	15.28	18307650	294108032.000
02/14/2014	14.91	15.46	14.48	15.13	11033979	169471536.000
02/17/2014	15.25	15.99	14.85	15.78	11543593	183358288.000
02/18/2014	15.49	15.72	15.00	15.17	9129897	143467760.000
02/19/2014	15.16	15.45	14.76	15.34	7268170	112490432.000
02/20/2014	15.08	15.27	14.11	14.25	7541790	113404904.000
02/21/2014	14.10	14.85	14.10	14.53	4496675	66902020.000
02/24/2014	14.50	14.98	14.10	14.85	4894399	73559048.000
02/25/2014	14.72	15.09	13.33	13.33	7542841	109719152.000
02/26/2014	12.93	13.15	12.10	12.89	5943565	77858984.000
02/27/2014	12.79	13.12	12.26	12.29	5773534	75925832.000
02/28/2014	12.20	12.67	11.90	12.67	3742191	47520304.000
03/03/2014	12.75	13.03	12.53	13.00	4191852	55034068.000
03/04/2014	12.98	12.98	12.50	12.73	3016001	39556216.000
03/05/2014	12.72	13.00	12.63	12.84	3051640	40409496.000
03/06/2014	12.71	12.79	12.17	12.45	3918899	50163300.000
03/07/2014	12.33	12.54	12.11	12.16	3326561	42318864.000
03/10/2014	12.00	12.00	10.90	10.96	4713224	55392944.000
03/11/2014	10.96	11.33	10.96	11.19	2932972	33837728.000
03/12/2014	11.13	11.44	10.99	11.42	2887079	33668020.000
03/13/2014	11.41	11.65	11.28	11.61	2916885	34545036.000
03/14/2014	11.41	11.71	11.41	11.48	2250470	26836272.000
03/17/2014	11.64	12.10	11.48	11.90	3527672	43296260.000
03/18/2014	12.01	12.27	11.90	11.93	3319936	41404396.000
03/19/2014	12.10	13.00	12.00	12.61	5517081	71075120.000
03/20/2014	12.50	12.70	11.62	11.71	3709086	46720252.000
03/21/2014	11.74	12.46	11.41	12.39	3280488	40554764.000
03/24/2014	12.34	12.58	12.05	12.26	2878136	36453744.000
03/25/2014	12.20	12.33	11.82	12.08	2250478	28029684.000
03/26/2014	12.03	12.34	11.99	12.29	2898732	36490288.000
03/27/2014	12.21	12.28	11.58	11.58	2944233	35919580.000
03/28/2014	11.56	11.64	10.83	10.92	3233224	37437860.000
03/31/2014	10.92	11.20	10.90	10.97	1586058	18177796.000
04/01/2014	11.00	11.39	11.00	11.33	1600888	18684498.000
04/02/2014	11.43	11.43	10.99	11.08	1604615	18516484.000
04/03/2014	11.16	11.46	11.06	11.31	1866514	21841274.000
04/04/2014	11.26	11.49	11.12	11.43	1427025	16806516.000
04/08/2014	11.40	11.55	11.22	11.55	1933979	22806654.000
04/09/2014	11.51	11.99	11.51	11.92	3153707	38611572.000
04/10/2014	12.14	12.15	11.78	11.85	2511258	29999894.000
04/11/2014	11.79	11.79	11.48	11.63	2391049	27711762.000
04/14/2014	11.55	11.91	11.50	11.91	1483964	17491292.000
04/15/2014	11.83	11.93	11.62	11.72	1518454	17873320.000
04/16/2014	11.64	11.78	11.55	11.74	963101	11238790.000
04/17/2014	11.78	12.08	11.66	11.81	2197699	26171738.000
04/18/2014	11.72	11.95	11.72	11.90	1520556	18059222.000
04/21/2014	11.79	11.88	11.53	11.61	1655709	19395942.000
04/22/2014	11.50	11.60	10.87	11.18	2805792	31439706.000
04/23/2014	11.27	11.33	11.09	11.31	1317997	14798121.000
04/24/2014	11.29	11.35	10.92	10.97	1365762	15094772.000
04/25/2014	10.94	11.01	10.62	10.63	1638703	17718688.000
04/28/2014	10.64	10.65	10.13	10.22	1623316	16764387.000
04/29/2014	10.16	10.57	10.15	10.51	962572	9944522.000
04/30/2014	10.51	10.64	10.35	10.55	941581	9917483.000
05/05/2014	10.50	10.68	10.41	10.66	1394744	14721695.000
05/06/2014	10.64	11.00	10.55	10.83	2127284	23090458.000
05/07/2014	10.75	10.90	10.49	10.50	1314410	14051480.000
05/08/2014	10.51	10.78	10.43	10.58	1180925	12556925.000
05/09/2014	10.60	10.65	10.37	10.55	1141198	11962509.000
05/12/2014	10.67	10.87	10.50	10.79	1428154	15316677.000
05/13/2014	10.76	10.94	10.70	10.71	1295452	13997366.000
05/14/2014	10.67	10.76	10.65	10.68	659015	7054603.500
05/15/2014	10.61	10.77	10.33	10.33	1112295	11715411.000
05/16/2014	10.31	10.52	10.15	10.33	805406	8256474.500
05/19/2014	10.35	10.53	10.28	10.52	893196	9304135.000
05/20/2014	10.64	10.92	10.58	10.79	1851080	19952510.000
05/21/2014	10.81	10.86	10.50	10.86	1211560	12978080.000
05/22/2014	10.81	11.06	10.71	10.74	1671721	18223826.000
05/23/2014	10.69	11.18	10.68	11.17	2445981	26904160.000
05/26/2014	11.22	11.47	11.20	11.31	2671525	30321362.000
05/27/2014	11.31	11.70	11.20	11.55	2859731	32920626.000
05/28/2014	11.56	11.88	11.40	11.81	3058001	35774112.000
05/29/2014	11.80	11.92	11.55	11.64	2521874	29484756.000
05/30/2014	11.59	11.74	11.27	11.64	2341991	26934228.000
06/03/2014	11.67	11.74	11.48	11.48	1494938	17295410.000
06/04/2014	11.45	11.54	11.24	11.40	1346252	15309847.000
06/05/2014	11.38	11.81	11.34	11.80	2669291	31226354.000
06/06/2014	11.85	11.93	11.53	11.63	2161068	25351580.000
06/09/2014	11.65	11.74	11.40	11.44	1759635	20244782.000
06/10/2014	11.49	11.83	11.39	11.76	2494630	29128160.000
06/11/2014	11.83	12.47	11.70	12.20	5621927	68351176.000
06/12/2014	12.13	12.35	12.03	12.22	2846318	34587208.000
06/13/2014	12.21	12.49	12.15	12.26	3220973	39741712.000
06/16/2014	12.35	12.45	12.20	12.32	2350929	28948908.000
06/17/2014	12.21	12.26	11.92	11.98	2681168	32240308.000
06/18/2014	11.97	12.03	11.66	11.69	1992155	23550320.000
06/19/2014	11.68	11.79	10.86	11.03	2901788	32839546.000
06/20/2014	11.05	11.20	10.90	11.17	1332712	14752209.000
06/23/2014	11.19	11.54	11.17	11.43	1778055	20240128.000
06/24/2014	11.40	12.17	11.39	12.05	3826863	45264284.000
06/25/2014	13.26	13.26	13.06	13.26	7130391	94529312.000
06/26/2014	13.80	13.95	13.07	13.80	15913833	217509728.000
06/27/2014	13.39	14.50	13.38	13.90	12418437	172944080.000
06/30/2014	13.91	14.55	13.42	13.98	11799774	164700960.000
07/01/2014	14.05	14.11	13.55	13.63	7446038	102197720.000
07/02/2014	13.65	14.00	13.45	13.80	7764197	106792960.000
07/03/2014	13.52	13.70	13.35	13.50	6020032	81245336.000
07/04/2014	13.42	13.68	13.41	13.49	4132716	56069496.000
07/07/2014	13.35	13.35	12.96	13.11	5595770	73275760.000
07/08/2014	13.11	13.42	12.95	13.35	4612168	60889796.000
07/09/2014	13.28	13.85	13.23	13.29	7902298	106923944.000
07/10/2014	13.13	13.45	13.07	13.19	4426745	58401036.000
07/11/2014	13.28	13.28	12.88	13.10	5649091	73996496.000
07/14/2014	13.06	13.07	12.66	12.95	7277017	93409032.000
07/15/2014	13.19	14.00	12.90	13.44	11077668	149247488.000
07/16/2014	13.25	13.39	12.68	12.73	6028682	78319120.000
07/17/2014	12.75	12.84	12.45	12.66	2522628	31772032.000
07/18/2014	12.68	12.79	12.53	12.71	2025374	25681992.000
07/21/2014	12.57	12.68	12.25	12.45	2642694	32806992.000
07/22/2014	12.39	12.74	12.38	12.68	1981612	24965082.000
07/23/2014	12.65	12.82	12.13	12.20	3045789	37933968.000
07/24/2014	12.20	12.28	11.90	12.20	2534136	30678448.000
07/25/2014	12.20	12.30	12.13	12.29	1973700	24138278.000
07/28/2014	12.32	12.65	12.20	12.55	2847910	35399188.000
07/29/2014	12.57	12.78	12.52	12.67	2946578	37257096.000
07/30/2014	12.66	12.78	12.46	12.69	2905938	36670888.000
07/31/2014	12.63	13.04	12.53	12.94	4005462	51246184.000
08/01/2014	12.85	12.97	12.53	12.54	3120435	39763184.000
08/04/2014	12.55	12.75	12.49	12.70	2158282	27250646.000
08/05/2014	12.74	13.09	12.56	13.05	4561375	58713736.000
08/06/2014	13.27	13.61	13.12	13.44	7731999	103463312.000
08/07/2014	13.33	13.37	13.07	13.09	4412213	58281372.000
08/08/2014	13.06	13.24	13.05	13.12	2428053	31893120.000
08/11/2014	13.24	13.53	13.24	13.31	3216661	42984524.000
08/12/2014	13.32	13.39	13.11	13.19	3186396	41979424.000
08/13/2014	13.19	13.37	12.97	13.21	3184893	41869132.000
08/14/2014	13.24	13.58	13.18	13.27	5371096	72014920.000
08/15/2014	13.27	13.55	13.23	13.41	3596609	48326244.000
08/18/2014	13.45	13.73	13.38	13.71	5162450	70083880.000
08/19/2014	13.64	13.98	13.51	13.68	6170441	84804208.000
08/20/2014	13.63	13.88	13.59	13.73	4073013	55960456.000
08/21/2014	13.70	13.79	13.26	13.59	4628198	62498316.000
08/22/2014	13.63	14.30	13.53	14.08	8507910	119278088.000
08/25/2014	14.13	14.27	13.89	14.10	4732785	66710748.000
08/26/2014	14.02	14.24	13.46	13.58	4893881	67927688.000
08/27/2014	13.41	14.30	13.41	14.27	5587240	78084424.000
08/28/2014	14.24	14.36	13.87	14.19	4926103	69523952.000
08/29/2014	14.29	14.70	14.12	14.48	6863019	99325104.000
09/01/2014	14.48	15.33	14.37	15.15	5996412	88984928.000
09/02/2014	15.12	15.42	14.94	15.18	5819420	88073032.000
09/03/2014	15.19	15.24	14.76	15.07	6001858	89921976.000
09/04/2014	15.07	15.42	14.78	15.23	5819842	87809496.000
09/05/2014	15.40	15.95	15.37	15.68	6117162	95419568.000
09/09/2014	16.00	16.30	15.68	16.29	6305357	101632528.000
09/10/2014	16.08	16.72	16.01	16.14	5416205	88358376.000
09/11/2014	16.18	16.39	15.80	15.86	6399325	102903992.000
09/12/2014	15.81	16.27	15.59	16.20	3992126	63647336.000
09/15/2014	16.18	17.49	16.04	17.16	6381791	107036624.000
09/16/2014	17.16	17.87	15.86	15.92	9297184	158562832.000
09/17/2014	16.11	16.36	15.76	16.31	4792430	77043832.000
09/18/2014	16.13	16.39	15.68	15.96	4310134	69027104.000
09/19/2014	16.00	16.14	15.88	16.08	2733600	43783548.000
09/22/2014	15.97	16.37	15.96	16.09	3337042	53932196.000
09/23/2014	16.10	17.02	16.10	16.91	4357322	72885512.000
09/24/2014	16.90	17.98	16.70	17.88	5297968	92747704.000
09/25/2014	17.86	18.40	17.39	17.95	3661581	64993948.000
09/26/2014	17.75	17.96	17.35	17.75	2534787	44884128.000
09/29/2014	17.79	18.10	17.44	17.64	2812878	49609616.000
09/30/2014	17.65	18.76	17.33	18.63	4124022	73695912.000
10/08/2014	18.70	19.30	18.33	18.87	3925560	73974888.000
10/09/2014	18.80	18.99	18.26	18.66	2834995	52873684.000
10/10/2014	18.63	19.38	18.30	19.30	3972100	75617352.000
10/13/2014	19.27	19.27	18.50	18.80	2758500	51880604.000
10/14/2014	18.65	18.88	17.30	17.90	4201330	76914728.000
10/15/2014	17.90	18.14	17.38	18.00	3385983	60130916.000
10/16/2014	17.80	17.89	16.98	16.98	4780020	83635936.000
10/17/2014	16.95	17.09	15.98	16.68	4725010	78255312.000
10/20/2014	16.75	18.05	16.45	17.90	6207986	107263280.000
10/21/2014	17.70	17.90	17.50	17.61	2865673	50671108.000
10/22/2014	17.64	18.30	17.38	17.50	4960759	88972816.000
10/23/2014	17.34	17.98	16.80	16.88	4040721	70012192.000
10/24/2014	16.91	17.15	16.44	16.78	2379250	40048692.000
10/27/2014	16.60	17.14	16.46	17.09	2106214	35540636.000
10/28/2014	17.19	18.18	17.09	17.90	4425065	78440632.000
10/29/2014	18.16	18.17	17.72	17.89	3277390	58711848.000
10/30/2014	17.90	18.07	17.51	17.82	3127842	55629772.000
10/31/2014	17.70	17.82	17.12	17.28	5174878	89727008.000
数据来源:通达信
