300084 海默科技 日线
      日期	    开盘	    最高	    最低	    收盘	    成交量	    成交额
10/08/2010	13.49	13.99	13.44	13.87	888514	24974034.000
10/11/2010	13.94	14.39	13.89	14.39	1572108	44933452.000
10/12/2010	14.71	15.77	14.71	15.07	3471113	107259392.000
10/13/2010	14.59	14.78	14.37	14.62	2030931	59950608.000
10/14/2010	14.59	14.94	14.29	14.29	1211200	35789104.000
10/15/2010	14.29	14.29	13.89	13.93	898677	25615162.000
10/18/2010	13.74	14.19	13.70	14.17	791981	22471912.000
10/19/2010	14.13	15.28	14.13	14.78	1661672	49756300.000
10/20/2010	14.47	15.04	14.45	14.74	1174760	35137352.000
10/21/2010	14.74	14.79	14.45	14.59	554060	16351654.000
10/22/2010	14.61	15.26	14.59	14.89	1148018	34893732.000
10/25/2010	14.77	15.27	14.75	15.06	855825	26122396.000
10/26/2010	15.14	15.29	14.60	14.78	972699	29086230.000
10/27/2010	14.78	14.89	14.38	14.44	621975	18500326.000
10/28/2010	14.44	14.69	14.29	14.53	548686	16068631.000
10/29/2010	14.49	14.71	14.43	14.56	595084	17634662.000
11/01/2010	14.64	15.24	14.62	15.15	1532697	46646232.000
11/02/2010	15.15	15.15	14.72	14.83	1044880	31484470.000
11/03/2010	14.77	14.82	14.34	14.39	856732	25141656.000
11/04/2010	14.39	14.50	14.28	14.43	684816	20022752.000
11/05/2010	14.55	14.59	14.35	14.48	705188	20628048.000
11/08/2010	14.48	14.75	14.44	14.68	1188563	35219596.000
11/09/2010	14.71	15.04	14.60	15.01	1541306	46637516.000
11/10/2010	14.92	15.59	14.83	15.26	1515522	47019200.000
11/11/2010	15.28	16.78	15.19	15.70	1813640	57582488.000
11/12/2010	15.65	16.53	15.59	16.04	3436105	112055072.000
11/15/2010	16.25	17.29	16.05	17.09	3470268	117791360.000
11/16/2010	16.89	17.22	15.69	16.13	2692409	89728832.000
11/17/2010	15.82	16.24	15.10	15.34	1359505	43078312.000
11/18/2010	15.25	16.01	15.25	15.72	1355898	43365288.000
11/22/2010	16.18	16.77	15.76	15.90	1344946	43976492.000
11/23/2010	15.74	16.42	15.43	16.36	1239291	40643196.000
11/24/2010	16.39	17.02	16.12	16.94	1243589	42193824.000
11/25/2010	16.96	17.14	16.54	16.69	1049102	35603580.000
11/26/2010	16.67	17.02	16.55	16.85	856301	29242220.000
11/29/2010	16.79	17.70	16.70	17.57	1875925	66341828.000
11/30/2010	17.37	17.69	16.60	17.04	1230672	42365024.000
12/01/2010	17.04	17.69	17.04	17.13	958743	33484112.000
12/02/2010	17.30	17.49	16.79	17.23	679626	23552112.000
12/03/2010	17.23	17.44	17.04	17.13	454739	15802123.000
12/06/2010	17.17	17.18	16.29	16.50	733659	24645644.000
12/07/2010	16.22	16.73	16.10	16.52	322044	10700279.000
12/08/2010	16.46	16.68	16.33	16.42	413939	13767918.000
12/09/2010	16.39	16.49	16.14	16.30	460394	15212673.000
12/10/2010	16.21	16.74	16.14	16.68	284378	9535994.000
12/13/2010	16.78	17.29	16.71	17.16	464058	16101056.000
12/14/2010	17.05	18.03	17.05	17.88	1088862	39234256.000
12/15/2010	17.96	18.22	17.58	17.92	668866	24252856.000
12/16/2010	17.92	18.12	17.69	17.74	367625	13328914.000
12/17/2010	17.73	17.95	17.73	17.88	357187	12891773.000
12/20/2010	18.02	18.19	17.22	17.94	639677	22872292.000
12/21/2010	17.72	18.00	17.72	17.89	345219	12490900.000
12/22/2010	17.96	17.97	17.50	17.55	290516	10393716.000
12/23/2010	17.57	17.59	16.87	16.89	534001	18561498.000
12/24/2010	16.73	16.89	16.24	16.46	571850	19031456.000
12/27/2010	16.46	16.65	16.10	16.12	391640	13051092.000
12/28/2010	16.11	16.11	15.70	15.93	272065	8725005.000
12/29/2010	15.98	16.69	15.92	16.59	503871	16663081.000
12/30/2010	16.53	18.26	16.40	17.28	754777	26211536.000
12/31/2010	17.29	17.93	16.54	17.69	847585	30085464.000
01/04/2011	17.79	17.79	17.39	17.69	468497	16694587.000
01/05/2011	17.55	17.70	17.41	17.70	702042	24941144.000
01/06/2011	17.69	17.79	17.47	17.70	276699	9868924.000
01/07/2011	17.54	17.89	17.48	17.69	474681	16967366.000
01/10/2011	17.55	17.63	16.63	17.03	570207	19683102.000
01/11/2011	17.03	17.03	16.63	16.98	173708	5918662.500
01/12/2011	16.82	17.04	16.64	17.04	549023	18708604.000
01/13/2011	16.93	17.46	16.87	17.21	261213	9129512.000
01/14/2011	17.22	17.22	16.76	17.03	159050	5449853.500
01/17/2011	16.97	17.19	16.64	17.02	387112	13220806.000
01/18/2011	16.93	17.02	16.69	16.87	141170	4809747.500
01/19/2011	16.98	17.34	16.75	17.34	231140	8031465.500
01/20/2011	17.16	17.78	17.16	17.34	323823	11490549.000
01/21/2011	17.17	17.39	16.80	17.38	340530	11849495.000
01/24/2011	17.13	17.78	17.13	17.34	402330	14268337.000
01/25/2011	17.24	17.24	15.79	16.53	587819	19507634.000
01/26/2011	16.52	16.67	16.10	16.61	213366	7085485.500
01/27/2011	16.39	16.69	16.29	16.62	223828	7495210.500
01/28/2011	16.64	16.64	16.21	16.60	177956	5915683.000
01/31/2011	16.60	16.79	16.32	16.70	148839	4995440.500
02/01/2011	16.62	17.13	16.62	17.01	111693	3815000.000
02/09/2011	16.81	16.90	16.57	16.57	82450	2791967.500
02/10/2011	16.40	16.92	16.40	16.91	181511	6149744.000
02/11/2011	16.94	17.23	16.75	17.14	226323	7836973.000
02/14/2011	17.22	17.44	17.05	17.33	328753	11493884.000
02/15/2011	17.43	17.54	17.11	17.48	357599	12555529.000
02/16/2011	17.24	17.57	17.23	17.51	158612	5594990.500
02/17/2011	17.58	17.72	17.44	17.50	272500	9690963.000
02/18/2011	17.34	17.67	17.29	17.32	165237	5834547.500
02/21/2011	17.32	17.93	17.32	17.79	432272	15550493.000
02/22/2011	18.04	19.47	17.84	19.26	1650728	62840488.000
02/23/2011	19.24	19.24	18.54	19.05	755025	28818294.000
02/24/2011	19.04	19.14	18.39	19.09	430167	16318680.000
02/25/2011	19.23	19.23	18.50	18.95	257950	9816065.000
02/28/2011	19.39	20.27	19.10	19.17	548699	21694204.000
03/01/2011	18.81	19.16	18.68	18.85	539288	20530940.000
03/02/2011	18.85	19.00	18.49	18.60	227281	8555410.000
03/03/2011	18.79	18.79	18.08	18.19	166121	6177751.500
03/04/2011	18.24	18.54	18.14	18.53	174279	6468640.000
03/07/2011	18.59	18.69	18.19	18.59	242871	9042013.000
03/08/2011	18.47	18.62	18.36	18.60	112325	4208035.500
03/09/2011	18.89	18.89	18.36	18.51	185593	6955228.500
03/10/2011	18.38	18.64	18.38	18.55	144880	5423016.000
03/11/2011	18.65	18.73	18.31	18.57	258873	9706329.000
03/14/2011	18.57	18.79	18.51	18.77	194285	7334388.000
03/15/2011	18.77	19.28	18.54	18.82	606855	23173218.000
03/16/2011	18.80	18.97	18.54	18.87	418681	15833534.000
03/17/2011	18.69	18.93	18.55	18.57	354560	13418885.000
03/18/2011	18.61	18.91	18.54	18.57	338245	12783841.000
03/21/2011	18.54	18.54	18.23	18.43	245519	9099598.000
03/22/2011	18.30	18.54	18.20	18.54	143801	5333010.000
03/23/2011	18.34	18.49	18.32	18.34	87062	3233078.000
03/24/2011	18.45	18.46	17.99	18.11	264280	9736898.000
03/25/2011	18.09	18.23	17.80	18.19	220510	8076526.500
03/28/2011	18.19	18.19	17.55	17.57	361700	13041912.000
03/29/2011	17.67	17.72	16.94	17.17	206818	7233031.500
03/30/2011	16.95	17.20	16.45	16.60	220451	7439507.000
03/31/2011	16.60	16.78	16.52	16.66	101041	3401313.750
04/01/2011	16.57	16.78	16.55	16.70	74611	2515416.500
04/06/2011	16.84	16.88	16.37	16.37	172800	5774629.000
04/07/2011	16.54	16.59	15.85	16.14	247409	8042239.000
04/08/2011	16.04	16.28	15.91	16.27	137805	4512916.000
04/11/2011	16.37	16.58	16.09	16.52	148937	4927069.000
04/12/2011	16.48	16.48	16.05	16.32	119786	3941120.500
04/13/2011	16.26	16.78	16.24	16.65	100600	3370743.500
04/14/2011	16.61	16.71	16.26	16.30	70078	2344382.750
04/15/2011	16.51	16.53	16.19	16.43	45345	1507779.875
04/18/2011	16.45	16.58	16.39	16.53	40798	1363127.125
04/19/2011	16.45	16.45	15.98	16.18	111150	3648197.000
04/20/2011	16.10	16.43	15.99	16.40	101961	3326132.000
04/21/2011	16.42	16.87	16.29	16.58	206631	6936872.000
04/22/2011	16.57	16.57	16.22	16.39	82106	2725226.000
04/25/2011	16.82	17.37	16.54	16.70	216705	7376119.500
04/26/2011	16.50	16.89	16.34	16.69	126610	4239049.000
04/27/2011	16.68	16.78	16.29	16.59	86860	2919878.000
04/28/2011	16.45	16.87	15.64	16.26	120232	3968379.500
04/29/2011	16.26	16.26	15.61	16.12	185244	5950335.500
05/03/2011	15.94	16.12	15.80	16.12	74945	2429679.500
05/04/2011	16.08	16.08	15.77	15.91	132856	4265746.500
05/05/2011	15.79	16.03	15.67	15.74	124848	3993777.250
05/06/2011	15.74	15.77	15.32	15.51	96020	3019551.250
05/09/2011	15.41	15.61	14.79	15.58	71699	2239166.000
05/10/2011	15.59	15.74	15.40	15.59	31900	1004133.000
05/11/2011	15.65	15.73	15.59	15.64	43255	1372829.750
05/12/2011	15.61	15.77	15.42	15.60	57118	1807207.625
05/13/2011	15.73	15.73	15.43	15.59	50000	1572023.750
05/16/2011	15.59	15.78	15.59	15.64	44445	1410923.125
05/17/2011	15.66	15.76	15.58	15.64	59150	1876983.000
05/18/2011	15.63	15.63	15.06	15.49	57900	1811581.000
05/19/2011	15.44	15.59	15.29	15.59	101501	3172195.500
05/20/2011	15.41	15.97	15.41	15.89	98756	3149255.750
05/23/2011	15.70	16.04	14.44	14.88	403674	12240653.000
05/24/2011	14.49	15.12	14.49	14.94	169372	5078676.500
05/25/2011	14.84	15.00	14.54	14.74	57611	1715083.125
05/26/2011	14.65	14.77	14.44	14.45	53865	1594171.125
05/27/2011	14.21	14.38	13.81	14.05	68600	1965393.000
05/30/2011	13.97	14.14	13.89	13.89	107750	3061691.500
05/31/2011	14.04	14.04	13.81	14.02	90401	2565335.250
06/01/2011	14.02	14.32	13.99	14.32	95168	2743039.250
06/02/2011	14.15	14.36	14.01	14.16	79546	2270608.500
06/07/2011	14.38	14.43	14.10	14.24	66746	1922527.375
06/08/2011	14.06	14.43	13.99	14.26	75088	2164833.500
06/09/2011	14.44	14.53	14.23	14.31	106632	3111179.250
06/10/2011	14.19	14.42	14.19	14.31	66046	1917172.125
06/13/2011	14.23	14.43	14.09	14.35	32536	942495.188
06/14/2011	14.35	14.58	14.35	14.49	99402	2920996.000
06/15/2011	14.50	14.56	14.31	14.35	72361	2117909.000
06/16/2011	14.35	14.40	13.69	14.06	142971	2023844.375
06/17/2011	14.14	14.14	13.80	13.80	74667	1043282.000
06/20/2011	13.71	13.89	13.49	13.50	173840	2391414.000
06/21/2011	13.66	13.66	13.40	13.60	113300	1542280.000
06/22/2011	13.60	13.60	13.34	13.45	118050	1599534.500
06/23/2011	13.29	13.71	13.24	13.66	296724	4035225.000
06/24/2011	13.54	14.01	13.41	13.88	978468	13563977.000
06/27/2011	13.91	14.17	13.69	14.05	1322015	18558712.000
06/28/2011	14.01	14.13	13.84	14.07	1270078	17960200.000
06/29/2011	14.09	14.11	13.89	13.91	1270147	17959492.000
06/30/2011	13.84	14.14	13.74	14.09	1783690	25165940.000
07/01/2011	14.11	14.24	13.70	13.76	3000310	42339376.000
07/04/2011	13.51	14.07	13.51	14.01	3183165	44197276.000
07/05/2011	14.01	14.68	14.01	14.68	3300178	47596996.000
07/06/2011	14.68	14.72	14.25	14.39	2389109	34787528.000
07/07/2011	14.27	15.02	14.27	14.68	2984838	43948204.000
07/08/2011	14.59	15.36	14.56	15.12	3286910	49844860.000
07/11/2011	14.94	15.15	14.89	15.15	2719674	41152240.000
07/12/2011	15.05	15.05	14.07	14.44	4568758	66673596.000
07/13/2011	14.30	14.79	14.20	14.73	3536601	51420104.000
07/14/2011	14.66	14.86	14.39	14.72	3856854	56735644.000
07/15/2011	14.71	15.84	14.68	15.39	7072389	109997024.000
07/18/2011	15.37	16.05	15.26	15.79	5120653	81005408.000
07/19/2011	15.59	15.88	15.21	15.57	4053311	63665780.000
07/20/2011	15.71	15.83	15.15	15.54	2235411	34909148.000
07/21/2011	15.39	15.49	14.57	14.64	4142118	62282260.000
07/22/2011	14.64	14.75	14.14	14.35	5086014	73919592.000
07/25/2011	14.17	14.29	13.39	13.66	3026477	42294416.000
07/26/2011	13.66	13.88	13.44	13.81	2179049	29934360.000
07/27/2011	13.76	13.99	13.62	13.89	1888580	26406546.000
07/28/2011	13.69	13.87	13.59	13.80	1927699	26674370.000
07/29/2011	13.81	14.15	13.80	13.95	2270360	32058504.000
08/01/2011	13.94	14.44	13.60	14.39	3286410	46773512.000
08/02/2011	14.27	14.81	14.10	14.76	4063988	59343424.000
08/03/2011	14.63	15.19	14.51	14.88	6237842	93854816.000
08/04/2011	14.76	15.17	14.57	15.03	4451941	66653776.000
08/05/2011	14.79	14.87	14.21	14.25	4481839	65835820.000
08/08/2011	13.89	14.39	13.79	14.25	4789716	68001656.000
08/09/2011	14.29	14.63	13.63	14.29	6812915	97731920.000
08/10/2011	14.30	14.87	14.17	14.81	6928965	101796728.000
08/11/2011	14.45	15.65	14.44	15.45	7259822	110434344.000
08/12/2011	15.45	15.57	15.15	15.21	5489073	84807424.000
08/15/2011	15.22	15.35	15.00	15.29	4204017	64280344.000
08/16/2011	15.37	15.37	14.72	14.81	3938591	59447568.000
08/17/2011	14.81	15.04	14.56	14.59	3366410	50321328.000
08/18/2011	14.55	14.65	13.96	14.02	3311296	47853264.000
08/19/2011	13.68	13.97	13.61	13.92	2440896	33932824.000
08/22/2011	13.89	14.34	13.89	14.01	1872724	26635508.000
08/23/2011	14.19	14.45	14.03	14.42	1866863	26840174.000
08/24/2011	14.45	14.74	14.13	14.17	2886256	42086328.000
08/25/2011	14.15	14.30	13.79	14.26	2905399	41145208.000
08/26/2011	14.15	14.74	14.12	14.53	3107768	45261144.000
08/29/2011	14.47	14.67	14.40	14.47	1992550	29154670.000
08/30/2011	14.51	14.68	13.92	13.99	2827099	40857972.000
08/31/2011	13.89	13.99	13.65	13.77	1915605	26642900.000
09/01/2011	13.74	13.96	13.59	13.81	1512936	21032066.000
09/02/2011	13.77	13.81	13.40	13.45	1350916	18421864.000
09/05/2011	13.21	13.21	12.09	12.12	3439664	43575580.000
09/06/2011	11.91	12.24	11.87	11.95	1932057	23417652.000
09/07/2011	12.03	12.26	11.91	12.25	1624592	19883040.000
09/08/2011	12.34	12.35	11.93	11.96	1289156	15832186.000
09/09/2011	11.94	12.12	11.64	11.68	1273964	15223794.000
09/13/2011	11.57	11.57	11.04	11.17	1205832	13611678.000
09/14/2011	11.25	11.40	11.04	11.39	1111849	12645534.000
09/15/2011	11.41	11.58	11.34	11.44	1515285	17534660.000
09/16/2011	11.48	11.60	11.31	11.31	832998	9635210.000
09/19/2011	11.31	11.31	10.94	10.94	955017	10691868.000
09/20/2011	10.92	11.14	10.89	11.07	867530	9644782.000
09/21/2011	11.09	11.72	11.04	11.53	1592649	18325350.000
09/22/2011	11.47	11.48	10.99	11.05	1396789	15872288.000
09/23/2011	10.89	11.04	10.75	10.99	933789	10272718.000
09/26/2011	10.97	11.14	10.89	10.99	648801	7203397.000
09/27/2011	11.14	11.14	10.92	11.07	596008	6651101.500
09/28/2011	11.22	11.29	10.79	10.85	997016	11151602.000
09/29/2011	10.80	10.80	10.19	10.24	1200714	12636223.000
09/30/2011	10.24	10.38	10.07	10.14	609032	6253407.000
10/10/2011	10.14	10.21	9.80	9.85	796295	8008982.500
10/11/2011	10.09	10.18	9.72	9.81	1062887	10742945.000
10/12/2011	9.70	10.34	9.69	10.27	1857858	19092282.000
10/13/2011	10.22	10.55	10.17	10.45	1689355	17753278.000
10/14/2011	10.36	10.47	10.16	10.34	1074641	11165554.000
10/17/2011	10.34	10.42	10.20	10.30	873131	9095778.000
10/18/2011	10.22	10.33	9.84	9.84	1041203	10583940.000
10/19/2011	9.88	9.99	9.69	9.87	652424	6505045.000
10/20/2011	9.86	10.79	9.83	10.47	5701798	59924360.000
10/21/2011	10.20	10.35	9.55	9.59	3017721	30488496.000
10/24/2011	9.56	9.58	8.93	9.40	2382514	22242668.000
10/25/2011	9.46	9.76	9.29	9.70	2140614	20747060.000
10/26/2011	9.68	10.09	9.52	9.88	2895218	28667740.000
10/27/2011	9.88	10.02	9.70	9.77	1879947	18732486.000
10/28/2011	10.37	10.37	9.84	10.04	2143654	21685758.000
10/31/2011	10.07	10.23	9.98	10.17	2051186	20986686.000
11/01/2011	10.08	10.55	10.02	10.45	3415407	35456240.000
11/02/2011	10.19	10.78	10.09	10.71	4278911	45388352.000
11/03/2011	10.70	11.08	10.55	10.55	4822691	52672176.000
11/04/2011	10.66	11.54	10.58	11.33	7150532	79522736.000
11/07/2011	11.22	11.22	10.85	11.04	4249577	47368736.000
11/08/2011	11.03	11.09	10.60	10.63	3169101	34628076.000
11/09/2011	10.67	11.04	10.63	11.02	4003660	43813632.000
11/10/2011	10.88	11.77	10.79	11.17	7869859	90098440.000
11/11/2011	11.18	12.30	11.13	12.30	10290392	124423656.000
11/14/2011	12.69	12.74	12.11	12.43	13417076	167762992.000
11/15/2011	12.41	12.84	12.18	12.52	8695598	109523248.000
11/16/2011	12.41	12.46	11.69	11.82	6911909	84091376.000
11/17/2011	11.89	12.22	11.74	11.84	5028482	60910516.000
11/18/2011	11.59	11.74	11.05	11.08	5009931	57118340.000
11/21/2011	11.13	11.25	10.78	11.24	3138133	34867988.000
11/22/2011	11.09	11.21	10.84	11.11	2247279	25094192.000
11/23/2011	11.16	11.28	10.79	10.79	2622193	29155524.000
11/24/2011	10.64	10.76	10.31	10.51	3029834	32175502.000
11/25/2011	10.44	10.68	10.23	10.25	1871278	19793982.000
11/28/2011	10.25	10.33	10.04	10.23	1796053	18502156.000
11/29/2011	10.32	10.56	10.12	10.48	2729836	28572882.000
11/30/2011	10.49	10.53	9.43	9.53	3943135	39646172.000
12/01/2011	9.82	10.02	9.69	9.69	2790057	27808472.000
12/02/2011	9.59	9.66	9.31	9.39	1464594	14024872.000
12/05/2011	9.29	9.41	8.95	8.98	1140961	10610047.000
12/06/2011	8.97	9.21	8.92	9.13	1194697	10945877.000
12/07/2011	9.14	9.24	9.04	9.22	952675	8827612.000
12/08/2011	9.19	9.46	8.95	9.33	2111267	19703476.000
12/09/2011	9.24	9.37	9.12	9.18	1011050	9450916.000
12/12/2011	9.17	9.55	9.09	9.27	1645943	15589621.000
12/13/2011	9.17	9.19	8.85	8.91	1713824	15595202.000
12/14/2011	8.71	8.99	8.60	8.65	899109	8023653.000
12/15/2011	8.53	8.69	8.41	8.46	1119956	9676726.000
12/16/2011	8.46	8.79	8.44	8.79	1226630	10721466.000
12/19/2011	8.78	8.95	8.49	8.92	1748204	15472529.000
12/20/2011	8.89	9.05	8.75	8.77	1537214	13846734.000
12/21/2011	8.88	8.95	8.28	8.28	1815235	15889052.000
12/22/2011	8.19	8.21	7.59	7.95	2075720	16589480.000
12/23/2011	7.96	8.19	7.86	7.99	1385059	11289367.000
12/26/2011	8.04	8.05	7.76	7.76	1159025	9290496.000
12/27/2011	7.70	7.78	7.39	7.43	1336321	10209704.000
12/28/2011	7.35	7.50	7.21	7.44	1156853	8633129.000
12/29/2011	7.44	7.53	7.36	7.44	730839	5530230.000
12/30/2011	7.50	7.65	7.47	7.61	834468	6415756.500
01/04/2012	7.85	8.38	7.77	8.04	6404221	53522096.000
01/05/2012	7.83	8.01	7.23	7.77	5299099	40973040.000
01/06/2012	7.59	7.76	7.29	7.75	2677718	20567930.000
01/09/2012	7.78	8.54	7.70	8.54	6791566	57661664.000
01/10/2012	8.84	9.18	8.77	9.05	9433064	85331256.000
01/11/2012	8.91	9.44	8.79	9.20	6993651	64069056.000
01/12/2012	9.04	9.44	8.92	9.13	5315435	49178148.000
01/13/2012	9.02	9.12	8.50	8.61	4829563	42680532.000
01/16/2012	8.42	9.18	8.29	8.84	5624450	49579924.000
01/17/2012	8.64	9.34	8.36	9.25	5920709	53565444.000
01/18/2012	9.16	9.63	8.87	8.98	8196209	77280720.000
01/19/2012	8.74	8.94	8.50	8.76	3720403	32890834.000
01/20/2012	8.67	9.13	8.59	8.95	3800856	34509092.000
01/30/2012	9.09	9.16	8.77	8.77	2930330	26650770.000
01/31/2012	8.67	9.07	8.65	9.07	2602995	23373610.000
02/01/2012	8.98	9.14	8.82	8.94	2224876	20236930.000
02/02/2012	8.91	9.17	8.82	9.17	2879241	26377382.000
02/03/2012	9.15	9.35	9.05	9.33	4512972	42205500.000
02/06/2012	9.34	9.47	9.15	9.46	4287889	40595408.000
02/07/2012	9.41	9.41	9.03	9.07	2522129	23487138.000
02/08/2012	9.08	9.56	9.08	9.44	4471772	42215016.000
02/09/2012	9.39	9.62	9.30	9.39	4437899	42536952.000
02/10/2012	9.35	9.42	9.17	9.36	3433575	32281702.000
02/13/2012	9.29	9.63	9.24	9.57	4486960	42926916.000
02/14/2012	9.52	9.71	9.39	9.46	3191076	30790794.000
02/15/2012	9.45	9.72	9.27	9.71	5598135	53841240.000
02/16/2012	9.64	9.74	9.44	9.51	3918057	37910052.000
02/17/2012	9.57	9.58	9.26	9.30	3453488	32742662.000
02/20/2012	9.43	9.51	9.31	9.38	3145686	29898436.000
02/21/2012	9.35	9.52	9.30	9.50	3398273	32439980.000
02/22/2012	9.58	10.05	9.52	9.97	7574152	75057368.000
02/23/2012	9.97	10.04	9.70	9.89	4473987	44648912.000
02/24/2012	9.89	10.34	9.79	9.99	7010550	71218864.000
02/27/2012	10.14	10.14	9.85	9.86	5686165	57392472.000
02/28/2012	9.84	9.84	9.49	9.61	3966130	38590480.000
02/29/2012	9.57	9.65	9.35	9.39	1946664	18705374.000
03/01/2012	9.34	9.65	9.34	9.42	2390262	22962678.000
03/02/2012	9.54	9.64	9.44	9.60	2193685	21255520.000
03/05/2012	9.60	9.82	9.57	9.70	2587773	25357120.000
03/06/2012	9.65	9.69	9.33	9.38	2718310	25955114.000
03/07/2012	9.20	9.46	9.19	9.29	2230112	21070230.000
03/08/2012	9.30	9.49	9.30	9.44	1847410	17578662.000
03/09/2012	9.46	9.64	9.39	9.62	2983247	28737938.000
03/12/2012	9.65	9.75	9.49	9.71	3484058	33995832.000
03/13/2012	9.79	9.99	9.69	9.94	5316152	52816660.000
03/14/2012	9.96	10.00	9.12	9.22	5999942	58998036.000
03/15/2012	9.15	9.48	9.12	9.20	3957319	37203540.000
03/16/2012	9.20	10.13	9.14	10.13	11818483	118222160.000
03/19/2012	10.34	10.84	10.15	10.64	15563026	164885520.000
03/20/2012	10.53	10.80	10.17	10.27	8991101	94980352.000
03/21/2012	10.26	11.31	10.19	11.31	10886907	118045648.000
03/22/2012	11.48	11.87	10.94	11.05	13484956	155334848.000
03/23/2012	11.04	11.04	10.34	10.66	8209812	87776888.000
03/26/2012	10.54	10.73	10.20	10.38	6169737	64710532.000
03/27/2012	10.40	10.58	10.24	10.30	5020825	52845692.000
03/28/2012	10.14	10.14	9.35	9.53	6059152	59599924.000
03/29/2012	9.46	9.74	9.24	9.24	4883138	46782292.000
03/30/2012	9.12	9.45	8.40	8.63	5786937	52310396.000
04/05/2012	8.55	8.98	8.49	8.95	4149684	36960920.000
04/06/2012	9.00	9.22	8.89	9.03	4096602	37564076.000
04/09/2012	8.94	9.78	8.74	9.23	7781409	73612072.000
04/10/2012	9.34	9.74	9.17	9.74	7098221	68075472.000
04/11/2012	9.51	9.67	9.36	9.54	4878623	46965904.000
04/12/2012	9.58	10.47	9.50	10.12	9257506	94106552.000
04/13/2012	9.98	10.32	9.90	10.12	6902150	70481496.000
04/16/2012	9.99	10.19	9.96	10.05	3695981	37642308.000
04/17/2012	10.05	10.09	9.51	9.52	4837602	47598632.000
04/18/2012	9.47	10.39	9.47	10.12	6484199	65272496.000
04/19/2012	10.12	10.77	10.07	10.26	7394113	77648312.000
04/20/2012	10.11	10.58	10.11	10.37	5645761	59410200.000
04/23/2012	10.25	10.25	9.32	9.32	7817456	76324872.000
04/25/2012	9.08	9.21	8.69	9.14	4327205	39386912.000
04/26/2012	9.16	9.18	8.90	8.94	2390115	21765880.000
04/27/2012	9.00	9.31	8.99	9.11	2311946	21463754.000
05/02/2012	9.27	9.65	9.14	9.46	3787546	36212108.000
05/03/2012	9.41	9.46	9.20	9.43	2725139	25722752.000
05/04/2012	9.37	9.55	9.35	9.53	2725135	26068594.000
05/07/2012	9.67	10.09	9.67	9.87	4615605	45985316.000
05/08/2012	9.78	10.87	9.70	10.87	10127580	106388192.000
05/09/2012	10.99	11.49	10.49	10.49	16267489	180584832.000
05/10/2012	10.39	11.55	10.29	11.38	16538543	184600544.000
05/11/2012	11.10	11.28	10.59	10.60	11931080	132096296.000
05/14/2012	10.61	10.99	10.41	10.63	7003591	75647560.000
05/15/2012	10.44	11.70	10.39	11.70	12437251	140155328.000
05/16/2012	11.69	12.22	11.34	11.61	15913400	189083888.000
05/17/2012	11.56	11.88	11.39	11.59	9579013	112754320.000
05/18/2012	11.47	12.13	11.30	11.34	9982859	118558880.000
05/21/2012	11.24	11.65	10.88	11.28	8374580	95453768.000
05/22/2012	11.36	11.38	10.99	11.31	6439207	72620376.000
05/23/2012	11.19	11.69	11.12	11.60	8734002	101244408.000
05/24/2012	11.53	11.67	10.91	10.95	7746532	87752416.000
05/25/2012	10.88	10.95	10.41	10.48	5672781	60996472.000
05/28/2012	10.47	10.72	10.10	10.69	4729306	50129456.000
05/29/2012	10.65	11.14	10.58	10.99	5426132	59679704.000
05/30/2012	10.96	11.35	10.79	10.99	5549064	62071404.000
05/31/2012	10.90	11.23	10.85	10.95	3490060	38828468.000
06/01/2012	10.98	11.32	10.95	11.15	4201375	47043852.000
06/04/2012	10.78	10.93	10.34	10.37	4553235	48608416.000
06/05/2012	10.40	10.53	10.22	10.32	2988180	31135556.000
06/06/2012	10.31	10.49	9.88	10.01	3528188	36102760.000
06/07/2012	10.12	10.69	10.06	10.28	5470922	56667452.000
06/08/2012	10.31	10.40	9.99	10.05	2505267	25793008.000
06/11/2012	10.10	10.59	10.05	10.50	4252416	44292864.000
06/12/2012	10.36	10.52	10.28	10.36	2137271	22325500.000
06/13/2012	10.42	10.65	10.39	10.59	3297076	34913460.000
06/14/2012	10.63	10.65	10.15	10.23	2894988	30419764.000
06/15/2012	10.26	10.53	9.95	10.26	2867582	29512324.000
06/18/2012	10.25	10.57	10.25	10.51	4504856	47046392.000
06/19/2012	10.40	10.65	10.35	10.49	4264762	45093240.000
06/20/2012	10.50	10.61	10.18	10.27	2816958	29405728.000
06/25/2012	11.30	11.30	10.67	10.95	12477327	137585040.000
06/26/2012	11.15	12.05	11.14	12.05	17736759	210900304.000
06/27/2012	12.68	13.26	12.60	13.26	12617005	165327472.000
06/28/2012	14.59	14.59	13.81	13.85	26850864	388218752.000
06/29/2012	14.37	14.94	13.45	13.80	26519262	376719680.000
07/02/2012	13.75	14.63	13.59	14.13	19617786	276973536.000
07/03/2012	14.21	15.55	14.19	15.55	18824742	281140832.000
07/04/2012	16.30	16.61	14.38	14.60	28406524	436406976.000
07/05/2012	14.25	14.40	13.95	14.03	11146303	158232960.000
07/06/2012	13.98	14.54	13.79	14.43	12300221	175280224.000
07/09/2012	14.15	14.83	13.61	13.68	12415575	177286128.000
07/10/2012	13.46	13.48	13.02	13.09	12424964	164876608.000
07/11/2012	13.01	13.35	12.88	13.21	8034893	105738336.000
07/12/2012	13.13	13.50	13.03	13.30	9954297	132899864.000
07/13/2012	13.20	13.80	12.85	12.85	16084372	216493232.000
07/16/2012	12.00	12.83	11.85	12.24	14241918	175152064.000
07/17/2012	12.15	12.90	11.85	12.73	15695906	196245584.000
07/18/2012	12.54	14.01	12.46	14.01	25982424	356409472.000
07/19/2012	13.93	14.39	13.75	14.21	23081336	325769536.000
07/20/2012	13.97	15.20	13.50	13.55	21854243	315043552.000
07/23/2012	13.08	13.38	12.49	13.00	13397267	174457920.000
07/24/2012	13.02	14.31	13.02	14.31	22430818	316372704.000
07/25/2012	14.06	14.55	13.85	13.95	17591207	249858752.000
07/26/2012	13.81	14.10	13.23	13.35	13631450	186273664.000
07/27/2012	13.45	13.59	12.46	12.74	11052420	144213504.000
07/30/2012	12.50	12.91	12.26	12.76	7424326	93955480.000
07/31/2012	12.75	12.93	12.26	12.29	7495096	94871840.000
08/01/2012	12.20	12.82	12.20	12.76	8070328	102419640.000
08/02/2012	12.65	13.63	12.60	13.63	13627509	179950976.000
08/03/2012	13.54	13.83	13.25	13.69	10817564	146847376.000
08/06/2012	13.48	14.34	13.35	14.00	11528293	160579744.000
08/07/2012	13.93	15.41	13.80	14.61	18287037	270826912.000
08/08/2012	14.28	15.15	13.95	14.66	14284456	206170880.000
08/09/2012	14.86	16.13	14.55	16.04	28538738	450130560.000
08/10/2012	15.71	16.33	15.45	15.50	21814962	345560736.000
08/13/2012	15.43	15.83	14.65	14.66	13450965	205038688.000
08/14/2012	14.63	15.93	14.56	15.55	17758959	272156832.000
08/15/2012	15.35	15.36	14.61	14.79	12383973	186185680.000
08/16/2012	14.43	14.63	14.05	14.05	7468907	106828336.000
08/17/2012	13.95	14.53	13.85	14.12	6127690	87539880.000
08/20/2012	14.13	14.87	13.85	14.65	7836493	114324248.000
08/21/2012	14.60	15.17	14.38	14.48	9453347	139416720.000
08/22/2012	14.35	15.55	14.21	15.15	14673650	222253648.000
08/23/2012	15.01	15.51	14.64	14.99	12180154	183241440.000
08/24/2012	14.67	14.83	14.00	14.09	8101334	116921328.000
08/27/2012	14.10	14.50	13.70	13.87	5952237	84785536.000
08/28/2012	14.35	14.90	14.21	14.29	8372028	121673864.000
08/29/2012	14.25	14.25	13.73	13.78	5665364	79153232.000
08/30/2012	13.67	13.69	12.40	12.45	8717957	113259328.000
08/31/2012	12.55	13.55	12.55	13.23	6890917	89839840.000
09/03/2012	13.15	13.80	12.77	13.60	6925908	92938400.000
09/04/2012	13.47	14.13	13.40	13.51	6738487	93287912.000
09/05/2012	13.51	13.61	13.05	13.21	4478856	59543224.000
09/06/2012	13.34	13.65	13.21	13.60	4542031	61419108.000
09/07/2012	14.00	14.33	13.56	14.06	9471866	132021456.000
09/10/2012	13.88	14.71	13.76	14.60	9830430	140666416.000
09/11/2012	14.43	14.74	14.11	14.21	6370088	92146728.000
09/12/2012	14.37	14.55	14.15	14.40	4377249	62897640.000
09/13/2012	14.36	14.84	13.75	13.83	7044250	102312176.000
09/14/2012	13.77	14.01	13.18	13.29	6615572	89235144.000
09/17/2012	13.23	13.28	12.76	12.96	3605774	47066548.000
09/18/2012	12.93	13.09	12.55	12.67	2487099	32028150.000
09/19/2012	12.75	13.02	12.70	12.85	2274133	29399202.000
09/20/2012	12.80	13.02	12.04	12.20	3496183	44105528.000
09/21/2012	12.21	12.46	11.95	12.06	2372945	29228492.000
09/24/2012	12.04	12.04	11.56	11.92	2699259	32059476.000
09/25/2012	11.89	12.41	11.81	12.26	3437698	42173272.000
09/26/2012	12.17	12.25	11.44	11.45	2433957	28765788.000
09/27/2012	11.78	11.86	11.48	11.72	2474654	29079076.000
09/28/2012	11.61	12.04	11.57	11.88	2169124	25884084.000
10/08/2012	11.89	12.34	11.88	12.13	2177229	26508656.000
10/09/2012	12.17	12.94	12.05	12.65	4042589	50747612.000
10/10/2012	12.53	12.85	12.36	12.59	3808390	48328156.000
10/11/2012	12.47	12.77	12.10	12.17	2743306	34082156.000
10/12/2012	12.22	12.37	11.99	12.07	1748572	21280310.000
10/15/2012	12.00	12.00	10.98	11.28	3236962	37062456.000
10/16/2012	11.25	11.55	11.10	11.40	2058984	23469098.000
10/17/2012	11.44	11.57	11.27	11.43	1675534	19295672.000
10/18/2012	11.46	11.87	11.46	11.80	2802050	33065280.000
10/19/2012	11.71	11.92	11.71	11.77	1959628	23271564.000
10/22/2012	11.68	12.95	11.48	12.57	6157876	77038720.000
10/23/2012	12.54	12.73	12.28	12.30	3950876	49235144.000
10/24/2012	12.07	12.32	11.93	12.05	2409463	29292264.000
10/25/2012	12.11	12.55	12.11	12.29	4565544	56718472.000
10/26/2012	13.15	13.15	12.37	12.45	6341265	80644768.000
10/29/2012	11.95	12.24	11.45	11.54	3738640	44595412.000
10/30/2012	11.55	12.05	11.35	11.69	2671492	31498120.000
10/31/2012	11.63	11.73	11.15	11.40	2624248	29971730.000
11/01/2012	11.45	11.60	11.30	11.54	2463240	28392136.000
11/02/2012	11.60	11.71	11.48	11.56	2327308	27148670.000
11/05/2012	11.50	11.69	11.34	11.40	1491220	17116532.000
11/06/2012	12.04	12.45	11.67	11.95	6586120	79520496.000
11/07/2012	11.74	12.07	11.55	11.67	3287513	38942900.000
11/08/2012	11.41	11.53	11.05	11.06	2614748	29679166.000
11/09/2012	10.95	11.15	10.75	10.80	1827275	20111508.000
11/12/2012	10.63	11.09	10.63	11.08	1617429	17756464.000
11/13/2012	11.08	11.30	10.76	10.78	2075647	23030284.000
11/14/2012	10.75	11.08	10.70	11.06	1604713	17606510.000
11/15/2012	11.05	11.38	10.94	11.15	2674248	29989192.000
11/16/2012	11.13	11.51	11.05	11.37	3417842	38975024.000
11/19/2012	11.24	11.42	10.79	11.15	2481162	27723334.000
11/20/2012	11.14	11.20	10.97	11.14	1890416	21048816.000
11/21/2012	10.86	11.21	10.85	11.21	2062064	22866548.000
11/22/2012	11.11	11.21	10.95	10.96	1336473	14832634.000
11/23/2012	11.45	11.93	11.12	11.15	4240873	48694024.000
11/26/2012	10.97	11.16	10.70	10.71	2550263	27977470.000
11/27/2012	10.66	10.70	9.95	10.15	2396271	24665204.000
11/28/2012	9.95	10.23	9.59	10.14	2630551	26361704.000
11/29/2012	10.00	10.14	9.66	9.75	1710598	17060946.000
11/30/2012	9.95	10.14	9.75	10.03	2079886	20942696.000
12/03/2012	10.04	10.08	9.60	9.65	1367281	13565584.000
12/04/2012	9.69	10.29	9.69	10.15	2453843	24584468.000
12/05/2012	10.08	10.59	9.98	10.50	3881041	40369816.000
12/06/2012	10.45	10.70	10.37	10.44	2754047	29148428.000
12/07/2012	10.40	10.59	10.35	10.53	3078818	32407104.000
12/10/2012	10.46	10.90	10.45	10.72	3715468	40002960.000
12/11/2012	10.65	10.65	10.32	10.35	2745596	28848644.000
12/12/2012	10.35	10.49	10.05	10.25	2212303	22760296.000
12/13/2012	10.20	10.31	10.05	10.07	1479367	15096873.000
12/14/2012	10.09	10.62	9.96	10.49	3164601	33076470.000
12/17/2012	10.52	10.87	10.41	10.80	3862680	41408672.000
12/18/2012	11.05	11.24	10.53	10.64	4752742	52151812.000
12/19/2012	10.50	11.71	10.43	11.71	6122691	69247968.000
12/20/2012	11.95	11.95	11.38	11.61	8404091	98212240.000
12/21/2012	11.43	11.91	11.43	11.55	6063776	70910512.000
12/24/2012	11.47	11.83	11.20	11.65	4710421	54668060.000
12/25/2012	11.47	11.98	11.31	11.81	6027465	71049472.000
12/26/2012	11.75	12.38	11.70	12.08	6531958	79304064.000
12/27/2012	12.10	12.44	11.75	11.76	5332471	64732640.000
12/28/2012	11.60	11.78	11.50	11.67	3105302	36303528.000
12/31/2012	11.66	11.79	11.50	11.62	2488299	29036528.000
01/04/2013	11.70	12.20	11.70	12.05	5769135	69401264.000
01/07/2013	12.34	12.34	11.83	12.19	5432957	66093760.000
01/08/2013	12.29	12.73	12.19	12.65	6745963	84663848.000
01/09/2013	13.20	13.92	12.84	13.09	11274685	151713312.000
01/10/2013	13.05	13.08	12.56	12.94	6939143	89203952.000
01/11/2013	12.67	13.01	12.44	12.45	4712727	60026964.000
01/14/2013	12.41	13.68	12.35	13.32	9303587	123212792.000
01/15/2013	13.25	14.22	13.04	13.56	9975462	136812288.000
01/16/2013	13.35	13.44	12.83	13.00	5825566	76828224.000
01/17/2013	13.00	13.45	12.98	13.06	5079874	67529360.000
01/18/2013	13.13	13.22	12.67	12.99	3909471	50699140.000
01/21/2013	13.01	13.32	12.76	13.13	3558056	46653400.000
01/22/2013	13.27	13.53	12.71	12.78	4392924	58040208.000
01/23/2013	12.63	12.80	12.35	12.65	3254925	41068256.000
01/24/2013	12.65	12.75	11.98	12.04	3493724	43436348.000
01/25/2013	12.11	12.32	11.99	12.04	1932225	23565168.000
01/28/2013	11.95	12.35	11.95	12.32	2122455	26016386.000
01/29/2013	12.35	12.72	12.32	12.67	3110166	39181312.000
01/30/2013	12.45	12.48	11.98	12.16	4885942	59820484.000
01/31/2013	12.06	12.15	11.85	12.03	2597026	31192804.000
02/01/2013	11.96	12.15	11.90	12.03	1793769	21735788.000
02/04/2013	12.17	12.17	11.72	11.75	2115221	25216224.000
02/05/2013	11.73	11.99	11.70	11.93	1268228	15123314.000
02/06/2013	11.93	12.16	11.93	12.06	1662021	20176428.000
02/07/2013	12.17	12.28	12.07	12.19	2207371	26994186.000
02/08/2013	12.15	12.39	12.13	12.25	2036355	25068708.000
02/18/2013	12.26	12.76	12.17	12.67	4686000	59010892.000
02/19/2013	12.55	12.66	12.20	12.28	2382596	29643846.000
02/20/2013	12.27	12.62	12.21	12.56	2217606	27725068.000
02/21/2013	12.43	12.45	12.13	12.17	2112788	26044608.000
02/22/2013	12.21	12.38	11.85	11.87	2579639	31388620.000
02/25/2013	11.83	12.09	11.80	12.00	1807357	21731948.000
02/26/2013	11.94	12.05	11.65	11.67	2067774	24612478.000
02/27/2013	11.69	11.89	11.61	11.67	1273509	14965380.000
02/28/2013	11.61	11.91	11.61	11.88	2207028	26098216.000
03/01/2013	11.82	12.21	11.82	12.10	3104837	37493720.000
03/04/2013	11.95	12.02	11.50	11.57	2342155	27734634.000
03/05/2013	11.57	11.87	11.47	11.86	1838454	21582886.000
03/06/2013	11.86	12.14	11.86	12.08	2846965	34442268.000
03/07/2013	12.17	12.90	12.17	12.35	6190982	77773696.000
03/08/2013	12.61	13.27	12.35	12.82	8777719	113112464.000
03/11/2013	12.73	12.85	12.52	12.55	4498967	57228552.000
03/12/2013	12.55	13.11	12.17	12.96	6503298	82272208.000
03/13/2013	12.70	13.33	12.65	12.83	8800685	115370264.000
03/14/2013	12.70	13.13	12.48	12.63	5390030	69311704.000
03/15/2013	12.48	12.87	12.22	12.55	4433157	55729760.000
03/18/2013	12.45	12.66	12.25	12.33	3326344	41503172.000
03/19/2013	12.43	12.94	12.35	12.62	4499211	57125604.000
03/20/2013	12.70	13.65	12.56	13.40	11194615	148237664.000
03/21/2013	13.26	13.65	13.09	13.53	8965505	120071384.000
03/22/2013	13.35	13.44	13.15	13.20	4958449	66056532.000
03/25/2013	13.11	13.35	12.94	13.00	3785752	49915964.000
03/26/2013	13.05	13.12	12.65	12.91	2939341	37945288.000
03/27/2013	12.95	13.30	12.72	13.30	5125858	67227888.000
03/28/2013	13.10	13.11	12.44	12.44	4228708	54059108.000
03/29/2013	12.41	12.43	11.97	12.02	3315458	40698800.000
04/01/2013	12.03	12.18	11.90	12.01	1683482	20378222.000
04/02/2013	12.14	12.25	11.63	11.70	3062805	36797220.000
04/03/2013	11.70	11.83	11.48	11.57	2150462	25108746.000
04/08/2013	11.25	11.29	10.86	11.18	2537659	28156536.000
04/09/2013	11.15	11.51	11.09	11.31	2101862	23875226.000
04/10/2013	11.32	11.38	10.94	11.03	2234621	24989088.000
04/11/2013	11.18	11.19	11.04	11.11	1244939	13890751.000
04/12/2013	11.19	11.41	11.15	11.30	1974644	22363504.000
04/15/2013	11.18	11.18	10.81	11.10	1356672	14961620.000
04/16/2013	10.95	11.24	10.86	11.19	1173574	13027174.000
04/17/2013	11.29	11.44	11.23	11.40	1747354	19903388.000
04/18/2013	11.36	11.74	11.33	11.67	3033037	35373096.000
04/19/2013	11.65	11.82	11.49	11.67	2761762	32381590.000
04/22/2013	11.50	12.03	11.40	11.81	3835027	45281480.000
04/23/2013	11.83	11.88	11.31	11.31	2503374	29211438.000
04/24/2013	11.36	11.58	11.24	11.54	1861768	21428780.000
04/25/2013	11.40	11.53	11.01	11.02	2850522	31979748.000
04/26/2013	10.91	11.15	10.61	10.62	1720914	18788546.000
05/02/2013	10.62	10.75	10.55	10.68	916911	9804000.000
05/03/2013	10.63	11.11	10.63	11.05	1726461	19009024.000
05/06/2013	11.02	11.20	10.98	11.18	1857658	20748414.000
05/07/2013	11.17	11.36	11.00	11.36	1785050	20067848.000
05/08/2013	11.36	11.56	11.32	11.39	2414157	27716770.000
05/09/2013	11.33	11.54	11.26	11.48	2830407	32440212.000
05/10/2013	11.50	11.90	11.30	11.70	4294768	50164880.000
05/13/2013	11.69	11.88	11.56	11.65	2854854	33511256.000
05/14/2013	11.64	11.82	11.48	11.69	3634901	42675336.000
05/15/2013	11.70	11.76	11.48	11.70	2478671	28884830.000
05/16/2013	11.70	11.87	11.55	11.66	3832228	45119216.000
05/17/2013	11.46	11.52	11.16	11.40	4532618	51480420.000
05/20/2013	11.35	12.53	11.35	12.11	7706148	92274328.000
05/21/2013	12.05	12.32	11.99	12.30	5365358	65653080.000
05/22/2013	12.23	12.57	11.95	12.15	3892521	47717232.000
05/23/2013	12.10	12.50	12.01	12.25	4990670	61693740.000
05/24/2013	12.33	12.67	12.23	12.63	5088848	63592944.000
05/27/2013	12.58	12.84	12.41	12.71	5664775	71932128.000
05/28/2013	12.64	12.67	12.24	12.31	4524634	56277208.000
05/29/2013	12.31	12.60	12.27	12.38	2833090	35332192.000
05/30/2013	12.40	13.43	12.36	13.00	10426525	135045120.000
05/31/2013	13.21	14.25	12.96	13.91	16604832	228932704.000
06/03/2013	13.82	14.10	13.29	13.54	11248357	153698736.000
06/04/2013	13.37	13.60	12.86	13.33	6412548	84849472.000
06/05/2013	13.35	14.02	13.21	13.96	9518327	130107912.000
06/06/2013	13.80	13.91	13.45	13.55	7258941	99643056.000
06/07/2013	13.82	13.84	12.56	12.89	8855429	116126920.000
06/13/2013	12.50	12.50	11.73	11.86	4298331	51818208.000
06/14/2013	11.93	12.20	11.73	12.00	4542370	54707992.000
06/17/2013	12.00	12.16	11.76	11.86	4116924	49366788.000
06/18/2013	11.86	11.93	11.36	11.53	4256593	49577460.000
06/19/2013	11.46	11.65	11.27	11.58	3337918	38310068.000
06/20/2013	11.49	11.72	11.17	11.19	2698565	31170550.000
06/21/2013	11.00	11.17	10.56	11.00	2610839	28533332.000
06/24/2013	11.01	11.12	10.03	10.06	2748710	29079686.000
06/25/2013	10.03	10.23	9.24	10.13	3132229	30993618.000
06/26/2013	10.14	10.49	10.05	10.44	2909573	30090234.000
06/27/2013	10.45	10.63	10.01	10.01	2917485	30329786.000
06/28/2013	9.85	10.27	9.65	10.08	2240238	22506794.000
07/01/2013	10.08	10.30	9.95	10.26	2309032	23556966.000
07/02/2013	10.29	10.53	10.12	10.51	2886307	30132414.000
07/03/2013	10.55	10.94	10.45	10.67	3747526	40223892.000
07/04/2013	10.49	11.13	10.35	10.70	4818586	52287948.000
07/05/2013	10.63	10.83	10.37	10.40	2370126	25202602.000
07/08/2013	10.23	10.23	9.61	9.65	2642566	26212558.000
07/09/2013	9.70	9.87	9.61	9.79	1484677	14538525.000
07/10/2013	9.81	10.07	9.75	10.06	2365846	23584568.000
07/11/2013	10.17	10.49	10.01	10.42	3815170	39581056.000
07/12/2013	10.80	11.24	10.69	10.73	6258485	68745264.000
07/15/2013	10.75	11.10	10.73	11.00	4226173	46391032.000
07/16/2013	10.93	11.32	10.81	11.17	4354240	48257612.000
07/17/2013	11.06	11.14	10.73	10.75	3617445	39673976.000
07/18/2013	10.88	11.07	10.72	10.95	3423394	37559556.000
07/19/2013	10.96	11.14	10.51	10.51	3964191	43515300.000
07/22/2013	10.46	10.69	10.21	10.66	3144089	33172724.000
07/23/2013	10.71	11.02	10.65	10.96	3425231	37437848.000
07/24/2013	10.94	11.28	10.87	11.26	5240626	58383520.000
07/25/2013	11.20	11.32	10.73	10.81	4242514	46933624.000
07/26/2013	10.90	11.51	10.66	11.31	5013900	56191768.000
07/29/2013	11.23	11.78	11.15	11.59	6879336	79686016.000
07/30/2013	11.54	11.56	10.79	11.15	4262316	47834284.000
07/31/2013	11.15	11.35	11.03	11.09	2537210	28502398.000
08/01/2013	11.40	11.95	11.40	11.74	6568413	77437480.000
08/02/2013	11.67	12.03	11.56	11.63	5735557	67883968.000
08/05/2013	11.55	11.77	11.46	11.74	4575639	53327288.000
08/06/2013	11.66	11.79	11.52	11.69	4094447	47903392.000
08/07/2013	11.62	11.65	11.17	11.24	4723284	53864408.000
08/08/2013	10.95	11.29	10.95	11.15	2898925	32422056.000
08/09/2013	11.16	11.43	10.75	11.41	5486641	61427452.000
08/12/2013	11.60	11.91	11.24	11.86	8520201	99478768.000
08/13/2013	11.82	11.90	11.65	11.77	4374820	51680036.000
08/14/2013	11.75	11.85	11.52	11.70	3547741	41637252.000
08/15/2013	11.75	11.93	11.61	11.68	4310034	51023856.000
08/16/2013	11.55	11.78	11.06	11.14	3575733	41170308.000
08/19/2013	11.00	11.33	10.98	11.28	1938909	21854530.000
08/20/2013	11.18	11.28	11.01	11.11	3138227	35121316.000
08/21/2013	11.03	11.10	10.80	11.08	2572832	28329912.000
08/22/2013	11.02	11.18	10.97	11.07	2119716	23588014.000
08/23/2013	11.05	11.19	10.71	10.81	3102035	34187436.000
08/26/2013	10.84	11.04	10.81	11.03	2228259	24509556.000
08/27/2013	11.05	11.10	10.90	11.09	2631193	29091138.000
08/28/2013	11.05	11.43	10.93	11.27	4361052	49072496.000
08/29/2013	11.14	11.23	10.95	10.95	2930043	32515920.000
08/30/2013	10.95	11.04	10.45	10.48	3297382	35433428.000
09/02/2013	10.41	10.81	10.39	10.67	1838992	19619206.000
09/03/2013	10.66	10.85	10.65	10.78	1634930	17704618.000
09/04/2013	10.80	10.87	10.65	10.75	1903558	20537258.000
09/05/2013	10.75	10.85	10.67	10.81	1958713	21208296.000
09/06/2013	10.72	11.00	10.71	10.92	2489767	27229802.000
09/09/2013	10.85	11.16	10.83	11.06	2616542	28878058.000
09/10/2013	11.02	11.25	10.85	11.09	3717047	41199216.000
09/11/2013	11.06	11.13	10.80	10.88	2574797	28282740.000
09/12/2013	11.06	11.39	11.05	11.32	6288982	71155488.000
09/13/2013	11.23	11.27	11.02	11.13	2667638	29855476.000
09/16/2013	11.30	11.69	11.17	11.20	3765173	42949272.000
09/17/2013	11.15	11.24	11.03	11.03	2014261	22503354.000
09/18/2013	11.11	11.15	11.00	11.11	1264761	14092542.000
09/23/2013	11.45	11.64	11.32	11.34	3659293	42012432.000
09/24/2013	11.30	11.88	11.22	11.77	6426147	74847952.000
09/25/2013	11.73	11.78	11.44	11.50	3630117	42274128.000
09/26/2013	11.49	12.66	11.44	12.66	5254939	65436312.000
09/27/2013	13.93	13.93	12.66	12.71	19001478	256207664.000
09/30/2013	12.35	13.41	12.25	13.05	11547823	150250416.000
10/08/2013	12.96	14.36	12.64	14.36	10751019	146083664.000
10/09/2013	14.76	15.74	14.60	15.26	19964453	306815168.000
10/10/2013	15.25	16.21	14.79	15.35	13774834	214682144.000
10/11/2013	15.39	15.89	14.94	15.49	9450797	145684672.000
10/14/2013	15.32	16.45	15.23	16.12	11140893	179601424.000
10/15/2013	16.41	16.53	15.21	15.36	9969967	157154448.000
10/16/2013	15.10	15.30	14.49	14.95	7811657	116361360.000
10/17/2013	15.06	15.92	14.91	15.30	8421036	130551992.000
10/18/2013	15.44	16.03	14.86	15.83	7432428	116252992.000
10/21/2013	16.08	17.42	15.97	17.42	3943385	67455840.000
10/22/2013	19.17	19.17	19.17	19.17	2932497	56362592.000
10/23/2013	20.84	20.84	17.83	18.10	16976789	319588864.000
10/24/2013	17.73	17.75	16.66	17.00	9988597	171676224.000
10/25/2013	17.08	17.72	16.15	16.75	9321735	158408784.000
10/28/2013	16.46	17.50	16.21	16.70	7266540	123855336.000
10/29/2013	16.62	17.38	15.17	15.85	9327192	152158560.000
10/30/2013	15.88	17.44	15.71	17.44	11562587	194767168.000
10/31/2013	17.83	18.83	17.13	17.60	15391808	277096544.000
11/01/2013	16.95	16.95	15.84	15.84	9793412	157126032.000
11/04/2013	15.73	17.43	15.52	17.43	11090146	185008912.000
11/05/2013	16.95	18.93	16.80	18.10	14424818	258543696.000
11/06/2013	17.75	19.45	17.63	17.85	14869879	276701824.000
11/07/2013	16.95	17.70	16.45	17.00	9718300	166020560.000
11/08/2013	16.95	17.38	16.14	16.23	7683513	128856416.000
11/11/2013	16.14	16.87	15.99	16.59	5098091	84338088.000
11/12/2013	16.61	16.62	15.65	16.06	6029751	96957656.000
11/13/2013	15.90	15.90	14.66	15.47	8447408	130284976.000
11/14/2013	15.15	15.62	14.95	15.53	5624182	86438240.000
11/15/2013	15.55	16.43	15.35	15.72	7313504	116034640.000
11/18/2013	15.66	16.52	15.53	16.27	6941319	112409384.000
11/19/2013	16.27	17.21	15.86	17.00	9587292	160066480.000
11/20/2013	16.83	17.05	16.48	16.86	5879417	98653328.000
11/21/2013	16.57	16.78	16.16	16.54	5096407	84107800.000
11/22/2013	16.46	17.95	16.45	17.31	10951022	189514224.000
11/25/2013	17.15	17.73	16.65	17.05	7555821	130337336.000
11/26/2013	17.09	17.64	16.84	17.15	6248365	108635696.000
11/27/2013	17.27	17.95	17.03	17.52	7890447	139185184.000
11/28/2013	17.35	17.55	16.87	17.13	7431545	127552720.000
11/29/2013	17.05	17.45	16.68	17.24	5915455	101216744.000
12/02/2013	15.95	16.53	15.51	15.51	6347740	101180272.000
12/03/2013	14.96	15.28	13.97	14.95	6825977	100190504.000
12/04/2013	14.75	15.23	14.64	14.68	4727212	70959704.000
12/05/2013	14.55	14.91	14.36	14.46	4018188	59008252.000
12/06/2013	14.61	15.29	14.55	15.18	5796587	87187776.000
12/09/2013	15.24	15.39	14.95	15.27	4001912	60942808.000
12/10/2013	15.18	15.29	14.89	15.06	2719764	41051156.000
12/11/2013	15.05	15.07	14.59	14.71	2012170	29935242.000
12/12/2013	14.88	15.83	14.88	15.23	5068261	78438352.000
12/13/2013	14.96	15.33	14.78	15.22	3117703	47165860.000
12/16/2013	15.05	15.20	14.75	14.91	2307485	34626288.000
12/17/2013	14.83	14.93	14.35	14.71	2262570	33398598.000
12/18/2013	14.77	15.52	14.77	14.95	4097954	62490696.000
12/19/2013	14.83	15.10	14.56	14.61	2474552	36753116.000
12/20/2013	14.68	14.73	14.05	14.15	2299623	33146470.000
12/23/2013	14.15	14.31	13.94	14.03	1921563	27212154.000
12/24/2013	14.03	14.40	14.02	14.24	1723683	24629218.000
12/25/2013	14.24	14.69	14.10	14.61	2787092	40556648.000
12/26/2013	14.67	14.80	14.13	14.19	2990873	43417576.000
12/27/2013	14.06	14.60	14.06	14.44	2668377	38643636.000
12/30/2013	14.53	14.65	14.40	14.65	2782144	40531804.000
12/31/2013	14.63	14.67	14.41	14.60	2013756	29384474.000
01/02/2014	14.60	14.93	14.45	14.93	2959463	43881900.000
01/03/2014	14.95	15.23	14.76	14.99	4179933	63223568.000
01/06/2014	14.95	15.01	14.33	14.35	3092886	45326868.000
01/07/2014	14.35	14.95	14.25	14.91	2683874	39638316.000
01/08/2014	15.09	15.45	14.98	15.08	4799839	73130264.000
01/09/2014	15.24	15.92	15.05	15.40	8247520	128395992.000
01/10/2014	15.14	15.72	14.85	14.85	4429059	67965720.000
01/13/2014	14.87	15.33	14.84	15.11	3033997	45960540.000
01/14/2014	15.13	15.83	14.97	15.82	5712111	88838520.000
01/15/2014	15.61	17.13	15.61	16.85	10476671	173378416.000
01/16/2014	16.62	16.85	16.31	16.49	6250580	103579536.000
01/17/2014	16.52	16.94	16.35	16.55	4192086	69868240.000
01/20/2014	16.51	16.58	15.91	16.08	4117044	66579436.000
01/21/2014	16.16	17.05	15.93	17.05	7311730	122187296.000
01/22/2014	18.16	18.65	17.38	18.02	13240611	238872704.000
01/23/2014	18.11	19.54	18.02	19.31	12455206	236751024.000
01/24/2014	18.95	19.94	18.80	19.32	8783318	170137840.000
01/27/2014	19.15	19.45	18.61	19.14	5329570	101851952.000
01/28/2014	19.38	20.20	19.15	19.43	4883674	96214728.000
01/29/2014	19.06	19.63	18.67	19.58	4492071	86342472.000
01/30/2014	19.55	20.36	19.31	19.74	3625270	72351312.000
02/07/2014	19.65	20.23	19.25	20.05	3865048	77004824.000
02/10/2014	20.08	20.29	19.62	20.10	5424231	108540584.000
02/11/2014	19.97	21.63	19.95	21.02	7081327	148692240.000
02/12/2014	20.94	20.94	20.14	20.65	4996171	102519688.000
02/13/2014	20.63	20.63	18.79	18.93	6581588	129812584.000
02/14/2014	19.05	19.40	18.65	19.22	3851302	74038888.000
02/17/2014	19.29	19.92	19.29	19.80	4290550	84537752.000
02/18/2014	19.90	20.02	19.31	19.88	3931520	77485944.000
02/19/2014	19.90	20.82	19.70	20.32	5011421	102125664.000
02/20/2014	20.66	21.69	19.35	19.61	7593700	156586704.000
02/21/2014	19.43	19.43	18.26	18.85	5892563	111049984.000
02/24/2014	19.58	20.74	19.58	20.74	14071640	289221088.000
05/26/2014	18.67	20.80	18.67	19.99	10664439	208095488.000
05/27/2014	19.68	21.94	19.52	20.24	8603834	178330800.000
05/28/2014	20.22	20.66	19.70	20.03	6696922	134518704.000
05/29/2014	19.90	19.98	18.50	18.51	6359206	121680048.000
05/30/2014	18.28	18.50	17.68	17.80	4356890	78395920.000
06/03/2014	17.83	18.41	17.80	18.13	3046037	55248424.000
06/04/2014	18.05	18.42	17.81	18.36	2702851	49129340.000
06/05/2014	18.39	18.39	17.86	18.25	2782316	50472028.000
06/06/2014	18.28	18.76	18.16	18.37	2825310	52076916.000
06/09/2014	18.62	18.62	17.70	17.78	2725540	49051000.000
06/10/2014	17.94	18.09	17.41	18.05	2047020	36662696.000
06/11/2014	18.04	18.10	17.85	18.01	1546369	27855438.000
06/12/2014	17.98	18.07	17.81	17.88	1323416	23742776.000
06/13/2014	17.88	18.08	17.58	17.97	2255296	40174324.000
06/16/2014	18.02	19.77	18.02	19.77	8151890	157845152.000
06/17/2014	19.84	20.38	19.65	20.31	9343043	187675328.000
06/18/2014	20.38	20.38	19.61	20.00	4097106	81424128.000
06/19/2014	19.80	20.15	18.91	19.25	3954156	77677928.000
06/20/2014	19.20	21.18	18.83	21.18	8252785	168377488.000
06/23/2014	21.60	22.35	21.08	22.00	9075870	197370432.000
06/24/2014	22.14	22.48	21.45	21.78	5937983	129428064.000
06/25/2014	21.48	23.96	21.41	23.96	10781110	245594432.000
06/26/2014	23.88	25.11	23.60	23.95	12989143	314412160.000
06/27/2014	23.83	25.88	23.65	24.20	11185074	277326720.000
06/30/2014	23.98	24.83	23.08	23.81	8722605	207784224.000
07/01/2014	23.59	24.48	23.49	24.02	4545773	109176760.000
07/02/2014	23.91	25.58	23.77	24.95	7048146	172585456.000
07/03/2014	24.80	24.95	24.02	24.20	4650977	113700552.000
07/04/2014	23.98	24.97	23.90	24.25	4131247	101189192.000
07/07/2014	24.26	24.68	23.58	24.27	3978996	96094896.000
07/08/2014	24.40	24.52	23.40	24.29	3829000	91836512.000
07/09/2014	24.10	24.70	23.58	23.58	3499175	84249448.000
07/10/2014	23.61	23.98	22.75	22.93	4485587	103717624.000
07/11/2014	23.17	23.48	22.78	23.00	1984690	45832644.000
07/14/2014	23.09	24.54	23.09	24.20	4049308	96717992.000
07/15/2014	24.19	24.20	22.88	23.50	4475418	105289664.000
07/16/2014	23.28	23.54	22.85	23.14	1736810	40166328.000
07/17/2014	23.35	23.96	23.30	23.59	2813047	66580560.000
07/18/2014	23.73	24.33	23.39	23.69	3143485	75340992.000
07/21/2014	23.30	23.38	22.20	22.77	2965122	67279056.000
07/22/2014	22.70	23.16	22.44	23.11	1661830	38163008.000
07/23/2014	22.90	23.17	21.98	22.11	2332503	52260852.000
07/24/2014	21.98	22.25	21.20	21.31	2891551	62234732.000
07/25/2014	21.41	21.86	21.22	21.81	1913928	41449716.000
07/28/2014	21.90	22.63	21.85	22.30	2118125	46957428.000
07/29/2014	22.40	22.90	22.12	22.49	2717762	61409620.000
07/30/2014	22.90	24.42	22.81	23.51	4132595	97355016.000
07/31/2014	23.51	23.59	23.00	23.37	1696928	39552452.000
08/01/2014	23.30	23.38	22.48	22.50	2059596	47273240.000
08/04/2014	22.61	23.05	22.61	22.80	1297917	29622556.000
08/05/2014	22.78	24.70	22.71	24.52	5811338	139302768.000
08/06/2014	24.18	24.58	23.92	24.57	2675169	64905388.000
08/07/2014	24.56	24.98	24.16	24.23	3549726	87518552.000
08/08/2014	24.25	24.68	24.00	24.39	2118964	51514516.000
08/11/2014	24.28	24.39	23.98	24.24	1733602	41905116.000
08/12/2014	24.28	24.60	23.98	24.43	2029025	49300528.000
08/13/2014	24.43	25.55	24.35	24.92	4032521	100800168.000
08/14/2014	24.98	25.27	24.01	24.34	2683798	65839220.000
08/15/2014	24.30	24.64	24.15	24.54	1722014	42005228.000
08/18/2014	24.54	24.74	23.98	24.46	2021509	49230828.000
08/19/2014	24.85	25.33	24.63	24.71	3047174	76004528.000
08/20/2014	24.57	24.57	23.75	24.02	2796955	67353656.000
08/21/2014	24.10	24.29	23.80	24.09	1475419	35426968.000
09/02/2014	25.78	25.78	24.80	25.08	6170027	155896512.000
09/03/2014	25.08	25.20	24.00	24.70	4782753	117340192.000
09/04/2014	24.50	24.83	24.41	24.58	2262474	55694676.000
09/05/2014	24.74	24.74	24.04	24.35	2558616	62091612.000
09/09/2014	24.48	24.48	24.10	24.25	1740971	42163248.000
09/10/2014	24.21	25.33	24.10	25.08	4240214	105347992.000
09/11/2014	24.97	25.34	24.52	24.87	2704629	67562952.000
09/12/2014	24.64	26.94	24.64	25.84	4214455	109591456.000
09/15/2014	26.00	26.60	25.65	26.36	3503091	91857320.000
09/16/2014	26.36	26.76	25.20	25.33	2912712	75515688.000
09/17/2014	25.49	26.28	25.35	26.15	3321767	86083200.000
09/18/2014	26.01	28.73	25.98	27.84	7388324	203883936.000
09/19/2014	27.60	28.00	27.03	27.91	4395597	120994240.000
09/22/2014	27.75	28.20	27.12	27.55	2535408	70041016.000
09/23/2014	27.40	27.68	27.15	27.50	1991071	54642824.000
09/24/2014	27.57	28.78	27.29	28.15	3807579	107107776.000
09/25/2014	27.94	28.18	27.11	27.41	3107266	85569872.000
09/26/2014	27.28	27.48	26.62	27.48	2528841	68229112.000
09/29/2014	27.38	27.58	27.10	27.48	1982429	54185440.000
09/30/2014	27.47	27.94	27.31	27.59	1724934	47721416.000
10/08/2014	27.60	28.14	27.58	27.98	1973738	55052380.000
10/09/2014	28.00	28.27	27.18	27.46	3771758	104076088.000
10/10/2014	27.28	27.53	26.73	27.50	2020400	54677340.000
10/13/2014	27.19	28.18	26.89	27.80	3073800	84927480.000
10/14/2014	28.20	28.45	27.51	27.88	2509360	70226032.000
10/15/2014	27.79	27.79	26.63	26.80	2542650	68522896.000
10/16/2014	26.69	26.99	25.95	25.95	2154089	56842120.000
10/17/2014	25.97	26.30	25.03	25.30	1946850	49567084.000
10/20/2014	25.33	25.86	25.28	25.81	2239643	57220200.000
10/21/2014	25.99	26.59	25.60	25.65	2565878	67125744.000
10/22/2014	25.47	25.75	24.77	24.78	2071137	52073288.000
10/23/2014	24.68	24.68	22.30	23.37	3832855	89621784.000
10/24/2014	23.44	23.98	22.58	23.95	3733281	86497552.000
10/27/2014	23.91	23.91	23.12	23.67	1559848	36645424.000
10/28/2014	23.67	24.00	23.65	23.99	3162521	75261112.000
10/29/2014	23.90	24.15	23.77	24.10	3989517	95488792.000
10/30/2014	24.01	25.86	24.01	25.68	5860247	145412176.000
10/31/2014	25.50	25.96	24.70	25.81	4836588	122685760.000
数据来源:通达信
