300052 中青宝 日线
      日期	    开盘	    最高	    最低	    收盘	    成交量	    成交额
10/08/2010	10.15	10.35	10.04	10.24	798307	16581432.000
10/11/2010	10.25	10.34	10.02	10.12	1306091	26892434.000
10/12/2010	10.08	10.25	10.02	10.15	983989	20316452.000
10/13/2010	10.12	10.44	10.06	10.41	1433049	29843024.000
10/14/2010	10.37	10.50	10.02	10.05	1098939	22929596.000
10/15/2010	10.03	10.23	9.84	10.00	1097083	22354530.000
10/18/2010	10.00	10.00	9.48	9.73	1244105	24426172.000
10/19/2010	9.72	10.57	9.65	10.45	2327281	48529208.000
10/20/2010	10.33	10.80	10.23	10.41	2120862	45396956.000
10/21/2010	10.36	10.36	10.10	10.32	1017577	21130936.000
10/22/2010	10.34	10.75	10.30	10.54	1331354	28619832.000
10/25/2010	10.57	10.71	10.49	10.67	1906294	41159652.000
10/26/2010	10.67	10.70	10.33	10.42	1625090	34452328.000
10/27/2010	10.42	10.57	10.31	10.33	1240528	26249770.000
10/28/2010	10.33	10.52	10.18	10.33	917027	19200694.000
10/29/2010	10.38	10.71	10.37	10.61	1792066	38497644.000
11/01/2010	10.69	11.07	10.61	10.97	2385172	52963800.000
11/02/2010	10.99	11.05	10.55	10.59	2163952	47172000.000
11/03/2010	10.53	10.57	10.12	10.12	1498590	31428636.000
11/04/2010	10.07	10.32	10.07	10.32	871846	18162946.000
11/05/2010	10.40	10.47	10.30	10.46	920429	19459446.000
11/08/2010	10.52	10.76	10.47	10.72	1415899	30738934.000
11/09/2010	10.77	10.86	10.56	10.86	1788443	38984148.000
11/10/2010	10.83	11.37	10.83	11.34	3772670	85750216.000
11/11/2010	11.43	11.55	11.13	11.13	3193062	73348376.000
11/12/2010	10.90	11.22	10.39	10.40	2215694	48620300.000
11/15/2010	10.43	11.36	10.43	11.28	2331285	51635116.000
11/16/2010	11.24	11.51	10.84	11.03	2951789	67459648.000
11/17/2010	10.98	12.03	10.73	11.50	5235919	122339584.000
11/18/2010	11.48	11.81	11.17	11.57	3248101	75692448.000
11/19/2010	11.50	11.93	11.33	11.85	6248912	148248064.000
11/22/2010	11.80	12.11	11.53	11.58	6875097	165584544.000
11/23/2010	11.43	11.52	11.03	11.36	3890928	88725360.000
11/24/2010	11.27	11.57	11.18	11.55	2558346	59398964.000
11/25/2010	11.64	11.77	11.15	11.24	3318385	76720744.000
11/26/2010	11.23	11.48	11.08	11.31	1986284	45552856.000
11/29/2010	11.23	11.62	11.16	11.57	2555180	59407520.000
11/30/2010	11.53	11.57	10.78	11.01	2981714	67088204.000
12/01/2010	10.92	11.04	10.85	10.91	1291864	28651570.000
12/02/2010	11.08	11.10	10.90	10.92	1141740	25496984.000
12/03/2010	10.93	11.08	10.67	10.75	1273900	28048362.000
12/06/2010	10.81	10.81	10.28	10.45	1478456	31467464.000
12/07/2010	10.40	10.59	10.28	10.51	806118	17190824.000
12/08/2010	10.46	10.59	10.38	10.44	755152	16142277.000
12/09/2010	10.44	10.47	10.27	10.28	676815	14288176.000
12/10/2010	10.30	10.61	10.23	10.57	883589	18885258.000
12/13/2010	10.78	11.57	10.78	11.33	3932755	89655952.000
12/14/2010	11.30	11.45	11.20	11.38	2296267	52850416.000
12/15/2010	11.26	11.49	11.19	11.27	1728260	39696980.000
12/16/2010	11.28	12.42	11.26	11.93	6815017	167617456.000
12/17/2010	11.73	11.83	11.55	11.74	3011645	71377424.000
12/20/2010	11.76	12.00	11.17	11.46	2765351	65046312.000
12/21/2010	11.46	11.68	11.33	11.57	1510931	35389988.000
12/22/2010	11.48	11.66	11.33	11.45	1852759	43202944.000
12/23/2010	11.42	11.50	10.93	10.95	1507523	34202276.000
12/24/2010	10.97	10.97	10.66	10.72	1055142	23138474.000
12/27/2010	10.72	11.02	10.32	10.39	1020178	22187102.000
12/28/2010	10.38	10.62	10.19	10.42	896599	18953008.000
12/29/2010	10.41	10.57	10.37	10.57	912542	19415902.000
12/31/2010	10.58	10.69	10.50	10.63	1132086	24351088.000
01/04/2011	10.67	10.71	10.39	10.70	1401381	30209486.000
01/05/2011	10.68	10.78	10.54	10.63	903372	19587312.000
01/06/2011	10.67	10.69	10.37	10.40	973198	20741844.000
01/07/2011	10.37	10.51	10.31	10.45	752163	15933307.000
01/10/2011	10.41	10.44	10.08	10.14	917844	19183074.000
01/11/2011	10.13	10.13	9.83	9.93	829487	16789100.000
01/12/2011	9.88	10.07	9.84	10.06	523084	10611909.000
01/13/2011	10.08	10.18	10.06	10.08	552183	11362929.000
01/14/2011	10.00	10.07	9.71	9.79	567733	11353821.000
01/17/2011	9.77	9.77	9.18	9.21	851601	16423266.000
01/18/2011	9.18	9.25	8.93	9.25	436368	8129506.000
01/19/2011	9.26	9.40	9.15	9.36	551604	10471077.000
01/20/2011	9.36	9.36	8.78	8.80	622722	11526854.000
01/21/2011	8.73	9.01	8.73	8.83	429623	7755957.500
01/24/2011	8.90	8.93	8.65	8.66	451122	8054646.000
01/25/2011	8.66	8.68	8.51	8.60	441347	7720526.000
01/26/2011	8.62	8.76	8.58	8.75	398717	7074704.000
01/27/2011	8.68	8.94	8.63	8.88	366299	6600575.500
01/28/2011	8.92	8.96	8.84	8.91	420796	7643541.000
01/31/2011	8.95	9.04	8.83	8.99	475444	8669071.000
02/01/2011	9.00	9.00	8.91	8.92	381590	6954688.500
02/09/2011	8.92	8.95	8.83	8.87	353340	6403605.500
02/10/2011	8.94	9.20	8.87	9.15	1163004	21562996.000
02/11/2011	9.15	9.33	9.09	9.25	846775	15930755.000
02/14/2011	9.25	9.57	9.23	9.49	957320	18326352.000
02/15/2011	9.39	9.52	9.39	9.39	793290	15254233.000
02/16/2011	9.45	9.50	9.33	9.49	810168	15562153.000
02/17/2011	9.52	9.57	9.33	9.49	920697	17701636.000
02/18/2011	9.47	9.49	9.22	9.33	823712	15615999.000
02/21/2011	9.31	9.40	9.24	9.40	615918	11700942.000
02/22/2011	9.40	9.40	9.04	9.04	790857	14827878.000
02/23/2011	9.04	9.17	8.98	9.11	571431	10584709.000
02/24/2011	9.11	9.25	9.05	9.20	541390	10094906.000
02/25/2011	9.20	9.49	9.16	9.44	1415003	27118130.000
02/28/2011	9.47	9.52	9.28	9.44	710957	13619534.000
03/01/2011	9.44	9.52	9.36	9.52	839124	16138003.000
03/02/2011	9.48	9.49	9.28	9.33	888458	16934860.000
03/03/2011	9.35	9.36	9.08	9.13	828985	15591083.000
03/04/2011	9.14	9.24	9.10	9.24	438306	8185795.500
03/07/2011	9.25	9.33	9.17	9.33	945938	17839402.000
03/08/2011	9.33	9.55	9.28	9.49	1335674	25694278.000
03/09/2011	9.53	9.53	9.36	9.44	629362	12093227.000
03/10/2011	9.47	9.62	9.46	9.55	1446445	28156848.000
03/11/2011	9.50	9.78	9.50	9.71	1923603	37983348.000
03/14/2011	9.72	9.82	9.63	9.74	1273756	25166508.000
03/15/2011	9.70	9.71	9.28	9.47	1275874	24476308.000
03/16/2011	9.37	9.58	9.36	9.56	888636	17089922.000
03/17/2011	9.50	9.50	9.27	9.43	844657	16112121.000
03/18/2011	9.40	9.51	9.33	9.40	608653	11628788.000
03/21/2011	9.22	9.27	8.99	9.05	1487449	27600222.000
03/22/2011	9.05	9.23	8.83	9.10	1039758	18940030.000
03/23/2011	9.03	9.14	8.99	9.08	764690	14121377.000
03/24/2011	9.08	9.14	9.02	9.10	590906	10930595.000
03/25/2011	9.10	9.20	9.08	9.13	854380	15901072.000
03/28/2011	9.08	9.21	9.08	9.11	694824	12943566.000
03/29/2011	9.12	9.12	8.51	8.81	961987	17397108.000
03/30/2011	8.81	8.81	8.60	8.68	490645	8715053.000
03/31/2011	8.70	8.78	8.58	8.61	543535	9624102.000
04/01/2011	8.58	8.70	8.55	8.70	534114	9418719.000
04/06/2011	8.68	8.75	8.60	8.66	511930	9021340.000
04/07/2011	8.67	8.72	8.60	8.72	557878	9880029.000
04/08/2011	8.77	8.80	8.71	8.79	428432	7662285.000
04/11/2011	8.81	8.81	8.58	8.59	628306	11103734.000
04/12/2011	8.59	8.66	8.58	8.63	363996	6395351.000
04/14/2011	8.75	8.81	8.63	8.65	577093	10219499.000
04/15/2011	8.75	8.75	8.59	8.66	442984	7821856.500
04/18/2011	8.64	8.64	8.57	8.61	493165	8647700.000
04/19/2011	8.58	8.59	8.25	8.31	907978	15512259.000
04/20/2011	8.33	8.43	8.33	8.42	452184	7743124.000
04/21/2011	8.46	8.50	8.39	8.41	380434	6548131.500
04/22/2011	8.40	8.45	8.32	8.37	436211	7442711.500
04/25/2011	8.37	8.41	8.18	8.18	421841	7113343.000
04/26/2011	8.18	8.22	7.93	7.93	628099	10289630.000
04/27/2011	7.94	8.01	7.84	7.90	427009	6921780.500
04/28/2011	7.92	7.92	7.38	7.42	798306	12576813.000
04/29/2011	7.47	7.76	7.47	7.76	493758	7696194.500
05/03/2011	7.76	7.81	7.68	7.75	506215	7897792.500
05/04/2011	7.73	7.83	7.43	7.77	497303	7752410.000
05/05/2011	7.75	7.91	7.61	7.87	581440	9186032.000
05/06/2011	7.86	7.86	7.64	7.78	436491	6826756.000
05/09/2011	7.76	7.90	7.76	7.86	307347	4864200.500
05/10/2011	7.86	7.91	7.83	7.89	270938	4306876.500
05/11/2011	7.86	7.86	7.70	7.77	311701	4888743.000
05/12/2011	7.82	7.82	7.53	7.53	353684	5495612.500
05/13/2011	7.62	7.69	7.53	7.69	307984	4732189.500
05/16/2011	7.75	7.75	7.58	7.60	221760	3424289.000
05/17/2011	7.53	7.64	7.52	7.60	333493	5090933.500
05/18/2011	7.61	7.74	7.58	7.72	386316	5976702.500
05/19/2011	7.72	7.85	7.68	7.68	281083	4415981.000
05/20/2011	7.68	7.73	7.51	7.53	360299	5515645.500
05/23/2011	7.48	7.58	7.22	7.22	501312	7425134.000
05/24/2011	7.18	7.58	7.09	7.42	731251	10832977.000
05/25/2011	7.43	7.43	7.14	7.26	430563	6363126.500
05/26/2011	7.26	7.36	7.08	7.10	245915	3571132.500
05/27/2011	7.18	7.20	6.97	7.06	276550	3956724.250
05/30/2011	7.06	7.25	7.03	7.11	397783	5772504.500
05/31/2011	7.12	7.27	7.03	7.26	401145	5823052.500
06/01/2011	7.25	7.33	7.20	7.28	349514	5130621.500
06/02/2011	7.17	7.22	6.98	7.07	445105	6352987.500
06/03/2011	7.12	7.21	7.07	7.20	452301	6541908.500
06/07/2011	7.20	7.21	7.11	7.20	274662	3976043.250
06/08/2011	7.14	7.20	7.05	7.15	277880	4005445.250
06/09/2011	7.13	7.17	7.02	7.04	333535	4769456.500
06/10/2011	6.98	7.03	6.87	6.97	383682	5394478.500
06/13/2011	6.92	7.10	6.87	7.04	366520	5196518.500
06/14/2011	7.02	7.10	6.99	7.08	264921	3790689.250
06/15/2011	7.09	7.11	6.93	6.95	212079	3013482.250
06/16/2011	6.89	7.07	6.89	6.90	339607	4775877.500
06/17/2011	6.87	6.99	6.84	6.85	216534	3017354.000
06/20/2011	6.81	6.87	6.71	6.75	284375	3894708.250
06/21/2011	6.78	6.84	6.68	6.81	280914	3844784.250
06/22/2011	6.79	6.88	6.74	6.83	249213	3428347.750
06/23/2011	6.81	7.10	6.75	7.07	819669	11609320.000
06/24/2011	7.05	7.23	7.00	7.18	899437	12971300.000
06/27/2011	7.18	7.41	7.13	7.24	741435	10896774.000
06/28/2011	7.25	7.30	7.17	7.23	360340	5244570.500
06/29/2011	7.22	7.32	7.09	7.14	477633	6956472.500
06/30/2011	7.19	7.26	7.13	7.25	483077	7041547.500
07/01/2011	7.21	7.34	7.21	7.26	548251	8074153.500
07/04/2011	7.23	7.40	7.23	7.38	688770	10199138.000
07/05/2011	7.38	7.42	7.33	7.41	581623	8671286.000
07/06/2011	7.38	7.42	7.25	7.42	561681	8318967.000
07/07/2011	7.36	7.56	7.35	7.45	860581	12983546.000
07/08/2011	7.45	7.46	7.33	7.41	367191	5467109.500
07/11/2011	7.35	7.42	7.32	7.41	469176	6993650.000
07/12/2011	7.33	7.40	7.17	7.20	475833	7001859.500
07/13/2011	7.28	7.39	7.19	7.37	729997	10772401.000
07/14/2011	7.42	7.75	7.42	7.63	1380364	21231088.000
07/15/2011	7.59	7.75	7.54	7.73	1554224	24132566.000
07/18/2011	7.80	7.80	7.62	7.65	990174	15395954.000
07/19/2011	7.61	7.76	7.61	7.62	978410	15171886.000
07/20/2011	7.65	7.75	7.56	7.69	768172	11868988.000
07/21/2011	7.70	7.77	7.58	7.71	894518	13861640.000
07/22/2011	7.69	7.74	7.58	7.63	702487	10849151.000
07/25/2011	7.58	7.63	7.14	7.16	911775	13571299.000
07/26/2011	7.12	7.15	7.01	7.11	430807	6154556.000
07/27/2011	7.05	7.22	7.01	7.20	423701	6107860.500
07/28/2011	7.13	7.22	7.03	7.20	352398	5069542.500
07/29/2011	7.20	7.28	7.13	7.13	336337	4886322.000
08/01/2011	7.12	7.27	7.05	7.16	519130	7526698.000
08/02/2011	7.08	7.13	6.77	6.96	827118	11548664.000
08/03/2011	6.89	7.34	6.83	7.21	1183015	17136848.000
08/04/2011	7.23	7.34	7.13	7.23	738139	10758749.000
08/05/2011	6.84	7.13	6.84	6.98	566421	8012798.500
08/08/2011	6.86	6.91	6.32	6.40	823134	10967800.000
08/09/2011	6.17	6.32	5.94	6.22	728231	9088642.000
08/10/2011	6.42	6.44	6.24	6.24	510097	6520421.500
08/11/2011	6.12	6.45	5.98	6.41	654667	8381369.000
08/12/2011	6.49	6.57	6.42	6.46	650404	8535299.000
08/15/2011	6.45	6.67	6.39	6.67	777322	10352927.000
08/16/2011	6.67	6.78	6.56	6.60	489870	6589833.000
08/17/2011	6.60	6.67	6.52	6.65	468211	6259445.500
08/18/2011	6.71	6.71	6.47	6.53	428068	5710358.500
08/19/2011	6.38	6.51	6.32	6.51	583616	7568693.000
08/22/2011	6.48	6.69	6.44	6.58	686643	9165927.000
08/23/2011	6.58	6.75	6.55	6.75	791750	10692625.000
08/24/2011	6.81	6.88	6.66	6.70	749108	10264652.000
08/25/2011	6.66	6.79	6.63	6.79	808393	10972296.000
08/26/2011	6.79	6.90	6.73	6.87	704906	9730900.000
08/29/2011	6.82	6.98	6.74	6.83	944024	13121385.000
08/30/2011	6.88	7.03	6.73	6.73	785554	10947339.000
08/31/2011	6.68	6.77	6.49	6.56	629501	8386255.500
09/01/2011	6.56	6.97	6.56	6.90	1823377	24879534.000
09/02/2011	6.83	6.85	6.49	6.54	1454177	19557162.000
09/05/2011	6.48	6.48	6.24	6.24	767284	9777744.000
09/06/2011	6.22	6.25	6.13	6.23	362145	4545512.500
09/07/2011	6.24	6.43	6.24	6.40	499020	6396853.500
09/08/2011	6.40	6.47	6.32	6.34	424205	5473539.000
09/09/2011	6.40	6.41	6.23	6.26	301938	3859924.250
09/13/2011	6.18	6.24	6.13	6.20	231481	2898166.500
09/14/2011	6.25	6.39	6.15	6.37	390200	4940043.000
09/15/2011	6.35	6.44	6.32	6.36	317322	4102046.750
09/16/2011	6.40	6.43	6.28	6.31	335901	4326114.500
09/19/2011	6.27	6.27	6.11	6.11	427641	5332285.000
09/20/2011	6.07	6.17	6.07	6.10	263984	3271668.750
09/21/2011	6.18	6.33	6.08	6.31	549066	6940489.000
09/22/2011	6.25	6.27	6.09	6.10	386755	4844558.000
09/23/2011	5.99	6.15	5.97	6.13	354692	4344757.000
09/26/2011	6.03	6.14	6.03	6.11	247596	3060600.250
09/27/2011	6.20	6.20	6.10	6.17	301478	3751949.000
09/28/2011	6.18	6.25	6.05	6.10	296785	3711137.250
09/29/2011	6.10	6.10	5.87	5.95	439280	5322885.500
09/30/2011	5.95	6.05	5.89	5.97	292270	3521675.000
10/10/2011	5.97	6.09	5.97	6.04	250720	3066082.500
10/11/2011	6.12	6.33	6.12	6.25	1219181	15371497.000
10/12/2011	6.25	6.59	6.20	6.59	1887136	24655012.000
10/13/2011	6.81	7.26	6.71	7.12	6709142	94891648.000
10/14/2011	6.93	6.98	6.76	6.89	5422666	75456720.000
10/17/2011	6.88	7.09	6.84	7.00	3034856	42698620.000
10/18/2011	6.85	6.97	6.60	6.60	2225610	30396658.000
10/19/2011	6.72	6.85	6.59	6.63	1971560	26723126.000
10/20/2011	6.53	6.95	6.46	6.84	3905903	53199648.000
10/21/2011	6.77	6.90	6.51	6.52	2020442	27360052.000
10/24/2011	6.39	7.03	6.38	7.03	3957657	54307580.000
10/25/2011	7.02	7.36	6.93	7.20	5595645	80964704.000
10/26/2011	7.16	7.88	7.03	7.44	6647982	100203312.000
10/27/2011	7.38	7.42	7.18	7.23	3856587	56734720.000
10/28/2011	7.34	7.67	7.23	7.38	4925460	73730712.000
10/31/2011	7.34	7.69	7.24	7.48	4204856	63326104.000
11/01/2011	7.40	7.59	7.23	7.33	3461633	51619332.000
11/02/2011	7.20	7.85	7.11	7.77	5563055	84471424.000
11/03/2011	7.80	8.06	7.63	7.74	6972953	110129080.000
11/04/2011	7.74	7.88	7.56	7.69	2927228	45560976.000
11/07/2011	7.68	7.96	7.59	7.73	2712438	42580616.000
11/08/2011	7.84	8.41	7.73	7.77	4559806	73600112.000
11/09/2011	7.93	8.56	7.93	8.56	7636925	130239240.000
11/10/2011	9.42	9.42	8.56	9.42	9132696	172803488.000
11/11/2011	9.78	10.37	9.73	10.00	16526195	333734496.000
11/14/2011	10.02	10.57	9.95	10.29	10554692	217214032.000
11/15/2011	10.13	10.50	10.06	10.35	9212345	190325104.000
11/16/2011	10.28	10.52	9.87	10.08	8248147	167862896.000
11/17/2011	10.06	10.18	9.81	9.95	5273619	105822760.000
11/18/2011	9.81	9.94	9.53	9.59	5711776	111662672.000
11/21/2011	9.55	9.58	9.08	9.38	7727840	144793904.000
11/22/2011	9.26	9.47	9.03	9.32	5414478	100996664.000
11/23/2011	9.28	9.37	9.02	9.13	4956738	91895064.000
11/24/2011	8.97	9.25	8.88	9.00	5047063	92123920.000
11/25/2011	8.89	9.32	8.68	8.70	7486178	136507536.000
11/28/2011	8.63	8.77	8.39	8.58	5573877	96689000.000
11/29/2011	8.58	8.78	8.48	8.65	4052192	70503128.000
11/30/2011	8.60	8.60	7.78	7.78	4765612	78591648.000
12/01/2011	7.91	8.07	7.68	7.69	8198905	130402552.000
12/02/2011	7.53	7.99	7.48	7.71	6197048	97026216.000
12/05/2011	7.70	7.87	7.43	7.50	4064513	63149708.000
12/06/2011	7.42	7.77	7.03	7.63	6361753	94652216.000
12/07/2011	7.45	7.90	7.34	7.79	6615372	101346472.000
12/08/2011	7.65	8.16	7.55	7.78	8383380	132978808.000
12/09/2011	7.61	7.77	7.28	7.28	5148791	78043160.000
12/12/2011	7.20	7.34	7.08	7.11	2743555	40004968.000
12/13/2011	7.04	7.35	6.74	7.11	5022280	70903648.000
12/14/2011	6.98	7.50	6.98	7.23	5970864	87922024.000
12/15/2011	7.06	7.52	6.91	7.36	5973163	88342168.000
12/16/2011	7.28	8.02	7.24	7.94	8445176	130361512.000
12/19/2011	7.73	8.25	7.64	8.11	9458881	150687152.000
12/20/2011	8.05	8.09	7.66	7.66	6075142	96520256.000
12/21/2011	7.72	7.92	7.23	7.24	5106782	78559672.000
12/22/2011	7.03	7.30	6.69	7.10	5267362	74769408.000
12/23/2011	6.93	7.10	6.74	6.78	5620453	78420840.000
12/26/2011	6.70	7.03	6.64	6.72	3348606	46351208.000
12/27/2011	6.67	6.67	6.04	6.12	4423206	56957724.000
12/28/2011	6.03	6.14	5.88	6.10	2630172	32095098.000
12/29/2011	6.08	6.20	6.03	6.10	2123029	26255728.000
12/30/2011	6.12	6.38	6.12	6.21	2225857	28152244.000
01/04/2012	6.28	6.43	5.92	5.92	2461176	31132588.000
01/05/2012	5.78	5.86	5.45	5.52	3737012	42625788.000
01/06/2012	5.43	5.65	5.40	5.61	2128428	23915066.000
01/09/2012	5.62	6.01	5.58	5.96	3416567	40424076.000
01/10/2012	5.93	6.25	5.90	6.20	4342777	53744708.000
01/11/2012	6.21	6.58	6.16	6.27	5389964	69640352.000
01/12/2012	6.23	6.32	6.11	6.14	3431208	43105556.000
01/13/2012	6.10	6.19	5.53	5.53	4610123	54083164.000
01/16/2012	5.43	5.52	5.30	5.36	2157567	23671640.000
01/17/2012	5.37	5.74	5.34	5.70	2644548	29746236.000
01/18/2012	5.70	5.85	5.37	5.40	3442157	39229668.000
01/19/2012	5.35	5.54	5.19	5.45	2817587	30757730.000
01/20/2012	5.53	5.73	5.46	5.57	2314534	26256594.000
01/30/2012	5.62	5.70	5.52	5.57	1634271	18569332.000
01/31/2012	5.50	5.56	5.28	5.55	2820307	30959734.000
02/01/2012	5.48	5.60	5.37	5.41	1744625	19388078.000
02/02/2012	5.41	5.63	5.37	5.62	2569434	28663020.000
02/03/2012	5.60	5.91	5.56	5.83	4024060	46963720.000
02/06/2012	5.81	6.07	5.76	5.95	4479137	53629692.000
02/07/2012	5.88	6.15	5.74	5.79	4769659	57382188.000
02/08/2012	5.78	6.37	5.74	6.37	3064757	38472496.000
02/09/2012	6.72	7.02	6.59	6.76	13363827	183370336.000
02/10/2012	6.73	7.00	6.65	6.92	9045841	124013792.000
02/13/2012	6.80	7.16	6.79	6.86	8336928	116549328.000
02/14/2012	6.84	7.07	6.77	6.82	4223734	58780252.000
02/15/2012	6.73	7.16	6.68	6.94	7298024	102769640.000
02/16/2012	6.84	7.36	6.84	7.20	10403393	149344640.000
02/17/2012	7.20	7.33	6.79	7.02	7865086	112020480.000
02/20/2012	7.15	7.73	7.02	7.42	15262330	233651376.000
02/21/2012	7.29	7.82	7.26	7.65	15258042	231568016.000
02/22/2012	7.55	7.80	7.49	7.75	11709528	180878976.000
02/23/2012	7.68	7.77	7.43	7.53	8557822	130817960.000
02/24/2012	7.48	7.71	7.33	7.46	7626140	115607560.000
02/27/2012	7.40	7.57	7.36	7.40	6908268	104140592.000
02/28/2012	7.36	7.42	7.14	7.32	6968044	102443600.000
02/29/2012	7.35	7.50	7.03	7.08	7471012	109841816.000
03/01/2012	7.03	7.18	6.98	7.06	4128671	59239112.000
03/02/2012	7.09	7.28	7.06	7.23	4589464	66471380.000
03/05/2012	7.23	7.42	7.13	7.31	6456428	95124064.000
03/06/2012	7.25	7.28	7.01	7.06	4602576	66240204.000
03/07/2012	6.94	7.18	6.84	7.02	5112225	72535656.000
03/08/2012	7.03	7.18	7.02	7.11	3956652	56657972.000
03/09/2012	7.12	7.43	7.07	7.39	8493988	125082168.000
03/12/2012	7.39	7.43	7.27	7.43	5819228	86515656.000
03/13/2012	7.44	7.58	7.26	7.37	5639501	83868152.000
03/14/2012	7.40	7.42	6.62	6.68	7702135	109678336.000
03/15/2012	6.63	6.77	6.37	6.39	5615657	73568696.000
03/16/2012	6.41	6.53	6.29	6.49	3476063	45251688.000
03/19/2012	6.53	6.59	6.43	6.59	3039767	40100752.000
03/20/2012	6.55	6.55	6.28	6.32	2759821	35819732.000
03/21/2012	6.38	6.40	6.15	6.32	2716998	34607900.000
03/22/2012	6.32	6.49	6.28	6.41	2368553	30689822.000
03/23/2012	6.38	6.50	6.32	6.38	1978994	25651980.000
03/26/2012	6.34	6.57	6.31	6.47	2789816	36394012.000
03/27/2012	6.53	6.80	6.47	6.63	4789475	64367608.000
03/28/2012	6.48	6.48	5.96	5.96	5569589	69261192.000
03/29/2012	5.79	5.88	5.61	5.78	2978301	34767016.000
03/30/2012	5.78	5.83	5.55	5.60	1955795	22431776.000
04/05/2012	5.54	5.77	5.54	5.76	2458933	28317812.000
04/06/2012	5.75	6.06	5.68	5.95	3498757	41703608.000
04/09/2012	5.89	5.92	5.63	5.67	2333487	27346818.000
04/10/2012	5.73	5.87	5.58	5.87	2818997	32736726.000
04/11/2012	5.77	5.89	5.73	5.84	2117597	24929790.000
04/12/2012	5.84	6.00	5.78	5.98	2944134	35169068.000
04/13/2012	6.01	6.17	5.94	6.04	3162173	38779488.000
04/16/2012	5.95	6.01	5.90	5.94	1856972	22390886.000
04/17/2012	5.95	6.06	5.85	5.93	2034306	24518518.000
04/18/2012	5.98	6.08	5.93	6.06	2332436	28448564.000
04/19/2012	6.07	6.12	5.94	6.00	1719113	20942858.000
04/20/2012	6.01	6.11	5.95	6.08	2446242	29957908.000
04/23/2012	5.88	5.93	5.47	5.47	5535399	62250248.000
04/24/2012	5.18	5.27	4.93	5.09	5588963	57763172.000
04/25/2012	5.03	5.17	5.00	5.10	2756803	28397706.000
04/26/2012	5.09	5.15	4.97	4.98	2764798	28338184.000
04/27/2012	4.99	5.22	4.99	5.11	3034203	31462742.000
05/02/2012	5.18	5.22	5.01	5.05	3090629	31907846.000
05/03/2012	5.05	5.29	5.02	5.23	5780243	61073520.000
05/04/2012	5.31	5.76	5.29	5.76	6049430	68604808.000
05/07/2012	5.98	6.17	5.87	6.09	12061361	147272752.000
05/08/2012	5.99	6.32	5.99	6.07	9496956	117730336.000
05/09/2012	5.95	6.06	5.85	5.87	5051411	60443696.000
05/10/2012	5.84	6.01	5.84	5.92	3659462	44002320.000
05/11/2012	6.03	6.10	5.75	5.80	4998141	59711160.000
05/14/2012	5.78	6.02	5.78	5.81	4541934	54157092.000
05/15/2012	5.68	5.72	5.47	5.57	4733485	53449156.000
05/16/2012	5.53	5.65	5.52	5.61	2708189	30711306.000
05/17/2012	5.70	6.15	5.68	5.98	7047709	84439360.000
05/18/2012	5.87	5.99	5.78	5.82	4009216	47771344.000
05/21/2012	5.69	5.74	5.33	5.38	5046762	56114132.000
05/22/2012	5.42	5.51	5.42	5.49	2086512	23078156.000
05/23/2012	5.48	5.48	5.34	5.42	1914315	20966842.000
05/24/2012	5.40	5.50	5.35	5.46	2410718	26556872.000
05/25/2012	5.43	5.45	5.21	5.29	2427749	26173572.000
05/28/2012	5.29	5.36	5.13	5.36	1731951	18460680.000
05/29/2012	5.36	5.51	5.33	5.48	2664233	29424580.000
05/30/2012	5.47	5.55	5.40	5.51	2164433	24038254.000
05/31/2012	5.48	5.77	5.44	5.64	4109053	46852576.000
06/01/2012	5.63	5.68	5.53	5.57	2361392	26768742.000
06/04/2012	5.43	5.53	5.33	5.33	1863895	20466710.000
06/05/2012	5.35	5.45	5.31	5.40	1336052	14579863.000
06/06/2012	5.43	5.49	5.38	5.40	1261759	13903819.000
06/07/2012	5.45	5.53	5.33	5.33	1883345	20744346.000
06/08/2012	5.39	5.87	5.34	5.87	6385053	74064552.000
06/11/2012	6.07	6.22	5.88	6.12	12285070	150571664.000
06/12/2012	6.01	6.14	5.89	5.94	6823368	83093064.000
06/13/2012	5.94	6.21	5.90	6.10	7205478	88654648.000
06/14/2012	6.04	6.19	5.88	5.91	5708027	69845432.000
06/15/2012	5.95	5.99	5.79	5.94	3496797	41780312.000
06/18/2012	5.94	6.16	5.92	6.02	4531171	55313956.000
06/19/2012	5.99	6.41	5.96	6.27	8915027	112657568.000
06/20/2012	6.21	6.48	6.13	6.24	6753282	86121576.000
06/21/2012	6.22	6.52	6.18	6.43	7846899	100595888.000
06/25/2012	6.35	6.51	6.00	6.05	5014995	63189620.000
06/26/2012	5.96	6.05	5.81	5.97	2971292	35506084.000
06/27/2012	5.98	6.15	5.89	6.00	3446789	41835640.000
06/28/2012	5.99	6.03	5.83	5.83	2731119	32730340.000
06/29/2012	5.74	5.94	5.68	5.88	2724999	31893338.000
07/02/2012	6.00	6.20	5.88	6.08	3391083	41504856.000
07/03/2012	6.05	6.33	6.01	6.22	4168925	52007944.000
07/04/2012	6.23	6.31	6.08	6.16	2889203	35954208.000
07/05/2012	6.17	6.18	5.84	5.88	2916679	34897332.000
07/06/2012	5.94	6.47	5.78	6.47	4575665	56690560.000
07/09/2012	6.58	6.95	6.49	6.53	12520307	168469728.000
07/10/2012	6.45	6.77	6.35	6.61	7509043	99859184.000
07/11/2012	6.51	6.58	6.28	6.43	5174942	66667432.000
07/12/2012	6.42	6.78	6.35	6.70	7009972	92918696.000
07/13/2012	6.61	6.65	6.03	6.03	9389418	118898496.000
07/16/2012	6.18	6.18	5.77	5.87	5750276	69331624.000
07/17/2012	5.76	6.05	5.76	6.01	3187304	38239940.000
07/18/2012	6.01	6.08	5.87	6.08	2769065	33322038.000
07/19/2012	6.07	6.23	6.03	6.09	3239364	40099104.000
07/20/2012	6.07	6.62	6.01	6.25	5976401	76566640.000
07/23/2012	6.28	6.58	6.26	6.35	4970687	64121508.000
07/24/2012	6.27	6.44	6.20	6.40	4012483	51210480.000
07/25/2012	6.40	6.95	6.37	6.74	9191442	124453896.000
07/26/2012	6.70	6.77	6.54	6.57	4946908	65989436.000
07/27/2012	6.65	6.74	6.50	6.68	6209986	82975432.000
07/30/2012	6.69	6.80	6.30	6.33	5852037	76354496.000
07/31/2012	6.33	6.55	6.03	6.45	5747335	73475008.000
08/01/2012	6.46	6.71	6.34	6.63	5793525	76723344.000
08/02/2012	6.60	6.84	6.55	6.68	6455653	87022752.000
08/03/2012	6.60	6.89	6.45	6.88	7603424	102706472.000
08/06/2012	6.76	7.11	6.75	7.04	7888207	110503088.000
08/07/2012	7.10	7.10	6.85	6.92	5793625	80999888.000
08/08/2012	6.86	6.95	6.71	6.89	4733748	65071548.000
08/09/2012	6.86	7.00	6.74	6.96	4825125	66778808.000
08/10/2012	6.93	6.94	6.73	6.74	4154630	57026312.000
08/13/2012	6.77	6.93	6.68	6.72	4003997	55032320.000
08/15/2012	6.78	6.92	6.65	6.71	4107102	56319152.000
08/16/2012	6.69	6.73	6.29	6.30	4899795	63556468.000
08/17/2012	6.29	6.43	6.26	6.41	2059635	26382910.000
08/20/2012	6.33	6.52	6.28	6.50	1774588	23040116.000
08/21/2012	6.50	6.95	6.48	6.78	4868155	66146404.000
08/22/2012	6.71	6.85	6.62	6.64	2981309	40280060.000
08/23/2012	6.66	6.86	6.64	6.74	3352017	45648420.000
08/24/2012	6.72	6.83	6.56	6.56	2778573	37516016.000
08/27/2012	6.56	6.62	6.36	6.50	2010955	26307128.000
08/28/2012	6.48	6.67	6.39	6.64	4427235	58241940.000
08/29/2012	6.57	6.85	6.52	6.71	4907815	66567892.000
08/30/2012	6.70	6.98	6.40	6.57	6577945	89116920.000
08/31/2012	6.48	6.72	6.46	6.70	2490425	33077514.000
09/03/2012	6.62	6.92	6.62	6.88	3757018	51677996.000
09/04/2012	6.95	7.04	6.80	6.87	4992121	69509896.000
09/05/2012	6.85	7.19	6.85	7.05	5910140	83793088.000
09/06/2012	7.05	7.07	6.88	7.00	3818282	53621952.000
09/07/2012	7.07	7.21	6.95	7.05	6344926	90588152.000
09/10/2012	7.00	7.24	6.89	7.20	6543528	93039000.000
09/11/2012	7.16	7.40	7.06	7.11	5964494	86741120.000
09/12/2012	7.11	7.23	6.95	7.06	4171903	59092904.000
09/13/2012	7.04	7.06	6.84	6.84	2918635	40795136.000
09/14/2012	6.90	6.95	6.78	6.85	2699442	37320188.000
09/17/2012	6.93	7.05	6.66	7.03	6348222	88245248.000
09/18/2012	7.13	7.34	6.48	6.58	11543999	161615472.000
09/19/2012	6.41	6.52	6.29	6.38	6428640	82933808.000
09/20/2012	6.36	6.43	6.03	6.03	4197139	52691252.000
09/21/2012	6.01	6.09	5.74	5.75	4162102	49592444.000
09/24/2012	5.75	5.85	5.68	5.76	2447227	28514284.000
09/25/2012	5.75	5.79	5.53	5.57	2997626	33992284.000
09/26/2012	5.56	5.65	5.37	5.39	2364727	26138458.000
09/27/2012	5.38	5.58	5.38	5.52	2664355	29518684.000
09/28/2012	5.53	5.64	5.49	5.63	1830011	20566908.000
10/08/2012	5.62	5.68	5.59	5.64	1828595	20780920.000
10/09/2012	5.64	5.87	5.62	5.83	2822642	32781134.000
10/10/2012	5.80	5.90	5.74	5.88	2717991	31863088.000
10/11/2012	5.88	5.90	5.68	5.69	2459556	28681190.000
10/12/2012	5.76	5.93	5.66	5.72	2395495	27962544.000
10/15/2012	5.64	5.64	5.16	5.32	4416697	47440276.000
10/16/2012	5.27	5.42	5.27	5.38	1898725	20531294.000
10/17/2012	5.39	5.42	5.31	5.41	1212253	13148331.000
10/18/2012	5.39	5.55	5.39	5.53	1749708	19402920.000
10/19/2012	5.46	5.62	5.46	5.52	1499512	16753066.000
10/22/2012	5.48	5.54	5.46	5.53	1090888	12125653.000
10/23/2012	5.53	5.55	5.40	5.40	1635726	18054084.000
10/24/2012	5.37	5.48	5.37	5.48	1538255	16871244.000
10/25/2012	5.49	5.50	5.38	5.46	1366927	14992107.000
10/26/2012	5.45	5.53	5.35	5.46	2754921	30396766.000
10/29/2012	5.45	5.49	5.36	5.48	1582891	17386890.000
10/30/2012	5.51	5.52	5.41	5.50	1358466	15013067.000
10/31/2012	5.51	5.51	5.37	5.41	1621851	17778956.000
11/01/2012	5.41	5.52	5.37	5.50	1737392	19152478.000
11/02/2012	5.50	5.51	5.40	5.42	2707205	29657790.000
11/05/2012	5.41	5.41	5.28	5.29	2085732	22431240.000
11/06/2012	5.28	5.31	5.14	5.25	1450066	15281147.000
11/07/2012	5.25	5.30	5.21	5.24	1137824	12051208.000
11/08/2012	5.24	5.24	5.07	5.08	1281651	13311810.000
11/09/2012	5.05	5.10	5.00	5.03	976792	9927262.000
11/12/2012	5.05	5.09	5.03	5.08	1047870	10713753.000
11/13/2012	5.06	5.07	4.96	4.97	1154857	11667465.000
11/14/2012	4.96	4.99	4.79	4.90	1628223	15997354.000
11/15/2012	4.88	4.89	4.78	4.83	804926	7860163.500
11/16/2012	4.79	4.79	4.69	4.73	1399580	13347999.000
11/19/2012	4.73	4.83	4.68	4.82	1082734	10379946.000
11/20/2012	4.84	5.10	4.80	4.91	3119735	31266092.000
11/21/2012	4.87	4.98	4.80	4.96	1796227	17699346.000
11/22/2012	4.91	4.95	4.86	4.88	832420	8242370.500
11/23/2012	4.85	4.92	4.83	4.84	731611	7202376.500
11/26/2012	4.81	4.86	4.69	4.71	1086851	10450817.000
11/27/2012	4.63	4.73	4.44	4.46	1365390	12496586.000
11/28/2012	4.43	4.48	4.37	4.40	844233	7558756.500
11/29/2012	4.40	4.50	4.38	4.41	788666	7072406.000
11/30/2012	4.41	4.50	4.36	4.48	948811	8544325.000
12/03/2012	4.49	4.49	4.26	4.26	1167650	10294968.000
12/04/2012	4.26	4.34	4.15	4.32	891670	7635691.000
12/05/2012	4.27	4.57	4.27	4.45	1623367	14605107.000
12/06/2012	4.46	4.69	4.43	4.52	2351080	21748060.000
12/07/2012	4.46	4.68	4.43	4.64	3553421	32896334.000
12/10/2012	4.68	4.82	4.60	4.81	3457102	32952684.000
12/11/2012	4.78	4.82	4.71	4.77	1998198	19271408.000
12/12/2012	4.73	4.78	4.57	4.68	1647647	15516817.000
12/13/2012	4.68	4.83	4.64	4.76	2055947	19642738.000
12/14/2012	4.73	5.06	4.66	5.03	3626043	35967268.000
12/17/2012	4.97	5.01	4.90	4.95	2062300	20659898.000
12/18/2012	4.93	5.01	4.89	4.90	1415136	14168996.000
12/19/2012	5.00	5.06	4.90	4.95	1780039	17944610.000
12/20/2012	4.95	5.05	4.91	5.03	1652911	16611769.000
12/21/2012	5.01	5.24	4.96	5.10	3171399	32483550.000
12/24/2012	5.11	5.27	5.06	5.13	2522743	26313130.000
12/25/2012	5.11	5.31	5.11	5.26	2285072	24172852.000
12/26/2012	5.23	5.56	5.23	5.48	3728003	40853136.000
12/27/2012	5.47	5.50	5.34	5.35	2294246	24997954.000
12/28/2012	5.32	5.45	5.29	5.43	1474206	16014687.000
12/31/2012	5.41	5.62	5.41	5.58	2448662	27175392.000
01/04/2013	5.61	5.70	5.45	5.48	1574965	17492084.000
01/07/2013	5.45	5.55	5.37	5.47	1270804	13989129.000
01/08/2013	5.47	5.71	5.42	5.59	3185597	35956812.000
01/09/2013	5.55	5.78	5.52	5.57	2192661	24941784.000
01/10/2013	5.56	5.75	5.53	5.62	2278593	26013544.000
01/11/2013	5.60	5.72	5.38	5.42	3116865	35134452.000
01/14/2013	5.45	5.65	5.34	5.61	2861771	32045194.000
01/15/2013	5.60	5.84	5.60	5.78	3650606	42140008.000
01/16/2013	5.78	5.84	5.59	5.71	2817996	32454690.000
01/17/2013	5.73	5.74	5.57	5.61	1922551	21905764.000
01/18/2013	5.62	5.80	5.56	5.73	2597497	29796706.000
01/21/2013	5.72	5.90	5.66	5.84	3045418	35522336.000
01/22/2013	5.80	5.86	5.45	5.60	2018511	23093782.000
01/23/2013	5.54	5.64	5.47	5.58	1220556	13682578.000
01/24/2013	5.58	5.68	5.30	5.32	1939122	21440384.000
01/25/2013	5.31	5.37	5.21	5.25	982201	10510190.000
01/28/2013	5.32	5.70	5.26	5.58	3627451	39985716.000
01/29/2013	5.56	5.74	5.51	5.59	2663393	30211458.000
01/30/2013	5.59	5.64	5.40	5.47	1775130	19707702.000
01/31/2013	5.45	5.59	5.37	5.52	3138400	34606404.000
02/01/2013	5.47	5.53	5.29	5.36	4435088	48051528.000
02/04/2013	5.33	5.33	5.00	5.03	3838969	39587100.000
02/05/2013	5.05	5.10	4.97	5.07	2980685	30373502.000
02/06/2013	5.14	5.24	5.10	5.14	2623031	27396026.000
02/07/2013	5.17	5.66	5.12	5.66	9198404	102281824.000
02/08/2013	5.58	5.85	5.51	5.67	8795372	100883808.000
02/18/2013	5.70	5.73	5.61	5.69	4177617	47713516.000
02/19/2013	5.65	5.68	5.50	5.54	3448130	38858856.000
02/20/2013	5.53	5.93	5.52	5.89	6916470	80319048.000
02/21/2013	5.84	6.04	5.66	5.75	5991345	70794160.000
02/22/2013	5.75	5.84	5.61	5.73	3700713	42719596.000
02/25/2013	5.71	5.80	5.69	5.70	3533821	40921308.000
02/27/2013	5.65	5.65	5.35	5.43	5095531	56414116.000
02/28/2013	5.55	5.98	5.50	5.98	6829044	79889480.000
03/01/2013	6.08	6.39	5.99	6.23	12722696	157749424.000
03/04/2013	6.12	6.29	6.02	6.26	9262501	114856392.000
03/05/2013	6.27	6.36	6.08	6.25	7111470	89243128.000
03/06/2013	6.29	6.54	6.29	6.41	7957100	102717480.000
03/07/2013	6.39	6.51	6.10	6.22	5903780	74860736.000
03/08/2013	6.16	6.28	6.07	6.09	2574163	32020256.000
03/11/2013	6.08	6.21	6.05	6.06	1975997	24370852.000
03/12/2013	6.08	6.13	5.67	5.81	3863974	45543928.000
03/13/2013	5.77	5.83	5.62	5.81	2126745	24531294.000
03/14/2013	5.80	5.88	5.73	5.81	1216324	14256249.000
03/15/2013	5.84	5.94	5.69	5.77	2117720	24886550.000
03/18/2013	5.70	5.72	5.53	5.59	2210158	25038380.000
03/19/2013	5.59	5.64	5.40	5.62	1618067	18081440.000
03/20/2013	5.61	5.81	5.55	5.79	2560141	29578036.000
03/21/2013	5.80	5.94	5.78	5.83	2429706	28692980.000
03/22/2013	5.80	5.87	5.74	5.75	2334938	27271400.000
03/25/2013	5.73	5.83	5.68	5.77	1629486	18929160.000
03/26/2013	5.73	5.76	5.53	5.63	2179915	24652838.000
03/27/2013	5.65	5.85	5.65	5.76	3172838	36719724.000
03/28/2013	5.68	5.68	5.45	5.50	2053690	22936090.000
03/29/2013	5.55	5.67	5.47	5.50	1932186	21738924.000
04/01/2013	5.47	5.59	5.41	5.52	1807148	20048278.000
04/02/2013	5.52	5.65	5.43	5.43	2724936	30467576.000
04/03/2013	5.41	5.47	5.14	5.18	3275179	34732188.000
04/08/2013	5.09	5.29	5.03	5.27	1850196	19342692.000
04/09/2013	5.27	5.44	5.23	5.37	2457969	26539680.000
04/10/2013	5.34	5.50	5.30	5.38	2224122	24243906.000
04/11/2013	5.39	5.43	5.27	5.27	1012595	10926242.000
04/12/2013	5.30	5.47	5.24	5.35	1600301	17308200.000
04/15/2013	5.47	5.57	5.37	5.40	2142466	23573422.000
04/16/2013	5.30	5.49	5.19	5.45	1778307	19166548.000
04/17/2013	5.45	5.73	5.43	5.66	3854105	43646584.000
04/18/2013	5.66	5.94	5.60	5.87	5340209	62371740.000
04/19/2013	5.92	6.10	5.81	5.99	6142326	73890352.000
04/22/2013	5.95	6.59	5.88	6.50	11292146	145413376.000
04/23/2013	6.35	6.52	6.11	6.19	6904702	87837832.000
04/24/2013	6.23	6.82	6.17	6.67	10641991	140825856.000
04/25/2013	6.62	6.85	6.35	6.38	9030735	120563360.000
04/26/2013	6.31	6.52	6.10	6.33	4802096	61119568.000
05/02/2013	6.29	6.63	6.20	6.51	4961224	64750416.000
05/03/2013	6.70	7.13	6.68	6.89	9998481	138251504.000
05/06/2013	6.94	7.59	6.86	7.36	13035635	192345040.000
05/07/2013	7.21	7.27	7.06	7.17	7362730	106240288.000
05/08/2013	7.20	7.63	7.20	7.40	7839877	117284520.000
05/09/2013	7.50	8.15	7.46	8.15	16042774	258149680.000
05/10/2013	7.90	8.15	7.63	7.85	9764814	154478384.000
05/13/2013	7.76	8.05	7.56	7.94	7045657	110915592.000
05/14/2013	7.94	7.94	7.14	7.16	9807836	145838880.000
05/15/2013	7.16	7.44	7.16	7.44	5415796	79728264.000
05/16/2013	7.40	7.60	7.02	7.21	7661849	112714424.000
05/17/2013	7.09	7.54	7.02	7.40	7033946	104211072.000
05/20/2013	7.45	8.15	7.34	8.15	13503766	217076864.000
05/21/2013	8.35	8.95	8.20	8.82	13333621	228643808.000
05/22/2013	8.66	8.66	8.17	8.34	8901383	149701328.000
05/23/2013	8.25	9.13	8.23	8.60	10082480	176778672.000
05/24/2013	8.66	9.46	8.65	9.46	8378749	154404400.000
05/27/2013	9.34	9.96	9.33	9.48	7772700	148704016.000
05/28/2013	9.35	9.59	8.73	8.93	6072041	109838384.000
05/29/2013	8.89	9.73	8.83	9.62	7143367	134231024.000
05/30/2013	9.55	9.89	9.44	9.61	5481238	105849344.000
05/31/2013	9.62	9.68	9.11	9.13	5992537	111965112.000
06/03/2013	9.16	9.28	8.71	8.71	4892312	87284264.000
06/04/2013	8.63	9.03	8.50	8.87	5086509	89979648.000
06/05/2013	8.91	9.76	8.87	9.76	8961889	171738528.000
06/06/2013	9.94	10.08	9.54	10.05	9274701	182256512.000
06/07/2013	9.86	10.48	9.65	10.34	8061127	162321216.000
06/13/2013	9.98	11.38	9.89	11.38	11010387	238560688.000
06/14/2013	11.58	12.52	11.58	12.52	15492242	378075040.000
06/17/2013	12.73	12.83	11.98	12.28	13555147	337785792.000
06/18/2013	12.14	13.51	12.14	13.51	12988045	335398368.000
06/19/2013	13.48	13.97	12.98	13.21	12300373	331410208.000
06/20/2013	12.88	13.93	12.01	12.61	10400471	277236480.000
06/21/2013	12.29	13.82	11.48	13.43	12961696	328442624.000
06/24/2013	13.11	13.28	12.11	12.12	10299479	262091440.000
06/25/2013	11.91	13.34	11.89	13.34	13846980	353510752.000
06/26/2013	13.98	14.67	13.84	14.67	13336973	385392576.000
06/27/2013	15.42	16.14	14.63	15.03	22153946	689620416.000
06/28/2013	14.81	16.48	14.78	16.32	18198023	574109696.000
07/01/2013	15.98	17.87	15.54	17.27	15245872	506493792.000
07/02/2013	16.93	18.57	16.77	17.07	15869820	556263360.000
07/03/2013	16.88	18.78	16.77	18.78	17193268	616015424.000
07/04/2013	18.47	18.74	17.48	18.06	13178907	480749632.000
07/05/2013	17.67	18.91	17.27	17.38	12521120	450612064.000
07/08/2013	16.73	18.03	15.81	16.69	11549682	394920736.000
07/09/2013	17.48	18.36	17.24	18.36	13689340	495794432.000
07/10/2013	18.74	20.20	18.48	19.38	18144049	707692224.000
07/11/2013	19.33	20.19	18.98	19.68	13287106	519011136.000
07/12/2013	19.81	21.44	19.81	20.99	13502813	564803200.000
07/15/2013	20.85	21.47	20.48	21.23	13395128	564288704.000
07/16/2013	20.98	21.43	19.88	20.41	12854019	527078464.000
07/17/2013	20.28	20.93	20.01	20.73	9285140	382811392.000
07/18/2013	20.53	20.78	19.99	20.09	7727373	313445280.000
07/19/2013	19.91	22.10	19.91	21.88	16899592	731704704.000
07/22/2013	21.98	22.13	21.10	21.92	12179068	527069888.000
07/23/2013	21.74	22.31	21.07	21.87	10399043	452132640.000
07/24/2013	21.98	22.04	21.27	21.46	10327412	447439936.000
07/25/2013	21.24	21.43	19.31	19.31	11908819	479711232.000
07/26/2013	19.58	20.78	19.52	19.98	10504641	423594848.000
07/29/2013	19.23	20.68	19.08	20.18	9721013	394292288.000
07/30/2013	19.90	20.37	18.49	19.07	8235529	317112768.000
07/31/2013	19.11	19.38	18.69	18.81	5647475	215159040.000
08/01/2013	18.71	20.70	18.58	20.45	10742531	425346784.000
08/02/2013	20.45	20.45	19.41	19.47	8746783	348815808.000
08/05/2013	19.23	20.23	19.22	19.89	5937931	235833008.000
08/06/2013	19.98	21.33	19.98	20.73	8279389	345641088.000
08/14/2013	21.47	22.80	20.97	22.80	14914985	656996160.000
08/15/2013	22.98	24.73	22.30	23.24	14710821	692188032.000
08/16/2013	22.97	23.60	20.98	21.34	11118174	495691488.000
08/19/2013	21.47	23.48	21.47	23.38	13219394	604988096.000
08/20/2013	23.33	24.09	22.89	23.41	9576707	449281888.000
08/21/2013	23.45	24.68	23.06	23.79	7852400	376947200.000
08/22/2013	23.98	26.17	23.83	26.17	10705360	545313472.000
08/23/2013	26.48	28.79	26.27	28.78	18741209	1058870656.000
08/26/2013	28.78	29.77	28.41	29.59	11080657	644149440.000
08/27/2013	29.33	32.55	28.98	32.55	10512355	651448192.000
08/28/2013	33.14	35.66	31.78	32.43	14214447	958201344.000
08/29/2013	32.23	35.68	32.23	35.53	17293142	1200289536.000
08/30/2013	34.72	34.72	31.97	31.97	13879942	917856960.000
09/02/2013	30.48	35.13	30.08	34.43	13223402	884673280.000
09/03/2013	36.01	37.88	33.98	37.88	12808446	924090176.000
09/04/2013	37.88	41.43	37.51	39.23	13257270	1047304192.000
09/05/2013	39.49	43.16	39.49	43.04	13145013	1090635264.000
09/06/2013	42.77	45.22	40.03	42.84	13875511	1182406272.000
09/09/2013	43.86	47.13	40.84	47.13	35355331	1586862592.000
09/10/2013	46.98	50.27	45.96	48.40	39274683	1906731776.000
09/11/2013	46.98	47.38	43.56	43.73	30689166	1372427776.000
09/13/2013	42.88	46.33	39.78	44.89	28878291	1255440640.000
09/16/2013	43.63	47.97	42.98	44.88	28755446	1312069120.000
09/17/2013	44.49	45.57	40.98	41.88	27284259	1175401856.000
09/18/2013	41.78	42.96	39.88	41.28	21029249	868424000.000
09/23/2013	40.99	42.98	40.99	42.20	19939290	842188160.000
09/24/2013	42.48	46.26	42.32	44.68	27932063	1248370944.000
09/25/2013	44.28	45.08	42.78	43.59	20483920	894565056.000
09/26/2013	43.48	44.98	41.14	41.93	17535369	756660672.000
09/27/2013	42.28	42.78	40.78	41.46	14631995	611096512.000
09/30/2013	40.94	44.53	40.69	43.83	20975176	906817088.000
10/08/2013	43.68	45.15	42.48	43.75	17389487	759572416.000
10/09/2013	43.48	48.13	43.18	48.13	37661305	1746605568.000
10/10/2013	48.18	49.48	43.68	43.68	35826741	1643331584.000
10/11/2013	42.98	43.97	40.03	42.31	24450027	1022979520.000
10/14/2013	41.98	42.61	39.98	41.95	13329153	552095168.000
10/15/2013	42.38	43.74	41.74	42.51	14052951	600366080.000
10/16/2013	43.28	43.28	38.26	38.26	18943468	743285504.000
10/17/2013	37.21	37.71	34.43	34.45	22779400	809168704.000
10/18/2013	34.18	35.52	33.99	34.57	14249741	495283648.000
10/21/2013	34.57	36.12	33.39	35.22	16919860	591020736.000
10/22/2013	34.78	34.87	31.70	31.70	24615676	810686080.000
10/23/2013	30.98	31.67	29.49	30.94	20294026	620820160.000
10/24/2013	30.69	31.54	29.78	30.36	12537069	384755040.000
10/25/2013	31.18	31.47	29.55	30.92	23506637	723771968.000
10/28/2013	30.48	31.86	30.00	31.31	18976925	594564672.000
10/29/2013	30.78	31.46	28.18	30.14	25836790	759180928.000
10/30/2013	29.53	30.96	29.29	29.75	14413804	434479168.000
11/01/2013	29.47	32.73	28.58	31.22	31068691	978375296.000
11/04/2013	29.98	30.36	28.59	28.85	19602444	578187840.000
11/05/2013	28.66	29.96	28.23	29.77	16158261	475841888.000
11/06/2013	29.38	30.95	29.23	29.40	18960939	567339968.000
11/07/2013	28.92	30.18	28.16	29.17	15036424	439600704.000
11/08/2013	28.58	29.93	28.28	29.13	13882581	404487104.000
11/11/2013	29.00	29.54	28.38	28.67	10257345	297254464.000
11/12/2013	28.38	28.83	26.79	27.63	17545685	484492928.000
11/13/2013	27.44	28.58	27.10	27.53	13903663	388037376.000
11/14/2013	27.38	28.36	26.90	28.17	15638505	435220576.000
11/15/2013	28.06	29.82	27.99	28.61	21419139	619772672.000
11/18/2013	29.08	29.14	28.54	28.85	13035678	375144480.000
11/19/2013	28.98	29.94	28.90	29.65	18506122	546606080.000
11/20/2013	29.87	29.97	28.99	29.53	13924428	410153536.000
11/21/2013	29.55	30.96	29.18	30.64	23285343	707312896.000
11/22/2013	30.88	33.64	29.98	33.35	30783550	978221824.000
11/25/2013	32.77	35.96	32.30	34.70	31153540	1071185920.000
11/26/2013	34.18	35.23	33.13	33.43	20284963	686717376.000
11/27/2013	33.15	35.56	32.60	34.22	22492470	771104320.000
11/28/2013	34.18	34.47	32.84	33.10	16055482	538131392.000
11/29/2013	32.95	33.91	32.87	33.04	13559234	452506912.000
12/02/2013	30.57	30.58	29.73	29.73	11508768	344962784.000
12/03/2013	26.86	28.62	26.76	27.89	21475073	590372544.000
12/04/2013	27.89	28.54	26.03	26.60	21375523	590529664.000
12/05/2013	26.13	26.84	25.51	26.46	16959118	443964192.000
12/06/2013	26.22	26.83	25.98	26.31	9927088	262579552.000
12/09/2013	26.52	27.56	26.26	27.18	13964272	376426656.000
12/10/2013	27.16	27.42	26.40	26.67	9311608	248889248.000
12/11/2013	26.79	27.76	26.65	27.23	13538769	368776992.000
12/12/2013	26.95	29.23	26.91	28.64	22367850	633750400.000
12/13/2013	28.28	28.48	27.69	28.17	12691041	356004800.000
12/16/2013	28.09	29.73	27.88	28.86	14799229	428537440.000
12/17/2013	28.86	28.98	26.67	27.09	12382876	341674752.000
12/18/2013	26.98	27.52	25.43	27.13	10938122	292031264.000
12/19/2013	26.28	27.60	25.78	25.90	13704373	366094944.000
12/20/2013	25.64	25.97	24.29	24.29	11838588	295772352.000
12/23/2013	24.26	24.63	23.34	24.07	8090263	193875424.000
12/24/2013	23.94	24.53	23.88	24.33	6049677	146747248.000
12/25/2013	24.38	26.19	24.17	25.89	12210828	311124448.000
12/26/2013	26.06	26.06	24.70	24.70	9000142	229328288.000
12/27/2013	24.29	25.65	24.29	25.16	7867623	197938720.000
12/30/2013	25.08	26.10	25.00	25.65	8758668	224002800.000
12/31/2013	25.38	25.48	24.33	24.75	8057670	200873888.000
01/02/2014	24.50	25.58	24.50	25.39	7509302	190558512.000
01/03/2014	25.24	27.04	25.24	26.83	16437821	435927584.000
01/06/2014	26.88	27.78	26.49	26.50	15122905	411298368.000
01/07/2014	26.08	27.58	25.93	27.48	13706234	370834496.000
01/08/2014	27.49	29.16	27.24	28.92	21775105	613950976.000
01/09/2014	28.54	30.98	28.45	28.98	32028336	957691200.000
01/10/2014	28.52	30.31	28.08	29.50	17629360	515175296.000
04/14/2014	32.45	32.45	32.45	32.45	445463	14464184.000
04/15/2014	35.70	35.70	33.26	34.04	30822522	1071944960.000
04/16/2014	33.78	33.80	31.42	31.65	22650809	733748800.000
04/17/2014	31.65	31.98	30.36	30.40	14820003	460904576.000
04/18/2014	30.38	31.71	30.33	30.92	13337453	415764608.000
04/21/2014	30.16	30.55	28.88	29.11	13294365	395485664.000
04/22/2014	29.42	29.80	27.76	28.63	10833706	311819136.000
04/23/2014	28.48	28.48	27.38	28.20	11766336	328440288.000
04/24/2014	27.98	28.14	26.83	27.46	10661040	293030080.000
04/25/2014	27.38	28.15	26.48	26.49	8022622	219424992.000
04/28/2014	26.24	26.36	24.76	24.90	8938760	226063040.000
04/29/2014	24.92	25.39	24.46	25.06	6590482	164396128.000
04/30/2014	25.12	26.11	24.93	25.68	8496679	217322800.000
05/05/2014	25.59	26.19	25.22	26.15	6584936	169869296.000
05/06/2014	26.25	28.77	25.85	28.57	19032849	529617344.000
05/07/2014	27.98	28.15	26.95	26.96	12247387	337714176.000
05/08/2014	26.50	27.45	26.06	26.08	8823652	235149232.000
05/09/2014	26.01	26.40	25.00	25.75	8335605	213700240.000
05/12/2014	25.75	27.29	25.40	26.72	8046165	212024256.000
05/13/2014	27.01	27.65	25.98	26.08	9244854	247030448.000
05/14/2014	26.07	26.60	25.80	26.29	5842253	152979584.000
05/15/2014	26.16	26.65	25.13	25.14	7391426	190504192.000
05/16/2014	25.20	25.48	24.60	25.10	5498140	137383120.000
05/19/2014	25.08	25.44	24.70	25.34	4408168	110960960.000
05/20/2014	25.80	26.19	25.42	25.58	6328223	163309184.000
05/21/2014	25.08	25.71	24.97	25.64	4196714	106556848.000
05/22/2014	25.60	26.36	25.45	25.47	7477853	193673072.000
05/23/2014	25.44	26.64	25.30	26.61	10859728	282671104.000
05/26/2014	26.88	27.20	26.38	26.89	11668494	311708960.000
05/27/2014	26.61	26.74	26.08	26.17	7023865	185348336.000
05/28/2014	26.20	27.25	26.17	26.92	10229010	273975296.000
05/29/2014	26.80	26.84	25.58	25.58	9347790	245018688.000
05/30/2014	25.57	25.96	25.35	25.65	5098335	130713856.000
06/03/2014	25.63	26.35	25.56	25.75	6639899	172014768.000
06/04/2014	25.53	26.83	25.38	26.42	10634399	278380448.000
06/05/2014	26.30	29.06	26.25	29.06	26316989	740769024.000
06/06/2014	30.18	31.50	29.73	30.17	35744778	1091269120.000
06/09/2014	30.39	32.05	29.50	31.23	28382269	878700096.000
06/10/2014	30.57	32.50	29.50	31.83	23268438	718146624.000
06/11/2014	31.20	32.28	31.08	31.15	17676197	558770688.000
06/12/2014	31.13	31.96	30.50	30.80	17106615	532097632.000
06/13/2014	31.13	31.13	29.98	30.44	14518846	443770688.000
06/16/2014	30.22	30.85	30.17	30.45	12047581	366915616.000
06/17/2014	30.50	30.52	29.13	29.40	14934941	441592672.000
06/18/2014	29.37	29.75	29.06	29.20	9404300	276878048.000
06/19/2014	29.20	29.58	26.36	26.79	16019359	445503840.000
06/20/2014	26.88	27.14	26.23	26.90	9543620	255504992.000
06/23/2014	26.91	27.72	26.90	27.27	9564165	261795776.000
06/24/2014	27.27	27.49	26.91	27.24	6861951	186417232.000
06/25/2014	27.01	27.25	26.40	26.87	6451245	172808688.000
06/26/2014	26.90	27.77	26.88	27.29	10670657	292325344.000
06/27/2014	27.34	27.70	27.22	27.24	9105433	249449120.000
06/30/2014	27.50	28.30	27.13	28.02	11740562	326339488.000
07/01/2014	27.92	28.28	27.57	27.91	8588641	239329136.000
07/02/2014	28.10	28.29	27.40	27.77	7184375	199783856.000
07/03/2014	27.73	27.98	27.52	27.59	6934387	192108976.000
07/04/2014	27.70	27.79	26.90	27.01	7873558	214121280.000
07/07/2014	27.01	27.18	26.36	27.15	8204149	219451200.000
07/08/2014	27.35	28.49	27.01	28.14	14693117	410505760.000
07/09/2014	27.91	28.06	26.96	27.00	9713720	267000208.000
07/10/2014	27.00	27.77	26.37	27.27	9924809	267167888.000
07/11/2014	27.18	27.49	26.80	26.96	4912889	133077048.000
07/14/2014	26.50	27.50	25.40	27.16	11591948	306057728.000
07/15/2014	27.70	28.10	26.58	26.90	8180411	223774256.000
07/16/2014	26.96	27.08	26.13	26.70	5226916	138765904.000
07/17/2014	26.65	26.79	26.21	26.27	3206239	84624400.000
07/18/2014	26.22	26.43	25.89	26.01	3655023	95522936.000
07/21/2014	26.19	26.75	25.80	26.41	4229616	111367800.000
07/22/2014	26.43	26.55	26.10	26.38	3647967	96078800.000
07/23/2014	26.40	26.64	25.50	25.51	5785811	149662992.000
07/24/2014	25.51	25.68	24.53	25.00	5352123	133820040.000
07/25/2014	25.07	25.28	24.90	25.20	3360053	84327640.000
07/28/2014	25.52	26.13	25.40	25.97	5317845	137356224.000
07/29/2014	26.01	26.55	26.00	26.12	5837392	153627680.000
07/30/2014	26.07	26.49	25.80	26.34	5586157	146040496.000
07/31/2014	26.51	26.87	26.20	26.64	8025756	213830976.000
08/01/2014	26.35	26.43	25.70	25.77	6449402	168524688.000
08/04/2014	25.77	26.28	25.53	26.19	4331789	111984944.000
08/05/2014	26.19	27.17	25.73	26.72	11735656	311771328.000
08/06/2014	26.51	27.24	26.40	26.85	8743094	235161248.000
08/07/2014	26.73	27.23	26.50	26.56	7032905	189181696.000
08/08/2014	26.65	27.22	26.60	26.90	7554110	204121680.000
08/11/2014	27.25	27.25	26.66	27.05	7038819	190212848.000
08/12/2014	27.00	28.11	26.93	27.82	12269994	339984800.000
08/13/2014	27.80	27.80	26.80	27.12	8802410	239428304.000
08/14/2014	27.18	28.07	27.01	27.42	10816381	299099360.000
08/15/2014	27.28	27.74	27.06	27.58	7905413	217013120.000
08/18/2014	27.60	30.00	27.50	29.32	20930348	602815872.000
08/19/2014	29.41	29.96	28.50	28.98	16192756	472591872.000
08/20/2014	29.10	29.28	28.37	28.50	10300615	295250656.000
08/21/2014	28.48	29.76	28.41	29.72	15907600	462740896.000
08/22/2014	30.25	31.28	29.42	29.49	19054546	575965504.000
08/25/2014	29.49	29.96	28.52	28.70	10910087	317025952.000
08/26/2014	28.99	29.28	28.08	28.50	8577428	245993936.000
08/27/2014	28.11	28.60	28.11	28.20	6083334	172239072.000
08/28/2014	28.15	28.35	27.35	27.40	7047831	196045376.000
08/29/2014	27.38	27.87	27.21	27.69	4459545	123040504.000
09/01/2014	27.69	28.67	27.58	28.53	5975653	169034656.000
09/02/2014	28.54	30.18	28.40	29.59	14281454	419049088.000
09/03/2014	29.75	32.48	29.01	30.99	29085095	894892928.000
09/04/2014	30.99	31.18	30.20	30.70	14195133	434927712.000
09/05/2014	30.60	31.50	30.02	30.89	14446758	440813792.000
09/09/2014	31.49	31.89	30.64	30.90	10497080	326849600.000
09/10/2014	30.60	30.68	29.81	30.30	11583493	350628864.000
09/11/2014	30.30	30.87	29.90	30.15	9741178	295325536.000
09/12/2014	30.21	31.23	30.02	30.65	8749076	268379520.000
09/15/2014	29.30	29.30	28.00	28.21	30956948	879847104.000
09/16/2014	28.40	28.59	28.03	28.06	14222255	403094368.000
09/17/2014	27.99	28.45	27.80	28.43	8488661	238633776.000
09/18/2014	28.57	28.57	28.06	28.20	5740855	162253856.000
09/19/2014	28.10	28.39	28.10	28.25	5335658	150785840.000
09/22/2014	28.60	28.67	28.21	28.30	6803091	192971520.000
09/23/2014	28.61	28.69	28.00	28.20	7524646	212438464.000
09/24/2014	28.20	28.35	27.85	28.30	8214961	231392416.000
09/25/2014	28.38	28.40	28.01	28.07	8070392	227370320.000
09/26/2014	27.90	28.15	27.73	27.79	6826880	190437232.000
09/29/2014	27.98	28.47	27.90	28.32	8686666	245512544.000
09/30/2014	28.33	28.52	28.11	28.51	8791252	249448496.000
10/08/2014	28.53	28.70	28.18	28.60	8573747	244062848.000
10/09/2014	28.53	29.87	28.43	29.27	18357745	534471456.000
10/10/2014	29.11	29.58	28.75	29.15	10278000	298941632.000
10/13/2014	28.98	28.98	28.45	28.67	6015200	172275056.000
10/14/2014	28.70	29.16	28.51	28.60	6438287	185630288.000
10/15/2014	28.66	28.84	28.05	28.36	6455345	183016176.000
10/16/2014	28.20	28.59	28.00	28.01	5335060	151071664.000
10/17/2014	27.95	27.98	26.72	26.99	7018579	191057200.000
10/20/2014	27.05	27.30	26.97	27.30	3563623	96826192.000
10/21/2014	27.29	27.96	27.11	27.66	5466124	150374768.000
10/22/2014	27.68	27.84	27.03	27.10	3600790	98917480.000
10/23/2014	26.97	26.97	26.02	26.12	4554776	120523144.000
10/24/2014	26.02	26.55	25.96	26.25	3590428	94463856.000
10/27/2014	26.26	26.34	25.51	26.07	2811991	72813224.000
10/28/2014	26.05	26.68	26.05	26.68	4052435	107315984.000
10/29/2014	26.70	27.47	26.53	27.07	6772272	183151904.000
10/30/2014	27.19	27.48	26.80	26.89	4035285	109422608.000
10/31/2014	26.91	27.09	26.43	26.85	3939510	105500328.000
数据来源:通达信
