300251 光线传媒 日线
      日期	    开盘	    最高	    最低	    收盘	    成交量	    成交额
08/03/2011	7.42	7.85	7.32	7.76	19314312	1402263424.000
08/04/2011	8.04	8.08	7.57	7.61	9177485	680874752.000
08/05/2011	7.47	8.00	7.22	7.91	9588051	708504192.000
08/08/2011	7.92	8.03	7.36	7.76	7430052	543373504.000
08/09/2011	7.65	8.57	7.63	8.36	8465013	660703296.000
08/10/2011	8.21	8.58	8.17	8.18	6295231	498509120.000
08/11/2011	8.12	8.66	8.12	8.49	4086482	327452640.000
08/12/2011	8.51	8.71	8.37	8.50	3526567	285879712.000
08/15/2011	8.51	8.60	8.37	8.38	2992727	240840784.000
08/16/2011	8.41	8.62	8.37	8.44	2745428	221410384.000
08/17/2011	8.30	8.40	8.04	8.11	3879882	301598432.000
08/18/2011	7.98	8.23	7.98	8.08	2368370	183426784.000
08/19/2011	7.94	8.06	7.73	7.97	2832439	212634800.000
08/22/2011	7.97	8.11	7.79	7.83	1705801	128844064.000
08/23/2011	7.86	8.24	7.76	8.23	2772195	213716672.000
08/24/2011	8.23	8.48	8.07	8.09	2972300	234885760.000
08/25/2011	8.04	8.13	7.79	7.97	2040829	154462816.000
08/26/2011	8.00	8.79	7.93	8.79	4524749	367824832.000
08/29/2011	8.73	8.82	8.58	8.70	2358259	194727776.000
08/30/2011	8.68	8.78	8.32	8.32	2328784	190061536.000
08/31/2011	8.36	8.39	7.78	8.10	3161884	241707056.000
09/01/2011	8.10	8.12	7.82	7.90	1597677	121181048.000
09/02/2011	7.90	8.06	7.86	7.96	1475347	112122288.000
09/05/2011	7.86	7.86	7.52	7.55	2159021	157108192.000
09/06/2011	7.42	7.54	6.96	7.20	2438858	169081120.000
09/07/2011	7.27	7.48	7.21	7.43	1534870	107679760.000
09/08/2011	7.42	7.50	6.94	6.94	1897729	131461632.000
09/09/2011	6.95	7.18	6.78	6.88	1909453	127880464.000
09/13/2011	6.74	6.89	6.57	6.77	1346443	86740272.000
09/14/2011	6.89	6.95	6.61	6.89	1061765	69450976.000
09/15/2011	6.88	7.13	6.84	6.88	1107453	74170464.000
09/16/2011	7.00	7.00	6.80	6.82	832761	54795792.000
09/19/2011	6.71	6.72	6.40	6.42	1108904	69270616.000
09/20/2011	6.40	6.57	6.40	6.48	844683	52619228.000
09/21/2011	6.45	6.89	6.44	6.82	998936	64136356.000
09/22/2011	6.73	6.82	6.46	6.47	678213	43211220.000
09/23/2011	6.38	6.65	6.28	6.56	627685	39207356.000
09/26/2011	6.56	6.74	6.54	6.63	660040	42171344.000
09/27/2011	6.69	6.89	6.64	6.67	949723	61718532.000
09/28/2011	6.78	6.78	6.35	6.36	623092	38915036.000
09/29/2011	6.34	6.44	6.22	6.22	762420	46266864.000
09/30/2011	6.29	6.46	6.20	6.44	670239	40736888.000
10/10/2011	6.53	6.74	6.35	6.36	687469	43053260.000
10/11/2011	6.56	6.62	6.14	6.22	952933	58571288.000
10/12/2011	6.13	6.55	6.04	6.51	1353008	83234376.000
10/13/2011	6.49	6.76	6.49	6.62	1510096	95998304.000
10/14/2011	6.55	6.72	6.48	6.56	756646	47710264.000
10/18/2011	6.67	6.94	6.62	6.72	2708660	176043168.000
10/19/2011	6.76	6.97	6.53	6.55	1811257	117408392.000
10/20/2011	6.55	6.56	6.09	6.21	1164683	70111664.000
10/21/2011	6.17	6.24	5.86	5.95	887816	51283572.000
10/24/2011	5.96	6.33	5.87	6.24	892344	52344252.000
10/25/2011	6.35	6.62	6.27	6.51	1693248	105305184.000
10/26/2011	6.40	7.18	6.36	6.83	2964692	193561888.000
10/27/2011	6.83	6.89	6.63	6.68	1755645	113481760.000
10/28/2011	6.77	7.16	6.74	6.96	2317914	154079968.000
10/31/2011	6.98	7.26	6.88	7.14	2041801	139087728.000
11/01/2011	7.08	7.20	6.89	6.98	1649221	111312160.000
11/02/2011	6.82	7.57	6.78	7.47	2837525	195660336.000
11/03/2011	7.53	7.60	7.28	7.31	3541987	251724256.000
11/04/2011	7.35	7.48	7.05	7.15	2818478	196293360.000
11/07/2011	7.11	7.41	7.11	7.20	1604335	111300160.000
11/08/2011	7.25	7.25	7.06	7.08	927520	63742932.000
11/09/2011	7.14	7.43	6.98	7.41	2454463	169303248.000
11/10/2011	7.25	7.44	7.11	7.13	2036198	141929328.000
11/11/2011	7.12	7.70	7.12	7.36	2191552	155168944.000
11/14/2011	7.46	7.58	7.38	7.49	1319312	94499704.000
11/15/2011	7.49	7.59	7.33	7.43	1394733	98971064.000
11/16/2011	7.43	7.47	7.13	7.19	1426907	99681240.000
11/17/2011	7.21	7.59	7.14	7.40	1699097	119695728.000
11/18/2011	7.33	7.48	7.14	7.16	1649876	114779952.000
11/21/2011	7.18	7.19	6.94	7.07	1247037	83856960.000
11/22/2011	6.98	7.15	6.94	7.08	862372	58366984.000
11/23/2011	7.08	7.26	7.06	7.15	997689	68524056.000
11/24/2011	7.09	7.46	7.03	7.32	1260959	88182032.000
11/25/2011	7.31	7.46	7.28	7.35	1217722	85952168.000
11/28/2011	7.31	7.40	7.12	7.20	1189582	82644864.000
11/29/2011	7.25	7.25	6.78	7.02	1992625	133216528.000
11/30/2011	7.00	7.00	6.44	6.46	1403271	89809888.000
12/01/2011	6.66	6.78	6.45	6.46	1654867	105095248.000
12/02/2011	6.41	6.56	6.13	6.37	1157921	70686432.000
12/05/2011	6.31	6.45	6.18	6.22	498250	30323328.000
12/06/2011	6.23	6.49	6.19	6.41	825662	50155236.000
12/07/2011	6.37	6.50	6.36	6.41	728289	45025288.000
12/08/2011	6.41	7.00	6.41	6.74	1758331	113313664.000
12/09/2011	6.67	6.93	6.66	6.73	947826	61706072.000
12/12/2011	6.70	6.82	6.63	6.65	788121	50891356.000
12/13/2011	6.57	6.80	6.40	6.66	1247666	78610696.000
12/14/2011	6.63	6.67	6.34	6.37	900910	56282264.000
12/15/2011	6.29	6.44	6.23	6.29	436284	26578022.000
12/16/2011	6.35	6.69	6.28	6.68	1045830	65614100.000
12/19/2011	6.60	6.96	6.57	6.96	1305625	84884832.000
12/20/2011	6.91	7.01	6.70	6.71	1146615	75387872.000
12/21/2011	6.78	6.88	6.64	6.66	672846	43596776.000
12/22/2011	6.65	6.72	6.31	6.59	835921	52211200.000
12/23/2011	6.57	6.74	6.53	6.62	436765	27804134.000
12/26/2011	6.62	6.76	6.60	6.62	449430	28636640.000
12/27/2011	6.52	6.81	6.49	6.49	932846	59481508.000
12/28/2011	6.36	6.36	5.97	6.35	1206559	71949808.000
12/29/2011	6.22	6.40	6.20	6.26	369148	22322738.000
12/30/2011	6.29	6.51	6.26	6.32	534304	32786908.000
01/04/2012	6.43	6.52	6.19	6.20	741501	45617512.000
01/05/2012	6.13	6.20	5.82	5.82	756454	43410200.000
01/06/2012	5.73	5.82	5.50	5.76	705683	38396552.000
01/09/2012	5.75	5.98	5.64	5.97	658682	37218844.000
01/10/2012	6.08	6.30	6.03	6.24	797080	47474224.000
01/11/2012	6.19	6.36	6.14	6.19	661480	39752436.000
01/12/2012	6.16	6.22	5.78	5.78	1732716	98870064.000
01/13/2012	5.71	5.71	5.31	5.31	1716328	91279016.000
01/16/2012	5.05	5.27	5.05	5.13	904043	45159456.000
01/17/2012	5.15	5.36	4.94	5.32	862070	43212040.000
01/18/2012	5.32	5.32	4.76	4.77	1162104	56398192.000
01/19/2012	4.68	4.86	4.62	4.77	883145	40868372.000
01/20/2012	4.80	4.94	4.77	4.84	731653	34525032.000
01/30/2012	4.87	5.03	4.78	4.93	808070	38837876.000
01/31/2012	4.92	5.03	4.85	5.00	535110	25741388.000
02/01/2012	4.97	5.10	4.94	4.96	630007	30730584.000
02/02/2012	4.99	5.12	4.93	5.11	631848	30853592.000
02/03/2012	5.08	5.34	5.05	5.26	978540	49595272.000
02/06/2012	5.25	5.35	5.24	5.30	1007335	51658684.000
02/07/2012	5.29	5.34	5.19	5.20	793929	40440656.000
02/08/2012	5.19	5.30	5.12	5.30	999012	50530760.000
02/09/2012	5.27	5.42	5.21	5.30	1463093	75507416.000
02/10/2012	5.27	5.48	5.21	5.44	930270	47956536.000
02/13/2012	5.37	5.75	5.35	5.68	1421269	76478192.000
02/14/2012	5.68	5.70	5.56	5.59	652112	35313344.000
02/15/2012	5.59	5.83	5.54	5.81	1037014	57388084.000
02/16/2012	5.84	6.04	5.80	5.82	1963802	112120344.000
02/17/2012	5.87	5.97	5.82	5.89	809466	46043324.000
02/20/2012	5.97	6.01	5.86	5.86	848471	48393788.000
02/21/2012	5.85	6.03	5.84	6.03	1054340	60262556.000
02/22/2012	6.00	6.16	5.95	6.14	1258237	73882176.000
02/23/2012	6.14	6.30	6.09	6.18	1200314	71586392.000
02/24/2012	6.13	6.34	6.08	6.23	1628913	97101360.000
02/27/2012	6.23	6.25	6.05	6.12	2142310	126974400.000
02/28/2012	6.11	6.11	5.90	5.91	1568023	90612488.000
02/29/2012	5.96	6.19	5.86	5.87	1710432	99040936.000
03/01/2012	5.83	6.07	5.81	6.00	864118	49774688.000
03/02/2012	6.02	6.09	6.01	6.08	825308	48174428.000
03/05/2012	6.13	6.24	6.10	6.12	1099770	65409684.000
03/06/2012	6.12	6.26	6.11	6.21	1595875	94869216.000
03/07/2012	6.14	6.26	6.12	6.16	948585	56428328.000
03/08/2012	6.18	6.29	6.16	6.24	1022641	61332696.000
03/09/2012	6.26	6.65	6.24	6.61	1686451	104890904.000
03/12/2012	6.66	7.06	6.64	6.84	2409519	158043360.000
03/13/2012	7.00	7.21	6.85	7.21	4250196	285642720.000
03/14/2012	7.13	7.19	6.63	6.78	3296937	220027888.000
03/15/2012	7.03	7.46	6.89	7.10	4735090	323775040.000
03/16/2012	7.06	7.10	6.88	7.10	2442446	163742656.000
03/19/2012	7.06	7.21	6.95	7.16	1967374	133268336.000
03/20/2012	7.17	7.18	6.83	6.84	2404515	159402784.000
03/21/2012	6.85	6.89	6.46	6.66	2241011	142552480.000
03/22/2012	6.65	6.82	6.60	6.74	1408204	90956792.000
03/23/2012	6.70	6.89	6.56	6.61	1436826	92693672.000
03/26/2012	6.59	6.67	6.35	6.41	1363476	85093784.000
03/27/2012	6.46	6.58	6.41	6.47	1094711	68283904.000
03/28/2012	6.47	6.58	6.33	6.35	1384114	85772480.000
03/29/2012	6.33	6.33	5.97	6.08	1275356	75161888.000
03/30/2012	6.09	6.25	6.06	6.15	1327760	78836720.000
04/06/2012	6.42	6.47	6.33	6.35	1543311	94926472.000
04/09/2012	6.35	6.35	6.16	6.18	887745	53483492.000
04/10/2012	6.10	6.38	6.07	6.38	902653	54107092.000
04/11/2012	6.30	6.41	6.27	6.32	745747	45465368.000
04/12/2012	6.33	6.60	6.31	6.58	1428628	88833936.000
04/13/2012	6.56	6.63	6.52	6.54	991631	62539120.000
04/16/2012	6.51	6.51	6.29	6.34	787236	48467368.000
04/17/2012	6.34	6.48	6.29	6.33	624187	38297592.000
04/18/2012	6.40	6.50	6.35	6.48	849099	52599996.000
04/19/2012	6.47	6.54	6.43	6.53	826514	51410344.000
04/20/2012	6.49	6.70	6.48	6.67	1175481	74812440.000
04/23/2012	6.65	6.71	6.19	6.23	1648433	101544584.000
04/24/2012	6.22	6.43	6.08	6.43	995555	59892452.000
04/25/2012	6.25	6.35	5.78	5.85	2392372	136863936.000
04/26/2012	5.81	5.96	5.64	5.83	1382019	77490416.000
04/27/2012	5.81	5.82	5.57	5.74	2546283	62517400.000
05/02/2012	5.69	5.76	5.48	5.55	3830380	91655152.000
05/03/2012	5.50	5.65	5.46	5.57	2476830	59386900.000
05/04/2012	5.58	5.98	5.58	5.86	4336589	107609936.000
05/07/2012	5.78	5.97	5.71	5.92	3122075	78544424.000
05/08/2012	5.93	6.28	5.88	6.04	4406987	115498448.000
05/09/2012	6.02	6.02	5.81	5.82	2203403	55550872.000
05/10/2012	5.81	5.94	5.81	5.83	1816269	45842692.000
05/11/2012	5.85	5.92	5.62	5.65	2279520	56580172.000
05/14/2012	5.68	5.72	5.56	5.56	2657183	64359280.000
05/15/2012	5.52	5.68	5.49	5.65	1635237	39482892.000
05/16/2012	5.64	5.64	5.51	5.51	1836439	44117220.000
05/17/2012	5.51	5.66	5.45	5.59	1153786	27652772.000
05/18/2012	5.52	5.55	5.38	5.54	2377687	55919892.000
05/21/2012	5.43	5.75	5.43	5.74	2312280	56194948.000
05/22/2012	5.72	5.77	5.65	5.70	1540163	37813960.000
05/23/2012	5.70	5.73	5.55	5.57	1367075	33113490.000
05/24/2012	5.62	5.62	5.50	5.55	896854	21392164.000
05/25/2012	5.53	5.55	5.30	5.35	1585591	36785996.000
05/28/2012	5.31	5.38	5.16	5.35	831757	18882638.000
05/29/2012	5.35	5.42	5.26	5.37	930754	21525294.000
05/30/2012	5.42	5.45	5.30	5.35	1158657	26831574.000
05/31/2012	5.35	5.61	5.31	5.53	2205749	52152636.000
06/01/2012	5.51	5.64	5.47	5.61	1940156	46675076.000
06/04/2012	5.45	5.57	5.44	5.48	1182895	28061444.000
06/05/2012	5.52	5.60	5.34	5.50	1148970	27255560.000
06/06/2012	5.52	5.65	5.49	5.53	1304233	31349284.000
06/07/2012	5.57	5.66	5.35	5.47	788740	18672798.000
06/08/2012	5.51	5.58	5.39	5.49	888521	21106410.000
06/11/2012	5.49	5.80	5.47	5.74	2458792	60276036.000
06/12/2012	5.69	5.78	5.66	5.70	1258971	31028138.000
06/13/2012	5.69	5.80	5.66	5.72	1378747	34088840.000
06/14/2012	5.72	5.88	5.68	5.69	1520187	37961936.000
06/15/2012	5.72	5.77	5.64	5.68	845125	20647374.000
06/18/2012	5.71	5.92	5.69	5.82	1751180	44158864.000
06/19/2012	5.84	5.95	5.76	5.83	1196201	30199750.000
06/20/2012	5.85	6.02	5.85	5.96	2014756	51737352.000
06/21/2012	5.93	5.99	5.77	5.84	1381710	34783612.000
06/25/2012	5.80	5.84	5.58	5.63	1105130	26949688.000
06/26/2012	5.56	5.63	5.34	5.45	2131374	49751164.000
06/27/2012	5.40	5.50	5.35	5.39	1437635	33672864.000
06/28/2012	5.44	5.44	5.30	5.30	882324	20323848.000
06/29/2012	5.28	5.43	5.26	5.41	646403	14995126.000
07/02/2012	5.49	5.57	5.46	5.50	641504	15235884.000
07/03/2012	5.49	5.63	5.45	5.54	718770	17231882.000
07/04/2012	5.59	5.59	5.38	5.43	771821	18197518.000
07/05/2012	5.45	5.45	5.30	5.31	573073	13190206.000
07/06/2012	5.33	5.36	5.06	5.33	1569128	35160128.000
07/09/2012	5.24	5.28	4.99	5.08	1648093	36372516.000
07/10/2012	5.12	5.24	5.08	5.17	1608147	35955772.000
07/11/2012	5.15	5.16	5.06	5.14	924733	20426318.000
07/12/2012	5.14	5.16	4.91	5.16	2171105	47246084.000
07/13/2012	5.09	5.17	5.07	5.17	980137	21706716.000
07/16/2012	5.17	5.19	4.91	4.92	664227	14370601.000
07/17/2012	4.92	4.95	4.84	4.94	544889	11538699.000
07/18/2012	4.94	5.04	4.91	5.04	542568	11656954.000
07/19/2012	5.00	5.26	4.98	5.14	996942	22242112.000
07/20/2012	5.12	5.26	5.10	5.15	434552	9718132.000
07/23/2012	5.12	5.20	4.95	5.20	762552	16708930.000
07/24/2012	5.14	5.34	5.07	5.31	1146912	26066134.000
07/25/2012	5.31	5.37	5.22	5.24	849495	19379522.000
07/26/2012	5.23	5.30	5.19	5.21	494307	11174882.000
07/27/2012	5.25	5.28	5.18	5.21	597564	13454353.000
07/30/2012	5.23	5.37	5.20	5.30	1515442	34568500.000
07/31/2012	5.24	5.24	4.93	5.12	1362937	29796316.000
08/01/2012	5.08	5.20	4.98	5.15	880238	19530334.000
08/02/2012	5.11	5.25	5.04	5.20	1191644	26654508.000
08/03/2012	5.24	5.55	5.17	5.50	2284929	53201808.000
08/06/2012	5.50	5.76	5.46	5.74	1956787	47505584.000
08/07/2012	5.81	5.95	5.71	5.77	2214882	55549864.000
08/08/2012	5.75	5.85	5.64	5.76	1249691	30683208.000
08/09/2012	5.76	5.80	5.64	5.79	1182692	29174150.000
08/10/2012	5.74	6.21	5.70	5.99	1710531	43570740.000
08/13/2012	5.95	5.95	5.67	5.67	1626484	40562452.000
08/14/2012	5.67	5.76	5.50	5.72	1110192	26911732.000
08/15/2012	5.70	5.70	5.57	5.57	542572	13127740.000
08/16/2012	5.58	5.60	5.49	5.57	540343	12922415.000
08/17/2012	5.50	5.63	5.50	5.56	577693	13815814.000
08/20/2012	5.47	5.66	5.46	5.64	568819	13735018.000
08/21/2012	5.65	5.85	5.60	5.79	1321519	32793104.000
08/22/2012	5.78	6.02	5.73	5.81	3571761	90688736.000
08/23/2012	5.83	5.91	5.76	5.88	976848	24647858.000
08/24/2012	5.94	5.94	5.75	5.75	1117011	27976830.000
08/27/2012	5.75	5.89	5.55	5.86	1381803	34344888.000
08/28/2012	5.87	6.14	5.81	6.09	2099799	54186592.000
08/29/2012	6.04	6.19	6.01	6.15	2494924	65837960.000
08/30/2012	6.21	6.21	5.57	5.90	1573530	40284352.000
08/31/2012	5.82	5.98	5.79	5.94	806101	20433376.000
09/03/2012	5.93	6.12	5.83	6.08	1402209	36298680.000
09/04/2012	6.05	6.11	5.97	5.97	1131542	29374642.000
09/05/2012	5.93	6.07	5.93	5.96	989980	25499388.000
09/06/2012	5.97	6.08	5.97	6.06	820781	21269052.000
09/07/2012	6.09	6.32	6.06	6.26	2240959	59824940.000
09/10/2012	6.26	6.36	6.20	6.34	1701995	46062852.000
09/11/2012	6.33	6.52	6.25	6.29	4342681	119066200.000
09/12/2012	6.34	6.36	6.06	6.11	2493444	65956440.000
09/13/2012	6.07	6.21	6.00	6.00	1632454	42824772.000
09/14/2012	6.00	6.09	5.94	6.00	1124839	29053568.000
09/17/2012	6.00	6.06	5.74	5.75	1051768	26668336.000
09/18/2012	5.75	5.80	5.60	5.71	750665	18510752.000
09/19/2012	5.75	5.75	5.68	5.70	798375	19647348.000
09/20/2012	5.71	5.71	5.21	5.40	1261479	29826702.000
09/21/2012	5.34	5.38	5.06	5.07	2046771	45775820.000
09/24/2012	5.07	5.34	5.01	5.26	1447201	32660928.000
09/25/2012	5.25	5.27	5.14	5.23	689187	15496369.000
09/26/2012	5.21	5.21	4.97	5.07	939359	20565154.000
09/27/2012	5.00	5.24	5.00	5.16	1289177	28558386.000
09/28/2012	5.09	5.37	5.09	5.35	1738741	39232252.000
10/08/2012	5.35	5.35	5.21	5.26	977297	22188058.000
10/09/2012	5.26	5.42	5.26	5.40	799394	18489606.000
10/10/2012	5.36	5.56	5.31	5.51	1676304	39478144.000
10/11/2012	5.46	5.61	5.45	5.46	1443778	34451032.000
10/12/2012	5.57	5.74	5.40	5.47	1364057	32612120.000
10/15/2012	5.46	5.46	5.22	5.38	882500	20273174.000
10/16/2012	5.33	5.51	5.29	5.51	927293	21569422.000
10/17/2012	5.46	5.52	5.43	5.48	909248	21454902.000
10/18/2012	5.47	5.59	5.44	5.52	858839	20473242.000
10/19/2012	5.50	5.64	5.50	5.54	684395	16442636.000
10/22/2012	5.51	5.62	5.51	5.62	628064	15118360.000
10/23/2012	5.62	5.69	5.52	5.57	1467667	35413688.000
10/24/2012	5.55	5.75	5.52	5.69	1723809	42093748.000
10/25/2012	5.69	5.72	5.45	5.56	1236368	29580958.000
10/26/2012	5.50	5.54	5.24	5.36	986166	22714480.000
10/29/2012	5.33	5.37	5.27	5.30	575004	13198600.000
10/30/2012	5.29	5.36	5.24	5.27	765780	17521116.000
10/31/2012	5.26	5.31	5.25	5.29	711290	16204177.000
11/01/2012	5.35	5.47	5.29	5.45	713252	16600438.000
11/02/2012	5.45	5.56	5.40	5.52	937798	22270182.000
11/05/2012	5.53	5.60	5.48	5.49	404941	9651691.000
11/06/2012	5.49	5.54	5.41	5.54	606663	14304804.000
11/07/2012	5.49	5.61	5.49	5.54	859269	20626046.000
11/08/2012	5.51	5.56	5.45	5.48	673147	15936171.000
11/09/2012	5.41	5.47	5.28	5.33	814580	18776726.000
11/12/2012	5.35	5.35	5.19	5.21	785360	17784906.000
11/13/2012	5.19	5.21	5.07	5.09	651010	14367252.000
11/14/2012	5.07	5.12	5.00	5.09	786187	17114702.000
11/15/2012	5.05	5.09	4.97	4.99	550784	11937451.000
11/16/2012	4.97	5.03	4.96	5.03	480586	10367374.000
11/19/2012	5.03	5.07	4.96	5.02	533683	11531832.000
11/20/2012	5.07	5.07	4.91	4.93	294472	6341096.500
11/21/2012	4.93	5.01	4.85	4.95	650515	13790673.000
11/22/2012	4.95	4.95	4.73	4.75	879811	18266038.000
11/23/2012	4.74	4.80	4.71	4.75	649180	13364916.000
11/26/2012	4.76	4.80	4.67	4.69	496642	10207206.000
11/27/2012	4.69	4.69	4.50	4.64	766462	15257011.000
11/28/2012	4.55	4.69	4.52	4.63	564139	11192031.000
11/29/2012	4.62	4.65	4.54	4.64	367461	7310083.000
11/30/2012	4.63	4.65	4.56	4.64	198102	3969050.500
12/03/2012	4.61	4.61	4.45	4.55	912718	17975036.000
12/04/2012	4.51	4.56	4.46	4.55	975905	19041680.000
12/05/2012	4.53	4.79	4.50	4.74	1228178	24851490.000
12/06/2012	4.69	4.75	4.59	4.62	656191	13228916.000
12/07/2012	4.62	4.74	4.59	4.72	558294	11296302.000
12/10/2012	4.72	4.93	4.72	4.84	1567143	32949544.000
12/11/2012	4.85	4.98	4.83	4.95	1298280	27530716.000
12/12/2012	5.00	5.08	4.85	4.95	1092256	23350104.000
12/13/2012	5.09	5.18	4.96	5.01	3803344	83751568.000
12/14/2012	5.12	5.36	5.07	5.36	4332125	96783984.000
12/17/2012	5.81	5.81	5.38	5.54	6118363	145581904.000
12/18/2012	5.59	5.73	5.37	5.46	4070919	95987632.000
12/19/2012	5.49	5.68	5.47	5.60	3245526	78302424.000
12/20/2012	5.64	5.88	5.60	5.77	4787921	118843712.000
12/21/2012	5.80	5.94	5.68	5.91	4664245	116874024.000
12/24/2012	6.26	6.35	5.94	6.02	8245716	217080720.000
12/25/2012	6.14	6.61	6.10	6.59	12548497	345713216.000
12/26/2012	6.60	6.93	6.54	6.84	12933311	374254816.000
12/27/2012	6.96	7.54	6.71	7.09	14291013	437669568.000
12/28/2012	7.17	7.57	7.05	7.46	11541087	361304224.000
12/31/2012	7.71	8.19	7.53	8.19	15823461	530545088.000
01/04/2013	8.31	8.74	8.20	8.25	20350436	732502144.000
01/07/2013	7.95	8.14	7.59	7.64	18875034	626181824.000
01/08/2013	7.57	7.82	7.50	7.66	13117470	429898368.000
01/09/2013	7.61	7.69	7.43	7.51	9923466	320476960.000
01/10/2013	7.54	7.61	7.31	7.51	9888451	315646656.000
01/11/2013	7.47	7.66	7.37	7.47	9679906	311653664.000
01/14/2013	7.53	7.75	7.47	7.64	10291187	335931968.000
01/15/2013	7.59	7.59	7.27	7.36	12731603	403307904.000
01/16/2013	7.30	7.47	7.26	7.33	6933338	218484480.000
01/17/2013	7.31	7.53	7.19	7.45	8154317	257802832.000
01/18/2013	7.69	8.13	7.48	7.63	21111733	709073920.000
01/21/2013	7.51	7.63	7.36	7.47	8605098	275958336.000
01/22/2013	7.50	7.78	7.36	7.48	7860665	254744128.000
01/23/2013	7.47	7.48	7.04	7.19	9074200	280970592.000
01/24/2013	7.21	7.28	6.89	6.94	7060115	214329184.000
01/25/2013	6.94	7.15	6.94	7.07	4180292	126823792.000
01/28/2013	7.08	7.18	7.00	7.12	4123778	125507536.000
01/29/2013	7.12	7.28	7.12	7.20	4439801	137264912.000
01/30/2013	7.23	7.23	6.81	6.89	7053450	210741376.000
01/31/2013	6.89	7.02	6.74	6.99	4514022	133404616.000
02/01/2013	6.96	7.11	6.90	6.96	4286428	128827304.000
02/04/2013	7.02	7.11	6.84	7.05	4469609	134044368.000
02/05/2013	7.00	7.20	6.90	7.15	4716422	143524752.000
02/06/2013	7.15	7.16	7.06	7.09	3096624	94374848.000
02/07/2013	7.07	7.41	7.00	7.32	6050965	188147952.000
02/08/2013	7.35	7.66	7.31	7.62	6068873	195912720.000
02/18/2013	7.73	7.98	7.65	7.78	9206198	307417248.000
02/19/2013	7.71	7.71	7.25	7.30	6289532	201038592.000
02/20/2013	7.28	7.50	7.27	7.45	4099414	130255656.000
02/21/2013	7.40	7.44	7.13	7.13	5078851	159051360.000
02/22/2013	7.17	7.38	7.12	7.22	3235223	100422520.000
02/25/2013	7.25	7.46	7.20	7.38	2878096	90458808.000
02/26/2013	7.35	7.85	7.35	7.52	7035624	230552896.000
02/27/2013	7.54	7.61	7.40	7.60	3915348	125850128.000
02/28/2013	7.64	7.76	7.56	7.70	4039658	132702720.000
03/01/2013	7.75	7.91	7.71	7.83	4748742	158831264.000
03/05/2013	7.54	7.79	7.38	7.73	6373541	207699680.000
03/06/2013	7.78	8.52	7.75	8.52	10023140	351600672.000
03/07/2013	8.60	8.94	8.25	8.30	9895018	363003776.000
03/08/2013	8.38	8.85	8.33	8.47	8441609	309354880.000
03/11/2013	8.47	8.47	8.15	8.17	5132734	180655952.000
03/12/2013	8.19	8.30	7.73	7.87	5726940	195201168.000
03/13/2013	7.82	8.07	7.68	8.06	4868075	163719488.000
03/14/2013	8.00	8.33	7.96	8.17	4627502	162441184.000
03/15/2013	8.17	8.64	8.10	8.43	6443359	231689776.000
03/18/2013	8.33	9.08	8.32	8.95	8641563	325906816.000
03/19/2013	8.93	9.12	8.78	8.98	5957245	226840112.000
03/20/2013	8.98	9.37	8.93	9.34	6227164	244020896.000
03/21/2013	9.31	9.49	9.20	9.47	4880665	194763888.000
03/22/2013	9.43	9.50	9.24	9.33	3714007	148201616.000
03/25/2013	9.38	9.46	8.90	9.06	5296211	205344544.000
03/26/2013	9.02	9.98	8.99	9.86	6599185	268182864.000
03/27/2013	9.74	9.95	9.70	9.89	4580316	191929136.000
03/28/2013	9.76	9.82	9.39	9.64	4592259	188245200.000
03/29/2013	9.62	9.73	9.19	9.56	5050200	202505056.000
04/01/2013	9.38	9.48	9.15	9.28	3742600	148741312.000
04/02/2013	9.32	9.66	8.83	8.86	6092441	239307392.000
04/03/2013	8.95	9.13	8.79	9.04	3831854	146921680.000
04/08/2013	8.81	9.37	8.67	9.36	3665997	143056336.000
04/09/2013	9.34	9.54	9.19	9.32	3358937	133929752.000
04/10/2013	9.33	9.36	8.88	9.24	3495553	135874608.000
04/11/2013	9.26	9.44	9.07	9.07	3274838	129081232.000
04/12/2013	9.00	9.60	8.97	9.34	9566178	180082032.000
04/15/2013	9.29	9.58	9.07	9.50	7630137	144493440.000
04/16/2013	9.40	9.58	9.21	9.48	7018950	133077848.000
04/17/2013	9.41	10.33	9.41	10.21	16892616	338728512.000
04/18/2013	10.10	10.84	10.04	10.59	17220749	360347232.000
04/19/2013	10.60	10.89	10.46	10.70	13455111	288904000.000
04/22/2013	10.71	11.78	10.70	11.78	21719264	504300064.000
04/23/2013	12.00	12.40	11.53	11.64	28906741	695780352.000
04/24/2013	12.05	12.81	12.00	12.81	16456602	412813632.000
04/25/2013	14.09	14.09	12.90	13.15	34470335	941246656.000
04/26/2013	13.04	14.44	12.81	14.16	25875997	706832128.000
05/02/2013	13.88	14.58	13.60	14.28	27223773	774872896.000
05/03/2013	14.28	14.45	13.69	14.10	22033135	621261696.000
05/06/2013	14.16	15.20	13.72	13.76	25627125	739592832.000
05/07/2013	13.46	14.01	13.33	13.89	16078438	439934688.000
05/08/2013	13.93	15.28	13.91	15.28	31139664	922555904.000
05/09/2013	15.50	16.10	14.91	15.79	26240651	816381184.000
05/10/2013	15.45	15.60	14.76	15.06	15811689	480824704.000
05/13/2013	14.85	15.33	14.55	15.06	13628694	409440608.000
05/14/2013	14.94	14.94	13.88	14.10	16509321	475274752.000
05/15/2013	14.10	15.49	13.96	15.39	17414039	510367040.000
05/16/2013	15.05	15.65	14.75	14.88	23082833	704983104.000
05/17/2013	15.05	15.70	14.63	15.39	19631467	605409856.000
05/20/2013	15.73	16.89	15.35	16.67	23136215	751195456.000
05/21/2013	16.68	17.86	16.32	17.35	22520550	769052224.000
05/22/2013	16.94	17.05	16.35	16.78	14272070	478717728.000
05/23/2013	16.60	17.25	16.24	16.32	14753460	496862400.000
05/24/2013	16.25	17.38	16.25	17.11	14345057	489221984.000
05/27/2013	17.10	17.50	16.73	16.95	11547185	394063008.000
05/28/2013	16.89	16.90	15.61	15.78	17955848	578620352.000
05/29/2013	15.71	16.08	15.49	15.84	10438286	330502240.000
05/30/2013	15.80	16.25	15.50	15.95	10656206	341179168.000
05/31/2013	15.78	15.89	15.23	15.25	12041722	373275648.000
06/03/2013	15.14	15.76	14.82	15.20	11208825	343684736.000
06/04/2013	15.21	15.21	13.95	14.48	12920351	376519904.000
06/05/2013	14.57	14.94	14.38	14.65	8764990	258359888.000
06/06/2013	14.60	14.89	14.35	14.52	8891299	261542256.000
06/07/2013	14.61	15.85	14.52	15.78	20439153	628637056.000
06/13/2013	15.39	16.60	14.81	16.18	19365516	612779008.000
06/14/2013	16.23	17.40	15.90	17.00	20112056	677908288.000
06/17/2013	17.45	18.60	17.03	18.28	24010277	864306240.000
06/18/2013	17.82	18.60	17.64	18.09	18291243	665537152.000
06/19/2013	17.85	18.58	17.70	18.22	14182926	516154304.000
06/20/2013	17.89	19.70	17.79	18.90	19216578	731024512.000
06/21/2013	18.60	19.66	17.10	18.80	17976497	668940480.000
06/24/2013	18.04	18.15	16.92	16.92	15423475	539275264.000
06/25/2013	15.95	17.93	15.22	16.95	27696570	899793536.000
06/26/2013	16.73	17.93	16.56	17.80	23657370	822198464.000
06/27/2013	17.63	17.95	16.02	16.32	25099402	855137280.000
06/28/2013	15.74	16.94	15.39	15.96	13835427	446421152.000
07/01/2013	15.80	17.14	15.60	16.95	16164705	538428928.000
07/02/2013	17.08	18.10	16.86	17.46	20242603	712690752.000
07/03/2013	17.30	18.93	17.21	18.50	22378612	812364032.000
07/04/2013	18.30	18.45	17.71	17.95	17177519	621816512.000
07/05/2013	17.86	18.43	16.92	16.95	15787499	562482432.000
07/08/2013	16.25	17.34	15.99	16.61	12240272	410280064.000
07/09/2013	16.61	17.28	16.26	17.10	11135810	376407200.000
07/10/2013	17.09	17.70	16.88	17.10	11198031	387387072.000
07/11/2013	17.08	17.41	16.46	17.12	13115685	447222656.000
07/12/2013	17.12	18.84	16.90	18.75	36240626	1339329408.000
07/15/2013	18.60	19.28	18.50	18.99	25936940	982354752.000
07/16/2013	18.96	19.45	18.36	18.75	18713998	705799616.000
07/17/2013	18.60	20.55	18.46	20.45	26357036	1017533248.000
07/18/2013	19.70	20.45	19.66	19.74	18747109	751115712.000
07/19/2013	19.59	20.40	18.80	18.97	15458875	610521920.000
07/22/2013	19.26	20.74	19.20	20.45	18167184	729054912.000
07/23/2013	20.48	21.28	20.10	20.94	17044322	706229952.000
07/24/2013	21.21	22.60	20.95	21.91	19188035	838776384.000
07/25/2013	22.03	22.05	19.85	20.35	23334146	966700160.000
07/26/2013	20.10	20.90	19.36	20.45	17263423	701186048.000
07/29/2013	20.08	20.66	19.38	19.58	12029325	479885216.000
07/30/2013	19.56	19.90	18.01	19.05	13665179	522463328.000
07/31/2013	19.20	19.44	18.73	19.12	7456324	285807904.000
08/01/2013	19.20	20.35	19.20	20.20	12365287	495252672.000
08/02/2013	20.45	20.45	19.67	19.76	10884881	436878752.000
08/05/2013	19.53	20.06	19.53	19.92	6422326	255063712.000
08/06/2013	19.81	20.88	19.81	20.30	11455225	471142528.000
08/07/2013	20.25	20.25	19.25	19.44	10919045	428842688.000
08/08/2013	19.24	19.67	18.85	19.31	6541606	253555648.000
08/09/2013	19.30	19.62	18.37	18.64	10771767	404827776.000
08/12/2013	18.54	18.85	17.95	18.36	8828321	324249184.000
08/13/2013	18.40	19.40	18.05	18.82	11069899	420555104.000
08/14/2013	18.79	19.13	18.31	18.84	9062932	340161280.000
08/15/2013	18.85	19.05	18.48	18.60	6294119	237079504.000
08/16/2013	18.36	18.98	18.19	18.29	7164355	266553152.000
08/19/2013	18.15	18.85	17.98	18.73	5833200	216826416.000
08/20/2013	18.96	19.15	18.55	18.91	7760792	293286208.000
08/21/2013	18.86	18.90	18.55	18.62	4402413	164923008.000
08/22/2013	18.58	19.14	18.46	18.98	10620851	403931552.000
08/23/2013	19.03	20.11	18.82	19.96	19412702	762856640.000
08/26/2013	19.83	20.14	19.56	19.83	12734677	507451360.000
08/27/2013	19.80	20.35	19.24	20.13	14313934	568295936.000
08/28/2013	19.85	21.25	19.70	20.04	17044612	705659456.000
08/29/2013	19.75	20.33	19.61	19.61	8558966	341308672.000
08/30/2013	19.50	19.50	17.85	18.23	13579955	506263904.000
09/02/2013	17.99	18.95	17.99	18.60	5768344	215169248.000
09/03/2013	18.93	20.34	18.93	20.00	15127775	598587840.000
09/04/2013	19.85	20.70	19.63	20.20	11736245	474971136.000
09/05/2013	19.95	21.70	19.89	21.25	19012141	805798272.000
09/06/2013	21.16	22.54	21.13	22.08	15478603	681774016.000
09/09/2013	21.98	21.98	20.86	21.26	10862240	464653440.000
09/10/2013	21.00	21.55	20.35	21.25	8849456	373146240.000
09/11/2013	20.74	21.13	19.79	19.89	9046989	366599776.000
09/12/2013	19.80	20.65	19.79	20.07	5671851	230616464.000
09/13/2013	20.05	22.08	19.74	22.08	14739016	632276096.000
09/16/2013	22.80	24.30	22.53	23.81	19772023	937560576.000
09/17/2013	23.84	25.48	23.26	24.19	17197574	832048384.000
09/18/2013	23.96	25.44	23.35	24.59	14379931	704688704.000
09/23/2013	24.39	27.03	23.95	26.00	10721783	544213120.000
09/24/2013	25.65	26.75	24.65	25.45	10976421	563394560.000
09/25/2013	25.06	27.96	24.95	27.15	12082167	637097536.000
09/26/2013	26.55	27.95	26.30	26.70	9595038	520458976.000
09/27/2013	26.76	29.38	26.45	29.38	11938978	678828160.000
09/30/2013	30.45	32.32	29.68	32.32	10247333	647746816.000
10/08/2013	32.45	32.57	29.43	31.05	13628027	838039040.000
10/09/2013	30.45	31.38	29.80	30.83	11405349	697895296.000
10/10/2013	30.45	30.58	27.74	27.74	16045022	927595008.000
10/11/2013	27.75	28.05	25.46	26.45	23880068	1267355648.000
10/14/2013	26.35	26.88	25.93	26.80	13315888	706837888.000
10/15/2013	26.62	27.60	26.08	26.55	13203380	711847552.000
10/16/2013	26.50	26.55	23.89	23.89	15596634	762144128.000
10/17/2013	23.84	23.84	22.62	22.89	17822551	830414976.000
10/18/2013	23.10	23.79	23.05	23.29	10447131	490533792.000
10/21/2013	23.45	23.94	22.96	23.65	13548860	640088448.000
10/22/2013	23.40	23.40	21.28	21.28	20916483	921801088.000
10/23/2013	21.04	21.93	20.43	21.40	14485590	619167360.000
10/24/2013	21.43	22.23	20.86	21.53	11763640	507448736.000
10/29/2013	21.45	22.34	19.52	21.43	18543786	782399680.000
10/30/2013	21.04	21.73	20.45	20.94	11945040	505849568.000
10/31/2013	20.76	21.17	19.95	19.97	8326482	341958336.000
11/01/2013	19.88	19.88	18.30	18.98	14516720	556196288.000
11/04/2013	18.89	19.60	18.61	18.94	10320392	396526848.000
11/05/2013	18.95	19.75	18.73	19.75	12497263	486037984.000
11/06/2013	19.68	19.68	18.75	18.75	11828659	458064800.000
11/07/2013	18.68	19.28	18.12	18.78	9836804	369744896.000
11/08/2013	18.45	19.20	18.34	18.78	7547770	283203424.000
11/11/2013	18.73	18.80	17.95	18.40	5882395	217118064.000
11/12/2013	18.39	19.47	18.34	19.19	11259050	428037184.000
11/13/2013	19.14	20.05	18.99	19.30	13779827	540503040.000
11/14/2013	19.13	20.95	19.11	20.62	16947649	683512640.000
11/15/2013	20.40	21.23	20.36	20.62	14632674	608899072.000
11/18/2013	20.90	21.03	20.40	20.71	9688496	402365152.000
11/19/2013	20.83	21.55	20.71	20.93	10277679	434775072.000
11/20/2013	21.04	21.58	20.92	21.34	8263532	351375552.000
11/21/2013	21.25	22.26	20.99	21.76	14495594	633266048.000
11/22/2013	21.60	21.65	20.51	20.79	13509400	567470464.000
11/25/2013	20.53	20.65	19.96	20.15	8043718	327327488.000
11/26/2013	20.06	20.30	19.30	19.54	8586711	338773280.000
11/27/2013	19.37	21.50	19.36	21.27	19527361	820467712.000
11/28/2013	21.01	21.28	20.73	20.95	12750878	536361696.000
11/29/2013	20.82	22.03	20.80	21.45	13026804	562814784.000
12/02/2013	19.70	20.65	19.30	19.30	13459818	534153760.000
12/03/2013	18.45	18.90	17.56	18.57	11936259	436014304.000
12/04/2013	18.26	19.01	17.95	18.13	10492862	390606688.000
12/05/2013	18.05	18.25	17.31	17.37	11545225	408214496.000
12/06/2013	17.26	18.38	17.26	17.98	12141768	432468576.000
12/09/2013	18.00	19.29	17.84	19.20	16252336	608997824.000
12/10/2013	19.15	19.15	18.39	18.63	11986565	448546240.000
12/11/2013	18.50	19.39	18.31	18.84	12930453	492035744.000
12/12/2013	18.68	20.73	18.59	20.73	21875842	888776640.000
12/13/2013	20.94	21.60	20.48	20.53	27263812	1147528576.000
12/16/2013	20.60	21.03	20.14	20.85	17576655	727361664.000
12/17/2013	20.63	20.80	19.15	19.62	15048086	596787328.000
12/18/2013	19.43	19.43	17.70	18.41	11178244	412449952.000
12/19/2013	18.25	20.26	18.25	19.90	23944814	955018368.000
12/20/2013	19.58	19.74	19.08	19.40	11994744	466332928.000
12/23/2013	19.34	19.34	17.65	18.45	10270336	378782176.000
12/24/2013	18.40	19.02	17.98	18.58	8690888	322975712.000
12/25/2013	18.41	19.33	18.34	19.25	9576079	364079328.000
12/26/2013	19.10	19.21	18.20	18.23	9461071	353016320.000
12/27/2013	18.25	18.68	18.20	18.36	7132895	263149840.000
12/30/2013	18.01	18.79	18.01	18.54	6983287	258900304.000
12/31/2013	18.40	18.60	18.05	18.24	6616530	242941216.000
01/02/2014	18.29	18.90	18.28	18.77	8340611	312240448.000
01/03/2014	18.79	19.95	18.71	19.58	14188942	550556736.000
01/06/2014	19.45	19.62	18.45	18.56	9154681	350473888.000
01/07/2014	18.50	19.06	18.20	18.94	5590421	210767568.000
01/08/2014	19.17	20.83	19.16	20.45	21231587	855572544.000
01/09/2014	20.30	21.20	19.71	19.80	19956509	822593472.000
01/10/2014	19.83	20.70	19.55	20.14	12587966	510415072.000
01/13/2014	20.08	21.39	20.08	20.93	16517820	688859712.000
01/14/2014	21.71	22.53	21.11	21.45	21850343	948769472.000
01/15/2014	21.35	21.82	21.09	21.68	13660979	587483328.000
01/16/2014	21.50	21.94	20.80	20.81	12484439	531735648.000
01/17/2014	20.94	21.20	20.61	20.63	10206243	429314752.000
01/20/2014	20.45	20.85	19.90	20.15	6952109	284087712.000
01/21/2014	20.15	22.17	20.10	22.17	20984045	908230080.000
01/22/2014	22.60	23.00	21.95	22.61	24556884	1107048064.000
01/23/2014	22.85	24.17	22.70	23.58	23105340	1084680064.000
01/24/2014	23.28	24.29	22.97	23.69	13754182	650886592.000
01/27/2014	23.44	25.63	23.21	24.58	14800507	728546240.000
01/28/2014	24.80	26.12	23.60	25.95	19731885	975866112.000
01/29/2014	25.55	26.58	25.36	25.87	12585777	654492800.000
01/30/2014	26.10	26.34	25.10	25.25	10064978	519291616.000
02/07/2014	26.40	26.58	25.95	26.06	13525690	712025344.000
02/10/2014	26.05	26.25	24.59	25.42	14471337	733652672.000
02/11/2014	25.33	25.33	23.28	24.02	16796400	815703168.000
02/12/2014	24.00	24.63	23.64	24.54	11737118	568051392.000
02/13/2014	24.50	24.50	23.00	23.00	12526397	591436736.000
02/14/2014	23.00	23.67	22.83	23.45	9625980	449020448.000
02/17/2014	23.70	24.23	23.20	24.18	10055899	479044576.000
02/18/2014	24.17	24.17	23.05	23.34	12360235	581398912.000
02/19/2014	23.20	23.49	22.64	23.43	9420308	435279168.000
02/20/2014	23.28	23.28	22.30	22.49	7246747	329854336.000
02/21/2014	22.54	23.10	22.36	22.60	6685680	304006144.000
02/24/2014	22.75	23.94	22.68	23.51	12043178	563499072.000
02/25/2014	23.51	24.63	22.45	22.45	15311120	727546944.000
02/26/2014	22.08	22.08	20.36	21.42	9933148	422097280.000
02/27/2014	21.41	21.79	19.95	19.95	10316028	431102080.000
02/28/2014	19.95	20.45	19.30	20.30	7249692	287817632.000
06/17/2014	22.33	22.33	21.26	22.22	46528301	1018272192.000
06/18/2014	21.69	23.55	21.20	22.89	49023341	1113168896.000
06/19/2014	22.79	23.78	22.18	23.31	38796984	895589120.000
06/20/2014	23.60	23.79	22.61	23.11	23602455	546832960.000
06/23/2014	22.95	23.25	22.67	22.70	20475699	468874240.000
06/24/2014	22.60	23.15	22.31	22.73	17304989	394619552.000
06/25/2014	22.92	23.63	22.64	22.97	20320788	469841728.000
06/26/2014	22.95	23.20	22.70	22.94	22173771	508671648.000
06/27/2014	22.96	23.25	22.65	22.74	20063346	459120448.000
06/30/2014	22.76	22.98	21.85	22.18	21257159	471618528.000
07/01/2014	22.52	22.77	22.30	22.38	17063312	383590048.000
07/02/2014	22.43	22.60	22.01	22.46	15849678	353396064.000
07/03/2014	22.50	22.58	22.20	22.21	13160502	294476544.000
07/04/2014	22.14	22.26	21.63	21.80	15853323	346237376.000
07/07/2014	22.00	22.00	21.31	21.40	13057318	280800192.000
07/08/2014	21.50	21.66	21.33	21.59	8343727	179654560.000
07/09/2014	21.50	21.66	20.54	20.66	16101771	339934400.000
07/10/2014	20.89	20.90	20.40	20.43	10259522	211215408.000
07/11/2014	20.35	20.86	20.21	20.29	10209111	209146496.000
07/14/2014	20.31	20.51	19.75	19.93	19490710	388422528.000
07/15/2014	19.60	19.73	18.42	18.64	24535795	466396480.000
07/16/2014	18.70	19.30	18.52	19.26	16834397	319341280.000
07/17/2014	19.17	19.17	18.70	18.84	8232775	155431856.000
07/18/2014	18.95	18.95	18.60	18.63	6813608	127647232.000
07/21/2014	18.63	18.63	17.88	18.11	11769072	213245568.000
07/22/2014	18.07	18.22	17.94	18.13	9108120	164975616.000
07/23/2014	18.12	18.15	17.71	17.72	9590379	171780896.000
07/24/2014	17.69	17.77	17.00	17.13	13032745	225038944.000
07/25/2014	17.01	17.45	17.01	17.33	9196440	159011856.000
07/28/2014	17.29	18.43	17.26	18.24	18543176	333953728.000
07/29/2014	18.13	18.45	17.95	18.31	14905103	272264928.000
07/30/2014	18.29	18.37	17.92	18.15	10525282	190762320.000
07/31/2014	17.99	18.78	17.89	18.56	19300242	354504096.000
08/01/2014	18.40	18.42	17.98	17.99	15046853	273545248.000
08/04/2014	17.99	18.24	17.78	18.15	8836626	159788768.000
08/05/2014	18.15	19.97	18.01	19.88	41800563	807474368.000
08/06/2014	19.61	19.94	19.51	19.80	22099228	435666944.000
08/07/2014	19.90	20.65	19.71	20.15	30425446	617432192.000
08/08/2014	19.96	20.15	19.62	19.86	14725321	292390336.000
08/11/2014	19.87	20.29	19.80	20.03	13353487	267897568.000
08/12/2014	20.11	20.26	20.00	20.12	10625822	213846912.000
08/13/2014	20.14	20.20	19.47	19.67	14110590	277787264.000
08/14/2014	19.68	19.86	19.37	19.42	9996829	196560096.000
08/15/2014	19.42	19.59	19.06	19.43	10650433	206005168.000
08/18/2014	19.41	20.86	19.41	20.74	28932657	587295552.000
08/19/2014	21.15	22.50	21.15	21.34	41676872	904310272.000
08/20/2014	21.00	21.18	20.61	20.85	18928406	395071744.000
08/21/2014	20.74	21.91	20.61	21.85	27520907	587506816.000
08/22/2014	21.66	22.20	21.43	21.46	25280109	549477632.000
08/25/2014	21.36	21.36	20.85	20.95	14211637	299922432.000
08/26/2014	20.95	21.08	19.92	20.13	15640206	319419264.000
08/27/2014	20.05	20.44	20.01	20.17	8894408	179846448.000
08/28/2014	20.18	20.30	19.87	19.91	9433048	189092784.000
08/29/2014	19.91	20.04	19.60	20.02	7510515	148846128.000
09/01/2014	20.10	20.68	20.05	20.44	10464747	212924480.000
09/02/2014	20.46	21.02	20.46	20.80	14577495	303064640.000
09/03/2014	20.81	21.59	20.66	21.24	23464259	496269024.000
09/04/2014	21.20	21.79	20.90	21.40	23341457	497600320.000
09/05/2014	21.40	21.49	21.00	21.10	14197906	300195328.000
09/09/2014	21.15	21.24	20.72	20.98	11211910	234739008.000
09/10/2014	20.95	21.25	20.73	21.09	11996928	252936288.000
09/11/2014	21.10	21.97	21.10	21.63	31743116	683813824.000
09/12/2014	21.66	21.76	21.33	21.53	12680733	272519040.000
09/15/2014	21.50	21.83	21.40	21.72	18460466	400613472.000
09/16/2014	21.75	21.75	20.40	20.47	24013608	505448928.000
09/17/2014	20.40	20.70	20.13	20.48	10771441	219409040.000
09/18/2014	20.45	20.60	20.25	20.34	7845858	159923552.000
09/19/2014	20.34	20.63	20.31	20.55	7298882	149735120.000
09/22/2014	20.48	20.48	19.90	19.95	13058624	262377872.000
09/23/2014	19.95	20.14	19.90	20.02	6971231	139533472.000
09/24/2014	19.90	20.20	19.78	20.15	10874691	217513552.000
09/25/2014	20.15	20.58	20.11	20.32	13683207	278211872.000
09/26/2014	20.23	20.33	20.10	20.19	7411416	149680224.000
09/29/2014	20.24	21.33	20.23	20.91	21681977	453424928.000
09/30/2014	20.73	21.05	20.73	20.93	11668141	244145664.000
10/08/2014	20.90	21.13	20.72	21.06	11863451	248909520.000
10/09/2014	21.18	21.52	20.86	21.34	19124190	406872512.000
10/10/2014	21.35	21.35	20.97	21.07	12546400	264717376.000
10/13/2014	21.00	21.00	20.52	20.80	9874200	204438560.000
10/14/2014	20.68	21.44	20.67	21.29	17159356	363574208.000
10/15/2014	21.25	21.25	20.66	20.96	11025319	230241008.000
10/16/2014	20.94	21.31	20.68	20.77	14756379	311446880.000
10/17/2014	20.59	20.76	20.05	20.10	13031241	264331056.000
10/20/2014	20.15	20.39	20.13	20.31	6439445	130598160.000
10/21/2014	20.31	20.40	19.95	20.02	7816078	157246496.000
10/22/2014	20.04	20.24	19.80	19.85	4929968	98712992.000
10/23/2014	19.82	20.08	19.71	19.93	5676045	112782856.000
10/24/2014	19.98	20.38	19.88	19.98	5734028	115366064.000
10/27/2014	19.96	19.98	19.23	19.85	4811556	94520904.000
10/28/2014	20.10	20.39	20.00	20.35	7883658	159839904.000
10/29/2014	20.37	20.76	20.31	20.53	10952061	224903728.000
10/30/2014	20.55	20.70	20.17	20.27	8273462	168595744.000
10/31/2014	20.30	20.45	19.90	20.43	9162643	184707424.000
数据来源:通达信
