300157 恒泰艾普 日线
      日期	    开盘	    最高	    最低	    收盘	    成交量	    成交额
01/07/2011	10.24	11.88	10.21	11.58	15615566	1062965632.000
01/10/2011	11.47	11.87	11.34	11.54	5676810	398464000.000
01/11/2011	11.43	11.49	10.47	10.70	4075489	272176736.000
01/12/2011	10.66	10.85	10.30	10.75	1834654	118019088.000
01/13/2011	10.76	11.20	10.60	10.62	1236656	81565176.000
01/14/2011	10.65	11.06	10.65	10.81	1241032	81540376.000
01/17/2011	10.69	10.73	9.72	9.72	1349768	81176040.000
01/18/2011	9.20	9.82	9.12	9.61	1742529	101268072.000
01/19/2011	9.61	9.69	9.38	9.67	949490	55133672.000
01/20/2011	9.50	10.04	9.46	9.88	803589	48171748.000
01/21/2011	9.87	10.03	9.65	9.96	907050	54121880.000
01/24/2011	9.91	10.07	9.44	9.57	1397108	82930752.000
01/25/2011	9.55	9.57	8.92	9.25	670757	37784876.000
01/26/2011	9.24	9.50	9.22	9.45	383753	21878962.000
01/27/2011	9.35	9.69	9.27	9.63	183769	10666571.000
01/28/2011	9.58	9.72	9.50	9.54	200122	11620635.000
01/31/2011	9.44	10.24	9.44	10.13	553526	33625484.000
02/01/2011	10.24	10.24	9.91	10.12	834957	50736472.000
02/09/2011	10.02	10.17	9.95	9.98	144476	8788734.000
02/10/2011	10.08	10.22	9.77	10.18	1044102	63232028.000
02/11/2011	10.18	10.77	10.14	10.62	1066122	67803456.000
02/14/2011	10.44	10.79	10.44	10.68	435228	28122504.000
02/15/2011	10.57	10.79	10.41	10.53	476687	30304468.000
02/16/2011	10.55	10.82	10.40	10.77	370123	23930934.000
02/17/2011	10.74	10.85	10.44	10.54	505343	32349564.000
02/18/2011	10.49	10.68	10.42	10.61	406737	25997764.000
02/21/2011	10.57	11.38	10.57	11.32	799762	53833228.000
02/22/2011	11.41	11.65	11.20	11.54	1127561	77745744.000
02/23/2011	11.59	11.99	11.40	11.65	557334	39521652.000
02/24/2011	11.62	11.82	11.40	11.65	281924	19835896.000
02/25/2011	11.57	11.57	11.04	11.05	697291	47247796.000
02/28/2011	11.16	11.21	10.82	10.96	443163	29433830.000
03/01/2011	11.03	11.14	10.80	10.87	333925	22023200.000
03/02/2011	10.84	11.20	10.74	11.17	454417	30376630.000
03/03/2011	11.20	11.40	10.88	11.07	424020	28760266.000
03/04/2011	10.90	11.18	10.83	11.15	738528	49084008.000
03/07/2011	11.31	11.35	10.90	11.24	381772	25769476.000
03/08/2011	11.20	11.20	10.74	10.88	608233	40055456.000
03/09/2011	10.82	10.93	10.72	10.90	211486	13887339.000
03/10/2011	10.90	11.31	10.90	10.96	295100	19879502.000
03/11/2011	10.96	11.00	10.79	10.90	139630	9200018.000
03/14/2011	11.07	11.23	10.95	11.07	215272	14450342.000
03/15/2011	11.00	11.24	10.95	11.24	511655	34524172.000
03/16/2011	11.30	11.32	10.57	10.86	666304	43890048.000
03/17/2011	10.57	10.69	10.19	10.24	334327	21108648.000
03/18/2011	10.44	10.53	10.24	10.41	157130	9913789.000
03/21/2011	10.48	10.57	10.34	10.57	1191489	75608288.000
03/22/2011	10.53	10.53	9.82	9.95	662074	40154524.000
03/23/2011	9.85	10.07	9.76	10.07	319319	19181944.000
03/24/2011	9.95	10.01	9.69	9.80	913173	54258232.000
03/25/2011	9.67	9.84	9.67	9.74	306238	18017406.000
03/28/2011	9.74	9.77	9.38	9.57	753817	43401368.000
03/29/2011	9.45	9.45	9.19	9.31	490265	27530810.000
03/30/2011	9.21	9.46	9.21	9.38	305167	17213492.000
03/31/2011	9.38	9.62	9.38	9.47	338151	19533684.000
04/01/2011	9.50	9.53	9.09	9.34	325961	18252762.000
04/06/2011	9.34	9.50	9.24	9.34	427322	24212564.000
04/07/2011	9.37	9.61	9.35	9.45	548372	31610966.000
04/08/2011	9.52	9.52	9.26	9.40	566267	32212704.000
04/11/2011	9.40	9.43	9.00	9.05	691070	38513396.000
04/12/2011	9.00	9.12	8.82	8.82	1064930	57760640.000
04/13/2011	8.80	8.98	8.80	8.95	271061	14623169.000
04/14/2011	8.91	8.98	8.90	8.91	293916	15907313.000
04/15/2011	8.91	8.98	8.85	8.96	266669	14440539.000
04/18/2011	9.07	9.11	8.96	9.01	361925	19780180.000
04/19/2011	8.99	9.10	8.91	9.07	533784	29274392.000
04/20/2011	9.10	9.52	9.07	9.45	858784	48766052.000
04/21/2011	9.50	9.50	9.31	9.40	223916	12747102.000
04/22/2011	9.39	9.62	9.33	9.59	334586	19196440.000
04/25/2011	9.65	9.65	9.24	9.60	921330	52139032.000
04/26/2011	9.43	9.60	9.35	9.45	413389	23597966.000
04/27/2011	9.45	9.57	9.15	9.57	325359	18466480.000
04/28/2011	9.41	9.48	9.15	9.40	297799	16827616.000
04/29/2011	9.37	9.40	9.15	9.40	260038	14649694.000
05/03/2011	9.40	9.40	9.22	9.33	148707	8369850.500
05/04/2011	9.30	9.30	9.01	9.03	219800	12198161.000
05/05/2011	8.90	9.14	8.90	9.05	153497	8426282.000
05/06/2011	9.10	9.28	8.99	9.22	504909	28115182.000
05/10/2011	9.28	9.55	9.25	9.44	579249	33155850.000
05/11/2011	9.37	9.84	9.36	9.62	638917	37449104.000
05/12/2011	9.62	9.82	9.49	9.74	523916	30839928.000
05/13/2011	9.49	9.92	9.49	9.82	496257	29613580.000
05/16/2011	9.79	9.79	9.63	9.64	300990	17674438.000
05/17/2011	9.60	9.67	9.50	9.54	224933	13033144.000
05/18/2011	9.54	9.60	9.53	9.57	97699	5653758.000
05/19/2011	9.57	9.57	9.48	9.48	339801	19573820.000
05/20/2011	9.45	9.89	9.45	9.72	359954	20987662.000
05/23/2011	9.74	9.85	9.48	9.48	308700	18060704.000
05/24/2011	9.40	9.82	9.40	9.53	400628	23277452.000
05/25/2011	9.56	9.68	9.50	9.65	210501	12265327.000
05/26/2011	9.73	9.73	9.15	9.17	368857	10595354.000
05/27/2011	9.14	9.30	8.24	8.90	937827	24784292.000
05/30/2011	8.58	8.90	8.27	8.90	1123126	29306494.000
05/31/2011	8.76	9.43	8.76	9.23	239251	6653783.000
06/01/2011	9.27	9.38	8.98	9.23	312726	8730896.000
06/02/2011	9.10	9.23	8.94	9.23	284894	7869768.500
06/03/2011	9.07	9.46	9.07	9.40	373390	10512963.000
06/07/2011	8.91	9.42	8.72	9.40	339619	9640275.000
06/08/2011	9.36	9.37	9.14	9.27	123899	3480799.000
06/09/2011	9.32	9.49	9.24	9.25	128584	3642032.750
06/10/2011	9.25	9.28	9.17	9.26	102840	2870702.250
06/13/2011	9.16	9.36	9.16	9.32	116667	3286866.250
06/14/2011	9.24	9.35	9.18	9.32	146289	4106458.500
06/15/2011	9.24	9.57	9.24	9.49	197085	5661306.500
06/16/2011	9.49	9.56	9.37	9.45	152974	4395555.500
06/17/2011	9.27	9.89	9.20	9.74	483261	14204202.000
06/20/2011	9.84	9.87	9.68	9.68	517520	15282952.000
06/21/2011	9.62	9.86	9.47	9.53	171844	5031882.500
06/22/2011	9.47	9.74	9.47	9.67	218555	6384341.000
06/23/2011	9.60	9.87	9.60	9.83	283582	8396951.000
06/24/2011	9.83	9.99	9.75	9.95	676030	20234572.000
06/27/2011	9.91	10.47	9.90	10.38	619031	19186220.000
06/28/2011	10.36	10.76	10.36	10.63	719418	23151210.000
06/29/2011	10.49	10.68	10.22	10.37	461686	14517470.000
06/30/2011	10.37	10.57	10.32	10.57	276444	8726735.000
07/01/2011	10.57	10.90	10.52	10.86	784085	25557448.000
07/04/2011	11.00	11.00	10.64	10.90	779210	25343442.000
07/05/2011	10.78	10.86	10.65	10.74	279002	9076877.000
07/06/2011	10.79	10.79	10.35	10.57	701382	22315236.000
07/07/2011	10.42	10.78	10.24	10.72	684728	21827746.000
07/08/2011	10.70	11.34	10.60	11.20	944517	31582586.000
07/11/2011	11.17	11.37	11.01	11.27	383864	13057538.000
07/12/2011	11.23	11.39	11.14	11.30	704601	24059446.000
07/13/2011	11.25	11.57	11.25	11.54	373857	12911360.000
07/14/2011	11.67	11.70	11.41	11.60	430126	14991002.000
07/15/2011	11.44	11.60	11.26	11.57	576380	19888376.000
07/18/2011	11.34	11.87	11.33	11.80	490661	17363808.000
07/19/2011	11.80	11.92	11.44	11.80	326309	11539226.000
07/20/2011	11.78	11.84	11.57	11.76	247604	8816061.000
07/21/2011	11.81	12.95	11.68	12.95	2225423	86437008.000
07/22/2011	12.97	14.13	12.97	13.54	2744511	112167496.000
07/25/2011	13.67	13.99	12.81	13.22	1574970	63643180.000
07/26/2011	13.10	13.65	12.79	13.57	1136171	45774376.000
07/27/2011	13.57	13.97	13.30	13.68	967014	40245036.000
07/28/2011	13.67	13.84	13.30	13.56	534037	21861040.000
07/29/2011	13.72	13.96	13.37	13.90	649512	26916504.000
08/01/2011	14.00	14.88	14.00	14.55	754715	32669566.000
08/02/2011	14.37	14.70	14.07	14.46	584705	25295704.000
08/03/2011	14.46	14.66	14.11	14.60	352695	15474581.000
08/04/2011	14.65	15.50	14.64	15.40	1106240	50660744.000
08/05/2011	15.14	16.10	14.74	15.84	1281715	60401032.000
08/09/2011	14.84	15.90	14.27	15.21	1158627	53537008.000
08/10/2011	15.34	15.40	14.90	15.17	959318	43974672.000
08/11/2011	14.69	15.13	14.40	15.10	1036473	46036700.000
08/12/2011	15.00	15.38	14.78	14.85	544534	24820040.000
08/15/2011	14.58	14.85	14.16	14.44	1388127	60259332.000
08/16/2011	14.44	14.67	14.24	14.44	965537	42027052.000
08/17/2011	14.44	14.84	14.31	14.84	838650	36937576.000
08/18/2011	14.88	15.50	14.60	15.23	1239247	56359712.000
08/19/2011	15.13	15.13	14.24	14.71	517207	22939474.000
08/22/2011	14.29	15.36	14.29	15.19	813980	37023340.000
08/23/2011	15.15	15.74	14.94	15.67	718346	33427114.000
08/24/2011	15.67	15.74	14.31	14.44	1674811	75771304.000
08/25/2011	14.44	14.90	13.99	14.30	1313521	57353788.000
08/26/2011	14.25	14.35	14.03	14.29	337596	14539145.000
08/29/2011	14.37	14.89	14.30	14.57	495534	21896312.000
08/30/2011	14.68	14.87	14.24	14.52	356923	15664002.000
08/31/2011	14.28	14.82	14.07	14.70	308279	13490750.000
09/01/2011	14.49	14.82	14.34	14.40	172209	7553028.500
09/02/2011	14.40	14.40	14.16	14.17	111023	4769824.500
09/05/2011	13.96	14.27	13.90	14.02	148849	6350818.000
09/06/2011	13.87	14.02	13.46	13.74	368633	15297385.000
09/07/2011	13.67	14.03	13.57	13.94	258498	10710723.000
09/08/2011	13.94	14.24	13.62	13.67	144341	6087998.500
09/09/2011	13.63	13.73	13.19	13.64	362960	14643191.000
09/13/2011	13.56	13.65	13.24	13.56	91922	3755136.000
09/14/2011	13.67	13.67	13.45	13.61	117736	4818800.000
09/15/2011	13.70	14.21	13.58	13.90	1115640	46901800.000
09/16/2011	14.00	14.24	13.90	14.16	151185	6458223.000
09/19/2011	14.15	14.37	13.95	13.98	91609	3888668.750
09/20/2011	13.63	13.97	13.63	13.90	56757	2373042.750
09/21/2011	13.83	14.05	13.60	13.75	354042	14790918.000
09/22/2011	13.75	13.84	13.44	13.64	203984	8414214.000
09/23/2011	13.24	13.74	13.24	13.57	150601	6128742.500
10/31/2011	14.87	14.87	13.00	13.80	2958474	121958488.000
11/01/2011	13.43	13.82	13.02	13.46	533576	21808196.000
11/02/2011	13.22	13.24	12.41	13.05	1172637	45604008.000
11/03/2011	12.92	12.95	12.57	12.66	1307519	50287288.000
11/04/2011	12.61	12.97	12.60	12.90	971998	37707484.000
11/07/2011	12.90	13.03	12.62	12.74	653734	25187038.000
11/08/2011	12.74	12.90	12.70	12.77	275871	10657594.000
11/09/2011	12.84	12.84	12.23	12.53	670843	25276612.000
11/10/2011	12.30	12.94	12.24	12.89	947257	36386680.000
11/11/2011	12.76	13.17	12.76	12.99	575937	22598730.000
11/14/2011	13.12	13.84	12.94	13.03	1489975	59971016.000
11/15/2011	13.03	13.56	12.92	13.44	946930	38345036.000
11/16/2011	13.44	13.51	12.77	13.04	529265	20952206.000
11/17/2011	13.04	13.27	12.64	13.07	324584	12742857.000
11/18/2011	12.74	13.04	12.50	12.57	170200	6556993.000
11/21/2011	12.47	12.75	12.40	12.47	129406	4867808.000
11/22/2011	12.29	12.67	12.29	12.52	86686	3275791.500
11/23/2011	12.63	12.66	12.34	12.36	91853	3461319.500
11/24/2011	12.26	12.38	12.05	12.14	233874	8603550.000
11/25/2011	12.14	12.23	11.82	11.91	301262	10993346.000
11/28/2011	11.91	11.97	11.43	11.65	424139	14967772.000
11/29/2011	11.67	11.67	11.30	11.59	1194350	41647280.000
11/30/2011	11.60	11.79	10.42	11.17	894558	29664172.000
12/01/2011	11.23	11.40	11.04	11.17	562951	19066688.000
12/02/2011	10.80	11.10	10.50	10.50	1665768	53469920.000
12/05/2011	10.45	10.45	9.60	10.00	1434664	43739304.000
12/06/2011	9.90	9.92	9.54	9.92	465332	13666333.000
12/07/2011	9.94	9.98	9.68	9.79	468877	13944938.000
12/08/2011	9.79	10.04	9.66	9.99	624217	18684524.000
12/09/2011	9.84	10.20	9.61	9.74	350261	10574651.000
12/12/2011	9.86	9.86	9.21	9.24	384649	11131222.000
12/13/2011	9.22	9.41	8.74	9.30	617421	17002894.000
12/15/2011	9.07	9.27	8.77	9.18	709486	19434426.000
12/16/2011	9.24	9.54	8.99	9.53	456145	12798251.000
12/19/2011	9.53	9.53	9.19	9.41	308811	8714519.000
12/20/2011	9.42	9.45	9.24	9.30	199159	5630675.500
12/21/2011	9.40	9.40	8.97	9.19	159403	4440011.000
12/22/2011	8.87	9.21	8.53	8.90	335389	9045175.000
12/23/2011	8.84	9.33	8.77	8.99	309606	8469295.000
12/26/2011	9.11	9.11	8.62	8.80	521532	14060762.000
12/27/2011	8.82	8.85	8.40	8.44	489686	12992181.000
12/28/2011	8.31	8.44	7.90	8.37	592320	14705851.000
12/29/2011	8.16	8.37	8.07	8.32	395312	9859879.000
12/30/2011	8.36	8.46	8.16	8.45	411352	10423666.000
01/04/2012	8.74	8.90	8.14	8.27	398392	10285812.000
01/05/2012	8.03	8.07	7.44	7.46	586449	13866678.000
01/06/2012	7.46	7.46	6.89	7.14	851731	18342678.000
01/09/2012	7.13	7.34	6.89	7.27	926369	20366716.000
01/10/2012	7.23	8.01	7.17	8.00	1696655	40158068.000
01/11/2012	7.99	8.20	7.90	8.10	1552963	38079684.000
01/12/2012	7.94	8.11	7.94	7.94	871737	21217000.000
01/13/2012	8.03	8.07	7.24	7.42	1265798	29317238.000
01/16/2012	7.50	7.50	6.70	6.71	627555	13224902.000
01/17/2012	6.80	7.02	6.64	6.90	1404798	29299334.000
01/18/2012	6.95	7.18	6.27	6.45	1551602	31692542.000
01/19/2012	6.20	6.20	5.79	6.00	5810325	104121800.000
01/20/2012	5.94	6.17	5.85	6.06	2372784	43336404.000
01/30/2012	6.12	6.50	6.05	6.37	1927121	36788068.000
01/31/2012	6.33	6.33	6.06	6.19	1612419	30314430.000
02/01/2012	6.17	6.33	6.03	6.20	1111810	21156806.000
02/02/2012	6.11	6.38	6.11	6.37	1229969	23421946.000
02/03/2012	6.39	6.61	6.32	6.57	1695147	33674000.000
02/06/2012	6.58	6.94	6.57	6.91	2912380	60348788.000
02/07/2012	6.89	7.15	6.77	7.12	1790012	37648540.000
02/08/2012	7.23	7.45	7.07	7.38	3045331	67938680.000
02/09/2012	7.38	7.53	7.18	7.39	1569555	35048044.000
02/10/2012	7.39	7.46	7.33	7.35	801112	18002256.000
02/13/2012	7.34	7.56	7.14	7.51	1080892	24369066.000
02/14/2012	7.50	7.53	7.30	7.35	906986	20377558.000
02/15/2012	7.28	7.54	7.27	7.40	1358835	30592178.000
02/16/2012	7.36	7.77	7.36	7.48	1806533	41547572.000
02/17/2012	7.46	7.52	7.21	7.37	1377505	30757572.000
02/20/2012	7.42	8.12	7.42	7.98	3749948	88185256.000
02/21/2012	7.98	8.40	7.91	8.29	2749612	68577208.000
02/22/2012	8.57	9.10	8.37	8.37	4470259	116677960.000
02/23/2012	8.51	8.57	8.20	8.37	2954312	75029992.000
02/24/2012	8.27	8.59	8.20	8.36	3100431	79098552.000
02/27/2012	8.36	8.44	8.26	8.29	2301409	58221024.000
02/28/2012	8.24	8.33	7.98	8.10	1995693	49276644.000
02/29/2012	8.07	8.12	7.80	7.82	1995140	47797348.000
03/01/2012	7.74	7.99	7.67	7.90	2104433	50252620.000
03/02/2012	7.90	8.15	7.87	8.15	1619356	39619556.000
03/05/2012	8.23	8.40	7.93	7.94	2385189	59364688.000
03/06/2012	7.83	7.89	7.51	7.64	2117155	49158616.000
03/07/2012	7.48	7.78	7.40	7.54	1182682	27471218.000
03/08/2012	7.85	8.24	7.84	8.09	2928723	71249152.000
03/09/2012	8.07	8.17	7.94	8.15	1949239	47629460.000
03/12/2012	8.11	8.19	7.90	8.14	1894884	46613444.000
03/13/2012	8.15	8.54	8.04	8.39	3150407	79969048.000
03/14/2012	8.40	9.08	8.37	8.77	7146840	190176960.000
03/15/2012	8.85	9.24	8.24	9.15	7067428	190948816.000
03/16/2012	8.94	9.43	8.94	9.43	5442960	152475824.000
03/19/2012	9.46	9.48	9.17	9.34	3667526	103837312.000
03/20/2012	9.40	9.62	8.61	8.70	3749318	104041168.000
03/21/2012	8.74	9.00	8.34	8.96	4359721	113573944.000
03/22/2012	8.80	8.89	8.44	8.52	3383353	89759200.000
03/23/2012	8.51	8.51	8.07	8.23	2294622	57524116.000
03/26/2012	8.16	8.34	7.97	8.29	1365899	34030840.000
03/27/2012	8.32	8.45	8.15	8.24	1119246	28349418.000
03/28/2012	8.16	8.19	7.76	7.87	2113321	51208476.000
03/29/2012	7.82	8.09	7.40	7.90	2152650	51206280.000
03/30/2012	7.84	8.04	7.47	7.53	1631384	38963812.000
04/05/2012	7.47	7.76	7.27	7.73	1051839	24206736.000
04/06/2012	7.70	8.28	7.70	8.02	1391740	33934096.000
04/09/2012	8.10	8.24	7.84	7.99	1065981	26090712.000
04/10/2012	7.82	8.06	7.57	8.06	1006740	23860672.000
04/11/2012	7.95	8.12	7.81	7.92	675868	16298239.000
04/12/2012	8.01	8.15	7.90	8.08	1398565	34203116.000
04/13/2012	8.07	8.17	7.94	7.95	1587144	38771344.000
04/16/2012	7.84	7.84	7.50	7.52	2856287	65876452.000
04/17/2012	7.47	7.61	7.41	7.44	720728	16419137.000
04/18/2012	7.49	7.65	7.42	7.65	1259253	28945930.000
04/19/2012	7.62	7.97	7.61	7.71	1659628	39382016.000
04/20/2012	7.67	7.90	7.66	7.77	1107895	26201538.000
04/23/2012	7.77	7.77	6.98	6.98	2173141	47430980.000
04/24/2012	6.44	6.80	6.44	6.62	2255465	45221556.000
04/25/2012	6.58	6.69	6.51	6.67	1366614	27395932.000
04/26/2012	6.67	6.88	6.60	6.60	1332757	27282118.000
04/27/2012	6.60	6.69	6.44	6.64	1057706	21059948.000
05/02/2012	6.74	6.80	6.57	6.70	1196369	24365544.000
05/03/2012	6.68	6.73	6.50	6.58	1817647	36359704.000
05/04/2012	6.55	6.79	6.51	6.74	2102328	42330168.000
05/07/2012	6.66	6.72	6.53	6.72	2838163	57139224.000
05/08/2012	6.77	7.38	6.77	7.17	4499754	96510568.000
05/09/2012	7.07	7.23	6.90	6.94	2369627	51045688.000
05/10/2012	6.91	7.31	6.91	7.23	3109770	67787864.000
05/11/2012	7.28	7.38	7.09	7.13	2483598	54421108.000
05/14/2012	7.24	7.24	6.90	6.90	2070160	44203688.000
05/15/2012	6.84	6.84	6.54	6.73	1927614	39077116.000
05/16/2012	6.70	6.75	6.55	6.57	1160383	23424598.000
05/17/2012	6.57	6.73	6.55	6.64	1471570	29618998.000
05/18/2012	6.57	6.72	6.54	6.58	1228357	24784656.000
05/21/2012	6.54	6.64	6.35	6.49	1314945	25958504.000
05/22/2012	6.50	6.65	6.50	6.62	915173	18347694.000
05/23/2012	6.59	6.59	6.40	6.49	933264	18495206.000
05/24/2012	6.49	6.51	6.24	6.27	1225878	23810106.000
05/25/2012	6.28	6.30	5.99	6.10	1523573	28339196.000
05/28/2012	6.04	6.07	5.84	6.06	1397683	25326796.000
05/29/2012	6.05	6.30	6.00	6.22	1374449	25932220.000
05/30/2012	6.20	6.34	6.17	6.27	1043991	19938382.000
05/31/2012	6.17	6.40	6.17	6.37	1503920	28938004.000
06/01/2012	6.38	6.83	6.37	6.51	2117661	42815512.000
06/11/2012	6.67	6.67	6.22	6.45	2361144	46061388.000
06/12/2012	6.36	6.44	6.29	6.36	919598	17642058.000
06/13/2012	6.36	6.58	6.27	6.56	1875792	36457632.000
06/14/2012	6.54	6.54	6.40	6.46	1236978	24122474.000
06/15/2012	6.46	6.52	6.29	6.36	594087	11504730.000
06/18/2012	6.39	6.59	6.39	6.58	1720641	33851932.000
06/19/2012	6.55	6.78	6.53	6.67	2136041	43229876.000
06/20/2012	6.69	6.89	6.61	6.78	2273044	46318036.000
06/21/2012	6.76	6.76	6.56	6.61	1327811	26581958.000
06/25/2012	6.54	6.54	6.06	6.09	2407828	45398192.000
06/26/2012	6.05	6.19	5.89	6.18	1146846	20834660.000
06/27/2012	6.19	6.80	6.18	6.80	6576929	133901152.000
06/28/2012	6.89	7.02	6.68	6.68	7784318	161917040.000
06/29/2012	6.46	6.67	6.21	6.53	4915503	96303496.000
07/02/2012	6.61	6.72	6.53	6.62	3096711	61877860.000
07/03/2012	6.89	7.29	6.89	7.29	2188637	47485248.000
07/04/2012	7.79	7.93	7.06	7.38	13069484	295108992.000
07/05/2012	7.19	7.29	6.97	7.02	4869256	104934856.000
07/06/2012	7.07	7.29	6.86	7.27	4856935	103972528.000
07/09/2012	7.16	7.44	7.07	7.09	4515560	98843544.000
07/10/2012	6.97	7.16	6.73	6.74	3025875	63200824.000
07/11/2012	6.72	6.86	6.63	6.83	2581924	52678432.000
07/12/2012	6.81	7.04	6.66	6.96	2531534	52372464.000
07/13/2012	6.89	7.12	6.36	6.45	5320679	110435656.000
07/16/2012	6.29	6.62	6.16	6.18	3412461	65276192.000
07/17/2012	6.18	6.45	6.09	6.39	2531512	47754956.000
07/18/2012	6.39	6.78	6.22	6.57	4263526	84376472.000
07/19/2012	6.46	6.74	6.46	6.58	3036768	60458156.000
07/20/2012	6.57	6.82	6.50	6.57	3631944	73235968.000
07/23/2012	6.42	6.47	6.09	6.29	2465905	46982980.000
07/24/2012	6.21	6.53	6.19	6.32	2780048	53325800.000
07/25/2012	6.24	6.47	6.19	6.43	3403578	65364972.000
07/26/2012	6.43	6.46	6.04	6.05	3513766	66477952.000
07/27/2012	6.09	6.12	5.79	5.81	2369733	42438128.000
07/30/2012	5.84	5.88	5.22	5.27	4493239	73671632.000
07/31/2012	5.26	5.27	4.88	5.02	5819634	87805408.000
08/01/2012	4.98	5.17	4.96	5.09	3013292	46204396.000
08/02/2012	5.09	5.19	5.01	5.12	2315573	35734760.000
08/03/2012	5.42	5.61	5.19	5.36	4042729	65201328.000
08/06/2012	5.25	5.49	5.23	5.45	3582546	58101996.000
08/07/2012	5.41	5.75	5.39	5.56	3892130	65653912.000
08/08/2012	5.52	5.60	5.42	5.56	2813995	46730220.000
08/09/2012	5.58	5.85	5.54	5.75	4562475	78842080.000
08/10/2012	5.82	6.09	5.75	5.96	4832771	87156768.000
08/13/2012	6.23	6.23	5.92	5.98	6202899	113653528.000
08/14/2012	5.89	6.58	5.86	6.58	12137069	236838720.000
08/15/2012	6.76	6.92	6.42	6.57	13165385	267650672.000
08/16/2012	6.41	6.46	6.14	6.21	5836160	111373152.000
08/17/2012	6.13	6.41	6.13	6.20	3701876	70097824.000
08/20/2012	6.12	6.38	5.97	6.34	4559079	85575576.000
08/21/2012	6.28	6.56	6.22	6.54	5525841	106411968.000
08/22/2012	6.49	7.19	6.46	7.19	13296786	285073024.000
08/23/2012	7.14	7.78	7.06	7.35	14247954	315908736.000
08/24/2012	7.16	7.94	7.11	7.43	11081432	253023200.000
08/27/2012	7.49	7.69	7.21	7.28	9130778	206426208.000
08/28/2012	7.09	7.16	6.80	7.04	8252477	173295776.000
08/29/2012	7.00	7.12	6.92	7.03	4994302	105913504.000
08/30/2012	6.95	6.96	6.33	6.33	8338005	163945904.000
08/31/2012	6.13	6.79	6.07	6.68	7376908	144917248.000
09/03/2012	6.59	7.35	6.47	7.35	12438224	266372304.000
09/04/2012	7.38	7.96	7.36	7.62	14173927	328113888.000
09/05/2012	7.52	7.69	7.37	7.39	7146410	161151056.000
09/06/2012	7.53	7.88	7.38	7.63	9126214	210253936.000
09/07/2012	7.67	8.21	7.54	7.87	10989671	258639792.000
09/10/2012	7.77	8.19	7.70	8.15	9187268	220287680.000
09/11/2012	8.02	8.12	7.67	7.69	7063092	168194224.000
09/12/2012	7.79	7.94	7.66	7.75	4517177	106181512.000
09/13/2012	7.69	8.13	7.69	7.72	6459115	154896352.000
09/14/2012	7.76	7.84	7.42	7.72	4711602	108611432.000
09/17/2012	7.66	7.90	7.52	7.58	3570925	83046744.000
09/18/2012	7.41	7.62	7.25	7.29	3154110	70534144.000
09/19/2012	7.34	7.48	7.27	7.31	1886801	41888248.000
09/20/2012	7.31	7.42	6.85	6.89	4085362	87194224.000
09/21/2012	6.83	6.94	6.69	6.72	3611534	74100072.000
09/24/2012	6.66	6.82	6.51	6.72	2348667	47298852.000
09/25/2012	6.73	7.24	6.73	6.98	4959246	105200824.000
09/26/2012	6.88	7.08	6.62	6.74	3134032	64707556.000
09/27/2012	6.81	7.22	6.79	7.16	4927535	105325096.000
09/28/2012	7.22	7.46	7.09	7.39	4865616	106830928.000
10/08/2012	7.30	7.64	7.28	7.51	3354367	75492448.000
10/09/2012	7.48	7.92	7.41	7.77	4994106	115856424.000
10/10/2012	7.77	7.83	7.61	7.66	3326709	77239696.000
10/11/2012	7.62	7.62	7.26	7.32	3759582	84108528.000
10/12/2012	7.27	7.46	7.22	7.39	2415454	53564172.000
10/15/2012	7.19	7.19	6.65	6.75	4373182	90395744.000
10/16/2012	6.76	7.06	6.75	6.93	3140792	65862868.000
10/17/2012	6.93	7.12	6.93	6.98	1530774	32381804.000
10/18/2012	6.99	7.28	6.99	7.18	2587203	55949624.000
10/19/2012	7.18	7.27	6.95	6.96	2706288	58180520.000
10/22/2012	6.83	7.28	6.79	7.24	2934652	63326000.000
10/23/2012	7.25	7.31	7.06	7.09	1892119	40948368.000
10/24/2012	6.96	7.06	6.88	6.88	1770371	37083288.000
10/25/2012	6.92	7.24	6.89	6.93	2690772	57273884.000
10/26/2012	6.84	7.01	6.30	6.42	4563518	89686120.000
10/29/2012	6.37	6.57	6.18	6.25	2166450	41538388.000
10/30/2012	6.25	6.58	6.25	6.44	2608220	50825616.000
10/31/2012	6.45	6.45	6.08	6.31	2422217	45695592.000
11/01/2012	6.35	6.47	6.31	6.42	1721239	33264736.000
11/02/2012	6.41	6.50	6.36	6.37	1338988	25976382.000
11/05/2012	6.39	6.39	6.17	6.25	1657561	31228022.000
11/06/2012	6.39	6.59	6.39	6.46	4022077	78813456.000
11/07/2012	6.43	6.50	6.34	6.37	1696739	32787954.000
11/08/2012	6.34	6.34	6.00	6.02	2803928	51648208.000
11/09/2012	6.01	6.07	5.66	5.78	2501819	44365220.000
11/12/2012	5.79	5.99	5.79	5.98	1658050	29487060.000
11/13/2012	5.98	5.99	5.77	5.86	1363636	24119928.000
11/14/2012	5.94	5.94	5.72	5.87	1204807	21177826.000
11/15/2012	5.79	6.26	5.56	6.06	5452011	98008400.000
11/16/2012	5.99	6.08	5.88	5.93	3048857	54858876.000
11/19/2012	5.90	5.95	5.70	5.88	1696294	29739238.000
11/20/2012	5.89	5.93	5.73	5.85	1414373	24956850.000
11/21/2012	5.82	5.91	5.68	5.89	1341342	23530288.000
11/22/2012	5.86	5.86	5.74	5.79	1120697	19583114.000
11/23/2012	5.81	5.94	5.81	5.89	1787540	31769374.000
11/26/2012	5.86	5.86	5.65	5.72	1919012	33289268.000
11/27/2012	5.62	5.67	5.38	5.39	1727810	28829270.000
11/28/2012	5.34	5.45	5.23	5.31	1175775	18902250.000
11/29/2012	5.35	5.39	5.18	5.20	879962	14125065.000
11/30/2012	5.24	5.39	5.24	5.35	1429677	23063738.000
12/03/2012	5.33	5.35	5.03	5.06	1110466	17340658.000
12/04/2012	5.09	5.34	5.06	5.27	1338088	20997850.000
12/05/2012	5.26	5.64	5.24	5.56	2016521	33490850.000
12/06/2012	5.49	5.64	5.49	5.51	1130193	18963740.000
12/07/2012	5.51	5.62	5.49	5.56	1670210	28112208.000
12/10/2012	5.55	5.72	5.39	5.70	2792087	47083536.000
12/11/2012	5.59	5.62	5.43	5.51	3778883	62870976.000
12/12/2012	5.47	5.52	5.36	5.45	1762971	28947098.000
12/13/2012	5.45	5.48	5.25	5.26	1757029	28575004.000
12/14/2012	5.24	5.50	5.24	5.49	2921923	47926292.000
12/17/2012	5.53	5.67	5.51	5.61	2839224	47987996.000
12/18/2012	5.56	5.59	5.39	5.43	2656035	44139616.000
12/19/2012	5.43	5.97	5.38	5.82	6032695	105088336.000
12/20/2012	5.74	5.81	5.67	5.76	3310528	57460852.000
12/21/2012	5.76	6.09	5.70	5.95	4665639	83586816.000
12/24/2012	5.96	6.41	5.89	6.29	5471168	103415392.000
12/25/2012	6.29	6.41	6.16	6.32	3901382	74649216.000
12/26/2012	6.32	6.49	6.23	6.45	2769776	53432052.000
12/27/2012	6.42	6.77	6.42	6.44	3917396	77921368.000
12/28/2012	6.42	6.58	6.31	6.55	2873084	56227096.000
12/31/2012	6.52	6.58	6.40	6.41	2089998	40745888.000
01/04/2013	6.49	6.55	6.31	6.41	2459139	47849772.000
01/07/2013	6.35	6.78	6.32	6.76	3236657	65174040.000
01/08/2013	6.76	6.94	6.67	6.90	2825681	58536404.000
01/09/2013	6.99	7.28	6.96	7.05	3937863	84746576.000
01/10/2013	7.05	7.15	6.91	6.94	2632679	55714788.000
01/11/2013	6.96	7.27	6.96	7.04	4149892	89202856.000
01/14/2013	6.96	7.62	6.90	7.37	3876635	85691248.000
01/15/2013	7.25	7.78	7.22	7.50	4743865	106700360.000
01/16/2013	7.40	7.47	7.18	7.36	2395606	52922776.000
01/17/2013	7.36	7.54	7.26	7.37	2179964	48529252.000
01/18/2013	7.38	7.57	7.27	7.55	2095136	46949896.000
01/21/2013	7.45	7.62	7.45	7.51	1472787	33539260.000
01/22/2013	7.52	7.77	7.27	7.42	2969270	67538704.000
01/23/2013	7.37	7.42	7.13	7.28	1839417	40316128.000
01/24/2013	7.29	7.40	6.87	6.92	1904438	40634092.000
01/25/2013	6.96	7.42	6.96	7.23	2415182	53123916.000
01/28/2013	7.30	7.69	7.18	7.55	2831753	64110768.000
01/29/2013	7.59	7.95	7.47	7.80	2909805	68106368.000
01/30/2013	7.76	7.99	7.72	7.78	2847296	67575824.000
01/31/2013	7.77	7.85	7.51	7.78	2336123	53769028.000
02/01/2013	7.74	8.14	7.66	8.08	3439716	83376856.000
02/04/2013	8.13	8.26	7.89	7.95	1255195	30148066.000
02/05/2013	7.92	8.04	7.73	7.95	1185583	28287052.000
02/06/2013	7.95	8.16	7.95	8.08	1116384	27249922.000
02/07/2013	8.08	8.28	7.99	8.26	1237891	30665358.000
02/08/2013	8.28	8.29	8.07	8.26	1667058	41038492.000
02/18/2013	8.16	8.26	8.09	8.19	1252989	30914938.000
02/19/2013	8.11	8.20	7.76	7.85	1433933	34441920.000
02/20/2013	7.84	8.12	7.78	8.11	1664107	40415620.000
02/21/2013	8.08	8.20	7.85	7.88	1540165	36887348.000
02/22/2013	7.79	8.66	7.79	8.46	3032124	76804408.000
02/25/2013	8.47	9.01	8.47	8.86	3907949	103774624.000
02/26/2013	8.87	8.98	8.70	8.79	1592069	42273760.000
02/27/2013	8.78	8.80	8.40	8.59	1556500	40353112.000
05/02/2013	9.45	9.45	8.30	9.39	14177662	394624224.000
05/03/2013	9.22	10.33	9.20	10.33	4951765	148597456.000
05/06/2013	10.62	11.17	10.29	10.62	5775187	183999120.000
05/07/2013	10.51	10.86	10.22	10.77	4595926	146809008.000
05/08/2013	10.77	11.06	10.56	10.85	2625737	85366544.000
05/09/2013	10.68	11.58	10.68	11.12	4680487	157440384.000
05/10/2013	11.06	11.20	10.64	10.96	2436643	80191888.000
05/13/2013	11.05	11.28	10.69	10.81	1927019	63185528.000
05/14/2013	10.76	11.19	10.41	11.02	2998040	97804304.000
05/15/2013	10.99	11.56	10.79	11.42	2915620	99207568.000
05/16/2013	11.33	11.80	11.09	11.22	2269660	78434664.000
05/17/2013	11.16	11.55	11.10	11.42	1751322	60010044.000
05/20/2013	11.36	12.07	11.29	12.06	2589595	91970296.000
05/21/2013	12.02	12.02	11.63	11.96	2730097	97123728.000
05/22/2013	11.79	11.94	10.76	10.79	4815610	161783408.000
05/23/2013	10.86	11.24	10.58	10.88	2741746	90378720.000
05/24/2013	10.89	11.09	10.72	10.96	2740844	90234424.000
05/27/2013	10.97	11.36	10.95	11.12	2192191	73576520.000
05/28/2013	11.03	11.16	10.12	10.81	4362459	139725072.000
05/29/2013	10.76	10.88	10.29	10.50	3287452	104888720.000
05/30/2013	10.48	10.95	10.37	10.79	1900729	61153672.000
05/31/2013	10.77	11.25	10.69	11.19	1985731	66198236.000
06/03/2013	11.13	11.29	10.10	10.29	3390032	108784296.000
06/04/2013	10.29	10.46	9.64	10.29	3299957	100126168.000
06/05/2013	10.06	10.82	10.06	10.70	2578983	82475512.000
06/06/2013	10.70	10.72	10.09	10.19	1505881	47011712.000
06/07/2013	10.26	10.36	9.86	9.99	1539753	46882388.000
06/13/2013	9.91	10.15	9.49	10.10	1737044	51697860.000
06/14/2013	10.15	10.62	10.04	10.56	1610810	50347828.000
06/17/2013	10.59	11.39	10.59	11.35	3090311	103380024.000
06/18/2013	11.27	11.40	11.06	11.24	1230136	41580784.000
06/19/2013	11.25	11.36	10.88	11.27	1108556	37147348.000
06/20/2013	11.19	11.19	10.49	10.64	1658939	54651020.000
06/21/2013	10.29	10.75	10.02	10.66	806119	25514262.000
06/24/2013	10.32	10.79	9.64	10.19	1998145	61642008.000
06/25/2013	9.97	10.45	9.48	10.12	2042083	61359652.000
06/26/2013	10.12	11.14	10.12	11.14	2046779	66079792.000
06/27/2013	11.19	11.45	10.62	11.03	1667395	55904324.000
06/28/2013	10.96	11.72	10.79	11.48	2821496	97267600.000
07/01/2013	11.56	12.08	11.44	11.94	2536483	90512720.000
07/02/2013	11.81	12.24	11.57	12.02	3963372	142517872.000
07/03/2013	11.84	12.19	11.84	12.11	3214593	116652968.000
07/04/2013	11.94	12.23	11.56	11.64	2194615	78458400.000
07/05/2013	11.66	11.92	11.30	11.57	2374009	82817608.000
07/08/2013	10.99	11.89	10.97	11.23	3242897	56295644.000
07/09/2013	11.37	11.64	11.01	11.61	3149728	54214828.000
07/10/2013	11.31	12.51	11.31	12.33	6396365	116429592.000
07/11/2013	12.09	12.64	11.98	12.17	5237205	97250416.000
07/12/2013	12.17	12.91	12.17	12.83	5502003	104879104.000
07/15/2013	12.82	13.97	12.68	13.75	7600096	152887408.000
07/16/2013	13.57	13.96	13.24	13.53	4338843	87980288.000
07/17/2013	13.61	13.63	12.89	13.04	3340903	66699740.000
07/18/2013	13.09	13.27	12.77	13.04	3824841	74715000.000
07/19/2013	13.05	13.69	13.04	13.24	4850381	97650752.000
07/22/2013	13.16	13.84	12.97	13.81	3800558	77208976.000
07/23/2013	13.81	14.04	13.48	13.77	3716330	76340488.000
07/24/2013	13.76	13.92	13.41	13.67	3995195	81853400.000
07/25/2013	13.64	13.79	12.31	12.44	7546652	145333952.000
08/02/2013	13.27	13.69	12.97	13.69	3676883	75047576.000
08/05/2013	14.04	14.19	13.01	13.61	5997506	121966968.000
08/06/2013	13.51	13.99	13.27	13.79	4180823	86095416.000
08/07/2013	13.71	14.11	13.08	13.68	4832437	99559440.000
08/08/2013	13.59	14.04	13.31	13.64	3383470	69408864.000
08/09/2013	13.81	13.89	13.23	13.64	3266576	66511140.000
08/12/2013	13.63	13.83	13.31	13.47	3446196	69557496.000
08/13/2013	13.35	13.50	12.77	12.89	4668153	91273264.000
08/14/2013	12.87	12.87	12.38	12.59	4583077	86623512.000
08/15/2013	12.51	12.70	12.37	12.54	2844768	53810772.000
08/16/2013	12.50	12.50	11.33	12.11	6895128	123640400.000
08/19/2013	11.77	12.43	11.67	12.37	3555021	64571372.000
08/20/2013	12.37	12.74	12.19	12.68	4310229	81522048.000
08/21/2013	12.71	12.85	12.45	12.65	1522921	28883586.000
08/22/2013	12.57	12.81	12.51	12.55	1521097	28975454.000
08/23/2013	12.61	12.63	12.28	12.41	1813919	33874044.000
08/26/2013	12.40	13.49	12.23	13.33	3869063	75874496.000
08/27/2013	13.31	14.01	13.07	13.77	3298408	67142104.000
08/28/2013	13.72	13.72	12.75	12.81	3462634	69183128.000
08/29/2013	12.83	13.11	12.23	12.24	4139812	77582336.000
08/30/2013	12.18	12.43	11.97	12.04	3596350	65734368.000
09/02/2013	12.04	12.04	11.36	11.44	8338004	144496448.000
09/03/2013	11.46	11.89	11.46	11.55	3926767	69050376.000
09/04/2013	11.66	11.83	11.36	11.46	3308185	57555344.000
09/05/2013	11.46	11.70	11.04	11.60	5615286	96371528.000
09/06/2013	11.56	11.83	11.41	11.63	3226706	56450716.000
09/09/2013	11.67	11.73	11.21	11.44	5860240	100404584.000
09/10/2013	11.50	11.50	11.04	11.25	5097965	86027536.000
09/11/2013	11.21	11.24	10.63	10.66	5670347	92495720.000
09/12/2013	10.75	11.73	10.75	11.73	8677889	148498960.000
09/13/2013	11.83	12.37	11.52	12.31	9506814	170836368.000
09/16/2013	12.11	12.77	11.99	12.52	6625619	123406848.000
09/17/2013	12.43	12.64	12.21	12.55	3764712	69902032.000
09/18/2013	12.39	12.87	12.37	12.81	4767005	90423792.000
09/23/2013	13.25	13.44	12.64	13.27	6874096	135211296.000
09/24/2013	13.04	13.18	12.43	12.61	4514630	86958280.000
09/25/2013	12.54	12.89	12.25	12.25	3569341	67644968.000
09/26/2013	12.25	13.43	12.21	13.34	8882524	174389024.000
09/27/2013	13.14	13.37	12.51	12.61	4803191	92544816.000
09/30/2013	12.44	13.06	12.32	12.62	3629811	69062344.000
10/08/2013	12.51	13.39	12.35	13.29	5852603	115128680.000
10/09/2013	13.29	14.04	13.11	13.77	6888442	142867216.000
10/10/2013	13.74	14.15	13.37	14.01	4664577	96393056.000
10/11/2013	14.97	15.41	14.31	15.41	11613680	265499904.000
10/14/2013	15.75	15.94	15.06	15.47	8033031	187213184.000
10/15/2013	15.23	15.64	15.11	15.34	4434497	102465616.000
10/16/2013	15.20	15.23	14.34	14.87	4705859	104730912.000
10/17/2013	14.87	15.21	14.25	14.57	3438639	76279792.000
10/18/2013	14.57	15.13	14.47	14.88	2339657	52216160.000
10/21/2013	14.97	16.14	14.88	15.76	5844664	137445072.000
10/22/2013	15.74	17.31	15.52	16.27	8360537	208777680.000
10/23/2013	16.09	16.23	14.67	15.00	5029603	116082904.000
10/24/2013	14.95	15.17	14.61	14.84	2514175	55973468.000
10/25/2013	14.84	14.84	13.51	13.98	5391136	114129920.000
10/28/2013	14.14	14.62	13.77	13.78	5550349	118623264.000
10/29/2013	13.73	15.11	13.64	15.11	5671349	122802576.000
10/30/2013	15.84	16.10	15.17	15.91	9719618	231015840.000
10/31/2013	15.66	16.66	15.31	15.68	9712231	234370576.000
11/01/2013	15.03	15.52	14.23	15.19	5634445	125233736.000
11/04/2013	15.03	15.94	14.51	15.94	5732990	134512320.000
11/05/2013	15.44	16.71	15.44	16.53	8131647	198698224.000
11/06/2013	16.31	17.53	16.23	16.25	9632407	244517184.000
11/07/2013	16.07	16.51	15.47	15.63	5283249	126601896.000
11/08/2013	15.65	16.08	14.77	14.79	5005233	115436432.000
11/11/2013	14.88	15.82	14.45	15.65	6134132	139788976.000
11/12/2013	15.54	15.91	15.31	15.66	3285399	76895616.000
11/13/2013	15.31	15.95	14.97	15.24	2720912	63105712.000
11/14/2013	14.99	15.52	14.47	15.17	4680019	105188736.000
11/15/2013	15.28	16.07	15.17	15.69	5174609	121724936.000
11/18/2013	15.63	16.14	15.32	15.95	4989948	118612864.000
11/19/2013	16.04	16.17	15.59	15.97	6632161	158672224.000
11/20/2013	15.91	15.91	15.31	15.59	5992884	139830816.000
11/21/2013	15.36	15.59	14.78	15.26	5238292	118943176.000
11/22/2013	15.18	15.61	14.91	15.13	3196916	73108928.000
11/25/2013	15.11	15.29	14.98	15.02	2074651	47209592.000
11/26/2013	15.01	15.34	14.91	14.96	2950080	67107132.000
11/27/2013	14.99	16.46	14.99	16.46	10654601	258640624.000
11/28/2013	16.57	16.67	16.12	16.21	6134255	150837264.000
11/29/2013	16.05	17.04	15.94	16.77	9079074	224823616.000
12/02/2013	15.84	15.84	15.09	15.09	6932137	158518144.000
12/03/2013	13.77	15.09	13.72	14.71	6901068	148506960.000
12/04/2013	14.99	15.71	14.93	15.09	5116555	117683800.000
12/05/2013	14.97	15.44	14.31	14.80	4122636	91901848.000
12/06/2013	14.81	15.45	14.59	14.96	4550492	102566424.000
12/09/2013	14.97	15.48	14.97	15.40	4889107	112717544.000
12/10/2013	15.40	15.64	15.07	15.11	2392263	55025348.000
12/11/2013	14.97	15.23	14.91	14.97	2210599	50080152.000
12/12/2013	15.52	16.21	15.31	15.66	4823429	114519520.000
12/13/2013	15.31	15.96	15.17	15.82	3224850	76114184.000
12/16/2013	15.82	15.96	15.33	15.47	2343899	54689436.000
12/17/2013	15.65	15.83	15.23	15.73	2553330	59778664.000
12/18/2013	15.79	16.31	15.67	15.79	3424376	82442496.000
12/19/2013	15.79	15.96	15.21	15.33	2584484	60399560.000
12/20/2013	15.38	15.62	14.82	14.87	1786915	40587724.000
12/23/2013	14.77	15.11	14.23	14.62	3282448	71598288.000
12/24/2013	14.64	14.89	14.37	14.61	1158229	25530010.000
12/25/2013	14.77	14.84	14.39	14.83	3176990	69860480.000
12/26/2013	14.84	14.84	14.41	14.58	2531085	55382848.000
12/27/2013	14.51	14.82	14.38	14.74	2402622	52842812.000
12/30/2013	14.74	15.01	14.71	15.00	1842593	41135364.000
12/31/2013	14.99	15.76	14.84	15.61	4047641	93999288.000
01/02/2014	15.61	16.04	15.43	15.97	2804811	66881416.000
01/03/2014	15.77	16.20	15.63	15.91	3202579	76325120.000
01/06/2014	15.84	16.04	15.31	15.41	2113474	49956484.000
01/07/2014	15.46	16.51	15.31	16.33	4563760	110781000.000
01/08/2014	16.31	17.51	15.99	17.01	9110819	232642224.000
01/09/2014	16.93	17.97	16.57	17.10	6872526	178984528.000
01/10/2014	16.91	17.23	16.21	16.41	2642122	66002144.000
01/13/2014	16.20	16.64	16.19	16.31	1941370	48151532.000
01/14/2014	16.31	17.94	16.04	17.94	5366278	137735936.000
01/15/2014	17.97	18.47	17.58	18.41	6481724	176842384.000
01/16/2014	18.40	19.37	18.32	18.63	5524696	156201328.000
01/17/2014	18.63	18.96	18.31	18.77	2725405	76216224.000
01/20/2014	18.39	18.74	17.67	18.11	3152210	85536120.000
01/21/2014	17.87	18.94	17.87	18.49	3092763	85818256.000
01/22/2014	18.49	19.32	18.25	18.45	3036640	85504072.000
01/23/2014	18.48	18.69	17.95	18.24	4831140	132675520.000
01/24/2014	18.17	19.18	17.99	18.51	3855598	108556856.000
01/27/2014	18.47	19.10	17.98	18.54	4141136	115586400.000
01/28/2014	18.54	19.47	18.54	19.23	4941139	141448160.000
01/29/2014	19.25	20.43	19.25	20.22	5945748	177847952.000
01/30/2014	19.96	20.83	19.84	20.50	3381892	102880584.000
02/07/2014	20.51	20.90	19.89	20.61	2345765	71489504.000
02/10/2014	20.57	20.76	19.90	20.24	2286113	69712680.000
02/11/2014	20.20	20.84	19.31	19.88	3272755	98661712.000
02/12/2014	19.77	20.19	19.11	19.38	3818194	111351216.000
02/13/2014	19.31	19.38	18.10	18.10	4621648	130078984.000
02/14/2014	17.97	19.24	17.85	19.15	4431361	124745128.000
02/17/2014	19.15	19.27	18.39	19.01	5840022	164347280.000
02/18/2014	18.77	19.11	18.50	18.61	3273671	92124240.000
02/19/2014	18.63	19.43	18.44	19.11	3966859	113342888.000
02/20/2014	19.11	20.13	17.64	17.95	9310399	262997008.000
02/21/2014	17.71	18.37	17.19	17.89	3050761	82106600.000
02/24/2014	17.89	18.22	17.31	18.08	3464154	92042688.000
02/25/2014	18.05	18.29	16.63	16.77	3644609	95650224.000
02/26/2014	16.31	17.42	15.55	17.24	2845555	71291152.000
02/27/2014	17.23	17.65	15.84	15.85	3491461	87914512.000
02/28/2014	15.64	16.52	15.19	16.31	3692716	87452856.000
03/03/2014	16.31	17.15	15.94	16.97	2760341	69670696.000
03/04/2014	16.69	18.31	16.65	17.76	4501607	119496544.000
03/05/2014	17.75	18.34	17.44	18.13	4265560	115332880.000
03/06/2014	17.95	18.11	17.49	17.57	3421172	90879384.000
03/07/2014	17.57	17.97	17.37	17.64	3135352	83551120.000
03/10/2014	17.44	17.60	16.36	16.85	3052798	77621960.000
03/11/2014	16.64	17.07	16.17	16.18	1855804	46141968.000
03/12/2014	16.14	16.84	15.77	16.31	1325668	32537052.000
03/13/2014	16.18	17.01	16.18	16.65	2201240	55476380.000
03/14/2014	16.68	17.00	16.38	16.97	1620575	40951584.000
03/17/2014	16.97	17.17	16.64	16.98	2431901	61635092.000
03/18/2014	16.96	17.51	16.84	17.27	3445032	88872592.000
03/19/2014	17.17	17.24	16.51	16.67	1908350	48161716.000
03/20/2014	16.54	16.81	15.23	15.51	4668348	110396352.000
03/21/2014	15.31	15.78	14.77	15.37	2636593	60249660.000
03/24/2014	15.31	15.51	14.31	14.53	4768716	105308960.000
03/25/2014	14.63	14.85	14.37	14.64	2769500	61090056.000
03/26/2014	14.64	15.44	14.64	15.39	4644338	106308256.000
03/27/2014	15.36	15.66	15.12	15.16	3436618	79489080.000
03/28/2014	15.16	15.29	13.64	13.95	4642647	99017792.000
03/31/2014	14.04	14.31	13.46	13.63	3859040	79681104.000
04/01/2014	13.76	14.14	13.46	14.04	1193975	25128928.000
04/02/2014	14.11	14.29	13.14	13.29	3013440	61173772.000
04/03/2014	13.31	13.31	12.17	12.43	12418345	233582496.000
04/04/2014	12.34	12.59	12.26	12.59	5612927	105140568.000
04/08/2014	12.53	12.94	12.37	12.69	6228596	118588888.000
04/09/2014	12.70	13.19	12.70	13.16	4948008	96581936.000
04/24/2014	13.77	14.48	13.24	14.31	9611210	202814240.000
04/25/2014	14.11	14.36	13.51	13.78	3994359	83012120.000
04/28/2014	13.70	13.70	12.77	13.13	4265663	84287288.000
04/29/2014	13.11	13.52	12.71	12.75	3976838	78117288.000
04/30/2014	12.83	12.94	12.36	12.43	3496775	65772252.000
05/05/2014	12.47	13.09	12.20	13.07	3160350	60200756.000
05/06/2014	13.10	13.71	13.07	13.37	3668227	74417328.000
05/07/2014	13.27	13.73	12.99	13.21	2254406	45101624.000
05/08/2014	13.09	13.53	13.09	13.18	1539688	30931820.000
05/09/2014	13.11	13.43	12.91	12.94	1833954	36114656.000
05/12/2014	13.03	13.77	13.03	13.62	2444591	49477428.000
05/13/2014	13.57	14.19	13.43	13.59	4124730	86433488.000
05/14/2014	13.51	13.85	13.34	13.56	1157705	23616714.000
05/15/2014	13.57	13.81	13.41	13.55	1452199	29541638.000
05/16/2014	13.49	13.63	12.31	13.34	3056819	60270436.000
05/19/2014	13.17	13.37	12.99	13.35	1761633	34985940.000
05/20/2014	13.43	14.15	13.31	13.53	2103933	43211408.000
05/21/2014	13.52	13.67	13.37	13.51	1420417	28794122.000
05/22/2014	13.44	13.94	13.41	13.61	3840334	79159880.000
05/23/2014	13.53	13.87	13.53	13.69	2272129	46807628.000
05/26/2014	13.71	14.03	13.67	13.73	2751261	56991736.000
05/27/2014	13.83	13.83	12.91	13.05	6428605	126970216.000
05/28/2014	13.01	13.21	12.87	13.07	4209488	82548336.000
05/29/2014	13.13	13.37	13.07	13.07	3960817	78758376.000
05/30/2014	12.97	13.30	12.91	13.15	2337481	46255120.000
06/03/2014	13.44	13.75	13.17	13.67	6025024	121536368.000
06/04/2014	13.74	13.85	13.35	13.44	5940205	120766984.000
06/05/2014	13.52	13.52	13.10	13.44	6652110	132925336.000
06/06/2014	13.43	13.87	13.37	13.76	5509251	113343384.000
06/09/2014	13.69	13.69	13.04	13.13	4284861	85807672.000
06/10/2014	13.13	13.28	13.00	13.22	2925131	57804680.000
06/11/2014	13.22	13.41	13.15	13.21	2424287	48305552.000
06/12/2014	13.21	13.36	13.01	13.29	3097026	61160032.000
06/13/2014	13.30	13.61	13.22	13.61	3768673	76243696.000
06/16/2014	13.97	14.30	13.71	13.72	6237436	130608200.000
06/17/2014	13.63	13.69	13.16	13.22	4498549	90360088.000
06/18/2014	13.25	13.41	13.08	13.25	2244875	44670904.000
06/19/2014	13.24	13.29	11.93	12.07	8818295	109289448.000
06/20/2014	12.01	12.11	11.52	12.04	8635133	102109600.000
06/23/2014	12.01	12.65	12.01	12.41	5195727	64257428.000
06/24/2014	12.42	12.55	12.22	12.50	5128772	63575804.000
06/25/2014	12.44	13.12	12.40	13.01	6606383	84026256.000
06/26/2014	13.00	13.50	12.91	13.21	6338543	84220280.000
06/27/2014	13.11	13.36	13.00	13.16	3983011	52534272.000
06/30/2014	13.10	13.19	12.70	12.94	4903822	63388044.000
07/01/2014	13.00	13.45	12.85	13.30	5808601	76732064.000
07/02/2014	13.28	13.84	13.12	13.42	6758902	91627520.000
07/03/2014	13.58	13.88	13.40	13.68	7555810	103133504.000
07/04/2014	13.89	15.04	13.55	14.72	10831339	155877488.000
07/07/2014	14.50	14.99	14.11	14.73	5972782	86616112.000
07/08/2014	14.56	15.09	14.55	14.98	7591278	113216512.000
07/09/2014	14.90	15.88	14.80	14.80	8178295	125577856.000
10/16/2014	16.28	16.28	16.28	16.28	311604	5072913.000
10/17/2014	17.91	17.91	14.73	15.73	37107467	588463744.000
10/20/2014	15.50	15.50	14.76	14.85	24485795	365931232.000
10/21/2014	14.85	14.87	13.93	14.03	24786700	353629664.000
10/22/2014	13.90	14.40	13.90	14.07	17971761	254098480.000
10/23/2014	14.05	14.06	13.13	13.33	21141317	284383648.000
10/24/2014	13.44	13.50	13.25	13.49	11645892	155459664.000
10/27/2014	13.50	13.50	12.54	12.72	24894927	321124768.000
10/28/2014	12.76	13.14	12.68	13.07	17578366	227544496.000
10/29/2014	13.09	13.25	12.86	13.25	18067270	236015232.000
10/30/2014	13.25	13.42	13.03	13.10	15362453	203035696.000
10/31/2014	13.10	13.14	12.52	12.85	22000770	280421824.000
数据来源:通达信
