300212 易华录 日线
      日期	    开盘	    最高	    最低	    收盘	    成交量	    成交额
05/05/2011	5.73	5.91	5.56	5.66	3791838	105874832.000
05/06/2011	5.52	5.66	5.47	5.54	1558103	42321492.000
05/09/2011	5.54	5.68	5.54	5.67	871022	23923592.000
05/10/2011	5.66	5.66	5.57	5.63	526994	14465639.000
05/11/2011	5.62	5.65	5.58	5.60	437785	12012704.000
05/12/2011	5.58	5.76	5.58	5.60	1049959	29173978.000
05/13/2011	5.60	5.73	5.58	5.71	869697	24014316.000
05/16/2011	5.70	5.97	5.68	5.81	1274118	36463844.000
05/17/2011	5.81	5.97	5.73	5.82	932104	26590938.000
05/18/2011	5.76	5.81	5.62	5.66	796223	22161292.000
05/19/2011	5.66	5.69	5.58	5.60	514784	14168069.000
05/20/2011	5.58	5.62	5.56	5.58	285680	7801588.500
05/23/2011	5.55	5.62	5.42	5.42	519668	14004027.000
05/24/2011	5.35	5.63	5.29	5.56	634408	16975790.000
05/25/2011	5.50	5.55	5.34	5.34	431100	11407703.000
05/26/2011	5.37	5.45	5.29	5.31	187719	4910140.000
05/27/2011	5.30	5.39	5.22	5.26	203946	5306464.000
05/30/2011	5.25	5.33	5.18	5.25	256509	6600787.000
05/31/2011	5.27	5.33	5.21	5.31	191242	4943990.000
06/01/2011	5.31	5.39	5.28	5.37	209971	5490404.500
06/02/2011	5.31	5.39	5.25	5.37	315924	8223887.500
06/03/2011	5.35	5.41	5.35	5.38	167900	4429181.500
06/07/2011	5.37	5.43	5.37	5.43	148180	3923703.250
06/08/2011	5.38	5.43	5.31	5.39	202822	5319139.000
06/09/2011	5.39	5.41	5.29	5.30	146189	3831763.000
06/10/2011	5.31	5.37	5.26	5.34	163311	4238771.500
06/13/2011	5.31	5.38	5.19	5.37	104680	2727708.000
06/14/2011	5.37	5.41	5.33	5.41	131789	3472653.750
06/15/2011	5.39	5.41	5.29	5.31	135589	3547220.000
06/16/2011	5.31	5.34	5.22	5.22	145980	3763486.500
06/17/2011	5.23	5.23	5.19	5.22	97584	2489132.750
06/20/2011	5.23	5.23	5.10	5.13	113115	2852350.500
06/21/2011	5.18	5.18	5.10	5.15	88127	2215148.750
06/22/2011	5.17	5.17	5.06	5.10	97824	2445780.250
06/23/2011	5.07	5.30	5.07	5.25	214142	5468534.000
06/24/2011	5.23	5.35	5.23	5.32	174284	4518573.500
06/27/2011	5.27	5.45	5.24	5.42	266002	7037079.000
06/28/2011	5.39	5.43	5.34	5.38	107205	2823713.250
06/29/2011	5.35	5.48	5.35	5.39	231200	6119205.000
06/30/2011	5.37	5.48	5.35	5.46	165102	4408293.000
07/01/2011	5.48	5.51	5.41	5.45	168308	4509190.500
07/04/2011	5.47	5.67	5.47	5.66	532608	14629584.000
07/06/2011	5.83	5.83	5.73	5.78	1016258	28721570.000
07/07/2011	5.81	6.09	5.76	5.98	990436	28769524.000
07/08/2011	5.98	6.02	5.83	5.88	748578	21632758.000
07/11/2011	5.90	6.06	5.89	6.04	768467	22538300.000
07/12/2011	5.94	6.09	5.94	5.98	747470	22000806.000
07/13/2011	6.04	6.16	5.97	6.16	1227426	36397168.000
07/14/2011	6.21	6.24	6.10	6.14	625223	18791178.000
07/15/2011	6.14	6.24	6.10	6.12	1119899	33652780.000
07/18/2011	6.15	6.22	6.06	6.06	604042	18106208.000
07/19/2011	6.02	6.05	5.86	5.98	633607	18393622.000
07/20/2011	5.98	6.21	5.98	6.21	910874	27143972.000
07/21/2011	6.17	6.46	6.17	6.31	2015801	62424432.000
07/22/2011	6.24	6.41	6.24	6.32	926607	28589574.000
07/25/2011	6.24	6.38	6.06	6.19	823687	25095906.000
07/26/2011	6.14	6.41	6.14	6.37	790119	24313150.000
07/27/2011	6.45	7.02	6.43	6.80	2668793	88924368.000
07/28/2011	6.66	6.98	6.58	6.88	1567927	52049612.000
07/29/2011	6.78	7.06	6.74	6.99	1336588	45213164.000
08/01/2011	6.85	7.00	6.74	6.91	1025415	34258984.000
08/02/2011	6.91	6.95	6.67	6.95	750756	24938298.000
08/03/2011	6.83	6.97	6.75	6.77	623928	20867484.000
08/04/2011	6.75	6.90	6.71	6.86	511177	16956288.000
08/05/2011	6.73	7.28	6.68	7.13	2365956	81235520.000
08/08/2011	6.95	7.49	6.94	7.25	1922747	68272112.000
08/09/2011	7.06	7.19	6.57	7.07	1538211	52213808.000
08/10/2011	7.12	7.44	7.12	7.37	1593316	56646028.000
08/11/2011	7.16	7.39	7.06	7.18	1578016	55357736.000
08/12/2011	7.24	7.52	7.22	7.42	1450264	52124532.000
08/15/2011	7.49	8.16	7.37	8.06	1846385	70630344.000
08/16/2011	7.98	8.62	7.91	8.24	2306676	92487752.000
08/17/2011	8.18	8.46	8.12	8.26	1262541	50625816.000
08/18/2011	8.21	8.28	8.01	8.23	997219	39501912.000
08/19/2011	8.04	9.04	8.02	8.96	1323057	54419888.000
08/22/2011	9.13	9.44	8.78	9.02	2086668	91833584.000
08/23/2011	8.94	9.06	8.68	8.98	1969396	84444824.000
08/24/2011	8.85	9.23	8.82	9.05	1589301	69544592.000
08/25/2011	9.00	9.00	8.34	8.58	2534119	105666040.000
08/26/2011	8.43	8.68	8.35	8.49	1000797	41403748.000
08/29/2011	8.50	8.75	8.39	8.62	1320171	55206932.000
08/30/2011	8.61	8.61	8.20	8.23	1566303	63412808.000
08/31/2011	8.21	8.41	8.12	8.32	1262658	50751336.000
09/01/2011	8.33	8.41	8.15	8.21	978160	39154220.000
09/02/2011	8.20	8.20	7.94	8.05	865567	33948052.000
09/05/2011	7.92	8.02	7.79	7.97	770776	29526574.000
09/06/2011	7.82	7.99	7.64	7.69	733478	27755098.000
09/07/2011	7.85	7.90	7.69	7.89	689568	26197336.000
09/08/2011	7.85	8.13	7.81	7.89	1167169	45378264.000
09/09/2011	7.86	7.96	7.53	7.54	879989	32853600.000
09/13/2011	7.32	7.66	7.19	7.62	413667	15103221.000
09/14/2011	7.60	7.73	7.51	7.72	269742	9991671.000
09/15/2011	7.79	7.82	7.68	7.78	333259	12611271.000
09/16/2011	7.77	7.79	7.56	7.58	214500	8014353.000
09/19/2011	7.58	7.63	7.29	7.29	352264	12674899.000
09/20/2011	7.28	7.39	7.16	7.30	363816	12869407.000
09/21/2011	7.28	7.59	7.26	7.55	346138	12594056.000
09/22/2011	7.49	7.54	7.19	7.19	396830	14169495.000
09/23/2011	7.09	7.19	7.04	7.12	316703	10945134.000
09/26/2011	7.16	7.26	7.13	7.16	277654	9748900.000
09/27/2011	7.25	7.28	6.92	7.04	262565	9059989.000
09/28/2011	7.04	7.18	6.97	7.18	218657	7521882.500
09/29/2011	7.15	7.15	6.98	7.03	122529	4200285.500
09/30/2011	7.05	7.37	6.98	7.37	156797	5487471.000
10/10/2011	7.46	7.46	7.19	7.33	181439	6495621.500
10/11/2011	7.41	7.71	7.24	7.32	377109	13556060.000
10/12/2011	7.22	7.68	7.22	7.58	792764	28905932.000
10/13/2011	7.58	8.08	7.55	7.95	859163	32695242.000
10/14/2011	7.87	7.99	7.71	7.96	420896	16118317.000
10/17/2011	8.02	8.10	7.85	7.99	561893	21764156.000
10/18/2011	7.92	7.93	7.60	7.63	485636	18264294.000
10/19/2011	7.69	7.76	7.35	7.39	618300	22562554.000
10/20/2011	7.35	7.68	7.17	7.64	635730	23086870.000
10/21/2011	7.48	7.64	7.26	7.26	238318	8554652.000
10/24/2011	7.26	7.54	6.98	7.48	283576	10085225.000
10/25/2011	7.48	7.79	7.47	7.71	313075	11663436.000
10/26/2011	7.71	7.87	7.62	7.63	389691	14709303.000
10/27/2011	7.64	7.83	7.56	7.62	215757	8077385.000
10/28/2011	7.67	7.86	7.62	7.84	350290	13236456.000
10/31/2011	7.95	7.95	7.74	7.88	302500	11532876.000
11/01/2011	7.81	8.22	7.75	8.17	720138	28270592.000
11/02/2011	8.03	8.47	7.96	8.45	647093	26022610.000
11/03/2011	8.48	8.72	8.21	8.23	838244	34577400.000
11/04/2011	8.23	8.37	8.15	8.25	399220	15979530.000
11/07/2011	8.23	8.37	8.11	8.13	189640	7533851.500
11/08/2011	8.05	8.24	7.82	7.83	288637	11246155.000
11/10/2011	7.96	8.09	7.81	7.85	920940	35670976.000
11/11/2011	7.83	7.91	7.72	7.83	237688	9038339.000
11/14/2011	7.87	8.23	7.87	8.18	435786	17194098.000
11/15/2011	8.18	8.45	8.15	8.44	489335	19949158.000
11/16/2011	8.44	8.45	7.95	8.03	365186	14555155.000
11/17/2011	8.02	8.46	8.02	8.22	608319	24306994.000
11/18/2011	8.22	8.23	7.79	7.94	565813	21855692.000
11/21/2011	7.93	7.93	7.65	7.73	247846	9308181.000
11/22/2011	7.60	7.69	7.45	7.68	352924	12979680.000
11/23/2011	7.66	7.95	7.61	7.76	460112	17430570.000
11/24/2011	7.62	7.89	7.61	7.83	148357	5637275.500
11/25/2011	7.81	7.88	7.60	7.60	212203	7951219.500
11/28/2011	7.63	7.72	7.54	7.60	143876	5325262.000
11/29/2011	7.67	7.70	7.56	7.69	146954	5473620.000
11/30/2011	7.69	7.75	7.14	7.34	296598	10790373.000
12/01/2011	7.58	7.68	7.29	7.38	295046	10772058.000
12/02/2011	7.29	7.46	7.15	7.16	202701	7130758.000
12/05/2011	7.03	7.35	7.03	7.18	199723	7010596.000
12/06/2011	7.08	7.34	7.08	7.33	113647	3992824.750
12/07/2011	7.24	7.39	7.24	7.30	93149	3323368.750
12/08/2011	7.30	7.43	7.21	7.35	130390	4659040.500
12/09/2011	7.29	7.46	7.20	7.30	128315	4606859.000
12/12/2011	7.43	7.43	7.20	7.21	125637	4456117.000
12/13/2011	7.10	7.25	7.04	7.13	153327	5325884.500
12/14/2011	7.08	7.24	6.92	7.04	180299	6249210.500
12/15/2011	6.96	7.10	6.79	6.79	221508	7506728.500
12/16/2011	6.92	6.93	6.53	6.69	393214	12891408.000
12/19/2011	6.69	6.70	6.16	6.49	322358	10103422.000
12/20/2011	6.38	6.60	6.38	6.46	171690	5454110.000
12/21/2011	6.56	6.56	6.24	6.24	128700	4047731.500
12/22/2011	6.14	6.18	5.75	6.04	275638	8022607.500
12/23/2011	5.99	6.31	5.95	6.25	231893	6990919.000
12/26/2011	6.12	6.38	6.12	6.34	118008	3637153.000
12/27/2011	6.39	6.41	5.97	6.04	71780	2157852.000
12/28/2011	6.00	6.03	5.74	6.02	152732	4379004.500
12/29/2011	5.93	6.00	5.88	5.96	77779	2253604.750
12/30/2011	5.96	6.06	5.91	6.04	116929	3440984.250
01/04/2012	6.10	6.33	5.90	5.90	113950	3404284.000
01/05/2012	5.77	5.89	5.30	5.52	456525	12245991.000
01/06/2012	5.43	5.55	5.17	5.40	363999	9449994.000
01/09/2012	5.40	5.70	5.22	5.63	340934	9182858.000
01/10/2012	5.62	6.13	5.52	5.85	457069	13093587.000
01/11/2012	5.81	6.18	5.81	6.03	439402	12933298.000
01/12/2012	5.94	6.11	5.92	5.99	136870	4003739.500
01/13/2012	5.94	5.94	5.42	5.54	436317	11910906.000
01/16/2012	5.44	5.57	5.27	5.27	396030	10481130.000
01/17/2012	5.34	5.56	5.20	5.50	286005	7581415.000
01/18/2012	5.56	5.61	5.08	5.21	391301	10326855.000
01/19/2012	5.10	5.44	4.89	5.41	546095	13955668.000
01/20/2012	5.34	5.48	5.32	5.43	221723	5861458.000
01/30/2012	5.62	5.98	5.62	5.98	916886	26392840.000
01/31/2012	5.98	5.98	5.77	5.87	612444	17516086.000
02/01/2012	5.86	6.33	5.84	6.06	1157564	34613808.000
02/02/2012	6.01	6.15	5.98	6.14	647543	19251808.000
02/03/2012	6.14	6.22	6.04	6.19	645807	19301144.000
02/06/2012	6.20	6.21	6.07	6.11	377055	11294561.000
02/07/2012	6.11	6.11	5.79	5.95	594650	17196528.000
02/08/2012	5.95	6.09	5.88	6.09	715973	20969176.000
02/09/2012	6.04	6.35	6.02	6.21	802886	24539874.000
02/10/2012	6.21	6.29	6.09	6.18	585585	17609256.000
02/13/2012	6.12	6.47	6.05	6.46	893213	27794172.000
02/14/2012	6.46	6.60	6.34	6.55	576639	18156980.000
02/15/2012	6.53	6.63	6.39	6.56	422049	13462722.000
02/16/2012	6.50	6.59	6.40	6.58	473879	15046109.000
02/17/2012	6.58	6.64	6.48	6.58	368314	11800610.000
02/20/2012	6.61	6.81	6.60	6.77	548140	17979180.000
02/21/2012	6.81	6.90	6.63	6.82	476355	15643128.000
02/22/2012	6.80	7.14	6.75	7.07	658823	22681376.000
02/23/2012	7.37	7.47	7.10	7.10	1472350	52048108.000
02/24/2012	6.99	7.24	6.99	7.21	1017090	35373476.000
02/27/2012	7.21	7.66	7.06	7.51	1691149	60840336.000
02/28/2012	7.39	7.49	7.32	7.44	804031	29020046.000
02/29/2012	7.31	7.49	7.31	7.38	494999	17825404.000
03/01/2012	7.37	7.45	7.27	7.32	452560	16153437.000
03/02/2012	7.33	7.43	7.33	7.41	300224	10800319.000
03/05/2012	7.45	7.64	7.35	7.51	1008583	36720184.000
03/06/2012	7.48	7.54	7.33	7.43	582857	21041246.000
03/07/2012	7.34	7.48	7.34	7.37	644273	23179312.000
03/08/2012	7.38	7.60	7.38	7.58	635854	23306250.000
03/09/2012	7.60	7.73	7.57	7.72	659340	24518738.000
03/12/2012	7.73	7.79	7.56	7.62	450399	16751720.000
03/13/2012	7.66	7.66	7.35	7.54	750036	27249362.000
03/14/2012	7.57	7.69	6.99	7.31	901862	32704592.000
03/15/2012	7.23	7.23	6.79	7.04	1456360	50056936.000
03/16/2012	7.04	7.19	7.01	7.18	804758	27830802.000
03/19/2012	7.17	7.17	7.03	7.14	463738	16019765.000
03/20/2012	7.12	7.13	6.71	6.82	452205	15272635.000
03/21/2012	6.83	6.98	6.60	6.84	487317	16118573.000
03/22/2012	6.85	7.05	6.80	6.97	340100	11538194.000
03/23/2012	6.91	6.95	6.71	6.77	301434	10025031.000
03/26/2012	6.77	6.79	6.64	6.78	91656	3007306.750
03/27/2012	6.85	6.97	6.78	6.85	234735	7853533.500
03/28/2012	6.79	6.87	6.43	6.49	338056	10874518.000
03/29/2012	6.40	6.85	6.35	6.55	263959	8455650.000
03/30/2012	6.75	7.10	6.74	6.99	957402	32309982.000
04/05/2012	6.95	7.17	6.82	7.13	442569	15218446.000
04/06/2012	7.14	7.21	7.04	7.05	309534	10733125.000
04/09/2012	7.06	7.12	6.99	6.99	325712	11217040.000
04/10/2012	6.98	7.05	6.64	6.98	291016	9707510.000
04/11/2012	6.90	7.04	6.84	6.94	160962	5462897.500
04/12/2012	7.04	7.04	6.84	7.03	217308	7362245.000
04/13/2012	7.07	7.07	6.99	7.06	226620	7775686.500
04/16/2012	7.05	7.17	6.99	7.10	159556	5512961.000
04/17/2012	6.98	7.10	6.97	6.97	272520	9322833.000
04/18/2012	6.97	7.14	6.97	7.14	382676	13192994.000
04/19/2012	7.14	7.34	7.14	7.27	314866	11154703.000
04/20/2012	7.23	7.33	7.16	7.30	187701	6645478.000
04/24/2012	6.83	7.06	6.62	6.90	385396	12867130.000
04/25/2012	6.82	6.89	6.73	6.87	152775	5078639.500
04/26/2012	6.87	6.87	6.60	6.74	262669	8584315.000
04/27/2012	6.69	6.70	6.56	6.69	137018	4423675.000
05/02/2012	6.62	6.85	6.62	6.85	229427	7561981.500
05/03/2012	6.85	7.05	6.75	7.04	279334	9394908.000
05/04/2012	7.05	7.14	6.99	7.14	325827	11261158.000
05/07/2012	7.24	7.56	7.14	7.50	568576	20442884.000
05/08/2012	7.45	7.55	7.31	7.39	399210	14367061.000
05/09/2012	7.35	7.39	7.16	7.39	302487	10775537.000
05/10/2012	7.58	7.70	7.40	7.50	430511	15870394.000
05/11/2012	7.35	7.49	7.24	7.25	267349	9525787.000
05/14/2012	7.27	7.29	7.15	7.26	169065	5948244.500
05/15/2012	7.24	7.34	7.15	7.33	144330	5090146.500
05/16/2012	7.33	7.37	7.16	7.17	175781	6184860.500
05/17/2012	7.09	7.15	6.90	7.07	282139	4811193.500
05/18/2012	6.98	7.09	6.78	6.92	312259	5245143.000
05/21/2012	6.84	6.96	6.75	6.80	268884	4471233.500
05/22/2012	6.91	6.92	6.80	6.88	239321	3999041.000
05/23/2012	6.92	7.02	6.79	6.87	305157	5125049.500
05/24/2012	6.80	7.00	6.75	6.99	375137	6274007.500
05/25/2012	7.03	7.13	6.91	7.05	459638	7858719.000
05/28/2012	6.94	7.11	6.87	7.09	165594	2824218.500
05/29/2012	7.12	7.74	7.12	7.36	1023687	18514398.000
05/30/2012	7.45	7.53	7.33	7.39	754393	13661914.000
05/31/2012	7.39	7.50	7.25	7.42	751374	13545084.000
06/01/2012	7.44	7.73	7.33	7.61	1604167	29622196.000
06/04/2012	7.56	7.66	7.41	7.44	1020662	18621410.000
06/05/2012	7.35	7.48	7.30	7.31	635920	11459997.000
06/06/2012	7.32	7.44	7.15	7.17	354057	6297528.500
06/07/2012	7.19	7.59	7.19	7.57	790857	14165184.000
06/08/2012	7.54	7.90	7.54	7.81	1378534	25955134.000
07/24/2012	8.60	8.60	8.60	8.60	71703	1497158.625
07/25/2012	9.47	9.47	9.47	9.47	118621	2724724.250
07/26/2012	10.43	10.43	10.43	10.43	812135	20522652.000
07/27/2012	11.48	11.48	10.44	10.56	8582148	226245568.000
07/30/2012	10.53	10.69	10.00	10.33	4499012	111918392.000
07/31/2012	10.23	10.44	10.05	10.32	3351438	83426824.000
08/01/2012	10.24	10.86	10.15	10.44	4248198	108188936.000
08/02/2012	10.32	10.86	10.24	10.83	4150337	106528264.000
08/03/2012	10.86	10.97	10.53	10.96	3502758	91356416.000
08/06/2012	10.85	12.07	10.69	11.50	6955387	193881184.000
08/07/2012	11.34	11.69	11.20	11.49	4059668	112103408.000
08/08/2012	11.48	11.69	10.69	10.81	4590174	122137152.000
08/09/2012	10.59	11.06	10.36	10.90	3224673	83872888.000
08/10/2012	10.68	11.10	10.62	10.71	2211167	57908848.000
08/13/2012	10.69	10.85	10.43	10.73	1997064	51737632.000
08/14/2012	10.86	11.20	10.15	10.57	3034502	79134736.000
08/15/2012	10.36	10.88	10.21	10.65	2756792	70949728.000
08/16/2012	10.57	10.85	10.23	10.23	1837600	46482104.000
08/17/2012	10.07	10.23	9.43	9.90	2332782	55415536.000
08/20/2012	9.85	10.39	9.68	10.36	2072618	51093788.000
08/21/2012	10.34	11.00	10.34	10.90	2837925	73591488.000
08/22/2012	10.90	11.14	10.73	11.13	2699961	71720232.000
08/23/2012	11.15	12.05	11.13	11.65	4033627	113593472.000
08/24/2012	11.48	11.88	11.18	11.73	2387093	66695400.000
08/27/2012	11.61	11.73	10.98	11.08	2285989	63012888.000
08/28/2012	11.10	11.56	10.98	11.32	1291701	35368884.000
08/29/2012	11.20	11.44	11.11	11.40	1223890	33441554.000
08/30/2012	11.32	11.55	10.34	10.81	1782923	47275956.000
08/31/2012	10.80	11.17	10.69	10.88	964009	25474010.000
09/03/2012	10.86	11.15	10.64	11.03	1202959	31805664.000
09/04/2012	11.06	12.12	11.03	11.98	5588035	157798064.000
09/05/2012	11.71	11.94	11.57	11.90	3215461	91721280.000
09/06/2012	11.89	12.24	11.45	11.58	3780729	107694960.000
09/07/2012	11.53	11.82	11.36	11.69	3734261	104772656.000
09/10/2012	11.65	11.90	11.48	11.75	2547674	72163888.000
09/11/2012	11.70	12.22	11.57	12.18	3887154	113018384.000
09/12/2012	12.13	12.32	11.78	12.02	2873611	83116176.000
09/13/2012	12.02	12.73	11.78	12.40	4114146	123097632.000
09/14/2012	12.42	13.23	12.32	13.09	3784720	117094880.000
09/17/2012	13.06	13.65	12.90	13.10	2567438	81820152.000
09/18/2012	12.94	13.15	12.32	12.46	2726647	83039072.000
09/19/2012	12.60	12.63	12.32	12.48	1046094	31557314.000
09/20/2012	12.43	12.71	12.01	12.03	1212956	36171676.000
09/21/2012	11.98	12.30	11.65	12.30	1332670	38367928.000
09/24/2012	12.06	12.61	11.98	12.11	1154557	34237828.000
09/25/2012	12.06	12.08	11.61	11.83	891810	25559930.000
09/26/2012	11.97	12.40	10.94	11.13	1645484	47003240.000
09/27/2012	11.07	11.63	10.95	11.37	1187988	32542448.000
09/28/2012	11.36	12.22	11.28	12.00	1116010	32046876.000
10/08/2012	11.99	12.60	11.99	12.30	1111593	33312600.000
10/09/2012	12.38	12.87	12.25	12.85	1646645	49936888.000
10/10/2012	12.82	13.32	12.73	13.27	2013024	63683356.000
10/11/2012	13.21	13.73	12.90	13.11	2584896	84271872.000
10/12/2012	13.11	13.28	12.63	12.87	967172	30123268.000
10/15/2012	12.46	12.94	12.40	12.94	1007263	30810430.000
10/16/2012	12.94	13.10	12.41	12.54	1168611	36249344.000
10/17/2012	12.45	12.79	12.45	12.69	587549	18004800.000
10/18/2012	12.69	13.82	12.61	13.68	1577798	51040272.000
10/19/2012	13.82	13.86	13.56	13.60	1310356	43397644.000
10/22/2012	13.65	13.73	13.41	13.57	606255	19861300.000
10/23/2012	13.48	14.01	13.13	13.20	911923	29673110.000
10/24/2012	13.03	13.11	12.68	12.74	1200035	37273512.000
10/25/2012	12.60	12.98	12.60	12.78	1112855	34427012.000
10/26/2012	12.81	12.82	12.28	12.55	874643	26399012.000
10/29/2012	12.44	13.00	12.40	12.96	635061	19707824.000
10/30/2012	12.99	13.49	12.89	13.13	1181500	37948580.000
10/31/2012	13.25	13.54	13.07	13.44	890075	28853218.000
11/01/2012	13.53	13.61	13.24	13.54	685041	22340746.000
11/02/2012	13.46	13.60	13.29	13.53	561605	18255548.000
11/05/2012	13.52	13.53	13.03	13.32	895869	28640116.000
11/06/2012	13.24	13.25	12.91	13.11	260720	8235267.000
11/07/2012	13.12	13.52	13.01	13.38	497853	16055248.000
11/08/2012	13.25	13.60	13.11	13.32	783408	25413856.000
11/09/2012	13.33	13.45	12.61	12.84	763135	24041844.000
11/12/2012	12.67	12.85	12.29	12.74	849720	25868758.000
11/13/2012	12.73	12.85	12.19	12.30	951617	28610970.000
11/14/2012	12.28	12.39	11.61	11.82	1222663	35217620.000
11/15/2012	11.82	12.04	11.57	11.74	702451	20180180.000
11/16/2012	11.73	12.23	11.61	12.18	554001	16068868.000
11/19/2012	12.05	12.30	11.87	11.99	286955	8371693.500
11/20/2012	11.98	12.03	11.61	11.63	464409	13258976.000
11/21/2012	11.65	11.73	11.07	11.64	768581	21190044.000
11/22/2012	11.64	11.65	11.36	11.38	259500	7184835.000
11/23/2012	11.42	11.42	10.80	11.29	431815	11794473.000
11/26/2012	11.29	11.37	10.73	10.74	1008123	26555524.000
11/27/2012	10.81	10.84	10.33	10.36	823074	21032144.000
11/28/2012	10.28	10.48	10.15	10.32	920118	22936672.000
11/29/2012	10.32	10.44	10.17	10.20	887249	22178884.000
11/30/2012	10.15	10.47	9.90	10.43	658966	16385733.000
12/03/2012	10.40	10.63	10.32	10.48	442287	11238709.000
12/04/2012	10.54	10.88	10.28	10.86	547193	13997882.000
12/05/2012	10.86	11.61	10.74	11.61	722596	19828442.000
12/06/2012	11.71	11.91	11.43	11.73	453144	12861098.000
12/07/2012	11.67	12.05	11.59	11.94	466710	13426021.000
12/10/2012	11.82	12.08	11.73	11.97	515731	14853403.000
12/11/2012	11.93	11.93	11.73	11.73	282100	8053017.000
12/12/2012	11.75	11.89	11.64	11.86	253449	7196431.500
12/13/2012	11.75	11.85	11.62	11.66	286481	8127429.000
12/14/2012	11.61	12.06	11.61	12.04	935783	26995474.000
12/17/2012	12.22	12.68	11.67	11.98	1080304	31722854.000
12/18/2012	11.90	11.90	11.21	11.27	993099	27740878.000
12/19/2012	11.16	11.36	10.82	11.15	2191571	59253440.000
12/20/2012	11.09	11.28	11.07	11.15	869226	23537816.000
12/21/2012	11.19	11.86	11.08	11.57	1200039	33441326.000
12/24/2012	11.56	11.81	11.45	11.58	659114	18577582.000
12/25/2012	11.57	12.11	11.57	11.82	1895847	54663880.000
12/26/2012	11.84	12.23	11.79	12.16	1430505	41775276.000
12/27/2012	12.23	12.48	11.86	11.87	1448653	42823552.000
12/28/2012	11.85	12.10	11.61	12.07	1754070	50038464.000
12/31/2012	12.11	12.64	12.11	12.58	1419919	42773228.000
01/04/2013	12.73	13.23	12.58	13.23	1918470	59817260.000
01/07/2013	13.37	14.18	13.11	14.17	3222464	108021816.000
01/08/2013	14.25	14.63	13.98	14.03	3825010	132405864.000
01/09/2013	13.79	15.07	13.78	14.93	2999845	105971280.000
01/10/2013	14.90	15.30	14.53	14.61	1741334	62612960.000
01/11/2013	14.49	14.83	14.28	14.40	1565565	55042348.000
01/14/2013	14.21	15.28	14.08	15.12	2188186	78949720.000
01/15/2013	15.12	16.31	14.92	16.00	1758461	67362440.000
01/16/2013	16.00	16.35	15.61	16.33	1455303	56335076.000
01/17/2013	16.32	16.41	15.78	15.98	698466	27110272.000
01/18/2013	15.98	16.98	15.82	16.80	1668429	67027920.000
01/21/2013	16.78	17.06	15.19	16.77	1764742	70368520.000
01/22/2013	16.36	16.65	15.75	15.94	1008951	39417784.000
01/23/2013	16.00	16.09	15.27	15.68	929010	34954672.000
01/24/2013	15.67	15.92	14.54	14.88	1745498	64776152.000
01/25/2013	14.88	15.82	14.73	15.69	942911	35235476.000
01/28/2013	15.69	16.48	15.55	16.03	721004	27985778.000
01/29/2013	16.05	16.96	15.97	16.19	867743	34519720.000
01/30/2013	16.52	16.52	16.00	16.23	740378	28952502.000
01/31/2013	16.07	16.07	15.24	15.85	1171583	44103916.000
02/01/2013	15.85	15.90	15.48	15.55	434399	16390424.000
02/04/2013	15.71	15.81	14.30	14.86	1609159	58787656.000
02/05/2013	14.61	15.90	14.49	15.90	1909846	70734400.000
02/06/2013	15.87	16.70	15.74	16.37	1834621	72359832.000
02/07/2013	16.16	17.03	15.97	17.03	1336565	53663764.000
02/08/2013	17.03	17.90	16.90	17.44	1181825	49322188.000
02/18/2013	17.38	17.73	17.01	17.41	662177	27879362.000
02/19/2013	17.32	17.38	16.62	16.98	1603148	65398432.000
02/20/2013	16.98	17.73	16.91	17.40	1187176	49789288.000
02/21/2013	17.40	17.44	16.69	16.74	859356	35373652.000
02/22/2013	16.71	17.60	16.57	17.40	1169801	48988660.000
02/25/2013	17.40	17.90	17.25	17.77	536035	22928136.000
02/26/2013	17.83	18.10	17.45	17.66	436846	18672022.000
02/27/2013	17.66	17.74	16.78	17.15	701092	29148350.000
02/28/2013	16.99	17.37	16.83	17.19	569730	23618014.000
03/01/2013	17.19	18.85	17.02	18.82	1485966	65068048.000
03/04/2013	18.79	18.98	18.23	18.65	757897	34126416.000
03/05/2013	18.60	19.57	18.30	19.29	929356	42321428.000
03/06/2013	19.20	19.34	18.69	19.02	1508805	69284312.000
03/07/2013	18.88	19.69	18.18	18.57	1079641	49220120.000
03/08/2013	18.62	18.84	17.65	17.99	1180002	51475900.000
03/11/2013	17.99	18.19	17.61	17.78	851310	36739208.000
03/12/2013	17.89	17.98	16.78	17.05	1096392	45767412.000
03/13/2013	16.94	17.02	16.23	16.50	1279754	51421860.000
03/14/2013	16.50	17.30	16.49	16.65	1179374	48002412.000
03/15/2013	17.05	17.82	17.03	17.25	1795169	75677336.000
03/18/2013	16.99	18.13	16.88	17.82	1270479	53901504.000
03/19/2013	17.74	17.94	17.03	17.61	715726	30286334.000
03/20/2013	17.40	17.98	17.40	17.82	1094062	46966272.000
03/21/2013	17.81	18.44	17.81	18.40	1136438	50054344.000
03/22/2013	18.40	18.86	18.24	18.78	727922	32850042.000
03/25/2013	18.86	18.95	18.09	18.73	731189	32593458.000
03/26/2013	18.61	18.74	18.09	18.66	727973	32223932.000
03/27/2013	18.66	19.20	18.58	18.75	527494	23964996.000
03/28/2013	17.61	18.48	17.32	18.26	1249693	54100004.000
03/29/2013	18.05	18.40	17.45	17.93	866392	37206824.000
04/01/2013	17.52	18.68	17.49	18.60	734551	32608744.000
04/02/2013	18.48	18.74	17.40	18.02	1271761	55209768.000
04/03/2013	17.88	17.98	17.19	17.69	915292	38523884.000
04/08/2013	17.39	18.31	17.20	18.17	717874	30933216.000
04/09/2013	18.23	18.86	18.05	18.44	761145	34120340.000
04/10/2013	18.23	18.65	17.82	18.23	838266	36699476.000
04/11/2013	18.42	18.60	17.83	17.87	356383	15573947.000
04/12/2013	17.92	18.15	17.63	17.85	264321	11465553.000
04/15/2013	17.85	17.95	17.36	17.48	717937	30242346.000
04/16/2013	17.44	17.44	16.78	16.97	893876	36541776.000
04/17/2013	16.98	17.86	16.85	17.85	836525	34957088.000
04/18/2013	17.61	18.35	17.61	18.02	905679	39561148.000
04/19/2013	18.06	18.57	18.03	18.39	591748	26259298.000
04/22/2013	18.65	20.24	18.44	20.24	2050543	95836224.000
04/23/2013	20.32	20.90	19.28	19.56	1913853	92063928.000
04/24/2013	19.90	20.80	19.48	20.25	1879758	91809600.000
04/25/2013	20.32	20.32	18.22	18.26	2026748	94389560.000
04/26/2013	17.84	18.47	17.62	18.41	1527567	66262900.000
05/02/2013	18.19	18.98	18.07	18.94	897377	40508108.000
05/03/2013	18.95	19.58	18.65	18.98	1106363	50927308.000
05/06/2013	19.13	19.53	18.88	19.53	1509209	70202768.000
05/07/2013	19.53	19.67	19.19	19.38	948659	44326748.000
05/08/2013	19.40	20.15	19.00	20.15	1361494	64184064.000
05/09/2013	20.15	20.73	19.65	20.67	1729400	84213528.000
05/10/2013	20.78	21.30	19.85	20.31	1429631	70660176.000
05/13/2013	19.95	20.39	19.70	20.12	825074	39793748.000
05/14/2013	20.23	20.27	19.48	19.63	796420	37985796.000
05/15/2013	19.68	20.57	19.33	20.42	2394813	58056068.000
05/16/2013	20.35	21.98	20.23	20.78	3738147	94486320.000
05/17/2013	20.75	21.58	20.17	21.30	2923313	74045120.000
05/20/2013	21.29	22.67	21.15	22.13	4079112	109008952.000
05/21/2013	22.23	24.33	21.71	23.82	3908686	107232528.000
05/22/2013	23.34	24.24	22.71	23.08	3514262	98357936.000
05/23/2013	22.63	23.83	22.48	23.71	3302211	93085096.000
05/24/2013	23.33	24.83	23.33	24.33	3032297	88448504.000
05/27/2013	24.57	25.08	23.92	24.50	3039502	89032952.000
05/28/2013	24.50	25.03	23.36	23.48	3810774	111272632.000
05/29/2013	23.48	23.83	22.67	23.33	3476293	96985120.000
05/30/2013	23.26	23.84	23.02	23.75	1972610	56000148.000
05/31/2013	23.96	24.81	23.90	24.42	2502385	73406312.000
06/03/2013	24.42	24.48	22.42	22.88	3366280	94913400.000
06/04/2013	23.06	23.06	20.92	21.50	2528043	67078448.000
06/05/2013	21.08	21.92	21.08	21.75	1091324	28425410.000
06/06/2013	21.75	21.75	20.92	21.11	971521	24951690.000
06/07/2013	21.00	22.39	20.98	22.09	1858652	48879400.000
06/13/2013	21.26	22.63	21.00	22.60	2260821	59821268.000
06/14/2013	22.59	23.58	22.43	23.18	2106186	58311152.000
06/17/2013	23.18	23.98	22.63	22.88	2595596	73342448.000
06/18/2013	22.71	23.17	22.18	22.80	1159045	31563580.000
06/19/2013	22.55	23.92	22.03	23.33	1465116	41017832.000
06/20/2013	23.25	24.20	22.63	23.73	2304975	65488212.000
06/21/2013	23.25	23.91	22.59	23.73	2175737	61282336.000
06/24/2013	23.90	23.91	22.14	23.03	3233936	89898648.000
06/25/2013	22.40	25.34	21.25	25.34	4143451	117190696.000
06/26/2013	25.34	27.88	25.01	27.17	8705231	283323456.000
06/27/2013	27.24	27.42	26.42	26.82	3099552	100426632.000
06/28/2013	26.83	26.92	24.58	24.92	4074439	125925368.000
07/01/2013	24.98	26.15	24.75	26.02	3385138	103772560.000
07/02/2013	25.67	26.08	24.88	25.19	7171002	218719616.000
07/03/2013	25.20	25.33	22.68	24.23	10619658	304121248.000
07/04/2013	23.75	24.28	22.42	23.60	8181653	230445120.000
07/05/2013	23.51	23.93	22.76	22.97	3728394	104645112.000
07/08/2013	22.40	23.95	21.42	23.50	5690188	157677872.000
07/09/2013	23.38	23.77	22.79	22.85	2793876	77555776.000
07/10/2013	23.21	23.33	22.68	23.15	2539219	70256192.000
07/11/2013	23.05	23.38	22.62	22.96	4816663	132899200.000
07/12/2013	22.97	23.83	22.74	23.23	5230762	147358752.000
07/15/2013	23.25	24.92	23.13	24.92	8061985	235028176.000
07/16/2013	24.77	25.23	24.33	24.83	4271301	127732856.000
07/17/2013	24.85	25.08	23.64	23.64	5091082	150034928.000
07/18/2013	23.27	23.50	22.43	22.97	4321164	119477296.000
07/19/2013	23.00	24.25	22.88	23.79	5803970	166836720.000
07/22/2013	23.74	25.68	23.67	25.58	5749702	173184144.000
07/23/2013	25.75	27.07	25.18	26.79	9024027	285317376.000
07/24/2013	26.73	27.83	25.90	26.17	6135664	198020992.000
07/25/2013	26.00	27.58	24.79	26.84	5234564	165483776.000
07/26/2013	26.50	27.71	26.00	27.67	4986256	163509776.000
07/29/2013	27.67	27.67	25.00	25.28	4955447	156077664.000
07/30/2013	25.18	25.65	23.68	25.56	3954020	117054352.000
07/31/2013	25.08	25.97	24.58	25.18	2402686	73180840.000
08/01/2013	25.35	26.40	24.93	26.22	4123038	127819776.000
08/02/2013	26.43	27.42	25.74	25.81	3230256	103012064.000
08/05/2013	25.65	26.08	25.04	25.73	3271164	100120304.000
08/06/2013	25.58	26.50	25.58	25.83	2508698	78582312.000
08/07/2013	25.66	26.00	23.92	24.29	5255452	155254832.000
08/08/2013	24.18	24.50	23.82	24.48	1996252	58241796.000
08/09/2013	24.52	24.74	23.31	23.82	3716163	106554896.000
08/12/2013	23.89	24.00	22.39	22.71	4703598	129848736.000
08/13/2013	22.60	23.42	22.59	23.10	2457131	68240728.000
08/14/2013	23.21	23.82	22.67	23.75	2930701	82551024.000
08/15/2013	23.70	23.79	22.88	23.08	3682017	103183904.000
08/19/2013	23.92	25.33	23.67	25.24	7821083	232864928.000
08/20/2013	25.21	26.40	24.92	25.63	6683534	207319968.000
08/21/2013	25.34	25.62	24.73	25.15	2610138	78764488.000
08/22/2013	25.25	25.73	25.08	25.53	2998000	92122208.000
08/23/2013	25.48	26.05	24.76	25.67	3235713	99689864.000
08/26/2013	25.33	25.55	24.82	24.91	4419386	133549168.000
08/27/2013	24.93	25.14	23.83	24.08	4134495	120574408.000
08/28/2013	23.92	25.02	23.63	24.64	3963424	116965368.000
08/29/2013	24.54	24.54	23.71	23.99	2204586	63728388.000
08/30/2013	23.58	24.41	23.15	23.18	2001047	56943852.000
09/02/2013	23.17	23.84	22.42	23.72	2800778	78205088.000
09/03/2013	23.63	24.04	23.25	23.68	1699220	48699764.000
09/04/2013	23.63	23.87	22.97	23.06	2556045	71257816.000
09/05/2013	23.00	23.70	22.52	23.47	2746909	76785792.000
09/06/2013	23.42	23.57	22.84	23.31	2865411	79657120.000
09/09/2013	23.42	23.56	22.75	22.86	2385184	65905012.000
09/10/2013	22.80	23.13	22.40	22.61	2679974	72876016.000
09/11/2013	22.58	22.65	21.46	21.87	2504534	66209868.000
09/12/2013	21.58	21.99	20.74	20.92	3497951	89437424.000
09/13/2013	20.79	21.70	20.79	21.63	4930133	127194032.000
09/16/2013	21.68	23.12	21.61	23.08	3618849	98331520.000
09/17/2013	23.13	23.13	22.52	22.98	1596612	43806424.000
09/18/2013	22.92	22.92	22.13	22.35	1596989	43047796.000
09/23/2013	22.42	22.73	21.98	22.62	2354750	63424244.000
09/24/2013	22.61	23.06	22.50	22.86	2178145	59870672.000
09/25/2013	22.86	23.42	22.50	22.67	2058129	57140604.000
09/26/2013	22.83	22.83	21.81	21.82	1769025	47433860.000
09/27/2013	21.63	22.08	21.54	21.76	1420362	37233520.000
09/30/2013	21.73	22.63	21.73	22.54	1481437	39878676.000
10/08/2013	22.42	23.25	22.00	23.13	3202929	86858784.000
10/09/2013	23.08	23.90	22.83	23.42	4104617	115654384.000
10/10/2013	23.42	23.67	22.92	22.97	2133623	59942532.000
10/11/2013	23.00	23.38	22.97	23.38	1763646	49174344.000
10/14/2013	23.42	24.58	23.41	24.42	4752225	137912352.000
10/15/2013	24.25	25.00	24.11	24.68	5092269	151032832.000
10/16/2013	24.63	24.63	23.43	24.00	3094667	89001848.000
10/17/2013	24.16	25.58	24.04	25.00	5894028	177975552.000
10/18/2013	25.08	26.57	24.85	26.22	3703016	115855208.000
10/21/2013	26.18	27.28	25.89	26.87	4462209	144065888.000
10/22/2013	26.87	27.23	25.79	26.56	3521050	112176256.000
10/23/2013	26.56	26.56	24.73	25.75	4034227	123261544.000
10/24/2013	25.21	25.64	24.85	24.94	1240930	37687428.000
10/25/2013	24.96	25.33	23.83	23.98	2070291	60787248.000
10/28/2013	23.98	24.58	23.90	24.33	1495124	43738496.000
10/29/2013	24.33	25.04	23.13	25.01	1969162	56839124.000
10/30/2013	24.83	25.00	24.53	24.84	1094868	32560592.000
10/31/2013	24.68	24.83	22.84	23.82	2373373	67439664.000
11/01/2013	24.33	24.36	22.84	23.36	2368483	67172624.000
11/04/2013	23.01	23.72	22.96	23.10	873438	24367298.000
11/05/2013	22.92	23.49	22.47	23.37	1060764	29372196.000
11/06/2013	23.38	23.38	22.57	22.58	1745773	48149008.000
11/07/2013	22.58	22.71	20.71	21.54	4587459	119284520.000
11/08/2013	21.33	21.49	20.90	20.95	1793609	45748824.000
11/11/2013	21.32	21.32	20.17	20.71	1748314	43729180.000
11/12/2013	20.68	21.42	20.41	21.36	1329141	33943092.000
11/13/2013	21.25	21.98	21.25	21.51	1118984	29279984.000
11/14/2013	21.29	21.85	21.27	21.80	1207086	31462496.000
11/15/2013	21.83	22.70	21.82	22.27	1387837	37316176.000
11/18/2013	22.27	22.73	22.18	22.41	1540465	41685180.000
11/19/2013	22.50	22.66	22.04	22.05	1373495	36857716.000
11/20/2013	21.98	22.32	21.68	21.93	1312401	34841324.000
11/21/2013	21.77	22.19	21.77	21.94	954412	25299496.000
11/22/2013	22.23	22.44	21.92	22.40	849421	22636554.000
11/25/2013	22.38	23.04	22.17	22.76	1624686	44655992.000
11/26/2013	22.75	23.00	22.50	22.62	877807	23990860.000
11/27/2013	22.71	23.67	22.51	23.36	2164153	60680532.000
11/28/2013	23.36	23.73	23.09	23.13	2157586	60554672.000
11/29/2013	23.14	23.69	23.08	23.56	1703374	48191288.000
12/02/2013	22.63	22.83	21.19	21.21	3585002	93533344.000
12/03/2013	20.76	21.50	20.19	21.30	1662367	41812500.000
12/04/2013	20.93	22.03	20.93	21.80	1599209	41994744.000
12/05/2013	22.07	22.10	19.71	20.25	2029255	50975968.000
12/06/2013	20.19	20.33	19.44	19.90	2694436	64197348.000
12/09/2013	19.92	20.86	19.83	20.48	2812305	69241600.000
12/10/2013	20.33	20.53	20.17	20.33	1022384	25017094.000
12/11/2013	20.33	20.91	20.33	20.75	1459500	36361588.000
12/12/2013	20.46	22.83	20.46	22.46	4141176	111609768.000
12/13/2013	22.58	23.58	22.17	22.89	3141699	86834952.000
12/16/2013	22.91	23.57	22.91	23.17	3485098	97884960.000
12/17/2013	23.24	23.33	22.68	23.07	1468416	40671596.000
12/18/2013	22.84	23.17	22.84	22.92	502255	13902874.000
12/19/2013	22.83	23.21	22.18	22.21	1178935	32444328.000
12/20/2013	22.25	22.50	21.41	21.63	1054537	27698024.000
12/23/2013	21.58	21.61	21.17	21.25	911209	23457990.000
12/24/2013	21.30	22.31	21.22	22.26	1029801	27208852.000
12/25/2013	22.21	22.69	22.21	22.40	1045429	28232010.000
12/26/2013	22.40	23.21	22.30	22.88	2179850	59874048.000
12/27/2013	23.63	24.33	23.25	23.28	3775908	107840784.000
12/30/2013	22.94	23.66	22.83	23.43	1951689	54637740.000
12/31/2013	23.17	23.44	22.51	23.43	1822326	50424404.000
01/02/2014	23.43	25.78	23.25	25.73	6869444	207754336.000
01/03/2014	25.75	26.75	25.50	26.33	8260779	260484912.000
01/06/2014	26.13	27.42	25.72	27.15	5761991	185559232.000
01/07/2014	27.07	27.18	26.32	26.62	1946210	62614960.000
01/08/2014	26.67	29.28	26.67	29.28	5712772	196717072.000
01/09/2014	29.28	29.58	28.67	29.35	2844782	100084704.000
01/10/2014	29.16	29.90	28.01	28.28	3065920	107273280.000
01/13/2014	28.48	28.67	27.06	28.00	3191295	106582184.000
01/14/2014	27.83	29.87	27.51	29.81	1749232	60627748.000
01/15/2014	29.78	31.08	29.40	29.50	2849087	103835416.000
01/16/2014	29.08	29.50	27.88	28.25	2972576	102142136.000
01/17/2014	28.33	29.39	27.92	28.42	1748965	60301708.000
01/20/2014	28.51	30.63	27.97	28.39	3797282	133020904.000
01/21/2014	27.44	29.74	27.33	29.54	3905119	134373056.000
01/22/2014	29.57	30.76	29.30	30.58	3150956	115031136.000
01/23/2014	30.92	33.42	30.63	32.83	3503583	137224512.000
01/24/2014	32.58	33.17	31.67	32.62	2209280	86447960.000
01/27/2014	32.37	33.21	31.88	32.21	2308213	90504688.000
01/28/2014	32.11	32.42	31.40	32.35	2192818	83908384.000
01/29/2014	32.35	33.67	32.35	33.47	2068664	82655008.000
01/30/2014	33.33	33.50	32.32	32.66	1604519	63056100.000
02/07/2014	32.42	33.98	31.75	32.80	1794240	71860800.000
02/10/2014	32.80	33.54	31.83	32.89	3001083	117356664.000
02/11/2014	32.40	32.42	30.75	30.92	3256248	124131392.000
02/12/2014	31.25	32.04	30.13	32.04	3947372	147005936.000
02/13/2014	31.93	35.26	31.63	34.46	3454432	140606736.000
02/14/2014	34.83	35.13	33.67	35.00	2190729	91130400.000
02/17/2014	35.73	38.51	35.65	38.51	3356138	152976768.000
02/18/2014	38.54	41.58	37.83	39.23	2646289	125741728.000
02/19/2014	39.48	40.25	38.30	39.17	1974950	93132312.000
02/20/2014	40.00	41.58	37.07	37.99	3383271	157902576.000
02/21/2014	38.63	38.63	36.50	37.00	2106548	94296608.000
02/24/2014	36.58	40.71	36.27	40.71	3786130	178422272.000
02/25/2014	41.21	44.33	36.67	37.25	5530210	267559424.000
02/26/2014	37.92	40.98	36.56	38.84	4342089	204465936.000
02/27/2014	38.92	38.92	34.95	35.75	4849384	215219120.000
02/28/2014	35.75	36.38	34.60	35.75	3532297	150396208.000
03/03/2014	35.58	38.16	35.44	36.58	1681431	74427640.000
03/04/2014	36.22	37.93	35.86	37.72	2073077	92511320.000
03/05/2014	37.83	40.98	37.83	40.63	3254267	155183520.000
03/06/2014	40.75	43.44	39.63	43.08	3159976	158118000.000
03/07/2014	42.50	43.08	41.17	41.70	1639326	82570128.000
03/10/2014	41.17	41.17	37.88	38.26	2997820	141674224.000
03/11/2014	38.27	39.88	37.88	39.33	1982585	92791640.000
03/12/2014	39.33	40.40	37.00	37.42	1929617	90057880.000
03/13/2014	37.58	39.08	36.03	39.08	3285722	147560352.000
03/14/2014	39.50	40.89	38.48	39.16	2049275	98267440.000
03/17/2014	39.16	42.83	38.46	42.42	2432300	118953400.000
03/18/2014	42.83	43.17	41.58	41.84	1618083	82280064.000
03/19/2014	41.58	43.92	41.25	42.20	1436635	73698960.000
03/20/2014	42.03	45.83	41.79	43.97	3586444	192344080.000
03/21/2014	43.96	45.74	42.68	42.83	2482735	131831712.000
03/24/2014	42.73	42.73	39.08	39.82	2789565	135902064.000
03/25/2014	39.74	41.15	36.75	37.58	4407955	203242176.000
03/26/2014	37.62	38.83	37.62	38.51	2263429	104113184.000
03/27/2014	38.60	38.88	35.48	36.48	2922813	128186216.000
03/28/2014	36.21	37.39	34.92	37.13	2012944	87950744.000
03/31/2014	36.95	39.08	36.95	39.08	1976126	91658408.000
04/01/2014	38.92	41.76	38.92	40.73	1924347	93742176.000
04/02/2014	40.40	40.98	37.42	38.13	1845826	85467832.000
04/03/2014	38.13	38.92	36.76	37.14	1637756	73938336.000
04/04/2014	37.00	39.19	36.18	39.19	2412211	111284760.000
04/08/2014	39.08	39.08	36.70	38.07	1863866	84331528.000
04/09/2014	38.07	38.82	37.13	37.58	2076958	94617200.000
04/10/2014	38.02	38.55	37.10	37.68	2858339	130087000.000
04/11/2014	37.01	37.01	35.58	36.18	2592087	112981640.000
04/14/2014	36.30	36.32	33.84	34.58	4328179	181652784.000
04/15/2014	34.43	35.08	34.25	34.99	1408053	58669112.000
04/16/2014	34.99	35.34	34.58	34.93	1976073	82837712.000
04/17/2014	34.96	36.33	34.90	35.53	1680961	71871976.000
04/18/2014	35.57	36.19	35.34	36.00	1100638	47483712.000
04/21/2014	36.04	36.32	35.42	35.88	1669952	72036504.000
04/22/2014	35.88	35.92	32.42	33.90	3771753	152148496.000
04/23/2014	33.25	33.82	31.98	32.83	2247044	88875736.000
04/24/2014	33.00	33.00	31.69	32.29	1028540	33160856.000
04/25/2014	32.30	32.80	31.55	32.61	1062567	34131520.000
04/28/2014	32.49	33.58	31.70	32.78	1734767	57079416.000
04/29/2014	32.58	33.44	31.45	31.90	1859231	59980156.000
04/30/2014	31.61	32.11	28.71	29.60	4515113	134093032.000
05/05/2014	29.02	30.20	28.80	30.14	1863914	55319240.000
05/06/2014	30.14	31.39	30.06	30.59	2328472	71725960.000
05/07/2014	30.59	30.59	29.30	29.62	1721035	51062136.000
05/08/2014	29.82	29.95	29.20	29.39	1269965	37667540.000
05/09/2014	29.39	29.39	27.68	28.09	1499844	42373124.000
05/12/2014	28.33	28.78	27.92	28.56	1492279	42438772.000
05/13/2014	28.93	29.89	28.62	28.95	1248648	36580784.000
05/14/2014	28.98	29.30	28.65	29.10	807918	23472314.000
05/15/2014	29.22	29.48	28.72	28.80	1012846	29256630.000
05/16/2014	28.70	28.82	26.51	28.78	2502027	69208792.000
05/19/2014	28.59	29.54	28.41	28.90	1191551	34544228.000
05/20/2014	29.70	31.00	29.36	30.07	3036006	91523768.000
05/21/2014	30.00	30.65	29.51	30.65	1616798	49096916.000
05/22/2014	30.46	33.25	30.46	32.19	3570677	114828520.000
05/23/2014	32.45	32.83	31.81	32.83	1530760	49411160.000
05/26/2014	33.95	33.97	32.06	33.38	2978283	98269456.000
05/27/2014	33.00	33.00	32.31	32.38	1892961	61622504.000
05/28/2014	32.34	34.12	32.34	33.45	3510139	116159840.000
05/29/2014	33.30	33.77	32.58	32.58	1886344	62280028.000
05/30/2014	32.58	32.90	31.33	32.28	2196058	70438472.000
06/03/2014	32.30	34.30	32.28	33.26	3298934	110848056.000
06/04/2014	33.02	33.68	32.71	33.66	2304640	76764152.000
06/05/2014	33.61	35.80	33.43	35.00	4304495	149692512.000
06/06/2014	35.00	35.80	34.58	35.25	2385169	83544592.000
06/09/2014	35.60	35.89	33.30	33.38	2803068	96521736.000
06/10/2014	33.89	34.55	33.17	34.00	2426264	82540832.000
06/11/2014	33.86	35.85	33.77	34.89	2509599	87978992.000
06/12/2014	34.90	35.78	34.65	34.93	2181122	76705104.000
06/13/2014	34.93	35.60	34.68	35.60	1726467	60846456.000
06/16/2014	36.20	37.07	34.95	35.20	3775817	135154656.000
06/17/2014	35.15	35.51	34.74	34.80	1179586	41226056.000
06/18/2014	34.82	35.47	33.41	33.50	2554492	86754200.000
06/19/2014	34.90	36.13	32.31	32.69	4073776	138493280.000
06/20/2014	32.70	33.25	31.55	33.20	3308286	106735296.000
06/23/2014	33.03	34.49	32.87	33.60	3029888	102196136.000
06/24/2014	33.66	33.99	33.22	33.31	1516359	50886816.000
06/25/2014	33.22	33.40	31.55	32.01	3232553	103722224.000
06/26/2014	32.28	33.58	31.65	32.06	4278619	137649808.000
06/27/2014	32.22	32.23	31.15	31.25	4534513	143074560.000
06/30/2014	31.10	31.47	30.67	31.32	4433733	137204496.000
07/01/2014	31.70	33.30	31.49	33.30	6773680	219541232.000
07/02/2014	33.30	33.50	32.38	32.50	4988027	163364400.000
07/03/2014	32.52	33.00	32.30	32.41	3403943	110990416.000
07/04/2014	32.65	32.98	31.20	31.65	4188362	133437000.000
07/07/2014	31.72	31.77	29.95	30.06	5199013	158194336.000
07/08/2014	30.06	30.39	29.03	29.78	6193837	182672976.000
07/09/2014	30.00	30.69	28.70	29.66	7339241	217563680.000
07/10/2014	30.07	30.24	29.11	29.45	3436552	101623128.000
07/11/2014	29.45	29.82	29.20	29.59	2803302	82824784.000
07/14/2014	29.73	29.85	27.78	28.87	5353190	153033008.000
07/15/2014	28.80	28.80	27.50	27.58	5611279	156514608.000
07/16/2014	27.50	28.50	27.20	28.26	4327992	120492216.000
07/17/2014	28.12	28.78	27.97	28.29	3319884	94438672.000
07/18/2014	28.27	29.02	28.16	28.69	3180197	91405152.000
07/21/2014	28.50	29.28	28.49	28.99	2988066	86586016.000
07/22/2014	29.00	29.20	28.47	29.01	2773382	79967544.000
07/23/2014	29.00	29.00	27.28	27.70	4460159	125070288.000
07/24/2014	27.92	27.92	25.65	25.68	8644150	226734512.000
07/25/2014	25.62	26.66	25.13	26.66	3996394	104341216.000
07/28/2014	26.71	27.73	26.50	27.68	4293544	116885896.000
07/29/2014	27.68	28.25	27.26	27.89	4525414	125813632.000
07/30/2014	27.78	28.79	27.65	28.49	4863729	138857056.000
07/31/2014	28.46	28.48	27.80	28.05	2951554	82632896.000
08/01/2014	27.95	27.95	27.19	27.65	3265643	90061888.000
08/04/2014	27.54	27.73	27.22	27.66	2442363	67169968.000
08/05/2014	27.66	29.10	27.03	28.84	6097952	172054240.000
08/06/2014	28.72	28.93	28.36	28.49	3926830	112208656.000
08/07/2014	28.40	29.20	28.40	28.61	4253744	122758672.000
08/08/2014	28.62	29.10	28.25	28.83	3369220	97062840.000
08/11/2014	29.31	30.36	29.31	30.28	8268835	247928144.000
08/12/2014	30.28	30.60	29.89	30.31	3584795	108207592.000
08/13/2014	30.31	30.45	29.48	29.59	4222898	125770360.000
08/14/2014	29.59	29.95	29.30	29.34	3432279	101397280.000
08/15/2014	29.32	29.70	29.16	29.70	2072857	61093564.000
08/18/2014	29.70	32.60	29.70	31.94	11307808	355266848.000
08/19/2014	32.05	33.99	32.02	33.17	11097971	368920832.000
08/20/2014	33.17	33.40	32.63	33.26	5815668	191827200.000
08/21/2014	33.32	33.68	32.70	33.40	3661385	120957416.000
08/22/2014	33.39	34.70	32.61	34.29	6511764	218745744.000
08/25/2014	34.00	35.09	33.49	33.50	5911862	201824064.000
08/26/2014	33.09	33.57	32.02	32.25	5057183	164403120.000
08/27/2014	32.25	33.11	32.06	32.50	3849083	125772144.000
08/28/2014	32.49	32.49	31.30	31.37	4731107	150145744.000
08/29/2014	31.37	33.10	31.32	32.91	4519137	145795920.000
09/01/2014	32.82	34.38	32.68	33.92	6267787	212141728.000
09/02/2014	34.16	34.79	33.94	34.75	7322173	251197408.000
09/03/2014	34.84	35.91	34.48	35.22	6639988	234126384.000
10/22/2014	38.00	38.74	34.50	34.62	18810493	685550208.000
10/23/2014	34.72	35.19	31.92	32.07	10229080	338988672.000
10/24/2014	32.07	32.74	32.00	32.60	4208874	136489424.000
10/27/2014	32.58	34.47	32.25	34.12	6033624	202248496.000
10/28/2014	34.20	34.97	33.95	34.66	6926345	240008976.000
10/29/2014	34.83	35.65	34.50	34.73	6379637	224049584.000
10/30/2014	34.50	34.95	34.22	34.70	3979162	137422880.000
10/31/2014	34.30	34.69	32.61	33.58	6638138	221933920.000
数据来源:通达信
