300102 乾照光电 日线
      日期	    开盘	    最高	    最低	    收盘	    成交量	    成交额
10/08/2010	30.20	30.20	29.46	29.66	925400	71135640.000
10/11/2010	29.68	30.80	29.36	30.15	1149614	89489032.000
10/12/2010	29.80	30.91	29.80	30.58	797567	62964792.000
10/13/2010	30.25	30.41	29.50	29.84	935767	72205976.000
10/14/2010	29.79	30.06	28.61	28.65	969085	73458816.000
10/15/2010	28.67	29.30	28.15	28.20	793894	58536752.000
10/18/2010	27.80	28.00	26.87	27.80	1111429	78432528.000
10/19/2010	27.90	30.04	27.80	29.48	1414252	106907648.000
10/20/2010	29.00	30.05	28.82	29.04	1016488	77136232.000
10/21/2010	29.00	29.96	28.47	29.77	1000321	75762104.000
10/22/2010	29.80	31.04	29.71	30.80	1107124	87585832.000
10/25/2010	31.32	32.39	31.08	31.72	1197744	98461528.000
10/26/2010	31.40	32.02	31.08	31.61	932712	75988104.000
10/27/2010	31.62	33.31	31.62	32.50	1657094	139400592.000
10/28/2010	32.36	32.60	31.26	31.40	1092960	89631320.000
10/29/2010	31.40	34.12	31.40	33.82	1834085	157087840.000
11/01/2010	34.24	36.00	34.24	34.60	2079797	188212464.000
11/02/2010	34.20	34.92	33.49	33.62	931616	81341944.000
11/03/2010	33.10	33.10	31.60	31.84	1473083	122559760.000
11/04/2010	31.90	32.72	31.83	32.12	951276	79088688.000
11/05/2010	32.48	32.75	31.80	32.65	844850	70442096.000
11/08/2010	32.60	34.60	32.40	34.60	1228599	106537832.000
11/09/2010	34.74	34.80	33.94	34.20	882621	77785432.000
11/10/2010	34.00	36.00	33.93	35.72	1584872	143576224.000
11/11/2010	35.54	37.94	35.48	35.80	1737385	164232736.000
11/12/2010	35.16	36.60	34.55	34.72	3842061	349466336.000
11/15/2010	35.08	36.35	35.00	36.33	1733984	159255024.000
11/16/2010	36.19	36.78	34.28	34.50	1583072	143912528.000
11/17/2010	33.96	35.00	32.42	32.80	1006572	87648240.000
11/18/2010	33.08	33.75	32.87	33.40	520369	44634932.000
11/19/2010	33.68	35.24	33.43	35.08	1147959	102300664.000
11/22/2010	35.75	37.32	34.96	35.12	2044673	189834992.000
11/23/2010	35.03	36.13	34.54	35.92	1087283	98447960.000
11/24/2010	35.79	37.99	35.43	37.60	1313899	124963896.000
11/25/2010	37.75	37.98	36.20	36.60	1234635	116963528.000
11/26/2010	36.65	37.12	35.68	36.28	1149547	107573496.000
11/29/2010	36.28	37.31	36.08	37.14	1092687	103366784.000
11/30/2010	37.14	37.32	34.55	35.57	1560683	142831680.000
12/01/2010	35.40	35.54	34.66	35.32	553569	49950564.000
12/02/2010	35.52	36.00	35.00	35.00	524538	47742600.000
12/03/2010	35.04	35.40	33.72	34.56	900792	79490720.000
12/06/2010	34.32	34.59	33.32	33.80	578195	50308792.000
12/07/2010	33.60	35.00	33.60	34.92	519194	46018716.000
12/08/2010	34.60	35.45	34.60	34.98	688871	62251504.000
12/09/2010	35.00	35.00	34.10	34.26	580386	51590744.000
12/10/2010	34.40	35.79	34.00	35.74	749231	68140192.000
12/13/2010	36.19	37.34	35.99	36.94	1068326	101075272.000
12/14/2010	37.00	37.72	36.60	37.24	665215	63698424.000
12/15/2010	37.01	37.24	36.20	36.60	519203	49006128.000
12/16/2010	37.00	37.39	35.80	36.02	1085634	101637928.000
12/17/2010	36.00	36.37	35.75	36.29	473329	43696408.000
12/20/2010	35.40	36.44	34.60	35.22	1268255	114912680.000
12/21/2010	35.40	35.52	34.29	34.55	1009628	90378824.000
12/22/2010	34.87	35.40	34.57	34.94	482749	43429732.000
12/23/2010	35.00	35.00	34.32	34.42	457974	40701900.000
12/24/2010	34.44	34.56	33.32	33.61	588913	51128784.000
12/27/2010	33.81	34.20	31.35	31.40	1263584	106068728.000
12/28/2010	31.40	31.71	31.00	31.24	416393	33540102.000
12/29/2010	31.32	32.08	31.26	32.08	378628	30962466.000
12/30/2010	31.96	32.20	31.75	31.76	439406	36243052.000
12/31/2010	31.80	32.64	31.80	32.64	1159559	96006936.000
01/04/2011	32.95	34.00	32.56	33.70	966511	83183944.000
01/05/2011	33.40	33.87	33.08	33.24	510901	43825292.000
01/06/2011	33.16	33.38	31.91	32.04	959869	80111600.000
01/07/2011	31.98	32.34	31.64	31.90	631221	51811744.000
01/10/2011	31.90	31.90	30.44	30.64	1095034	87357624.000
01/11/2011	30.64	30.88	30.36	30.57	354025	27944366.000
01/12/2011	30.58	31.19	30.19	30.96	310000	24534286.000
01/13/2011	31.80	31.80	30.60	30.72	286854	22978272.000
01/14/2011	30.46	30.56	29.40	29.53	609482	46903220.000
01/17/2011	29.40	30.07	29.16	29.21	538322	40981820.000
01/18/2011	29.10	29.38	28.12	28.34	651208	48327188.000
01/19/2011	28.48	29.10	28.25	29.08	394737	29446568.000
01/20/2011	29.20	29.28	27.80	27.86	603881	44220476.000
01/21/2011	28.14	28.47	27.86	28.26	453260	32996620.000
01/24/2011	28.37	28.91	27.80	27.81	468569	34342372.000
01/25/2011	27.80	28.00	26.70	27.70	664019	46884876.000
01/26/2011	28.00	28.54	27.72	28.40	377405	27624756.000
01/27/2011	28.20	28.99	28.04	28.92	435197	32265864.000
01/28/2011	28.87	29.32	28.87	29.11	278642	20979278.000
01/31/2011	29.00	29.12	28.68	28.95	406008	30393192.000
02/01/2011	29.19	29.19	28.32	28.46	593711	43987832.000
02/09/2011	28.21	30.04	28.21	29.71	770743	59118256.000
02/10/2011	29.52	30.86	29.32	30.86	679762	52885816.000
02/11/2011	30.84	31.06	30.46	31.00	505249	40185404.000
02/14/2011	31.00	31.31	30.61	31.28	466769	37399480.000
02/15/2011	31.32	31.32	30.72	30.74	548232	43769108.000
02/16/2011	30.74	31.12	30.56	31.12	632023	50241744.000
02/17/2011	31.00	31.67	31.00	31.40	493085	39861756.000
02/18/2011	31.40	32.68	31.11	31.95	683842	56686540.000
02/21/2011	31.60	32.48	31.60	32.28	704705	58428336.000
02/22/2011	32.35	32.48	30.94	30.95	777513	63021244.000
02/23/2011	30.76	32.32	30.76	32.19	681130	55573512.000
02/24/2011	32.15	32.44	31.53	31.93	341024	28113244.000
02/25/2011	31.80	31.80	31.06	31.48	289358	23409302.000
02/28/2011	31.88	32.60	31.22	32.52	497853	41545748.000
03/01/2011	32.52	33.80	32.44	33.80	1048359	89377120.000
03/02/2011	33.44	34.26	33.40	33.88	1327491	115834672.000
03/03/2011	33.88	33.99	32.66	32.92	736011	63084072.000
03/04/2011	32.92	33.82	32.83	33.54	412011	35481784.000
03/07/2011	33.55	34.15	32.34	33.02	536039	45309692.000
03/08/2011	33.00	33.14	32.44	32.86	616559	51952936.000
03/09/2011	32.86	33.46	32.86	33.36	336710	28823574.000
03/10/2011	33.39	33.80	33.08	33.40	426116	36712668.000
03/11/2011	33.00	34.19	33.00	33.95	593662	51528544.000
03/14/2011	33.72	36.11	33.72	34.92	982424	88501736.000
03/15/2011	35.00	35.40	34.00	35.32	603512	53659716.000
03/16/2011	35.47	35.71	34.84	35.35	446254	40412348.000
03/17/2011	35.32	35.32	33.40	34.43	316500	28119724.000
03/18/2011	34.43	35.02	34.24	34.37	195005	17352104.000
03/21/2011	34.40	35.48	34.40	35.35	627718	56690908.000
03/22/2011	35.38	35.39	34.60	35.00	320527	28852622.000
03/23/2011	35.15	35.19	34.80	35.18	352369	31747866.000
03/24/2011	35.12	35.38	34.20	35.00	597951	53359184.000
03/25/2011	34.84	35.00	33.80	34.13	964248	84521192.000
03/28/2011	34.89	34.96	32.60	32.68	1628648	139708144.000
03/29/2011	32.60	32.92	31.78	31.78	612328	50861980.000
03/30/2011	31.78	32.53	31.67	32.20	269162	22220866.000
03/31/2011	32.20	32.39	31.82	32.04	245568	20333464.000
04/01/2011	32.42	32.59	31.87	32.59	165233	13747800.000
04/06/2011	32.55	32.60	31.72	31.80	342149	28200296.000
04/07/2011	32.12	32.47	31.68	32.47	285798	23561542.000
04/08/2011	32.47	32.60	32.12	32.52	423579	35304288.000
04/11/2011	32.59	32.60	30.60	30.98	1169487	94361064.000
04/12/2011	30.88	30.88	30.18	30.71	509745	40155536.000
04/13/2011	30.62	31.31	30.28	31.30	279806	22394274.000
04/14/2011	31.28	31.35	30.60	30.72	229309	18229356.000
04/15/2011	30.64	30.78	30.04	30.52	336377	26311006.000
04/18/2011	30.36	30.76	30.28	30.60	200289	15781942.000
04/19/2011	30.64	31.67	30.36	31.52	380768	30598614.000
04/21/2011	32.22	33.40	32.20	33.19	711158	60479268.000
04/22/2011	32.80	33.30	32.44	33.10	496539	42072704.000
04/25/2011	32.64	33.32	32.47	32.48	454041	38574656.000
04/26/2011	32.40	32.76	31.75	31.96	363578	30042724.000
04/27/2011	31.96	32.02	31.48	31.80	306231	25090988.000
04/28/2011	32.04	32.88	31.40	31.76	460826	37822052.000
04/29/2011	31.52	32.64	31.52	32.64	304839	25176584.000
05/03/2011	32.38	33.23	32.21	33.12	335278	28380632.000
05/04/2011	32.95	33.20	32.46	32.84	397563	33710712.000
05/05/2011	32.99	33.00	32.48	32.50	306240	25758834.000
05/06/2011	32.50	33.79	31.78	33.09	1041030	35424712.000
05/09/2011	33.09	33.44	32.56	33.19	749362	25334056.000
05/10/2011	33.19	33.20	31.90	32.70	839872	27853642.000
05/11/2011	32.34	33.00	32.10	32.75	758156	25331310.000
05/12/2011	32.75	32.80	32.12	32.20	664425	22138054.000
05/13/2011	32.60	32.60	31.00	31.69	751446	24345380.000
05/16/2011	31.68	31.68	30.50	30.51	500266	15816333.000
05/17/2011	30.23	30.84	30.00	30.30	393409	12233124.000
05/18/2011	30.20	30.29	29.72	30.28	243003	7481730.500
05/19/2011	30.30	30.69	30.00	30.06	173350	5405976.000
05/20/2011	30.10	30.60	29.95	29.95	172075	5344262.500
05/23/2011	30.10	30.44	28.57	28.67	486523	14600250.000
05/24/2011	28.96	29.78	28.41	29.30	882574	26380974.000
05/25/2011	29.14	29.14	27.82	27.82	623702	18214080.000
05/26/2011	27.90	28.29	27.20	27.50	585981	16646791.000
05/27/2011	27.59	28.30	26.80	28.28	966540	27443870.000
05/30/2011	28.25	29.10	28.00	28.45	587042	17259712.000
05/31/2011	28.65	29.07	28.20	28.80	278663	8174157.000
06/01/2011	28.90	30.18	28.50	30.17	969673	29570178.000
06/02/2011	29.60	30.19	29.31	30.17	804945	24537152.000
06/03/2011	30.20	30.69	29.31	30.42	438550	13631196.000
06/07/2011	30.25	30.47	29.99	29.99	339550	10526919.000
06/08/2011	29.99	30.03	29.21	29.80	269718	8196475.000
06/09/2011	29.40	30.01	29.26	29.28	190350	5783092.500
06/10/2011	29.28	29.40	28.52	29.24	298100	8857623.000
06/13/2011	29.19	29.69	28.70	29.55	491126	14743931.000
06/14/2011	29.55	29.72	29.20	29.20	337014	10207665.000
06/15/2011	29.31	29.90	29.15	29.38	295560	8929011.000
06/16/2011	29.36	29.45	28.50	28.50	309009	9172267.000
06/17/2011	28.50	29.26	28.20	28.78	132552	3923583.500
06/20/2011	29.00	29.00	28.25	28.28	167403	4880138.000
06/21/2011	28.38	28.76	27.83	28.40	348141	10100665.000
06/22/2011	28.25	28.25	27.72	27.97	168140	4842454.000
06/23/2011	27.63	29.18	27.21	28.79	388822	11358106.000
06/24/2011	29.00	29.49	28.30	29.20	537503	16030320.000
06/27/2011	29.23	29.65	28.81	28.91	610975	18327564.000
06/28/2011	28.93	29.25	28.51	28.80	320427	9485806.000
06/29/2011	28.50	29.03	28.50	28.51	420486	12387377.000
06/30/2011	28.60	29.09	28.60	28.79	283140	8407178.000
07/01/2011	29.06	29.30	28.80	29.08	270676	8070463.000
07/04/2011	29.08	29.64	28.70	29.60	1288516	38848520.000
07/05/2011	29.72	30.67	29.60	30.50	1426824	44136192.000
07/06/2011	30.54	31.54	30.22	31.40	1400446	44671896.000
07/07/2011	31.45	32.49	30.81	31.10	2005272	65170848.000
07/08/2011	31.00	31.05	29.60	29.99	1978300	60959464.000
07/11/2011	29.30	30.06	29.30	29.97	1492511	45334688.000
07/12/2011	29.67	30.60	29.38	30.06	811252	25031024.000
07/13/2011	30.18	31.19	29.70	30.90	1667960	52486524.000
07/14/2011	30.88	31.57	30.72	31.43	1008490	32233256.000
07/15/2011	31.35	31.90	31.00	31.45	1301998	42035472.000
07/18/2011	31.50	32.00	31.08	32.00	1381260	44751220.000
07/19/2011	31.87	31.87	31.10	31.13	697450	22437506.000
07/20/2011	31.20	31.85	31.08	31.35	834924	26915798.000
07/21/2011	31.40	32.19	30.80	31.70	1041474	33729284.000
07/22/2011	31.35	33.38	31.23	33.27	3950014	133207352.000
07/25/2011	33.20	33.20	32.23	32.96	2081121	69689296.000
07/26/2011	32.84	32.96	32.07	32.70	1042196	34698732.000
07/27/2011	32.49	33.98	32.24	33.46	1946586	66746456.000
07/28/2011	33.36	33.36	32.38	33.11	1445229	48632452.000
07/29/2011	33.11	33.48	32.87	33.45	1074410	36595584.000
08/01/2011	33.20	33.38	32.70	32.70	914340	30943450.000
08/02/2011	32.83	32.93	31.90	32.20	731733	24109696.000
08/03/2011	32.20	32.98	31.91	32.58	767751	25608002.000
08/04/2011	32.20	32.85	31.23	31.39	1379170	44846668.000
08/05/2011	30.71	30.95	30.08	30.38	1413525	44154884.000
08/08/2011	30.06	30.06	28.87	29.05	1221658	36799616.000
08/09/2011	28.00	29.57	27.72	29.16	771111	22818082.000
08/10/2011	29.60	30.06	28.91	29.30	674914	20481576.000
08/11/2011	28.97	29.90	28.60	29.83	858165	26023584.000
08/12/2011	29.88	31.45	29.62	31.17	1290218	40859128.000
08/15/2011	31.11	32.38	30.83	31.78	1138976	37229348.000
08/16/2011	31.82	32.42	31.54	32.05	1187166	38919144.000
08/17/2011	31.66	32.30	31.66	32.08	689281	22623408.000
08/18/2011	31.98	32.18	30.20	31.30	489583	15914785.000
08/19/2011	30.76	31.34	30.40	30.98	637294	20129354.000
08/22/2011	31.18	32.18	29.80	29.81	801365	25208782.000
08/23/2011	29.71	31.09	29.48	30.70	1037447	31977716.000
08/24/2011	30.96	31.95	30.74	31.70	1041024	33548084.000
08/25/2011	31.80	32.00	31.08	32.00	733956	23753256.000
08/26/2011	32.00	32.70	31.79	32.33	662699	21845408.000
08/29/2011	32.20	32.88	32.15	32.36	688445	22860030.000
08/30/2011	32.66	32.66	31.50	31.52	759258	24975650.000
08/31/2011	31.30	31.60	30.65	30.70	666929	21232228.000
09/01/2011	31.07	31.20	30.08	30.21	709328	22124154.000
09/02/2011	30.21	30.95	29.99	30.25	590015	18361574.000
09/05/2011	30.18	30.48	29.29	29.29	506474	15452459.000
09/06/2011	29.58	30.15	28.97	29.78	1136177	34709276.000
09/07/2011	30.07	31.05	30.00	30.81	1112985	34928768.000
09/08/2011	31.00	32.18	30.82	31.84	1761356	57211280.000
09/09/2011	30.88	30.88	29.88	30.00	5898729	183472320.000
09/13/2011	29.25	29.70	29.04	29.05	1010411	30374714.000
09/14/2011	29.05	29.45	28.85	29.40	656195	19651684.000
09/15/2011	29.35	29.57	28.72	28.72	915427	27369484.000
09/16/2011	28.70	29.14	28.36	28.70	719234	21144732.000
09/19/2011	28.35	28.35	27.20	27.48	2339619	66335392.000
09/20/2011	27.23	27.70	27.03	27.12	939209	26402274.000
09/21/2011	27.54	28.19	27.16	27.97	1233403	35269652.000
09/22/2011	27.84	28.09	27.05	27.05	385465	10869788.000
09/23/2011	26.90	26.90	26.00	26.18	1660249	44840596.000
09/26/2011	26.16	26.16	24.69	25.09	2946724	76745064.000
09/27/2011	25.35	25.35	23.01	23.38	4003172	97523616.000
09/28/2011	23.38	23.65	22.70	23.08	1915453	45801428.000
09/29/2011	22.81	22.81	22.10	22.22	924654	21467186.000
09/30/2011	22.50	22.65	21.77	22.42	651042	14991394.000
10/10/2011	22.62	22.75	22.14	22.41	445555	10340678.000
10/11/2011	23.00	23.09	21.09	21.35	1226473	27861440.000
10/12/2011	21.20	22.17	20.96	22.13	1641516	37164792.000
10/13/2011	22.13	22.59	21.72	22.36	1280621	29524686.000
10/14/2011	22.01	22.13	21.32	21.93	1380901	31115856.000
10/17/2011	21.70	22.17	21.08	21.40	1266008	28228070.000
10/18/2011	21.39	21.49	19.18	19.18	4424959	90498232.000
10/19/2011	18.90	19.18	18.30	18.65	2341580	45657916.000
10/20/2011	18.41	18.64	17.81	18.05	2178753	41216936.000
10/21/2011	18.11	18.58	17.98	18.00	1426913	27158660.000
10/24/2011	17.98	18.17	17.10	18.13	2420417	44680976.000
10/25/2011	18.08	18.98	18.08	18.70	2285847	44068944.000
10/26/2011	18.51	19.32	18.41	18.95	2143549	42180340.000
10/27/2011	19.15	19.15	18.50	18.73	1752142	34228368.000
10/28/2011	19.09	19.54	18.67	19.45	2156546	42731116.000
10/31/2011	19.06	20.09	17.90	20.08	10806213	210006160.000
11/01/2011	19.46	20.16	19.10	20.16	8842857	179054928.000
11/02/2011	19.50	22.26	18.80	21.85	17810255	380479904.000
11/03/2011	21.62	22.70	21.50	21.55	17051985	388408128.000
11/04/2011	21.63	21.91	19.70	20.92	8606403	189632880.000
11/07/2011	21.26	21.86	20.72	20.87	8081364	178654704.000
11/08/2011	20.70	21.13	20.41	20.42	4719076	101829376.000
11/09/2011	20.55	21.04	20.02	20.94	5233079	111616136.000
11/10/2011	20.55	21.39	20.47	20.80	7379548	161319824.000
11/11/2011	20.75	20.81	19.90	20.02	7955286	166981856.000
11/14/2011	20.21	21.18	20.11	20.87	7692712	165290368.000
11/15/2011	20.79	21.65	20.68	21.61	8966042	197569120.000
11/16/2011	21.67	21.83	20.95	21.09	7374571	162522368.000
11/17/2011	21.09	21.44	20.55	20.97	4690126	102295960.000
11/18/2011	20.73	20.88	20.20	20.25	5078335	108182648.000
11/21/2011	20.23	20.50	19.40	19.88	3119314	64138880.000
11/22/2011	19.40	20.00	19.35	19.62	2530905	51577348.000
11/23/2011	19.62	19.74	18.65	18.67	4818143	95863976.000
11/24/2011	18.36	18.65	17.77	18.45	5239819	99128360.000
11/25/2011	18.29	18.34	17.66	17.80	2618519	49257068.000
11/28/2011	17.85	18.17	17.57	18.11	2827687	52771244.000
11/29/2011	18.23	18.46	17.90	18.25	3244762	61608488.000
11/30/2011	18.25	18.44	16.68	17.19	3779765	69353432.000
12/01/2011	17.72	17.88	17.20	17.50	3929772	72099144.000
12/02/2011	17.28	17.47	16.56	17.10	3172221	56338480.000
12/05/2011	16.90	16.90	15.31	15.32	3100609	52283396.000
12/06/2011	15.38	15.67	15.05	15.40	2482630	40073996.000
12/07/2011	15.45	15.55	15.26	15.43	1441632	23376270.000
12/08/2011	15.49	16.38	14.78	15.99	3783547	62413812.000
12/09/2011	15.68	15.94	15.55	15.60	1666924	27483342.000
12/12/2011	15.50	15.75	15.33	15.51	1387542	22669972.000
12/13/2011	15.29	15.42	14.71	14.76	1632837	25702038.000
12/14/2011	14.60	15.20	14.59	14.66	1182335	18557156.000
12/15/2011	14.60	14.81	14.35	14.36	1996952	30830344.000
12/16/2011	14.34	15.30	14.34	15.24	3395546	53189672.000
12/19/2011	15.10	15.55	14.66	15.51	5308180	83876232.000
12/20/2011	15.34	15.70	15.01	15.10	3588470	57909040.000
12/21/2011	15.28	15.43	14.38	14.38	3480572	54438444.000
12/22/2011	14.09	14.09	12.92	13.32	5081737	72447856.000
12/23/2011	13.25	13.58	12.98	13.08	3997312	56293580.000
12/26/2011	12.94	13.25	12.60	12.89	3734505	51397416.000
12/27/2011	12.72	12.83	12.23	12.24	2758651	36613120.000
12/28/2011	12.04	12.13	11.50	12.00	3181169	40216968.000
12/29/2011	11.87	12.40	11.79	12.29	3976348	51644760.000
12/30/2011	12.18	12.53	12.10	12.46	3659704	48232872.000
01/04/2012	12.62	12.78	11.81	11.81	2430680	31953438.000
01/05/2012	11.61	12.00	11.18	11.48	3840912	47072064.000
01/06/2012	11.35	11.84	11.07	11.75	2844689	35102508.000
01/09/2012	11.74	12.42	11.44	12.39	3202608	41268616.000
01/10/2012	12.30	13.14	12.26	13.04	5252783	70833040.000
01/11/2012	12.98	13.30	12.72	12.90	5400759	74487640.000
01/12/2012	12.80	13.29	12.78	12.93	4765170	65943960.000
01/13/2012	12.90	12.98	11.56	11.77	5804719	75018888.000
01/16/2012	11.41	11.65	10.98	10.98	3401160	41173848.000
01/17/2012	10.90	11.88	10.82	11.80	4458213	54162136.000
01/18/2012	11.82	12.07	10.98	11.08	4757553	58976264.000
01/19/2012	11.18	12.27	11.09	12.27	7046008	88054944.000
01/20/2012	12.50	12.62	12.04	12.37	7288522	95880848.000
01/30/2012	12.35	12.96	12.33	12.60	8711378	117471384.000
01/31/2012	12.40	12.57	12.13	12.50	4878104	64223428.000
02/01/2012	12.41	12.90	12.34	12.58	4967426	66901648.000
02/02/2012	12.59	13.14	12.50	13.08	6885909	94313872.000
02/03/2012	13.08	13.98	12.91	13.58	8752180	123863824.000
02/06/2012	13.58	13.76	13.35	13.70	7251617	104215536.000
02/07/2012	13.54	13.74	13.13	13.60	7681707	109301024.000
02/08/2012	13.52	14.18	13.48	14.10	7467931	109974248.000
02/09/2012	14.00	14.64	13.93	14.41	8788518	133497248.000
02/10/2012	14.37	15.09	14.25	14.96	12005701	186865664.000
02/13/2012	14.70	15.39	14.59	15.19	8002115	126830992.000
02/14/2012	15.10	15.38	14.75	14.90	6317254	99422736.000
02/15/2012	14.90	15.26	14.54	15.25	10073274	158050208.000
02/16/2012	15.26	15.26	14.70	14.77	8164923	128128048.000
02/17/2012	14.80	14.90	14.33	14.52	7554871	116130888.000
02/20/2012	14.72	14.98	14.51	14.51	6884116	106676064.000
02/21/2012	14.38	14.98	14.04	14.80	10783282	165455392.000
02/22/2012	14.85	15.70	14.77	15.42	15218992	242984368.000
02/23/2012	15.54	15.54	14.93	15.08	12139217	194616704.000
02/24/2012	15.17	15.28	14.99	15.26	6885185	109606680.000
02/27/2012	15.32	15.99	15.31	15.48	11790842	193394112.000
02/28/2012	15.32	15.44	14.70	15.00	7561284	119981104.000
02/29/2012	14.94	15.05	14.62	14.64	4407573	68754248.000
03/01/2012	14.58	14.98	14.55	14.75	4046245	63081940.000
03/02/2012	14.79	15.20	14.79	15.16	4956353	78388400.000
03/05/2012	15.19	15.93	15.19	15.62	10167369	166717776.000
03/06/2012	15.67	15.86	15.12	15.85	7999417	130035440.000
03/07/2012	15.59	17.08	15.53	16.17	12610143	216495920.000
03/08/2012	16.26	17.05	16.26	16.66	10351977	180893328.000
03/09/2012	16.50	17.06	16.32	17.05	8672442	152200080.000
03/12/2012	17.06	17.62	16.70	17.49	8656285	156058592.000
03/13/2012	17.18	17.18	16.50	16.76	12285340	216466880.000
03/14/2012	16.63	16.97	15.54	15.81	10933871	188071920.000
03/15/2012	15.73	16.17	15.10	15.95	7117002	117005592.000
03/19/2012	16.18	16.50	15.65	16.30	5360423	90318640.000
03/20/2012	16.18	16.18	15.42	15.43	4078687	67611288.000
03/21/2012	15.36	15.63	14.62	14.90	6584725	103813256.000
03/22/2012	14.92	15.17	14.58	14.89	3785617	59269136.000
03/23/2012	14.80	14.80	14.25	14.38	3754371	57491620.000
03/26/2012	14.20	14.55	14.19	14.39	2802104	42495280.000
03/27/2012	14.50	14.65	14.27	14.31	2440139	37240900.000
03/28/2012	14.26	14.36	12.80	12.95	5645715	80407376.000
03/29/2012	12.84	12.84	12.41	12.45	3604892	48267928.000
03/30/2012	12.50	12.65	12.01	12.49	3556351	46668040.000
04/05/2012	12.60	13.02	12.40	12.96	3817867	51909204.000
04/06/2012	13.01	13.44	12.93	13.35	3804448	52993580.000
04/09/2012	13.45	13.45	12.74	12.76	3014183	40508900.000
04/10/2012	12.62	12.96	12.21	12.96	3004922	39081416.000
04/11/2012	12.70	13.05	12.62	12.83	2640245	34869976.000
04/12/2012	12.86	13.27	12.70	13.25	4429319	59406368.000
04/13/2012	13.31	13.58	13.20	13.45	4242021	58450788.000
04/16/2012	13.35	13.40	13.16	13.22	2581868	35313040.000
04/17/2012	13.18	13.47	13.12	13.24	2669499	36551572.000
04/18/2012	13.36	13.78	13.25	13.73	4085683	57060388.000
04/19/2012	13.65	13.68	13.28	13.38	5651375	78385568.000
04/20/2012	13.30	13.66	13.10	13.56	4548280	62958952.000
04/23/2012	13.45	13.46	12.50	12.52	7489598	99675376.000
04/24/2012	12.30	12.51	11.68	12.16	5519082	68794128.000
04/25/2012	12.13	12.35	11.98	12.28	2265712	28447846.000
04/26/2012	12.28	12.69	12.11	12.55	3474762	44432996.000
04/27/2012	12.48	12.95	12.44	12.73	2750463	36119308.000
05/02/2012	12.95	12.98	12.61	12.84	2676041	35356628.000
05/03/2012	12.75	12.86	12.51	12.74	2609228	34196396.000
05/04/2012	12.75	13.10	12.66	13.08	3602608	47953132.000
05/07/2012	12.97	13.77	12.90	13.52	4302847	58873284.000
05/08/2012	13.45	13.83	13.35	13.56	5000995	69938680.000
05/09/2012	13.52	13.52	12.92	13.06	3368499	45772140.000
05/10/2012	12.95	13.47	12.95	13.25	2557315	34861956.000
05/11/2012	13.27	13.45	12.99	13.01	2347469	31978018.000
05/14/2012	13.15	13.18	12.79	12.80	2054776	27593850.000
05/15/2012	12.63	13.14	12.42	13.11	2564954	33832172.000
05/16/2012	13.10	13.27	12.92	12.94	1944503	26292844.000
05/17/2012	12.96	13.25	12.94	13.13	3162840	42802212.000
05/18/2012	12.99	13.09	12.56	12.56	2750583	36387152.000
05/21/2012	12.48	12.65	12.21	12.33	2230599	28555462.000
05/22/2012	12.46	12.98	12.40	12.80	2777173	36524360.000
05/23/2012	12.78	12.86	12.56	12.60	1849014	24217602.000
05/24/2012	12.58	13.38	12.51	12.94	4691528	63318536.000
05/25/2012	13.07	13.07	12.71	12.79	1852577	24512142.000
05/28/2012	12.71	12.88	12.39	12.88	2066499	26962636.000
05/29/2012	12.88	13.45	12.86	13.28	4033962	55037132.000
05/30/2012	13.23	13.74	13.18	13.39	6504934	90251176.000
05/31/2012	13.31	14.07	13.25	13.82	9573057	135574800.000
06/01/2012	13.70	13.81	13.41	13.51	3916866	54876776.000
06/04/2012	13.18	13.82	13.08	13.29	5560064	77148608.000
06/05/2012	13.31	13.45	12.90	13.02	2987384	40570388.000
06/06/2012	13.05	13.31	12.96	13.13	2332081	31529030.000
06/07/2012	13.30	13.38	12.60	12.60	3491436	46678896.000
06/08/2012	12.78	12.80	12.36	12.37	2609388	33921156.000
06/11/2012	12.33	12.78	12.33	12.66	3582611	46563128.000
06/12/2012	12.57	12.75	12.51	12.52	1934957	25192302.000
06/13/2012	12.60	12.78	12.50	12.74	2382076	31126538.000
06/14/2012	12.74	12.96	12.62	12.66	2758019	36401540.000
06/15/2012	12.68	12.90	12.40	12.71	2675193	35048768.000
06/18/2012	12.83	13.09	12.73	13.06	3106881	41518100.000
06/19/2012	13.01	13.02	12.82	12.84	2076498	27656214.000
06/20/2012	12.96	13.35	12.91	13.10	3597006	48705488.000
06/21/2012	13.06	13.17	12.60	12.66	3436965	45306124.000
06/25/2012	12.88	13.18	12.50	12.50	4178688	55309488.000
06/26/2012	12.10	12.18	11.71	12.05	3303747	40812040.000
06/27/2012	12.05	12.13	11.80	11.98	2523085	31235306.000
06/28/2012	12.08	12.08	11.56	11.56	2557362	31101734.000
06/29/2012	11.54	11.71	11.10	11.68	3497474	41281732.000
07/02/2012	11.79	11.84	11.60	11.77	2327818	28222606.000
07/03/2012	11.70	12.07	11.70	12.04	3504215	42948960.000
07/04/2012	11.87	11.87	11.10	11.31	9404665	111457232.000
07/05/2012	11.18	11.24	10.65	10.72	4903804	55386832.000
07/06/2012	10.80	10.84	10.10	10.49	6081415	66124160.000
07/09/2012	10.23	10.38	9.49	9.59	8687104	89369552.000
07/10/2012	9.50	9.76	9.42	9.68	3389885	33970416.000
07/11/2012	9.63	9.74	9.53	9.69	2464892	24766728.000
07/12/2012	9.69	9.87	9.53	9.83	3189005	32350656.000
07/13/2012	9.74	9.85	9.48	9.48	3958025	39638472.000
07/16/2012	9.45	9.45	8.55	8.59	6109231	56544500.000
07/17/2012	8.52	8.90	8.52	8.85	3371881	30963524.000
07/18/2012	8.84	9.00	8.67	8.93	2884708	26567042.000
07/19/2012	8.89	9.18	8.86	9.03	4876338	46106316.000
07/20/2012	8.95	9.13	8.83	8.90	2935933	27575408.000
07/23/2012	8.77	8.95	8.65	8.90	1779487	16377368.000
07/24/2012	8.82	9.15	8.73	9.05	2508796	23577070.000
07/25/2012	9.00	9.23	8.93	8.96	2991461	28325058.000
07/26/2012	8.95	9.15	8.89	8.92	2594533	24408536.000
07/27/2012	8.95	9.05	8.73	8.80	2839860	26412316.000
07/30/2012	8.83	8.87	8.41	8.41	2658150	23809270.000
07/31/2012	8.49	8.49	8.22	8.31	2584501	22556172.000
08/01/2012	8.30	8.53	8.30	8.48	2733835	24136842.000
08/02/2012	8.48	8.51	8.35	8.41	2074047	18302602.000
08/03/2012	8.44	8.95	8.41	8.85	5528477	50620148.000
08/06/2012	8.78	9.10	8.72	9.10	4962847	46236280.000
08/07/2012	9.09	9.22	9.04	9.11	3835963	36502340.000
08/08/2012	9.14	9.43	8.91	9.28	4980449	47941048.000
08/09/2012	9.29	9.36	9.10	9.29	3629761	35024936.000
08/10/2012	9.27	9.35	9.16	9.22	2499468	24059682.000
08/13/2012	9.20	9.20	8.72	8.80	3287492	30903360.000
08/14/2012	8.82	8.82	8.49	8.75	3807378	34393220.000
08/15/2012	8.67	8.75	8.56	8.63	2068383	18698760.000
08/16/2012	8.60	8.80	8.59	8.66	1900548	17302016.000
08/17/2012	8.83	9.57	8.82	9.57	4528550	44257772.000
08/20/2012	9.80	10.15	9.61	9.84	16218322	166330176.000
08/21/2012	9.62	10.53	9.59	10.22	14937298	156474048.000
08/22/2012	10.01	10.15	9.90	10.10	8808063	91951832.000
08/23/2012	10.06	10.47	10.00	10.32	10370965	110749448.000
08/24/2012	10.22	10.23	9.69	9.73	7541670	77602664.000
08/27/2012	9.65	9.92	9.63	9.69	5160729	52528260.000
08/28/2012	9.75	10.12	9.71	10.05	6828867	70795560.000
08/29/2012	10.05	10.73	9.94	10.20	11886006	128488744.000
08/30/2012	10.11	10.18	9.28	9.64	8616091	87432040.000
08/31/2012	9.52	9.79	9.52	9.74	3467822	34896688.000
09/03/2012	9.65	10.17	9.63	10.15	5712233	59110152.000
09/04/2012	10.20	10.46	9.91	9.93	7170181	75581640.000
09/05/2012	9.87	10.47	9.74	10.38	9224005	97867680.000
09/06/2012	10.39	10.59	10.19	10.59	9159910	98882120.000
09/07/2012	10.59	11.18	10.37	10.87	13939807	155567024.000
09/10/2012	10.86	10.97	10.68	10.82	6687736	74915504.000
09/11/2012	11.18	11.45	10.75	10.81	9076107	103550920.000
09/12/2012	10.78	10.90	10.45	10.66	8133887	89864056.000
09/13/2012	10.60	10.78	10.45	10.49	4595262	50746944.000
09/14/2012	10.58	10.69	10.34	10.49	4907176	53571176.000
09/17/2012	10.42	10.42	9.83	9.83	4585285	48028632.000
09/18/2012	9.79	9.97	9.79	9.82	2619285	26929848.000
09/19/2012	9.88	10.06	9.81	9.96	2670249	27611604.000
09/20/2012	9.90	9.92	9.22	9.23	5445962	53817788.000
09/21/2012	9.20	9.35	8.95	8.95	2711995	25918716.000
09/24/2012	8.81	9.20	8.72	9.08	2996033	28010940.000
09/25/2012	8.99	9.19	8.92	9.06	2198418	20801240.000
09/26/2012	9.00	9.08	8.40	8.45	3948887	35848524.000
09/27/2012	8.53	8.83	8.41	8.72	3076326	27852974.000
09/28/2012	8.70	8.95	8.57	8.91	2803061	25902716.000
10/08/2012	9.05	9.14	8.89	8.94	2314703	21775030.000
10/09/2012	8.92	9.44	8.92	9.35	4413990	42384116.000
10/10/2012	9.27	9.68	9.25	9.50	3508755	34621816.000
10/11/2012	9.46	9.55	9.11	9.13	3243668	31411034.000
10/12/2012	9.17	9.31	8.89	9.05	2243307	21219570.000
10/15/2012	8.95	8.99	8.23	8.50	5217907	46853888.000
10/16/2012	8.50	8.69	8.49	8.52	2752467	24719680.000
10/17/2012	8.59	8.70	8.42	8.65	2472073	22205638.000
10/18/2012	8.68	9.10	8.65	9.06	6049293	56149160.000
10/19/2012	9.03	9.38	8.99	9.17	4652864	44673604.000
10/22/2012	9.05	9.24	9.01	9.15	2381401	22659496.000
10/23/2012	9.06	9.28	9.05	9.10	2887972	27562734.000
10/24/2012	9.03	9.15	8.86	8.98	2178871	20499706.000
10/25/2012	9.04	9.28	8.94	9.05	3584323	34232692.000
10/26/2012	9.05	9.09	8.49	8.56	3481268	31671858.000
10/29/2012	8.55	8.72	8.48	8.54	1563117	14072952.000
10/30/2012	8.50	8.67	8.48	8.59	1035027	9304210.000
10/31/2012	8.62	8.65	8.41	8.50	1412755	12584964.000
11/01/2012	8.58	8.83	8.50	8.76	2316554	21130316.000
11/02/2012	8.90	9.09	8.88	8.97	3468656	32492254.000
11/05/2012	8.97	8.97	8.78	8.86	1308364	12092256.000
11/06/2012	8.85	8.87	8.53	8.70	1705915	15440774.000
11/07/2012	8.74	8.79	8.60	8.75	1170651	10686949.000
11/08/2012	8.64	8.67	8.45	8.47	1494684	13422090.000
11/09/2012	8.46	8.57	8.39	8.44	1575241	13941979.000
11/12/2012	8.50	8.56	8.36	8.49	1134528	10056965.000
11/13/2012	8.51	8.53	8.22	8.22	1991273	17343646.000
11/14/2012	8.22	8.25	7.97	8.12	1899842	16129637.000
11/15/2012	8.08	8.08	7.80	7.80	1242544	10370776.000
11/16/2012	7.80	7.84	7.72	7.80	1039688	8497166.000
11/19/2012	7.80	7.97	7.75	7.95	1984233	16326219.000
11/20/2012	7.95	7.99	7.80	7.82	1504732	12480447.000
11/21/2012	7.80	8.05	7.70	8.01	1697575	14062944.000
11/22/2012	7.95	7.95	7.81	7.87	1015898	8422936.000
11/23/2012	7.89	8.09	7.80	7.91	1830270	15254267.000
11/26/2012	7.86	7.94	7.70	7.72	1897782	15654163.000
11/27/2012	7.70	7.70	7.28	7.30	2128226	16688548.000
11/28/2012	7.25	7.25	7.12	7.20	1493688	11330410.000
11/29/2012	7.20	7.26	6.85	6.92	2365767	17693592.000
11/30/2012	6.91	7.01	6.80	6.88	2024693	14782666.000
12/03/2012	6.86	6.98	6.66	6.66	1962938	14183265.000
12/04/2012	6.65	6.79	6.46	6.76	3089810	21564230.000
12/05/2012	6.73	7.25	6.65	7.05	3189934	23682338.000
12/06/2012	7.00	7.17	6.95	7.04	1644736	12243550.000
12/07/2012	7.09	7.40	6.89	7.23	3702123	28015068.000
12/10/2012	7.23	7.49	7.16	7.44	4704291	36579392.000
12/11/2012	7.44	7.51	7.30	7.39	3327734	25926392.000
12/12/2012	7.34	7.40	7.20	7.31	2652139	20397596.000
12/13/2012	7.28	7.45	7.23	7.29	2619159	20327100.000
12/14/2012	7.23	7.70	7.22	7.64	5231000	41378760.000
12/17/2012	7.58	7.70	7.50	7.63	4548456	36326496.000
12/18/2012	7.59	7.72	7.51	7.55	3982254	31973902.000
12/19/2012	7.51	7.69	7.50	7.61	2973536	23808096.000
12/20/2012	7.70	7.81	7.49	7.60	6149277	49396116.000
12/21/2012	7.54	7.69	7.50	7.58	5005925	39942828.000
12/24/2012	7.54	7.73	7.52	7.72	4787107	38500756.000
12/25/2012	7.65	7.96	7.59	7.90	7575879	61988044.000
12/26/2012	7.87	8.25	7.79	8.20	9926948	83511624.000
12/27/2012	8.25	8.27	7.88	7.89	6636139	55977728.000
12/28/2012	7.87	7.94	7.75	7.90	4791832	39557424.000
12/31/2012	7.93	7.94	7.79	7.87	4947000	40850816.000
01/04/2013	7.93	8.04	7.85	7.94	5093215	42480788.000
01/07/2013	7.99	8.16	7.86	8.12	5455056	45922076.000
01/08/2013	8.13	8.47	8.09	8.29	8801119	76447576.000
01/09/2013	8.31	8.48	8.09	8.16	7198868	62286392.000
01/10/2013	8.19	8.57	8.18	8.55	12597029	111399336.000
01/11/2013	8.59	8.65	8.32	8.36	9738775	86384704.000
01/14/2013	8.31	8.80	8.31	8.75	10838839	97737200.000
01/15/2013	8.80	9.05	8.75	8.83	11799909	109619216.000
01/16/2013	8.80	8.97	8.50	8.96	10737552	97990920.000
01/17/2013	9.15	9.26	8.61	8.66	8192384	76127160.000
01/18/2013	8.68	8.78	8.53	8.78	6164949	55961200.000
01/21/2013	8.74	8.82	8.67	8.74	4223394	38556236.000
01/22/2013	8.76	8.83	8.46	8.50	5573564	50385548.000
01/23/2013	8.50	8.52	8.27	8.50	4336306	38167780.000
01/24/2013	8.48	8.63	7.90	8.07	5996295	52262944.000
01/25/2013	8.08	8.16	7.95	8.01	2856237	24153310.000
01/28/2013	8.04	8.25	8.04	8.24	3155670	27003224.000
01/29/2013	8.21	8.35	8.17	8.26	4072972	35242508.000
01/30/2013	8.31	8.31	8.10	8.17	4268660	36650892.000
01/31/2013	8.17	8.19	7.99	8.03	3332651	28204392.000
02/01/2013	7.99	8.19	7.99	8.12	2616353	22287522.000
02/04/2013	8.16	8.19	7.95	7.97	2924920	24629294.000
02/05/2013	7.91	8.08	7.86	8.06	2256750	18948530.000
02/06/2013	8.06	8.27	8.06	8.25	3128093	26867284.000
02/07/2013	8.23	8.26	8.13	8.26	2239725	19264350.000
02/08/2013	8.25	8.52	8.20	8.46	3562036	31359864.000
02/18/2013	8.57	8.84	8.47	8.73	6510016	59197504.000
02/19/2013	8.66	8.74	8.43	8.50	4726053	42440452.000
02/20/2013	8.50	8.78	8.45	8.77	5149795	46643492.000
02/21/2013	8.70	8.72	8.45	8.54	4586191	41264796.000
02/22/2013	8.55	8.61	8.44	8.47	3217538	28768188.000
02/25/2013	8.50	8.70	8.45	8.65	3708679	33273306.000
02/26/2013	8.58	8.80	8.49	8.54	5158537	46853160.000
02/27/2013	8.55	8.65	8.18	8.26	4765045	41806044.000
02/28/2013	8.35	8.63	8.30	8.61	5728926	51165596.000
03/01/2013	8.64	8.93	8.60	8.89	9014845	82917824.000
03/04/2013	8.89	9.11	8.63	8.70	9739333	90466864.000
03/05/2013	8.68	9.22	8.53	9.13	9197306	85888888.000
03/06/2013	9.17	9.46	8.99	9.34	9981850	96464408.000
03/07/2013	9.30	9.31	8.82	8.99	7562235	71835144.000
03/08/2013	8.98	9.09	8.78	8.85	4184495	39000588.000
03/11/2013	8.85	8.98	8.77	8.83	2779568	25713914.000
03/12/2013	8.85	8.91	8.28	8.43	5296303	47462124.000
03/13/2013	8.34	8.42	8.11	8.24	3094156	26776060.000
03/14/2013	8.23	8.32	8.10	8.15	2923827	25207030.000
03/15/2013	8.18	8.34	7.96	8.14	3107534	26669652.000
03/18/2013	8.12	8.19	7.93	7.95	2504345	21216268.000
03/19/2013	7.94	8.07	7.89	8.07	2026864	17018704.000
03/20/2013	8.07	8.29	8.03	8.28	2435509	20954976.000
03/21/2013	8.29	8.54	8.24	8.38	3458755	30413080.000
03/22/2013	8.34	8.45	8.21	8.39	2405961	21008758.000
03/25/2013	8.45	8.45	8.24	8.32	2098906	18266096.000
03/26/2013	8.31	8.31	7.89	8.02	3374540	28408094.000
03/27/2013	8.01	8.11	7.93	8.01	1886220	15906761.000
03/28/2013	7.98	7.98	7.55	7.57	3569128	28748162.000
03/29/2013	7.60	7.64	7.50	7.58	2136462	17052422.000
04/01/2013	7.59	7.72	7.53	7.62	1453475	11679867.000
04/02/2013	7.65	7.70	7.40	7.45	2270280	18019842.000
04/03/2013	7.46	7.53	7.37	7.45	1457142	11429311.000
04/08/2013	7.32	7.51	7.20	7.51	1937789	14965089.000
04/09/2013	7.49	7.78	7.49	7.64	1991684	16061293.000
04/10/2013	7.66	7.74	7.52	7.58	1312504	10515679.000
04/11/2013	7.65	7.69	7.49	7.55	1114744	8902896.000
04/12/2013	7.53	7.59	7.33	7.39	1589319	12501833.000
04/15/2013	7.33	7.37	7.12	7.15	1299841	9900357.000
04/16/2013	7.16	7.32	7.06	7.31	1168181	8900330.000
04/17/2013	7.32	7.42	7.24	7.38	1027763	7944496.000
04/18/2013	7.34	7.57	7.31	7.53	1890425	14909485.000
04/19/2013	7.50	7.69	7.48	7.65	2319923	18608742.000
04/22/2013	7.59	7.75	7.55	7.66	1744279	14026618.000
04/23/2013	7.68	7.68	7.32	7.33	1800699	14126943.000
04/24/2013	7.40	7.68	7.35	7.64	2498474	19922710.000
04/25/2013	7.61	8.03	7.52	7.76	5571126	45978980.000
04/26/2013	7.80	7.83	7.56	7.58	2342915	18995344.000
05/02/2013	7.55	7.74	7.52	7.68	1757041	14136139.000
05/03/2013	7.70	7.93	7.65	7.86	2406194	19849734.000
05/06/2013	7.87	8.24	7.81	8.12	4802040	40622588.000
05/07/2013	8.05	8.08	7.96	8.02	2633580	22166200.000
05/08/2013	8.05	8.28	7.93	8.24	4415760	37511156.000
05/09/2013	8.15	8.37	8.08	8.24	4305891	37084392.000
05/10/2013	8.20	8.27	8.03	8.23	3043595	26156950.000
05/13/2013	8.26	8.44	8.13	8.40	5324533	46395268.000
05/14/2013	8.40	8.49	8.15	8.26	4342323	37862688.000
05/15/2013	8.28	8.85	8.23	8.80	9481390	85732056.000
05/16/2013	8.78	9.14	8.65	8.70	13111316	121647808.000
05/17/2013	8.65	9.61	8.64	9.61	13400927	128496992.000
05/20/2013	10.00	10.24	9.75	9.98	23876551	242799568.000
05/21/2013	10.02	10.48	10.01	10.13	17705306	184560656.000
05/22/2013	10.02	10.09	9.61	9.72	12650685	127010368.000
05/23/2013	9.71	9.99	9.42	9.48	12684669	126474744.000
05/24/2013	9.58	10.45	9.55	10.26	17233916	175852944.000
05/27/2013	10.26	10.57	10.09	10.29	12716108	133374376.000
05/28/2013	10.23	10.23	9.73	9.76	9862680	99221848.000
05/29/2013	9.81	10.33	9.71	10.09	9378387	96571456.000
05/30/2013	10.03	10.10	9.77	9.94	6151186	62155592.000
05/31/2013	10.00	10.00	9.60	9.68	6416280	63756788.000
06/03/2013	9.66	9.85	9.45	9.51	5129492	50583540.000
06/04/2013	9.57	9.61	9.03	9.22	5922250	56415800.000
06/05/2013	9.29	9.57	9.21	9.34	5084032	48673972.000
06/06/2013	9.30	9.30	8.96	9.03	4529666	42054560.000
06/07/2013	9.17	9.17	8.90	9.10	4431632	40973540.000
06/13/2013	9.00	9.00	8.48	8.79	3828843	34187628.000
06/14/2013	8.82	9.21	8.79	9.12	5044778	46707636.000
06/17/2013	9.13	9.32	8.98	9.03	4721939	44199452.000
06/18/2013	9.00	9.06	8.69	8.97	4185277	38052264.000
06/19/2013	8.92	9.04	8.72	9.03	3263183	29599278.000
06/20/2013	8.95	8.96	8.56	8.59	3051394	27461822.000
06/21/2013	8.30	8.68	8.16	8.59	4267475	36847928.000
06/24/2013	8.58	8.58	7.79	7.92	3591331	30200122.000
06/25/2013	7.91	8.10	7.23	7.87	5565097	43967948.000
06/26/2013	7.87	8.18	7.70	8.10	5337397	43656388.000
06/27/2013	8.10	8.37	7.89	7.98	4881687	40612784.000
06/28/2013	7.89	8.14	7.71	7.84	3470039	28063570.000
07/01/2013	7.80	8.06	7.63	8.04	2961566	24005670.000
07/02/2013	8.04	8.28	7.99	8.24	4695182	39184628.000
07/03/2013	8.24	8.24	7.87	8.16	4105840	33945480.000
07/04/2013	8.09	8.35	8.04	8.28	4782568	40429312.000
07/05/2013	8.21	8.30	7.94	7.99	3832500	31914846.000
07/08/2013	7.79	7.79	7.38	7.41	3883421	30107510.000
07/09/2013	7.54	7.54	7.35	7.48	2199153	16823700.000
07/10/2013	7.40	7.76	7.40	7.71	3178299	24795228.000
07/11/2013	7.71	7.99	7.64	7.95	3832908	30785894.000
07/12/2013	7.94	8.11	7.87	7.87	3974024	32621830.000
07/15/2013	7.87	8.21	7.83	8.21	4921330	40747620.000
07/16/2013	8.20	8.37	8.17	8.31	5990045	50793228.000
07/17/2013	8.31	8.45	8.18	8.18	5981664	50945240.000
07/18/2013	8.16	8.35	8.03	8.30	4551115	38366348.000
07/19/2013	8.24	8.48	7.88	7.88	5691000	48151624.000
07/22/2013	7.76	8.15	7.71	8.14	4821936	39478752.000
07/23/2013	8.14	8.47	8.14	8.46	5940468	50890488.000
07/24/2013	8.45	8.67	8.32	8.64	7150481	62308972.000
07/25/2013	8.61	8.64	8.22	8.23	5880479	50658996.000
07/26/2013	8.27	8.39	8.00	8.37	3699092	31125514.000
07/29/2013	8.40	8.67	8.32	8.40	7137180	62168740.000
07/30/2013	8.35	8.45	8.03	8.17	4134755	34772712.000
07/31/2013	8.16	8.59	8.13	8.30	5246092	45007008.000
08/01/2013	8.30	8.65	8.28	8.65	7537212	65876596.000
08/02/2013	8.71	9.54	8.68	9.40	12988107	123942952.000
08/05/2013	9.21	9.33	9.07	9.28	11083727	104103400.000
08/06/2013	9.25	9.36	9.12	9.22	6700445	63295004.000
08/07/2013	9.15	9.34	8.82	8.90	7156622	65745252.000
08/08/2013	8.81	9.15	8.80	8.96	5051709	46435300.000
08/09/2013	9.03	9.04	8.64	8.84	6143811	55398356.000
08/12/2013	8.91	9.33	8.88	9.17	7561122	70852960.000
08/13/2013	9.20	9.28	9.06	9.13	4968723	46428972.000
08/14/2013	9.18	9.18	8.88	8.96	4639897	42743876.000
08/15/2013	8.91	9.08	8.85	8.85	3091706	28294256.000
08/16/2013	8.80	9.08	8.55	8.55	4875862	44064200.000
08/19/2013	8.58	8.88	8.55	8.88	3249590	29085342.000
08/20/2013	8.90	9.31	8.88	9.12	6880139	64126712.000
08/21/2013	9.10	9.32	9.02	9.24	5760400	54193420.000
08/22/2013	9.23	9.66	9.16	9.53	9712620	93850720.000
08/23/2013	9.50	9.99	9.38	9.77	14612804	145713488.000
08/26/2013	9.70	10.05	9.61	9.70	8609118	86017664.000
08/27/2013	9.76	9.90	9.50	9.77	6311494	62213336.000
08/28/2013	9.75	9.85	9.41	9.41	5524161	54327796.000
08/29/2013	9.50	9.77	9.45	9.55	5184598	51015120.000
08/30/2013	9.65	9.65	9.21	9.27	5557491	53376388.000
09/02/2013	9.26	9.72	9.26	9.68	3488089	33906016.000
09/03/2013	9.69	9.88	9.61	9.73	3576096	35592680.000
09/04/2013	9.79	9.83	9.40	9.46	4506833	44142232.000
09/05/2013	9.54	9.94	9.42	9.81	8511442	84553376.000
09/06/2013	9.90	9.90	9.57	9.68	5209958	51454540.000
09/09/2013	9.68	9.72	9.40	9.61	4791097	46581272.000
09/10/2013	9.60	9.60	9.42	9.51	3862256	37406572.000
09/11/2013	9.50	9.53	8.98	9.07	5424488	50777832.000
09/12/2013	9.00	9.15	8.95	9.02	2812237	25969788.000
09/13/2013	9.05	9.18	8.99	9.16	2398867	22336966.000
09/16/2013	9.13	9.26	9.04	9.15	2201005	20570386.000
09/17/2013	9.09	9.17	8.87	8.87	3266294	29961270.000
09/18/2013	8.89	9.12	8.89	9.08	1875279	17287566.000
09/23/2013	9.09	9.22	8.99	9.19	4687913	43629760.000
09/24/2013	9.17	9.17	8.99	9.06	3748200	34716208.000
09/25/2013	9.01	9.16	8.92	8.94	3508586	32455946.000
09/26/2013	8.93	9.04	8.78	8.78	2973805	27074814.000
09/27/2013	8.78	8.95	8.77	8.88	2635547	23872916.000
09/30/2013	8.95	9.08	8.88	9.05	3204326	29532662.000
10/08/2013	9.05	9.34	8.99	9.28	4868091	45817128.000
10/09/2013	9.25	9.42	9.16	9.39	4874760	46228584.000
10/10/2013	9.42	9.56	9.18	9.22	4742967	45298860.000
10/11/2013	9.23	9.42	9.20	9.36	3984952	37950876.000
10/14/2013	9.37	9.43	9.15	9.30	5480183	51996236.000
10/15/2013	9.30	9.41	9.10	9.15	4455768	42015584.000
10/16/2013	9.13	9.15	8.74	8.79	3979629	36192372.000
10/17/2013	8.79	9.01	8.79	8.85	2857742	26014444.000
10/18/2013	8.85	9.00	8.85	8.90	2621984	23902880.000
10/21/2013	8.93	9.39	8.91	9.33	5957947	55864804.000
10/22/2013	9.37	9.65	9.33	9.34	8400636	81356320.000
10/23/2013	9.36	9.53	9.05	9.08	4777960	45096788.000
10/24/2013	9.08	9.31	9.02	9.31	4206515	39615636.000
10/25/2013	9.31	9.71	9.21	9.45	9103683	88278920.000
10/28/2013	9.39	9.91	9.35	9.75	12310699	122196312.000
10/29/2013	9.73	9.82	8.76	8.95	13955613	130202168.000
10/30/2013	8.86	8.87	8.50	8.80	5714574	50836100.000
10/31/2013	8.79	8.93	8.60	8.88	4284650	38414328.000
11/01/2013	8.80	8.87	8.62	8.66	3350502	29813558.000
11/04/2013	8.68	8.84	8.59	8.72	3191021	28500702.000
11/05/2013	8.72	8.94	8.61	8.90	3941334	35576860.000
11/06/2013	8.79	9.42	8.67	8.97	10359139	96024960.000
11/07/2013	8.89	8.90	8.53	8.58	5393590	48103648.000
11/08/2013	8.51	8.64	8.21	8.25	4355032	37279464.000
11/11/2013	8.18	8.44	8.10	8.36	2500008	21333878.000
11/12/2013	8.33	8.48	8.33	8.44	2410520	20802498.000
11/13/2013	8.41	8.46	8.10	8.18	2379746	20220450.000
11/14/2013	8.20	8.45	8.14	8.44	2601594	22224940.000
11/15/2013	8.44	8.72	8.40	8.56	4422320	38936712.000
11/18/2013	8.63	8.85	8.56	8.77	4948517	44179812.000
11/19/2013	8.78	9.12	8.71	8.98	6387444	58531684.000
11/20/2013	8.93	9.07	8.92	9.00	3627080	33292408.000
11/21/2013	8.95	9.09	8.92	9.03	4053870	37356044.000
11/22/2013	9.32	9.32	8.79	8.80	5058051	46296436.000
11/25/2013	8.73	9.16	8.72	9.07	4255502	39090144.000
11/26/2013	9.02	9.30	8.96	9.20	5386402	50435840.000
11/27/2013	9.20	9.56	9.15	9.40	7847076	75453568.000
11/28/2013	9.45	9.46	9.28	9.33	5018358	48006524.000
11/29/2013	9.35	9.91	9.35	9.73	10571419	104638704.000
12/02/2013	9.33	9.46	8.80	8.87	9343377	87265704.000
12/03/2013	8.76	9.14	8.68	9.05	4184474	38341448.000
12/04/2013	9.04	9.77	8.99	9.59	8320001	80345248.000
12/05/2013	9.53	10.57	9.46	10.17	22906618	241213024.000
12/06/2013	10.12	10.25	9.80	9.94	13442163	136933648.000
12/09/2013	10.03	10.18	9.94	10.06	7415134	75928848.000
12/10/2013	10.00	10.18	9.71	10.17	7861951	80201600.000
12/11/2013	10.10	10.33	9.85	9.95	6494734	66811904.000
12/12/2013	9.84	10.41	9.84	10.18	7309804	75907360.000
12/13/2013	10.15	10.75	10.01	10.50	10035299	106943888.000
12/16/2013	10.47	10.75	10.12	10.24	7182456	75931592.000
12/17/2013	10.24	10.35	9.86	9.90	6022386	61480436.000
12/18/2013	9.96	10.91	9.90	10.91	8559511	92626552.000
12/19/2013	11.15	11.25	10.66	10.70	18324765	205085952.000
12/20/2013	10.58	10.87	10.45	10.55	9057676	98147512.000
12/23/2013	10.58	10.72	9.95	10.30	7582675	79475784.000
12/24/2013	10.36	10.56	10.02	10.31	7874210	82586800.000
12/25/2013	10.21	10.73	10.11	10.73	9035587	96645384.000
12/26/2013	10.61	10.87	10.52	10.57	8043739	87370160.000
12/27/2013	10.39	11.14	10.30	11.05	11037079	121670384.000
12/30/2013	11.01	11.56	10.92	11.12	11941972	136819680.000
12/31/2013	10.96	11.12	10.75	10.93	7990490	88774896.000
01/02/2014	10.84	11.75	10.72	11.49	12113343	139736176.000
01/03/2014	11.40	11.73	11.25	11.41	10682904	124825600.000
01/06/2014	11.39	11.70	11.00	11.12	9655073	111536048.000
01/07/2014	10.97	11.24	10.84	11.21	6915032	78112920.000
01/08/2014	11.25	11.75	11.23	11.36	10339706	121245616.000
01/09/2014	11.20	11.62	10.39	10.49	20152239	226675392.000
01/10/2014	10.39	10.39	9.79	9.91	13481296	138894352.000
01/13/2014	9.91	10.11	9.80	9.94	6643847	67606416.000
01/14/2014	9.95	10.29	9.94	10.28	7153756	74178032.000
01/15/2014	10.27	10.90	10.21	10.80	13671839	147893232.000
01/16/2014	10.78	11.50	10.70	10.91	14930637	168917152.000
01/17/2014	10.86	11.15	10.67	10.94	8008067	88961304.000
01/20/2014	10.91	11.24	10.52	10.59	8524340	94154000.000
01/21/2014	10.46	11.67	10.46	11.67	17967092	205778064.000
01/22/2014	11.72	12.12	11.47	11.91	19085949	227993056.000
01/23/2014	11.94	13.12	11.80	12.45	23935316	304342432.000
01/24/2014	12.35	12.79	12.35	12.50	12998748	165385920.000
01/27/2014	12.45	13.00	12.36	12.52	9937554	127587104.000
01/28/2014	12.38	12.63	11.86	12.21	10072828	124275544.000
01/29/2014	12.22	12.70	12.11	12.59	8224254	103893712.000
01/30/2014	12.50	12.82	12.15	12.26	6825161	86389744.000
02/07/2014	12.07	13.51	11.91	13.51	16013729	212163728.000
02/10/2014	13.70	14.46	13.42	14.17	17359745	245399856.000
02/11/2014	14.00	14.38	13.56	14.01	11869838	167926640.000
02/12/2014	13.90	14.42	13.70	14.14	10874784	155657296.000
02/13/2014	13.90	14.13	13.31	13.31	10596750	147795920.000
02/14/2014	13.29	13.68	13.26	13.60	7653229	104907256.000
02/17/2014	13.70	14.15	13.65	13.84	9825014	138165024.000
02/18/2014	13.89	14.65	13.70	14.23	12705111	182725040.000
02/19/2014	14.05	14.25	13.71	13.93	9444518	133588248.000
02/20/2014	13.93	14.08	13.14	13.20	10714508	146591952.000
02/21/2014	13.13	13.48	12.95	13.35	5853430	78553872.000
02/24/2014	13.28	13.84	13.10	13.82	7563942	103745480.000
02/25/2014	13.83	14.13	12.42	12.64	13545109	183065648.000
02/26/2014	12.51	12.87	12.20	12.87	8957880	114614312.000
02/27/2014	12.95	13.20	12.61	12.71	6931940	90533360.000
02/28/2014	12.58	12.86	12.32	12.81	5074098	64971652.000
03/03/2014	12.85	13.17	12.75	13.12	5342055	70381816.000
03/04/2014	13.02	13.27	12.85	13.07	4514097	59760336.000
03/05/2014	13.16	13.32	12.87	12.90	4681597	62133776.000
03/06/2014	12.74	12.74	12.23	12.43	5838771	73938616.000
03/07/2014	12.50	12.73	12.34	12.55	3422836	43568200.000
03/10/2014	12.45	12.45	11.81	11.90	6259719	76800160.000
03/11/2014	11.72	12.06	11.72	11.94	3351932	40548632.000
03/12/2014	11.87	12.20	11.42	12.10	5906170	71203128.000
03/13/2014	12.06	12.86	12.00	12.81	8946427	114025360.000
03/14/2014	12.72	12.89	12.48	12.68	5495748	70772640.000
03/17/2014	12.64	13.05	12.60	12.93	5241583	68417800.000
03/18/2014	13.00	13.35	12.88	13.09	6583499	87871192.000
03/19/2014	13.05	13.06	12.77	12.94	4457380	58309940.000
06/10/2014	11.63	11.63	11.63	11.63	1625000	19223750.000
06/11/2014	11.46	11.80	11.38	11.59	8079680	95364224.000
06/12/2014	11.52	11.67	11.32	11.32	5061103	59154568.000
06/13/2014	11.29	11.67	11.16	11.62	5228333	60871852.000
06/16/2014	11.62	11.78	11.54	11.72	3878497	45986440.000
06/17/2014	11.65	11.75	11.57	11.60	3000485	35565308.000
06/18/2014	11.59	11.75	11.44	11.59	3728513	44107712.000
06/19/2014	11.58	11.67	10.80	10.93	4631670	52859788.000
06/20/2014	10.96	11.15	10.88	11.15	2922045	32692756.000
06/23/2014	11.14	11.45	11.06	11.34	3572088	41042116.000
06/24/2014	11.27	11.39	11.17	11.24	2888905	33125896.000
06/25/2014	11.26	11.36	11.17	11.20	2040363	23357576.000
06/26/2014	11.15	11.60	11.14	11.58	4958624	57776256.000
06/27/2014	11.59	11.75	11.50	11.70	4895023	58007096.000
06/30/2014	11.67	11.78	11.58	11.72	3755037	44608300.000
07/01/2014	11.70	11.72	11.54	11.62	3521832	41627124.000
07/02/2014	11.63	12.23	11.62	12.12	8051050	97969056.000
07/03/2014	12.10	12.24	11.95	12.08	4443305	54602172.000
07/04/2014	12.10	12.27	11.96	12.08	3361778	41292408.000
07/07/2014	12.09	12.20	11.83	12.00	3587749	43716716.000
07/08/2014	11.98	12.28	11.81	12.24	4821680	59287104.000
07/09/2014	12.17	12.42	11.90	11.95	6769761	84293112.000
07/10/2014	11.95	12.19	11.87	12.00	4660542	57006188.000
07/11/2014	12.02	12.37	11.96	12.35	5197753	64680908.000
07/14/2014	12.44	12.67	12.37	12.39	5021695	63822732.000
07/15/2014	12.38	12.59	12.15	12.59	6455092	80848400.000
07/16/2014	12.54	12.59	11.98	11.99	5113846	63706492.000
07/17/2014	11.99	12.25	11.96	12.10	3557461	43816200.000
07/18/2014	12.06	12.19	11.85	12.01	3287902	40187072.000
07/21/2014	11.98	12.04	11.64	11.79	2702392	32426716.000
07/22/2014	11.79	12.08	11.70	12.05	2452033	29797634.000
07/23/2014	12.05	12.05	11.38	11.38	4165152	49293264.000
07/24/2014	11.38	12.54	10.93	12.54	6617768	79122032.000
07/25/2014	12.54	13.18	11.90	12.33	13026169	167606496.000
07/28/2014	12.39	12.48	12.09	12.34	8250886	103221168.000
07/29/2014	12.40	12.61	12.29	12.35	6853620	86793072.000
07/30/2014	12.35	12.88	12.25	12.84	9980846	127889248.000
07/31/2014	12.74	12.80	12.58	12.69	5188363	66770996.000
08/01/2014	12.69	12.78	12.33	12.41	4912947	62807120.000
08/04/2014	12.41	12.66	12.38	12.66	3208218	40850080.000
08/05/2014	12.61	12.97	12.46	12.90	5960661	77512896.000
08/06/2014	12.85	13.20	12.75	13.03	8425392	111623040.000
08/07/2014	13.00	13.10	12.81	12.82	4803399	63112620.000
08/08/2014	12.90	13.09	12.66	12.85	3802362	48867724.000
08/11/2014	12.90	13.07	12.75	13.04	3859490	50038824.000
08/12/2014	13.02	13.28	12.96	13.25	5396381	71062720.000
08/13/2014	13.25	13.50	12.93	13.08	5784846	75853672.000
08/14/2014	13.09	13.23	12.96	12.99	4790655	62671008.000
08/15/2014	12.96	13.19	12.92	13.13	3710687	48492984.000
08/18/2014	13.20	13.46	13.15	13.40	6928556	92407376.000
08/19/2014	13.44	13.50	13.30	13.41	5158616	69070072.000
08/20/2014	13.40	13.56	13.32	13.38	5147113	69249376.000
08/21/2014	13.39	13.83	13.29	13.74	8410729	114390632.000
08/22/2014	13.73	14.25	13.63	13.84	8824311	122639472.000
08/25/2014	13.85	13.94	13.58	13.60	4632359	63487656.000
08/26/2014	13.58	13.78	13.17	13.23	5312927	71494800.000
08/27/2014	13.29	13.41	13.20	13.34	3580791	47741448.000
08/28/2014	13.39	13.45	12.91	13.02	4544893	59446680.000
08/29/2014	13.01	13.25	13.00	13.21	2558040	33685960.000
09/04/2014	14.53	14.53	13.90	14.53	24223203	347629088.000
09/05/2014	14.55	14.77	14.24	14.38	15835570	229069792.000
09/09/2014	14.38	14.44	14.03	14.38	8343716	119055784.000
09/10/2014	14.39	15.21	14.28	14.93	15120646	224373952.000
09/11/2014	14.97	15.14	14.65	14.80	10456662	155530864.000
09/12/2014	14.78	14.89	14.62	14.83	5795400	85583696.000
09/15/2014	14.81	15.14	14.79	14.99	6346749	95256488.000
09/16/2014	15.01	15.15	14.07	14.21	9309732	135657968.000
09/17/2014	14.19	14.30	13.92	14.11	6220657	87564856.000
09/18/2014	14.10	14.32	13.98	14.27	4327754	61292772.000
09/19/2014	14.29	14.37	14.08	14.35	3605629	51404880.000
09/22/2014	14.28	14.30	14.00	14.01	4047089	57192528.000
09/23/2014	13.96	14.55	13.96	14.39	5030341	71348224.000
09/24/2014	14.36	14.87	14.31	14.75	6065986	88372640.000
09/25/2014	14.71	15.10	14.43	14.75	13843028	204222240.000
09/26/2014	14.70	14.97	14.33	14.45	13798249	201408800.000
09/29/2014	14.48	14.78	14.43	14.78	8444682	123449448.000
09/30/2014	14.86	14.99	14.76	14.91	6867455	102325776.000
10/08/2014	15.40	16.00	15.09	15.38	11839911	181870576.000
10/09/2014	15.30	15.57	15.01	15.28	9035879	138067008.000
10/10/2014	15.17	16.25	15.11	15.95	17119900	269192000.000
10/13/2014	15.80	15.95	15.40	15.95	9600200	150804608.000
10/14/2014	15.96	16.50	15.88	16.05	11131762	179899536.000
10/15/2014	16.00	16.00	15.34	15.60	9658348	150471568.000
10/16/2014	15.38	15.60	15.01	15.09	6561259	100600376.000
10/17/2014	14.98	15.16	14.40	14.53	9255922	136249776.000
10/20/2014	14.52	14.82	14.52	14.81	5220161	76651936.000
10/21/2014	14.80	14.85	14.49	14.49	4330078	63554628.000
10/22/2014	14.45	14.56	14.18	14.18	5889801	84736400.000
10/23/2014	14.07	14.22	13.76	13.95	6077547	84927544.000
10/24/2014	13.96	14.19	13.93	14.04	3538393	49782588.000
10/27/2014	14.03	14.59	13.78	14.30	4279603	60743088.000
10/28/2014	14.38	14.67	14.36	14.66	5391306	78581424.000
10/29/2014	14.70	14.93	14.62	14.85	6809532	100776520.000
10/30/2014	14.85	15.05	14.58	14.65	6422944	95137848.000
10/31/2014	14.68	14.74	14.25	14.60	5269166	76376880.000
数据来源:通达信
