300113 顺网科技 日线
      日期	    开盘	    最高	    最低	    收盘	    成交量	    成交额
10/08/2010	13.77	13.89	13.35	13.71	463744	31511246.000
10/11/2010	13.73	13.73	12.30	12.65	1000158	63663164.000
10/12/2010	12.56	12.85	12.44	12.65	559567	35160160.000
10/13/2010	12.53	12.54	12.23	12.46	700938	43096920.000
10/14/2010	12.48	12.83	12.44	12.56	469052	29491632.000
10/15/2010	12.44	12.44	11.82	11.97	427742	25935974.000
10/18/2010	11.93	11.93	10.98	11.34	376673	21251518.000
10/19/2010	11.39	12.51	11.29	12.51	490974	29797450.000
10/20/2010	12.29	13.00	12.25	12.48	439410	27715268.000
10/21/2010	12.43	12.53	12.13	12.47	260410	15957000.000
10/22/2010	12.36	13.30	12.36	13.12	456700	29454028.000
10/25/2010	13.66	14.47	13.66	14.47	628751	44932760.000
10/26/2010	14.88	15.13	14.51	14.67	746541	54590956.000
10/27/2010	14.48	14.48	13.78	14.05	643464	44878920.000
10/28/2010	13.91	13.91	13.54	13.68	360228	24471904.000
10/29/2010	13.68	14.91	13.68	14.48	765560	54834536.000
11/01/2010	14.48	15.33	14.34	14.76	760422	56318932.000
11/02/2010	14.77	14.77	13.86	13.87	568442	39789604.000
11/03/2010	13.68	13.68	13.06	13.41	407516	26945064.000
11/04/2010	13.50	13.62	13.27	13.50	429378	28660154.000
11/05/2010	13.47	13.52	13.27	13.52	315543	20965706.000
11/08/2010	13.64	14.40	13.58	14.38	554609	38943720.000
11/09/2010	14.39	14.39	14.03	14.15	217362	15265515.000
11/10/2010	14.15	15.12	13.85	14.83	852635	61388652.000
11/11/2010	14.80	15.10	14.62	14.63	518180	38173936.000
11/12/2010	14.40	15.08	13.86	14.36	554446	40255256.000
11/15/2010	14.32	15.32	14.14	15.31	1302600	95907040.000
11/16/2010	15.13	15.44	14.30	14.79	845781	62922912.000
11/17/2010	14.51	15.12	14.20	14.21	568287	41187504.000
11/18/2010	14.20	14.51	13.33	13.68	580015	39470860.000
11/19/2010	13.78	14.48	13.47	14.45	484752	33764640.000
11/22/2010	14.45	15.19	14.45	14.55	762457	55887628.000
11/23/2010	14.55	14.89	14.22	14.71	490931	35229536.000
11/24/2010	14.81	15.88	14.61	15.64	946862	72469344.000
11/25/2010	15.64	15.70	15.02	15.46	680602	51997524.000
11/26/2010	15.43	16.15	15.25	15.50	819206	64033900.000
11/29/2010	15.81	15.84	15.06	15.36	1735915	131354248.000
11/30/2010	15.33	15.43	14.05	14.71	1100439	79566936.000
12/01/2010	14.54	14.60	14.11	14.27	695783	49384312.000
12/02/2010	14.38	14.48	14.15	14.28	414660	29405842.000
12/03/2010	14.28	14.37	13.58	13.68	539228	37064412.000
12/06/2010	13.58	13.78	12.36	13.23	853768	55605384.000
12/07/2010	13.02	13.74	12.92	13.64	480863	32082182.000
12/08/2010	13.59	13.75	13.33	13.47	300818	20273234.000
12/09/2010	13.43	13.58	13.30	13.41	209946	13995601.000
12/10/2010	13.41	13.99	13.27	13.97	447991	30842652.000
01/31/2011	15.33	15.33	12.83	13.51	1770064	120940504.000
02/01/2011	13.23	13.47	12.61	12.65	1237021	78682904.000
02/09/2011	12.63	12.85	12.21	12.73	533845	33840336.000
02/10/2011	12.69	13.14	12.55	13.10	435590	28151240.000
02/11/2011	13.11	13.70	13.06	13.68	630869	41911632.000
02/14/2011	14.02	14.13	13.68	14.13	535274	36911112.000
02/15/2011	14.02	14.46	13.94	14.07	512909	36200404.000
02/16/2011	13.89	14.15	13.84	14.07	396104	27480004.000
02/17/2011	14.09	14.38	14.02	14.26	330009	23296020.000
02/18/2011	14.46	14.46	14.09	14.10	494732	34841340.000
02/21/2011	14.09	14.18	13.91	14.09	347152	24215362.000
02/22/2011	14.09	14.19	13.06	13.07	683274	45396044.000
02/23/2011	13.06	13.44	13.06	13.41	423951	27872060.000
02/24/2011	13.41	13.41	13.08	13.27	219018	14420656.000
02/25/2011	13.17	13.41	13.12	13.26	151632	9991035.000
02/28/2011	13.26	13.37	12.72	13.09	449137	29061270.000
03/01/2011	13.10	14.04	13.10	13.69	475763	32233994.000
03/02/2011	13.55	13.71	13.41	13.55	143496	9641548.000
03/03/2011	13.58	13.59	13.24	13.25	342172	22713604.000
03/04/2011	13.17	13.37	13.17	13.33	97226	6417810.500
03/07/2011	13.33	13.60	13.31	13.51	211341	14205218.000
03/08/2011	14.54	14.54	13.51	13.66	345370	23811430.000
03/09/2011	13.66	13.89	13.53	13.64	199464	13614967.000
03/10/2011	13.78	13.93	13.68	13.79	284601	19484076.000
03/11/2011	13.70	13.98	13.62	13.69	299335	20489416.000
03/14/2011	13.69	13.78	13.43	13.58	343987	23231416.000
03/15/2011	13.66	13.68	13.06	13.24	318547	21136588.000
03/16/2011	13.20	13.53	13.20	13.43	155096	10341784.000
03/17/2011	13.43	13.43	13.08	13.11	221481	14614168.000
03/18/2011	13.27	13.78	13.21	13.72	346423	23326600.000
03/21/2011	13.78	14.44	13.78	14.07	697248	49063128.000
03/22/2011	14.08	14.52	13.89	14.49	723222	51452128.000
03/23/2011	14.46	14.59	14.00	14.58	875782	62359016.000
03/24/2011	14.57	14.77	14.41	14.43	375273	27165356.000
03/25/2011	14.32	14.48	14.17	14.19	279825	19875466.000
03/28/2011	14.19	14.22	13.76	13.85	283890	19669690.000
03/29/2011	13.85	13.92	13.16	13.28	351214	23515652.000
03/30/2011	13.36	13.36	12.44	12.56	432220	27654620.000
03/31/2011	12.50	12.74	12.50	12.54	176329	11052521.000
04/01/2011	12.69	12.81	12.36	12.78	202586	12697262.000
04/06/2011	12.78	12.79	12.44	12.47	179000	11175798.000
04/07/2011	12.37	12.37	12.13	12.23	306173	18652988.000
04/08/2011	12.23	12.42	12.23	12.40	142476	8783198.000
04/11/2011	12.48	12.48	12.17	12.17	239061	14660371.000
04/12/2011	12.25	12.72	12.23	12.42	136541	8482144.000
04/13/2011	12.23	12.64	12.22	12.61	131785	8238285.000
04/14/2011	12.60	12.75	12.50	12.68	138322	8695572.000
04/15/2011	12.83	12.85	12.44	12.49	126233	7892796.000
04/18/2011	12.44	12.56	12.25	12.31	118047	7295282.000
04/19/2011	12.30	12.44	12.05	12.15	109615	6666921.500
04/20/2011	12.16	12.78	12.16	12.68	283786	17854870.000
04/21/2011	12.67	12.81	12.51	12.64	202635	12824160.000
04/22/2011	12.64	13.25	12.55	13.19	314003	20330186.000
04/25/2011	13.17	13.39	12.92	13.02	187102	12256354.000
04/26/2011	13.06	13.54	12.85	13.31	343643	22690992.000
04/28/2011	13.21	13.27	12.43	12.44	179037	11355144.000
04/29/2011	12.34	12.65	12.24	12.44	170887	10638878.000
05/03/2011	12.44	12.50	12.36	12.48	191152	11826865.000
05/04/2011	12.48	12.52	12.40	12.48	75110	4667019.000
05/05/2011	12.50	13.76	12.50	13.76	816067	55466664.000
05/06/2011	13.76	13.96	13.45	13.64	417864	28380470.000
05/09/2011	13.47	13.68	13.27	13.65	363523	24381360.000
05/10/2011	13.42	13.64	12.81	13.09	445697	29092506.000
05/11/2011	13.21	13.44	13.08	13.25	346365	22762450.000
05/12/2011	12.86	13.13	11.90	11.90	1221376	33950376.000
05/13/2011	11.90	11.90	11.15	11.68	828570	21610588.000
05/16/2011	11.63	11.84	11.50	11.64	371130	9844975.000
05/17/2011	11.54	11.67	11.19	11.32	302406	7779161.000
05/18/2011	11.23	11.43	11.16	11.40	159046	4076310.500
05/19/2011	11.41	11.76	11.27	11.40	226124	5891069.000
05/20/2011	11.27	11.41	11.02	11.03	272987	6902444.500
05/23/2011	10.82	10.99	10.23	10.25	329707	7875637.500
05/24/2011	10.25	11.26	10.20	10.87	660375	15873909.000
05/25/2011	10.63	10.80	10.36	10.55	401799	9637116.000
05/26/2011	10.59	10.76	10.50	10.51	255847	6153813.000
05/27/2011	10.50	10.71	10.27	10.41	288528	6841538.500
05/30/2011	10.41	10.81	10.32	10.63	411899	9940349.000
05/31/2011	10.79	10.79	10.37	10.64	395745	9451570.000
06/01/2011	10.59	10.68	10.36	10.50	593314	14081485.000
06/02/2011	10.36	10.36	10.00	10.17	343325	7903435.000
06/03/2011	10.14	10.45	10.09	10.36	293703	6892469.500
06/07/2011	10.41	10.41	10.05	10.36	144134	3368566.000
06/08/2011	10.36	10.45	10.15	10.40	258414	6069852.000
06/09/2011	10.41	10.72	10.28	10.45	267740	6358735.000
06/10/2011	10.36	10.46	10.15	10.36	241417	5649361.000
06/13/2011	10.22	10.50	10.21	10.44	181394	4255089.500
06/14/2011	10.48	10.54	10.22	10.44	162731	3847657.500
06/15/2011	10.29	10.49	10.09	10.11	156510	3648714.250
06/16/2011	9.74	10.06	9.74	9.76	142990	3200114.500
06/17/2011	9.70	9.94	9.69	9.70	112270	2485769.000
06/20/2011	9.63	9.80	9.36	9.48	130359	2818191.250
06/21/2011	9.60	9.61	9.28	9.50	83950	1803235.250
06/22/2011	9.64	9.64	9.47	9.53	71082	1540530.625
06/23/2011	9.36	9.85	9.36	9.76	159083	3498613.000
06/24/2011	9.77	10.13	9.73	10.00	192228	4346816.000
06/27/2011	10.09	10.27	9.94	10.13	248385	5712462.500
06/28/2011	10.13	10.45	9.95	10.37	275908	6445992.000
06/29/2011	10.45	10.45	10.18	10.26	167493	3919736.250
06/30/2011	10.30	10.36	10.10	10.31	212112	4947661.000
07/01/2011	10.32	10.49	10.22	10.34	184533	4325076.000
07/04/2011	10.48	10.54	10.34	10.50	243383	5760280.000
07/05/2011	10.49	10.99	10.40	10.90	539617	13135636.000
07/06/2011	10.86	11.07	10.63	11.05	353245	8681118.000
07/07/2011	11.00	11.39	10.78	11.15	446598	11258414.000
07/08/2011	11.12	11.64	11.05	11.24	944838	24249730.000
07/11/2011	11.14	11.28	11.11	11.14	267199	6749290.500
07/12/2011	11.05	11.21	10.87	10.89	230776	5738946.500
07/13/2011	10.98	11.10	10.74	11.03	310203	7712440.000
07/14/2011	10.96	11.39	10.96	11.29	524212	13309761.000
07/15/2011	11.29	11.63	11.19	11.63	434688	11295054.000
07/18/2011	11.68	12.04	11.25	11.26	553162	14413459.000
07/19/2011	11.41	11.41	10.93	10.98	294313	7374142.000
07/20/2011	11.00	11.15	10.67	10.75	509719	12470358.000
07/21/2011	10.75	10.86	10.37	10.37	404633	9671845.000
07/22/2011	10.37	10.75	10.37	10.65	392426	9423962.000
07/25/2011	10.63	10.63	9.73	10.14	426484	9889212.000
07/26/2011	10.02	10.14	9.90	10.05	203168	4607307.500
07/27/2011	9.99	10.33	9.46	10.30	277942	6400796.000
07/28/2011	10.41	11.20	10.27	11.00	707964	17484254.000
07/29/2011	10.86	11.14	10.55	10.59	625767	15411084.000
08/01/2011	10.59	10.63	10.20	10.42	433937	10270946.000
08/02/2011	10.40	10.54	10.05	10.54	357457	8296515.000
08/03/2011	10.45	11.27	10.22	11.02	548445	13596921.000
08/04/2011	10.90	11.44	10.90	11.00	448659	11288552.000
08/05/2011	10.58	10.72	10.27	10.59	367666	8808514.000
08/08/2011	10.57	10.57	9.50	9.65	570171	12855931.000
08/09/2011	9.41	9.95	8.80	9.69	715736	15467914.000
08/10/2011	9.74	9.90	9.68	9.69	478034	10658853.000
08/11/2011	9.43	9.86	9.25	9.82	352442	7755376.000
08/12/2011	9.89	10.14	9.89	9.95	360183	8193807.000
08/15/2011	9.95	10.26	9.95	10.25	356862	8194280.000
08/16/2011	10.10	10.21	9.95	10.04	334222	7613447.000
08/17/2011	9.91	10.91	9.91	10.76	1236309	29613296.000
08/18/2011	10.76	10.76	10.28	10.33	680763	16119013.000
08/19/2011	10.10	10.14	9.59	9.81	753927	16907830.000
08/22/2011	9.81	10.07	9.80	9.87	515397	11644426.000
08/23/2011	10.09	10.24	9.68	10.24	510111	11637045.000
08/24/2011	10.24	10.70	10.16	10.38	730079	17351912.000
08/25/2011	10.45	10.74	10.19	10.37	987596	23279100.000
08/26/2011	10.34	10.49	10.14	10.45	611354	14309506.000
08/29/2011	10.45	10.75	10.36	10.57	801889	19273148.000
08/30/2011	10.76	10.76	10.50	10.53	641872	15475870.000
09/01/2011	10.45	11.61	10.41	11.30	1912768	49051576.000
09/02/2011	11.27	11.28	10.81	10.97	926210	23020132.000
09/05/2011	10.87	10.90	10.17	10.54	572043	13723219.000
09/06/2011	10.41	10.66	9.85	9.98	622018	14327030.000
09/07/2011	9.96	10.34	9.95	10.21	325373	7494287.500
09/08/2011	10.30	10.30	9.95	10.00	475641	10869743.000
09/09/2011	10.10	10.10	9.70	9.78	302314	6759697.000
09/13/2011	9.58	9.74	9.45	9.55	203222	4440616.000
09/14/2011	9.57	9.80	9.45	9.79	242069	5285202.500
09/15/2011	9.84	9.93	9.60	9.68	162091	3601581.000
09/16/2011	9.73	9.84	9.56	9.66	104004	2301828.750
09/19/2011	9.64	9.64	9.32	9.33	122613	2629931.500
09/20/2011	9.38	9.45	9.27	9.40	152728	3254821.750
09/21/2011	9.41	9.80	9.33	9.75	193497	4243063.500
09/22/2011	9.60	9.88	9.59	9.59	165879	3645033.250
09/23/2011	9.36	9.54	9.27	9.36	205456	4383142.500
09/26/2011	9.40	9.57	9.20	9.20	155325	3307742.750
09/27/2011	9.21	9.56	9.20	9.29	202392	4266829.000
09/28/2011	9.08	9.50	9.04	9.23	161690	3426068.000
09/29/2011	9.22	9.29	8.88	8.91	173740	3566501.000
09/30/2011	8.92	8.99	8.41	8.65	209808	4147842.250
10/10/2011	8.73	8.77	8.43	8.52	154480	3020317.500
10/11/2011	8.64	8.82	8.50	8.54	156802	3096092.000
10/12/2011	8.36	9.09	8.36	9.00	336518	6796696.000
10/13/2011	9.12	9.50	9.00	9.49	583129	12466110.000
10/14/2011	9.37	9.50	9.32	9.44	253991	5439585.500
10/17/2011	9.30	9.65	9.30	9.60	177440	3847820.500
10/18/2011	9.39	9.99	9.39	9.46	351861	7788650.500
10/19/2011	9.64	9.76	9.46	9.60	155770	3404858.250
10/20/2011	9.70	9.70	9.27	9.34	169704	3619610.500
10/21/2011	9.20	9.38	8.99	9.32	205402	4293566.500
10/24/2011	9.36	9.81	9.16	9.64	154162	3316092.000
10/25/2011	9.68	9.90	9.54	9.85	236960	5271869.500
10/26/2011	9.85	10.86	9.70	10.36	1106598	26283492.000
10/27/2011	10.16	10.36	9.71	9.86	815079	18453166.000
10/28/2011	9.99	10.13	9.82	10.06	516621	11730518.000
10/31/2011	9.96	10.64	9.92	10.55	717120	16883876.000
11/01/2011	10.37	10.77	10.29	10.56	621780	14919358.000
11/02/2011	10.17	11.36	10.17	11.18	1062034	26266112.000
11/03/2011	11.27	11.49	10.95	10.96	1225127	31098408.000
11/04/2011	10.96	11.18	10.79	10.82	508279	12581045.000
11/07/2011	10.68	11.30	10.68	10.99	550077	13787637.000
11/08/2011	11.00	11.07	10.78	11.07	355540	8803141.000
11/09/2011	11.17	11.49	10.73	11.49	1807436	45628072.000
11/10/2011	11.27	11.86	11.25	11.33	1665334	43314160.000
11/11/2011	11.24	11.45	11.02	11.05	1017471	25948066.000
11/14/2011	11.24	11.47	11.09	11.35	818744	20970406.000
11/15/2011	11.36	12.25	11.36	12.01	1870334	50592880.000
11/16/2011	12.02	13.03	11.84	12.51	2131993	59586452.000
11/17/2011	13.34	13.67	12.23	12.84	5261329	152640640.000
11/18/2011	12.41	12.59	11.83	12.19	2772364	76447208.000
11/21/2011	12.16	12.35	11.82	12.22	1259998	34365896.000
11/22/2011	11.96	12.35	11.95	12.06	826118	22621332.000
11/23/2011	12.06	12.27	11.43	11.49	1399024	36822572.000
11/24/2011	11.20	11.84	11.07	11.61	1683432	43722836.000
11/25/2011	11.48	12.49	11.41	12.31	2090318	56755896.000
11/28/2011	12.31	13.38	12.00	13.23	2082313	59475448.000
11/29/2011	13.15	13.58	12.86	13.23	1814900	53970300.000
11/30/2011	13.09	13.65	12.00	12.95	1926514	56586000.000
12/01/2011	13.32	14.20	13.03	13.55	2550878	78408120.000
12/02/2011	13.30	13.97	13.05	13.09	2549873	77568064.000
12/05/2011	12.82	13.09	11.75	11.75	1967703	54758284.000
12/06/2011	11.73	11.74	10.88	11.44	2027081	51913284.000
12/07/2011	11.44	11.67	11.05	11.56	1390943	35986756.000
12/08/2011	11.40	12.39	11.14	11.99	1949522	52066540.000
12/09/2011	11.74	12.07	11.25	11.45	1199998	31491340.000
12/12/2011	11.22	11.64	11.05	11.05	637408	16231358.000
12/13/2011	10.95	11.47	10.77	11.17	1596992	40303448.000
12/14/2011	11.17	11.40	10.74	10.84	1054366	26450762.000
12/15/2011	10.61	11.13	10.49	10.82	956112	23554094.000
12/16/2011	10.80	11.93	10.65	11.88	1935282	49474848.000
12/19/2011	11.59	12.40	11.45	12.27	2026748	54300820.000
12/20/2011	12.05	12.34	11.62	11.66	1597960	43044580.000
12/21/2011	11.92	12.09	11.05	11.11	1111044	29374262.000
12/22/2011	11.50	11.58	10.55	11.25	1660118	41571680.000
12/23/2011	11.25	11.45	10.92	11.25	1073246	27234886.000
12/26/2011	11.37	11.67	11.05	11.10	1129575	29074696.000
12/27/2011	11.05	11.11	9.96	9.96	1609415	38190644.000
12/28/2011	9.68	10.27	9.59	10.15	953990	21441406.000
12/29/2011	9.98	10.45	9.98	10.42	577084	13485932.000
12/30/2011	10.42	10.99	10.35	10.91	1269345	30219362.000
01/04/2012	10.82	10.82	10.34	10.34	743752	17916264.000
01/05/2012	10.34	10.34	9.28	9.28	1069300	23367574.000
01/06/2012	9.23	9.45	8.57	9.41	779841	16019253.000
01/09/2012	9.14	9.80	8.75	9.71	919896	19720974.000
01/10/2012	9.68	10.22	9.53	10.04	1048890	23644532.000
01/11/2012	10.04	10.59	9.86	10.03	1182171	27083380.000
01/12/2012	10.09	10.23	9.77	9.78	723464	16337765.000
01/13/2012	9.69	9.87	8.77	8.77	1631186	33329466.000
01/16/2012	8.45	8.57	7.86	7.86	1274475	23826802.000
01/17/2012	7.83	8.30	7.42	8.20	1489961	27276530.000
01/18/2012	8.11	8.24	7.35	7.36	1349726	23868686.000
01/19/2012	7.36	7.54	7.10	7.40	1121345	18875082.000
01/20/2012	7.50	7.71	7.38	7.57	1119934	19397274.000
01/30/2012	7.64	7.93	7.50	7.77	1663456	29432306.000
01/31/2012	7.77	7.81	7.47	7.62	1187505	20706578.000
02/01/2012	7.55	7.89	7.55	7.69	1444127	25676748.000
02/02/2012	7.82	8.13	7.68	8.05	1490902	26992190.000
02/03/2012	8.09	8.41	8.03	8.25	1866701	35012568.000
02/06/2012	8.39	8.75	8.14	8.23	2585392	50079140.000
02/07/2012	8.15	8.39	8.10	8.18	1583752	29829368.000
02/08/2012	8.14	8.58	8.14	8.57	1466249	28292848.000
02/09/2012	8.55	8.95	8.45	8.82	1785383	35686300.000
02/10/2012	8.73	8.83	8.55	8.69	1050252	20815388.000
02/13/2012	8.59	9.07	8.55	8.88	1746446	35492752.000
02/14/2012	8.90	9.02	8.74	8.81	831689	16803514.000
02/15/2012	8.84	9.09	8.77	8.92	1301725	26500872.000
02/16/2012	8.86	9.06	8.70	8.86	1369795	27693872.000
02/17/2012	8.91	9.23	8.66	9.22	2360962	48171416.000
02/20/2012	9.63	10.18	9.63	10.18	2941599	67026252.000
02/22/2012	11.14	11.23	10.95	11.23	9499223	240554464.000
02/23/2012	11.43	11.64	10.98	11.31	6796318	173960704.000
02/24/2012	11.20	11.74	11.09	11.23	4283267	110094600.000
02/27/2012	11.24	11.64	11.14	11.32	5209554	134038408.000
02/28/2012	11.32	11.42	10.66	10.99	4315792	107088872.000
02/29/2012	10.86	11.00	10.46	10.67	3160397	76327456.000
03/01/2012	10.66	11.14	10.65	10.85	3057733	75322632.000
03/02/2012	10.69	11.09	10.68	11.03	2869815	70957624.000
03/05/2012	11.05	11.35	10.86	10.98	3408856	85634256.000
03/06/2012	11.13	12.11	11.13	12.02	7660500	202265712.000
03/07/2012	11.64	12.21	11.55	11.84	5166192	138583424.000
03/08/2012	11.89	12.07	11.55	11.66	2932906	77682624.000
03/09/2012	11.69	11.80	11.50	11.68	2195408	57835860.000
03/12/2012	11.59	12.22	11.58	11.90	3169652	85130896.000
03/13/2012	11.89	12.07	11.77	11.90	2196187	59060660.000
03/14/2012	11.91	12.57	10.84	11.10	3889877	103696560.000
03/15/2012	11.45	11.50	11.07	11.20	3787522	96414608.000
03/16/2012	11.02	11.22	10.73	11.18	2938006	73198528.000
03/19/2012	11.18	11.49	11.05	11.28	2063858	52618132.000
03/20/2012	11.18	11.34	10.41	10.51	2767123	67981680.000
03/21/2012	10.59	10.67	10.05	10.28	2211500	51590864.000
03/22/2012	10.20	10.48	10.14	10.46	1336381	31255518.000
03/23/2012	10.25	10.45	10.00	10.11	1330656	30799088.000
03/26/2012	10.11	10.40	10.08	10.24	1011030	23458376.000
03/27/2012	10.37	11.29	10.30	10.95	4627560	116231624.000
03/28/2012	10.80	10.81	10.11	10.19	3394297	80667768.000
03/29/2012	9.98	10.32	9.63	10.15	2248123	51117552.000
03/30/2012	10.16	10.36	9.91	10.10	2061446	47444816.000
04/05/2012	10.19	10.74	9.89	10.59	1738811	40797492.000
04/06/2012	10.58	10.95	10.41	10.84	1989078	48164944.000
04/09/2012	10.62	11.27	10.60	10.60	1863384	46088884.000
04/10/2012	10.60	10.80	10.09	10.75	1313659	31136104.000
04/11/2012	10.49	10.92	10.48	10.64	1089098	26370398.000
04/13/2012	11.02	11.27	10.78	10.92	2226287	55393120.000
04/16/2012	10.91	11.14	10.65	11.00	1488578	36869804.000
04/18/2012	10.82	11.13	10.68	11.11	1628798	40304324.000
04/19/2012	11.05	11.09	10.91	11.00	975828	24289668.000
04/20/2012	10.95	11.03	10.73	10.94	840118	20695818.000
04/23/2012	10.89	10.89	9.81	9.81	2503624	57522592.000
04/24/2012	9.59	9.79	9.04	9.45	1876457	39986352.000
04/25/2012	9.45	9.45	8.91	9.24	1113358	23348146.000
04/26/2012	9.41	9.72	9.31	9.42	979505	21240564.000
04/27/2012	9.58	9.62	9.37	9.45	603350	13039885.000
05/02/2012	9.73	9.77	9.23	9.46	692090	14927250.000
05/03/2012	9.45	10.44	9.45	10.06	2081835	47893716.000
05/04/2012	9.85	10.38	9.82	10.24	1824443	41682920.000
05/07/2012	10.16	10.27	10.00	10.15	990577	22722856.000
05/08/2012	10.18	10.58	10.08	10.17	1699976	39805268.000
05/09/2012	10.07	10.10	9.64	9.64	1264440	28195228.000
05/10/2012	9.80	9.94	9.65	9.68	720182	15998463.000
05/11/2012	9.72	9.78	9.52	9.55	745643	16269555.000
05/14/2012	9.58	9.82	9.47	9.55	562542	12305335.000
05/15/2012	9.41	9.64	9.37	9.63	310295	6705305.000
05/16/2012	9.61	9.83	9.45	9.61	535474	11804217.000
05/17/2012	9.72	10.14	9.59	10.00	1349896	30356770.000
05/18/2012	9.91	9.93	9.49	9.59	1077401	23765586.000
05/21/2012	9.46	9.51	8.60	8.60	1748022	35360524.000
05/22/2012	8.72	8.91	8.65	8.81	817190	16396315.000
05/23/2012	8.85	8.85	8.60	8.60	775509	15404759.000
05/24/2012	8.60	8.76	8.52	8.68	559524	11030682.000
05/25/2012	8.68	8.68	7.82	8.00	1632288	30317704.000
05/28/2012	7.91	8.20	7.88	8.18	824184	15129446.000
05/29/2012	8.18	8.53	8.10	8.50	767283	14651222.000
05/30/2012	8.49	8.75	8.45	8.61	693074	13595352.000
05/31/2012	8.49	8.95	8.39	8.66	810924	16108591.000
06/01/2012	8.66	8.77	8.46	8.66	513626	10087885.000
06/04/2012	8.48	8.57	8.23	8.26	585295	11258244.000
06/05/2012	8.26	8.41	8.25	8.32	201290	3829589.750
06/06/2012	8.31	8.61	8.28	8.47	479516	9261296.000
06/07/2012	8.66	8.66	8.41	8.51	374819	7276345.500
06/08/2012	8.59	8.97	8.36	8.88	1382881	27689262.000
06/11/2012	8.86	8.97	8.71	8.95	798988	15973624.000
06/12/2012	8.84	8.85	8.57	8.64	658773	12933667.000
06/13/2012	8.67	9.52	8.64	9.24	1577184	32346124.000
06/14/2012	9.11	9.36	9.11	9.22	1085184	22599372.000
06/15/2012	9.23	9.31	9.00	9.15	652712	13462503.000
06/18/2012	9.18	9.40	9.10	9.38	763036	16022865.000
06/19/2012	9.28	9.63	9.23	9.50	695751	14785973.000
06/20/2012	9.54	9.63	9.36	9.42	452521	9678374.000
06/21/2012	9.40	9.52	9.18	9.41	701693	14693437.000
06/25/2012	9.26	9.41	8.98	9.09	511396	10503401.000
06/26/2012	8.96	9.31	8.91	9.31	414821	8513132.000
06/27/2012	9.32	9.80	9.32	9.69	858294	18561272.000
06/28/2012	9.82	9.89	9.54	9.54	453980	9836310.000
06/29/2012	9.45	9.64	9.32	9.59	490258	10468431.000
07/02/2012	9.67	9.88	9.55	9.87	669518	14683164.000
07/03/2012	9.86	9.95	9.77	9.91	695849	15490927.000
07/04/2012	9.91	9.91	9.30	9.39	635161	13611330.000
07/05/2012	9.46	9.46	9.03	9.09	494313	10209628.000
07/06/2012	9.11	9.47	8.95	9.41	441729	9198122.000
07/09/2012	9.55	9.55	9.07	9.11	734040	15430159.000
07/10/2012	8.95	9.22	8.94	9.03	290853	5965357.000
07/11/2012	9.33	9.90	9.25	9.80	1224069	26645564.000
07/12/2012	9.88	10.17	9.73	10.00	1264887	28220488.000
07/13/2012	9.86	10.05	9.77	9.85	534970	11918220.000
07/16/2012	10.05	10.05	9.64	9.73	933397	20717504.000
07/17/2012	9.68	10.05	9.55	10.05	645718	14267305.000
07/18/2012	10.00	10.27	9.91	10.25	1010747	22921796.000
07/19/2012	10.32	10.54	10.20	10.23	858510	20076300.000
07/20/2012	10.20	10.32	10.05	10.17	703869	16064234.000
07/23/2012	10.14	10.40	10.00	10.33	714690	16321229.000
07/24/2012	10.33	10.68	10.16	10.52	784148	18606862.000
07/25/2012	10.57	10.75	10.22	10.22	631388	14813211.000
07/26/2012	10.10	10.48	10.10	10.17	426896	9878240.000
07/27/2012	10.28	10.36	10.01	10.27	524240	12042171.000
07/30/2012	10.23	10.25	9.89	10.10	507455	11506623.000
07/31/2012	10.22	10.23	9.93	9.99	336051	7617743.000
08/01/2012	10.02	10.62	10.02	10.44	656541	15322558.000
08/02/2012	10.54	10.61	10.36	10.54	550972	13024768.000
08/03/2012	10.63	11.09	10.48	11.00	761639	18697698.000
08/06/2012	10.98	11.64	10.85	11.59	1183016	29856074.000
08/07/2012	11.55	11.72	11.14	11.54	1014146	26266562.000
08/08/2012	11.45	11.59	11.07	11.21	716696	18193316.000
08/09/2012	11.30	11.52	11.15	11.44	775085	19681592.000
08/10/2012	11.37	11.70	11.37	11.66	637204	16563963.000
08/13/2012	11.63	11.63	11.10	11.30	977446	24867984.000
08/14/2012	11.34	11.45	11.00	11.28	537887	13559526.000
08/15/2012	11.25	11.32	11.00	11.21	444725	11130806.000
08/16/2012	11.05	11.36	10.91	11.08	268761	6717637.000
08/17/2012	11.18	11.59	11.15	11.55	977985	25150648.000
08/20/2012	11.53	12.09	11.46	11.91	825520	21952684.000
08/21/2012	11.91	12.73	11.91	12.28	945588	26172944.000
08/22/2012	12.23	12.49	12.05	12.45	858029	23565648.000
08/23/2012	12.29	12.52	11.80	12.20	1478432	40085420.000
08/24/2012	12.05	12.05	11.02	11.34	1849256	47628736.000
08/27/2012	11.27	11.27	10.68	10.90	1328994	32384348.000
08/28/2012	10.85	11.61	10.71	11.24	1613390	40529896.000
08/29/2012	11.05	12.02	11.05	11.82	1458156	38414496.000
08/30/2012	11.63	11.91	11.05	11.59	1051323	27026362.000
08/31/2012	11.56	11.72	11.32	11.45	493365	12795406.000
09/03/2012	11.45	12.04	11.19	12.03	808855	21353558.000
09/04/2012	12.04	12.54	11.91	12.18	1082951	29821630.000
09/05/2012	12.18	12.41	12.05	12.30	708879	19471106.000
09/06/2012	12.14	12.43	11.97	12.35	730312	19940352.000
09/07/2012	12.34	12.77	12.34	12.68	587169	16562023.000
09/10/2012	12.67	12.67	11.99	12.41	1644515	45578124.000
09/11/2012	12.41	12.93	12.02	12.70	1390303	38472728.000
09/12/2012	12.61	12.72	12.04	12.18	1903651	52034940.000
09/13/2012	12.13	12.22	11.75	11.75	1453478	39256124.000
09/14/2012	11.75	11.93	11.61	11.88	1030390	27239868.000
09/17/2012	11.77	11.80	11.45	11.51	1226703	31857982.000
09/18/2012	11.57	11.72	11.49	11.50	565136	14750334.000
09/19/2012	11.59	11.89	11.50	11.84	698509	18449908.000
09/20/2012	11.80	11.80	11.32	11.50	1256122	32274186.000
09/21/2012	11.36	11.57	11.18	11.45	785240	20019550.000
09/24/2012	11.18	11.95	11.18	11.84	598940	15674556.000
09/25/2012	11.66	11.72	11.04	11.15	949030	24035142.000
09/26/2012	10.95	11.34	10.95	10.96	392894	9817602.000
09/27/2012	10.84	11.27	10.80	10.91	1000690	24797074.000
09/28/2012	10.91	11.09	10.86	10.94	493005	12080471.000
10/08/2012	10.80	11.46	10.80	11.42	857020	21611018.000
10/09/2012	11.50	11.85	11.39	11.77	718883	18886722.000
10/10/2012	11.77	12.09	11.69	12.02	915049	24629058.000
10/11/2012	12.00	12.05	11.78	11.79	247389	6622698.500
10/12/2012	11.83	12.34	11.83	11.95	970860	26354034.000
10/15/2012	12.00	12.17	11.78	11.99	394646	10522583.000
10/16/2012	11.82	12.23	11.80	12.00	284089	7724403.000
10/17/2012	12.05	12.13	11.91	12.00	236591	6378634.500
10/18/2012	11.94	12.20	11.94	12.09	277926	7518803.000
10/19/2012	12.13	12.13	11.86	12.06	646436	17371934.000
10/22/2012	12.03	12.45	11.88	12.43	398515	10952689.000
10/23/2012	12.34	12.44	12.15	12.26	369783	10171494.000
10/24/2012	12.22	12.36	12.12	12.27	167582	4607667.000
10/25/2012	12.31	12.40	11.60	12.20	417688	11231130.000
10/26/2012	12.04	12.14	11.72	11.95	391562	10501980.000
10/29/2012	11.82	12.08	11.76	11.92	241099	6443665.000
10/30/2012	11.86	12.14	11.86	12.05	214864	5801222.000
10/31/2012	12.13	12.59	12.05	12.41	372052	10361745.000
11/01/2012	12.50	12.59	12.28	12.45	335066	9317695.000
11/02/2012	12.47	12.47	12.05	12.09	525266	14285148.000
11/05/2012	11.89	12.18	11.89	12.17	247228	6676062.000
11/06/2012	12.05	12.10	11.84	11.88	245985	6587756.500
11/07/2012	11.86	12.20	11.50	12.05	577813	15341489.000
11/08/2012	11.97	12.27	11.89	11.95	351049	9518177.000
11/09/2012	11.82	11.90	11.36	11.68	404674	10549041.000
11/12/2012	11.75	11.81	11.27	11.32	545548	14045551.000
11/13/2012	11.29	11.53	11.14	11.47	603331	15259062.000
11/14/2012	11.35	11.50	11.27	11.41	169650	4343950.000
11/15/2012	11.49	11.49	11.11	11.11	264373	6656175.000
11/16/2012	10.95	11.45	10.93	11.38	242539	6028165.500
11/19/2012	11.17	11.47	10.96	11.36	272127	6796177.500
11/20/2012	11.34	11.41	10.89	11.41	652861	16223746.000
11/21/2012	11.27	11.36	11.14	11.35	170376	4302375.500
11/22/2012	11.18	11.20	11.08	11.16	116579	2915167.750
11/23/2012	11.15	11.20	10.88	11.04	580482	14405290.000
11/26/2012	10.99	11.03	10.61	10.64	430096	10410029.000
11/27/2012	10.53	10.63	9.72	9.84	774449	17522050.000
11/28/2012	9.78	9.78	9.48	9.50	243837	5249454.500
11/29/2012	9.50	9.86	9.50	9.83	483772	10622236.000
11/30/2012	9.83	9.90	9.71	9.85	215821	4762667.500
12/03/2012	9.77	9.92	8.86	8.93	436571	9013436.000
12/04/2012	8.89	9.45	8.84	9.24	442409	9068201.000
12/05/2012	9.35	9.91	9.19	9.86	386564	8448666.000
12/06/2012	9.70	10.25	9.70	9.95	322851	7283181.000
12/07/2012	9.87	10.53	9.87	10.53	449431	10332687.000
12/10/2012	10.45	10.54	10.23	10.46	207726	4845137.500
12/11/2012	10.32	10.44	10.23	10.25	166463	3844553.500
12/12/2012	10.35	10.35	9.80	10.00	189066	4248707.500
12/13/2012	9.91	10.08	9.77	9.95	143696	3219771.750
12/14/2012	10.04	10.54	9.93	10.49	322020	7509258.500
12/17/2012	10.49	10.52	10.21	10.26	223851	5186673.000
12/18/2012	10.23	10.45	10.18	10.26	107203	2489278.000
12/19/2012	10.32	10.49	10.28	10.37	98608	2301904.500
12/20/2012	10.32	10.43	10.05	10.39	139085	3209634.750
12/21/2012	10.39	10.88	10.28	10.85	510179	12199063.000
12/24/2012	10.67	11.08	10.67	10.89	461692	11319743.000
12/25/2012	10.83	11.49	10.79	11.36	651623	16298051.000
12/26/2012	11.34	11.77	11.03	11.52	819980	21066204.000
12/27/2012	11.52	11.70	11.28	11.28	905254	23181380.000
12/28/2012	11.25	11.52	10.93	11.50	1266231	31696638.000
12/31/2012	11.37	11.71	11.27	11.51	578747	14927015.000
01/04/2013	11.55	11.57	11.11	11.53	1215394	30919522.000
01/07/2013	11.52	11.54	11.24	11.50	844059	21581016.000
01/08/2013	11.50	11.95	11.37	11.63	1333837	34857780.000
01/09/2013	11.59	11.74	11.50	11.56	1085326	28250254.000
01/10/2013	11.57	11.71	11.45	11.62	878842	22835234.000
01/11/2013	11.67	12.10	11.59	12.01	1656674	44362724.000
01/14/2013	11.93	12.41	11.86	12.29	1510200	41450524.000
01/15/2013	12.24	12.64	12.05	12.39	1053044	29224398.000
01/16/2013	12.39	12.47	11.78	12.14	1484345	40157392.000
01/17/2013	12.14	12.29	11.96	11.99	468015	12720482.000
01/18/2013	12.09	12.17	11.77	12.13	570868	15298825.000
01/21/2013	12.14	12.22	11.82	12.18	858248	23043008.000
01/22/2013	12.09	12.10	11.59	11.62	785532	20758892.000
01/23/2013	11.59	11.89	11.37	11.89	950140	24672392.000
01/24/2013	11.82	11.89	11.39	11.50	488290	12764321.000
01/25/2013	11.51	11.67	11.36	11.54	449216	11598164.000
01/28/2013	11.59	11.92	11.54	11.89	937631	24669010.000
01/29/2013	11.91	12.26	11.86	12.04	1059858	28789810.000
01/30/2013	12.14	12.18	11.92	12.00	614411	16555860.000
01/31/2013	12.04	12.11	11.86	12.02	404719	10868278.000
02/01/2013	11.99	12.25	11.64	11.76	899902	24108176.000
02/04/2013	11.69	11.80	10.88	11.50	2528176	64269772.000
02/05/2013	11.36	11.58	11.18	11.54	685119	17533166.000
02/06/2013	11.50	11.58	11.25	11.35	504747	12928171.000
02/07/2013	11.40	11.82	11.23	11.75	757995	19750134.000
02/08/2013	11.66	11.89	11.56	11.73	1193359	31412976.000
02/18/2013	11.69	11.82	11.45	11.77	1090658	28377572.000
02/19/2013	11.62	11.77	11.41	11.75	667509	17440828.000
02/20/2013	11.64	12.95	11.63	12.90	2185486	60721952.000
02/21/2013	12.90	13.41	12.78	13.15	2382523	69892096.000
02/22/2013	13.11	13.57	12.77	13.05	1245656	36943860.000
02/25/2013	13.05	13.35	12.99	13.18	604493	17812028.000
02/26/2013	13.08	13.50	12.95	12.95	1215178	36028124.000
02/27/2013	12.77	13.00	12.09	12.64	1323707	36823336.000
02/28/2013	12.53	12.94	12.32	12.84	765827	21594186.000
03/01/2013	12.84	13.18	12.74	13.14	931741	27158296.000
03/04/2013	13.05	13.41	12.86	13.08	1170017	34347948.000
03/05/2013	13.08	13.32	12.65	13.14	900839	26349596.000
03/06/2013	13.14	13.77	13.14	13.62	1401781	42362224.000
03/07/2013	13.64	13.75	12.78	13.02	990943	29479688.000
03/08/2013	13.07	13.13	12.45	12.73	793635	22569390.000
03/11/2013	12.73	12.73	12.38	12.46	530234	14883418.000
03/12/2013	12.50	12.55	11.82	12.06	687953	18685182.000
03/13/2013	11.96	12.05	11.68	11.89	584853	15589948.000
03/14/2013	11.99	12.18	11.85	12.05	693262	18755422.000
03/15/2013	12.07	12.55	12.07	12.32	606882	16777754.000
03/18/2013	12.28	12.66	12.20	12.59	574910	16038110.000
03/19/2013	12.57	12.64	11.95	12.32	980475	26639374.000
03/20/2013	12.19	12.70	12.14	12.61	472038	13182814.000
03/21/2013	12.68	13.26	12.59	13.23	826875	24065632.000
03/22/2013	12.68	13.05	12.51	12.89	1107028	31695558.000
03/25/2013	12.89	12.93	12.70	12.77	914765	26155496.000
03/26/2013	12.73	12.78	12.40	12.64	864961	24311074.000
03/27/2013	12.53	12.91	12.53	12.85	711371	20281592.000
03/28/2013	12.76	13.26	12.31	12.99	1046989	30273850.000
03/29/2013	12.98	13.65	12.90	13.36	1610536	48248600.000
04/01/2013	13.32	14.41	13.32	14.02	2200449	68993464.000
04/02/2013	14.00	14.31	13.48	13.48	1682518	52424124.000
04/03/2013	13.41	13.56	12.97	13.12	809800	23883612.000
04/08/2013	12.96	13.81	12.50	13.63	1063090	31668300.000
04/09/2013	13.56	14.05	13.44	13.73	859115	26422432.000
04/10/2013	13.64	13.77	12.89	13.17	1016256	29980550.000
04/11/2013	13.07	13.35	13.02	13.02	683725	20142296.000
04/12/2013	13.02	13.65	12.96	13.50	982208	29545978.000
04/15/2013	13.47	14.05	13.32	13.48	934810	28703748.000
04/16/2013	13.40	14.40	13.13	14.19	1687878	52621208.000
04/17/2013	14.18	14.63	14.06	14.54	1476207	47238264.000
04/18/2013	14.45	14.90	14.14	14.73	1651118	53643968.000
04/19/2013	14.55	14.85	14.36	14.48	2174022	71031424.000
04/22/2013	14.37	14.94	14.37	14.82	2158279	70963088.000
04/23/2013	14.92	14.92	13.86	14.31	1435647	45698548.000
04/24/2013	14.36	15.30	14.18	15.11	1923897	63712164.000
04/25/2013	15.00	16.56	14.94	15.77	4391330	154133568.000
04/26/2013	15.77	16.00	15.25	15.45	1955590	67995000.000
05/02/2013	15.26	15.85	14.55	15.68	3028779	102888384.000
05/03/2013	15.64	16.36	15.55	16.36	2254905	80935984.000
05/06/2013	16.43	17.06	16.15	16.39	1808495	66622148.000
05/07/2013	16.50	16.50	15.85	16.23	1469297	52856004.000
05/08/2013	16.25	16.93	16.05	16.86	1280576	47082092.000
05/09/2013	16.95	18.57	16.95	18.57	4833741	198432176.000
05/10/2013	18.66	19.11	18.19	18.97	4203528	174023632.000
05/13/2013	18.64	20.23	18.64	19.61	2595740	112100488.000
05/14/2013	19.59	19.71	18.19	18.98	2747659	116147280.000
05/15/2013	19.04	20.90	18.67	20.90	1489793	65657560.000
05/16/2013	20.55	20.98	20.00	20.79	2302899	105025544.000
05/17/2013	20.46	21.09	19.57	21.08	1192541	53929768.000
05/20/2013	20.95	21.40	20.14	20.18	2527170	115915528.000
05/21/2013	20.01	20.32	19.68	20.00	3260792	144330288.000
05/22/2013	19.68	19.68	18.25	18.59	4862717	202414480.000
05/23/2013	18.36	19.08	18.10	18.51	3251192	134713760.000
05/24/2013	18.55	19.46	18.50	19.30	3044984	128384792.000
05/27/2013	19.09	19.91	18.91	19.45	2023289	87435800.000
05/28/2013	19.44	19.44	17.90	18.35	2368819	97227760.000
05/29/2013	18.35	18.59	17.63	18.59	1693095	68111776.000
05/30/2013	18.41	18.64	18.11	18.54	1569475	64193572.000
05/31/2013	18.54	18.93	17.75	17.95	1752107	71237016.000
06/03/2013	17.94	18.14	16.72	17.10	3605594	136834688.000
06/04/2013	17.10	17.16	16.30	16.55	3038093	111908816.000
06/05/2013	16.47	16.88	16.36	16.48	2756553	101060032.000
06/06/2013	16.52	16.92	16.39	16.43	2756424	101730800.000
06/07/2013	16.41	17.02	16.35	16.80	2659698	98616312.000
06/13/2013	16.70	17.15	15.81	16.98	2074578	76494728.000
06/14/2013	17.11	18.69	17.10	18.69	3091476	123820824.000
06/17/2013	18.80	20.06	18.80	19.98	3959554	171189696.000
06/18/2013	19.79	19.89	18.55	19.77	3031312	128825512.000
06/19/2013	19.26	20.06	18.80	19.87	1957979	84784048.000
06/20/2013	19.44	19.96	18.35	18.89	1757105	75042752.000
06/21/2013	18.15	18.92	17.61	18.50	1542305	62404404.000
06/24/2013	18.47	18.66	16.84	18.02	1551296	61408376.000
06/25/2013	17.50	18.98	16.71	18.70	2073556	82193384.000
06/26/2013	18.76	20.16	18.37	20.10	2046633	88300256.000
06/27/2013	20.56	21.42	19.90	20.25	4021032	185400576.000
06/28/2013	19.83	20.37	19.21	19.23	1768353	77043784.000
07/01/2013	19.07	20.80	18.75	20.65	1943131	83868904.000
07/02/2013	20.65	21.43	20.25	20.87	1539366	71140712.000
07/03/2013	20.80	22.97	20.35	22.60	2265822	107263296.000
07/04/2013	21.91	22.45	21.25	21.30	1716621	82667888.000
07/05/2013	21.48	21.93	20.30	20.40	1152933	53824712.000
07/08/2013	19.84	20.24	18.99	19.33	1603122	69520352.000
07/09/2013	19.36	20.79	19.22	20.69	1443972	64317660.000
07/10/2013	20.48	21.61	20.30	20.51	1716529	79025032.000
07/11/2013	20.45	21.34	20.14	21.30	1172636	54513188.000
07/12/2013	21.70	22.43	21.44	21.73	1576909	76447216.000
07/15/2013	21.95	23.92	21.50	23.92	1886605	96510640.000
07/16/2013	24.51	25.84	23.98	24.70	2279121	123898224.000
07/17/2013	25.11	27.18	25.11	27.18	1880641	111568464.000
07/18/2013	28.55	28.55	26.10	26.68	3041751	182026112.000
07/19/2013	26.07	27.47	26.07	27.33	3348690	199103248.000
07/22/2013	26.58	28.18	25.80	27.25	2426074	145365584.000
07/23/2013	27.16	27.74	26.16	27.05	2477632	146770240.000
07/24/2013	27.04	29.77	26.41	28.84	2446260	152687744.000
07/25/2013	28.30	28.45	25.94	26.60	3558225	210465488.000
07/26/2013	26.31	26.93	24.92	26.00	1692214	96755192.000
07/29/2013	25.66	25.88	23.63	24.75	1995720	111005896.000
07/30/2013	24.71	25.09	22.61	23.40	1754885	92047200.000
07/31/2013	23.52	25.02	23.24	24.64	1525842	82129312.000
08/01/2013	24.43	27.11	23.70	27.11	2376252	137083104.000
08/02/2013	27.14	27.83	26.45	26.54	1604562	96866056.000
08/05/2013	26.62	28.07	26.05	26.45	1241157	73164144.000
08/06/2013	26.72	27.75	26.72	27.39	1821491	110018008.000
08/07/2013	27.08	27.08	25.34	25.55	1621440	92769880.000
08/08/2013	25.54	25.70	24.52	24.95	1185639	65433184.000
08/09/2013	25.04	25.04	22.93	23.44	2900241	151977120.000
08/12/2013	23.45	23.61	21.89	22.70	3656298	181144336.000
08/13/2013	22.61	23.61	22.16	23.50	3185327	163085680.000
08/14/2013	23.50	24.25	22.70	23.95	2362515	123056152.000
08/15/2013	23.75	23.98	22.84	22.89	2681859	139064384.000
08/16/2013	22.32	23.30	21.15	21.20	3088161	151259632.000
08/19/2013	21.18	22.52	21.16	22.36	3577006	174523920.000
08/20/2013	22.16	23.07	22.01	22.70	2464907	123056120.000
08/21/2013	23.01	23.01	21.93	22.13	2025620	100299560.000
08/22/2013	22.10	23.98	22.10	23.50	3907273	200559504.000
08/23/2013	23.50	25.73	23.22	25.20	5208905	283859680.000
08/26/2013	24.70	25.33	24.25	24.82	3234316	177155936.000
08/27/2013	24.89	26.70	24.53	26.43	3771562	215845472.000
08/28/2013	26.11	27.38	25.48	26.11	3951888	230484800.000
08/29/2013	26.07	27.02	25.34	26.57	2729274	158433104.000
08/30/2013	26.25	26.25	23.90	23.90	2653415	145437344.000
09/02/2013	23.09	24.88	22.98	23.88	1979272	105055488.000
09/03/2013	23.88	24.67	23.20	24.52	1778680	94662536.000
09/04/2013	24.36	25.34	23.45	24.99	2286155	123214760.000
09/05/2013	24.66	26.25	24.26	25.71	2789238	158340352.000
09/10/2013	27.89	28.29	26.14	27.16	5696598	343001728.000
09/11/2013	26.52	26.65	24.43	24.43	2738617	151244656.000
09/12/2013	23.98	25.06	23.52	24.11	2124311	113254432.000
09/13/2013	23.89	24.63	22.16	24.57	2441862	128229104.000
09/16/2013	24.16	26.91	23.98	25.77	3833018	217489696.000
09/17/2013	25.89	27.85	25.40	27.06	4274899	254378176.000
09/18/2013	26.70	28.52	26.64	26.99	3090144	187662784.000
09/23/2013	26.98	29.70	26.98	29.70	3453438	218516784.000
09/24/2013	30.25	31.18	28.84	30.43	3574283	236383360.000
09/25/2013	30.16	31.38	29.70	30.57	2961404	200556640.000
09/26/2013	30.34	32.15	29.46	30.25	2727508	186353968.000
09/27/2013	29.90	30.80	28.67	29.47	1733134	113433432.000
09/30/2013	29.27	32.07	29.02	31.95	2346736	158712912.000
10/08/2013	31.71	31.97	29.39	30.35	2515185	169733632.000
10/09/2013	29.89	30.33	28.92	29.88	2468073	160978960.000
10/10/2013	29.84	30.20	27.94	28.43	2820554	178892192.000
10/11/2013	28.66	28.92	26.71	27.79	1582805	97491600.000
10/14/2013	28.00	28.47	27.39	28.08	1919966	118518240.000
10/15/2013	27.83	27.97	25.75	26.02	2936985	173217888.000
10/16/2013	25.95	26.05	23.41	23.41	4040039	213035072.000
10/17/2013	23.30	23.47	21.75	22.23	6960612	343685184.000
10/18/2013	22.39	22.86	22.18	22.63	2891230	144473552.000
10/21/2013	22.88	23.97	22.88	23.92	3635771	187945120.000
10/22/2013	23.74	23.74	21.51	21.51	4809567	236757920.000
10/23/2013	21.20	21.34	20.16	20.88	2980487	136509904.000
10/24/2013	20.75	21.14	20.58	20.66	1627512	75067160.000
10/25/2013	20.80	20.95	19.27	19.91	3444196	151726496.000
10/28/2013	19.93	20.47	19.75	20.25	3442141	153038816.000
10/29/2013	20.20	20.43	18.29	19.25	4786696	202110192.000
10/30/2013	19.10	19.65	18.64	19.49	3079175	131374728.000
10/31/2013	19.13	19.20	18.29	18.43	2448871	101608048.000
11/01/2013	18.61	19.11	18.04	18.61	3472760	143104144.000
11/04/2013	18.84	19.42	18.59	18.70	2238737	94008032.000
11/05/2013	18.30	19.51	18.30	19.46	2737311	115707480.000
11/06/2013	19.34	19.65	18.43	18.43	3807829	161108816.000
11/07/2013	18.25	18.88	17.80	18.10	2389906	96422288.000
11/08/2013	18.07	18.60	17.79	18.16	2073473	83476264.000
11/11/2013	18.17	18.18	17.34	17.76	2370745	92868064.000
11/12/2013	17.71	18.42	17.71	18.33	2002606	80237232.000
11/13/2013	18.20	18.65	18.07	18.25	2074704	84153936.000
11/14/2013	18.24	19.36	17.73	19.26	3390770	141307920.000
11/15/2013	19.11	20.11	19.07	19.41	3349633	145527072.000
11/18/2013	19.60	20.30	19.30	19.88	2718622	119164752.000
11/19/2013	19.89	20.28	19.53	19.97	2706744	119257904.000
11/20/2013	19.84	20.16	19.08	19.43	2560486	110160528.000
11/21/2013	19.41	20.15	18.93	20.15	4012494	175540784.000
11/22/2013	20.25	21.10	20.17	21.01	4399170	201933280.000
11/25/2013	20.80	21.61	20.55	21.00	3032763	141858384.000
11/26/2013	20.84	20.98	20.12	20.41	2154847	97634192.000
11/27/2013	20.37	21.87	20.20	21.87	4928634	231737056.000
11/28/2013	22.65	24.07	22.65	24.07	7795887	409195424.000
11/29/2013	25.25	26.49	25.25	26.49	7360994	423920512.000
12/02/2013	24.90	25.69	23.83	23.83	7736697	416937440.000
12/03/2013	23.06	26.19	21.92	25.90	7171325	374061568.000
12/04/2013	25.07	25.25	23.30	23.30	5221273	281507168.000
12/05/2013	22.56	22.73	21.48	21.85	4119118	200883584.000
12/06/2013	21.42	22.56	21.42	22.55	2742492	134876128.000
12/09/2013	22.54	23.62	22.05	22.90	2344129	118555488.000
12/10/2013	22.64	23.02	21.85	22.16	1635300	80642368.000
12/11/2013	22.18	23.16	22.18	22.60	1808555	90812504.000
12/12/2013	22.60	24.39	22.21	23.84	2841152	148104784.000
12/13/2013	23.52	24.10	23.20	23.36	1472100	76521968.000
12/16/2013	23.10	23.71	22.89	23.16	1460110	74833040.000
12/17/2013	23.11	23.18	21.85	21.94	1504524	73817184.000
12/18/2013	21.89	21.89	21.02	21.41	1345906	63641448.000
12/19/2013	21.19	22.55	21.19	21.93	1615927	79078688.000
12/20/2013	21.88	22.06	20.61	20.77	1990093	92979936.000
12/23/2013	20.75	20.75	19.80	20.25	2083196	93458128.000
12/24/2013	20.31	22.29	20.31	22.29	3323449	158660064.000
12/25/2013	22.72	24.20	22.52	23.51	3941218	203375072.000
12/26/2013	23.52	23.96	22.98	23.07	2998227	155768752.000
12/27/2013	23.33	23.72	22.70	23.35	1878314	96898456.000
12/30/2013	23.52	23.97	22.62	22.75	2428133	124848112.000
12/31/2013	22.53	23.34	22.25	23.19	1670641	84871272.000
01/02/2014	23.52	24.58	23.20	24.33	3594889	190565424.000
01/03/2014	24.10	24.64	23.66	23.93	1996933	106257344.000
01/06/2014	23.57	23.86	22.89	23.43	2829342	146213680.000
01/07/2014	23.42	24.67	22.84	24.56	2418158	127372504.000
01/08/2014	24.45	27.03	24.45	26.93	3935717	225356848.000
01/09/2014	27.00	27.10	25.40	25.55	3210976	185688448.000
01/10/2014	25.25	25.80	24.44	24.89	1920805	106378920.000
01/13/2014	24.96	27.13	24.95	26.39	3163930	183494368.000
01/14/2014	26.39	26.89	25.48	26.48	1673990	96703232.000
01/15/2014	26.48	27.95	26.25	27.09	2812552	169884672.000
01/16/2014	26.89	27.29	26.20	26.76	1473214	86772904.000
01/17/2014	26.56	27.05	25.82	26.58	2129180	123722872.000
01/20/2014	26.32	26.52	24.55	24.95	2273690	127153472.000
01/21/2014	25.07	26.52	24.98	26.39	1666881	94838960.000
01/22/2014	26.24	26.84	25.58	26.54	1342582	78165152.000
01/23/2014	26.52	28.20	26.16	27.43	2051791	124963192.000
01/24/2014	27.30	28.98	26.97	28.84	2611981	161189616.000
01/27/2014	28.75	29.29	27.84	28.37	1878714	118239864.000
01/28/2014	27.84	28.02	26.89	27.18	2059974	124390280.000
01/29/2014	27.47	28.81	26.97	28.49	1891779	115925056.000
01/30/2014	28.32	29.84	27.85	28.46	2246423	143691920.000
02/07/2014	28.07	30.27	27.48	29.78	3011021	188969168.000
02/10/2014	29.57	30.32	29.20	29.95	2092098	137921424.000
02/11/2014	29.89	30.06	28.16	28.84	1674555	107298672.000
02/12/2014	29.01	29.01	27.52	28.15	1354087	83800568.000
02/13/2014	28.07	28.47	26.52	26.73	1337567	81434040.000
02/14/2014	26.75	27.72	26.52	27.20	1279132	76479840.000
02/17/2014	27.16	28.20	26.65	27.92	2100692	127098160.000
02/18/2014	27.84	28.05	26.81	26.99	1067376	64309904.000
02/19/2014	26.99	29.70	26.99	29.70	3178917	202129840.000
02/20/2014	29.54	29.56	28.38	28.54	1771588	112182832.000
02/21/2014	28.52	29.17	27.98	28.69	1762260	111453792.000
02/24/2014	28.69	28.98	27.20	27.70	1733034	106312800.000
02/25/2014	27.71	28.37	24.92	24.92	3659309	210810400.000
02/26/2014	24.09	25.54	22.66	25.28	1964116	106518136.000
02/27/2014	25.33	25.66	24.35	24.64	1169551	64009944.000
02/28/2014	25.41	26.47	24.43	25.66	1910052	108528368.000
03/03/2014	25.43	26.00	25.11	25.67	1091303	61793988.000
03/04/2014	25.56	25.79	24.34	24.88	1047420	58149836.000
03/05/2014	24.95	27.00	24.62	25.92	1442511	82775496.000
03/06/2014	26.37	27.04	25.26	26.28	2154250	125372272.000
03/07/2014	26.47	26.47	25.16	25.24	1262929	71872784.000
03/10/2014	24.84	24.84	23.52	23.70	1201704	64039656.000
03/11/2014	23.69	23.93	22.52	23.15	1419740	73284184.000
03/12/2014	23.07	23.89	22.70	23.37	920637	47401500.000
03/13/2014	23.43	25.72	23.37	25.72	2311788	128283464.000
03/14/2014	26.10	27.16	24.93	25.81	2558485	148293440.000
03/17/2014	26.16	27.45	25.80	27.20	1744071	103747512.000
03/18/2014	27.03	27.29	26.53	27.13	2121047	125918584.000
03/19/2014	26.93	26.93	25.61	26.25	2186069	126636928.000
03/20/2014	26.25	26.42	23.66	24.03	2109296	117699088.000
03/21/2014	24.19	24.25	22.59	23.57	2902710	148912240.000
03/24/2014	23.30	23.41	22.62	23.00	1656616	84178576.000
03/25/2014	22.99	24.93	22.99	24.06	2542809	135759472.000
03/26/2014	23.96	25.68	23.78	25.14	2252418	124121832.000
03/27/2014	25.09	25.65	24.10	24.35	1274046	69672288.000
03/28/2014	23.98	23.98	22.75	23.09	1718531	88279512.000
03/31/2014	22.94	23.25	22.45	23.16	1320526	66759384.000
04/01/2014	23.16	23.75	22.90	23.70	1691097	87409632.000
04/02/2014	23.51	23.64	21.70	22.30	2605067	129492592.000
04/03/2014	22.12	22.80	21.85	22.07	1401041	69122600.000
04/04/2014	21.89	22.29	21.33	22.16	2485983	119495304.000
04/08/2014	21.48	22.39	21.25	22.19	1588208	76534584.000
04/09/2014	22.24	23.06	22.24	22.65	1187210	59496152.000
04/10/2014	22.90	24.87	22.67	24.34	2769578	145607568.000
04/11/2014	23.75	24.39	23.07	23.82	1756421	91043320.000
04/14/2014	23.60	24.19	23.35	23.66	1405800	73216952.000
04/15/2014	23.53	24.16	23.53	23.70	1204653	63522900.000
04/16/2014	23.55	23.73	23.07	23.57	673943	34809304.000
04/17/2014	23.30	24.38	23.30	23.97	1235452	65531860.000
04/18/2014	24.16	26.38	23.89	25.63	3050969	171186160.000
04/21/2014	25.61	27.26	25.30	26.69	3712609	218536768.000
04/22/2014	26.70	28.08	25.80	26.97	2846762	169018144.000
04/23/2014	26.92	26.92	25.65	25.76	1748730	100403952.000
04/24/2014	25.98	26.59	25.52	25.79	1811930	103757800.000
04/25/2014	25.36	25.56	24.30	24.47	1508394	82669680.000
04/28/2014	24.70	25.34	22.61	24.42	1403190	75562280.000
04/29/2014	24.61	25.16	23.70	25.01	926541	50092068.000
04/30/2014	25.11	25.57	24.50	25.30	1650303	91111888.000
05/05/2014	24.93	25.19	23.89	24.16	3828145	206142208.000
05/06/2014	24.15	25.15	23.38	25.15	2883505	154953856.000
05/07/2014	24.84	25.22	24.05	24.05	1848499	100497032.000
05/08/2014	23.84	24.28	22.98	22.98	1904607	99301664.000
05/09/2014	22.91	23.15	22.35	23.06	1498850	75063360.000
05/12/2014	23.15	23.70	22.89	23.47	1387678	71621624.000
05/13/2014	23.47	24.45	23.14	23.34	3097936	73562048.000
05/14/2014	23.23	23.78	22.00	22.80	3497203	79182344.000
05/15/2014	22.63	23.17	22.00	22.00	4254222	95713512.000
05/16/2014	21.72	21.81	19.83	20.67	7018738	143782352.000
05/19/2014	20.40	20.66	19.80	20.60	5205169	105453264.000
05/20/2014	20.90	21.62	20.70	20.81	5822248	123579544.000
05/21/2014	20.71	21.45	20.67	21.35	4078734	86201768.000
05/22/2014	21.34	21.89	21.18	21.50	3530618	76163672.000
05/23/2014	21.54	22.69	21.30	22.50	4294911	94381912.000
05/26/2014	22.69	23.10	22.25	22.73	4235033	96079016.000
05/27/2014	22.60	22.80	22.14	22.27	2564793	57519132.000
06/04/2014	24.49	24.49	23.03	23.53	7793899	184945440.000
06/05/2014	23.50	24.60	23.33	24.25	7143232	172643696.000
06/06/2014	23.88	24.16	23.52	23.75	4148689	98828112.000
06/09/2014	23.50	23.94	22.50	22.52	5129711	118261176.000
06/10/2014	22.78	23.46	22.26	23.35	3821663	87659888.000
06/11/2014	23.30	23.88	22.93	23.74	4522766	106293680.000
06/12/2014	23.70	24.02	23.20	23.32	3913152	91828488.000
06/13/2014	23.30	23.49	22.80	23.30	3437075	79638504.000
06/16/2014	23.13	24.22	23.09	24.11	6953372	165777120.000
06/17/2014	24.10	24.10	23.30	23.51	3981353	94704672.000
06/18/2014	23.32	23.68	22.85	23.33	2723283	63432416.000
06/19/2014	23.15	23.50	21.00	21.88	3605207	79479512.000
06/20/2014	21.60	22.08	21.41	21.62	2151717	46595180.000
06/23/2014	21.56	22.68	21.56	22.60	2842978	63678108.000
06/24/2014	22.60	23.20	22.46	22.97	2147018	49361988.000
06/25/2014	22.79	22.99	22.20	22.45	2225572	50402152.000
06/26/2014	22.40	23.17	22.22	22.95	1867505	42869136.000
06/27/2014	23.08	24.00	22.80	23.20	4347602	102870648.000
06/30/2014	23.20	24.51	23.20	24.20	6121890	146830896.000
07/01/2014	24.25	25.60	24.20	25.50	8121568	204166960.000
07/02/2014	25.40	28.05	25.02	28.05	9058708	246348448.000
07/03/2014	28.97	30.76	28.00	28.91	16009943	467349248.000
07/04/2014	28.65	28.65	27.50	28.01	10311908	288309184.000
07/07/2014	28.00	28.38	26.68	28.04	8870066	243814720.000
07/08/2014	27.90	28.60	27.18	27.48	8714472	242037120.000
07/09/2014	27.01	27.80	26.65	27.00	6286166	171044368.000
07/10/2014	26.82	27.44	26.20	26.25	4072745	109215272.000
07/11/2014	26.25	26.66	25.80	26.01	3506198	91866568.000
07/14/2014	26.21	26.51	25.78	26.29	3305541	86664464.000
07/15/2014	26.35	26.35	25.14	25.60	4080867	104189520.000
07/16/2014	25.69	25.96	24.07	24.50	4092507	101779752.000
07/17/2014	24.48	24.78	24.07	24.49	2371634	58109172.000
07/18/2014	24.30	24.77	24.23	24.43	1429721	35015624.000
07/21/2014	24.30	25.14	23.46	25.02	3656055	88957488.000
07/22/2014	24.92	26.57	24.90	26.20	4887230	126268616.000
07/23/2014	26.00	26.20	24.30	25.00	4422970	111982960.000
07/24/2014	25.01	25.21	24.00	24.51	3238078	79746168.000
07/25/2014	24.49	25.12	24.20	24.83	1381922	34239892.000
07/28/2014	25.10	25.33	24.60	25.28	2715359	67972504.000
07/29/2014	25.28	25.86	25.01	25.51	3438253	87331472.000
07/30/2014	25.40	25.59	24.91	25.15	2281969	57568652.000
07/31/2014	25.30	25.40	24.90	25.19	1786267	44962460.000
08/01/2014	25.10	25.10	24.04	24.63	3325808	81723080.000
08/04/2014	24.32	24.85	24.21	24.80	2531962	62259028.000
08/05/2014	24.86	25.97	24.50	25.82	5201019	132125120.000
08/06/2014	25.68	26.13	25.23	25.30	4935263	125909592.000
08/07/2014	25.29	25.70	25.02	25.08	2331238	59204596.000
08/08/2014	25.08	25.66	24.87	25.52	3153622	80208464.000
08/11/2014	25.56	25.78	25.27	25.65	2763504	70642216.000
08/12/2014	25.65	25.74	25.00	25.25	3867113	98027568.000
08/13/2014	25.11	25.65	24.69	24.97	3219312	80975952.000
08/14/2014	24.90	25.30	24.60	24.76	2756716	68780128.000
08/15/2014	24.82	24.99	24.65	24.94	1953015	48534752.000
08/18/2014	24.95	27.43	24.95	27.43	10104014	267463968.000
08/21/2014	27.43	27.45	26.03	27.28	9731444	260179504.000
08/22/2014	26.93	29.44	26.28	28.28	10734787	304002336.000
08/25/2014	28.40	29.23	27.34	28.10	8154910	229534832.000
08/29/2014	28.50	28.99	27.20	28.10	9378710	263748448.000
09/01/2014	27.70	28.00	26.81	27.75	7896509	216921616.000
09/02/2014	27.89	28.84	27.31	28.54	8233841	231996336.000
09/03/2014	28.58	29.18	28.05	28.55	7826159	223582944.000
09/04/2014	28.86	28.86	28.19	28.41	5094369	144707344.000
09/05/2014	28.27	28.80	28.11	28.50	4781192	136044816.000
09/09/2014	28.49	28.68	27.81	28.65	7198324	202989136.000
09/10/2014	28.65	28.70	28.10	28.32	5183775	146960352.000
09/11/2014	28.42	29.89	28.32	29.27	11073388	323132064.000
09/12/2014	29.49	31.86	28.82	31.20	11319995	342764032.000
09/15/2014	30.85	31.47	30.34	31.02	6282345	193307344.000
09/16/2014	30.91	30.91	29.00	29.08	5893791	176545184.000
09/17/2014	28.73	29.40	28.30	29.17	4180868	120577208.000
09/18/2014	29.08	29.85	28.37	29.80	4747723	138479456.000
09/19/2014	29.50	29.86	29.27	29.55	2745221	80932344.000
09/22/2014	29.54	29.54	28.60	28.60	2301919	66435436.000
09/23/2014	28.51	28.98	28.47	28.89	2418553	69476248.000
09/24/2014	28.67	29.09	28.61	28.88	3723719	107662328.000
09/25/2014	28.91	29.70	28.87	29.05	3813940	111453904.000
09/26/2014	29.00	29.05	28.55	28.70	2135269	61349568.000
09/29/2014	28.85	29.24	28.70	29.00	2579087	74641000.000
09/30/2014	29.00	29.80	29.00	29.70	3654336	108165864.000
10/08/2014	29.76	30.10	29.36	29.92	3076542	91380936.000
10/09/2014	29.96	30.06	28.50	29.02	5460955	159253744.000
10/10/2014	28.99	28.99	27.88	28.45	7367700	207968112.000
10/13/2014	28.40	28.40	27.41	27.81	3908500	108174392.000
10/14/2014	28.05	28.15	27.82	27.95	5091743	142575168.000
10/15/2014	27.99	28.20	27.41	27.53	3135432	86455872.000
10/16/2014	27.38	27.84	26.63	26.66	4510200	123053232.000
10/17/2014	26.79	26.86	25.55	26.29	4794128	125160712.000
10/20/2014	26.38	28.50	26.38	28.43	10353657	287292160.000
10/21/2014	28.62	28.70	27.72	27.82	5630626	158790304.000
10/22/2014	27.69	28.30	27.35	27.41	3885711	108485064.000
10/23/2014	27.40	27.99	26.46	26.50	3220665	87425952.000
10/24/2014	26.49	27.18	26.33	26.79	1750090	47043332.000
10/27/2014	26.85	27.90	26.80	27.53	2532347	69365632.000
10/28/2014	27.90	28.60	27.70	28.46	5052057	143101872.000
10/29/2014	28.52	28.83	28.04	28.28	4117631	116850560.000
10/30/2014	28.58	29.09	28.24	28.34	4727326	135582752.000
10/31/2014	28.24	28.35	27.68	28.05	2799142	78181224.000
数据来源:通达信
