300094 国联水产 日线
      日期	    开盘	    最高	    最低	    收盘	    成交量	    成交额
10/08/2010	13.64	14.15	13.50	14.14	8861306	135307712.000
10/11/2010	14.20	14.98	13.93	14.73	9274257	147937696.000
10/12/2010	14.55	14.82	14.14	14.32	6595457	104118256.000
10/13/2010	14.35	14.35	13.75	14.11	3731102	57253184.000
10/14/2010	14.12	14.15	13.63	13.73	3889367	59080344.000
10/15/2010	13.75	13.97	13.29	13.40	3228279	48356644.000
10/18/2010	13.31	13.36	12.33	12.52	5907454	81771056.000
10/19/2010	12.42	13.34	12.42	13.19	5750356	82413344.000
10/20/2010	12.95	13.38	12.83	13.14	5232447	75552248.000
10/21/2010	13.11	13.12	12.59	12.88	3193837	44907396.000
10/22/2010	12.88	13.64	12.85	13.59	7260991	106859016.000
10/25/2010	13.62	13.86	13.38	13.73	7783548	116804784.000
10/26/2010	13.65	13.67	13.36	13.63	5424562	80644832.000
10/27/2010	13.56	14.17	13.46	14.00	7222674	109290736.000
10/28/2010	13.99	14.45	13.86	14.23	6278011	97985488.000
10/29/2010	14.22	14.90	14.09	14.88	9242921	147325728.000
11/01/2010	14.89	15.62	14.73	15.48	9258356	154364096.000
11/02/2010	15.67	15.67	14.75	14.75	8426688	139738608.000
11/03/2010	14.54	15.48	14.15	14.86	6618451	108103992.000
11/04/2010	14.85	15.14	14.60	14.78	3937806	64140944.000
11/05/2010	14.86	15.04	14.61	14.79	3221766	52337388.000
11/08/2010	14.93	15.25	14.92	15.06	4702457	78041088.000
11/10/2010	15.23	15.35	14.65	14.65	6655612	109619600.000
11/11/2010	14.71	15.10	14.51	14.75	8614377	139563984.000
11/12/2010	14.59	14.69	13.35	13.45	5174838	80049664.000
11/15/2010	13.68	14.14	13.58	14.07	3810440	58168260.000
11/16/2010	14.18	14.51	13.71	13.84	3770813	58719824.000
11/17/2010	13.86	14.08	13.66	13.71	2255349	34305180.000
11/18/2010	13.77	13.98	13.49	13.77	1810766	27296236.000
11/19/2010	13.86	14.32	13.75	14.14	3378468	51966820.000
11/22/2010	14.00	14.41	13.92	14.06	6084424	95023112.000
11/23/2010	14.02	14.08	13.52	13.82	2899668	43887256.000
11/24/2010	13.73	14.04	13.64	14.03	3667084	56099584.000
11/25/2010	14.14	14.23	13.73	13.99	4503642	69093464.000
11/26/2010	13.98	14.27	13.93	14.24	3716991	57798796.000
11/29/2010	14.22	14.71	14.09	14.55	5360189	85134192.000
11/30/2010	14.53	14.62	13.64	13.93	4417370	68453816.000
12/01/2010	13.92	14.04	13.77	13.91	1966929	30044814.000
12/02/2010	14.05	14.09	13.89	13.98	2093879	32199338.000
12/03/2010	14.03	14.03	13.78	13.94	1477116	22556452.000
12/06/2010	13.92	13.94	13.40	13.48	3637559	54324872.000
12/07/2010	13.54	13.67	13.31	13.63	1127570	16748817.000
12/08/2010	13.60	13.70	13.48	13.48	1004528	15023693.000
12/09/2010	13.49	13.50	13.14	13.15	1676116	24455012.000
12/10/2010	13.20	13.45	13.06	13.41	1233501	18029904.000
12/13/2010	13.52	13.73	13.40	13.69	2016715	30259586.000
12/14/2010	13.72	13.93	13.60	13.88	1720795	26100054.000
12/15/2010	13.82	14.13	13.73	13.86	2388612	36725848.000
12/16/2010	13.90	13.99	13.82	13.97	1827471	28010986.000
12/17/2010	13.97	14.07	13.89	14.04	2152010	33143786.000
12/20/2010	14.25	14.50	13.89	14.42	5677323	89178416.000
12/21/2010	14.36	14.42	13.98	14.30	3128176	49011864.000
12/22/2010	14.12	14.24	13.98	14.01	1708036	26427462.000
12/23/2010	14.08	14.08	13.68	13.71	1578740	24062336.000
12/24/2010	13.71	13.73	13.44	13.55	1131550	16882600.000
12/27/2010	13.63	13.74	13.14	13.35	1266927	18803156.000
12/28/2010	13.36	13.50	13.19	13.36	921286	13511322.000
12/29/2010	13.41	13.60	13.36	13.53	912953	13556359.000
12/30/2010	13.71	13.73	13.50	13.57	935710	14024120.000
12/31/2010	13.67	13.77	13.64	13.70	969073	14603591.000
01/04/2011	13.73	13.89	13.65	13.81	1341082	20342686.000
01/05/2011	13.80	13.80	13.59	13.74	1028642	15473320.000
01/06/2011	13.76	13.76	13.53	13.61	1017648	15235150.000
01/07/2011	13.65	13.76	13.58	13.65	902200	13568643.000
01/10/2011	13.68	13.68	13.44	13.47	1254793	18683362.000
01/11/2011	13.43	13.45	13.21	13.39	1244384	18235056.000
01/12/2011	13.47	13.49	13.27	13.46	643421	9478451.000
01/13/2011	13.59	13.59	13.40	13.41	656717	9730414.000
01/14/2011	13.41	13.41	13.05	13.07	1441736	20881608.000
01/17/2011	13.07	13.13	12.68	12.71	1039721	14689249.000
01/18/2011	12.89	12.89	12.64	12.73	515482	7206908.000
01/19/2011	12.73	12.94	12.69	12.94	452046	6376211.000
01/20/2011	12.91	12.91	12.41	12.50	682121	9537874.000
01/21/2011	12.50	12.58	12.25	12.45	685311	9378027.000
01/24/2011	12.53	12.53	12.09	12.16	684489	9254160.000
01/25/2011	12.20	12.25	11.98	12.05	611234	8099608.000
01/26/2011	12.14	12.27	12.02	12.21	499186	6674020.000
01/27/2011	12.23	12.55	12.15	12.46	839932	11424823.000
01/28/2011	12.50	12.78	12.38	12.75	610117	8458500.000
01/31/2011	12.70	12.82	12.59	12.80	604627	8445949.000
02/01/2011	12.86	12.86	12.66	12.73	433616	6065196.000
02/09/2011	12.78	13.04	12.63	12.77	542440	7665701.000
02/10/2011	12.80	14.05	12.68	13.40	5197659	77642432.000
02/11/2011	13.40	13.58	13.27	13.41	4038177	59548116.000
02/14/2011	13.42	13.54	13.31	13.40	3005473	44170640.000
02/15/2011	13.40	13.47	13.18	13.20	2316456	34023192.000
02/16/2011	13.27	13.46	13.16	13.38	7171548	105439048.000
02/17/2011	13.39	13.42	13.28	13.30	2897350	42556172.000
02/18/2011	13.39	13.51	13.27	13.42	10083016	148697840.000
02/21/2011	13.39	13.66	13.33	13.52	9960979	147564848.000
02/22/2011	13.48	13.58	12.75	12.93	5756091	83710712.000
02/23/2011	13.00	13.12	12.75	12.86	3015033	42746796.000
02/24/2011	12.83	12.95	12.75	12.87	2408853	34011200.000
02/25/2011	12.86	12.98	12.78	12.95	2306186	32701514.000
02/28/2011	12.95	13.03	12.85	13.02	2289840	32633974.000
03/01/2011	13.03	13.08	12.86	12.94	2973474	42351908.000
03/02/2011	12.90	12.91	12.73	12.81	2551765	35919108.000
03/03/2011	12.81	12.85	12.46	12.46	3558921	49563156.000
03/04/2011	12.46	12.63	12.45	12.63	1535835	21166434.000
03/07/2011	12.50	12.75	12.50	12.70	2947574	41018296.000
03/08/2011	12.72	12.78	12.65	12.73	2470388	34550700.000
03/09/2011	12.73	12.79	12.65	12.68	2398619	33500116.000
03/11/2011	12.56	12.69	12.55	12.55	2258595	31312680.000
03/14/2011	12.61	12.75	12.44	12.75	3092664	42823116.000
03/15/2011	12.67	12.75	12.41	12.57	2435628	33625676.000
03/16/2011	12.64	12.73	12.53	12.70	2127768	29616324.000
03/17/2011	12.63	12.97	12.55	12.85	5177527	72948408.000
03/18/2011	12.90	12.91	12.72	12.79	2596029	36539560.000
03/21/2011	12.64	12.77	12.52	12.55	2130364	29544126.000
03/22/2011	12.63	12.64	12.36	12.52	1997928	27422074.000
03/23/2011	12.56	12.65	12.41	12.62	1977269	27299636.000
03/24/2011	12.65	12.75	12.55	12.62	1641149	22786372.000
03/25/2011	12.64	12.91	12.61	12.80	2387882	33597792.000
03/28/2011	12.83	13.17	12.83	13.02	7530655	108082632.000
03/29/2011	13.04	13.07	12.85	12.95	6716653	95893128.000
03/30/2011	12.92	13.14	12.91	12.95	10663509	152827168.000
03/31/2011	12.91	13.12	12.88	12.92	9360249	133685008.000
04/01/2011	12.92	13.13	12.86	13.10	10091989	144460912.000
04/06/2011	13.25	13.70	12.95	12.99	9700569	141220032.000
04/07/2011	12.73	12.73	12.07	12.27	8900106	120806840.000
04/08/2011	12.21	12.32	12.14	12.29	3759050	50605460.000
04/11/2011	12.29	12.31	12.05	12.09	3888054	51945304.000
04/12/2011	12.02	12.17	12.00	12.12	2244945	29888842.000
04/13/2011	12.07	12.20	12.04	12.19	2009189	26815356.000
04/14/2011	12.23	12.66	12.18	12.41	5519788	75637496.000
04/15/2011	12.41	12.41	12.11	12.22	3715504	50011960.000
04/18/2011	12.18	12.23	12.00	12.09	3169074	42127064.000
04/19/2011	12.07	12.25	12.00	12.14	2626920	35045356.000
04/20/2011	12.16	12.21	12.10	12.15	2425977	32417672.000
04/21/2011	12.18	12.34	12.18	12.31	2695417	36362704.000
04/22/2011	12.33	12.33	12.08	12.15	2590683	34687032.000
04/25/2011	12.15	12.19	11.75	11.76	2607351	34195040.000
04/26/2011	11.74	11.87	11.65	11.65	1366559	17621198.000
04/27/2011	11.58	11.58	10.49	10.58	5358899	63799072.000
04/28/2011	10.47	10.56	9.84	9.91	3929215	43644320.000
04/29/2011	9.87	10.05	9.82	10.01	2164648	23698964.000
05/03/2011	10.05	10.06	9.84	10.05	1584345	17358318.000
05/04/2011	10.00	10.00	9.69	9.73	1457307	15791343.000
05/05/2011	9.72	10.00	9.65	9.87	1352771	14682375.000
05/06/2011	9.84	10.00	9.73	9.92	1036763	11278684.000
05/09/2011	9.93	10.09	9.92	9.97	807150	8879212.000
05/10/2011	9.96	10.01	9.85	10.00	1047440	11428633.000
05/11/2011	10.00	10.07	9.92	10.00	1158549	12772169.000
05/12/2011	9.95	10.00	9.75	9.77	1157324	12538140.000
05/13/2011	9.74	9.82	9.65	9.76	1223885	13098762.000
05/17/2011	9.78	9.85	9.68	9.77	1075464	11551527.000
05/18/2011	9.78	9.85	9.73	9.85	1376371	14822441.000
05/19/2011	9.85	9.97	9.83	9.86	1500386	16358299.000
05/20/2011	9.82	9.86	9.71	9.73	973428	10459186.000
05/23/2011	9.72	9.72	9.10	9.10	1900748	19478340.000
05/24/2011	9.09	9.54	8.98	9.42	2340462	23869818.000
05/25/2011	9.36	9.58	9.25	9.27	1374273	14247345.000
05/26/2011	9.35	9.58	9.35	9.37	1738810	18099732.000
05/27/2011	9.36	9.44	9.14	9.20	896743	9143248.000
05/30/2011	9.25	9.68	9.20	9.62	3128903	32895364.000
05/31/2011	9.65	9.71	9.45	9.71	1934751	20382884.000
06/01/2011	9.70	9.98	9.60	9.89	2413128	26117240.000
06/02/2011	9.73	9.83	9.52	9.66	1933112	20550848.000
06/03/2011	9.65	9.95	9.65	9.81	1509689	16304447.000
06/07/2011	9.76	9.76	9.55	9.71	1519298	16157770.000
06/08/2011	9.66	9.66	9.47	9.55	1473991	15476493.000
06/09/2011	9.56	9.56	9.25	9.29	1264830	13113927.000
06/10/2011	9.30	9.36	9.05	9.24	1195387	12064653.000
06/13/2011	9.25	9.33	9.15	9.25	565944	5226757.000
06/14/2011	9.27	9.40	9.10	9.30	939002	8723980.000
06/15/2011	9.27	9.40	9.08	9.14	968311	8963826.000
06/16/2011	9.06	9.09	8.85	8.85	1431619	12806023.000
06/17/2011	8.85	8.92	8.75	8.76	721817	6373029.500
06/20/2011	8.72	8.78	8.36	8.46	1517964	12898445.000
06/21/2011	8.48	8.54	8.42	8.53	770130	6534502.000
06/22/2011	8.50	8.60	8.47	8.52	755007	6442889.000
06/23/2011	8.50	8.78	8.48	8.73	1309960	11357155.000
06/24/2011	8.72	8.99	8.65	8.92	1923504	17056332.000
06/27/2011	8.92	9.12	8.92	9.08	1754024	15868647.000
06/28/2011	9.08	9.08	8.84	8.96	1799792	16093010.000
06/29/2011	8.97	9.05	8.87	8.90	1160831	10390492.000
06/30/2011	8.89	9.02	8.83	8.93	1321801	11810497.000
07/01/2011	8.94	9.04	8.93	8.95	1321184	11869471.000
07/04/2011	9.00	9.13	8.95	9.12	2037304	18456858.000
07/05/2011	9.11	9.42	9.04	9.29	3123248	29048094.000
07/06/2011	9.24	9.34	9.12	9.25	2160232	19900066.000
07/07/2011	9.25	9.39	9.18	9.37	2607862	24265630.000
07/08/2011	9.44	9.63	9.32	9.48	3754765	35627612.000
07/11/2011	9.53	9.79	9.49	9.62	3072651	29724516.000
07/12/2011	9.50	9.67	9.32	9.32	2253329	21296578.000
07/13/2011	9.32	9.68	9.31	9.60	2283825	21811228.000
07/14/2011	9.60	9.90	9.52	9.80	3006980	29180124.000
07/15/2011	9.79	10.12	9.71	9.98	3656948	36472752.000
07/18/2011	10.19	10.39	10.02	10.15	5529722	56375976.000
07/19/2011	10.00	10.22	9.95	10.11	4151372	41851928.000
07/20/2011	10.17	10.53	10.12	10.48	5850712	60731296.000
07/21/2011	10.59	10.79	10.08	10.09	5559267	57846544.000
07/22/2011	10.01	10.28	10.01	10.24	2985287	30358356.000
07/25/2011	10.20	10.23	9.60	9.66	2942853	28998794.000
07/26/2011	9.63	9.80	9.57	9.77	1734873	16752049.000
07/27/2011	9.70	9.90	9.53	9.81	2120010	20714878.000
07/28/2011	9.69	9.82	9.60	9.72	1560853	15116296.000
07/29/2011	9.72	9.88	9.65	9.75	2012548	19689006.000
08/01/2011	9.83	10.18	9.80	10.18	4000407	40202116.000
08/02/2011	10.08	10.28	9.88	10.23	3502224	35183156.000
08/03/2011	10.13	10.43	10.06	10.33	4123946	42574052.000
08/04/2011	10.37	10.38	10.11	10.19	2473982	25230390.000
08/05/2011	9.85	10.00	9.75	9.78	2755099	27215660.000
08/08/2011	9.67	9.71	8.91	9.02	3086299	28528694.000
08/09/2011	8.83	9.00	8.53	8.90	2644588	23234058.000
08/10/2011	9.09	9.35	9.00	9.12	2593662	23794766.000
08/11/2011	8.91	9.35	8.83	9.31	2296205	21158538.000
08/12/2011	9.34	9.48	9.29	9.31	2186823	20505276.000
08/15/2011	9.31	9.51	9.31	9.49	1561013	14733905.000
08/16/2011	9.40	9.56	9.30	9.34	1769014	16636785.000
08/17/2011	9.38	9.44	9.18	9.29	1472757	13739025.000
08/18/2011	9.28	9.30	8.98	9.00	1480019	13503930.000
08/19/2011	8.80	9.20	8.72	9.17	2043505	18357952.000
08/22/2011	9.11	9.25	9.11	9.22	1172475	10757792.000
08/23/2011	9.19	9.43	9.15	9.42	1585897	14740493.000
08/24/2011	9.43	9.59	9.36	9.36	1614151	15298954.000
08/25/2011	9.45	9.63	9.33	9.54	2091373	19917518.000
08/26/2011	9.58	9.68	9.44	9.62	2612776	24992310.000
08/29/2011	9.64	10.10	9.53	9.88	5033471	49913196.000
08/30/2011	9.80	10.11	9.67	9.68	2509376	24813304.000
08/31/2011	9.68	9.79	9.49	9.60	1290735	12417082.000
09/01/2011	9.60	10.09	9.52	9.98	4470282	44377156.000
09/02/2011	9.89	10.09	9.68	9.72	2192655	21552350.000
09/05/2011	9.56	9.63	9.28	9.30	2015662	18963012.000
09/06/2011	9.15	9.42	9.15	9.28	1191213	11074181.000
09/07/2011	9.35	9.80	9.30	9.76	1711244	16370490.000
09/08/2011	9.84	9.97	9.65	9.65	1661805	16280039.000
09/09/2011	9.71	9.95	9.64	9.79	1890456	18554050.000
09/13/2011	9.64	9.72	9.36	9.70	1625711	15483242.000
09/15/2011	9.70	10.02	9.67	9.95	2906273	28748362.000
09/16/2011	9.91	10.00	9.82	9.87	1367902	13533549.000
09/19/2011	9.89	9.90	9.60	9.60	1491643	14513858.000
09/20/2011	9.50	9.71	9.38	9.71	2402321	22929532.000
09/21/2011	9.70	10.15	9.62	10.03	4030910	40072072.000
09/22/2011	9.97	10.23	9.71	10.02	4368240	43683500.000
09/23/2011	9.80	10.26	9.75	10.26	8468738	85591016.000
09/26/2011	10.16	10.25	9.50	9.70	9590247	94836696.000
09/27/2011	9.74	9.74	9.29	9.49	4400375	41724472.000
09/28/2011	9.50	9.60	9.31	9.39	2906800	27481962.000
09/29/2011	9.30	9.30	8.86	8.86	2926520	26411168.000
09/30/2011	8.87	8.99	8.60	8.79	1623127	14223519.000
10/10/2011	8.84	8.89	8.50	8.62	1183268	10228545.000
10/11/2011	8.80	8.86	8.50	8.55	1897797	16515980.000
10/12/2011	8.54	8.87	8.41	8.84	1726443	15077598.000
10/13/2011	8.84	9.03	8.78	8.94	2061110	18420460.000
10/14/2011	8.90	8.94	8.77	8.90	1318077	11676549.000
10/17/2011	8.70	8.78	8.64	8.66	3472066	30204972.000
10/18/2011	8.57	8.73	8.45	8.48	2483938	21369566.000
10/19/2011	8.55	8.55	8.20	8.28	2426663	20175662.000
10/20/2011	8.20	8.23	7.75	7.84	2097245	16674067.000
10/21/2011	7.71	7.93	7.71	7.76	863402	6770347.000
10/24/2011	7.90	7.97	7.50	7.86	1616503	12560033.000
10/25/2011	7.87	8.05	7.77	8.03	1626642	12922802.000
10/26/2011	7.99	8.20	7.88	8.08	2478201	19976802.000
10/27/2011	8.09	8.12	8.01	8.06	1918515	15471822.000
10/28/2011	8.12	8.21	8.04	8.16	4464958	36243152.000
10/31/2011	8.20	8.33	8.12	8.29	3758885	30995212.000
11/01/2011	8.21	8.33	8.14	8.28	3083845	25378986.000
11/02/2011	8.15	8.47	7.97	8.40	5325147	43514536.000
11/03/2011	8.44	8.60	8.37	8.39	5349437	45461244.000
11/04/2011	8.48	8.66	8.38	8.52	4814727	40975332.000
11/07/2011	8.50	8.60	8.39	8.43	3612145	30587910.000
11/08/2011	8.40	8.49	8.20	8.23	3310733	27661530.000
11/09/2011	8.26	8.40	8.08	8.40	4422107	36520428.000
11/10/2011	8.28	8.75	8.25	8.48	10572647	90179072.000
11/11/2011	8.43	9.33	8.42	8.93	15805613	142895888.000
11/14/2011	8.91	9.11	8.79	9.04	10057791	90125200.000
11/15/2011	9.00	9.10	8.86	8.98	4612154	41427436.000
11/16/2011	8.98	9.07	8.71	8.73	5471850	48783992.000
11/17/2011	8.73	8.80	8.57	8.70	4648172	40373044.000
11/18/2011	8.60	8.64	8.20	8.25	4056640	34074892.000
11/21/2011	8.29	8.35	8.00	8.33	2971658	24267056.000
11/22/2011	8.16	8.37	8.13	8.34	2088395	17274430.000
11/23/2011	8.37	8.39	8.19	8.28	1731917	14378157.000
11/24/2011	8.12	8.33	8.04	8.22	2287923	18724478.000
11/25/2011	8.12	8.21	8.02	8.04	3183661	25816016.000
11/28/2011	8.08	8.18	8.05	8.14	1866541	15159921.000
11/29/2011	8.16	8.23	8.11	8.21	3763469	30749268.000
11/30/2011	8.20	8.21	7.56	7.64	4069890	31988722.000
12/01/2011	7.89	8.00	7.75	7.77	3766936	29563822.000
12/02/2011	7.75	7.78	7.20	7.50	2795412	21196906.000
12/05/2011	7.51	7.56	7.19	7.19	1628855	11896683.000
12/06/2011	7.15	7.36	7.15	7.29	1356366	9831164.000
12/07/2011	7.29	7.39	7.23	7.32	967877	7074290.500
12/08/2011	7.30	7.46	7.13	7.37	1607572	11754284.000
12/09/2011	7.29	7.39	7.25	7.26	737842	5391046.000
12/12/2011	7.32	7.32	7.15	7.20	692293	5016844.500
12/13/2011	7.15	7.20	6.87	6.92	1677783	11736582.000
12/14/2011	6.93	7.06	6.84	6.87	1108925	7715425.500
12/15/2011	6.86	6.93	6.55	6.58	2863598	19208184.000
12/16/2011	6.57	6.80	6.52	6.79	1609703	10751878.000
12/19/2011	6.75	6.95	6.66	6.88	1960288	13296074.000
12/20/2011	6.87	7.04	6.82	6.84	2339285	16197998.000
12/21/2011	6.86	6.93	6.50	6.52	2204492	14986371.000
12/22/2011	6.50	6.50	6.24	6.38	1979168	12596937.000
12/23/2011	6.38	6.57	6.30	6.49	1708022	11082206.000
12/26/2011	6.49	6.77	6.49	6.64	2108565	14023642.000
12/27/2011	6.63	6.65	6.41	6.43	1683876	11015903.000
12/28/2011	6.43	6.59	6.29	6.57	1683126	10804407.000
12/29/2011	6.56	6.72	6.51	6.56	1420246	9387347.000
12/30/2011	6.57	6.68	6.56	6.66	1528280	10150011.000
01/04/2012	6.71	6.74	6.45	6.46	1395279	9249204.000
01/05/2012	6.40	6.44	6.00	6.08	2035442	12548880.000
01/06/2012	6.08	6.17	5.95	6.12	1171322	7078602.500
01/09/2012	6.16	6.40	6.09	6.35	1982616	12434728.000
01/10/2012	6.35	6.66	6.31	6.65	3787911	24793400.000
01/11/2012	6.62	6.79	6.57	6.66	3435167	22928972.000
01/12/2012	6.64	6.72	6.55	6.57	2487682	16502858.000
01/13/2012	6.60	6.62	6.18	6.25	2582575	16466131.000
01/16/2012	6.20	6.24	6.02	6.05	1412703	8680118.000
01/17/2012	6.06	6.38	6.05	6.37	2050738	12814036.000
01/18/2012	6.38	6.45	6.13	6.17	2164807	13639773.000
01/19/2012	6.11	6.36	6.10	6.30	2265336	14178696.000
01/20/2012	6.34	6.43	6.29	6.40	1924879	12289668.000
01/30/2012	6.44	6.57	6.33	6.47	2123155	13691157.000
01/31/2012	6.37	6.39	6.14	6.23	2758052	17160084.000
02/01/2012	6.23	6.34	6.17	6.23	1672672	10488856.000
02/02/2012	6.30	6.50	6.28	6.43	4174747	26809628.000
02/03/2012	6.38	6.57	6.37	6.53	4345899	28123764.000
02/06/2012	6.58	6.62	6.47	6.58	3366139	22026008.000
02/07/2012	6.55	6.55	6.37	6.41	2334424	15045924.000
02/08/2012	6.41	7.05	6.39	6.89	10579113	72401000.000
02/09/2012	6.81	7.05	6.79	6.85	7539717	52296156.000
02/10/2012	6.82	7.05	6.78	6.84	3304673	22784590.000
02/13/2012	6.80	7.08	6.77	6.96	4125748	28729160.000
02/14/2012	6.99	7.17	6.93	7.04	7459799	52764648.000
02/15/2012	6.98	7.12	6.93	7.10	4224068	29767552.000
02/16/2012	7.05	7.12	6.93	7.06	3482117	24518754.000
02/17/2012	7.05	7.08	6.90	6.96	2361172	16475455.000
02/20/2012	7.04	7.18	6.97	7.03	8136726	57827320.000
02/21/2012	7.01	7.07	6.82	7.05	4324494	30220472.000
02/22/2012	7.03	7.27	7.00	7.22	8626250	61696408.000
02/23/2012	7.18	7.44	7.15	7.22	6936463	50315516.000
02/24/2012	7.19	7.24	7.13	7.24	5030650	36196628.000
02/27/2012	7.24	7.32	7.20	7.20	6779719	49212248.000
02/28/2012	7.13	7.16	6.96	7.09	5362749	37814796.000
02/29/2012	7.08	7.15	6.96	6.98	2860908	20163958.000
03/01/2012	6.95	7.04	6.93	6.96	4841410	33784864.000
03/02/2012	6.95	7.06	6.95	7.05	3712072	26059440.000
03/05/2012	7.07	7.18	7.04	7.13	6546160	46542044.000
03/06/2012	7.12	7.12	6.93	6.98	3700707	25923408.000
03/07/2012	6.93	7.07	6.90	6.96	3452504	24134936.000
03/08/2012	6.99	7.17	6.97	7.10	4241893	30061216.000
03/09/2012	7.14	7.21	7.08	7.17	4702928	33618040.000
03/12/2012	7.22	7.29	7.12	7.21	4778373	34390264.000
03/13/2012	7.21	7.47	7.15	7.36	12384510	90763248.000
03/14/2012	7.36	7.39	6.85	6.93	10259874	73770624.000
03/15/2012	6.95	6.99	6.70	6.78	4900161	33419890.000
03/16/2012	6.81	7.00	6.73	6.95	4090719	28221960.000
03/19/2012	6.96	7.07	6.90	7.03	4273144	29911968.000
03/20/2012	7.00	7.00	6.70	6.70	4500012	30777716.000
03/21/2012	6.75	6.78	6.58	6.71	3671687	24566564.000
03/22/2012	6.71	6.82	6.68	6.73	2753472	18589116.000
03/23/2012	6.71	6.72	6.57	6.61	2782072	18464562.000
03/26/2012	6.60	6.64	6.53	6.62	1469655	9700304.000
03/27/2012	6.66	6.77	6.64	6.66	2533829	16990098.000
03/28/2012	6.62	6.66	6.30	6.33	3281933	21140972.000
03/29/2012	6.31	6.38	6.15	6.21	1890011	11881263.000
03/30/2012	6.34	6.34	6.16	6.24	1666423	10353077.000
04/05/2012	6.10	6.31	6.02	6.27	4968961	30637144.000
04/09/2012	6.23	6.27	6.08	6.10	2717255	16707292.000
04/10/2012	6.06	6.15	5.96	6.14	2340060	14163123.000
04/11/2012	6.07	6.15	6.01	6.12	2027621	12365603.000
04/12/2012	6.20	6.24	6.10	6.23	3091935	19142492.000
04/13/2012	6.25	6.36	6.22	6.35	3819997	24085910.000
04/16/2012	6.27	6.45	6.24	6.40	3092718	19680918.000
04/17/2012	6.40	6.53	6.28	6.30	4103594	26375024.000
04/18/2012	6.32	6.49	6.25	6.47	4066827	26147374.000
04/19/2012	6.44	6.51	6.40	6.42	2523533	16239932.000
04/20/2012	6.42	6.49	6.40	6.44	3113881	20031642.000
04/23/2012	6.31	6.35	6.00	6.04	7423820	45509388.000
04/24/2012	5.96	6.09	5.70	5.89	5370380	31545398.000
04/25/2012	5.82	6.01	5.77	5.98	3922221	23324664.000
04/26/2012	5.92	6.05	5.86	5.99	3545656	21095076.000
04/27/2012	5.94	6.08	5.90	5.99	3201599	19203746.000
05/02/2012	6.03	6.06	5.96	6.01	2895241	17401838.000
05/03/2012	6.01	6.02	5.96	5.99	2032221	12155072.000
05/04/2012	6.00	6.08	5.99	6.06	2373433	14352819.000
05/07/2012	6.04	6.10	6.00	6.10	2497534	15092872.000
05/08/2012	6.09	6.14	6.05	6.10	2413723	14719351.000
05/09/2012	6.08	6.08	5.91	5.94	2324631	13879779.000
05/10/2012	5.94	6.04	5.91	5.99	1457592	8749803.000
05/11/2012	5.98	6.04	5.94	5.97	1262746	7560095.500
05/14/2012	6.02	6.05	5.90	5.96	1892659	11324514.000
05/15/2012	5.99	6.02	5.90	6.02	1873049	11154108.000
05/16/2012	6.00	6.04	5.91	5.93	1565472	9347736.000
05/17/2012	5.93	6.02	5.91	6.01	1876791	11214331.000
05/18/2012	6.00	6.36	5.94	6.14	5931322	36776716.000
05/21/2012	6.11	6.15	6.00	6.06	2581892	15677921.000
05/22/2012	6.07	6.16	6.04	6.14	2592614	15835747.000
05/23/2012	6.11	6.16	6.05	6.08	1771935	10805342.000
05/24/2012	6.08	6.11	5.97	5.99	1836750	11105390.000
05/25/2012	5.99	6.02	5.80	5.82	2434898	14351732.000
05/28/2012	5.78	5.88	5.74	5.86	1608351	9353589.000
05/29/2012	5.89	5.99	5.85	5.94	1896479	11236763.000
05/30/2012	5.91	5.99	5.91	5.96	1604983	9556390.000
05/31/2012	5.93	6.04	5.93	6.01	2129063	12762583.000
06/01/2012	6.00	6.25	5.97	6.15	5175689	31916378.000
06/04/2012	6.06	6.07	5.88	5.90	3414030	20359856.000
06/05/2012	5.93	5.97	5.88	5.93	1900804	11259648.000
06/06/2012	5.97	6.00	5.91	5.94	1636122	9740093.000
06/07/2012	5.99	6.05	5.94	5.95	2359952	14150814.000
06/08/2012	5.99	6.02	5.91	5.96	1949464	11635122.000
06/11/2012	5.99	6.17	5.96	6.17	3522939	21435392.000
06/12/2012	6.08	6.17	6.05	6.05	2080123	12690030.000
06/13/2012	6.07	6.25	6.07	6.18	3529825	21814274.000
06/14/2012	6.20	6.24	6.15	6.18	2480502	15341176.000
06/15/2012	6.20	6.26	6.12	6.20	2143943	13304279.000
06/18/2012	6.24	6.29	6.19	6.20	2677879	16693258.000
06/19/2012	6.20	6.21	6.00	6.10	3107800	18930362.000
06/20/2012	6.11	6.17	6.09	6.10	1659005	10159885.000
06/21/2012	6.08	6.14	5.96	5.98	1952361	11723062.000
06/25/2012	5.98	5.98	5.86	5.87	1374214	8131006.000
06/26/2012	5.86	5.93	5.79	5.89	1492639	8735379.000
06/27/2012	5.89	6.09	5.85	5.91	1989501	11874884.000
06/28/2012	5.92	6.26	5.86	6.02	4991569	30398050.000
06/29/2012	5.96	6.02	5.77	5.98	3691102	21739554.000
07/02/2012	6.01	6.15	5.96	6.11	3023013	18347570.000
07/03/2012	6.10	6.15	6.01	6.04	2726235	16595717.000
07/04/2012	6.04	6.14	6.02	6.06	2281202	13857462.000
07/05/2012	6.02	6.06	5.83	5.86	2261567	13364855.000
07/06/2012	5.91	6.05	5.84	6.01	1825888	10836501.000
07/09/2012	5.98	6.05	5.91	5.98	2277003	13615669.000
07/10/2012	5.95	6.01	5.85	5.97	1357680	8073546.000
07/11/2012	5.94	6.06	5.93	6.03	1614697	9696668.000
07/12/2012	6.04	6.17	5.97	6.13	4222140	25796358.000
07/13/2012	6.09	6.12	6.02	6.04	2509495	15227056.000
07/16/2012	5.71	5.78	5.44	5.44	6203314	34020216.000
07/17/2012	5.28	5.40	5.26	5.37	2190554	11671484.000
07/18/2012	5.35	5.40	5.26	5.40	2154143	11483223.000
07/19/2012	5.38	5.57	5.35	5.46	3122202	17087032.000
07/20/2012	5.45	5.48	5.36	5.37	2281673	12339743.000
07/23/2012	5.38	5.47	5.30	5.37	1610251	8670783.000
07/24/2012	5.32	5.42	5.32	5.38	1020473	5487397.500
07/25/2012	5.38	5.46	5.34	5.41	1249363	6741105.500
07/26/2012	5.44	5.70	5.35	5.43	2951708	16193072.000
07/27/2012	5.45	5.50	5.37	5.38	917008	4955401.500
07/30/2012	5.29	5.40	5.10	5.15	2121235	11028292.000
07/31/2012	5.12	5.15	5.04	5.06	1185560	6029493.000
08/01/2012	5.15	5.23	5.13	5.15	1123996	5818380.000
08/02/2012	5.15	5.22	5.10	5.11	855010	4403409.000
08/03/2012	5.16	5.23	5.10	5.20	1408440	7278877.500
08/06/2012	5.12	5.28	5.12	5.27	1435815	7512987.500
08/07/2012	5.29	5.39	5.23	5.34	1967483	10441101.000
08/08/2012	5.33	5.36	5.27	5.31	1259520	6685051.500
08/09/2012	5.34	5.42	5.25	5.37	1714724	9139334.000
08/10/2012	5.38	5.38	5.31	5.32	1298003	6926486.000
08/13/2012	5.33	5.38	5.22	5.24	1408885	7490436.000
08/14/2012	5.27	5.28	5.15	5.25	1118339	5821579.500
08/15/2012	5.21	5.27	5.17	5.20	865957	4505741.000
08/16/2012	5.20	5.21	5.14	5.19	616126	3197792.500
08/17/2012	5.19	5.21	5.15	5.20	814321	4223867.500
08/20/2012	5.18	5.23	5.08	5.23	1047665	5410585.500
08/21/2012	5.21	5.42	5.17	5.36	2564292	13639121.000
08/22/2012	5.40	5.48	5.24	5.45	3627141	19516852.000
08/23/2012	5.43	5.44	5.34	5.41	1835875	9903414.000
08/24/2012	5.40	5.40	5.28	5.29	1485309	7927647.000
08/27/2012	5.26	5.33	5.17	5.21	1048776	5510043.500
08/28/2012	5.17	5.30	5.17	5.23	648340	3397687.500
08/29/2012	5.23	5.31	5.18	5.20	809667	4241787.500
08/30/2012	5.19	5.22	5.06	5.16	1138680	5869566.000
08/31/2012	5.15	5.27	5.13	5.23	919073	4790922.500
09/03/2012	5.22	5.34	5.21	5.28	867056	4572070.500
09/04/2012	5.28	5.34	5.24	5.28	1283020	6785122.000
09/05/2012	5.25	5.36	5.24	5.34	1363646	7262073.000
09/06/2012	5.36	5.45	5.30	5.34	1475982	7908468.500
09/07/2012	5.35	5.50	5.34	5.44	5249617	28502582.000
09/10/2012	5.42	5.47	5.39	5.45	2976199	16179379.000
09/11/2012	5.45	5.50	5.40	5.47	2434340	13270168.000
09/12/2012	5.47	5.54	5.43	5.52	2330437	12747746.000
09/13/2012	5.50	5.61	5.45	5.48	2971783	16410769.000
09/14/2012	5.50	5.55	5.34	5.42	2358589	12763670.000
09/17/2012	5.40	5.73	5.37	5.52	6592116	36672444.000
09/18/2012	5.58	5.62	5.38	5.42	4924491	27111410.000
09/19/2012	5.34	5.89	5.28	5.67	6400873	35330812.000
09/20/2012	5.57	5.58	5.39	5.39	3271593	18021740.000
09/21/2012	5.39	5.59	5.34	5.49	3191495	17563900.000
09/24/2012	5.41	5.46	5.21	5.37	2325907	12348888.000
09/25/2012	5.31	5.40	5.20	5.22	1612806	8542326.000
09/26/2012	5.23	5.25	5.08	5.10	1919665	9849043.000
09/27/2012	5.13	5.28	5.10	5.22	1822951	9447022.000
09/28/2012	5.19	5.31	5.16	5.30	2146964	11245691.000
10/08/2012	5.30	5.38	5.28	5.31	1963849	10453876.000
10/09/2012	5.33	5.44	5.31	5.41	2144924	11549320.000
10/10/2012	5.40	5.46	5.37	5.46	1935412	10473584.000
10/11/2012	5.46	5.49	5.34	5.35	1978193	10711740.000
10/12/2012	5.39	5.41	5.31	5.36	1543271	8267537.500
10/15/2012	5.30	5.30	5.17	5.21	2325540	12163542.000
10/16/2012	5.21	5.32	5.20	5.31	1930887	10161124.000
10/17/2012	5.84	5.84	5.76	5.84	15249333	89025152.000
10/18/2012	5.80	5.80	5.58	5.67	12763333	72588976.000
10/19/2012	5.65	5.75	5.58	5.59	5898537	33410332.000
10/22/2012	5.58	5.71	5.53	5.66	3695792	20822942.000
10/23/2012	5.64	5.66	5.51	5.52	2973497	16576788.000
10/24/2012	5.49	5.56	5.42	5.51	2107405	11590524.000
10/25/2012	5.54	5.61	5.46	5.47	3164289	17527090.000
10/26/2012	5.42	5.47	5.30	5.37	3329224	17854118.000
10/29/2012	5.37	5.43	5.30	5.40	1722879	9255421.000
10/30/2012	5.39	5.43	5.35	5.41	1241488	6683265.000
10/31/2012	5.42	5.42	5.33	5.37	1021775	5481266.000
11/01/2012	5.40	5.48	5.36	5.47	2058046	11210285.000
11/02/2012	5.49	5.49	5.42	5.48	1223464	6671932.500
11/05/2012	5.46	5.59	5.40	5.56	2159349	11888477.000
11/06/2012	5.48	5.69	5.39	5.65	5501151	30695880.000
11/07/2012	5.75	5.83	5.53	5.57	5665789	32067876.000
11/08/2012	5.40	5.47	5.35	5.36	3001170	16208343.000
11/09/2012	5.32	5.46	5.30	5.36	1939250	10407123.000
11/12/2012	5.33	5.48	5.33	5.41	1858960	10065684.000
11/13/2012	5.39	5.41	5.20	5.22	1813726	9596814.000
11/14/2012	5.22	5.26	5.19	5.23	1139069	5949211.000
11/15/2012	5.20	5.21	5.16	5.18	1372027	7106717.500
11/16/2012	5.17	5.17	5.10	5.15	918770	4714311.500
11/19/2012	5.16	5.20	5.11	5.18	768120	3958004.500
11/20/2012	5.20	5.26	5.17	5.22	1651228	8604945.000
11/21/2012	5.23	5.25	5.05	5.20	2626895	13483329.000
11/22/2012	5.16	5.18	5.08	5.12	2576156	13189568.000
11/23/2012	5.13	5.15	5.10	5.12	1646667	8437746.000
11/26/2012	5.13	5.13	5.06	5.06	1384572	7046654.000
11/27/2012	5.06	5.09	4.82	4.82	2710741	13320508.000
11/28/2012	4.83	4.85	4.76	4.80	1406172	6758649.500
11/29/2012	4.78	4.83	4.59	4.65	1473953	6950460.000
11/30/2012	4.65	4.71	4.61	4.68	1146252	5349854.500
12/03/2012	4.65	4.69	4.48	4.53	1514951	6943397.500
12/04/2012	4.48	4.58	4.42	4.57	1221145	5481729.500
12/05/2012	4.57	4.77	4.51	4.70	2157046	10077100.000
12/06/2012	4.71	4.76	4.67	4.69	1184092	5567708.500
12/07/2012	4.70	4.85	4.68	4.84	2555364	12264227.000
12/10/2012	4.82	4.92	4.81	4.89	2685292	13051428.000
12/11/2012	4.86	4.93	4.86	4.88	2573339	12607891.000
12/12/2012	4.88	4.90	4.76	4.82	1646666	7941453.500
12/13/2012	4.82	4.84	4.75	4.77	1066590	5111024.500
12/14/2012	4.78	4.99	4.76	4.97	3169056	15571756.000
12/17/2012	4.95	5.02	4.92	4.99	2972218	14781753.000
12/18/2012	5.00	5.18	5.00	5.04	4032409	20554258.000
12/19/2012	5.04	5.54	5.00	5.31	19783689	108063952.000
12/20/2012	5.22	5.42	5.15	5.31	11711194	61819524.000
12/21/2012	5.26	5.35	5.05	5.07	9780728	50392276.000
12/24/2012	5.07	5.15	5.04	5.11	4037680	20562422.000
12/25/2012	5.10	5.20	5.06	5.17	6596677	33931996.000
12/26/2012	5.15	5.21	5.13	5.21	5341157	27624242.000
12/27/2012	5.20	5.25	5.14	5.14	3281847	16996396.000
12/28/2012	5.14	5.17	5.08	5.11	2523947	12959993.000
12/31/2012	5.14	5.18	5.13	5.15	2204024	11357615.000
01/04/2013	5.18	5.22	5.14	5.17	3056665	15841291.000
01/07/2013	5.16	5.26	5.12	5.20	3593961	18704266.000
01/08/2013	5.21	5.30	5.16	5.25	4961546	25917336.000
01/09/2013	5.24	5.39	5.19	5.37	7360287	39043892.000
01/10/2013	5.34	5.40	5.24	5.33	4751292	25285592.000
01/11/2013	5.35	5.36	5.14	5.17	4632212	24390242.000
01/14/2013	5.17	5.32	5.16	5.30	4808632	25282134.000
01/15/2013	5.31	5.43	5.29	5.39	5864645	31543344.000
01/16/2013	5.40	5.44	5.26	5.32	5041124	26918238.000
01/17/2013	5.33	5.49	5.26	5.45	7552129	40751592.000
01/18/2013	5.57	5.68	5.40	5.48	6467795	35641108.000
01/21/2013	5.43	5.49	5.37	5.41	4759837	25769310.000
01/22/2013	5.41	5.49	5.34	5.45	5041444	27385244.000
01/23/2013	5.44	5.58	5.38	5.58	7244465	39864636.000
01/24/2013	5.57	5.57	5.28	5.30	5560831	30177608.000
01/25/2013	5.30	5.35	5.25	5.29	1905433	10079178.000
01/28/2013	5.31	5.37	5.29	5.35	2591752	13836200.000
01/29/2013	5.37	5.41	5.33	5.39	2267194	12180308.000
01/30/2013	5.38	5.40	5.32	5.36	2580498	13813485.000
01/31/2013	5.27	5.27	5.08	5.13	7143869	36825524.000
02/01/2013	5.13	5.19	5.10	5.14	3164498	16290632.000
02/04/2013	5.15	5.16	5.03	5.08	4031942	20493922.000
02/05/2013	5.08	5.26	5.06	5.23	4510769	23380306.000
02/06/2013	5.21	5.32	5.18	5.26	3458596	18203162.000
02/07/2013	5.30	5.30	5.10	5.15	5191119	26765154.000
02/08/2013	5.15	5.21	5.15	5.19	2591940	13446425.000
02/18/2013	5.21	5.28	5.20	5.25	2984870	15659388.000
02/19/2013	5.27	5.58	5.26	5.36	8134715	44141592.000
02/20/2013	5.32	5.55	5.29	5.51	7156171	38971176.000
02/21/2013	5.45	5.45	5.30	5.30	5187769	27884632.000
02/22/2013	5.28	5.36	5.28	5.30	2277936	12130519.000
02/25/2013	5.30	5.37	5.30	5.35	1902536	10149406.000
02/26/2013	5.34	5.36	5.16	5.20	3330825	17608682.000
02/27/2013	5.24	5.24	5.17	5.19	2394049	12456339.000
02/28/2013	5.19	5.35	5.18	5.29	2625871	13778556.000
03/01/2013	5.28	5.34	5.26	5.33	2194553	11629171.000
03/04/2013	5.30	5.32	5.09	5.13	2849640	14853233.000
03/05/2013	5.12	5.19	5.07	5.18	2631317	13502743.000
03/06/2013	5.16	5.24	5.16	5.23	2432936	12681525.000
03/07/2013	5.25	5.29	5.16	5.19	2499820	13075016.000
03/08/2013	5.20	5.28	5.17	5.24	2125520	11143061.000
03/11/2013	5.22	5.25	5.19	5.20	1669274	8699749.000
03/12/2013	5.20	5.22	4.98	5.05	3726591	18887992.000
03/13/2013	5.06	5.06	4.96	5.00	1402889	7018215.500
03/14/2013	5.01	5.03	4.98	5.00	879949	4406742.000
03/15/2013	5.01	5.04	4.91	4.97	1780005	8867100.000
03/18/2013	4.97	4.99	4.83	4.85	1239646	6088796.000
03/19/2013	4.90	4.91	4.79	4.83	1116068	5399977.500
03/20/2013	4.84	4.94	4.82	4.93	1200090	5881119.000
03/21/2013	4.93	4.99	4.90	4.96	1528275	7571533.000
03/22/2013	4.96	4.99	4.93	4.97	985992	4890916.500
03/25/2013	4.97	5.10	4.93	5.02	2486228	12492813.000
03/26/2013	5.00	5.02	4.93	4.95	1393650	6928357.500
03/27/2013	4.97	5.05	4.94	4.96	1615787	8052984.000
03/28/2013	4.94	4.94	4.75	4.77	1982250	9562049.000
03/29/2013	4.79	4.87	4.78	4.81	1117566	5393897.000
04/01/2013	4.83	4.92	4.80	4.90	1567024	7612455.500
04/02/2013	4.90	4.94	4.84	4.87	851444	4162274.250
04/03/2013	4.87	4.90	4.81	4.86	747769	3631854.000
04/08/2013	5.05	5.34	5.00	5.29	11588718	59923976.000
04/09/2013	5.21	5.24	5.14	5.17	6964171	36052828.000
04/10/2013	5.15	5.19	5.07	5.13	3330057	17059734.000
04/11/2013	5.15	5.24	5.12	5.16	5034817	26066724.000
04/12/2013	5.12	5.13	5.01	5.03	2981475	15106547.000
04/15/2013	5.09	5.49	5.08	5.23	8498108	45006776.000
04/16/2013	5.15	5.22	5.05	5.22	4230549	21738974.000
04/17/2013	5.19	5.30	5.16	5.26	3277982	17183006.000
04/18/2013	5.25	5.27	5.16	5.16	2787957	14514363.000
04/19/2013	5.13	5.23	5.13	5.23	3156644	16399277.000
04/22/2013	5.19	5.22	5.14	5.20	2040534	10580660.000
04/23/2013	5.22	5.37	5.13	5.17	3442807	18079566.000
04/24/2013	5.14	5.38	5.13	5.36	5901721	31357664.000
04/25/2013	5.35	5.58	5.30	5.39	8452785	46199900.000
04/26/2013	5.38	5.52	5.33	5.36	3856109	20942736.000
05/02/2013	5.36	5.49	5.32	5.43	2758429	15000770.000
05/03/2013	5.46	5.66	5.45	5.61	5273387	29249248.000
05/06/2013	5.58	5.69	5.56	5.67	6582696	37001380.000
05/07/2013	5.64	5.68	5.55	5.61	3756400	21118844.000
05/08/2013	5.64	5.87	5.60	5.87	8403738	48765852.000
05/09/2013	5.85	6.14	5.71	5.99	7770292	46479976.000
05/10/2013	5.91	6.05	5.90	6.00	3492125	20892054.000
05/14/2013	6.19	6.60	6.00	6.40	8412725	52844496.000
05/15/2013	6.31	6.88	6.26	6.65	10063403	66949012.000
05/16/2013	6.40	6.74	6.38	6.59	6797571	44595876.000
05/17/2013	6.54	6.65	6.43	6.59	4753891	31195934.000
05/20/2013	6.58	6.73	6.41	6.52	5220295	34120168.000
05/21/2013	6.49	6.58	6.42	6.53	3753255	24455790.000
05/22/2013	6.56	6.62	6.32	6.36	3682706	23726058.000
05/23/2013	6.37	6.40	6.26	6.29	2763395	17477286.000
05/24/2013	6.32	6.58	6.28	6.49	3981115	25665522.000
05/27/2013	6.53	6.56	6.35	6.48	3492734	22545058.000
05/28/2013	6.43	6.48	6.25	6.35	2846473	18111784.000
05/29/2013	6.34	6.48	6.33	6.44	2231227	14324708.000
05/30/2013	6.39	6.40	6.18	6.29	4648324	29164224.000
05/31/2013	6.24	6.37	6.22	6.27	2450601	15417159.000
06/03/2013	6.20	6.26	5.96	6.03	6404313	38813884.000
06/04/2013	6.00	6.13	5.94	6.12	3311326	19998286.000
06/05/2013	6.05	6.10	5.94	6.01	2062730	12393605.000
06/06/2013	6.01	6.02	5.86	5.93	1747811	10373570.000
06/07/2013	5.94	5.96	5.83	5.86	1226031	7201298.000
06/13/2013	5.82	5.83	5.59	5.62	1671244	9445367.000
06/14/2013	5.64	5.98	5.62	5.80	1514933	8758569.000
06/17/2013	5.80	5.86	5.73	5.75	1035842	6009256.000
06/18/2013	5.73	5.83	5.71	5.79	905420	5215390.500
06/19/2013	5.77	6.05	5.72	6.00	2373293	14025545.000
06/20/2013	5.95	6.03	5.72	5.75	2723847	16053373.000
06/21/2013	5.65	5.78	5.60	5.73	971549	5544172.500
06/24/2013	5.73	5.73	5.16	5.22	2721135	14832819.000
06/25/2013	5.24	5.35	4.80	5.18	2991955	15303299.000
06/26/2013	5.12	5.27	5.00	5.26	4659963	23891098.000
06/27/2013	5.18	5.28	5.08	5.10	2833315	14679775.000
06/28/2013	5.02	5.18	4.96	5.10	2716630	13700090.000
07/01/2013	5.10	5.15	5.01	5.13	1722518	8753085.000
07/02/2013	5.12	5.20	5.05	5.16	1942942	9975511.000
07/03/2013	5.11	5.16	4.96	5.05	2832428	14233910.000
07/04/2013	5.00	5.10	4.94	5.02	2580280	12940642.000
07/05/2013	5.02	5.14	5.00	5.03	2093035	10588233.000
07/08/2013	5.02	5.04	4.81	4.92	1701553	8381407.000
07/09/2013	4.91	5.05	4.91	4.99	1131020	5628957.500
07/10/2013	4.99	5.14	4.95	5.14	1641230	8343378.000
07/11/2013	5.10	5.45	5.07	5.32	4211120	22199668.000
07/12/2013	5.35	5.45	5.30	5.37	2532337	13581015.000
07/15/2013	5.40	5.66	5.37	5.55	2882358	15980546.000
07/16/2013	5.68	5.69	5.50	5.60	2165033	12079573.000
07/17/2013	5.57	5.62	5.41	5.43	2126643	11694020.000
07/18/2013	5.43	5.52	5.39	5.45	1394700	7621765.000
07/19/2013	5.44	5.51	5.33	5.39	2231278	12128151.000
07/22/2013	5.36	5.42	5.28	5.42	1579869	8426068.000
07/23/2013	5.44	5.59	5.38	5.53	2530632	13956012.000
07/24/2013	5.50	5.58	5.41	5.51	1970096	10812785.000
07/25/2013	5.51	5.77	5.46	5.66	4434751	25033526.000
07/26/2013	5.62	5.68	5.45	5.50	2505933	13859421.000
07/29/2013	5.47	5.60	5.35	5.36	1559000	8534716.000
07/30/2013	5.44	5.72	5.33	5.59	3831944	21237726.000
07/31/2013	5.58	5.88	5.55	5.75	4384822	25200048.000
08/01/2013	5.95	6.05	5.84	5.86	5676815	33693552.000
08/02/2013	5.77	6.00	5.77	5.86	3113237	18382274.000
08/05/2013	5.92	6.09	5.88	6.09	3036803	18192752.000
08/06/2013	6.09	6.26	6.03	6.20	5844156	36172792.000
08/07/2013	6.20	6.32	6.07	6.20	5128098	31746296.000
08/08/2013	6.12	6.30	6.11	6.18	2486194	15450450.000
08/09/2013	6.19	6.24	6.01	6.08	2759713	16831530.000
08/12/2013	6.06	6.15	6.01	6.14	2289178	13953718.000
08/13/2013	6.13	6.21	6.11	6.20	2359481	14550286.000
08/14/2013	6.32	6.50	5.90	6.00	7721443	47851996.000
08/15/2013	5.90	6.06	5.88	6.01	5381604	32045982.000
08/16/2013	6.01	6.08	5.88	5.94	3208177	19206806.000
08/19/2013	5.96	6.07	5.96	6.04	2130106	12813642.000
08/20/2013	6.04	6.29	6.01	6.21	4337360	26797242.000
08/21/2013	6.21	6.29	6.20	6.26	2041162	12760071.000
08/22/2013	6.25	6.38	6.22	6.28	1809310	11395746.000
08/23/2013	6.29	6.35	6.13	6.25	1729347	10765133.000
08/26/2013	6.25	6.30	6.20	6.28	1809087	11287780.000
08/27/2013	6.29	6.43	6.21	6.42	2999786	19086008.000
08/28/2013	6.39	6.44	6.29	6.32	1938140	12336488.000
08/29/2013	6.32	6.37	6.22	6.23	1073831	6725769.000
08/30/2013	6.23	6.30	6.02	6.15	2108510	13018001.000
09/02/2013	6.06	6.20	6.05	6.16	2158813	13176823.000
09/03/2013	6.15	6.26	6.11	6.25	2204460	13692526.000
09/04/2013	6.25	6.34	6.20	6.26	2150583	13463149.000
09/05/2013	6.26	6.32	6.18	6.28	1736601	10821958.000
09/06/2013	6.25	6.28	6.18	6.22	1942903	12054442.000
09/09/2013	6.23	6.58	6.23	6.50	6139648	39702296.000
09/10/2013	6.48	6.50	6.32	6.48	2421294	15554262.000
09/11/2013	6.58	6.60	6.38	6.54	2842122	18375486.000
09/12/2013	6.50	6.58	6.46	6.52	1611076	10486327.000
09/13/2013	6.48	6.51	6.41	6.50	1200663	7758608.500
09/16/2013	6.46	6.63	6.43	6.60	2063072	13514984.000
09/17/2013	6.60	6.75	6.49	6.50	2584619	17114940.000
09/18/2013	6.46	6.62	6.43	6.59	1257671	8241489.500
09/23/2013	6.78	7.25	6.78	7.25	2814113	20341134.000
09/24/2013	7.35	7.36	7.01	7.20	7479547	53652404.000
09/25/2013	7.12	7.26	7.03	7.03	2665448	19099254.000
09/26/2013	7.02	7.14	6.92	7.00	1985470	13951414.000
09/27/2013	7.07	7.15	6.92	7.09	2254818	15932357.000
09/30/2013	7.09	7.25	7.04	7.11	2114328	15008536.000
10/08/2013	7.09	7.25	6.92	7.20	2961101	21157904.000
10/09/2013	7.18	7.44	7.10	7.43	3579054	26214568.000
10/10/2013	7.42	7.55	7.30	7.32	2703289	20009446.000
10/11/2013	7.35	7.41	7.29	7.37	2451604	17962312.000
10/14/2013	7.37	7.86	7.32	7.78	4047287	31264352.000
10/15/2013	7.77	8.46	7.71	8.11	6573853	53543064.000
10/16/2013	8.08	8.41	7.90	7.99	5699133	46261068.000
10/17/2013	7.93	8.11	7.78	7.86	3007575	24010372.000
10/18/2013	7.87	8.02	7.72	7.95	2548292	20151152.000
10/21/2013	7.90	8.06	7.80	8.03	2811518	22432394.000
10/22/2013	8.10	8.32	7.94	8.05	3124155	25356614.000
10/23/2013	8.01	8.08	7.50	7.68	3002434	23256854.000
10/24/2013	7.60	7.71	7.38	7.38	2359355	17730390.000
10/25/2013	7.38	7.48	7.00	7.10	2328439	16711249.000
10/28/2013	7.15	7.34	7.08	7.14	2031735	14607363.000
10/29/2013	7.11	7.21	6.58	6.82	3184338	21676976.000
10/30/2013	6.80	7.01	6.80	7.00	1709381	11815309.000
10/31/2013	6.93	7.04	6.86	6.92	941341	6512303.500
11/01/2013	6.82	7.04	6.82	6.97	1041574	7235927.000
11/04/2013	7.02	7.24	6.91	7.19	1482127	10612827.000
11/05/2013	7.15	7.35	7.15	7.30	1387412	10099466.000
11/06/2013	7.25	7.33	7.10	7.19	1243864	8991980.000
11/07/2013	7.15	7.29	7.13	7.18	697199	5022000.500
11/08/2013	7.18	7.21	7.00	7.14	1590345	11377690.000
11/11/2013	7.11	7.26	7.11	7.24	977848	7046753.500
11/12/2013	7.18	7.26	7.08	7.15	942691	6744695.500
11/13/2013	7.17	7.17	6.71	6.80	1933179	13452079.000
11/14/2013	6.86	7.15	6.82	7.11	2031073	14160101.000
11/15/2013	7.09	7.30	7.07	7.21	1985962	14264281.000
11/18/2013	7.29	7.39	7.18	7.29	2886923	21014450.000
11/19/2013	7.30	7.58	7.23	7.53	2881794	21454840.000
11/20/2013	7.48	7.55	7.41	7.55	1637348	12235672.000
11/21/2013	7.55	7.55	7.40	7.43	1560704	11614806.000
11/22/2013	7.48	7.48	7.22	7.32	1483312	10842502.000
11/25/2013	7.32	7.49	7.25	7.35	1565409	11551609.000
11/26/2013	7.35	7.43	7.35	7.38	1053228	7781122.000
11/27/2013	7.42	7.69	7.42	7.53	2529544	19229248.000
11/28/2013	7.53	7.98	7.53	7.81	3320769	25816134.000
11/29/2013	7.75	7.87	7.71	7.80	1605648	12503040.000
12/02/2013	7.38	7.58	7.02	7.02	4061448	29190918.000
12/03/2013	6.75	7.03	6.38	6.98	3741217	25157884.000
12/04/2013	6.90	7.11	6.86	6.90	3114797	21759912.000
12/05/2013	6.90	6.96	6.83	6.93	1511294	10430773.000
12/06/2013	6.88	6.95	6.87	6.94	773078	5345574.000
12/09/2013	6.94	7.00	6.90	6.95	1551910	10783667.000
12/10/2013	6.95	6.96	6.89	6.96	914979	6329396.500
12/11/2013	6.94	7.34	6.91	7.12	3533829	25413714.000
12/12/2013	7.11	7.16	7.06	7.15	997085	7098485.500
12/13/2013	7.11	7.15	7.05	7.11	771120	5475582.500
12/16/2013	7.15	7.28	7.08	7.17	1738391	12460437.000
12/17/2013	7.15	7.22	6.94	6.96	1950421	13709952.000
12/18/2013	6.62	7.05	6.62	6.90	1557394	10585923.000
12/19/2013	6.86	6.99	6.72	6.80	1209870	8306710.000
12/20/2013	6.79	6.87	6.69	6.82	1320846	8968871.000
12/23/2013	6.85	7.07	6.85	7.00	1522938	10661917.000
12/24/2013	6.92	7.08	6.92	7.04	1056250	7418877.000
12/25/2013	7.04	7.15	6.98	7.12	1058006	7495078.000
12/26/2013	7.10	7.18	7.07	7.08	1741169	12424636.000
12/27/2013	7.10	7.25	7.09	7.24	2902252	20814576.000
12/30/2013	7.39	7.83	7.36	7.63	7732100	58877440.000
12/31/2013	7.63	7.72	7.24	7.70	4951295	37678748.000
01/02/2014	7.60	8.47	7.60	8.47	14113105	118418560.000
01/03/2014	8.48	9.15	8.41	9.05	14896242	130507616.000
01/06/2014	8.90	8.90	8.50	8.75	7432523	64528172.000
01/07/2014	8.82	8.82	8.49	8.66	4129312	35670576.000
01/08/2014	8.68	8.87	8.41	8.64	6911815	59374752.000
01/09/2014	8.80	9.02	8.49	9.02	10333360	90766888.000
01/10/2014	8.80	8.95	8.50	8.56	5531788	47720452.000
01/13/2014	8.49	8.74	8.05	8.20	4971733	41485468.000
01/14/2014	8.26	8.51	8.12	8.50	4074062	34006068.000
01/15/2014	8.51	8.76	8.37	8.55	4184984	35757708.000
01/16/2014	8.59	8.63	8.29	8.47	3210613	26999142.000
01/17/2014	8.52	8.80	8.41	8.54	5115044	44067348.000
01/20/2014	8.91	9.03	8.58	8.74	8111196	71719208.000
01/21/2014	8.80	8.91	8.37	8.43	8190383	70662968.000
01/22/2014	8.69	8.85	8.45	8.60	6402103	55290588.000
01/23/2014	8.57	9.46	8.55	9.46	16669938	153755600.000
01/24/2014	9.57	10.10	9.57	9.72	19151344	188195536.000
01/27/2014	9.73	9.87	9.42	9.50	9446828	90529848.000
01/28/2014	9.51	9.88	9.30	9.88	9517006	91203752.000
01/29/2014	9.94	10.36	9.80	9.83	8407051	83730144.000
01/30/2014	9.75	9.92	9.67	9.72	5726127	55951764.000
02/07/2014	9.60	9.95	9.60	9.90	4125175	40304112.000
02/10/2014	9.87	10.88	9.83	10.58	11389212	117353728.000
02/11/2014	10.30	11.40	10.21	11.00	21553634	233603552.000
02/12/2014	11.05	11.93	11.05	11.60	24964025	285156960.000
02/13/2014	11.40	12.01	10.66	10.69	16003463	183041920.000
02/14/2014	10.99	11.76	10.99	11.76	20062153	228188640.000
02/17/2014	11.86	11.97	10.90	11.72	18071968	208033216.000
02/18/2014	11.65	11.73	10.95	11.00	16169213	181481440.000
02/19/2014	10.89	11.08	10.40	10.69	11348030	121018856.000
02/20/2014	10.72	10.72	10.13	10.42	5418710	56292716.000
02/21/2014	10.24	10.45	10.05	10.15	6976623	71493912.000
02/24/2014	10.16	10.65	9.90	10.49	8928227	92460200.000
02/25/2014	10.30	10.82	9.44	9.60	11859692	122174208.000
02/26/2014	9.47	9.50	8.95	9.26	8649525	79205968.000
02/27/2014	9.28	9.48	8.95	9.01	5842237	53679924.000
02/28/2014	9.00	9.39	8.98	9.35	3925211	36032588.000
03/03/2014	9.33	9.52	9.17	9.50	3820097	35929636.000
03/04/2014	9.43	9.54	9.28	9.46	4325300	40601208.000
03/05/2014	9.42	9.64	9.41	9.41	3398057	32280146.000
03/06/2014	9.35	9.48	9.12	9.36	2239450	20845624.000
03/07/2014	9.31	9.53	9.21	9.23	3635816	33995148.000
03/10/2014	9.25	9.28	8.71	8.79	3197296	28682990.000
03/11/2014	8.80	8.95	8.39	8.47	5160127	44073596.000
03/12/2014	8.48	8.77	8.41	8.77	3806438	32591206.000
03/13/2014	8.69	9.04	8.69	9.02	2407026	21406422.000
03/14/2014	9.17	9.69	9.13	9.15	5554475	52024380.000
03/17/2014	9.36	9.39	9.12	9.32	2271144	21059906.000
03/18/2014	9.35	9.39	9.16	9.22	3172501	29449692.000
03/19/2014	9.25	9.50	9.22	9.50	2653777	24835400.000
03/20/2014	9.47	9.62	9.13	9.15	2939722	27727914.000
03/21/2014	9.15	9.35	9.01	9.32	2462777	22570076.000
03/24/2014	9.21	9.38	9.21	9.36	1601604	14925558.000
03/25/2014	9.31	9.47	9.30	9.39	1667503	15620817.000
03/26/2014	9.40	9.45	9.11	9.18	2636629	24388786.000
03/27/2014	9.18	9.25	8.81	8.85	2801367	25385254.000
03/28/2014	8.85	9.15	8.55	8.94	3200292	28356036.000
03/31/2014	8.94	9.10	8.66	8.93	2026049	17879832.000
04/01/2014	9.10	9.29	8.94	9.14	2742640	24939076.000
04/02/2014	9.02	9.14	8.95	9.04	1441810	13031238.000
04/03/2014	9.11	9.11	8.85	9.03	1600427	14381710.000
04/04/2014	9.05	9.07	8.81	9.03	1218111	10887757.000
04/08/2014	8.98	9.13	8.92	9.13	1944170	17578440.000
04/09/2014	9.13	9.63	9.13	9.53	4780159	45089236.000
04/10/2014	9.53	9.60	9.28	9.40	4306745	40500256.000
04/11/2014	9.39	9.39	9.16	9.19	1992602	18360754.000
04/14/2014	9.14	9.26	9.05	9.17	1859582	16990550.000
04/15/2014	9.11	9.19	9.02	9.04	2001749	18192522.000
04/16/2014	8.98	9.08	8.93	9.05	1254497	11289882.000
04/17/2014	9.08	9.17	9.02	9.15	1396535	12716450.000
04/18/2014	9.16	9.16	9.01	9.05	1119246	10140587.000
04/21/2014	9.05	9.08	8.82	8.85	1782118	15977322.000
04/22/2014	8.74	9.06	8.68	8.89	2159340	19123826.000
04/23/2014	8.89	8.99	8.85	8.89	1062672	9450547.000
04/24/2014	8.93	9.10	8.85	9.07	1799851	16204808.000
04/25/2014	9.01	9.05	8.79	8.92	1885794	16772326.000
04/28/2014	8.92	8.92	8.14	8.45	2742099	23044220.000
04/29/2014	8.50	8.50	8.05	8.27	2113809	17409680.000
04/30/2014	8.24	8.37	8.11	8.34	1276647	10563345.000
05/05/2014	8.30	8.67	8.20	8.57	1249938	10604055.000
05/06/2014	8.51	8.96	8.51	8.73	2243168	19761726.000
05/07/2014	8.69	8.77	8.22	8.24	1707743	14469577.000
05/08/2014	8.32	8.43	8.20	8.30	834530	6966590.500
05/09/2014	8.30	8.40	8.12	8.22	1173511	9638499.000
05/12/2014	8.25	8.46	8.25	8.46	1429224	11952508.000
05/13/2014	8.46	8.64	8.42	8.44	1328027	11315202.000
05/14/2014	8.57	8.57	8.30	8.45	767924	6462998.000
05/15/2014	8.43	8.52	8.21	8.23	1308859	10893751.000
05/16/2014	8.29	8.29	8.06	8.11	1424523	11567621.000
05/19/2014	8.12	8.25	8.08	8.19	987669	8055795.500
05/20/2014	8.23	8.36	8.15	8.16	1343399	11112292.000
05/21/2014	8.18	8.33	8.06	8.31	926910	7628909.500
05/22/2014	8.33	8.41	8.26	8.26	1870872	15611867.000
05/23/2014	8.30	8.36	8.15	8.36	1525697	12526899.000
05/26/2014	8.35	8.48	8.34	8.46	1507858	12655986.000
05/27/2014	8.45	8.46	8.20	8.35	1991008	16562722.000
05/28/2014	8.32	8.40	8.20	8.39	3038678	25118802.000
05/29/2014	8.35	8.39	8.18	8.22	2442301	20157908.000
05/30/2014	8.22	8.28	8.16	8.28	1447004	11903312.000
06/03/2014	8.25	8.31	8.23	8.27	1547809	12796887.000
06/04/2014	8.21	8.29	8.14	8.22	1112348	9114978.000
06/05/2014	8.19	8.35	8.18	8.31	1755650	14534827.000
06/06/2014	8.33	8.75	8.30	8.62	6098884	52268536.000
06/09/2014	8.62	8.69	8.37	8.45	2963117	25189990.000
06/10/2014	8.44	8.65	8.44	8.62	2449257	20976934.000
06/11/2014	8.60	9.02	8.55	8.98	4604174	40776608.000
06/12/2014	8.96	9.08	8.89	9.03	2615614	23501730.000
06/13/2014	9.00	9.46	9.00	9.30	5486628	50783884.000
06/16/2014	9.40	9.52	9.16	9.44	4135800	38768360.000
06/17/2014	9.45	9.56	9.30	9.32	2923100	27491752.000
06/18/2014	9.28	9.64	9.25	9.53	3481596	33079246.000
06/19/2014	9.53	9.59	8.80	9.12	2914170	26873222.000
06/20/2014	9.10	9.48	9.08	9.45	2627508	24321474.000
06/23/2014	9.45	9.67	9.25	9.32	2964541	27839216.000
06/24/2014	9.33	9.57	9.15	9.57	4889829	45703164.000
06/25/2014	9.46	10.41	9.45	10.00	11060729	110213880.000
06/26/2014	9.95	9.99	9.72	9.90	8506946	83476568.000
06/27/2014	9.87	9.95	9.75	9.86	4396777	43329256.000
06/30/2014	9.86	9.97	9.62	9.72	4192290	41144688.000
07/01/2014	9.77	9.77	9.40	9.58	4834774	46142688.000
07/02/2014	9.56	9.77	9.29	9.59	5653738	53841392.000
07/03/2014	9.58	10.16	9.45	10.11	10482249	102846232.000
07/04/2014	10.01	10.01	9.78	9.86	8307604	82012376.000
07/07/2014	9.95	9.95	9.60	9.69	4034352	39235492.000
07/08/2014	9.68	10.04	9.60	9.90	5438511	53900196.000
07/09/2014	9.87	10.01	9.63	9.69	4876672	47957536.000
07/10/2014	9.68	10.10	9.60	9.93	6749691	67027468.000
07/11/2014	9.93	10.07	9.82	10.01	4901742	48633820.000
07/14/2014	10.03	10.09	9.83	10.09	5342505	53241444.000
07/15/2014	9.91	9.93	9.09	9.10	14575754	137594720.000
07/16/2014	9.00	9.00	8.58	8.75	8054927	70744104.000
07/17/2014	8.76	8.83	8.61	8.69	2641594	23056080.000
07/18/2014	8.76	8.92	8.71	8.79	2991176	26348654.000
07/21/2014	8.78	8.80	8.65	8.72	2132921	18603736.000
07/22/2014	8.73	8.77	8.64	8.73	2513613	21913786.000
07/23/2014	8.71	8.74	8.47	8.50	3213389	27694894.000
07/24/2014	8.50	8.50	8.22	8.32	3497224	29144878.000
07/25/2014	8.34	8.40	8.28	8.35	2424943	20214462.000
07/28/2014	8.37	8.56	8.36	8.53	3060216	25897970.000
07/29/2014	8.53	8.69	8.50	8.64	3212491	27719136.000
07/30/2014	8.65	8.66	8.56	8.64	1881737	16207843.000
07/31/2014	8.67	8.71	8.61	8.71	2469148	21402794.000
08/01/2014	8.68	8.84	8.63	8.70	3091423	27074164.000
08/04/2014	8.71	8.81	8.71	8.77	2199809	19295268.000
08/05/2014	8.80	8.87	8.74	8.81	3529722	31069660.000
08/06/2014	8.81	8.85	8.76	8.83	1925173	16960372.000
08/07/2014	8.83	8.84	8.68	8.69	2685231	23496926.000
08/08/2014	8.69	8.74	8.66	8.70	1809839	15729392.000
08/11/2014	8.68	8.81	8.68	8.81	2653067	23268002.000
08/12/2014	8.80	8.99	8.77	8.98	4798716	42810924.000
08/13/2014	8.98	9.15	8.88	9.15	5271279	47641380.000
08/14/2014	9.19	9.20	9.03	9.05	3379337	30756676.000
08/15/2014	9.06	9.30	9.06	9.21	3775837	34671048.000
08/18/2014	9.29	9.34	9.17	9.29	3679336	34088372.000
08/19/2014	9.35	9.36	9.20	9.25	4771005	44229924.000
08/20/2014	9.26	9.31	9.18	9.19	3962273	36627108.000
08/21/2014	9.19	9.22	9.06	9.15	3488700	31876618.000
08/22/2014	9.14	9.27	9.08	9.25	3446113	31632544.000
08/25/2014	9.26	9.27	9.08	9.13	4618297	42194996.000
08/26/2014	9.11	9.16	8.80	8.80	4124320	37011624.000
08/27/2014	8.80	8.88	8.78	8.84	1915067	16918636.000
08/28/2014	8.81	8.85	8.50	8.55	3736725	32333740.000
08/29/2014	8.55	8.64	8.49	8.64	2630864	22540530.000
09/01/2014	8.64	8.78	8.64	8.77	3997844	34837756.000
09/02/2014	8.82	8.99	8.81	8.86	6130770	54549004.000
09/03/2014	8.91	8.94	8.78	8.90	4738955	42094996.000
09/04/2014	8.90	8.99	8.86	8.98	5097010	45532300.000
09/05/2014	8.98	9.01	8.91	8.99	4227525	37862132.000
09/09/2014	9.00	9.12	8.93	9.12	4690693	42445968.000
09/10/2014	9.09	9.15	9.02	9.11	3553722	32301202.000
09/11/2014	9.11	9.36	9.02	9.21	8903456	81776976.000
09/12/2014	9.23	9.28	9.15	9.24	5663202	52157972.000
09/15/2014	9.24	9.29	9.15	9.27	7277156	67020176.000
09/16/2014	9.27	9.30	8.86	8.89	7059537	64461448.000
09/17/2014	8.87	8.99	8.76	8.88	3906357	34680516.000
09/18/2014	8.89	9.44	8.87	9.44	14649647	135464160.000
09/19/2014	9.40	9.62	9.36	9.53	10299976	97714360.000
09/22/2014	9.50	9.53	9.30	9.49	5415860	51102584.000
09/23/2014	9.45	9.66	9.45	9.64	6119422	58496356.000
09/24/2014	9.68	9.75	9.56	9.68	6492745	62653864.000
09/25/2014	9.67	9.72	9.41	9.46	7178680	68493936.000
09/26/2014	9.45	9.65	9.40	9.51	4357391	41618240.000
09/29/2014	9.57	9.90	9.53	9.87	8095798	79066800.000
09/30/2014	9.86	9.87	9.70	9.78	5444703	53248232.000
10/08/2014	9.78	9.97	9.70	9.85	5607867	55067676.000
10/09/2014	9.89	9.90	9.61	9.70	6204028	60415668.000
10/10/2014	9.66	9.76	9.47	9.53	5982600	57492348.000
10/13/2014	9.53	9.83	9.49	9.83	6620200	63876324.000
10/14/2014	9.73	9.87	9.58	9.64	5891079	57190272.000
10/15/2014	9.60	9.60	9.42	9.53	5463153	51973140.000
10/16/2014	9.50	9.56	9.36	9.36	4141336	39278872.000
10/17/2014	9.31	9.40	8.98	9.03	8518448	77528616.000
10/20/2014	9.09	9.20	8.95	9.20	3883398	35409692.000
10/21/2014	9.19	9.25	9.08	9.12	2798359	25611560.000
10/22/2014	9.13	9.20	9.00	9.00	2890034	26312306.000
10/23/2014	8.95	8.98	8.73	8.81	3385268	29931902.000
10/24/2014	8.85	8.96	8.81	8.96	2413343	21450310.000
10/27/2014	8.96	9.13	8.85	9.07	2853811	25741588.000
10/28/2014	9.07	9.30	9.07	9.26	4182794	38671952.000
10/29/2014	9.29	9.35	9.22	9.33	4377580	40640528.000
10/30/2014	9.30	9.37	9.21	9.25	2626928	24370708.000
10/31/2014	9.28	9.30	9.05	9.18	3809061	34946972.000
数据来源:通达信
