300013 新宁物流 日线
      日期	    开盘	    最高	    最低	    收盘	    成交量	    成交额
10/08/2010	7.14	7.40	7.14	7.33	568078	8366892.000
10/11/2010	7.43	7.43	7.26	7.33	967564	14267909.000
10/12/2010	7.35	7.50	7.30	7.46	1005528	15049306.000
10/13/2010	7.46	7.50	7.27	7.48	939096	13980075.000
10/14/2010	7.48	7.58	7.21	7.32	1064251	15885255.000
10/15/2010	7.30	7.37	7.21	7.27	882916	12942707.000
10/18/2010	7.25	7.45	7.00	7.45	1249210	18108000.000
10/19/2010	7.36	8.18	7.33	8.15	3613386	57746040.000
10/20/2010	7.85	8.68	7.85	8.21	3760751	62835688.000
10/21/2010	8.05	8.16	7.74	7.90	1740352	27654906.000
10/22/2010	7.89	8.43	7.84	8.08	1975933	32399110.000
10/25/2010	8.08	8.28	8.03	8.19	2145328	35168940.000
10/26/2010	8.20	8.25	7.88	8.05	1726416	27772058.000
10/27/2010	8.01	8.13	7.88	7.92	1303774	20986860.000
10/28/2010	7.83	7.98	7.80	7.98	805626	12804877.000
10/29/2010	7.98	8.20	7.92	8.05	1889910	30780000.000
11/01/2010	7.99	8.37	7.97	8.35	4112897	67979472.000
11/02/2010	8.28	8.35	8.04	8.04	2477658	40695736.000
11/03/2010	7.96	7.97	7.73	7.74	1625092	25624484.000
11/04/2010	7.63	7.81	7.61	7.77	973655	15123981.000
11/05/2010	7.79	7.89	7.68	7.85	1569789	24548042.000
11/08/2010	7.87	8.08	7.86	8.08	1485073	23882466.000
11/09/2010	8.09	8.18	8.01	8.17	1981767	32355122.000
11/10/2010	8.11	8.44	8.11	8.38	2882483	48345980.000
11/11/2010	8.33	8.41	8.16	8.16	3501616	58396280.000
11/12/2010	8.15	8.16	7.64	7.65	2024613	32289826.000
11/15/2010	7.65	8.00	7.63	7.96	1952991	30884554.000
11/16/2010	7.96	8.24	7.78	8.13	2825694	45874620.000
11/17/2010	8.05	8.69	8.01	8.67	8790672	150238608.000
11/18/2010	8.45	8.89	8.41	8.55	5393320	93168168.000
11/19/2010	8.45	9.39	8.29	9.38	8726998	155038752.000
11/22/2010	9.12	9.70	9.00	9.26	6848103	128832920.000
11/23/2010	9.23	9.70	9.04	9.52	4641629	87834728.000
11/24/2010	9.45	9.58	9.20	9.40	3990511	74976496.000
11/25/2010	9.43	9.43	8.95	9.05	4362280	79960856.000
11/26/2010	8.98	9.14	8.95	9.07	2986581	54434888.000
11/29/2010	9.05	9.18	8.95	9.13	2347913	42846520.000
11/30/2010	9.09	9.09	8.25	8.45	4090437	70785840.000
12/01/2010	8.35	8.45	8.23	8.37	1525766	25595482.000
12/02/2010	8.54	8.58	8.37	8.42	1647533	28004366.000
12/03/2010	8.35	8.35	8.10	8.25	1486392	24593958.000
12/06/2010	8.25	8.43	8.16	8.36	1472401	24558844.000
12/07/2010	8.33	8.50	8.14	8.47	1502482	25336934.000
12/08/2010	8.45	8.54	8.26	8.31	1190929	20098870.000
12/09/2010	8.23	8.31	8.05	8.05	1154165	18950068.000
12/10/2010	8.03	8.17	7.98	8.14	890944	14503058.000
12/13/2010	8.16	8.45	8.13	8.42	1507153	25360136.000
12/14/2010	8.45	8.50	8.31	8.49	1256287	21292394.000
12/15/2010	8.41	8.59	8.38	8.40	1437186	24508274.000
12/16/2010	8.39	8.61	8.39	8.50	1485778	25494494.000
12/17/2010	8.45	8.56	8.45	8.51	1024571	17541160.000
12/20/2010	8.54	8.70	8.18	8.33	1729488	29353160.000
12/21/2010	8.35	8.41	8.24	8.39	1057480	17743446.000
12/22/2010	8.40	8.45	8.26	8.30	793519	13293563.000
12/23/2010	8.24	8.33	8.10	8.19	818516	13520097.000
12/24/2010	8.11	8.13	7.89	7.93	838698	13490582.000
12/27/2010	7.90	8.04	7.63	7.63	1016476	16002065.000
12/28/2010	7.50	7.62	7.43	7.45	1098585	16582080.000
12/29/2010	7.46	7.59	7.46	7.59	645852	9772026.000
12/30/2010	7.59	7.64	7.51	7.59	607407	9253386.000
12/31/2010	7.59	7.70	7.54	7.68	911096	13991949.000
01/04/2011	7.69	7.82	7.63	7.76	1265777	19676294.000
01/05/2011	7.78	7.78	7.68	7.69	780474	12135332.000
01/06/2011	7.68	7.71	7.53	7.63	1189675	18155448.000
01/07/2011	7.62	7.69	7.52	7.64	888758	13636606.000
01/10/2011	7.63	7.64	7.40	7.43	725258	11006260.000
01/11/2011	7.40	7.42	7.20	7.36	693413	10180562.000
01/12/2011	7.43	7.47	7.25	7.42	660226	9793114.000
01/13/2011	7.43	7.48	7.36	7.42	454275	6782652.500
01/14/2011	7.42	7.42	7.23	7.25	472961	6929259.500
01/17/2011	7.20	7.20	6.90	6.93	567692	8032082.000
01/18/2011	6.85	6.98	6.80	6.97	374255	5201871.000
01/19/2011	6.97	7.08	6.92	7.07	474205	6710424.500
01/20/2011	7.10	7.23	6.88	6.90	1036187	14785184.000
01/21/2011	6.83	7.09	6.81	7.03	614683	8608555.000
01/24/2011	7.04	7.05	6.91	7.02	400181	5641241.000
01/25/2011	7.02	7.06	6.86	6.94	354896	4935146.000
01/26/2011	6.94	7.05	6.87	7.05	493765	6967354.000
01/27/2011	7.05	7.15	6.91	7.12	673861	9591695.000
01/28/2011	7.15	7.15	7.05	7.10	430352	6146925.000
01/31/2011	7.08	7.14	7.01	7.14	481688	6875588.000
02/01/2011	7.15	7.15	7.05	7.05	511587	7302509.000
02/09/2011	7.01	7.12	6.97	7.00	364380	5172693.000
02/10/2011	7.05	7.31	6.96	7.29	1076966	15685676.000
02/11/2011	7.33	7.35	7.21	7.31	723470	10597686.000
02/14/2011	7.33	7.44	7.31	7.40	925485	13753351.000
02/15/2011	7.40	7.53	7.36	7.39	1186794	17814264.000
02/16/2011	7.36	7.49	7.34	7.48	765699	11463502.000
02/17/2011	7.46	7.54	7.40	7.45	711123	10678177.000
02/18/2011	7.53	7.53	7.32	7.32	884341	13141244.000
02/21/2011	7.34	7.43	7.29	7.42	739196	10962119.000
02/22/2011	7.42	7.43	7.20	7.21	916687	13435125.000
02/23/2011	7.19	7.28	7.19	7.27	794509	11573361.000
02/24/2011	7.23	7.32	7.16	7.30	632163	9240585.000
02/25/2011	7.31	7.39	7.21	7.39	596504	8780995.000
02/28/2011	7.41	7.43	7.31	7.42	833342	12370085.000
03/01/2011	7.42	7.46	7.38	7.45	1047218	15642488.000
03/02/2011	7.42	7.55	7.40	7.50	1054816	15857945.000
03/03/2011	7.50	7.51	7.30	7.32	935055	13935630.000
03/04/2011	7.30	7.38	7.30	7.37	573697	8468214.000
03/07/2011	7.43	7.43	7.36	7.43	679758	10127749.000
03/08/2011	7.45	7.55	7.40	7.50	927847	13962766.000
03/09/2011	7.48	7.51	7.41	7.44	705770	10587662.000
03/10/2011	7.39	7.51	7.39	7.42	889378	13343785.000
03/11/2011	7.39	7.47	7.36	7.39	728039	10840708.000
03/14/2011	7.39	7.44	7.34	7.43	781842	11627714.000
03/15/2011	7.45	7.45	7.18	7.26	849001	12434799.000
03/16/2011	7.26	7.35	7.26	7.31	549629	8068023.000
03/17/2011	7.29	7.29	7.07	7.10	943470	13638671.000
03/21/2011	7.13	7.15	7.07	7.12	512190	7326213.500
03/22/2011	7.13	7.16	7.07	7.14	374214	5363360.000
03/23/2011	7.14	7.22	7.09	7.21	594932	8578619.000
03/24/2011	7.20	7.23	7.18	7.19	476000	6905958.000
03/25/2011	7.20	7.26	7.18	7.26	550507	8009319.500
03/28/2011	7.25	7.27	7.19	7.21	570799	8309634.000
03/29/2011	7.21	7.21	7.03	7.03	715904	10234124.000
03/30/2011	7.03	7.07	7.00	7.03	430563	6096683.000
03/31/2011	7.07	7.13	6.99	7.01	556192	7923754.500
04/01/2011	7.01	7.05	6.89	7.03	464883	6540052.000
04/06/2011	7.01	7.03	6.93	7.00	503338	7074505.000
04/07/2011	6.99	7.08	6.97	7.05	496583	7032929.000
04/08/2011	7.05	7.12	7.03	7.09	679751	9673093.000
04/11/2011	7.08	7.11	7.03	7.04	653571	9294383.000
04/12/2011	7.03	7.08	7.01	7.04	533185	7571164.000
04/13/2011	7.02	7.18	7.02	7.15	861952	12336958.000
04/14/2011	7.11	7.17	7.08	7.10	600860	8615529.000
04/15/2011	7.09	7.13	7.03	7.08	420076	5974162.500
04/18/2011	7.05	7.08	7.01	7.04	384172	5451331.000
04/19/2011	7.08	7.08	6.95	6.95	580661	8168423.500
04/20/2011	6.85	6.90	6.68	6.75	1624744	22176054.000
04/21/2011	6.73	6.77	6.70	6.75	924682	12548093.000
04/22/2011	6.75	6.80	6.69	6.69	608634	8249953.000
04/25/2011	6.69	6.69	6.45	6.48	932406	12273645.000
04/26/2011	6.45	6.45	6.28	6.30	746638	9536218.000
04/27/2011	6.30	6.35	6.15	6.17	602480	7579403.500
04/28/2011	6.17	6.25	6.03	6.05	577838	7153883.000
04/29/2011	6.04	6.14	6.03	6.13	349430	4276329.500
05/03/2011	6.13	6.20	6.05	6.18	406461	5018065.500
05/04/2011	6.19	6.19	6.00	6.03	376039	4616130.000
05/05/2011	6.02	6.12	5.95	6.09	357082	4364325.000
05/06/2011	6.05	6.12	6.03	6.08	234601	2875151.750
05/09/2011	6.14	6.15	6.07	6.10	264550	3261863.250
05/10/2011	6.10	6.15	6.04	6.12	191300	2348120.000
05/11/2011	6.15	6.17	6.11	6.16	328790	4073191.000
05/12/2011	6.15	6.15	5.98	5.98	337579	4140946.500
05/16/2011	6.04	6.16	6.01	6.15	487964	6015146.000
05/17/2011	6.15	6.21	6.05	6.18	431370	5337940.500
05/18/2011	6.15	6.18	6.11	6.17	231245	2859748.750
05/19/2011	6.17	6.17	6.04	6.09	274458	3375713.500
05/20/2011	6.06	6.20	6.02	6.04	233599	2850129.250
05/23/2011	6.00	6.00	5.68	5.69	500366	5915811.000
05/24/2011	5.89	6.00	5.65	5.96	764977	9036116.000
05/25/2011	5.90	5.94	5.75	5.76	253148	2986332.500
05/26/2011	5.77	5.84	5.73	5.74	238379	2769904.250
05/27/2011	5.71	5.74	5.55	5.57	292635	3329485.750
05/30/2011	5.58	5.78	5.54	5.64	383337	4396832.500
05/31/2011	5.62	5.80	5.62	5.78	252278	2907275.500
06/01/2011	5.78	5.79	5.70	5.76	242799	2813187.000
06/02/2011	5.71	5.71	5.58	5.67	197800	2251697.500
06/03/2011	5.64	5.79	5.64	5.75	406619	4697015.500
06/07/2011	5.77	5.77	5.68	5.77	314169	3631988.500
06/08/2011	5.79	5.79	5.63	5.75	254723	2927655.250
06/09/2011	6.33	6.33	6.33	6.33	1765015	22503942.000
06/10/2011	6.31	6.31	6.03	6.25	2812684	34743624.000
06/13/2011	6.10	6.23	5.98	6.13	1196076	14583038.000
06/14/2011	6.11	6.20	6.07	6.14	1085036	13355031.000
06/15/2011	6.22	6.22	5.89	5.94	1122858	13642626.000
06/16/2011	5.80	5.90	5.70	5.73	738058	8548156.000
06/17/2011	5.68	5.78	5.57	5.60	415477	4730959.000
06/20/2011	5.63	5.69	5.50	5.56	337335	3775798.250
06/21/2011	5.57	5.67	5.53	5.66	392505	4425105.000
06/22/2011	5.61	5.70	5.61	5.63	249045	2826439.250
06/23/2011	5.58	5.78	5.51	5.74	602772	6879117.000
06/24/2011	5.77	5.91	5.74	5.87	736616	8620951.000
06/27/2011	5.88	5.95	5.81	5.91	698935	8276701.000
06/28/2011	5.88	5.92	5.82	5.86	410139	4827671.000
06/29/2011	5.83	5.91	5.80	5.81	453283	5327267.000
06/30/2011	5.81	5.97	5.77	5.95	656425	7786825.500
07/01/2011	5.93	6.01	5.88	5.97	615607	7369822.000
07/04/2011	5.98	6.04	5.94	6.04	796626	9614043.000
07/05/2011	6.05	6.07	6.01	6.06	577289	6995543.000
07/06/2011	6.06	6.09	5.99	6.07	617649	7508850.000
07/07/2011	6.06	6.16	5.98	6.08	857979	10459321.000
07/08/2011	6.05	6.09	5.99	6.03	431047	5219018.500
07/11/2011	6.02	6.25	6.00	6.25	1295460	15989498.000
07/12/2011	6.18	6.39	6.14	6.33	2500580	31731886.000
07/13/2011	6.32	6.41	6.28	6.39	1379912	17580544.000
07/14/2011	6.44	6.45	6.32	6.42	1056921	13531651.000
07/15/2011	6.42	6.50	6.33	6.42	1070504	13834281.000
07/18/2011	6.42	6.42	6.24	6.29	1041037	13218124.000
07/19/2011	6.23	6.27	6.11	6.21	746224	9233612.000
07/20/2011	6.17	6.24	6.12	6.20	450997	5599183.500
07/21/2011	6.18	6.21	6.08	6.08	479836	5914889.000
07/22/2011	6.09	6.13	6.04	6.09	695313	8484351.000
07/25/2011	6.08	6.08	5.74	5.79	721803	8540924.000
07/26/2011	5.80	5.85	5.73	5.83	323281	3753347.500
07/27/2011	5.78	5.92	5.69	5.92	491706	5770069.500
07/28/2011	5.87	5.87	5.74	5.82	421616	4905185.500
07/29/2011	5.86	5.90	5.80	5.87	483426	5680900.000
08/01/2011	5.76	5.92	5.76	5.91	310521	3659295.750
08/02/2011	5.90	5.90	5.64	5.87	515465	5951082.500
08/03/2011	5.78	6.08	5.74	5.99	971497	11650085.000
08/04/2011	5.98	6.07	5.94	6.01	553062	6653254.500
08/05/2011	5.87	5.87	5.73	5.76	494294	5759539.500
08/08/2011	5.68	5.69	5.18	5.27	1123340	12082844.000
08/09/2011	4.99	5.21	4.95	5.16	695464	7104108.500
08/10/2011	5.19	5.30	5.19	5.19	481588	5072119.500
08/11/2011	5.11	5.30	5.03	5.30	573817	6019453.000
08/12/2011	5.31	5.42	5.31	5.35	638955	6879229.000
08/15/2011	5.39	5.47	5.35	5.44	515089	5598079.000
08/16/2011	5.47	5.47	5.34	5.36	452378	4895770.500
08/17/2011	5.35	5.42	5.33	5.40	427924	4628507.500
08/18/2011	5.41	5.41	5.28	5.32	403713	4330665.500
08/19/2011	5.25	5.85	5.17	5.85	4498652	51830140.000
08/22/2011	5.72	6.00	5.68	5.92	4259113	50099976.000
08/23/2011	5.92	5.98	5.78	5.95	2489145	29426714.000
08/24/2011	5.96	6.07	5.80	5.80	2115443	25132526.000
08/25/2011	5.78	5.86	5.69	5.83	1644503	19073286.000
08/26/2011	5.79	5.94	5.73	5.91	1546089	18239546.000
08/29/2011	5.88	5.90	5.78	5.80	874569	10260759.000
08/30/2011	5.81	6.03	5.81	5.99	2276977	27115790.000
08/31/2011	5.96	6.08	5.80	5.83	1751649	20887940.000
09/01/2011	5.76	5.99	5.76	5.88	1231178	14479287.000
09/02/2011	5.85	5.87	5.61	5.68	1151568	13185030.000
09/05/2011	5.58	5.58	5.34	5.39	1073418	11671980.000
09/06/2011	5.35	5.46	5.28	5.33	687599	7386704.500
09/07/2011	5.38	5.49	5.35	5.47	630049	6864898.500
09/08/2011	5.47	5.50	5.40	5.42	535064	5867329.500
09/09/2011	5.42	5.47	5.36	5.36	350813	3805595.250
09/13/2011	5.32	5.32	5.14	5.23	521601	5465344.500
09/14/2011	5.25	5.37	5.18	5.36	489244	5176128.500
09/15/2011	5.35	5.44	5.32	5.39	456230	4934513.500
09/16/2011	5.40	5.43	5.35	5.35	309501	3349669.500
09/19/2011	5.36	5.36	5.18	5.18	379448	4005100.250
09/20/2011	5.00	5.27	5.00	5.23	369339	3859510.000
09/21/2011	5.17	5.42	5.17	5.38	654893	7045378.000
09/22/2011	5.33	5.37	5.23	5.24	373179	3969597.750
09/23/2011	5.18	5.21	5.03	5.18	387526	3995355.750
09/26/2011	5.17	5.23	5.09	5.11	284950	2955478.500
09/27/2011	5.18	5.18	5.11	5.18	215179	2229383.000
09/28/2011	5.18	5.23	5.08	5.09	271539	2810072.750
09/29/2011	5.08	5.08	4.93	4.95	555217	5556453.000
09/30/2011	4.94	5.01	4.89	4.98	324748	3230929.250
10/10/2011	4.99	5.03	4.93	4.94	175205	1751260.000
10/11/2011	5.06	5.12	4.92	4.96	270390	2730491.750
10/12/2011	4.96	5.13	4.88	5.11	422518	4290364.000
10/13/2011	5.08	5.21	5.07	5.14	581873	6029635.000
10/14/2011	5.17	5.30	5.14	5.21	677993	7132850.500
10/17/2011	5.16	5.26	5.13	5.22	374879	3921033.500
10/18/2011	5.19	5.19	4.98	5.05	521282	5337608.500
10/19/2011	5.07	5.13	5.03	5.05	250368	2550094.750
10/20/2011	5.10	5.10	4.84	4.88	335340	3313539.000
10/21/2011	4.86	4.92	4.82	4.84	246842	2408912.000
10/24/2011	4.90	4.97	4.74	4.93	231673	2263143.750
10/25/2011	4.90	5.08	4.88	5.03	512473	5132503.500
10/26/2011	4.98	5.38	4.98	5.18	1267631	13272901.000
10/27/2011	5.32	5.70	5.29	5.60	4096544	46233044.000
10/28/2011	5.46	5.67	5.43	5.64	2753378	30551560.000
10/31/2011	5.54	5.62	5.47	5.58	1440589	16021672.000
11/01/2011	5.58	5.85	5.49	5.64	2020223	23020080.000
11/02/2011	5.53	5.71	5.41	5.70	1633277	18303890.000
11/03/2011	5.80	5.94	5.72	5.73	2613495	30563144.000
11/04/2011	5.74	5.85	5.62	5.66	1422016	16249460.000
11/07/2011	5.63	5.87	5.59	5.83	1926248	22169688.000
11/08/2011	5.80	5.81	5.64	5.72	1148618	13212256.000
11/09/2011	5.78	6.00	5.65	6.00	2112665	24695926.000
11/10/2011	5.89	6.21	5.83	5.90	3332653	40261152.000
11/11/2011	5.90	6.17	5.84	5.97	2433149	29544166.000
11/14/2011	5.99	6.16	5.98	6.07	2183698	26619712.000
11/15/2011	6.05	6.34	5.88	6.30	3182797	39148400.000
11/16/2011	6.30	6.33	5.91	5.96	2334675	28516896.000
11/17/2011	5.93	6.08	5.85	5.88	1431707	17082352.000
11/18/2011	5.92	6.10	5.60	5.61	2392171	28023178.000
11/21/2011	5.50	5.68	5.50	5.58	1090801	12166100.000
11/22/2011	5.53	5.63	5.49	5.60	884465	9903048.000
11/23/2011	5.63	5.65	5.53	5.53	528789	5923985.500
11/24/2011	5.50	5.57	5.38	5.50	827260	9100294.000
11/25/2011	5.45	5.56	5.34	5.38	777486	8486957.000
11/28/2011	5.37	5.43	5.33	5.38	635963	6871247.500
11/29/2011	5.44	5.45	5.35	5.44	809367	8785975.000
11/30/2011	5.44	5.44	4.97	5.03	1221241	12717439.000
12/01/2011	5.22	5.24	5.10	5.10	944064	9804080.000
12/02/2011	5.08	5.12	4.90	4.97	608159	6095243.500
12/05/2011	4.89	4.98	4.87	4.91	373743	3687384.250
12/06/2011	4.91	5.03	4.89	5.00	497688	4956357.000
12/07/2011	5.00	5.04	4.96	5.02	355211	3572397.000
12/08/2011	4.98	5.09	4.88	5.02	400904	4023316.250
12/09/2011	5.00	5.06	4.95	4.97	295692	2963316.250
12/12/2011	4.97	5.00	4.91	4.91	288819	2870084.000
12/13/2011	4.88	4.91	4.74	4.76	495119	4757108.500
12/14/2011	4.75	4.83	4.68	4.68	365711	3492175.500
12/15/2011	4.69	4.69	4.58	4.58	433654	4031995.250
12/16/2011	4.58	4.75	4.51	4.73	570060	5291418.000
12/19/2011	4.70	4.75	4.57	4.73	563421	5275804.000
12/20/2011	4.73	4.79	4.65	4.66	666917	6342190.500
12/21/2011	4.70	4.73	4.56	4.57	600915	5636445.500
12/22/2011	4.55	4.55	4.26	4.39	874200	7663586.000
12/23/2011	4.36	4.49	4.35	4.44	419383	3726195.750
12/26/2011	4.44	4.53	4.38	4.38	245125	2193110.000
12/27/2011	4.37	4.43	4.24	4.25	418788	3627798.250
12/28/2011	4.18	4.28	4.14	4.24	356278	2991571.000
12/29/2011	4.18	4.28	4.14	4.24	227916	1943269.375
12/30/2011	4.27	4.33	4.22	4.28	435434	3758171.500
01/04/2012	4.36	4.40	4.12	4.15	275056	2370467.750
01/05/2012	4.15	4.19	3.90	3.93	350694	2843282.750
01/06/2012	3.93	3.98	3.73	3.96	352641	2761131.000
01/09/2012	3.93	4.15	3.93	4.14	532156	4340517.500
01/10/2012	4.13	4.34	4.12	4.31	719454	6145233.000
01/11/2012	4.25	4.39	4.25	4.36	937961	8150264.000
01/12/2012	4.31	4.40	4.27	4.28	550220	4777872.000
01/13/2012	4.23	4.25	4.03	4.05	637189	5271661.000
01/16/2012	4.01	4.08	3.91	3.91	335150	2677255.500
01/17/2012	3.88	4.19	3.87	4.18	457881	3737691.000
01/18/2012	4.19	4.23	4.03	4.03	463600	3852566.750
01/19/2012	4.11	4.15	4.02	4.13	251438	2070807.375
01/20/2012	4.08	4.28	4.08	4.21	366539	3104051.500
01/30/2012	4.27	4.27	4.17	4.21	335165	2841665.750
01/31/2012	4.25	4.25	4.08	4.15	329920	2738208.250
02/01/2012	4.09	4.23	4.08	4.10	218206	1819898.125
02/02/2012	4.18	4.20	4.08	4.18	213759	1784605.500
02/03/2012	4.25	4.33	4.19	4.29	798592	6875470.500
02/06/2012	4.30	4.32	4.24	4.30	608198	5239214.500
02/07/2012	4.28	4.28	4.14	4.18	397939	3357280.750
02/08/2012	4.16	4.30	4.14	4.28	501733	4281390.000
02/09/2012	4.28	4.42	4.26	4.33	1072018	9379368.000
02/10/2012	4.34	4.39	4.29	4.32	558188	4860410.000
02/13/2012	4.32	4.44	4.32	4.39	860580	7610312.500
02/14/2012	4.38	4.44	4.37	4.40	537037	4744714.500
02/15/2012	4.40	4.56	4.38	4.56	1445389	13068085.000
02/16/2012	4.54	4.60	4.47	4.51	973788	8831388.000
02/17/2012	4.51	4.53	4.41	4.45	517136	4630536.500
02/20/2012	4.49	4.52	4.44	4.44	674267	6068182.500
02/21/2012	4.48	4.50	4.39	4.49	551543	4920898.000
02/22/2012	4.49	4.62	4.45	4.62	1097385	10039017.000
02/23/2012	4.60	4.97	4.57	4.77	2451652	23622236.000
02/24/2012	4.72	4.78	4.66	4.75	1184351	11205219.000
02/27/2012	4.75	4.78	4.69	4.71	1218833	11581265.000
02/28/2012	4.67	4.70	4.59	4.61	736099	6835891.000
02/29/2012	4.59	4.65	4.49	4.53	502249	4623070.500
03/01/2012	4.50	4.60	4.50	4.55	486930	4460904.000
03/02/2012	4.57	4.64	4.56	4.63	507321	4694365.500
03/05/2012	4.64	4.67	4.60	4.61	472468	4401171.000
03/06/2012	4.60	4.61	4.52	4.54	560036	5116732.000
03/07/2012	4.52	4.67	4.48	4.58	749065	6902083.000
03/08/2012	4.58	4.68	4.58	4.64	857402	7990676.000
03/09/2012	4.64	4.90	4.64	4.89	2267939	21858232.000
03/12/2012	4.87	5.17	4.80	5.16	3463172	34902852.000
03/13/2012	5.12	5.29	5.05	5.13	2721699	28236422.000
03/14/2012	5.19	5.19	4.81	4.92	2398996	24162118.000
03/15/2012	4.90	4.92	4.69	4.79	1547909	14930517.000
03/16/2012	4.78	4.90	4.75	4.86	1274570	12382747.000
03/19/2012	4.85	4.98	4.82	4.94	1138094	11262262.000
03/20/2012	4.95	5.00	4.73	4.75	822340	7993911.500
03/21/2012	4.74	4.80	4.63	4.79	639287	6075312.500
03/22/2012	4.80	4.81	4.72	4.78	344602	3301839.250
03/23/2012	4.76	4.84	4.50	4.58	766629	7246258.500
03/26/2012	4.58	4.89	4.55	4.88	1016189	9646158.000
03/27/2012	4.87	5.02	4.84	4.96	1607504	15959147.000
03/28/2012	4.88	4.88	4.64	4.70	937539	8938068.000
03/29/2012	4.61	4.66	4.50	4.55	560499	5143768.000
03/30/2012	4.50	4.65	4.50	4.65	790867	7301201.500
04/05/2012	4.81	4.93	4.75	4.80	1120917	10849745.000
04/06/2012	4.75	5.02	4.75	4.92	1523049	15029573.000
04/09/2012	4.86	4.91	4.67	4.78	930275	8931384.000
04/10/2012	4.70	4.77	4.50	4.72	973348	9032962.000
04/11/2012	4.66	5.13	4.59	5.00	2200364	21787772.000
04/12/2012	4.97	5.03	4.84	5.00	1890358	18709238.000
04/13/2012	4.94	5.07	4.90	4.96	1205927	12020941.000
04/16/2012	4.88	4.96	4.85	4.94	851310	8388743.000
04/17/2012	5.13	5.17	4.79	4.87	1178210	11826745.000
04/18/2012	4.87	4.95	4.73	4.93	1149446	11240100.000
04/19/2012	4.92	5.14	4.87	5.13	1823932	18490310.000
04/20/2012	5.10	5.38	5.03	5.30	2316481	24332824.000
04/23/2012	5.23	5.28	4.88	5.03	1355516	13758103.000
04/24/2012	4.90	5.07	4.73	5.00	1194546	11770605.000
04/25/2012	4.99	5.05	4.90	5.01	867695	8656344.000
04/26/2012	5.05	5.05	4.83	4.88	819974	8095989.000
04/27/2012	4.84	5.05	4.78	5.00	612512	6080875.500
05/02/2012	5.01	5.13	4.92	5.10	911159	9226331.000
05/03/2012	5.10	5.26	5.03	5.23	1482523	15336344.000
05/04/2012	5.24	5.44	5.17	5.36	1737468	18618134.000
05/07/2012	5.33	5.42	5.25	5.37	1496966	15992366.000
05/08/2012	5.40	5.61	5.29	5.43	1698375	18513194.000
05/09/2012	5.38	5.38	5.18	5.27	988126	10467891.000
05/10/2012	5.26	5.30	5.19	5.28	732454	7731350.000
05/11/2012	5.27	5.31	5.22	5.28	418540	4421083.000
05/14/2012	5.28	5.81	5.24	5.73	3603196	40744748.000
05/15/2012	5.61	6.13	5.58	5.98	5353512	63723496.000
05/16/2012	5.92	6.03	5.72	5.99	2402821	28458480.000
05/17/2012	5.90	6.05	5.83	5.95	2299690	27389788.000
05/18/2012	5.90	5.90	5.64	5.72	2066961	23892752.000
05/21/2012	5.67	5.75	5.55	5.75	1348820	15335939.000
05/22/2012	5.80	5.84	5.70	5.77	1186284	13715533.000
05/23/2012	5.73	5.78	5.54	5.67	1479905	16755674.000
05/24/2012	5.63	5.76	5.50	5.55	1329383	15059168.000
05/25/2012	5.58	5.83	5.52	5.72	1361894	15481070.000
05/28/2012	5.68	5.77	5.54	5.74	1347933	15342618.000
05/29/2012	5.73	5.88	5.62	5.81	1586244	18370960.000
05/30/2012	5.77	6.03	5.73	5.82	1839131	21726672.000
05/31/2012	5.78	6.05	5.78	5.93	1530860	18256020.000
06/01/2012	5.88	5.95	5.72	5.85	1177687	13735528.000
06/04/2012	5.73	5.77	5.30	5.39	1272090	14221808.000
06/05/2012	5.36	5.43	5.28	5.36	632938	6792245.000
06/06/2012	5.36	5.42	5.24	5.24	594144	6353815.000
06/07/2012	5.29	5.32	5.23	5.31	583712	6190623.000
06/08/2012	5.35	5.38	5.29	5.33	656418	7035017.000
06/11/2012	5.38	5.42	5.07	5.27	972406	10160129.000
06/12/2012	5.25	5.58	5.23	5.46	1576275	17213634.000
06/13/2012	5.42	5.65	5.36	5.63	1774983	19579232.000
06/14/2012	5.55	5.60	5.49	5.50	770568	8585629.000
06/15/2012	5.55	5.55	5.23	5.43	978494	10563187.000
06/18/2012	5.39	5.48	5.38	5.42	837627	9105104.000
06/19/2012	5.41	5.47	5.33	5.43	698186	7586388.500
06/20/2012	5.41	5.51	5.38	5.47	929175	10183255.000
06/21/2012	5.43	5.78	5.43	5.73	1778837	20014492.000
06/25/2012	5.65	5.85	5.57	5.58	1883828	21627624.000
06/26/2012	5.69	6.00	5.30	5.84	2953888	34206220.000
06/27/2012	5.79	5.96	5.70	5.77	2476680	29020078.000
06/28/2012	5.83	6.28	5.80	5.83	3473562	41795880.000
06/29/2012	5.63	5.63	5.30	5.57	2175387	23890574.000
07/02/2012	5.47	5.58	5.40	5.50	1413922	15589852.000
07/03/2012	5.50	5.57	5.41	5.46	1186794	13087250.000
07/04/2012	5.45	5.55	5.21	5.23	1055175	11402986.000
07/05/2012	5.23	5.23	4.90	4.96	1160352	11673586.000
07/06/2012	5.00	5.08	4.91	5.05	532187	5344582.500
07/09/2012	5.05	5.35	5.05	5.19	1588487	16701238.000
07/10/2012	5.14	5.41	5.14	5.39	1415532	15080711.000
07/11/2012	5.35	5.53	5.26	5.53	1279007	13888490.000
07/12/2012	5.48	5.57	5.27	5.35	2347278	25280214.000
07/13/2012	5.46	5.57	5.38	5.42	1974080	21712928.000
07/16/2012	5.46	5.46	4.87	4.87	1805108	18081136.000
07/17/2012	4.73	4.82	4.53	4.64	1821991	16840264.000
07/18/2012	4.62	4.78	4.49	4.76	1593804	14843142.000
07/19/2012	4.73	4.87	4.62	4.84	2126475	20358090.000
07/20/2012	4.77	4.80	4.68	4.75	1084554	10324451.000
07/23/2012	4.68	4.68	4.47	4.57	1300474	11894346.000
07/24/2012	4.51	4.81	4.48	4.79	2672440	25098052.000
07/25/2012	4.73	4.76	4.63	4.68	1443429	13664133.000
07/26/2012	4.65	4.73	4.59	4.61	751563	7046962.000
07/27/2012	4.66	4.66	4.48	4.57	755081	6904109.000
07/30/2012	4.56	4.56	4.36	4.40	775130	6922818.500
07/31/2012	4.39	4.42	4.11	4.13	919315	7844833.000
08/01/2012	4.12	4.21	4.12	4.18	940558	7892910.000
08/02/2012	4.16	4.20	4.03	4.04	688983	5688054.500
08/03/2012	4.07	4.17	4.07	4.14	951216	7880794.000
08/06/2012	4.09	4.26	4.08	4.23	985139	8330397.500
08/07/2012	4.21	4.62	4.21	4.50	2163433	19380284.000
08/08/2012	4.62	4.77	4.52	4.55	2469257	23001630.000
08/09/2012	4.48	4.54	4.39	4.51	1799687	16124574.000
08/10/2012	4.46	4.49	4.40	4.42	1134301	10112993.000
08/13/2012	4.41	4.55	4.36	4.36	892338	8029398.500
08/14/2012	4.32	4.45	4.27	4.44	800890	6985627.500
08/15/2012	4.43	4.43	4.34	4.35	592835	5233214.000
08/16/2012	4.33	4.35	4.29	4.33	475926	4132635.000
08/17/2012	4.33	4.40	4.23	4.35	282349	2463112.250
08/20/2012	4.31	4.51	4.30	4.51	901792	8030122.500
08/21/2012	4.55	4.62	4.45	4.61	1294360	11842969.000
08/22/2012	4.58	4.78	4.52	4.75	2040061	19213136.000
08/23/2012	4.62	4.78	4.57	4.64	3105383	29006552.000
08/24/2012	4.59	4.59	4.35	4.36	1898558	17099856.000
08/27/2012	4.28	4.32	4.23	4.23	609842	5226459.000
08/28/2012	4.19	4.33	4.19	4.27	502375	4328162.000
08/29/2012	4.27	4.34	4.23	4.29	534010	4617602.500
08/30/2012	4.26	4.33	4.08	4.11	633649	5348909.000
08/31/2012	4.06	4.18	4.05	4.16	310634	2582385.750
09/03/2012	4.12	4.32	4.12	4.30	390918	3339257.250
09/04/2012	4.31	4.31	4.19	4.21	351170	3005424.750
09/05/2012	4.21	4.31	4.21	4.28	423285	3636551.250
09/06/2012	4.30	4.39	4.27	4.37	667486	5812765.000
09/07/2012	4.43	4.55	4.38	4.47	1407259	12658482.000
09/10/2012	4.44	4.52	4.39	4.45	1916408	17125026.000
09/11/2012	4.44	4.44	4.36	4.37	1158910	10220512.000
09/12/2012	4.40	4.81	4.40	4.64	4370509	40692172.000
09/13/2012	4.54	4.60	4.44	4.44	2280508	20787026.000
09/14/2012	4.47	4.52	4.30	4.38	1384748	12224223.000
09/17/2012	4.33	4.40	4.20	4.20	753134	6491722.000
09/18/2012	4.23	4.26	4.14	4.22	521075	4417281.000
09/19/2012	4.21	4.29	4.20	4.28	416387	3562203.000
09/20/2012	4.28	4.30	4.14	4.16	562971	4766005.000
09/21/2012	4.16	4.24	4.13	4.18	527435	4450195.500
09/24/2012	4.17	4.21	4.13	4.18	421750	3534240.750
09/25/2012	4.15	4.20	4.12	4.13	347079	2895895.500
09/26/2012	4.13	4.16	3.81	3.85	955436	7555223.000
09/27/2012	3.85	3.95	3.85	3.95	545761	4296621.500
09/28/2012	3.92	4.03	3.90	4.00	538131	4289710.500
10/08/2012	4.01	4.04	3.92	3.94	517190	4125799.000
10/09/2012	3.97	4.12	3.95	4.10	751842	6122820.000
10/10/2012	4.07	4.15	4.07	4.14	531972	4396657.000
10/11/2012	4.10	4.15	4.02	4.02	491950	4036727.500
10/12/2012	4.02	4.10	3.97	4.03	461193	3731212.500
10/15/2012	4.03	4.13	3.98	4.08	760503	6215720.500
10/16/2012	4.06	4.12	3.99	4.09	435709	3572874.750
10/17/2012	4.09	4.10	4.03	4.08	574080	4688187.500
10/18/2012	4.11	4.23	4.05	4.19	989441	8279020.000
10/19/2012	4.18	4.21	4.12	4.16	629517	5266480.000
10/22/2012	4.15	4.18	4.09	4.17	479004	3982191.000
10/23/2012	4.15	4.18	4.10	4.11	307204	2553796.750
10/24/2012	4.09	4.13	4.05	4.07	539794	4435212.500
10/25/2012	4.11	4.11	3.98	3.99	570903	4637330.500
10/26/2012	3.98	4.03	3.89	3.91	366802	2904868.500
10/29/2012	3.92	3.97	3.89	3.92	201560	1593469.250
10/30/2012	3.92	3.97	3.91	3.91	236455	1866250.250
10/31/2012	3.90	3.95	3.87	3.95	168987	1332877.750
11/01/2012	3.95	4.06	3.95	4.02	542235	4385103.000
11/02/2012	4.02	4.11	4.02	4.07	542628	4437481.500
11/05/2012	4.09	4.09	4.04	4.07	392228	3199597.250
11/06/2012	4.06	4.09	3.96	4.03	611800	4930918.000
11/07/2012	4.02	4.04	4.00	4.01	280382	2264255.500
11/08/2012	3.98	3.98	3.87	3.87	684376	5383643.500
11/09/2012	3.87	3.92	3.85	3.87	281200	2195660.000
11/12/2012	3.92	3.95	3.88	3.93	349262	2751609.000
11/13/2012	3.90	3.93	3.83	3.83	372299	2899729.250
11/14/2012	3.86	3.92	3.83	3.92	481650	3750886.500
11/15/2012	3.89	3.89	3.84	3.87	466180	3619292.500
11/16/2012	3.88	3.88	3.78	3.80	344528	2642776.250
11/19/2012	3.79	3.82	3.76	3.81	180501	1373354.625
11/20/2012	3.82	3.87	3.81	3.85	423492	3265057.000
11/21/2012	3.85	3.90	3.79	3.89	274100	2119791.000
11/22/2012	3.88	3.88	3.83	3.83	275949	2131431.750
11/23/2012	3.83	3.90	3.83	3.84	532376	4127264.500
11/26/2012	3.84	3.84	3.77	3.78	255899	1954820.875
11/27/2012	3.76	3.78	3.54	3.57	459953	3359906.500
11/28/2012	3.56	3.56	3.44	3.48	374558	2624864.500
11/29/2012	3.48	3.51	3.38	3.38	238552	1657126.500
11/30/2012	3.38	3.44	3.32	3.38	443151	3028371.750
12/03/2012	3.39	3.41	3.33	3.33	384580	2604544.750
12/04/2012	3.31	3.41	3.29	3.40	284706	1925840.500
12/05/2012	3.38	3.56	3.38	3.51	581762	4087464.750
12/06/2012	3.52	3.54	3.48	3.49	289744	2039214.875
12/07/2012	3.51	3.61	3.48	3.59	491309	3528039.000
12/10/2012	3.58	3.64	3.57	3.62	494068	3591831.750
12/11/2012	3.63	3.66	3.60	3.61	335840	2445181.500
12/12/2012	3.58	3.62	3.51	3.57	248589	1785949.625
12/13/2012	3.57	3.59	3.52	3.53	265450	1896574.750
12/14/2012	3.88	3.88	3.88	3.88	684277	5337360.500
12/17/2012	4.27	4.27	4.27	4.27	3347656	28722888.000
12/18/2012	4.33	4.67	4.29	4.54	8726929	78913992.000
12/19/2012	4.43	4.52	4.39	4.48	4053993	36265788.000
12/20/2012	4.47	4.66	4.35	4.53	4715151	42657764.000
12/21/2012	4.49	4.84	4.41	4.63	5524870	51030028.000
12/24/2012	4.58	4.66	4.46	4.63	3083980	28289588.000
12/25/2012	4.59	5.09	4.59	5.09	3009630	30167930.000
12/26/2012	5.37	5.57	5.28	5.48	7438981	80718928.000
12/27/2012	5.48	5.70	5.06	5.11	8618762	93171992.000
12/28/2012	4.98	5.33	4.90	5.13	5046767	51742976.000
12/31/2012	5.03	5.13	4.96	5.12	3055551	30945666.000
01/04/2013	5.15	5.18	4.98	5.05	2434133	24697044.000
01/07/2013	5.00	5.10	4.98	5.09	2574445	26056156.000
01/08/2013	5.05	5.05	4.87	5.01	3551033	35334688.000
01/09/2013	4.97	5.06	4.91	4.98	3005491	30015846.000
01/10/2013	4.97	4.99	4.91	4.95	2476980	24582874.000
01/11/2013	4.95	5.08	4.83	4.86	3072314	30718106.000
01/14/2013	4.84	5.08	4.75	5.07	3383313	33628580.000
01/15/2013	5.08	5.22	4.98	5.16	4779779	49139476.000
01/16/2013	5.23	5.32	5.01	5.05	3556817	36849692.000
01/17/2013	5.00	5.07	4.83	4.93	1918297	18964084.000
01/18/2013	4.63	5.01	4.63	4.94	1402360	13779019.000
01/21/2013	4.92	4.98	4.74	4.79	2438592	23682648.000
01/22/2013	4.79	4.81	4.66	4.71	1838038	17426476.000
01/23/2013	4.69	4.80	4.68	4.79	1388805	13218300.000
01/24/2013	4.81	4.82	4.45	4.57	2225773	20761790.000
01/25/2013	4.56	4.57	4.45	4.51	1019912	9227773.000
01/28/2013	4.49	4.63	4.48	4.63	1404453	12905550.000
01/29/2013	4.65	4.76	4.61	4.68	1445163	13588430.000
01/30/2013	4.66	4.71	4.58	4.61	1066971	9932178.000
01/31/2013	4.65	4.65	4.58	4.64	684090	6334786.000
02/01/2013	4.66	4.77	4.63	4.69	1079937	10189428.000
02/04/2013	4.70	4.72	4.55	4.56	1067192	9840934.000
02/05/2013	4.56	4.75	4.56	4.70	1471723	13843673.000
02/06/2013	4.66	4.68	4.61	4.66	880293	8201818.000
02/07/2013	4.66	4.68	4.61	4.68	596928	5573613.000
02/08/2013	4.65	4.78	4.65	4.76	1350380	12852513.000
02/18/2013	4.80	4.87	4.75	4.85	1498088	14485087.000
02/19/2013	4.87	4.88	4.65	4.67	1374207	13078982.000
02/20/2013	4.64	4.73	4.64	4.73	900703	8509227.000
02/21/2013	4.72	4.72	4.61	4.62	794243	7409213.000
02/22/2013	4.63	4.72	4.61	4.67	876105	8231031.500
02/25/2013	4.67	4.80	4.67	4.78	1190268	11333744.000
02/26/2013	4.74	5.10	4.71	4.94	3351440	33195076.000
02/27/2013	4.88	4.92	4.81	4.89	1556748	15214026.000
02/28/2013	4.91	5.01	4.86	4.99	2203335	21924758.000
03/01/2013	4.99	5.03	4.90	4.95	2035437	20190838.000
03/04/2013	4.91	5.09	4.78	4.84	2858257	28429586.000
03/05/2013	4.80	4.87	4.68	4.86	1601886	15442037.000
03/06/2013	4.82	4.97	4.82	4.97	1685346	16616885.000
03/07/2013	4.97	5.02	4.82	4.97	1329635	13147165.000
03/08/2013	4.97	4.98	4.85	4.86	776319	7645665.000
03/11/2013	4.83	4.87	4.78	4.80	699483	6774405.000
03/12/2013	4.77	4.84	4.50	4.55	1503082	13974491.000
03/13/2013	4.55	4.58	4.38	4.41	817362	7274929.500
03/14/2013	4.42	4.47	4.41	4.44	436127	3885492.250
03/15/2013	4.44	4.52	4.38	4.44	665494	5958802.500
03/18/2013	4.44	4.49	4.40	4.43	701100	6229392.000
03/19/2013	4.40	4.49	4.40	4.48	555096	4972325.500
03/20/2013	4.49	4.67	4.49	4.66	1325513	12266730.000
03/21/2013	4.62	4.69	4.62	4.66	527613	4944506.000
03/22/2013	4.64	4.71	4.63	4.68	455150	4276151.500
03/25/2013	4.72	4.75	4.63	4.71	574391	5390244.000
03/26/2013	4.66	4.66	4.57	4.60	686304	6338360.000
03/27/2013	4.60	4.80	4.58	4.65	891616	8424804.000
03/28/2013	4.57	4.65	4.38	4.63	830764	7562393.000
03/29/2013	4.63	4.63	4.52	4.52	390242	3571786.000
04/01/2013	4.58	4.59	4.50	4.55	255321	2339873.750
04/02/2013	4.57	4.59	4.43	4.53	568338	5144642.000
04/03/2013	4.61	4.63	4.50	4.56	441120	4033863.000
04/08/2013	4.49	4.56	4.38	4.49	647575	5789246.000
04/09/2013	4.49	4.58	4.49	4.54	688204	6271267.000
04/10/2013	4.53	4.57	4.44	4.57	864000	7852151.500
04/11/2013	4.60	4.78	4.60	4.72	2193143	20721396.000
04/12/2013	4.68	4.70	4.61	4.66	792817	7393508.500
04/15/2013	4.62	4.98	4.59	4.95	3795584	37291992.000
04/16/2013	4.90	5.08	4.85	4.99	2529051	25179158.000
04/17/2013	4.99	5.03	4.87	5.01	1834458	18188178.000
04/18/2013	4.89	5.08	4.89	5.07	1933026	19548626.000
04/19/2013	5.07	5.36	5.04	5.36	3263142	34375452.000
04/22/2013	5.33	5.65	5.26	5.56	3297554	36656132.000
04/23/2013	5.53	5.61	5.42	5.51	1853060	20442536.000
04/24/2013	5.46	6.03	5.42	6.01	2573270	30413270.000
04/25/2013	6.01	6.11	5.78	5.83	2413509	28550222.000
04/26/2013	5.83	5.90	5.43	5.54	1986791	22352724.000
05/02/2013	5.53	6.03	5.52	6.02	1610475	18969526.000
05/03/2013	5.95	6.18	5.82	6.07	1570678	19165496.000
05/06/2013	6.03	6.23	5.79	5.83	4290167	50858624.000
05/07/2013	5.74	5.97	5.74	5.97	1930325	22766516.000
05/08/2013	5.88	6.57	5.88	6.57	3645108	46406300.000
05/09/2013	6.93	7.23	6.78	7.23	6173640	87904896.000
05/10/2013	7.27	7.95	7.09	7.93	6672943	101245240.000
05/13/2013	7.84	8.13	7.71	8.00	3810636	60269628.000
05/14/2013	7.95	8.73	7.94	8.23	3885817	64512304.000
05/15/2013	8.07	8.14	7.84	8.07	2854709	46054988.000
05/16/2013	8.09	8.42	8.07	8.21	2065096	34053620.000
05/17/2013	8.13	8.16	7.84	8.12	1853994	29729398.000
05/20/2013	8.08	8.47	7.94	8.31	1377931	22696058.000
05/21/2013	8.32	8.47	8.17	8.32	1481248	24601986.000
05/22/2013	8.32	8.86	8.23	8.35	1873074	31818642.000
05/23/2013	8.28	8.61	8.01	8.59	1599693	27026788.000
05/24/2013	8.58	8.83	8.51	8.65	1136253	19789648.000
05/27/2013	8.59	9.43	8.56	9.22	3537033	64756012.000
05/28/2013	9.22	9.33	8.85	8.91	1877704	33909244.000
05/29/2013	8.81	9.11	8.79	8.88	758386	13575469.000
05/30/2013	8.84	9.33	8.41	9.17	2624026	46566244.000
05/31/2013	9.01	9.08	8.75	8.76	1109298	19836382.000
06/03/2013	8.73	8.76	8.18	8.32	1763061	29622804.000
06/04/2013	8.34	8.34	8.01	8.24	1122033	18312320.000
06/05/2013	8.31	8.56	8.18	8.43	654727	10986079.000
06/06/2013	8.36	8.64	8.24	8.56	1101709	18811982.000
06/07/2013	8.56	8.69	8.29	8.68	883061	15042863.000
06/13/2013	8.47	8.98	8.18	8.88	1162347	20307148.000
06/14/2013	8.90	9.27	8.77	9.02	1524179	27494022.000
06/17/2013	9.03	9.25	8.73	9.07	1202725	21696934.000
06/18/2013	8.91	9.06	8.75	8.81	770725	13730948.000
06/19/2013	8.78	8.98	8.74	8.93	410963	7282778.000
06/20/2013	8.92	8.95	8.75	8.78	591591	10505930.000
06/21/2013	8.59	9.06	8.40	9.00	716040	12610922.000
06/24/2013	9.02	9.14	8.49	8.84	704631	12464030.000
06/25/2013	8.67	8.93	7.95	8.44	1496442	24611908.000
06/26/2013	8.14	8.89	7.99	8.83	993114	16745807.000
06/27/2013	8.72	9.12	8.50	8.68	762177	13493063.000
06/28/2013	8.53	8.97	8.53	8.70	532978	9419138.000
07/01/2013	8.70	9.14	8.59	9.05	1227814	22118314.000
07/02/2013	9.03	9.80	8.97	9.59	3094867	58828596.000
07/03/2013	9.49	9.58	9.25	9.46	2894790	54402536.000
07/04/2013	9.27	9.42	9.05	9.05	1984560	36805744.000
07/05/2013	8.94	8.99	8.56	8.57	1666990	29034720.000
07/08/2013	8.43	8.64	8.07	8.49	1295246	21619138.000
07/09/2013	8.44	8.63	8.42	8.51	652854	11178199.000
07/10/2013	8.51	8.74	8.34	8.70	727738	12519909.000
07/11/2013	8.70	8.83	8.45	8.71	698501	12085011.000
07/12/2013	8.69	8.91	8.59	8.77	892315	15729682.000
07/15/2013	8.78	9.26	8.75	9.14	1468601	26535860.000
07/16/2013	9.14	9.24	8.99	9.11	1003085	18251134.000
07/17/2013	9.00	9.14	8.66	8.93	831347	14952850.000
07/18/2013	8.88	8.98	8.64	8.77	763859	13462411.000
07/19/2013	8.77	8.91	8.55	8.56	746147	13027706.000
07/22/2013	8.27	8.77	8.27	8.74	479378	8299083.000
07/23/2013	8.77	8.84	8.67	8.76	581134	10160132.000
07/24/2013	8.76	9.32	8.69	9.22	2508440	45662432.000
07/25/2013	9.01	9.98	9.01	9.70	3752022	71070344.000
07/26/2013	9.62	9.74	8.92	8.97	2741430	50751452.000
07/29/2013	8.50	8.96	8.50	8.55	1519490	26478030.000
07/30/2013	8.59	8.69	8.14	8.28	1300983	21688006.000
07/31/2013	8.24	8.68	8.24	8.47	693559	11787013.000
08/01/2013	8.66	8.68	8.45	8.64	700929	12063774.000
08/02/2013	8.67	8.86	8.49	8.49	1064548	18481112.000
08/05/2013	8.33	8.89	8.33	8.74	985556	17055512.000
08/06/2013	8.74	8.99	8.73	8.89	1035751	18366796.000
08/07/2013	8.97	8.98	8.44	8.56	828652	14261627.000
08/08/2013	8.54	8.64	8.44	8.55	456948	7815360.000
08/09/2013	8.57	8.69	8.53	8.65	371574	6401536.500
08/12/2013	8.59	8.59	8.34	8.55	1101101	18609868.000
08/13/2013	8.53	8.72	8.49	8.62	898611	15531137.000
08/14/2013	8.60	8.71	8.49	8.71	694150	11967839.000
08/15/2013	8.70	8.74	8.35	8.50	636771	10932979.000
08/16/2013	8.46	8.63	8.37	8.37	444956	7565268.500
08/19/2013	8.44	8.69	8.39	8.64	779625	13396141.000
08/20/2013	8.62	9.43	8.39	8.44	5389298	93731712.000
08/21/2013	8.24	8.37	7.89	8.37	2165073	35440756.000
08/22/2013	8.32	8.33	8.11	8.20	1087470	17859700.000
08/23/2013	8.24	8.32	8.07	8.20	886780	14537394.000
08/26/2013	8.19	8.31	8.19	8.22	615159	10131709.000
08/27/2013	8.22	8.44	8.20	8.40	1270701	21200136.000
08/28/2013	8.37	9.24	8.09	8.83	10832977	184478304.000
08/29/2013	8.89	8.89	8.43	8.51	5271846	90669680.000
08/30/2013	8.54	8.58	7.99	7.99	3283515	54040380.000
09/02/2013	7.80	7.82	7.19	7.40	3506244	51937592.000
09/03/2013	7.33	7.53	7.33	7.49	1613196	24045216.000
09/04/2013	7.52	7.57	7.31	7.40	1736993	25718210.000
09/05/2013	7.37	7.50	7.35	7.45	1525455	22716990.000
09/06/2013	7.47	7.51	7.38	7.44	1421800	21196326.000
09/09/2013	7.44	7.78	7.30	7.58	2593535	39226548.000
09/10/2013	7.57	7.63	7.44	7.55	1771154	26624980.000
09/11/2013	7.55	7.55	7.25	7.28	1256952	18469478.000
09/12/2013	7.29	7.44	7.26	7.30	709448	10418270.000
09/13/2013	7.30	7.44	7.30	7.35	788796	11636303.000
09/16/2013	7.30	7.40	7.30	7.36	894088	13146279.000
09/17/2013	7.36	7.36	7.12	7.12	1152906	16583619.000
09/18/2013	7.13	7.23	7.12	7.19	589367	8471819.000
09/23/2013	7.12	7.55	7.12	7.43	1869550	27429574.000
09/24/2013	7.39	7.45	7.32	7.39	1598154	23588876.000
09/25/2013	7.39	7.39	7.25	7.28	1002793	14659247.000
09/26/2013	7.23	7.33	7.14	7.16	1115301	16223140.000
09/27/2013	7.18	7.28	7.14	7.17	883523	12703093.000
09/30/2013	7.17	7.32	7.17	7.32	1293754	18856608.000
10/08/2013	7.34	7.46	7.34	7.43	956937	14175919.000
10/09/2013	7.43	8.00	7.43	7.99	2818504	43967684.000
10/10/2013	7.98	8.74	7.85	8.29	3076542	51366024.000
10/11/2013	8.30	8.56	8.11	8.34	1660048	27727890.000
10/14/2013	8.37	8.37	8.04	8.13	1235611	20116474.000
10/15/2013	8.16	8.42	7.95	8.35	1973539	32450052.000
10/16/2013	8.26	8.74	8.09	8.42	2512378	41933804.000
10/17/2013	8.43	8.53	8.21	8.38	1321767	22242208.000
10/18/2013	8.24	8.42	8.24	8.33	625241	10421874.000
10/21/2013	8.33	8.98	8.24	8.92	3079814	53597604.000
10/22/2013	8.89	9.09	8.71	8.77	1643002	29223258.000
10/23/2013	8.72	8.81	8.50	8.53	1657182	28656328.000
10/24/2013	8.54	8.72	8.53	8.61	1209950	20845962.000
10/25/2013	8.69	8.79	8.19	8.30	966640	16461851.000
10/28/2013	8.32	8.41	8.06	8.08	956667	15796319.000
10/29/2013	8.08	8.21	7.27	7.39	2396336	35849400.000
10/30/2013	7.37	7.47	7.24	7.43	1276183	18874880.000
10/31/2013	7.42	7.57	7.34	7.44	805546	12030737.000
11/01/2013	7.49	7.64	7.44	7.59	786237	11891040.000
11/04/2013	7.61	7.86	7.61	7.77	811645	12560109.000
11/05/2013	7.79	7.89	7.66	7.84	400987	6248687.500
11/06/2013	7.93	8.63	7.85	8.63	3074620	52439112.000
11/07/2013	8.68	8.94	8.39	8.39	4627017	79840576.000
11/08/2013	8.19	8.44	7.94	8.25	2291414	37445940.000
11/11/2013	8.32	8.64	8.04	8.04	2385667	39503828.000
11/12/2013	7.29	7.80	7.24	7.77	3599181	53876288.000
11/13/2013	7.59	7.74	7.51	7.62	1178015	17955350.000
11/14/2013	7.50	7.74	7.50	7.74	698649	10703737.000
11/15/2013	7.74	7.88	7.69	7.84	760344	11888096.000
11/18/2013	7.93	7.93	7.62	7.69	2372392	36533460.000
11/19/2013	7.69	7.69	7.43	7.45	1693928	25442702.000
11/20/2013	7.42	7.56	7.22	7.34	3892753	57057440.000
11/21/2013	7.32	7.32	7.09	7.26	1786843	25845506.000
11/22/2013	7.24	7.44	7.22	7.44	2539527	37478736.000
11/25/2013	7.44	7.64	7.34	7.35	3303266	49520180.000
11/26/2013	7.34	7.64	7.24	7.63	2851721	42867308.000
11/27/2013	7.13	7.63	7.13	7.45	7246770	106640232.000
11/28/2013	7.39	7.57	7.38	7.43	1778274	26527528.000
11/29/2013	7.47	7.51	7.39	7.49	1867970	27870118.000
12/02/2013	7.14	7.38	7.13	7.14	2165622	31271880.000
12/03/2013	7.01	7.36	6.49	7.15	3108588	44210772.000
12/04/2013	7.02	7.32	7.01	7.14	1950518	28100172.000
12/05/2013	7.12	7.21	7.05	7.16	1720234	24544422.000
12/06/2013	7.14	7.22	7.12	7.19	743128	10689489.000
12/09/2013	7.20	7.29	7.19	7.28	762124	11065149.000
12/10/2013	7.28	7.72	7.28	7.48	2477027	37353972.000
12/11/2013	7.44	7.51	7.30	7.31	793999	11709115.000
12/12/2013	7.31	7.44	7.15	7.30	541107	7942261.000
12/13/2013	7.22	7.37	7.17	7.32	399103	5836516.500
12/16/2013	7.32	7.49	7.07	7.08	1438752	20754428.000
12/17/2013	7.07	7.21	7.07	7.09	496917	7099907.000
12/18/2013	7.20	7.30	7.06	7.27	808424	11628231.000
12/19/2013	7.26	7.39	7.23	7.23	1019746	14939861.000
12/20/2013	7.31	7.31	7.09	7.22	531742	7617824.500
12/23/2013	7.17	7.30	7.14	7.18	343060	4966110.000
12/24/2013	7.19	7.30	7.17	7.19	698588	10108384.000
12/25/2013	7.24	7.43	7.17	7.41	1028435	15060296.000
12/26/2013	7.41	7.52	7.30	7.41	1176814	17505902.000
12/27/2013	7.35	7.63	7.35	7.57	1280033	19258946.000
12/30/2013	7.49	7.97	7.48	7.68	3170351	49192272.000
12/31/2013	7.68	8.28	7.57	8.23	3993738	64366464.000
01/02/2014	8.14	8.32	7.99	8.26	2618748	42768668.000
01/03/2014	8.24	8.60	8.10	8.26	2890650	48222392.000
01/06/2014	8.21	8.26	7.82	8.01	2020050	32399828.000
01/07/2014	7.94	8.10	7.79	7.98	1494818	23679104.000
01/08/2014	7.93	8.29	7.87	8.17	1043868	16937038.000
01/09/2014	8.16	8.22	7.96	7.99	923523	14926094.000
01/10/2014	7.84	8.07	7.54	7.65	1365200	21385832.000
01/13/2014	7.65	7.99	7.56	7.56	1720119	26734214.000
01/14/2014	7.60	7.83	7.57	7.64	2084339	31835224.000
01/15/2014	7.61	7.83	7.57	7.82	2362111	36149020.000
01/16/2014	7.79	7.79	7.59	7.62	1283068	19678772.000
01/17/2014	7.57	7.69	7.54	7.64	1067208	16198178.000
01/20/2014	7.64	7.73	7.44	7.58	1339774	20405238.000
01/21/2014	7.44	7.62	7.44	7.52	1107584	16614026.000
01/22/2014	7.53	7.64	7.45	7.63	810024	12260769.000
01/23/2014	7.63	7.77	7.60	7.77	1495382	23087364.000
01/24/2014	7.79	8.07	7.73	8.06	1499931	23576360.000
01/27/2014	8.04	8.06	7.86	7.91	1271153	20278172.000
01/28/2014	7.95	7.95	7.69	7.76	858153	13391537.000
01/29/2014	7.70	7.81	7.49	7.78	1420647	21776110.000
01/30/2014	7.74	7.79	7.60	7.79	808249	12437247.000
02/07/2014	7.73	8.04	7.72	7.99	1258083	20005756.000
02/10/2014	7.99	8.12	7.84	8.03	2937030	46999820.000
02/11/2014	7.98	8.09	7.89	7.99	1755560	28082426.000
02/12/2014	7.99	8.59	7.88	8.55	4400594	72379056.000
02/13/2014	8.43	8.47	8.16	8.17	3502903	58169080.000
02/14/2014	8.18	8.37	8.04	8.31	1729507	28324684.000
02/17/2014	8.31	8.57	8.31	8.49	1948634	32975444.000
02/18/2014	8.49	9.03	8.40	8.68	2925284	50886924.000
02/19/2014	8.69	8.77	8.54	8.57	1414791	24433574.000
02/20/2014	8.64	8.69	8.40	8.52	1292402	22103020.000
02/21/2014	8.52	8.52	8.15	8.24	1568387	25941834.000
02/24/2014	8.24	8.38	8.05	8.36	1146655	18829510.000
02/25/2014	8.35	8.62	7.86	8.14	2347472	38597852.000
02/26/2014	8.00	8.19	7.92	8.18	800357	12919758.000
02/27/2014	8.18	8.34	7.99	8.21	1212800	19925350.000
02/28/2014	8.12	8.30	8.07	8.21	766534	12543826.000
03/03/2014	8.21	8.28	8.05	8.24	756022	12381002.000
03/04/2014	8.11	8.26	8.09	8.26	596815	9805495.000
03/05/2014	8.26	8.29	8.12	8.19	671805	11052449.000
03/06/2014	8.10	8.19	7.89	7.99	718141	11462580.000
03/07/2014	7.99	8.09	7.89	7.94	381689	6072742.000
03/10/2014	7.89	7.97	7.70	7.79	585917	9192366.000
03/11/2014	7.82	7.82	7.50	7.71	577356	8864158.000
03/12/2014	7.71	7.74	7.55	7.70	448281	6884948.000
03/13/2014	7.77	7.78	7.65	7.72	354658	5468727.000
03/14/2014	7.74	7.77	7.56	7.74	387691	5943080.000
03/17/2014	7.68	7.89	7.63	7.89	384295	6023425.000
03/18/2014	7.91	8.04	7.85	7.91	446313	7100517.000
03/19/2014	7.91	7.99	7.70	7.80	377547	5882287.000
03/20/2014	7.75	7.82	7.60	7.61	395507	6119704.000
03/21/2014	7.61	7.71	7.50	7.69	350009	5316356.000
03/24/2014	7.69	7.82	7.69	7.69	419518	6502407.500
03/25/2014	7.69	7.93	7.69	7.93	473723	7399425.500
03/26/2014	7.92	7.99	7.78	7.98	517009	8211141.500
03/27/2014	7.92	8.02	7.70	7.70	313471	4917904.500
03/28/2014	7.70	7.83	7.56	7.65	476627	7311071.500
03/31/2014	7.66	7.68	7.17	7.18	693124	10256390.000
04/01/2014	7.23	7.39	7.15	7.34	235320	3450523.750
04/02/2014	7.33	7.44	7.29	7.42	540517	7981801.000
04/03/2014	7.39	7.64	7.39	7.64	433520	6540255.500
04/04/2014	7.59	7.92	7.55	7.78	619805	9626616.000
04/08/2014	7.75	7.83	7.68	7.76	248902	3867788.250
04/09/2014	7.73	7.89	7.73	7.81	326653	5094203.500
04/10/2014	7.72	7.88	7.68	7.68	758854	11738092.000
04/11/2014	7.68	7.78	7.60	7.68	469524	7245770.000
04/14/2014	7.68	7.76	7.65	7.74	262872	4061642.750
04/15/2014	7.70	7.76	7.67	7.68	185318	2860262.000
04/16/2014	7.63	7.74	7.62	7.72	183606	2817293.000
04/17/2014	7.72	7.89	7.64	7.84	762594	11935901.000
04/18/2014	7.89	8.28	7.82	8.15	1668337	26981864.000
04/21/2014	8.14	8.14	7.92	7.93	960379	15437461.000
04/22/2014	7.81	8.01	7.81	7.84	717680	11399613.000
04/23/2014	7.85	8.07	7.85	8.07	629400	10042002.000
04/24/2014	7.99	8.11	7.85	7.92	463791	7391925.000
04/25/2014	7.87	7.92	7.77	7.87	339157	5328081.500
04/28/2014	7.87	7.93	7.63	7.65	529003	8185126.000
04/29/2014	7.59	7.79	7.56	7.76	343158	5268986.000
04/30/2014	7.66	8.08	7.66	8.08	645320	10289824.000
05/05/2014	7.99	8.24	7.99	8.14	755034	12222074.000
05/06/2014	8.13	8.19	7.99	8.09	503635	8149519.500
05/07/2014	8.04	8.20	8.02	8.13	946669	15424642.000
05/08/2014	8.09	8.52	8.02	8.34	2143160	35971816.000
05/09/2014	8.31	8.38	8.14	8.23	797098	13144133.000
05/12/2014	8.23	8.28	7.94	8.12	1249685	20152306.000
05/13/2014	8.10	8.51	8.01	8.49	1379947	22866148.000
05/14/2014	8.45	8.69	8.36	8.57	1699324	28985502.000
05/15/2014	8.52	8.58	8.25	8.38	1155216	19372302.000
05/16/2014	8.31	8.47	8.14	8.44	773347	12886939.000
05/19/2014	8.46	8.46	8.14	8.26	643778	10636375.000
05/20/2014	8.42	8.43	8.24	8.27	506686	8414177.000
05/21/2014	8.27	8.31	8.17	8.31	521188	8624346.000
05/22/2014	8.41	8.47	8.23	8.36	555138	9217799.000
05/23/2014	8.36	8.42	8.15	8.20	771540	12698674.000
05/26/2014	8.16	8.27	8.07	8.14	872490	14208532.000
05/27/2014	8.14	8.22	8.09	8.19	735329	12005827.000
05/28/2014	8.19	8.39	8.09	8.26	996949	16441587.000
05/29/2014	8.22	8.37	8.20	8.27	639135	10592933.000
05/30/2014	8.27	8.57	8.22	8.40	1134817	19072870.000
06/03/2014	8.42	8.55	8.23	8.45	973001	16455111.000
06/04/2014	8.52	8.58	8.35	8.54	1036362	17663792.000
06/05/2014	8.54	9.36	8.51	8.93	4300774	77100136.000
06/06/2014	8.92	9.09	8.77	8.89	3627470	64651412.000
06/09/2014	8.80	9.08	8.80	9.04	2456324	43979588.000
06/10/2014	9.04	9.37	8.97	9.24	4349952	80080784.000
06/11/2014	9.18	9.43	9.09	9.43	2871499	53476692.000
06/12/2014	9.54	9.74	9.11	9.33	3148612	59400072.000
06/13/2014	9.10	9.90	8.98	9.43	7092211	66559872.000
06/16/2014	9.43	9.43	8.87	8.97	10449532	94793088.000
06/17/2014	9.00	9.14	8.90	9.02	3696878	33236438.000
06/18/2014	9.00	9.05	8.71	8.76	4033343	35575868.000
06/19/2014	8.76	8.84	8.30	8.50	3577820	30639008.000
06/20/2014	8.40	8.73	8.40	8.73	3047311	26039836.000
06/23/2014	8.78	9.03	8.71	8.93	4119869	36674568.000
06/24/2014	8.88	9.12	8.88	8.91	3115722	27961084.000
06/25/2014	8.90	9.00	8.80	9.00	2382841	21233514.000
06/26/2014	9.07	9.13	8.91	9.10	2833641	25685248.000
06/27/2014	9.09	9.11	8.97	9.09	2341467	21123150.000
06/30/2014	9.06	9.28	9.04	9.26	3797669	34944876.000
07/01/2014	9.23	9.33	9.16	9.30	3032558	28112146.000
07/02/2014	9.35	9.36	9.23	9.26	2055520	19063558.000
数据来源:通达信
