300164 通源石油 日线
      日期	    开盘	    最高	    最低	    收盘	    成交量	    成交额
01/13/2011	9.51	10.07	9.28	9.91	10825154	626364288.000
01/14/2011	9.46	9.49	8.89	8.89	6344591	337741856.000
01/17/2011	8.57	8.82	8.33	8.59	3279010	165847600.000
01/18/2011	8.42	8.42	8.07	8.24	2287376	112105360.000
01/19/2011	8.24	8.43	8.22	8.40	1615372	79809744.000
01/20/2011	8.38	8.38	8.03	8.07	1357977	66291132.000
01/21/2011	7.90	8.22	7.90	8.02	1345482	64308588.000
01/24/2011	8.04	8.17	7.69	7.69	1069737	50417020.000
01/25/2011	7.69	7.79	7.61	7.72	645705	29612270.000
01/26/2011	7.72	8.03	7.72	7.86	816859	38389780.000
01/27/2011	7.88	8.13	7.84	8.02	586211	27884666.000
01/28/2011	7.99	8.04	7.87	7.95	611752	28921070.000
01/31/2011	7.90	8.44	7.90	8.42	1664934	81724408.000
02/01/2011	8.35	8.36	8.19	8.23	730422	35862936.000
02/09/2011	8.07	8.17	7.95	8.07	642516	30854638.000
02/10/2011	8.11	8.33	8.01	8.32	779164	37982560.000
02/11/2011	8.33	8.39	8.25	8.38	739327	36546980.000
02/14/2011	8.42	8.46	8.28	8.43	773193	38559592.000
02/15/2011	8.41	8.66	8.39	8.41	900866	45530192.000
02/16/2011	8.39	8.58	8.35	8.55	621280	31246584.000
02/17/2011	8.57	8.68	8.50	8.68	863373	44112940.000
02/18/2011	8.81	8.81	8.52	8.56	1049700	53869688.000
02/21/2011	8.57	8.70	8.57	8.66	854054	43789204.000
02/22/2011	8.78	8.87	8.36	8.37	1002683	51110332.000
02/23/2011	8.33	8.47	8.33	8.40	434711	21695652.000
02/24/2011	8.45	8.46	8.24	8.40	650255	32262678.000
02/25/2011	8.40	8.42	8.24	8.35	393738	19443516.000
02/28/2011	8.33	8.47	8.28	8.43	494280	24617832.000
03/01/2011	8.47	8.57	8.37	8.42	652782	32779882.000
03/02/2011	8.43	8.53	8.40	8.50	563397	28319472.000
03/03/2011	8.47	8.67	8.40	8.58	1275054	64826212.000
03/04/2011	8.59	8.67	8.49	8.62	706559	35979440.000
03/07/2011	8.69	8.82	8.53	8.82	1298036	66644440.000
03/08/2011	8.83	9.11	8.83	8.94	2005820	106890248.000
03/09/2011	8.88	8.93	8.77	8.81	625491	32734292.000
03/10/2011	8.78	8.91	8.69	8.70	565841	29530052.000
03/11/2011	8.70	8.80	8.63	8.67	450544	23249384.000
03/14/2011	8.65	8.79	8.63	8.78	367178	19014484.000
03/15/2011	8.80	8.80	8.50	8.61	684621	35081732.000
03/16/2011	8.56	8.66	8.54	8.64	276342	14143961.000
03/17/2011	8.55	8.71	8.51	8.53	409621	20950126.000
03/18/2011	8.59	8.63	8.52	8.53	207282	10524712.000
03/21/2011	8.54	8.70	8.51	8.63	329782	16913716.000
03/22/2011	8.63	8.63	8.46	8.48	348601	17587026.000
03/23/2011	8.53	8.56	8.44	8.54	205343	10375944.000
03/24/2011	8.55	8.66	8.51	8.59	404507	20659026.000
03/25/2011	8.55	8.67	8.51	8.61	301287	15387633.000
03/28/2011	8.61	8.62	8.23	8.24	714494	35691292.000
03/29/2011	8.24	8.24	7.88	7.91	723041	34512044.000
03/30/2011	7.90	7.96	7.80	7.87	230952	10799059.000
03/31/2011	7.83	8.02	7.81	7.98	307367	14559137.000
04/01/2011	7.98	8.03	7.92	8.03	141827	6742073.500
04/06/2011	8.01	8.05	7.90	7.98	182070	8650488.000
04/07/2011	8.00	8.15	7.98	8.07	193560	9306062.000
04/08/2011	8.07	8.13	8.04	8.10	166115	7999657.000
04/11/2011	8.11	8.16	8.06	8.07	224709	10833123.000
04/12/2011	7.98	8.07	7.90	7.90	188139	8874549.000
04/13/2011	7.93	8.03	7.90	8.02	176749	8391173.000
04/14/2011	8.05	8.05	7.88	7.88	161680	7630233.000
04/15/2011	7.88	7.92	7.84	7.90	152931	7174654.000
04/18/2011	7.86	8.02	7.84	7.98	170606	8069918.000
04/19/2011	7.92	7.95	7.70	7.77	412657	19118200.000
04/20/2011	7.81	7.81	7.63	7.76	383709	17545862.000
04/21/2011	7.75	7.77	7.55	7.60	647259	29443822.000
04/22/2011	7.46	7.46	6.83	6.90	2296185	96800704.000
04/25/2011	6.86	6.94	6.79	6.85	785276	32291866.000
04/26/2011	6.84	6.89	6.74	6.79	330449	13472479.000
04/27/2011	6.85	6.91	6.69	6.76	241323	9829797.000
04/28/2011	6.76	6.78	6.48	6.48	485550	19150602.000
04/29/2011	6.53	6.57	6.16	6.55	409101	15732673.000
05/03/2011	6.56	6.61	6.49	6.60	246661	9681548.000
05/04/2011	6.51	6.54	6.35	6.40	188249	7275359.500
05/05/2011	6.36	6.45	6.33	6.39	200005	7663675.000
05/06/2011	6.29	6.38	6.24	6.32	357242	13521108.000
05/09/2011	6.32	6.43	6.30	6.38	184678	7077868.500
05/10/2011	6.37	6.44	6.36	6.44	140309	5385161.500
05/11/2011	6.44	6.50	6.37	6.47	171986	6636979.500
05/12/2011	6.40	6.47	6.32	6.32	203348	7789454.500
05/13/2011	6.33	6.39	6.23	6.37	182051	6881441.500
05/16/2011	6.37	6.39	6.33	6.34	95899	3655727.750
05/17/2011	6.39	6.39	6.30	6.33	118570	4510991.500
05/18/2011	6.37	6.37	6.30	6.35	93900	3577925.500
05/19/2011	6.35	6.39	6.30	6.32	115565	4394310.000
05/20/2011	6.33	6.37	6.24	6.24	156683	5894479.000
05/23/2011	6.23	6.23	5.92	5.98	344763	12474462.000
05/24/2011	5.90	6.14	5.81	6.06	358966	12911343.000
05/26/2011	5.93	5.97	5.81	5.85	268958	9524203.000
05/27/2011	5.86	5.86	5.73	5.75	184378	6408377.000
05/30/2011	5.74	5.85	5.67	5.72	224900	7808621.500
05/31/2011	5.73	5.88	5.72	5.81	125859	4376090.500
06/01/2011	5.78	5.87	5.78	5.87	139439	4902698.000
06/02/2011	5.81	5.87	5.71	5.86	149929	5232637.500
06/03/2011	5.86	5.95	5.85	5.92	125666	4469309.000
06/07/2011	5.87	5.93	5.87	5.92	65349	2322910.750
06/08/2011	5.93	5.93	5.81	5.91	65660	2316697.750
06/09/2011	5.91	5.93	5.84	5.85	224055	7906984.000
06/10/2011	5.86	5.86	5.66	5.76	114038	3254021.000
06/13/2011	5.72	5.79	5.64	5.78	195215	5520972.000
06/14/2011	5.72	5.80	5.72	5.78	93810	2678291.750
06/15/2011	5.76	5.79	5.72	5.75	140029	3980336.000
06/16/2011	5.74	5.74	5.55	5.57	265671	7374970.000
06/17/2011	5.57	5.61	5.47	5.49	73749	2023472.500
06/20/2011	5.49	5.56	5.45	5.49	110820	3014291.750
06/21/2011	5.55	5.61	5.47	5.56	133459	3651239.750
06/22/2011	5.55	5.56	5.45	5.46	72831	1985167.750
06/23/2011	5.49	5.73	5.46	5.70	337421	9442766.000
06/24/2011	5.69	5.84	5.66	5.82	333929	9554776.000
06/27/2011	5.84	6.04	5.77	5.98	444088	13074524.000
06/28/2011	5.87	5.98	5.87	5.95	172497	5042468.000
06/29/2011	5.98	6.06	5.93	5.98	352884	10500340.000
06/30/2011	5.91	6.14	5.88	6.13	301003	9027254.000
07/01/2011	6.05	6.24	6.05	6.18	304845	9267735.000
07/05/2011	6.32	6.38	6.22	6.26	429611	13305678.000
07/06/2011	6.23	6.32	6.18	6.28	229260	7066827.500
07/07/2011	6.25	6.47	6.23	6.31	530876	16566663.000
07/08/2011	6.28	6.34	6.26	6.30	220660	6849296.000
07/11/2011	6.29	6.29	6.15	6.25	470542	14409740.000
07/12/2011	6.22	6.39	6.12	6.31	636027	19902586.000
07/13/2011	6.40	6.46	6.31	6.42	451728	14294489.000
07/14/2011	6.43	6.57	6.43	6.56	443403	14235866.000
07/15/2011	6.57	6.64	6.47	6.57	278838	9045243.000
07/18/2011	6.69	6.77	6.49	6.50	487734	15839649.000
07/19/2011	6.49	6.53	6.37	6.39	427063	13521235.000
07/20/2011	6.41	6.59	6.41	6.58	504827	16189440.000
07/21/2011	6.59	7.01	6.53	6.99	1049632	35221052.000
07/22/2011	6.89	6.99	6.79	6.89	713451	24084688.000
07/25/2011	6.88	6.92	6.68	6.70	869255	28967556.000
07/26/2011	6.70	6.70	6.44	6.54	363529	11694239.000
07/27/2011	6.54	6.76	6.45	6.71	301877	9888309.000
07/28/2011	6.60	6.79	6.59	6.75	276051	9133784.000
07/29/2011	6.76	6.78	6.62	6.67	196719	6467263.000
08/01/2011	6.54	6.75	6.54	6.70	272872	8974241.000
08/02/2011	6.73	6.73	6.49	6.73	254033	8276902.500
08/03/2011	6.68	6.81	6.64	6.78	192211	6404095.000
08/04/2011	6.81	6.81	6.70	6.78	273192	9113655.000
08/05/2011	6.61	6.90	6.51	6.87	500876	16609815.000
08/08/2011	6.71	6.85	6.40	6.73	598017	19672516.000
08/09/2011	6.51	6.69	6.20	6.58	305551	9839324.000
08/10/2011	6.58	6.91	6.58	6.81	636320	21313938.000
08/11/2011	6.80	7.15	6.72	7.12	651206	22374744.000
08/12/2011	7.16	7.17	7.00	7.01	509033	17688126.000
08/15/2011	6.99	7.13	6.92	7.03	758650	26143974.000
08/16/2011	7.07	7.08	6.93	6.97	255760	8813920.000
08/17/2011	7.02	7.02	6.92	6.98	384015	13137834.000
08/18/2011	7.01	7.01	6.84	6.89	276260	9408537.000
08/19/2011	6.61	6.86	6.55	6.78	526932	17515438.000
08/22/2011	6.78	7.03	6.78	6.87	403149	13724858.000
08/23/2011	6.91	7.01	6.82	6.98	180953	6169096.000
08/24/2011	7.05	7.33	7.05	7.26	857399	30487938.000
08/25/2011	7.26	7.29	7.07	7.16	467686	16471237.000
08/26/2011	7.16	7.26	7.07	7.24	205214	7280187.000
08/29/2011	7.16	7.41	7.16	7.35	502828	18073418.000
08/30/2011	7.42	7.43	7.07	7.17	314811	11205752.000
08/31/2011	7.11	7.20	6.93	6.99	366862	12616950.000
09/01/2011	7.11	7.11	6.91	6.97	177144	6082971.500
09/02/2011	6.92	6.93	6.83	6.92	112061	3799666.750
09/05/2011	6.84	7.01	6.81	6.88	253603	8587516.000
09/06/2011	6.90	6.95	6.84	6.89	113061	3835327.750
09/07/2011	6.95	7.11	6.90	7.11	143399	4961650.000
09/08/2011	7.11	7.19	6.92	7.03	115000	3991676.000
09/09/2011	6.94	7.09	6.80	6.88	190174	6462853.000
09/13/2011	6.78	6.86	6.54	6.67	141106	4668203.000
09/14/2011	6.70	6.77	6.53	6.70	148146	4852739.000
09/15/2011	6.70	6.80	6.65	6.65	109588	3619675.750
09/16/2011	6.72	6.74	6.65	6.68	59480	1958919.375
09/19/2011	6.66	6.66	6.55	6.55	69020	2242391.250
09/20/2011	6.59	6.80	6.55	6.74	150600	4959282.000
09/21/2011	6.65	6.92	6.65	6.87	342101	11470462.000
09/22/2011	6.89	6.89	6.54	6.61	191561	6301735.000
09/23/2011	6.53	6.53	6.28	6.44	367435	11591849.000
09/26/2011	6.33	6.46	6.20	6.34	415419	12963048.000
09/27/2011	6.35	6.38	6.20	6.24	249891	7721954.000
09/28/2011	6.30	6.36	6.11	6.14	110842	3396462.750
09/29/2011	6.07	6.13	5.76	6.13	319197	9336224.000
09/30/2011	5.97	6.07	5.86	6.06	143820	4231348.500
10/10/2011	6.04	6.04	5.86	5.86	84839	2484279.500
10/11/2011	6.07	6.07	5.80	5.86	68780	2006118.250
10/12/2011	5.75	6.11	5.75	6.01	259599	7695197.500
10/13/2011	6.07	6.33	6.05	6.23	307870	9456066.000
10/14/2011	6.24	6.28	6.08	6.18	123073	3739226.750
10/17/2011	6.32	6.32	6.12	6.21	62620	1913258.375
10/18/2011	6.20	6.20	6.04	6.09	107430	3242296.750
10/19/2011	6.15	6.15	5.97	6.03	94720	2821342.750
10/20/2011	5.98	6.07	5.94	6.03	202691	6033241.000
10/21/2011	6.01	6.03	5.80	5.86	165870	4823873.000
10/24/2011	5.93	6.00	5.83	5.99	199792	5836566.000
10/25/2011	6.03	6.24	5.99	6.19	222905	6749943.500
10/26/2011	6.28	6.28	6.04	6.22	515440	15667776.000
10/27/2011	6.15	6.22	6.08	6.12	227490	6893179.000
10/28/2011	6.20	6.23	6.09	6.17	260888	7945066.000
10/31/2011	6.26	6.26	6.18	6.25	203381	6246149.500
11/01/2011	6.16	6.28	6.11	6.22	179350	5498759.500
11/02/2011	6.16	6.39	6.08	6.39	551793	16971146.000
11/03/2011	6.39	6.79	6.36	6.58	911941	29562154.000
11/04/2011	6.59	6.69	6.54	6.63	290587	9444137.000
11/07/2011	6.68	6.79	6.39	6.64	398243	13160573.000
11/08/2011	6.65	6.78	6.60	6.68	429358	14192328.000
11/09/2011	6.69	6.96	6.69	6.95	673417	22736624.000
11/10/2011	6.87	6.95	6.79	6.83	501639	16950388.000
11/11/2011	6.89	6.89	6.74	6.81	348785	11701981.000
11/14/2011	6.88	6.98	6.81	6.97	413556	14089591.000
11/15/2011	6.99	7.15	6.91	7.10	515371	17915668.000
11/16/2011	7.09	7.10	6.81	6.91	390282	13323849.000
11/17/2011	6.86	7.10	6.85	7.02	336202	11553453.000
11/18/2011	7.02	7.02	6.61	6.80	308568	10316978.000
11/21/2011	6.78	6.80	6.59	6.71	184149	6049026.000
11/22/2011	6.69	6.74	6.53	6.62	470889	15346816.000
11/23/2011	6.65	6.69	6.59	6.64	284300	9287072.000
11/24/2011	6.47	6.67	6.39	6.63	232669	7507325.000
11/25/2011	6.63	6.69	6.57	6.63	180576	5901681.500
11/28/2011	6.63	6.69	6.55	6.66	126466	4134922.500
11/29/2011	6.70	6.73	6.60	6.73	201856	6638703.500
11/30/2011	6.68	6.76	6.33	6.48	362172	11709666.000
12/01/2011	6.61	6.70	6.50	6.52	284390	9279691.000
12/02/2011	6.51	6.56	6.39	6.52	182533	5829125.500
12/05/2011	6.51	6.65	6.28	6.34	129283	4081717.500
12/06/2011	6.27	6.43	6.09	6.38	117690	3659108.500
12/07/2011	6.41	6.43	6.28	6.36	73431	2291367.000
12/08/2011	6.29	6.49	6.29	6.44	106430	3353200.750
12/09/2011	6.44	6.44	6.19	6.31	142200	4452699.500
12/12/2011	6.34	6.34	6.10	6.10	117330	3586405.000
12/13/2011	5.97	6.06	5.76	5.76	311264	9013127.000
12/14/2011	5.80	5.80	5.48	5.51	497062	13868066.000
12/15/2011	5.46	5.55	5.40	5.47	224140	6049105.500
12/16/2011	5.48	5.67	5.45	5.66	222893	6130604.500
12/19/2011	5.65	5.66	5.49	5.64	233262	6412519.000
12/20/2011	5.59	5.72	5.57	5.66	140049	3925076.000
12/21/2011	5.70	5.77	5.50	5.50	184700	5161382.000
12/22/2011	5.50	5.54	5.16	5.35	336939	8827943.000
12/23/2011	5.31	5.49	5.31	5.43	116686	3131461.000
12/26/2011	5.35	5.50	5.34	5.42	152336	4097194.500
12/27/2011	5.23	5.43	5.23	5.24	94977	2498362.750
12/28/2011	5.13	5.33	5.07	5.17	125501	3209072.000
12/29/2011	5.21	5.32	5.21	5.26	130221	3396479.250
12/30/2011	5.26	5.38	5.26	5.31	161022	4235913.500
01/04/2012	5.41	5.60	5.29	5.29	218519	5930342.000
01/05/2012	5.27	5.40	4.99	5.21	279020	7155290.500
01/06/2012	5.15	5.24	5.07	5.21	104488	2668449.500
01/09/2012	5.26	5.41	5.10	5.38	376670	9961236.000
01/10/2012	5.31	5.53	5.31	5.52	482619	13049601.000
01/11/2012	5.45	5.74	5.45	5.65	607813	16689874.000
01/12/2012	5.61	5.66	5.49	5.51	440915	12104497.000
01/13/2012	5.57	5.82	5.47	5.51	738859	20573846.000
01/16/2012	5.26	5.50	5.21	5.21	385518	10151328.000
01/17/2012	5.14	5.41	4.75	5.38	700149	17931828.000
01/18/2012	5.46	5.86	5.14	5.45	752764	20098874.000
01/19/2012	5.32	5.42	5.04	5.16	883371	22716210.000
01/20/2012	5.16	5.16	4.97	5.14	799175	20088902.000
01/30/2012	5.15	5.34	5.10	5.27	895847	23282816.000
01/31/2012	5.22	5.26	5.14	5.22	235166	6063276.000
02/01/2012	5.22	5.37	5.18	5.24	381111	9999402.000
02/02/2012	5.19	5.34	5.19	5.34	308678	8078059.000
02/03/2012	5.34	5.56	5.30	5.54	573549	15520163.000
02/06/2012	5.49	5.74	5.49	5.66	736655	20634956.000
02/07/2012	5.65	5.65	5.49	5.54	421953	11581375.000
02/08/2012	5.55	5.72	5.55	5.70	445380	12499965.000
02/09/2012	5.68	5.78	5.45	5.66	896765	25154490.000
02/10/2012	5.61	5.76	5.60	5.75	513676	14503686.000
02/13/2012	5.68	6.06	5.66	5.96	834069	24560334.000
02/14/2012	5.97	6.01	5.89	5.94	382676	11221986.000
02/15/2012	5.91	6.00	5.91	5.95	466422	13740024.000
02/16/2012	5.98	5.99	5.73	5.84	1019920	29523726.000
02/17/2012	5.84	5.86	5.68	5.83	510038	14554657.000
02/20/2012	5.91	5.94	5.82	5.88	691653	20147122.000
02/21/2012	5.89	6.05	5.88	6.05	943745	27920134.000
02/22/2012	6.08	6.26	6.07	6.18	1021693	31138122.000
02/23/2012	6.21	6.35	6.19	6.23	999892	30867718.000
02/24/2012	6.20	6.41	6.20	6.32	814126	25433092.000
02/27/2012	6.38	6.61	6.32	6.52	1499291	47852340.000
02/28/2012	6.49	6.59	6.41	6.49	1056945	33849376.000
02/29/2012	6.50	6.52	6.26	6.28	993562	31022974.000
03/01/2012	6.30	6.46	6.22	6.41	977123	30579354.000
03/02/2012	6.46	6.46	6.18	6.36	2585899	80171944.000
03/05/2012	6.31	6.39	6.24	6.27	1649975	51225172.000
03/06/2012	6.24	6.33	6.23	6.28	951843	29543696.000
03/07/2012	6.19	6.31	6.18	6.18	828954	25609148.000
03/08/2012	6.18	6.28	6.18	6.26	629530	19417386.000
03/09/2012	6.32	6.33	6.23	6.32	687307	21329064.000
03/12/2012	6.34	6.36	6.26	6.36	955952	29796538.000
03/13/2012	6.36	6.39	6.31	6.38	704505	22097440.000
03/14/2012	6.42	6.48	5.88	6.04	1527070	47541484.000
03/15/2012	6.07	6.15	5.99	6.06	646395	19438900.000
03/16/2012	6.06	6.32	6.06	6.29	961432	29295436.000
03/19/2012	6.59	6.70	6.32	6.56	2619740	84172328.000
03/20/2012	6.59	6.61	6.40	6.42	1678015	53727800.000
03/21/2012	6.42	6.63	6.35	6.62	1691523	54105892.000
03/22/2012	6.61	6.86	6.53	6.77	2489627	82836328.000
03/23/2012	6.76	6.76	6.45	6.52	1088533	35562400.000
03/26/2012	6.46	6.52	6.39	6.47	477957	15213717.000
03/27/2012	6.52	6.55	6.39	6.41	472263	15044321.000
03/29/2012	5.99	6.04	5.76	5.76	1091608	31654980.000
03/30/2012	5.66	5.76	5.35	5.52	1143998	31458950.000
04/05/2012	5.53	5.74	5.50	5.74	658989	18435964.000
04/06/2012	5.77	5.80	5.69	5.75	448061	12748499.000
04/09/2012	5.73	5.90	5.55	5.72	493067	14067856.000
04/10/2012	5.66	5.74	5.51	5.73	335033	9306468.000
04/11/2012	5.69	5.74	5.52	5.68	217105	6097626.000
04/12/2012	5.71	5.86	5.70	5.85	559614	16054124.000
04/13/2012	5.82	5.97	5.81	5.96	640969	18767420.000
04/16/2012	5.97	5.97	5.87	5.90	269124	7878838.500
04/17/2012	5.88	5.99	5.80	5.82	396085	11498197.000
04/18/2012	5.85	5.99	5.85	5.99	280550	8236072.000
04/19/2012	5.99	6.26	5.93	6.15	1262419	38176080.000
04/20/2012	6.12	6.23	6.11	6.18	494088	15070361.000
04/23/2012	6.07	6.13	5.97	6.01	649455	19390678.000
04/24/2012	5.86	6.16	5.76	5.88	430983	12534687.000
04/25/2012	5.86	5.94	5.82	5.91	291708	8484065.000
04/26/2012	5.92	5.94	5.84	5.84	324169	9461738.000
04/27/2012	5.86	6.04	5.81	5.94	278224	8154109.000
05/02/2012	6.15	6.16	5.94	6.09	527625	15787920.000
05/03/2012	5.99	6.15	5.99	6.03	512918	15357951.000
05/04/2012	6.04	6.28	6.03	6.23	422158	12910109.000
05/07/2012	6.24	6.38	6.10	6.35	721502	22219156.000
05/08/2012	6.34	6.61	6.25	6.41	1050896	33512962.000
05/09/2012	6.41	6.43	6.24	6.32	432458	13496197.000
05/10/2012	6.44	6.44	6.32	6.37	348730	10965161.000
05/11/2012	6.34	6.38	6.25	6.29	270210	8422932.000
05/14/2012	6.32	6.43	6.24	6.38	336368	10521562.000
05/15/2012	6.26	6.38	6.25	6.37	364771	11429904.000
05/16/2012	6.40	6.40	6.28	6.38	453860	14286478.000
05/17/2012	6.29	6.47	6.29	6.40	899814	14099949.000
05/18/2012	6.37	6.39	6.01	6.13	897487	13467900.000
05/21/2012	6.10	6.27	6.09	6.22	562467	8508135.000
05/22/2012	6.18	6.29	6.18	6.22	362096	5514518.000
05/23/2012	6.23	6.28	6.11	6.19	361800	5504802.500
05/24/2012	6.14	6.20	6.10	6.13	421291	6318832.500
05/25/2012	6.13	6.14	5.84	5.84	676600	9838415.000
05/28/2012	5.76	5.97	5.64	5.93	470107	6644852.500
05/29/2012	5.91	6.01	5.89	5.99	589523	8554092.000
05/30/2012	5.98	6.00	5.91	5.94	185350	2699124.000
05/31/2012	5.89	6.01	5.86	5.98	518909	7510727.000
06/01/2012	5.99	6.34	5.94	6.05	307908	4581482.500
06/04/2012	5.91	5.91	5.77	5.82	261497	3738826.750
06/05/2012	5.80	5.88	5.70	5.72	272140	3841663.000
06/06/2012	5.84	5.89	5.64	5.69	220600	3070405.250
06/07/2012	5.72	5.74	5.64	5.67	152101	2112862.750
06/08/2012	5.64	5.76	5.64	5.74	301215	4217201.000
06/11/2012	5.72	5.92	5.72	5.82	262800	3762132.750
06/12/2012	5.78	5.90	5.61	5.89	649357	9214776.000
06/13/2012	5.86	6.12	5.79	6.11	445499	6526517.500
06/14/2012	6.11	6.20	5.93	6.04	470801	7028722.000
06/15/2012	6.00	6.14	5.97	6.07	176224	2607089.500
06/18/2012	6.07	6.33	6.07	6.21	1017583	15488522.000
06/19/2012	6.21	6.34	6.14	6.18	297327	4514824.500
06/20/2012	6.14	6.30	6.12	6.19	916022	13850482.000
06/21/2012	6.18	6.18	6.03	6.12	398399	5927784.000
06/25/2012	6.07	6.07	5.84	5.95	365027	5286901.000
06/26/2012	5.77	6.13	5.76	6.01	538954	7928699.000
06/27/2012	6.03	6.62	6.03	6.45	6171389	97429040.000
06/28/2012	6.33	6.38	6.06	6.06	3105700	47309296.000
06/29/2012	6.09	6.09	5.80	5.97	1529521	22189378.000
07/02/2012	6.05	6.09	5.93	5.97	1105804	16256609.000
07/03/2012	6.01	6.35	5.98	6.35	3319666	50693536.000
07/04/2012	6.43	6.46	6.09	6.14	2086091	31863870.000
07/05/2012	6.19	6.28	6.04	6.20	939160	14180137.000
07/06/2012	6.32	6.32	5.90	6.20	1254597	18792228.000
07/09/2012	6.16	6.16	5.82	5.82	1323762	19323456.000
07/10/2012	5.80	5.87	5.65	5.66	695493	9746980.000
07/11/2012	5.68	5.76	5.64	5.76	469873	6563939.000
07/12/2012	5.72	5.91	5.67	5.85	368619	5265964.000
07/13/2012	5.85	5.96	5.85	5.86	419281	6072038.500
07/16/2012	6.01	6.11	5.72	5.86	953924	13920209.000
07/17/2012	5.74	6.06	5.74	6.01	790079	11422617.000
07/18/2012	5.94	6.34	5.85	6.22	2169480	32749582.000
07/19/2012	6.21	6.44	6.15	6.38	1653236	25534394.000
07/20/2012	6.36	6.64	6.26	6.39	1964490	31223300.000
07/23/2012	6.26	6.47	6.20	6.31	961755	14897028.000
07/24/2012	6.26	6.59	6.25	6.50	1178544	18659280.000
07/25/2012	6.44	6.75	6.36	6.64	1904984	30661906.000
07/26/2012	6.74	6.74	6.31	6.39	1644758	26114878.000
07/27/2012	6.45	6.49	6.31	6.36	596444	9311305.000
07/30/2012	6.30	6.49	6.20	6.26	946173	14546168.000
07/31/2012	6.26	6.26	6.11	6.16	657533	9908906.000
08/01/2012	6.23	6.67	6.21	6.67	1647134	26243242.000
08/02/2012	6.55	6.68	6.52	6.62	1451541	23414734.000
08/03/2012	6.62	7.12	6.61	6.97	3904716	66018180.000
08/06/2012	6.93	7.21	6.84	7.14	2617039	44978828.000
08/07/2012	7.11	7.44	7.05	7.31	3820472	68118488.000
08/08/2012	7.24	7.30	7.09	7.19	1294267	22624200.000
08/09/2012	7.17	7.67	7.16	7.54	2966114	53828060.000
08/10/2012	7.49	7.84	7.49	7.65	2457979	46164792.000
08/13/2012	7.63	7.63	7.26	7.27	2072419	37502704.000
08/14/2012	7.27	7.72	7.22	7.59	3660846	66490180.000
08/15/2012	7.58	7.74	7.34	7.36	2469287	45304256.000
08/16/2012	7.25	7.32	7.18	7.18	969886	17087076.000
08/17/2012	7.13	7.36	7.05	7.19	2173562	38333144.000
08/20/2012	7.09	7.42	7.04	7.38	1340768	23778132.000
08/21/2012	7.36	7.66	7.29	7.41	2819151	51726784.000
08/22/2012	7.42	7.83	7.39	7.73	3102621	57720984.000
08/23/2012	7.59	7.72	7.44	7.53	2125046	39090728.000
08/24/2012	7.48	7.48	7.20	7.20	1669174	29605976.000
08/27/2012	7.20	7.50	7.03	7.14	2155798	38214496.000
08/28/2012	7.04	7.34	7.03	7.27	1000624	17425874.000
08/29/2012	7.25	7.43	7.13	7.16	537004	9520131.000
08/30/2012	7.16	7.16	6.58	6.70	2504568	41875792.000
08/31/2012	6.69	6.92	6.69	6.85	951826	15848056.000
09/03/2012	6.85	7.22	6.80	7.21	1036619	17883778.000
09/04/2012	7.21	7.42	7.12	7.12	731392	12915943.000
09/05/2012	7.05	7.30	7.03	7.14	524045	9160307.000
09/06/2012	7.21	7.34	7.05	7.14	666942	11621765.000
09/07/2012	7.24	7.55	7.17	7.46	2038190	36748360.000
09/10/2012	7.30	7.73	7.25	7.67	2684248	49258852.000
09/11/2012	7.69	7.80	7.38	7.45	2174385	40125756.000
09/12/2012	7.45	7.55	7.39	7.48	1457345	26515478.000
09/13/2012	7.48	7.68	7.39	7.47	1705838	31439410.000
09/14/2012	7.59	7.66	7.06	7.21	1869930	33120136.000
09/17/2012	7.24	7.24	6.99	7.01	960617	16504999.000
09/18/2012	6.97	7.08	6.94	7.01	530880	9059799.000
09/19/2012	7.14	7.21	7.00	7.09	728869	12625141.000
09/20/2012	7.09	7.10	6.72	6.78	830851	13915094.000
09/21/2012	6.76	6.91	6.49	6.51	1088612	17922616.000
09/24/2012	6.48	6.62	6.48	6.59	922425	14759869.000
09/25/2012	6.51	6.70	6.51	6.62	422622	6842800.500
09/26/2012	6.62	6.62	6.17	6.31	1442999	22330580.000
09/27/2012	6.29	6.54	6.21	6.51	1400791	21989504.000
09/28/2012	6.46	6.55	6.39	6.54	849291	13416362.000
10/08/2012	6.53	6.88	6.48	6.85	1343889	22110438.000
10/09/2012	6.84	7.10	6.81	6.93	1013531	17206952.000
10/10/2012	6.86	7.04	6.85	6.99	816771	13935612.000
10/11/2012	6.99	6.99	6.74	6.78	906390	15133527.000
10/12/2012	6.84	6.96	6.79	6.94	407194	6822754.500
10/15/2012	6.85	6.88	6.56	6.74	638003	10393395.000
10/16/2012	6.74	6.86	6.69	6.86	646588	10727797.000
10/17/2012	6.84	6.89	6.70	6.80	814697	13444199.000
10/18/2012	6.82	6.95	6.82	6.93	659859	11136348.000
10/19/2012	6.93	7.01	6.91	6.99	591284	10050231.000
10/22/2012	6.97	7.21	6.89	7.09	1366600	23516424.000
10/23/2012	7.13	7.16	6.97	6.99	646613	11118293.000
10/24/2012	6.85	7.02	6.51	6.53	1098727	17993668.000
10/25/2012	6.59	6.67	6.52	6.56	696875	11194237.000
10/26/2012	6.53	6.56	6.21	6.46	701620	10998509.000
10/29/2012	6.46	6.63	6.46	6.56	399304	6411756.500
10/30/2012	6.66	6.91	6.53	6.87	708547	11646563.000
10/31/2012	6.89	6.89	6.59	6.65	721860	11806812.000
11/01/2012	6.71	6.75	6.56	6.69	555722	9080586.000
11/02/2012	6.68	6.74	6.63	6.71	368636	6008194.000
11/05/2012	6.63	6.72	6.58	6.61	360168	5841650.500
11/06/2012	6.74	6.92	6.70	6.80	2055852	34264664.000
11/07/2012	6.81	6.82	6.68	6.80	563039	9294388.000
11/08/2012	6.72	6.79	6.47	6.58	573488	9251396.000
11/09/2012	6.54	6.64	6.50	6.56	136742	2197244.500
11/12/2012	6.49	6.69	6.49	6.68	266605	4303457.500
11/13/2012	6.71	6.71	6.41	6.46	205640	3281287.750
11/14/2012	6.25	6.46	6.25	6.43	476108	7379942.500
11/15/2012	6.34	6.60	6.28	6.46	430780	6820452.500
11/16/2012	6.54	6.66	6.35	6.49	300636	4788549.000
11/19/2012	6.51	6.58	6.41	6.47	236499	3746260.750
11/20/2012	6.51	6.53	6.44	6.48	269702	4270675.500
11/21/2012	6.50	6.50	6.33	6.40	330209	5162451.000
11/22/2012	6.45	6.49	6.30	6.38	209911	3280804.250
11/23/2012	6.39	6.59	6.30	6.32	294347	4600850.500
11/26/2012	6.21	6.34	6.02	6.02	339957	5097321.500
11/27/2012	5.97	5.97	5.72	5.73	628001	8925410.000
11/28/2012	5.66	5.84	5.51	5.68	318813	4443475.000
11/29/2012	5.66	5.78	5.47	5.50	235602	3232230.250
11/30/2012	5.53	5.72	5.53	5.68	453712	6298299.000
12/03/2012	5.72	5.72	5.51	5.52	172100	2376501.250
12/04/2012	5.55	5.64	5.45	5.63	378207	5110768.000
12/05/2012	5.63	5.89	5.55	5.80	656114	9283876.000
12/06/2012	5.74	5.84	5.66	5.70	378399	5302127.500
12/07/2012	5.76	5.80	5.66	5.77	897305	12597459.000
12/10/2012	5.81	5.97	5.75	5.94	1742104	24906796.000
12/11/2012	5.82	5.89	5.79	5.81	619227	8842415.000
12/12/2012	5.80	5.90	5.73	5.85	694744	9847364.000
12/13/2012	5.81	5.84	5.61	5.64	1002186	13978334.000
12/14/2012	5.64	5.90	5.63	5.89	1362170	19349084.000
12/17/2012	5.89	6.01	5.84	5.98	952125	13794324.000
12/18/2012	5.99	6.12	5.93	6.07	939467	13857094.000
12/19/2012	6.03	6.33	6.01	6.14	1020748	15428559.000
12/20/2012	6.09	6.28	5.98	6.20	753613	11339025.000
12/21/2012	6.20	6.34	6.14	6.29	926657	14162919.000
12/24/2012	6.26	6.36	6.18	6.21	649468	9951190.000
12/25/2012	6.21	6.37	6.11	6.34	1550148	23753656.000
12/26/2012	6.31	6.59	6.31	6.53	789068	12468644.000
12/27/2012	6.64	6.69	6.46	6.51	824479	13184784.000
12/28/2012	6.47	6.51	6.26	6.41	1267485	19698634.000
12/31/2012	6.41	6.46	6.19	6.30	2108677	32275274.000
01/04/2013	6.34	6.41	6.28	6.39	928725	14420785.000
01/07/2013	6.36	6.51	6.30	6.49	544960	8527576.000
01/08/2013	6.46	6.64	6.43	6.61	1060113	16974674.000
01/09/2013	6.62	6.75	6.48	6.51	1818238	29429872.000
01/10/2013	6.51	6.55	6.34	6.39	1253960	19723238.000
01/11/2013	6.46	6.60	6.19	6.24	1921438	29950504.000
01/14/2013	6.24	6.62	6.17	6.58	5407610	84987928.000
01/15/2013	6.55	6.78	6.51	6.66	3841656	62069412.000
01/16/2013	6.64	6.68	6.46	6.52	2036785	32446500.000
01/17/2013	6.55	6.98	6.55	6.86	4788550	79226672.000
01/18/2013	6.94	6.94	6.70	6.89	2719127	45380628.000
01/21/2013	6.86	6.93	6.77	6.87	1855432	31021440.000
01/22/2013	6.87	7.16	6.70	6.73	3485845	59060628.000
01/23/2013	6.74	6.92	6.68	6.82	1906229	31561734.000
01/24/2013	6.75	6.84	6.51	6.52	1620973	26435922.000
01/25/2013	6.54	6.73	6.49	6.67	765804	12408190.000
01/28/2013	6.14	6.62	6.14	6.51	5095059	80409264.000
01/29/2013	6.48	6.74	6.44	6.60	2296642	36935232.000
01/30/2013	6.64	6.91	6.64	6.79	2661226	44054884.000
01/31/2013	6.76	6.78	6.58	6.74	1104577	17949920.000
02/01/2013	6.76	7.11	6.68	7.04	3699337	62772144.000
06/03/2013	7.74	7.74	7.74	7.74	281256	3498824.750
06/04/2013	8.52	8.52	8.52	8.52	626860	8575445.000
06/05/2013	9.38	9.38	9.38	9.38	4481742	67450216.000
06/06/2013	9.66	10.15	9.55	10.06	27615650	433831968.000
06/07/2013	9.93	10.28	9.71	9.81	16566423	264297472.000
06/13/2013	9.51	9.51	8.83	9.23	10026845	147299184.000
06/14/2013	9.19	9.81	9.12	9.66	8271250	125100760.000
06/17/2013	9.55	9.77	9.42	9.63	6063282	93086280.000
06/18/2013	9.51	9.63	8.89	9.04	5676928	83124080.000
06/19/2013	9.03	9.04	8.53	8.91	3892297	54647456.000
06/20/2013	8.78	9.09	8.56	8.91	4207277	59556412.000
06/21/2013	8.66	9.26	8.54	9.08	3389834	48664752.000
06/24/2013	9.03	9.03	8.17	8.53	5443639	73782352.000
06/25/2013	8.40	8.68	7.69	8.66	4708409	62844792.000
06/26/2013	8.57	9.53	8.47	9.34	5908156	86057120.000
06/27/2013	9.28	9.47	8.91	9.42	3636909	54087676.000
06/28/2013	9.33	9.58	8.64	9.24	2657080	39520176.000
07/01/2013	9.10	9.34	8.97	9.24	2566835	37817680.000
07/02/2013	9.29	9.39	9.16	9.22	2398962	35704532.000
07/03/2013	9.19	9.21	8.61	8.83	2904439	41178516.000
07/04/2013	8.76	8.84	8.41	8.66	4028045	55499132.000
07/05/2013	8.59	9.08	8.52	8.74	3249910	45832352.000
07/08/2013	8.54	8.60	8.00	8.25	2445048	32570810.000
07/09/2013	8.24	8.44	8.22	8.38	1189235	15878608.000
07/10/2013	8.36	8.84	8.28	8.68	2238654	31255186.000
07/11/2013	8.60	9.27	8.60	9.11	2480975	36070440.000
07/12/2013	9.05	9.34	8.97	9.17	2616540	38443304.000
07/15/2013	9.14	9.86	9.09	9.78	5155485	79909120.000
07/16/2013	9.78	10.27	9.66	10.00	3181012	51264680.000
07/17/2013	9.84	9.96	9.56	9.66	3571507	55603760.000
07/18/2013	9.69	9.69	9.36	9.59	1815672	27705844.000
07/19/2013	9.53	9.83	9.39	9.58	3219301	49445052.000
07/22/2013	9.84	10.21	9.59	10.16	4539785	72753928.000
07/23/2013	10.16	10.78	9.91	10.59	7032788	118702304.000
07/24/2013	10.47	10.69	10.34	10.49	3350710	56627636.000
07/25/2013	10.41	10.57	9.66	9.92	4111677	66450376.000
07/26/2013	9.71	9.94	9.40	9.77	1988470	30765152.000
07/29/2013	9.72	9.93	9.48	9.59	1338568	20723308.000
07/30/2013	9.67	9.67	8.86	9.33	1999554	29610184.000
07/31/2013	9.34	9.53	9.25	9.36	1153898	17438838.000
08/01/2013	9.77	10.30	9.60	9.99	7129749	114532800.000
08/02/2013	9.73	9.96	9.61	9.83	3878730	60916024.000
08/05/2013	9.72	9.88	9.41	9.78	2515960	38964596.000
08/06/2013	9.61	9.92	9.57	9.83	2295554	35867376.000
08/07/2013	9.83	9.83	9.43	9.74	2864199	44025560.000
08/08/2013	9.74	9.94	9.58	9.74	1985354	31035250.000
08/09/2013	9.66	9.81	9.41	9.63	1704674	26187692.000
08/12/2013	9.59	9.78	9.36	9.63	2321119	35352300.000
08/13/2013	9.62	9.62	9.41	9.47	1123970	17083860.000
08/14/2013	9.49	9.52	9.22	9.47	1908523	28681012.000
08/15/2013	9.41	9.64	9.41	9.49	1687520	25828716.000
08/16/2013	9.49	9.58	9.06	9.07	2951265	43611992.000
08/19/2013	9.02	9.28	8.69	9.16	1926500	28075628.000
08/20/2013	9.09	9.49	9.08	9.47	2186631	32882034.000
08/21/2013	9.43	9.68	9.39	9.64	1240750	19041724.000
08/22/2013	9.53	9.76	9.45	9.53	733102	11224908.000
08/23/2013	9.51	9.76	9.45	9.61	2022208	31268594.000
08/26/2013	9.74	9.94	9.61	9.83	2345262	36947732.000
08/27/2013	9.72	9.90	9.63	9.76	1426890	22296878.000
08/28/2013	9.64	9.78	9.44	9.66	1939222	30061062.000
08/29/2013	9.54	9.76	9.52	9.61	1136769	17500022.000
08/30/2013	9.66	9.75	9.27	9.41	1349185	20529722.000
09/02/2013	9.34	9.34	8.89	9.08	3718604	53972900.000
09/03/2013	9.08	9.21	9.00	9.21	1883044	27435974.000
09/04/2013	9.13	9.29	9.12	9.28	1025756	15131161.000
09/05/2013	9.22	9.44	9.16	9.43	1277482	18999086.000
09/06/2013	9.34	9.48	9.19	9.28	1097360	16341260.000
09/09/2013	9.29	9.36	9.14	9.29	2160561	32144308.000
09/10/2013	9.33	9.66	8.94	9.39	2669507	39801148.000
09/11/2013	9.39	9.53	9.08	9.19	1558473	22954458.000
09/12/2013	9.19	9.33	9.00	9.10	1265950	18598502.000
09/13/2013	9.10	9.24	9.06	9.16	680164	9997984.000
09/16/2013	9.16	9.25	9.06	9.11	1140457	16751462.000
09/17/2013	9.22	9.25	8.97	9.07	565556	8246965.000
09/18/2013	9.03	9.15	9.03	9.15	648383	9481626.000
09/23/2013	9.21	9.50	9.21	9.41	2188263	32941132.000
09/24/2013	9.36	9.50	9.29	9.39	1262152	19035240.000
09/25/2013	9.36	9.97	9.33	9.87	4096979	63243036.000
09/26/2013	9.84	10.86	9.72	10.86	12082576	208856144.000
09/27/2013	10.91	11.18	10.30	10.60	9936201	169498048.000
09/30/2013	10.38	10.81	10.22	10.48	5123832	85812464.000
10/08/2013	10.46	11.21	10.31	10.90	5315001	91652312.000
10/09/2013	10.77	11.99	10.66	11.58	8311226	155380288.000
10/10/2013	11.51	11.66	10.91	11.47	7098184	129183016.000
10/11/2013	11.37	12.41	11.22	11.98	6469065	124926776.000
10/14/2013	11.96	13.18	11.73	13.18	10500502	217093392.000
10/15/2013	12.96	13.22	12.28	12.59	6684497	135914016.000
10/16/2013	12.34	12.69	11.33	12.02	5557764	107139432.000
10/17/2013	12.08	12.28	11.50	11.51	6715731	128205968.000
10/18/2013	11.46	11.72	11.11	11.47	5330382	97220464.000
10/21/2013	11.41	12.38	11.28	12.06	4844662	92036536.000
10/22/2013	11.89	13.03	11.84	12.47	7813414	157088464.000
10/23/2013	12.32	12.41	11.41	11.78	5461394	105105960.000
10/24/2013	11.65	12.16	11.42	11.78	2073145	39299084.000
10/25/2013	11.63	11.96	11.44	11.56	2005770	37468152.000
10/28/2013	11.41	11.88	11.00	11.22	2843823	51512592.000
10/29/2013	11.23	11.84	10.91	11.71	4131637	76004984.000
10/30/2013	11.72	12.71	11.71	12.28	5541754	109433016.000
10/31/2013	12.43	12.43	11.47	11.59	2780646	53229624.000
11/01/2013	11.37	11.71	11.02	11.63	3549099	64269324.000
11/04/2013	11.68	12.59	11.53	12.21	4578545	89731448.000
11/05/2013	12.03	12.95	11.94	12.46	4139030	83131384.000
11/06/2013	12.34	13.41	12.25	12.83	6613744	137528224.000
11/07/2013	12.57	12.94	12.21	12.62	5063532	102244432.000
11/08/2013	12.53	12.61	11.84	12.19	2579201	50199040.000
11/11/2013	11.86	13.06	11.54	12.88	4088733	81679224.000
11/12/2013	12.88	12.91	12.39	12.72	3737453	75570896.000
11/13/2013	12.51	12.51	12.09	12.12	1546698	30350408.000
11/14/2013	12.16	12.78	12.16	12.63	3494769	70262176.000
11/15/2013	12.34	12.67	11.77	11.89	11981647	230861952.000
11/18/2013	11.72	11.94	11.16	11.72	9189654	170355664.000
11/19/2013	11.59	11.83	11.41	11.61	4842290	90083000.000
11/20/2013	11.53	11.68	11.29	11.44	3094682	56796304.000
11/21/2013	11.22	11.41	10.92	11.06	6542616	116859784.000
11/22/2013	9.98	10.21	9.95	9.95	8893118	142218784.000
11/25/2013	9.60	9.99	9.55	9.84	9310636	146095008.000
11/26/2013	9.75	9.96	9.72	9.93	3578798	56705520.000
11/27/2013	9.91	10.58	9.88	10.27	8309892	136463504.000
11/28/2013	10.27	10.37	10.03	10.25	5855029	95542768.000
11/29/2013	10.21	10.38	10.16	10.23	5895097	96992336.000
12/02/2013	9.78	9.78	9.21	9.23	7385208	112024560.000
12/03/2013	9.13	9.44	8.63	9.41	5625151	81456424.000
12/04/2013	9.33	9.53	9.25	9.36	2909501	44122676.000
12/05/2013	9.38	9.41	9.04	9.06	3228336	47663316.000
12/06/2013	9.06	9.18	8.96	9.14	2446483	35701736.000
12/09/2013	9.13	9.22	9.06	9.18	1622592	23853058.000
12/10/2013	9.25	9.26	9.00	9.04	2108765	30728164.000
12/11/2013	9.05	9.84	9.05	9.72	7669861	117538704.000
12/12/2013	9.69	10.11	9.60	9.83	5314460	84493752.000
12/13/2013	9.66	9.95	9.63	9.89	2863660	45115036.000
12/16/2013	9.83	9.83	9.63	9.76	2296718	35838036.000
12/17/2013	9.76	9.76	9.48	9.48	1825126	28180830.000
12/18/2013	9.48	10.07	9.47	9.80	4661600	73725192.000
12/19/2013	9.73	9.84	9.66	9.67	1639856	25569486.000
12/20/2013	9.64	9.89	9.60	9.78	1510647	23646494.000
12/23/2013	9.78	9.95	9.56	9.84	3530157	55279132.000
12/24/2013	9.77	10.11	9.76	9.94	3596147	57492980.000
12/25/2013	9.94	10.16	9.73	10.06	3514922	56705400.000
12/26/2013	10.07	10.13	9.75	9.75	2439283	38941308.000
12/27/2013	9.68	10.05	9.60	9.99	2065784	32718968.000
12/30/2013	9.96	10.32	9.91	10.30	3963156	64844308.000
12/31/2013	10.21	10.54	10.11	10.29	4038867	67182632.000
01/02/2014	10.19	10.47	9.97	10.10	4263358	69519168.000
01/03/2014	10.15	10.71	10.08	10.59	6131775	103194064.000
01/06/2014	10.49	11.21	10.47	10.81	6505104	114601280.000
01/07/2014	10.59	11.28	10.50	11.21	3926477	69684120.000
01/08/2014	11.22	11.66	11.19	11.64	5245921	96522296.000
01/09/2014	11.62	12.16	11.31	11.44	4626282	87634776.000
01/10/2014	11.22	11.33	10.98	11.17	3075440	55040100.000
01/13/2014	11.17	11.44	10.90	10.90	1847566	33000408.000
01/14/2014	10.69	11.63	10.69	11.59	3050376	54937016.000
01/15/2014	11.72	12.16	11.47	11.56	2654793	50181704.000
01/16/2014	11.47	11.84	11.35	11.53	2089782	38861556.000
01/17/2014	11.53	11.78	11.36	11.62	1049622	19498920.000
01/20/2014	11.66	11.67	11.26	11.37	812569	14864820.000
01/21/2014	11.28	11.72	11.28	11.48	1012560	18723486.000
01/22/2014	11.44	11.80	11.44	11.58	2652388	49361068.000
01/23/2014	11.59	11.78	11.50	11.75	1591493	29830758.000
01/24/2014	11.76	11.83	11.34	11.44	3753827	69348000.000
01/27/2014	11.39	11.52	10.97	11.02	2534573	45372848.000
01/28/2014	11.02	12.03	11.02	11.86	3320184	61419480.000
01/29/2014	11.53	11.96	11.52	11.64	2667768	50063140.000
01/30/2014	11.56	11.91	11.56	11.64	1907876	35980892.000
02/07/2014	12.00	12.00	11.62	11.76	1689188	31759438.000
02/10/2014	11.76	12.50	11.76	12.44	5332310	104835656.000
02/11/2014	12.36	13.10	12.23	13.02	3970909	81701208.000
02/12/2014	12.91	13.40	12.65	13.11	3981466	83045864.000
02/13/2014	12.91	13.21	12.67	12.91	3283917	68010040.000
02/14/2014	12.72	13.07	12.58	12.72	2526529	51660432.000
02/17/2014	12.73	12.94	12.36	12.73	3322549	67248824.000
02/18/2014	12.71	12.87	12.53	12.87	2356340	48071412.000
02/19/2014	12.83	13.38	12.78	13.04	1737265	36208024.000
02/20/2014	13.72	14.34	13.72	13.86	7455497	168008384.000
02/21/2014	13.41	13.83	13.13	13.49	3911459	84328888.000
02/24/2014	13.13	14.26	13.05	14.11	4591854	101170088.000
02/25/2014	14.13	15.52	13.91	14.68	10182798	240563312.000
03/04/2014	16.08	16.14	15.24	15.32	8557130	214933792.000
03/05/2014	14.66	15.70	14.38	15.52	5888963	141862816.000
03/06/2014	15.21	15.46	14.13	14.22	5075995	118676240.000
03/07/2014	14.36	14.89	14.17	14.66	2850331	66570528.000
03/10/2014	14.41	14.78	13.66	14.39	2355732	53855452.000
03/11/2014	14.39	14.81	13.88	14.68	1599577	36798480.000
03/12/2014	14.61	14.97	14.10	14.59	1527790	35732028.000
03/13/2014	14.64	16.01	14.28	16.00	5406556	133405672.000
03/14/2014	15.91	15.91	15.03	15.34	1970456	48584532.000
03/17/2014	15.33	15.75	15.04	15.38	2162315	53371240.000
03/18/2014	15.11	15.47	15.11	15.16	1558693	38272580.000
03/19/2014	15.16	15.27	13.73	14.55	2971596	68751288.000
03/20/2014	14.46	14.53	13.86	13.88	2029502	45779320.000
03/21/2014	13.82	14.34	13.74	14.16	916831	20705444.000
03/24/2014	14.23	14.50	14.03	14.21	915328	21024614.000
03/25/2014	14.21	14.69	14.16	14.21	2430331	55933900.000
03/26/2014	14.20	14.36	14.06	14.33	860742	19687902.000
03/27/2014	14.26	14.33	13.46	13.59	1817678	40239088.000
03/28/2014	13.48	13.48	12.23	12.97	2688609	54653216.000
03/31/2014	12.54	13.40	12.39	12.78	1792319	36995120.000
04/01/2014	12.76	13.26	12.55	12.81	1169642	24094878.000
04/02/2014	12.88	13.39	12.78	12.79	1362345	28371268.000
04/03/2014	12.73	13.14	12.73	12.84	676098	14003164.000
04/04/2014	12.88	13.33	12.71	12.96	985255	20501714.000
04/08/2014	12.86	13.31	12.78	13.06	785003	16480303.000
04/09/2014	13.14	13.64	13.10	13.53	1298043	27711392.000
04/10/2014	13.49	14.16	13.38	13.96	2008780	44605924.000
04/11/2014	13.84	14.03	13.71	14.01	1227112	27422588.000
04/14/2014	14.03	14.49	13.96	14.46	1888890	43207184.000
04/15/2014	14.45	14.45	13.84	14.01	1889688	42761784.000
04/16/2014	14.01	14.18	13.79	14.06	712802	16000576.000
04/17/2014	14.09	14.59	14.09	14.29	847272	19550582.000
04/18/2014	14.18	14.66	14.13	14.63	1353310	31444760.000
04/21/2014	14.56	14.66	14.09	14.21	1649925	38244468.000
04/22/2014	14.09	14.09	13.11	13.72	2177905	47013332.000
04/23/2014	13.59	13.75	13.42	13.68	513443	11169485.000
04/24/2014	13.68	13.78	13.53	13.66	354602	7761863.500
04/25/2014	13.56	13.89	13.48	13.78	1530655	33700704.000
04/28/2014	13.78	13.78	13.20	13.34	1184397	25363948.000
04/29/2014	13.24	13.33	12.63	12.94	932016	19340232.000
04/30/2014	12.90	13.28	12.78	13.04	1093453	22877602.000
05/05/2014	13.04	13.13	12.85	12.97	1071439	22271000.000
05/06/2014	12.87	13.15	12.81	12.96	1157005	24093656.000
05/07/2014	12.96	12.99	12.61	12.71	776799	15985567.000
05/08/2014	12.71	12.95	12.47	12.95	792803	16176699.000
05/09/2014	12.95	13.07	11.66	12.98	1687387	33702596.000
05/12/2014	12.95	13.01	12.47	12.91	801591	16453235.000
05/13/2014	12.88	13.68	12.84	12.94	1858585	39170704.000
05/14/2014	12.90	13.06	12.54	12.78	830997	17081574.000
05/15/2014	12.68	13.06	12.34	12.45	906564	18527848.000
05/16/2014	12.39	12.68	11.84	12.39	2345561	46302172.000
05/19/2014	12.23	12.64	11.92	12.53	1215987	24172648.000
05/20/2014	12.68	13.20	12.40	12.68	1498332	19069404.000
05/21/2014	12.54	12.75	12.42	12.42	1408979	17705870.000
05/22/2014	12.42	12.62	12.33	12.47	1484506	18539914.000
05/23/2014	12.46	12.68	12.30	12.68	1044947	13079288.000
05/26/2014	12.65	12.99	12.50	12.70	2175596	27552418.000
05/27/2014	12.55	12.71	12.38	12.45	1277024	15968762.000
05/28/2014	12.44	12.77	12.32	12.69	1479241	18622230.000
05/29/2014	12.71	13.03	12.65	12.76	1453562	18719212.000
05/30/2014	12.80	12.90	12.63	12.65	776545	9877034.000
06/03/2014	12.75	13.00	12.68	12.87	1278038	16465508.000
06/04/2014	12.87	12.94	12.36	12.81	1515694	19131154.000
06/05/2014	12.80	13.87	12.42	13.70	3067287	40997260.000
06/06/2014	13.60	14.20	13.33	14.00	3120950	43226296.000
06/09/2014	14.00	14.27	13.61	14.20	3803836	53621176.000
06/10/2014	14.20	14.58	13.86	14.13	4196250	59270136.000
06/11/2014	14.18	14.22	13.95	14.20	1512490	21391684.000
06/12/2014	14.12	14.62	14.10	14.40	1638013	23619118.000
06/13/2014	14.48	14.50	14.28	14.48	1134654	16374420.000
06/16/2014	14.78	15.93	14.78	15.92	9985298	157244960.000
06/17/2014	15.59	15.92	15.05	15.45	7263440	112199384.000
06/18/2014	15.45	15.48	14.80	15.00	3381021	50846532.000
06/19/2014	14.98	15.37	14.40	14.69	1915022	28398652.000
06/20/2014	14.69	14.99	14.31	14.71	1849445	27044392.000
06/23/2014	14.74	15.22	14.72	15.05	2122579	31854276.000
06/24/2014	14.91	15.19	14.73	15.00	1670330	24927114.000
06/25/2014	14.83	15.13	14.76	15.03	802028	11994988.000
06/26/2014	15.04	15.30	15.03	15.23	1577893	23939514.000
06/27/2014	15.13	15.62	15.09	15.60	1802565	27772136.000
06/30/2014	15.60	16.49	15.59	16.30	3723440	59501496.000
07/01/2014	16.17	16.20	15.80	15.90	2370901	37833100.000
07/02/2014	15.90	16.23	15.70	15.94	2138506	34133888.000
07/03/2014	15.94	15.94	15.50	15.50	2368417	37086488.000
07/04/2014	15.58	15.63	14.85	15.40	5440637	82364128.000
07/07/2014	15.32	15.32	14.70	14.89	3128008	46574848.000
07/08/2014	14.89	15.09	14.75	15.09	1124630	16805514.000
07/09/2014	15.00	15.30	15.00	15.13	2212805	33584780.000
07/10/2014	15.15	15.19	14.86	15.13	899398	13552414.000
07/11/2014	14.93	15.29	14.90	15.23	1056145	15938467.000
07/14/2014	15.10	15.19	14.51	14.69	3625966	53113456.000
07/15/2014	14.50	14.50	13.22	13.22	7066454	95637416.000
07/16/2014	13.22	13.22	12.56	13.09	6554578	84705352.000
07/17/2014	12.97	13.09	12.73	12.90	3631565	46988668.000
07/18/2014	12.87	12.98	12.66	12.95	2806507	36016608.000
07/21/2014	12.81	13.44	12.81	13.25	2747873	35996536.000
07/22/2014	13.29	13.75	13.14	13.48	2809210	37638916.000
07/23/2014	13.48	13.48	12.96	13.07	1869119	24750886.000
07/24/2014	13.01	13.01	12.56	12.88	1743020	22249728.000
07/25/2014	12.89	13.23	12.60	13.23	2772834	35943784.000
07/28/2014	13.10	13.42	12.95	13.28	3668659	48141596.000
07/29/2014	13.22	13.52	13.10	13.42	2916156	38932020.000
07/30/2014	13.91	14.76	13.91	14.21	12289818	178214192.000
07/31/2014	13.76	14.18	13.50	14.13	5416878	74281704.000
08/01/2014	13.76	14.00	13.55	13.68	4439358	61194148.000
08/04/2014	13.75	13.96	13.63	13.90	2903811	40214048.000
08/05/2014	13.90	14.10	13.68	13.93	3628243	50385724.000
08/06/2014	13.88	14.10	13.68	14.00	3225630	44812648.000
08/07/2014	13.94	14.62	13.90	14.08	4492981	63930348.000
08/08/2014	14.08	14.18	13.75	13.99	3773842	52372224.000
08/11/2014	14.04	14.04	13.58	13.73	5701184	78513912.000
08/12/2014	13.73	13.78	13.56	13.74	3812764	52026628.000
08/13/2014	13.74	13.76	13.56	13.68	3133214	42665948.000
08/14/2014	13.66	13.68	13.55	13.55	2309196	31443448.000
08/15/2014	13.51	13.82	13.51	13.76	2993964	40987404.000
08/18/2014	13.79	13.96	13.65	13.91	4032617	55703900.000
08/19/2014	13.88	14.16	13.75	14.00	4714565	65835236.000
08/20/2014	14.02	14.09	13.81	13.93	3613283	50434440.000
08/21/2014	13.93	13.96	13.70	13.87	2704929	37318176.000
08/22/2014	13.86	13.97	13.80	13.93	2899466	40305268.000
08/25/2014	13.98	14.22	13.75	13.88	3689510	51751016.000
08/26/2014	13.88	14.13	13.58	13.60	3733681	51922640.000
08/27/2014	13.61	13.62	13.05	13.10	6084102	80137248.000
08/28/2014	13.10	13.39	13.01	13.04	4114889	54153240.000
08/29/2014	13.04	13.12	12.59	12.80	4204930	53638152.000
09/01/2014	12.80	13.18	12.77	13.18	3988195	51701300.000
09/02/2014	13.20	13.34	13.18	13.32	3212888	42643220.000
09/03/2014	13.33	13.38	13.19	13.33	4325464	57464900.000
09/04/2014	13.39	13.55	13.29	13.41	6071297	81194976.000
09/05/2014	13.49	13.55	13.11	13.33	6534411	86803944.000
09/09/2014	13.41	13.41	13.20	13.34	3457098	45980140.000
09/10/2014	13.30	13.64	13.19	13.61	6682233	89633640.000
09/11/2014	13.63	13.67	13.35	13.60	5894213	79824032.000
09/12/2014	13.55	13.78	13.46	13.70	6482717	88601456.000
09/15/2014	13.70	14.10	13.65	13.77	10551719	146311344.000
09/16/2014	13.81	13.82	13.01	13.08	6777440	91166488.000
09/17/2014	13.10	13.59	12.84	13.54	4452111	58317588.000
09/18/2014	13.57	13.75	13.34	13.60	6733026	91218032.000
09/19/2014	13.58	13.60	13.31	13.44	3355776	45094220.000
09/22/2014	13.44	13.44	13.17	13.35	3222412	42787976.000
09/23/2014	13.32	13.54	13.28	13.45	4463480	59950280.000
09/24/2014	13.46	13.67	13.30	13.62	5985699	81165784.000
09/25/2014	13.62	13.96	13.55	13.84	8893664	122518488.000
09/26/2014	13.80	13.94	13.73	13.80	5967651	82687736.000
09/29/2014	13.09	13.77	12.70	13.67	16897250	223200128.000
09/30/2014	13.37	13.83	13.31	13.66	9496417	128201544.000
10/08/2014	13.60	14.03	13.58	13.93	9239619	128013400.000
10/09/2014	13.95	14.34	13.88	14.24	9975870	140852304.000
10/10/2014	14.23	14.46	13.97	14.00	8393100	119074168.000
10/13/2014	13.91	14.01	13.60	13.86	6914100	95319224.000
10/14/2014	13.91	14.40	13.91	14.25	8724519	123905424.000
10/15/2014	14.23	14.37	14.02	14.30	8401209	119476576.000
10/16/2014	14.26	14.35	13.82	14.11	6108766	86524704.000
10/17/2014	14.04	14.14	13.36	13.84	6008479	82891040.000
10/20/2014	13.84	13.92	13.72	13.91	2472144	34172560.000
10/21/2014	13.88	13.97	13.60	13.62	1519901	20935100.000
10/27/2014	13.79	13.79	12.50	12.73	10760686	139813792.000
10/28/2014	12.63	13.00	12.60	13.00	5193623	66717288.000
10/29/2014	13.00	13.05	12.68	12.77	11368691	145382096.000
10/30/2014	12.77	13.10	12.66	12.97	7447277	96109592.000
10/31/2014	12.98	12.99	12.71	12.81	5844836	74895232.000
数据来源:通达信
