300047 天源迪科 日线
      日期	    开盘	    最高	    最低	    收盘	    成交量	    成交额
10/08/2010	8.68	8.74	8.62	8.71	390816	10645173.000
10/11/2010	8.71	8.76	8.59	8.64	586615	15958896.000
10/12/2010	8.64	8.80	8.53	8.55	516797	14022741.000
10/13/2010	8.55	8.65	8.42	8.57	542905	14496516.000
10/14/2010	8.58	8.78	8.49	8.51	538834	14469554.000
10/15/2010	8.47	8.55	8.12	8.25	1648827	42474400.000
10/18/2010	8.25	8.25	7.81	8.07	1809377	45247164.000
10/19/2010	8.07	8.62	8.00	8.38	3256669	85312792.000
10/20/2010	8.25	8.51	8.22	8.33	1387889	36289696.000
10/21/2010	8.35	8.35	8.14	8.26	667680	17233960.000
10/22/2010	8.26	8.49	8.26	8.28	1372906	36061728.000
10/25/2010	8.30	8.53	8.30	8.48	1176596	31232712.000
10/26/2010	8.53	8.60	8.41	8.51	893024	23740902.000
10/27/2010	8.50	8.67	8.46	8.67	1329199	35764184.000
10/28/2010	8.57	8.85	8.54	8.83	1776196	48176352.000
10/29/2010	9.00	9.33	9.00	9.11	2823082	81014056.000
11/01/2010	9.24	9.52	9.15	9.40	2373921	69509776.000
11/02/2010	9.40	9.51	9.23	9.31	1830443	53479592.000
11/03/2010	9.22	9.24	8.95	8.99	1147088	32539584.000
11/04/2010	8.98	9.08	8.87	9.02	792151	22241858.000
11/05/2010	9.15	9.27	9.05	9.15	990679	28384472.000
11/08/2010	9.22	9.65	9.21	9.65	1386136	40912852.000
11/09/2010	9.70	9.93	9.53	9.75	1320618	40193568.000
11/10/2010	9.77	10.08	9.62	9.72	1446092	44400644.000
11/11/2010	9.72	10.02	9.68	9.68	1747889	53866736.000
11/12/2010	9.59	9.90	9.12	9.13	1899621	56157716.000
11/15/2010	9.29	9.78	9.19	9.77	1539173	45669416.000
11/16/2010	9.78	10.21	9.57	9.78	2920592	90356568.000
11/17/2010	9.64	9.87	9.28	9.56	1585352	47743304.000
11/18/2010	9.61	9.95	9.58	9.93	1625911	49717188.000
11/19/2010	9.95	10.34	9.88	10.32	1942183	61272676.000
11/22/2010	10.27	10.65	10.18	10.58	2265422	73802752.000
11/23/2010	10.58	10.64	10.22	10.60	1778426	57815508.000
11/24/2010	10.46	10.67	10.43	10.57	1267280	41564592.000
11/25/2010	10.58	10.82	10.24	10.40	1402782	45793508.000
11/26/2010	10.45	10.51	10.26	10.33	1116849	36080732.000
11/29/2010	10.35	10.54	10.26	10.50	1064280	34488524.000
11/30/2010	10.50	10.55	9.87	10.28	1880023	59585156.000
12/01/2010	10.22	10.31	9.99	10.06	864056	27273814.000
12/02/2010	10.18	10.23	10.02	10.02	737248	23234826.000
12/03/2010	10.05	10.20	9.87	9.95	925752	28749818.000
12/06/2010	9.94	10.01	9.73	9.89	855709	26190658.000
12/07/2010	9.84	10.03	9.75	10.01	510705	15793334.000
12/08/2010	10.00	10.18	9.95	10.06	470970	14798412.000
12/09/2010	10.00	10.04	9.78	9.81	449850	13869441.000
12/10/2010	9.78	10.03	9.78	10.03	343831	10615675.000
12/13/2010	10.05	10.34	9.88	10.31	831238	26524388.000
12/14/2010	10.41	10.41	10.22	10.28	446243	14296667.000
12/15/2010	10.24	10.27	10.08	10.08	576980	18266454.000
12/16/2010	10.08	10.34	10.02	10.34	657149	20908914.000
12/17/2010	10.22	10.35	10.22	10.29	371274	11852901.000
12/20/2010	10.32	10.39	9.92	10.20	789695	25091924.000
12/21/2010	10.21	10.24	9.98	10.15	403717	12723196.000
12/22/2010	10.14	10.14	9.96	9.99	466059	14556009.000
12/23/2010	9.93	10.04	9.62	9.62	661830	20111330.000
12/24/2010	9.62	9.62	9.29	9.40	589074	17321770.000
12/27/2010	9.41	9.50	9.06	9.09	455367	13246418.000
12/28/2010	9.11	9.25	8.90	9.05	277020	7812456.500
12/29/2010	9.12	9.21	8.99	9.20	352301	10007693.000
12/30/2010	9.12	9.31	9.12	9.25	271692	7840839.000
12/31/2010	9.25	9.35	9.21	9.34	187266	5437513.000
01/04/2011	9.35	9.42	9.25	9.34	376260	10939868.000
01/05/2011	9.34	9.34	9.20	9.27	400247	11569844.000
01/06/2011	9.27	9.35	9.08	9.08	407450	11680647.000
01/07/2011	9.08	9.18	8.96	9.00	480363	13609497.000
01/10/2011	9.03	9.07	8.89	8.92	265793	7469776.500
01/11/2011	9.04	9.05	8.62	8.72	449322	12246676.000
01/12/2011	8.72	8.80	8.68	8.73	320893	8764997.000
01/13/2011	8.96	9.03	8.75	8.76	478056	13292698.000
01/14/2011	8.78	8.78	8.44	8.50	486828	13004371.000
01/17/2011	8.45	8.48	8.28	8.30	293971	7714958.500
01/18/2011	8.22	8.48	8.22	8.32	119740	3132325.500
01/19/2011	8.42	8.60	8.38	8.58	264761	7065275.500
01/20/2011	8.52	8.67	8.43	8.45	316025	8487402.000
01/21/2011	8.33	8.60	8.33	8.51	170493	4541254.500
01/24/2011	8.47	8.81	8.47	8.58	314200	8538586.000
01/25/2011	8.54	8.68	8.39	8.67	246417	6599650.500
01/26/2011	8.62	8.62	8.38	8.44	769189	20440394.000
01/27/2011	8.38	8.38	8.11	8.27	1158722	29909028.000
01/28/2011	8.26	8.30	8.14	8.27	601194	15515523.000
01/31/2011	8.24	8.38	8.19	8.38	623425	16187127.000
02/01/2011	8.38	8.55	8.31	8.48	575315	15219536.000
02/09/2011	8.45	8.58	8.43	8.53	1006985	26913638.000
02/10/2011	8.78	9.07	8.69	8.97	2408032	66835128.000
02/11/2011	8.95	9.12	8.87	8.98	1164721	32793642.000
02/14/2011	9.01	9.05	8.91	9.02	1172219	32962812.000
02/15/2011	9.02	9.03	8.93	8.95	987647	27760968.000
02/16/2011	8.95	9.21	8.78	9.21	1236605	34747324.000
02/17/2011	9.16	9.23	9.03	9.16	953216	27182534.000
02/18/2011	9.12	9.18	9.01	9.04	691800	19642804.000
02/21/2011	9.00	9.33	9.00	9.28	674013	19412188.000
02/22/2011	9.28	9.49	9.15	9.24	1619669	47329588.000
02/23/2011	9.16	9.46	9.16	9.42	891750	25946650.000
02/24/2011	9.42	9.42	9.15	9.28	722912	20920778.000
02/25/2011	9.26	9.35	9.16	9.24	614611	17722738.000
02/28/2011	9.35	9.37	9.19	9.34	1011977	29330048.000
03/01/2011	9.34	9.65	9.34	9.57	1759249	52139044.000
03/02/2011	9.51	9.55	9.35	9.40	807001	23723758.000
03/03/2011	9.44	9.45	8.88	8.91	1364673	38997024.000
03/04/2011	8.89	9.12	8.80	9.08	1283951	35918252.000
03/07/2011	9.10	9.17	9.01	9.09	880896	25060316.000
03/08/2011	9.09	9.17	9.05	9.15	428029	12194418.000
03/09/2011	9.16	9.16	9.00	9.05	464900	13168802.000
03/10/2011	9.03	9.31	9.02	9.22	1003950	28872078.000
03/11/2011	9.19	9.42	9.18	9.21	1263896	36814192.000
03/14/2011	9.27	9.50	9.27	9.47	939345	27572808.000
03/15/2011	9.50	9.51	9.20	9.32	1084101	31510254.000
03/16/2011	9.34	9.44	9.33	9.42	910741	26686904.000
03/17/2011	9.34	9.37	9.07	9.08	780481	22481360.000
03/18/2011	9.17	9.33	9.16	9.21	427577	12314971.000
03/21/2011	9.24	9.47	9.19	9.35	987770	28860086.000
03/22/2011	9.40	9.40	9.23	9.35	427425	12416807.000
03/23/2011	9.32	9.37	9.20	9.27	1286600	37262176.000
03/24/2011	9.24	9.48	9.24	9.45	1083989	31670176.000
03/25/2011	9.41	9.42	9.08	9.12	2528182	72621072.000
03/28/2011	9.10	9.18	8.98	8.99	950735	26969212.000
03/29/2011	8.98	8.98	8.65	8.70	912758	25053988.000
03/30/2011	8.65	8.75	8.53	8.65	536619	14500496.000
03/31/2011	8.69	8.76	8.53	8.58	422220	11428639.000
04/01/2011	8.65	8.70	8.56	8.68	376029	10198826.000
04/06/2011	8.68	8.68	8.52	8.56	373603	10029524.000
04/07/2011	8.56	8.62	8.52	8.61	282546	7587885.000
04/08/2011	8.65	8.74	8.62	8.70	344890	9387576.000
04/11/2011	8.73	8.74	8.53	8.54	587799	15843034.000
04/12/2011	8.55	8.59	8.49	8.51	594029	15887788.000
04/13/2011	8.49	8.65	8.48	8.65	360081	9689710.000
04/14/2011	8.65	8.65	8.52	8.56	418248	11253158.000
04/15/2011	8.56	8.58	8.43	8.48	485327	12914739.000
04/18/2011	8.48	8.51	8.35	8.42	562639	14866671.000
04/19/2011	8.45	8.45	8.29	8.37	394262	10326332.000
04/20/2011	8.38	8.49	8.38	8.45	457061	12119297.000
04/21/2011	8.48	8.57	8.48	8.51	467625	12501070.000
04/22/2011	8.51	8.52	8.35	8.39	425194	11249186.000
04/25/2011	8.32	8.43	8.22	8.23	437666	11407009.000
04/27/2011	7.98	8.11	7.79	7.87	907341	22725240.000
04/28/2011	7.95	7.95	7.58	7.58	513150	12519044.000
04/29/2011	7.62	7.74	7.58	7.67	371639	8961473.000
05/03/2011	7.70	7.75	7.62	7.75	272233	6585326.500
05/04/2011	7.68	7.76	7.62	7.62	336168	8128616.000
05/05/2011	7.62	7.70	7.56	7.66	309546	7464935.500
05/06/2011	7.61	7.74	7.51	7.64	373810	5925576.000
05/09/2011	7.71	7.71	7.61	7.66	210416	3344683.750
05/10/2011	7.63	7.66	7.47	7.52	338823	5290225.000
05/11/2011	7.52	7.59	7.42	7.54	260531	4057032.000
05/12/2011	7.54	7.54	7.32	7.35	507648	7854672.000
05/13/2011	7.32	7.47	7.22	7.47	570655	8741991.000
05/16/2011	7.46	7.49	7.35	7.35	384508	5919315.500
05/17/2011	7.32	7.36	7.17	7.26	345459	5214505.000
05/18/2011	7.22	7.28	7.19	7.22	224149	3378119.000
05/19/2011	7.26	7.30	7.17	7.19	276501	4165191.000
05/20/2011	7.19	7.22	7.02	7.02	400576	5894883.500
05/23/2011	6.96	6.98	6.53	6.57	686908	9624629.000
05/24/2011	6.51	6.83	6.37	6.71	1231134	17052740.000
05/25/2011	6.69	6.69	6.40	6.42	531630	7241508.000
05/26/2011	6.47	6.52	6.25	6.25	471515	6279175.500
05/27/2011	6.26	6.34	6.20	6.25	549639	7180749.500
05/30/2011	6.25	6.52	6.14	6.36	1186557	15848754.000
05/31/2011	6.36	6.44	6.23	6.42	603201	8039924.500
06/01/2011	6.45	6.49	6.38	6.44	401114	5391973.000
06/02/2011	6.36	6.36	6.19	6.30	434919	5692712.000
06/03/2011	6.36	6.53	6.36	6.47	586640	7907251.000
06/07/2011	6.46	6.48	6.37	6.47	318140	4270922.000
06/08/2011	6.47	6.48	6.38	6.44	277067	3717750.500
06/09/2011	6.44	6.52	6.27	6.29	356958	4742206.000
06/10/2011	6.33	6.33	6.18	6.27	271352	3548879.750
06/13/2011	6.27	6.32	6.18	6.30	194968	2553995.500
06/14/2011	6.30	6.37	6.29	6.37	387468	5126981.500
06/15/2011	6.36	6.37	6.25	6.28	182952	2415889.000
06/16/2011	6.25	6.25	6.09	6.10	398701	5134485.000
06/17/2011	6.10	6.13	5.97	5.97	301707	3819440.750
06/20/2011	5.97	6.01	5.85	6.01	371482	4626670.500
06/21/2011	6.00	6.05	5.97	6.01	204071	2567250.500
06/22/2011	6.02	6.05	5.93	5.98	173100	2169680.750
06/23/2011	5.92	6.13	5.87	6.12	882955	11198650.000
06/24/2011	6.11	6.27	6.07	6.26	1033375	13331322.000
06/27/2011	6.26	6.36	6.23	6.31	894181	11764016.000
06/28/2011	6.31	6.36	6.28	6.35	523972	6917092.000
06/29/2011	6.36	6.90	6.31	6.45	1627636	22418642.000
06/30/2011	6.44	6.54	6.42	6.44	792341	10694229.000
07/01/2011	6.46	6.57	6.46	6.49	804685	10926289.000
07/04/2011	6.53	6.62	6.48	6.62	713860	9784566.000
07/05/2011	6.63	6.71	6.57	6.62	795389	10994237.000
07/06/2011	6.57	6.64	6.51	6.63	753745	10336805.000
07/07/2011	6.61	6.88	6.58	6.67	1184980	16617760.000
07/08/2011	6.70	6.71	6.56	6.59	508341	7026993.500
07/11/2011	6.57	6.62	6.52	6.58	553011	7585251.000
07/13/2011	6.68	6.81	6.60	6.79	1337117	18692402.000
07/14/2011	6.76	6.92	6.73	6.91	1227968	17472078.000
07/15/2011	6.87	7.09	6.84	7.01	1618179	23593694.000
07/18/2011	7.03	7.16	6.85	6.90	1284848	18690412.000
07/19/2011	6.87	6.87	6.68	6.70	1283535	18021226.000
07/20/2011	6.77	6.81	6.64	6.71	675209	9466827.000
07/21/2011	6.66	6.75	6.57	6.60	1148313	15808494.000
07/22/2011	6.64	6.69	6.60	6.61	408239	5654570.500
07/25/2011	6.61	6.61	6.29	6.30	861350	11608367.000
07/26/2011	6.29	6.37	6.26	6.31	399163	5268518.500
07/27/2011	6.22	6.43	6.13	6.40	686074	9136106.000
07/28/2011	6.37	6.40	6.30	6.40	445733	5902286.000
07/29/2011	6.34	6.43	6.34	6.41	541907	7240610.000
08/01/2011	6.39	6.49	6.37	6.44	550570	7402252.000
08/03/2011	6.40	6.97	6.40	6.74	3715396	52559872.000
08/04/2011	6.75	6.82	6.59	6.63	2380217	33220382.000
08/05/2011	6.46	6.46	6.31	6.37	1313656	17563740.000
08/08/2011	6.31	6.44	5.97	6.17	1366938	17841738.000
08/09/2011	5.97	6.16	5.85	6.09	696272	8758380.000
08/10/2011	6.21	6.27	6.14	6.19	620131	8065185.000
08/11/2011	6.07	6.36	6.04	6.35	745596	9773671.000
08/12/2011	6.38	6.64	6.37	6.59	1867875	25317930.000
08/15/2011	6.61	6.78	6.60	6.70	1316840	18355952.000
08/16/2011	6.67	6.71	6.57	6.60	867899	12002834.000
08/17/2011	6.57	6.71	6.53	6.65	666353	9195527.000
08/18/2011	6.60	6.65	6.38	6.38	1178120	15942562.000
08/19/2011	6.29	6.37	6.22	6.34	1015476	13390268.000
08/22/2011	6.33	6.58	6.33	6.38	793569	10700802.000
08/23/2011	6.41	6.66	6.38	6.64	1424308	19398006.000
08/24/2011	6.69	6.80	6.63	6.66	1682083	23552408.000
08/25/2011	6.67	6.73	6.56	6.72	1356519	18857010.000
08/26/2011	6.66	6.89	6.63	6.83	4098009	57820404.000
08/29/2011	6.77	6.94	6.77	6.83	2714751	38759732.000
08/30/2011	6.85	6.85	6.62	6.62	2221752	31218714.000
08/31/2011	6.62	6.67	6.40	6.49	1566258	21238146.000
09/01/2011	6.49	6.62	6.45	6.51	1008479	13764720.000
09/02/2011	6.51	6.53	6.37	6.43	856120	11488187.000
09/05/2011	6.31	6.36	6.15	6.15	1207452	15753676.000
09/06/2011	6.09	6.24	5.97	6.04	874849	11166348.000
09/07/2011	6.14	6.24	6.07	6.22	715768	9201372.000
09/08/2011	6.27	6.34	6.11	6.11	701562	9109301.000
09/09/2011	6.14	6.21	5.97	6.00	781865	9897683.000
09/13/2011	5.93	5.97	5.81	5.85	971967	11960326.000
09/14/2011	5.90	5.96	5.81	5.96	730851	9004886.000
09/15/2011	5.99	6.04	5.94	5.94	637720	8013516.500
09/16/2011	6.02	6.06	5.91	5.92	452950	5658382.500
09/19/2011	5.94	5.94	5.81	5.81	465670	5696317.500
09/20/2011	5.81	5.89	5.77	5.82	454617	5553486.000
09/21/2011	5.83	6.06	5.82	6.05	842358	10525619.000
09/22/2011	5.99	6.02	5.81	5.83	799019	9921999.000
09/23/2011	5.76	5.82	5.72	5.80	833684	10096347.000
09/26/2011	5.84	5.90	5.75	5.77	641188	7815248.000
09/27/2011	5.80	5.86	5.73	5.82	481060	5856345.000
09/28/2011	5.87	5.89	5.67	5.68	686478	8280893.000
09/29/2011	5.69	5.69	5.52	5.52	643409	7562354.500
09/30/2011	5.52	5.59	5.44	5.51	273245	3166426.500
10/10/2011	5.56	5.58	5.43	5.47	265550	3059752.000
10/11/2011	5.61	5.64	5.39	5.47	467032	5436411.000
10/12/2011	5.45	5.68	5.41	5.67	864350	10179586.000
10/13/2011	5.66	5.77	5.64	5.74	1118942	13473628.000
10/14/2011	5.72	5.77	5.67	5.72	558029	6689373.500
10/17/2011	5.80	5.81	5.72	5.77	628261	7604080.500
10/18/2011	5.72	5.90	5.69	5.71	1010612	12268309.000
10/19/2011	5.71	5.77	5.64	5.64	366590	4380501.000
10/20/2011	5.64	5.64	5.48	5.59	1024575	11939026.000
10/21/2011	5.60	5.74	5.57	5.66	961902	11424625.000
10/24/2011	5.69	6.07	5.67	6.02	2805306	34690392.000
10/25/2011	6.41	6.62	6.27	6.41	7446670	99513424.000
10/26/2011	6.23	6.56	6.16	6.41	4922628	65550316.000
10/27/2011	6.35	6.46	6.32	6.37	2610341	34792480.000
10/28/2011	6.45	6.55	6.36	6.51	2998852	40375904.000
10/31/2011	6.50	6.62	6.41	6.52	2765418	37619404.000
11/01/2011	6.40	6.69	6.38	6.54	2528975	34593028.000
11/02/2011	6.42	7.20	6.32	7.12	6288429	89320200.000
11/03/2011	7.12	7.47	6.91	6.94	6396466	95335088.000
11/04/2011	7.00	7.09	6.89	6.94	2823910	41001948.000
11/07/2011	6.94	7.11	6.87	6.92	2049368	29751974.000
11/08/2011	6.98	7.01	6.67	6.69	2513484	35743100.000
11/09/2011	6.74	6.91	6.60	6.90	2269552	32050534.000
11/10/2011	6.82	7.25	6.79	6.94	4355814	63733024.000
11/11/2011	6.98	7.03	6.73	6.77	2414421	34605968.000
11/14/2011	6.87	7.01	6.83	6.94	2314441	33461022.000
11/15/2011	6.97	7.03	6.92	7.00	2040628	29641514.000
11/16/2011	6.99	7.13	6.72	6.77	2824037	40882616.000
11/17/2011	6.78	6.84	6.61	6.68	2644921	37032648.000
11/18/2011	6.62	6.63	6.32	6.32	2661158	35766148.000
11/21/2011	6.36	6.37	6.19	6.29	1263369	16559822.000
11/22/2011	6.27	6.32	6.14	6.31	1081306	14135918.000
11/23/2011	6.32	6.36	6.22	6.30	1256881	16549283.000
11/24/2011	6.22	6.33	6.14	6.33	1335207	17469022.000
11/25/2011	6.32	6.39	6.21	6.21	990364	13007657.000
11/28/2011	6.22	6.28	6.07	6.12	999243	12830464.000
11/29/2011	6.17	6.20	6.05	6.19	1235837	15864128.000
11/30/2011	6.17	6.27	5.80	5.87	2245775	28478750.000
12/01/2011	6.12	6.15	6.01	6.01	1617214	20621698.000
12/02/2011	5.98	6.04	5.83	5.83	693648	8593817.000
12/05/2011	5.83	5.87	5.57	5.59	866926	10278302.000
12/06/2011	5.59	5.75	5.57	5.69	687622	8144610.500
12/07/2011	5.69	5.76	5.63	5.72	478378	5731298.500
12/08/2011	5.75	5.96	5.64	5.85	1089531	13321859.000
12/09/2011	5.78	5.93	5.77	5.84	599300	7351197.000
12/12/2011	5.84	5.91	5.82	5.88	413310	5079750.500
12/13/2011	5.86	5.86	5.59	5.59	803399	9521849.000
12/14/2011	5.59	5.69	5.51	5.57	892665	10546085.000
12/15/2011	5.53	5.68	5.49	5.54	689549	8097271.000
12/16/2011	5.60	5.86	5.52	5.83	1201470	14321572.000
12/19/2011	5.79	6.07	5.75	6.03	1835219	22664706.000
12/20/2011	6.01	6.07	5.82	5.85	1192026	14884856.000
12/21/2011	5.95	6.47	5.88	6.30	7688203	102684184.000
12/22/2011	6.22	6.34	5.85	6.14	6454601	82753656.000
12/23/2011	6.10	6.26	5.94	6.18	3692659	47240124.000
12/26/2011	6.35	6.60	5.98	5.98	5155201	68229752.000
12/27/2011	5.82	5.98	5.72	5.72	3282969	40188132.000
12/28/2011	5.62	5.70	5.40	5.55	2209805	25626424.000
12/29/2011	5.53	5.67	5.47	5.56	1622623	18964000.000
12/30/2011	5.56	5.74	5.54	5.72	2412907	28618286.000
01/04/2012	5.75	5.90	5.53	5.56	1844231	22284432.000
01/05/2012	5.47	5.51	5.02	5.03	3081341	34004484.000
01/06/2012	5.00	5.14	4.88	5.08	1110105	11677441.000
01/09/2012	5.06	5.27	5.01	5.26	1581708	17292646.000
01/10/2012	5.27	5.82	5.24	5.77	5595050	66807704.000
01/11/2012	5.73	5.89	5.60	5.72	3337811	40224644.000
01/13/2012	5.68	5.74	5.27	5.27	2474562	28261970.000
01/16/2012	5.18	5.34	5.02	5.15	1068227	11720326.000
01/17/2012	5.14	5.46	5.09	5.43	1760029	19686950.000
01/18/2012	5.42	5.47	5.04	5.10	1812970	20131986.000
01/19/2012	5.07	5.18	4.97	5.15	1001597	10780304.000
01/20/2012	5.17	5.28	5.17	5.24	1092481	12067934.000
01/30/2012	5.22	5.40	5.19	5.27	1428161	15919617.000
01/31/2012	5.45	5.59	5.36	5.41	3228985	36997936.000
02/01/2012	5.39	5.54	5.32	5.39	2306741	26466036.000
02/02/2012	5.42	5.65	5.38	5.64	2345728	27295166.000
02/03/2012	5.62	5.82	5.58	5.73	2771832	33179016.000
02/06/2012	5.78	5.91	5.70	5.80	3373032	41088036.000
02/07/2012	5.75	5.79	5.65	5.67	1716401	20547266.000
02/08/2012	5.70	5.88	5.65	5.86	1925721	23412038.000
02/09/2012	5.87	5.99	5.85	5.86	1774846	22033426.000
02/10/2012	5.86	5.96	5.76	5.82	1567637	19228616.000
02/13/2012	5.81	5.99	5.77	5.91	1672079	20642502.000
02/14/2012	5.93	6.15	5.91	5.99	2611078	33087946.000
02/15/2012	5.99	6.31	5.94	6.16	2603216	33504048.000
02/16/2012	6.16	6.46	6.12	6.23	2941698	38556588.000
02/17/2012	6.23	6.33	6.10	6.21	2050830	26550492.000
02/20/2012	6.30	6.46	6.22	6.29	2756065	36591296.000
02/21/2012	6.29	6.53	6.23	6.49	2920867	38958604.000
02/22/2012	6.49	6.70	6.47	6.64	3367733	46541144.000
02/23/2012	6.66	6.69	6.47	6.55	2508565	34378968.000
02/24/2012	6.56	6.76	6.51	6.57	2763227	38281964.000
02/27/2012	6.61	6.74	6.55	6.56	2321243	32042972.000
02/28/2012	6.55	6.64	6.41	6.52	2579899	35083156.000
02/29/2012	6.52	6.52	6.34	6.35	1779365	23824014.000
03/01/2012	6.36	6.45	6.33	6.39	1303398	17407494.000
03/02/2012	6.41	6.54	6.40	6.53	1125138	15205262.000
03/05/2012	6.53	6.61	6.45	6.54	1725038	23467890.000
03/06/2012	6.53	6.53	6.32	6.42	1393547	18624278.000
03/07/2012	6.33	6.65	6.33	6.51	1797687	24443234.000
03/08/2012	6.52	6.62	6.51	6.59	1403665	19213120.000
03/09/2012	6.59	6.69	6.58	6.67	1660418	23014424.000
03/12/2012	6.69	6.89	6.69	6.81	2236480	31651988.000
03/13/2012	6.81	6.83	6.70	6.81	1763658	24828558.000
03/14/2012	6.86	6.88	6.32	6.37	3181776	43971524.000
03/15/2012	6.39	6.43	6.22	6.30	1631190	21591848.000
03/16/2012	6.31	6.54	6.31	6.54	1783705	23911738.000
03/19/2012	6.54	6.78	6.51	6.78	1875973	26101226.000
03/20/2012	6.76	6.78	6.48	6.48	1505042	20770812.000
03/21/2012	6.55	6.58	6.33	6.47	1724218	23192854.000
03/22/2012	6.46	6.54	6.33	6.44	1319215	17740012.000
03/23/2012	6.29	6.29	6.03	6.06	3305360	42544884.000
03/26/2012	6.05	6.07	5.92	5.97	1507713	18925306.000
03/27/2012	6.00	6.09	5.99	6.07	1817885	22985864.000
03/28/2012	6.00	6.06	5.71	5.71	1516804	18767784.000
03/29/2012	5.68	5.73	5.58	5.68	593199	7052583.000
03/30/2012	5.71	5.73	5.45	5.51	969688	11337987.000
04/05/2012	5.54	5.67	5.46	5.66	1273850	15000944.000
04/06/2012	5.64	5.79	5.62	5.74	1439361	17210530.000
04/09/2012	5.74	5.75	5.56	5.56	928104	11038147.000
04/10/2012	5.57	5.66	5.39	5.65	870554	10094187.000
04/11/2012	5.59	5.69	5.52	5.66	790336	9333526.000
04/12/2012	5.66	5.82	5.66	5.81	1305618	15776179.000
04/13/2012	5.84	5.91	5.80	5.84	1045553	12844913.000
04/16/2012	5.83	5.89	5.74	5.86	1247714	15230023.000
04/17/2012	5.83	5.88	5.70	5.71	790941	9616614.000
04/18/2012	5.73	5.89	5.70	5.86	1018623	12394552.000
04/19/2012	5.82	5.90	5.82	5.90	779382	9575460.000
04/20/2012	5.87	5.93	5.83	5.89	1054992	13021437.000
04/24/2012	5.48	5.60	5.28	5.36	2460330	27983702.000
04/25/2012	5.36	5.39	5.32	5.36	1101591	12402953.000
04/26/2012	5.41	5.43	5.35	5.37	814578	9237995.000
04/27/2012	5.38	5.50	5.37	5.44	954641	10916852.000
05/02/2012	5.55	5.57	5.45	5.53	840638	9759295.000
05/03/2012	5.53	5.62	5.50	5.60	850421	9952614.000
05/04/2012	5.72	5.86	5.63	5.78	1179491	13893062.000
05/07/2012	5.77	5.89	5.76	5.89	939856	11175733.000
05/08/2012	5.89	5.91	5.80	5.85	968624	11577862.000
05/09/2012	5.79	5.85	5.74	5.82	972763	11523499.000
05/10/2012	5.82	5.90	5.79	5.83	789822	9448847.000
05/11/2012	5.84	5.84	5.75	5.75	731020	8651039.000
05/14/2012	5.82	5.86	5.68	5.72	775304	9163014.000
05/15/2012	5.69	5.69	5.53	5.64	625999	7204953.000
05/16/2012	5.64	5.69	5.59	5.60	483269	5567765.000
05/17/2012	5.62	5.71	5.59	5.70	380162	4419010.000
05/18/2012	5.66	5.69	5.57	5.60	347661	4007421.750
05/21/2012	5.58	5.66	5.57	5.62	289301	3329751.000
05/22/2012	5.66	5.70	5.65	5.68	365099	4244531.500
05/23/2012	5.66	5.69	5.60	5.63	534642	6172694.500
05/24/2012	5.63	5.70	5.60	5.70	761418	8816694.000
05/25/2012	5.70	5.70	5.52	5.54	696011	7989513.500
05/28/2012	5.50	5.61	5.41	5.59	437055	4919904.000
05/29/2012	5.60	5.68	5.58	5.68	438007	5061712.000
05/30/2012	5.73	5.74	5.64	5.68	620535	7226667.000
05/31/2012	5.68	5.79	5.64	5.73	622868	7301491.500
06/01/2012	5.73	5.79	5.66	5.69	590355	6915921.500
06/04/2012	5.59	5.69	5.49	5.52	896700	10254432.000
06/05/2012	5.50	5.57	5.47	5.48	418676	4727350.500
06/06/2012	5.51	5.55	5.44	5.48	460679	5168515.000
06/07/2012	5.52	5.55	5.42	5.44	361111	4064180.000
06/08/2012	5.52	5.52	5.43	5.46	312799	3508081.250
06/11/2012	5.47	5.60	5.46	5.59	694595	7890022.000
06/12/2012	5.57	5.65	5.51	5.61	623604	7138968.500
06/13/2012	5.60	5.73	5.59	5.69	685416	7943454.000
06/14/2012	5.71	5.71	5.59	5.60	742066	8557107.000
06/15/2012	5.65	5.65	5.55	5.64	566330	6489882.000
06/18/2012	5.66	5.69	5.64	5.67	600932	6968930.000
06/19/2012	5.67	5.74	5.65	5.68	509550	5930290.500
06/20/2012	5.70	5.84	5.69	5.78	1050050	12439152.000
06/21/2012	5.80	5.80	5.65	5.71	593794	6936487.500
06/25/2012	5.69	5.73	5.59	5.59	557881	6497621.500
06/26/2012	5.58	5.61	5.50	5.59	417030	4752526.500
06/27/2012	5.58	5.71	5.58	5.64	771171	8944726.000
06/28/2012	5.70	5.71	5.57	5.57	556159	6409324.000
06/29/2012	5.55	5.64	5.49	5.63	433252	4950801.000
07/02/2012	5.65	5.77	5.63	5.77	811729	9505525.000
07/03/2012	5.78	5.99	5.75	5.96	2043664	24566390.000
07/04/2012	5.98	6.06	5.87	6.01	2235280	27311738.000
07/05/2012	5.97	6.02	5.88	5.91	1169323	14217377.000
07/06/2012	5.96	5.99	5.67	5.96	1262143	15175695.000
07/09/2012	5.93	6.14	5.93	5.94	1774384	21937872.000
07/10/2012	5.89	6.20	5.88	6.06	1412387	17468784.000
07/11/2012	6.06	6.10	5.93	6.06	1104107	13550430.000
07/12/2012	6.07	6.14	6.02	6.13	614035	7636868.500
07/13/2012	6.08	6.37	6.07	6.19	2069527	26509032.000
07/16/2012	6.20	6.37	6.12	6.12	1893566	24162694.000
07/17/2012	6.08	6.11	5.89	6.02	782011	9574521.000
07/18/2012	6.08	6.10	5.95	6.10	1515419	18778960.000
07/19/2012	6.11	6.30	6.03	6.23	1498826	18976370.000
07/20/2012	6.27	6.33	6.09	6.11	918676	11686757.000
07/23/2012	6.10	6.17	5.97	6.10	573871	7135679.500
07/24/2012	6.07	6.20	6.01	6.13	472471	5894205.000
07/25/2012	6.14	6.19	6.12	6.13	428201	5379709.000
07/26/2012	6.13	6.18	6.03	6.03	538721	6725090.000
07/27/2012	6.07	6.07	5.93	6.00	614143	7538009.000
07/30/2012	5.96	6.03	5.77	5.82	749436	8983230.000
07/31/2012	5.80	5.87	5.67	5.84	469129	5557323.500
08/01/2012	5.82	5.96	5.82	5.93	314454	3805504.000
08/02/2012	5.93	6.02	5.81	5.89	442892	5353399.000
08/03/2012	5.92	6.08	5.87	6.07	472870	5786958.500
08/06/2012	6.02	6.54	6.02	6.47	1688393	21893080.000
08/07/2012	6.49	6.56	6.38	6.49	1416397	18808276.000
08/08/2012	6.46	6.58	6.41	6.46	843424	11179741.000
08/09/2012	6.43	6.60	6.43	6.59	1002577	13374704.000
08/10/2012	6.56	6.59	6.41	6.49	709297	9372923.000
08/13/2012	6.46	6.46	6.26	6.27	736790	9566111.000
08/14/2012	6.27	6.40	6.22	6.40	509543	6586764.000
08/15/2012	6.41	6.41	6.15	6.17	845088	10815736.000
08/16/2012	6.21	6.36	6.15	6.28	631578	8067268.500
08/17/2012	6.22	6.29	6.20	6.28	864768	11018991.000
08/20/2012	6.25	6.40	6.20	6.37	1199276	15514894.000
08/21/2012	6.37	6.57	6.33	6.52	1683547	22248224.000
08/22/2012	6.56	6.56	6.27	6.36	1246025	16279924.000
08/23/2012	6.35	6.41	6.27	6.37	1058404	13700335.000
08/24/2012	6.36	6.37	6.26	6.32	585164	7542400.500
08/27/2012	6.18	6.24	6.05	6.07	890388	11201753.000
08/28/2012	6.06	6.27	6.06	6.18	500248	6296497.000
08/29/2012	6.17	6.37	6.14	6.23	493177	6346618.000
08/30/2012	6.25	6.32	6.03	6.11	623313	7816448.500
08/31/2012	6.09	6.20	6.09	6.17	313146	3932452.500
09/03/2012	6.10	6.33	6.10	6.31	596066	7606110.000
09/04/2012	6.28	6.36	6.25	6.31	678568	8738658.000
09/05/2012	6.29	6.46	6.27	6.40	772446	10082116.000
09/06/2012	6.45	6.47	6.33	6.42	529456	6910453.500
09/07/2012	6.45	6.57	6.45	6.54	1268201	16912394.000
09/10/2012	6.56	6.58	6.46	6.50	633854	8415607.000
09/11/2012	6.54	6.58	6.43	6.53	686999	9112446.000
09/12/2012	6.58	6.65	6.49	6.64	1075360	14444190.000
09/13/2012	6.66	6.77	6.50	6.54	1323278	17923774.000
09/14/2012	6.57	6.59	6.42	6.42	1063098	14120798.000
09/17/2012	6.42	6.44	6.22	6.26	716851	9268151.000
09/18/2012	6.25	6.34	6.19	6.28	583299	7463765.500
09/19/2012	6.29	6.35	6.27	6.30	388742	5012241.000
09/20/2012	6.33	6.33	6.07	6.08	600600	7591828.500
09/21/2012	6.08	6.14	5.92	5.93	404918	4985044.500
09/24/2012	5.93	5.95	5.72	5.80	898332	10672317.000
09/25/2012	5.84	5.84	5.62	5.69	656435	7691404.000
09/26/2012	5.65	5.70	5.57	5.58	441020	5081475.000
09/27/2012	5.60	5.72	5.57	5.67	508100	5876355.000
09/28/2012	5.63	5.76	5.63	5.76	406250	4758144.500
10/08/2012	5.80	5.84	5.72	5.76	309964	3660210.250
10/09/2012	5.76	6.05	5.76	6.02	694814	8407052.000
10/10/2012	5.98	6.05	5.92	6.05	531562	6515777.500
10/11/2012	6.01	6.05	5.89	5.92	305999	3730457.000
10/12/2012	5.92	5.97	5.82	5.86	316597	3809465.250
10/15/2012	5.85	5.85	5.63	5.69	612688	7158082.500
10/16/2012	5.69	5.78	5.67	5.70	297557	3489831.250
10/17/2012	5.77	5.81	5.71	5.77	348700	4105478.500
10/18/2012	5.77	5.93	5.74	5.89	546245	6560730.000
10/19/2012	5.91	5.91	5.84	5.89	334941	4022813.500
10/22/2012	5.83	5.98	5.82	5.94	424014	5092398.500
10/23/2012	5.95	6.04	5.92	5.92	379219	4615729.000
10/24/2012	5.89	5.93	5.85	5.88	316308	3805072.750
10/25/2012	5.90	5.94	5.83	5.85	405166	4869200.500
10/26/2012	5.80	5.89	5.69	5.75	343804	4045031.750
10/29/2012	5.80	5.81	5.70	5.73	237980	2784852.500
10/30/2012	5.73	5.81	5.70	5.77	430196	5060971.500
10/31/2012	5.77	5.77	5.70	5.77	315003	3689514.000
11/01/2012	5.76	5.87	5.75	5.87	533659	6357472.500
11/02/2012	5.87	5.92	5.79	5.85	503544	6010273.500
11/05/2012	5.86	5.88	5.77	5.81	445395	5295863.500
11/06/2012	5.76	5.79	5.62	5.67	1416171	16445230.000
11/07/2012	5.67	5.70	5.65	5.67	400167	4647560.000
11/08/2012	5.66	5.66	5.52	5.52	705185	8060261.000
11/09/2012	5.56	5.58	5.49	5.56	330248	3742133.750
11/12/2012	5.58	5.67	5.57	5.64	496074	5706871.500
11/13/2012	5.62	5.76	5.57	5.69	1114993	12931023.000
11/14/2012	5.73	5.75	5.54	5.58	1176552	13588573.000
11/15/2012	5.56	5.56	5.37	5.38	850400	9479547.000
11/16/2012	5.37	5.42	5.33	5.37	366577	4036123.500
11/19/2012	5.35	5.40	5.35	5.40	183799	2024593.000
11/20/2012	5.42	5.43	5.36	5.36	392810	4336894.000
11/21/2012	5.37	5.42	5.31	5.42	405660	4461783.500
11/22/2012	5.38	5.40	5.34	5.35	428856	4715642.500
11/23/2012	5.36	5.40	5.33	5.35	428218	4702811.500
11/26/2012	5.34	5.34	5.23	5.25	396377	4285019.000
11/27/2012	5.24	5.24	5.08	5.09	388209	4095481.250
11/28/2012	5.11	5.32	5.05	5.08	697510	7357400.000
11/29/2012	5.09	5.15	5.04	5.06	202709	2115180.000
11/30/2012	5.06	5.10	5.02	5.06	440564	4566860.000
12/03/2012	5.06	5.26	4.93	4.94	453700	4732989.500
12/04/2012	4.95	4.99	4.85	4.95	570531	5739388.000
12/05/2012	4.99	5.20	4.92	5.14	868081	9125297.000
12/06/2012	5.14	5.24	5.14	5.23	692144	7358048.500
12/07/2012	5.25	5.31	5.18	5.29	968997	10449502.000
12/10/2012	5.29	5.35	5.24	5.34	1263475	13725601.000
12/11/2012	5.32	5.34	5.22	5.23	763673	8258069.500
12/12/2012	5.23	5.27	5.07	5.16	1011359	10666987.000
12/13/2012	5.16	5.16	5.06	5.08	574812	6003142.000
12/14/2012	5.08	5.30	5.08	5.28	1495116	16060541.000
12/17/2012	5.29	5.34	5.25	5.32	985840	10703933.000
12/18/2012	5.31	5.34	5.23	5.28	1015142	10988884.000
12/19/2012	5.28	5.30	5.24	5.28	672382	7268921.500
12/20/2012	5.27	5.30	5.17	5.26	1168117	12546431.000
12/21/2012	5.25	5.41	5.24	5.39	1623106	17754044.000
12/24/2012	5.40	5.48	5.36	5.42	2186314	24287376.000
12/25/2012	5.63	5.79	5.60	5.68	5711131	66374004.000
12/26/2012	5.60	5.84	5.58	5.82	2898459	33959928.000
12/27/2012	5.79	5.94	5.68	5.70	2176066	25786518.000
12/28/2012	5.68	5.79	5.67	5.78	1556769	18297620.000
12/31/2012	5.79	5.82	5.68	5.69	1635177	19165500.000
01/04/2013	5.73	5.76	5.61	5.69	1148719	13319390.000
01/07/2013	5.70	5.74	5.64	5.73	1071891	12515445.000
01/08/2013	5.72	5.94	5.71	5.84	2302063	27479802.000
01/09/2013	5.84	6.10	5.80	5.98	3474240	42341860.000
01/10/2013	6.59	6.59	6.59	6.59	2953614	39696572.000
01/11/2013	6.97	7.26	6.74	6.97	14821636	212913984.000
01/14/2013	6.84	7.16	6.70	7.07	10030114	141642336.000
01/15/2013	6.97	7.10	6.80	6.89	6303841	89059352.000
01/16/2013	6.88	6.88	6.50	6.63	5504745	74615896.000
01/17/2013	6.63	6.76	6.57	6.65	2338958	31744784.000
01/18/2013	6.62	6.79	6.51	6.72	3086158	41930680.000
01/21/2013	7.40	7.40	7.40	7.40	2536779	38229260.000
01/22/2013	7.92	8.12	7.50	7.57	14772440	235591376.000
01/23/2013	7.51	8.25	7.38	8.06	11571641	185381440.000
01/24/2013	7.98	8.09	7.37	7.55	8724071	138161024.000
01/25/2013	7.52	7.91	7.52	7.61	4301403	67599600.000
01/28/2013	7.64	7.99	7.57	7.86	4689923	74719776.000
01/29/2013	7.87	8.16	7.77	8.03	5647707	91840816.000
01/30/2013	7.98	8.10	7.75	7.86	4240088	68340928.000
01/31/2013	7.79	8.06	7.73	8.03	3866005	62310748.000
02/01/2013	7.98	8.29	7.88	8.06	6800826	111615688.000
02/04/2013	7.81	8.09	7.24	7.24	13042480	197006880.000
02/05/2013	7.12	7.34	7.08	7.22	4112801	60376484.000
02/06/2013	7.27	7.46	7.25	7.33	3574934	53617048.000
02/07/2013	7.32	7.33	7.18	7.30	3270105	48353620.000
02/08/2013	7.31	7.66	7.24	7.61	9211666	139636272.000
02/18/2013	7.52	7.57	7.34	7.41	8083835	121920528.000
02/19/2013	7.41	7.47	7.26	7.40	4629872	69527248.000
02/20/2013	7.41	7.54	7.33	7.48	4777535	72367688.000
02/21/2013	7.42	7.44	7.21	7.22	3475674	51901916.000
02/22/2013	7.24	7.49	7.24	7.41	4201689	63006672.000
02/25/2013	7.37	7.57	7.37	7.53	5561794	84780944.000
02/26/2013	7.49	7.75	7.43	7.53	7723479	118806832.000
02/27/2013	7.53	7.77	7.47	7.59	5082049	78520680.000
02/28/2013	7.62	7.65	7.41	7.57	4346533	66572700.000
03/01/2013	7.54	7.69	7.52	7.58	4264694	65857384.000
03/04/2013	7.52	7.56	7.21	7.21	4077964	61259208.000
03/05/2013	7.24	7.37	7.24	7.37	2491637	37109656.000
03/06/2013	7.37	7.65	7.34	7.58	4788075	73458472.000
03/07/2013	7.55	7.64	7.33	7.36	3992833	60957948.000
03/08/2013	7.37	7.41	7.21	7.23	2564438	38190416.000
03/11/2013	7.23	7.37	7.23	7.31	1504616	22430516.000
03/12/2013	7.28	7.34	6.90	6.97	3491031	50355944.000
03/13/2013	7.01	7.02	6.87	7.00	1497774	21195568.000
03/14/2013	7.03	7.05	6.90	6.91	1630234	23150610.000
03/15/2013	6.94	7.10	6.82	6.99	3916804	55435344.000
03/18/2013	6.94	6.98	6.83	6.84	2254614	31650994.000
03/19/2013	6.85	6.91	6.77	6.88	1228074	17148842.000
03/20/2013	6.92	7.09	6.87	7.07	2675460	38215972.000
03/21/2013	7.10	7.23	7.07	7.18	2787067	40584708.000
03/22/2013	7.16	7.20	7.10	7.19	1466839	21374512.000
03/25/2013	7.22	7.27	7.15	7.18	1495698	21919050.000
03/26/2013	7.21	7.44	7.16	7.42	4304808	64047180.000
03/27/2013	7.46	7.50	7.39	7.46	4211550	63796404.000
03/28/2013	7.37	7.48	7.20	7.23	4348690	64919292.000
03/29/2013	7.29	7.33	7.15	7.16	1507930	22232566.000
04/01/2013	7.13	7.45	7.13	7.38	2542137	38015284.000
04/02/2013	7.37	7.44	6.97	6.99	2698745	39450236.000
04/03/2013	7.00	7.06	6.85	6.88	1196873	16887594.000
04/08/2013	6.83	7.07	6.70	7.06	1415337	19869612.000
04/09/2013	7.02	7.14	7.01	7.10	1178228	17012628.000
04/10/2013	7.10	7.10	6.92	7.00	1117732	15944725.000
04/11/2013	7.04	7.05	6.93	6.98	685241	9765383.000
04/12/2013	6.96	7.00	6.82	6.87	998783	14057475.000
04/15/2013	6.83	6.90	6.81	6.87	577730	8073901.500
04/16/2013	6.83	6.94	6.81	6.92	668277	9350531.000
04/17/2013	6.90	7.06	6.90	7.03	1087552	15505766.000
04/18/2013	7.02	7.23	6.94	7.22	2310645	33649732.000
04/19/2013	7.24	7.35	7.17	7.30	2311809	34280308.000
04/22/2013	7.24	7.57	7.24	7.53	3381391	51320968.000
04/23/2013	7.52	7.54	7.27	7.29	2546068	38276692.000
04/24/2013	7.31	7.60	7.25	7.59	3614611	54870604.000
04/25/2013	7.76	7.86	7.47	7.47	6126421	96126200.000
04/26/2013	7.52	7.57	7.06	7.06	3640143	53794132.000
05/02/2013	7.04	7.19	6.94	7.19	1326258	19232408.000
05/03/2013	7.22	7.50	7.22	7.46	2480231	37429392.000
05/06/2013	7.56	7.70	7.44	7.45	5148130	79425056.000
05/07/2013	7.51	7.86	7.43	7.57	12999124	99855104.000
05/08/2013	7.58	8.15	7.48	8.11	16157043	127288456.000
05/09/2013	8.47	8.92	8.30	8.73	31214182	268193536.000
05/10/2013	8.56	8.76	8.39	8.51	13222988	113430088.000
05/13/2013	8.51	9.06	8.49	9.00	13997675	122780032.000
05/14/2013	8.88	8.98	8.50	8.53	10371884	90465192.000
05/15/2013	8.54	8.74	8.42	8.70	7186285	62114008.000
05/16/2013	8.67	9.00	8.51	8.72	12835688	112712904.000
05/17/2013	8.61	9.25	8.50	9.18	14234244	128361784.000
05/20/2013	9.18	9.89	9.18	9.42	14888819	143360544.000
05/21/2013	9.40	10.04	9.36	9.92	11841388	116377296.000
05/22/2013	9.72	9.84	9.08	9.21	12131089	114599656.000
05/23/2013	9.17	9.55	8.97	9.32	10460086	97168896.000
05/24/2013	9.32	9.55	9.17	9.40	5780051	54355644.000
05/27/2013	9.32	9.57	9.32	9.49	7312468	69440304.000
05/28/2013	9.47	9.47	8.57	8.60	14476357	128762952.000
05/29/2013	8.67	8.77	8.42	8.55	8698993	74842416.000
05/30/2013	8.53	8.90	8.53	8.82	6497697	56999688.000
05/31/2013	8.87	9.01	8.66	8.77	6518683	57564440.000
06/03/2013	8.77	8.92	8.22	8.39	8595701	73448664.000
06/04/2013	8.36	8.38	7.98	8.30	6904603	56540052.000
06/05/2013	8.22	8.40	8.11	8.30	3229995	26835838.000
06/06/2013	8.28	8.28	8.02	8.04	3368365	27499324.000
06/07/2013	8.08	8.30	8.00	8.19	3471690	28390146.000
06/13/2013	8.08	8.21	7.80	8.01	4344800	35121972.000
06/14/2013	8.10	8.62	8.10	8.52	7070704	59511992.000
06/17/2013	8.65	8.94	8.48	8.66	9880912	86538192.000
06/18/2013	8.65	8.78	8.34	8.64	8570229	73723856.000
06/19/2013	8.47	8.57	8.22	8.47	5240056	44262324.000
06/20/2013	8.48	8.48	7.86	7.89	5757692	47216128.000
06/21/2013	7.78	7.78	7.37	7.67	5622361	43073916.000
06/24/2013	7.67	8.01	7.28	7.51	5480724	42440732.000
06/25/2013	7.33	7.75	6.98	7.63	6002115	44639136.000
06/26/2013	7.66	8.30	7.65	8.19	9536717	77466856.000
06/27/2013	8.13	8.22	7.82	7.91	6975362	56324312.000
06/28/2013	7.87	7.96	7.48	7.75	3678018	28597004.000
07/01/2013	7.76	7.96	7.53	7.92	7097791	55563888.000
07/02/2013	7.92	8.33	7.87	8.21	8528330	69706472.000
07/03/2013	8.20	8.47	7.95	8.41	10376704	85964312.000
07/04/2013	8.36	8.62	8.18	8.22	8172482	69140464.000
07/05/2013	8.23	8.41	7.97	7.98	5744993	47329832.000
07/08/2013	7.80	7.92	7.53	7.58	4773976	37012812.000
07/09/2013	7.65	7.87	7.59	7.74	3842312	29877240.000
07/10/2013	7.74	7.91	7.70	7.84	4279086	33564532.000
07/11/2013	7.82	8.09	7.77	8.05	5319261	42416740.000
07/12/2013	8.08	8.43	8.00	8.26	7985101	66439152.000
07/15/2013	8.08	8.59	8.07	8.55	10712285	89855424.000
07/16/2013	8.47	8.66	8.28	8.55	9078697	76985056.000
07/17/2013	8.55	9.01	8.42	8.87	15278207	134177528.000
07/18/2013	8.72	9.18	8.49	9.14	14879430	133192920.000
07/19/2013	9.09	9.27	8.42	8.49	15737457	140898128.000
07/22/2013	8.44	8.89	8.37	8.86	8820902	77160096.000
07/23/2013	8.87	9.03	8.71	8.99	9100551	81083480.000
07/24/2013	8.99	9.15	8.80	9.08	11428516	102909256.000
07/25/2013	9.08	9.32	8.59	8.73	11503168	103350128.000
07/26/2013	8.72	8.85	8.52	8.81	8472789	73773488.000
07/29/2013	9.32	9.47	8.90	8.93	10665521	97518224.000
07/30/2013	8.89	8.98	8.43	8.60	7355975	63883008.000
07/31/2013	8.63	8.90	8.58	8.71	5640873	49492020.000
08/01/2013	8.66	9.24	8.66	9.15	11684406	106202976.000
08/02/2013	9.30	9.52	9.15	9.21	13488612	126134720.000
08/05/2013	9.27	9.38	9.07	9.13	10296102	94801304.000
08/06/2013	9.10	9.39	9.09	9.26	10028663	92998040.000
08/07/2013	9.23	9.23	8.75	8.82	10307664	92369128.000
08/08/2013	8.77	8.99	8.69	8.79	5146066	45593576.000
08/09/2013	8.79	8.90	8.46	8.65	7335045	63766748.000
08/12/2013	8.69	8.75	8.47	8.65	5277002	45538304.000
08/13/2013	8.47	8.79	8.47	8.74	3847827	33539474.000
08/14/2013	8.91	8.92	8.57	8.76	8329661	73312720.000
08/15/2013	8.73	8.86	8.67	8.67	4788396	42138632.000
08/16/2013	8.57	8.94	8.57	8.59	6877462	60490268.000
08/19/2013	8.59	9.07	8.50	9.04	9214303	82302592.000
08/20/2013	9.04	9.17	8.87	9.06	7870247	71319048.000
08/21/2013	9.06	9.97	9.05	9.97	12993284	127284680.000
08/22/2013	10.97	10.97	10.97	10.97	19195331	211148640.000
08/23/2013	10.67	10.67	9.95	10.37	35006548	363421792.000
08/26/2013	10.52	11.03	10.22	10.80	31961836	342677088.000
08/27/2013	10.60	10.74	10.30	10.64	16755914	176763328.000
08/28/2013	10.62	10.62	9.98	10.01	15933010	164407136.000
08/29/2013	10.02	10.97	10.02	10.85	19327118	203842560.000
08/30/2013	10.77	10.77	9.97	10.05	17489864	180757792.000
09/02/2013	9.95	10.35	9.77	10.10	6662217	67479200.000
09/03/2013	10.02	10.49	10.02	10.26	6390860	66028060.000
09/04/2013	10.25	10.33	10.05	10.08	6019964	61283960.000
09/05/2013	10.02	10.54	9.98	10.26	8200152	85018192.000
09/06/2013	10.27	10.73	10.19	10.49	8804221	92528048.000
09/09/2013	10.57	10.77	10.28	10.38	8616291	90380848.000
09/10/2013	10.31	10.44	10.07	10.13	7180139	73568936.000
09/11/2013	10.08	10.12	9.43	9.50	10519132	102555712.000
09/12/2013	9.49	9.69	9.33	9.43	5568466	53186300.000
09/13/2013	9.41	9.67	9.32	9.57	4513021	43200944.000
09/16/2013	9.63	9.85	9.59	9.68	4774660	46497212.000
09/17/2013	9.63	9.98	9.59	9.63	5630703	55329984.000
09/18/2013	9.62	9.90	9.52	9.82	4801034	46755776.000
09/23/2013	9.88	10.29	9.71	10.19	9602363	96569912.000
09/24/2013	10.20	10.74	9.88	10.57	14457009	149619216.000
09/25/2013	10.47	10.53	10.18	10.22	8870916	92205080.000
09/26/2013	10.43	10.81	10.13	10.17	9612458	100775600.000
09/27/2013	9.97	10.37	9.97	10.24	4742140	48366664.000
09/30/2013	10.25	10.53	10.11	10.41	7039412	73123768.000
10/08/2013	10.53	10.77	10.35	10.71	10677259	113329472.000
10/09/2013	10.67	11.78	10.67	11.43	27685930	319265984.000
10/10/2013	11.27	11.43	10.77	11.11	14558473	163038752.000
10/11/2013	11.13	11.74	11.13	11.69	14914970	171254896.000
10/14/2013	11.80	12.36	11.59	12.07	15992727	191432016.000
10/15/2013	11.85	12.25	11.65	12.12	11477768	138155920.000
10/16/2013	12.07	12.07	11.32	11.63	12175336	142486528.000
10/17/2013	11.63	11.77	11.17	11.28	5886241	67591096.000
10/18/2013	11.34	11.71	11.11	11.48	6506146	74458112.000
10/21/2013	11.56	11.90	11.47	11.90	6819244	80384064.000
10/22/2013	11.92	12.01	11.27	11.37	9958513	115515512.000
10/23/2013	11.29	11.32	10.42	10.87	8394112	90957360.000
10/24/2013	10.62	10.88	10.41	10.80	4845258	51556704.000
10/25/2013	10.80	10.80	10.36	10.54	3932218	41431672.000
10/28/2013	10.57	10.62	10.40	10.48	1812959	19057054.000
10/29/2013	10.52	10.62	9.43	9.60	6856004	67661256.000
10/30/2013	9.57	9.93	9.39	9.85	2659914	25929628.000
10/31/2013	9.84	9.90	9.52	9.73	3527274	34432856.000
11/01/2013	9.67	9.72	9.30	9.34	3257682	30890050.000
11/04/2013	9.34	10.02	9.34	9.82	4534418	44276128.000
11/05/2013	9.81	10.03	9.63	10.01	2989827	29619400.000
11/06/2013	10.05	10.23	9.77	9.80	3219782	32317018.000
11/07/2013	9.82	9.93	9.69	9.80	1567407	15384393.000
11/08/2013	9.77	9.77	9.45	9.58	2023020	19457572.000
11/11/2013	9.58	9.81	9.49	9.73	1406127	13603779.000
11/12/2013	9.73	9.85	9.63	9.75	2189685	21402874.000
11/13/2013	9.85	10.22	9.72	9.99	7928197	79426736.000
11/14/2013	9.84	10.41	9.68	10.14	9563313	96331600.000
11/15/2013	10.49	10.66	10.23	10.36	12157102	127018400.000
11/18/2013	10.28	10.39	10.16	10.31	11622201	119693632.000
11/19/2013	10.27	10.95	10.22	10.73	14113681	150451088.000
11/20/2013	10.57	10.92	10.57	10.80	10753278	115864280.000
11/21/2013	10.71	11.05	10.61	10.92	7881435	85914312.000
11/22/2013	10.90	10.90	10.46	10.59	6258960	66952552.000
11/25/2013	10.50	10.61	10.32	10.51	5641781	59115444.000
11/26/2013	10.52	11.17	10.43	11.10	12244067	134104656.000
11/27/2013	11.28	11.75	11.25	11.47	20731261	238920400.000
11/28/2013	11.57	11.60	11.20	11.31	11182076	127510744.000
11/29/2013	11.35	11.87	11.35	11.82	14641486	170697264.000
12/02/2013	11.02	11.47	10.64	10.64	14943345	165085408.000
12/03/2013	10.36	11.03	10.25	10.94	7479990	79630584.000
12/04/2013	10.72	11.22	10.72	10.87	6036999	66794420.000
12/05/2013	11.05	11.06	10.07	10.24	11010776	114710800.000
12/06/2013	10.21	10.44	9.97	10.09	4530143	45989596.000
12/09/2013	10.08	10.33	10.04	10.28	3571747	36578576.000
12/10/2013	10.28	10.30	9.99	10.09	5622486	56867976.000
12/11/2013	10.09	10.21	9.96	10.16	3231762	32636426.000
12/12/2013	10.14	10.30	10.08	10.27	2841949	29175948.000
12/13/2013	10.17	10.37	10.14	10.23	2281619	23472860.000
12/16/2013	10.18	10.27	9.93	9.96	3207708	32326030.000
12/17/2013	9.97	10.07	9.77	9.91	2023102	20106924.000
12/18/2013	9.91	9.97	9.77	9.91	2255927	22272732.000
12/19/2013	9.91	10.11	9.91	9.95	1792872	17995144.000
12/20/2013	10.04	10.04	9.72	9.76	1556424	15328185.000
12/23/2013	9.76	9.82	9.50	9.58	1297114	12530743.000
12/24/2013	9.69	9.90	9.56	9.73	2220570	21659994.000
12/25/2013	9.77	10.12	9.70	10.08	2644660	26444608.000
03/20/2014	11.09	11.09	10.65	11.09	59241098	654778816.000
03/21/2014	10.57	10.97	10.42	10.77	30338427	326256960.000
03/24/2014	10.74	11.27	10.65	11.04	23049306	255246032.000
03/25/2014	11.30	11.72	11.09	11.19	29457739	336797952.000
03/26/2014	11.11	11.90	11.11	11.65	25557315	296948288.000
03/27/2014	11.52	11.65	10.87	10.92	18662090	210687840.000
03/28/2014	10.85	11.15	10.49	10.57	13038066	141835312.000
03/31/2014	10.65	11.01	10.52	10.75	10335029	111868744.000
04/01/2014	10.77	11.25	10.59	11.24	15304946	168850736.000
04/02/2014	11.17	11.32	10.95	11.27	12846676	143339696.000
04/03/2014	11.27	11.65	11.11	11.32	12280259	140193952.000
04/04/2014	11.19	11.63	11.02	11.56	11146885	126182344.000
04/08/2014	11.31	12.25	11.26	12.08	16166520	191650432.000
04/09/2014	11.98	12.60	11.91	12.47	19405739	238075776.000
04/10/2014	12.37	12.83	12.10	12.39	19024658	237639136.000
04/11/2014	12.32	12.63	11.97	12.41	13808336	170774128.000
04/14/2014	12.37	12.65	12.17	12.58	10901087	135670512.000
04/15/2014	12.48	13.07	12.38	12.67	16462595	209198320.000
04/16/2014	12.57	12.64	12.20	12.39	10926560	135644096.000
04/17/2014	12.39	13.26	12.39	13.02	15878645	204859584.000
04/18/2014	12.87	13.09	12.71	12.93	8856439	114554624.000
04/21/2014	12.81	12.89	12.17	12.21	11906284	149767936.000
04/22/2014	12.32	12.51	11.93	12.41	12741310	156503568.000
04/23/2014	12.28	12.46	12.11	12.17	6694801	82600008.000
04/24/2014	12.27	12.31	11.54	11.60	11596156	137736336.000
04/25/2014	11.49	11.64	11.01	11.01	9582419	108969096.000
04/28/2014	11.01	11.16	10.67	11.06	12932169	141748112.000
04/29/2014	10.97	11.39	10.89	11.30	7830242	86524008.000
04/30/2014	11.34	11.55	11.29	11.40	6023347	68848240.000
05/05/2014	11.30	11.57	11.06	11.44	6840249	77434872.000
05/06/2014	11.40	11.58	11.31	11.37	7045662	80759816.000
05/07/2014	11.37	11.37	10.81	10.81	7059615	77936960.000
05/08/2014	10.74	11.27	10.73	11.03	8014899	88617032.000
05/09/2014	11.00	11.22	10.92	11.04	4899581	54203812.000
05/12/2014	11.14	11.34	10.92	11.32	4861059	54434608.000
05/13/2014	11.26	11.38	11.05	11.15	4084768	45741728.000
05/14/2014	11.17	11.17	10.97	10.98	3185940	35219448.000
05/15/2014	10.91	11.05	10.42	10.55	5995260	64015732.000
05/16/2014	10.50	10.63	10.16	10.28	4879122	50394660.000
05/19/2014	10.42	10.85	10.32	10.70	6379675	67942040.000
05/20/2014	11.58	11.77	11.30	11.77	8714432	101709672.000
05/21/2014	12.03	12.26	11.67	12.03	24677069	295480960.000
05/22/2014	11.85	12.59	11.85	12.12	18332082	224631920.000
05/23/2014	12.05	12.41	11.86	12.19	12964265	157118000.000
05/26/2014	12.19	12.53	12.11	12.20	13586468	167073328.000
05/27/2014	12.21	12.34	11.93	12.02	11055355	133617672.000
05/28/2014	12.03	12.56	11.99	12.40	16616005	204482448.000
05/29/2014	12.52	12.78	12.00	12.01	13172490	162541152.000
05/30/2014	11.91	12.28	11.78	11.97	12305329	148198176.000
06/03/2014	11.95	12.41	11.92	12.13	9364257	114216832.000
06/04/2014	12.24	12.45	11.95	12.41	12201011	149467104.000
06/05/2014	12.36	12.77	12.24	12.64	19255477	241205568.000
06/06/2014	12.63	12.87	12.34	12.41	13270371	166870880.000
06/09/2014	12.44	12.60	12.00	12.10	10717909	131436088.000
06/10/2014	12.01	12.74	11.90	12.71	19212355	237069296.000
06/11/2014	12.58	12.76	12.52	12.64	11262144	142089344.000
06/12/2014	12.65	12.85	12.45	12.65	16130204	203909616.000
06/13/2014	12.62	13.44	12.38	13.14	26300163	341097376.000
06/16/2014	13.00	13.11	12.85	12.99	14846414	192642816.000
06/17/2014	12.90	13.29	12.80	12.91	13109374	171299472.000
06/18/2014	12.85	12.95	12.41	12.44	12724842	161162656.000
06/19/2014	12.41	12.60	11.52	11.65	13255029	159691856.000
06/20/2014	11.68	11.78	11.48	11.76	6337516	73834744.000
06/23/2014	11.79	12.32	11.74	12.19	8911859	107926016.000
06/24/2014	12.14	12.54	12.06	12.39	7251573	89333616.000
06/25/2014	12.36	12.48	12.10	12.37	5960222	73043336.000
06/26/2014	12.34	12.96	12.34	12.76	8853485	112885488.000
06/27/2014	12.70	13.26	12.67	13.00	11373762	147682560.000
06/30/2014	13.05	13.22	12.80	13.09	9656444	125791152.000
07/01/2014	13.05	13.06	12.79	12.92	8177065	105456760.000
07/02/2014	12.93	13.08	12.58	13.05	11428649	146610704.000
07/03/2014	12.92	13.48	12.81	13.44	15566082	205768048.000
07/04/2014	13.35	13.38	12.95	13.09	11170649	146730640.000
07/07/2014	13.06	13.18	12.85	12.97	5997813	77725360.000
07/08/2014	12.96	13.51	12.90	13.47	15050409	200393424.000
07/09/2014	13.40	13.65	12.77	12.81	17273221	227651648.000
07/10/2014	12.70	12.96	12.61	12.66	9209773	117684552.000
07/11/2014	12.61	12.88	12.58	12.78	7920289	100731888.000
07/14/2014	12.40	12.57	12.14	12.47	13788437	170478896.000
07/15/2014	12.47	12.65	12.33	12.61	6814403	85004984.000
07/16/2014	12.57	12.67	12.25	12.25	6211503	76991424.000
07/17/2014	12.22	12.63	12.15	12.60	6500258	81069968.000
07/18/2014	12.65	12.67	12.35	12.40	3210542	40182000.000
07/21/2014	12.35	12.65	12.20	12.57	5027635	62674184.000
07/22/2014	12.55	12.70	12.43	12.64	5293641	66652828.000
07/23/2014	12.63	12.72	12.08	12.15	7481511	92396744.000
07/24/2014	12.13	12.20	11.60	11.82	7644842	90411056.000
07/25/2014	11.78	12.05	11.65	12.05	4409923	52711540.000
07/28/2014	12.18	12.30	12.02	12.18	4186248	50948976.000
07/29/2014	12.20	12.46	12.20	12.36	5881812	72557800.000
07/30/2014	12.34	12.50	12.13	12.40	4452095	54933948.000
07/31/2014	12.36	12.49	12.27	12.38	3532562	43676736.000
08/01/2014	12.35	12.38	12.06	12.10	5745988	70133120.000
08/04/2014	12.08	12.19	12.00	12.14	3672335	44477004.000
08/05/2014	12.14	12.46	11.99	12.38	6845621	84043816.000
08/06/2014	12.38	12.48	12.30	12.32	4062564	50352984.000
08/07/2014	12.32	12.44	12.01	12.09	8048907	98322848.000
08/08/2014	12.02	12.39	12.02	12.39	5231372	64195820.000
08/11/2014	12.48	12.69	12.43	12.61	7475147	94031864.000
08/12/2014	12.61	12.74	12.52	12.62	5623035	70995792.000
08/13/2014	12.70	12.70	12.35	12.67	6684581	83873968.000
08/14/2014	12.66	13.34	12.60	13.06	16452575	214603024.000
08/15/2014	13.10	13.57	12.91	13.51	12165875	160675168.000
08/18/2014	13.51	13.58	13.33	13.53	8455760	113849496.000
08/19/2014	13.62	13.73	13.31	13.70	9779439	132538288.000
08/20/2014	13.64	13.84	13.19	13.36	9604435	129051280.000
08/21/2014	13.40	13.40	13.14	13.33	6351916	84107112.000
08/22/2014	13.42	13.59	13.19	13.45	8545426	114450680.000
08/25/2014	13.51	14.22	13.45	13.82	14220409	196499056.000
08/26/2014	13.69	13.80	13.10	13.26	8887795	119349944.000
08/27/2014	13.34	14.24	13.26	13.84	12789076	178057648.000
08/28/2014	13.72	14.38	13.72	13.99	10907710	153932112.000
08/29/2014	13.86	14.35	13.75	14.35	7929705	111770616.000
09/01/2014	14.49	14.76	14.18	14.71	9367382	135873536.000
09/02/2014	14.63	15.18	14.59	14.97	14020373	208266496.000
09/03/2014	14.95	15.10	14.70	14.97	8284866	123595432.000
09/04/2014	14.87	15.18	14.77	15.06	9352320	139774384.000
09/05/2014	14.94	15.06	14.58	14.88	9823507	144935376.000
09/09/2014	14.90	15.35	14.76	15.31	10275306	154624144.000
09/10/2014	15.21	15.28	14.80	14.90	9248341	138889456.000
09/11/2014	14.88	15.26	14.59	14.80	9820284	146491856.000
09/12/2014	14.87	14.99	14.72	14.90	6229528	92484552.000
09/15/2014	14.92	15.77	14.89	15.77	13513733	205802624.000
09/16/2014	15.58	15.77	14.91	15.04	11372549	174503424.000
09/17/2014	15.16	15.29	14.69	15.04	6126270	91487824.000
09/18/2014	15.02	15.77	14.88	15.63	10782243	165603760.000
09/19/2014	15.60	16.26	15.24	16.00	12495140	197572352.000
09/22/2014	16.01	16.35	15.78	16.14	8072964	129828216.000
09/23/2014	16.09	16.29	15.78	16.10	8042427	128968952.000
09/24/2014	16.12	16.65	16.00	16.60	7990198	130783752.000
09/25/2014	16.68	16.79	16.28	16.39	5571003	92023784.000
09/26/2014	16.20	16.35	15.82	16.03	6002679	95976920.000
09/29/2014	16.12	16.97	16.09	16.96	8424407	140157312.000
09/30/2014	16.85	17.84	16.79	17.34	9076483	157987312.000
10/08/2014	17.30	17.50	16.91	17.12	7041294	120020112.000
10/09/2014	17.12	17.28	16.62	17.06	6980032	118125848.000
10/10/2014	16.83	17.02	16.51	16.99	7296700	122677232.000
10/13/2014	16.81	16.82	16.20	16.45	7192800	117912680.000
10/14/2014	16.48	16.48	15.06	15.80	17154258	271686144.000
10/15/2014	15.48	15.64	15.22	15.55	7520517	115901864.000
10/16/2014	15.34	15.71	15.09	15.09	6285646	97121680.000
10/17/2014	15.05	15.20	14.00	14.67	8499156	124672760.000
10/20/2014	14.72	15.44	14.70	15.35	7854733	118591696.000
10/21/2014	15.33	15.33	14.71	14.91	5853722	87866072.000
10/22/2014	14.92	14.99	14.60	14.67	3440171	51038296.000
10/23/2014	14.61	14.99	14.43	14.96	4561393	66849668.000
10/24/2014	14.96	15.08	14.65	14.83	4465759	66498108.000
10/27/2014	14.60	15.37	14.41	15.27	5423642	81085768.000
10/28/2014	15.20	15.49	15.13	15.43	8894572	136356512.000
10/29/2014	15.43	15.65	15.24	15.52	12662895	195447648.000
10/30/2014	15.65	15.66	15.15	15.25	9774380	150647120.000
10/31/2014	15.20	15.28	14.50	14.73	12086450	178348448.000
数据来源:通达信
