300003 乐普医疗 日线
      日期	    开盘	    最高	    最低	    收盘	    成交量	    成交额
10/08/2010	24.54	25.24	23.89	24.82	3044898	77287816.000
10/11/2010	24.85	24.85	24.27	24.58	3533327	88966696.000
10/12/2010	24.66	25.36	24.49	24.87	3477900	89496368.000
10/13/2010	24.93	25.54	24.56	25.52	3277262	84713952.000
10/14/2010	25.53	26.22	25.00	25.56	4605834	121546840.000
10/15/2010	25.46	25.46	24.16	24.74	5061431	128738856.000
10/18/2010	24.46	24.46	23.46	23.76	3542911	86780720.000
10/19/2010	23.76	26.21	23.76	25.81	6147968	161681504.000
10/20/2010	25.24	27.40	25.09	26.26	8204509	223317616.000
10/21/2010	26.27	26.31	25.46	25.98	3078595	81997184.000
10/22/2010	25.99	27.18	25.62	26.56	4122007	113238872.000
10/25/2010	26.62	27.81	26.62	27.01	4650656	130240216.000
10/26/2010	27.26	27.56	25.71	26.26	6570977	176859296.000
10/27/2010	26.29	27.05	25.62	25.65	5270202	141632752.000
10/28/2010	25.70	26.22	25.34	26.08	2885879	76669832.000
10/29/2010	26.17	26.96	26.17	26.56	6120177	167938448.000
11/01/2010	27.27	28.55	26.96	27.44	8380289	237593280.000
11/02/2010	27.31	27.31	26.51	26.77	4470723	123344448.000
11/03/2010	26.75	26.75	25.68	25.95	2805338	75093600.000
11/04/2010	26.01	26.18	25.67	26.16	2841494	75904168.000
11/05/2010	26.23	27.11	26.07	27.06	3970722	109186336.000
11/08/2010	27.15	28.22	27.10	27.45	5166216	146826768.000
11/09/2010	27.40	28.16	26.89	28.16	5294673	149886544.000
11/10/2010	28.47	30.27	28.47	30.15	9662299	293755328.000
11/11/2010	30.04	30.60	29.24	29.26	7056812	216978240.000
11/12/2010	29.37	30.26	26.96	27.61	7528388	221858736.000
11/15/2010	27.96	29.80	27.71	29.72	6898929	204022784.000
11/16/2010	29.72	31.26	28.85	30.26	10030136	311272928.000
11/17/2010	30.13	30.16	27.54	27.78	5893345	174744992.000
11/18/2010	27.88	28.86	27.27	28.49	3550839	102263696.000
11/19/2010	28.77	29.77	28.55	29.77	4110199	123322744.000
11/22/2010	29.78	31.21	29.77	30.48	6182885	194422768.000
11/23/2010	31.28	32.26	30.61	31.94	9769663	315429248.000
11/24/2010	31.34	33.24	31.26	32.84	7518494	250087296.000
11/25/2010	33.32	33.50	31.36	31.84	7882227	258937056.000
11/26/2010	31.71	32.45	31.22	31.88	5151010	167536688.000
11/29/2010	31.96	32.26	31.37	32.09	3765878	123430272.000
11/30/2010	32.11	32.11	29.31	30.65	5889083	184900976.000
12/01/2010	30.27	30.55	29.81	30.05	2245276	69303288.000
12/02/2010	30.56	30.84	30.03	30.44	2509926	77805464.000
12/03/2010	30.26	30.41	29.11	29.50	3499099	106235704.000
12/06/2010	29.51	29.76	28.91	29.11	2798886	83620888.000
12/08/2010	29.50	30.26	29.50	29.60	3083020	94432976.000
12/09/2010	29.74	30.06	29.10	29.91	2459380	74624480.000
12/10/2010	29.66	30.31	29.41	30.28	2307264	70848368.000
12/13/2010	30.25	31.15	30.16	30.87	3347795	105623048.000
12/14/2010	31.04	32.04	30.52	31.46	3966506	127397168.000
12/15/2010	31.36	31.86	30.71	30.77	2867085	91414552.000
12/16/2010	30.79	31.36	30.79	31.06	1815946	57903556.000
12/17/2010	30.86	31.55	30.81	31.53	2129513	68126064.000
12/20/2010	31.16	32.11	30.39	30.91	3333184	106859304.000
12/21/2010	30.92	31.21	30.32	30.63	2149772	67546496.000
12/22/2010	30.51	30.62	29.21	29.47	4160077	127028632.000
12/23/2010	29.27	29.77	29.16	29.21	1888832	57001580.000
12/24/2010	29.22	29.24	28.26	28.36	2222566	65266288.000
12/28/2010	27.46	27.46	25.45	26.01	4896699	132736696.000
12/29/2010	25.86	26.46	25.84	26.15	2460788	66227748.000
12/30/2010	26.15	26.42	25.65	26.21	2352657	63001364.000
12/31/2010	26.31	26.75	26.23	26.65	1614041	44026676.000
01/04/2011	26.94	27.11	26.63	26.91	1833902	50726372.000
01/05/2011	26.71	26.89	26.59	26.66	3068759	84124576.000
01/06/2011	26.56	26.74	26.33	26.41	1343596	36563160.000
01/07/2011	26.40	26.69	25.92	26.04	2045268	55350404.000
01/10/2011	25.91	25.91	24.77	25.06	2082850	54477436.000
01/11/2011	25.04	25.56	24.76	25.48	1648236	42491468.000
01/12/2011	25.62	25.71	24.96	25.48	1009025	26431544.000
01/13/2011	25.49	25.83	25.28	25.57	1006972	26431984.000
01/14/2011	25.57	25.57	25.02	25.11	1005957	26103926.000
01/17/2011	25.12	25.26	23.94	24.08	1428498	36004616.000
01/18/2011	24.09	24.80	24.09	24.68	1567025	39454696.000
01/19/2011	24.74	25.11	24.53	24.96	816039	20940504.000
01/20/2011	24.95	25.15	24.27	24.39	1117810	28331532.000
01/21/2011	24.28	24.72	24.18	24.35	971204	24487952.000
01/24/2011	24.56	25.11	24.45	24.66	1004781	25588670.000
01/25/2011	24.66	25.03	24.11	24.41	923851	23372888.000
01/26/2011	24.41	24.86	24.41	24.85	698047	17761800.000
01/27/2011	24.83	25.22	24.57	25.06	1010533	26063106.000
01/28/2011	25.14	25.24	24.76	24.81	1191429	30587630.000
01/31/2011	24.82	25.21	24.81	25.10	939858	24217846.000
02/01/2011	25.25	25.25	25.02	25.06	799353	20666890.000
02/09/2011	24.79	25.23	24.70	24.76	890871	22829430.000
02/10/2011	24.76	25.56	24.32	25.56	1789298	46442912.000
02/11/2011	25.71	26.91	25.31	26.55	3174435	84756456.000
02/14/2011	26.64	27.25	26.47	26.86	3372089	93215224.000
02/15/2011	26.86	27.06	26.48	26.61	2548489	69833104.000
02/16/2011	26.55	27.03	26.46	26.96	1746555	48243672.000
02/17/2011	26.96	27.24	26.27	26.56	2178487	59602460.000
02/18/2011	26.54	26.94	26.25	26.62	1809507	49319180.000
02/21/2011	26.45	27.15	26.36	27.14	2264232	62435704.000
02/22/2011	27.19	27.24	26.16	26.19	2232299	60994524.000
02/23/2011	26.19	26.53	26.13	26.28	1146022	30956212.000
02/24/2011	26.26	26.26	25.88	26.09	1367523	36644324.000
02/25/2011	26.08	26.39	25.83	26.24	1042511	27948908.000
02/28/2011	26.24	26.73	26.06	26.59	1345056	36583100.000
03/01/2011	26.59	26.95	26.38	26.56	1419531	38933780.000
03/02/2011	26.55	26.55	26.11	26.26	1091339	29473174.000
03/03/2011	26.35	26.61	26.04	26.12	1337814	36150036.000
03/04/2011	26.12	26.93	26.12	26.85	2295133	62885592.000
03/07/2011	27.06	27.66	26.94	27.02	3397946	94939424.000
03/08/2011	27.04	27.28	26.70	27.28	1763029	48839144.000
03/09/2011	27.31	27.71	26.92	27.04	2469102	69164960.000
03/10/2011	27.26	27.97	27.26	27.85	4380484	124525264.000
03/11/2011	27.61	27.84	27.33	27.38	2055050	58087024.000
03/14/2011	27.26	27.31	26.74	27.25	1837842	51046608.000
03/15/2011	27.18	27.31	26.15	26.56	2363077	64489760.000
03/16/2011	26.32	27.00	26.32	26.76	1463926	40062228.000
03/17/2011	26.73	27.51	26.44	27.44	3083684	85963800.000
03/18/2011	27.26	27.62	27.06	27.58	3059183	85805128.000
03/21/2011	27.56	27.56	27.06	27.34	2050743	57573268.000
03/22/2011	27.42	27.51	26.91	26.92	1418175	39483148.000
03/23/2011	27.06	27.08	26.37	26.46	2482348	67755992.000
03/24/2011	26.47	26.47	25.89	25.94	3758149	100851784.000
03/25/2011	25.96	26.13	25.27	25.32	5319442	140117936.000
03/28/2011	25.36	25.45	24.94	24.96	3857872	99562808.000
03/29/2011	24.96	25.24	24.62	24.94	3720429	95762368.000
03/30/2011	24.95	25.14	24.68	24.95	2663059	68277752.000
03/31/2011	25.03	25.18	24.91	25.14	2080076	53695412.000
04/01/2011	25.22	25.23	24.63	24.73	2089064	53228424.000
04/06/2011	24.66	24.79	24.24	24.75	2247870	56486200.000
04/07/2011	24.72	24.72	24.39	24.61	1507917	38101168.000
04/08/2011	24.61	25.04	24.56	25.00	2595719	66590608.000
04/11/2011	24.86	24.96	24.72	24.84	1676694	42863884.000
04/13/2011	24.76	25.06	24.37	24.93	2367077	60230832.000
04/14/2011	24.92	24.94	24.68	24.70	1720435	43881112.000
04/15/2011	24.70	24.76	23.83	23.96	3448866	85737768.000
04/18/2011	23.96	24.16	23.87	23.99	1104628	27320822.000
04/19/2011	23.96	23.96	23.27	23.33	3091163	74697992.000
04/20/2011	23.27	23.70	23.27	23.59	1272727	30896384.000
04/21/2011	23.60	23.74	23.46	23.54	1578616	38431848.000
04/22/2011	23.67	23.67	23.44	23.58	1011250	24545638.000
04/25/2011	23.76	23.76	23.44	23.58	1647080	40166716.000
04/26/2011	23.58	23.71	23.07	23.19	1678525	40338800.000
04/27/2011	23.50	23.60	22.29	22.46	2314731	53906248.000
04/28/2011	22.61	22.69	21.66	21.66	1395516	31485788.000
04/29/2011	21.64	21.95	21.61	21.91	1101269	24616112.000
05/03/2011	21.95	22.45	21.73	22.35	1098413	24778544.000
05/04/2011	22.30	22.71	22.03	22.09	1832184	41940544.000
05/05/2011	22.06	22.39	22.06	22.29	1638209	37357536.000
05/06/2011	22.20	22.49	22.11	22.36	1412961	32290650.000
05/09/2011	22.51	22.58	22.36	22.53	1304128	29961864.000
05/10/2011	22.52	22.53	21.81	21.88	3201514	71987848.000
05/11/2011	21.90	21.97	21.62	21.81	1940930	43329932.000
05/12/2011	21.71	21.77	21.03	21.03	3345521	72974912.000
05/13/2011	21.06	21.19	20.85	21.05	1217114	26125230.000
05/16/2011	21.06	21.39	20.99	21.05	2235736	48356516.000
05/17/2011	21.06	21.50	21.06	21.46	1757725	38317688.000
05/18/2011	21.31	21.65	21.21	21.43	2054377	45113280.000
05/19/2011	21.43	21.46	20.93	20.93	1363272	29584218.000
05/20/2011	21.01	21.08	20.62	20.73	1228578	26235636.000
05/23/2011	20.66	20.66	19.80	19.99	2173486	44801600.000
05/24/2011	19.94	21.09	19.53	20.96	4217643	88685480.000
05/25/2011	20.76	20.76	20.03	20.03	1766964	36910068.000
05/26/2011	20.04	20.36	19.61	19.63	1199444	24524106.000
05/27/2011	19.61	19.82	19.21	19.65	2375061	47439464.000
05/30/2011	19.59	19.89	19.04	19.36	2444124	49075604.000
05/31/2011	19.36	19.51	18.99	19.44	2271785	44794816.000
06/01/2011	19.47	19.79	19.47	19.68	1748961	35259128.000
06/02/2011	19.42	19.42	18.97	19.09	1355413	26640858.000
06/03/2011	19.09	19.45	19.07	19.42	1280550	25364972.000
06/07/2011	19.43	19.58	19.21	19.48	1148857	22903620.000
06/08/2011	19.44	19.56	19.13	19.49	1006577	19959532.000
06/09/2011	19.52	19.54	19.21	19.26	1186532	23514806.000
06/10/2011	19.27	19.32	18.87	19.09	1069511	20916424.000
06/13/2011	18.90	19.04	18.52	18.99	930064	17940100.000
06/14/2011	18.99	19.28	18.95	19.18	918884	18039046.000
06/15/2011	19.21	19.29	18.89	18.91	1055783	20634292.000
06/16/2011	18.88	18.88	18.38	18.38	1160113	22113742.000
06/17/2011	18.38	18.50	18.10	18.11	705509	13251055.000
06/20/2011	18.08	18.17	17.69	17.71	774970	14230415.000
06/21/2011	17.72	18.03	17.72	18.01	695937	12791013.000
06/22/2011	18.01	18.13	17.84	18.00	579472	10704099.000
06/23/2011	17.99	18.69	17.72	18.47	1972795	37269000.000
06/24/2011	18.45	19.01	18.31	18.90	2396567	46038120.000
06/27/2011	18.96	19.37	18.83	19.14	1951474	38257500.000
06/28/2011	19.20	19.20	18.99	19.10	1333935	26170280.000
06/29/2011	19.11	19.13	18.66	18.79	1864696	36116144.000
06/30/2011	18.67	19.19	18.67	19.15	1868036	36485072.000
07/01/2011	19.15	19.41	19.06	19.06	1777514	35076520.000
07/04/2011	19.06	19.68	19.06	19.63	2698400	53833484.000
07/05/2011	19.70	19.71	19.41	19.42	1618820	32410556.000
07/06/2011	19.51	19.62	19.23	19.60	1875863	37291560.000
07/07/2011	19.60	19.76	19.32	19.41	4639399	92930856.000
07/08/2011	19.43	19.49	19.02	19.19	2318469	45580044.000
07/11/2011	19.06	19.56	18.73	19.45	2910362	57045260.000
07/12/2011	19.21	19.21	18.86	18.87	2161404	42135092.000
07/13/2011	18.83	19.17	18.78	19.09	1780902	34775792.000
07/14/2011	19.21	19.90	19.17	19.84	6091468	122266824.000
07/15/2011	19.85	20.98	19.77	20.80	8646600	181679376.000
07/18/2011	21.41	21.41	20.57	20.66	5517467	117970720.000
07/19/2011	20.51	20.51	20.21	20.22	2924377	60878960.000
07/20/2011	20.23	20.73	20.11	20.56	3088822	64619504.000
07/21/2011	20.56	20.61	19.91	19.94	2396060	49431756.000
07/22/2011	20.01	20.13	19.75	19.76	2229669	45394856.000
07/25/2011	19.70	19.70	18.54	18.79	3268744	64300708.000
07/26/2011	18.81	18.88	18.45	18.75	1262763	24158014.000
07/27/2011	18.65	19.19	18.53	19.09	1652732	32251286.000
07/28/2011	19.09	19.50	18.71	19.05	1775234	34817444.000
07/29/2011	18.97	19.36	18.87	19.01	1297930	25467264.000
08/01/2011	19.01	19.96	18.92	19.96	4752989	95862832.000
08/02/2011	19.81	20.21	19.55	20.19	3218042	65301452.000
08/03/2011	19.77	20.75	19.77	20.32	4347484	90985752.000
08/04/2011	20.31	20.65	20.00	20.05	2513036	51902552.000
08/05/2011	19.31	19.52	19.06	19.33	2583041	51281240.000
08/08/2011	19.13	19.13	17.91	18.02	2735325	51686920.000
08/09/2011	17.61	17.97	16.42	17.77	2500809	44384800.000
08/10/2011	18.01	18.40	17.81	17.87	2728270	50802972.000
08/11/2011	17.51	18.44	17.12	18.40	2136744	39519564.000
08/12/2011	18.71	18.96	18.45	18.49	2700680	51597788.000
08/15/2011	18.59	18.95	18.52	18.79	2067110	39797924.000
08/16/2011	18.79	19.09	18.66	19.03	2952621	57165496.000
08/17/2011	18.83	19.09	18.78	18.88	1463720	28395256.000
08/18/2011	18.87	18.89	18.09	18.26	2698969	50947352.000
08/19/2011	17.75	18.06	17.57	17.96	1498374	27433234.000
08/22/2011	18.06	18.32	17.82	17.85	911140	16883134.000
08/23/2011	17.90	18.55	17.90	18.55	1723797	32425094.000
08/24/2011	18.71	19.38	18.70	18.83	4127923	80650216.000
08/25/2011	18.99	19.16	18.57	19.05	2387934	46264912.000
08/26/2011	19.03	19.50	18.86	19.27	2525540	49857652.000
08/29/2011	19.27	19.30	18.87	18.91	1798642	35172120.000
08/30/2011	19.01	19.29	18.55	18.55	1796510	34900656.000
08/31/2011	18.52	18.71	18.21	18.35	1295898	24538012.000
09/01/2011	18.51	18.67	18.10	18.24	1061272	20032998.000
09/02/2011	18.26	18.51	18.04	18.30	809843	15169764.000
09/05/2011	18.02	18.02	17.64	17.75	1529167	27980684.000
09/06/2011	17.76	17.81	17.59	17.74	770307	13997250.000
09/07/2011	17.91	18.36	17.78	18.36	1203345	22307134.000
09/08/2011	18.41	18.67	18.19	18.27	1719739	32481446.000
09/09/2011	18.37	18.47	18.01	18.09	757222	14161944.000
09/13/2011	17.81	17.91	17.62	17.65	889186	16168559.000
09/14/2011	17.67	17.91	17.61	17.89	728895	13295991.000
09/15/2011	17.90	18.09	17.85	17.86	715250	13186394.000
09/16/2011	17.85	18.08	17.81	17.87	593816	10932289.000
09/19/2011	17.76	17.76	17.40	17.41	612985	11079301.000
09/20/2011	17.32	17.69	17.31	17.48	477784	8574490.000
09/21/2011	17.57	18.08	17.43	17.96	1287592	23592554.000
09/22/2011	17.86	17.91	17.24	17.31	1066051	19210852.000
09/23/2011	16.99	17.23	16.71	16.95	1298444	22555988.000
09/26/2011	16.75	17.01	16.59	16.67	680897	11731849.000
09/27/2011	16.90	16.90	16.60	16.84	669421	11538761.000
09/28/2011	16.89	16.99	16.51	16.52	993830	17069916.000
09/29/2011	16.48	16.48	16.03	16.05	1128775	18810488.000
09/30/2011	16.09	16.16	15.71	16.02	757392	12416455.000
10/10/2011	15.78	16.01	15.41	15.50	1251887	20253060.000
10/11/2011	15.96	15.96	15.11	15.16	1624323	25942230.000
10/12/2011	15.31	15.67	15.04	15.64	1388006	22169340.000
10/13/2011	15.56	16.04	15.56	15.87	1319296	21603680.000
10/14/2011	15.86	15.87	15.42	15.59	1262670	20281878.000
10/17/2011	15.66	15.74	15.51	15.60	795050	12817073.000
10/18/2011	15.58	15.58	15.23	15.24	769241	12238268.000
10/19/2011	15.36	15.44	15.05	15.05	721711	11292016.000
10/20/2011	15.06	15.06	14.26	14.56	1113560	16725486.000
10/21/2011	14.56	14.57	13.98	14.07	1212878	17828392.000
10/24/2011	13.92	14.36	13.71	14.29	1088164	15836898.000
10/25/2011	14.41	14.80	14.19	14.70	1212679	18248734.000
10/26/2011	14.69	15.00	14.47	14.79	1722626	26361924.000
10/27/2011	14.83	15.10	14.63	14.69	1360915	20861982.000
10/28/2011	14.98	15.26	14.80	15.20	2212198	34302436.000
10/31/2011	15.10	15.44	14.98	15.35	1777149	27929678.000
11/01/2011	15.16	15.50	15.04	15.29	1578975	24919438.000
11/02/2011	14.97	15.75	14.83	15.71	2256450	35660680.000
11/03/2011	15.96	16.26	15.74	15.93	3703762	61092312.000
11/04/2011	15.97	16.39	15.92	16.13	2647719	44143244.000
11/07/2011	16.01	16.41	15.79	15.79	1651774	27211450.000
11/08/2011	15.76	15.91	15.46	15.51	1453499	23522782.000
11/09/2011	15.61	15.85	15.39	15.81	1470894	23709792.000
11/10/2011	15.57	17.39	15.57	16.88	7283163	124992744.000
11/11/2011	16.69	17.49	16.61	17.09	10187811	180849360.000
11/14/2011	17.29	17.66	16.82	17.43	5625743	99846160.000
11/15/2011	17.44	17.93	17.44	17.57	5975297	108713056.000
11/16/2011	17.71	17.91	17.07	17.17	4481128	80487640.000
11/17/2011	17.17	17.47	16.85	17.13	3155369	55606460.000
11/18/2011	17.15	17.16	16.36	16.45	3545591	61002520.000
11/21/2011	16.43	16.69	16.02	16.62	2795700	46935736.000
11/22/2011	16.44	16.64	16.22	16.51	1273735	21583750.000
11/23/2011	16.70	16.86	16.41	16.42	1336540	22876800.000
11/24/2011	16.21	16.51	15.84	16.29	1967917	32733766.000
11/25/2011	16.21	16.36	15.88	15.90	1522562	25223880.000
11/28/2011	15.74	16.35	15.74	16.31	2562650	42355160.000
11/29/2011	16.09	16.36	16.09	16.32	1724795	28901584.000
11/30/2011	16.41	16.56	15.17	15.44	3142738	51452868.000
12/01/2011	16.07	16.21	15.68	15.71	2369111	38794400.000
12/02/2011	15.65	15.71	14.84	15.22	2160340	33959224.000
12/05/2011	15.01	15.19	14.49	14.61	1330532	20338134.000
12/06/2011	14.61	15.00	14.54	14.78	1895193	28945706.000
12/07/2011	14.81	14.90	14.49	14.56	1650044	24937572.000
12/08/2011	14.59	14.60	13.94	14.37	1822294	27008270.000
12/09/2011	14.22	14.36	14.11	14.14	986649	14531962.000
12/12/2011	14.03	14.20	13.82	14.09	944882	13792512.000
12/13/2011	14.09	14.09	13.41	13.42	2175581	30595986.000
12/14/2011	13.41	13.48	12.79	12.89	1746506	23905100.000
12/15/2011	12.78	13.21	12.62	12.89	1838859	24641292.000
12/16/2011	12.72	13.41	12.61	13.36	1552545	20961526.000
12/19/2011	13.21	13.52	12.88	13.51	1464284	20046810.000
12/20/2011	13.36	13.64	13.13	13.13	1507405	20986714.000
12/21/2011	13.32	13.38	12.67	12.67	1309492	17682628.000
12/22/2011	12.61	12.80	12.07	12.49	1428727	18405764.000
12/23/2011	12.37	12.94	12.33	12.71	1419308	18755816.000
12/26/2011	12.71	12.91	12.51	12.54	665218	8799067.000
12/27/2011	12.35	12.63	12.33	12.36	703960	9124410.000
12/28/2011	12.36	12.71	12.11	12.68	1151538	14800728.000
12/29/2011	12.69	13.00	12.46	12.95	1482228	19770772.000
12/30/2011	12.98	13.39	12.98	13.18	1590284	21791262.000
01/04/2012	13.36	13.36	12.71	12.71	1023716	13819907.000
01/05/2012	12.57	12.72	12.17	12.21	1048272	13527470.000
01/06/2012	12.38	12.77	12.09	12.68	1039227	13467810.000
01/09/2012	12.76	13.19	12.52	13.16	1297024	17515140.000
01/10/2012	13.11	13.81	13.01	13.79	2317558	32354708.000
01/11/2012	13.69	13.99	13.49	13.63	1644962	23332162.000
01/12/2012	13.52	13.76	13.43	13.50	1327776	18741592.000
01/13/2012	13.50	13.50	12.70	12.71	2296276	31019908.000
01/16/2012	12.69	12.74	12.33	12.36	1065489	13867751.000
01/17/2012	12.36	13.27	12.24	13.19	1381768	18487738.000
01/18/2012	13.23	13.46	12.51	12.66	1315593	17742956.000
01/19/2012	12.62	13.90	12.61	13.13	4042690	55585772.000
01/20/2012	13.36	13.37	12.94	13.28	2817311	38376256.000
01/30/2012	13.40	13.73	13.21	13.51	2884346	40341516.000
01/31/2012	13.42	13.56	13.10	13.34	1597295	22061410.000
02/01/2012	13.43	13.74	13.21	13.21	2037460	28534748.000
02/02/2012	13.21	13.59	13.21	13.54	1460506	20358872.000
02/03/2012	13.61	13.83	13.56	13.74	2063112	29306556.000
02/06/2012	13.74	13.90	13.53	13.81	2312110	32864488.000
02/07/2012	13.63	13.70	13.27	13.40	1397120	19503712.000
02/08/2012	13.40	13.88	13.31	13.83	1682957	23857846.000
02/09/2012	13.87	14.17	13.73	13.99	2367631	34217532.000
02/10/2012	14.00	14.09	13.73	13.88	1624069	23385792.000
02/13/2012	13.79	14.20	13.62	14.13	2307708	33424582.000
02/14/2012	14.07	14.29	13.96	14.06	2185842	31887132.000
02/15/2012	14.06	14.38	13.89	14.30	2306309	33814648.000
02/16/2012	14.31	14.37	13.95	14.09	2155257	31467320.000
02/17/2012	14.10	14.25	13.87	13.95	1171815	16998898.000
02/20/2012	14.29	14.29	13.89	13.91	2055184	29826418.000
02/21/2012	13.91	14.18	13.91	14.18	2484030	36154396.000
02/22/2012	14.15	14.73	14.15	14.66	3953691	59229032.000
02/23/2012	14.71	14.76	14.38	14.51	3575700	53870640.000
02/24/2012	14.51	14.86	14.46	14.71	2666433	40472928.000
02/27/2012	14.80	15.08	14.57	14.74	3785433	57834952.000
02/28/2012	14.64	14.72	14.31	14.41	2845624	42479712.000
02/29/2012	14.41	14.44	14.11	14.12	1772565	26139732.000
03/01/2012	14.06	14.26	14.06	14.19	1200137	17611590.000
03/02/2012	14.20	14.60	14.20	14.60	2069436	31019314.000
03/05/2012	14.51	14.69	14.33	14.40	1981358	29671874.000
03/06/2012	14.36	14.39	14.04	14.13	1642095	24062278.000
03/07/2012	14.00	14.19	13.89	13.95	1760549	25511036.000
03/08/2012	14.01	14.24	14.01	14.16	1449927	21207378.000
03/09/2012	14.20	14.51	14.16	14.49	1774735	26334756.000
03/12/2012	14.61	14.61	14.36	14.54	1785836	26720490.000
03/13/2012	14.61	14.63	14.44	14.59	2134477	32089612.000
03/14/2012	14.68	15.11	14.06	14.19	6214143	94660664.000
03/15/2012	14.17	14.30	13.69	13.93	3426157	49396232.000
03/16/2012	13.93	14.18	13.75	14.14	1916386	27818718.000
03/19/2012	14.13	14.82	14.07	14.69	4197343	63044924.000
03/20/2012	14.55	14.60	14.09	14.09	2255908	33421504.000
03/21/2012	14.21	14.30	13.80	14.04	1642675	23804080.000
03/22/2012	14.01	14.08	13.86	13.95	1111602	16072909.000
03/23/2012	13.91	13.93	13.57	13.66	1139806	16223739.000
03/26/2012	13.58	13.74	13.58	13.66	712762	10081866.000
03/27/2012	13.69	13.91	13.66	13.67	860277	12279619.000
03/29/2012	12.91	13.11	12.59	12.73	2294781	30597800.000
03/30/2012	12.74	12.90	12.56	12.67	935635	12302314.000
04/05/2012	12.87	12.97	12.68	12.95	1190351	15923078.000
04/06/2012	12.92	13.07	12.80	12.81	1417355	19013154.000
04/09/2012	12.81	13.01	12.76	12.77	1181642	15763286.000
04/10/2012	12.77	12.85	12.40	12.82	1198927	15724831.000
04/11/2012	12.74	12.90	12.56	12.83	987004	13079497.000
04/12/2012	12.93	13.06	12.81	13.06	1192650	16039273.000
04/13/2012	13.09	13.17	13.01	13.11	1768006	24012078.000
04/16/2012	13.01	13.36	12.96	13.24	1494142	20404024.000
04/17/2012	13.19	13.27	13.10	13.10	835853	11412753.000
04/18/2012	13.13	13.37	13.09	13.31	1426979	19627624.000
04/19/2012	13.31	13.64	13.28	13.46	2318318	32356000.000
04/20/2012	13.36	13.62	13.27	13.52	1993813	27821710.000
04/23/2012	13.39	13.53	13.01	13.06	2130289	28636194.000
04/24/2012	13.05	13.26	12.82	13.14	1691129	22554814.000
04/25/2012	13.09	13.37	12.94	13.19	1225741	16484409.000
04/26/2012	13.24	13.70	13.20	13.70	2785537	38249520.000
04/27/2012	13.76	14.43	13.75	14.17	5320167	76999632.000
05/02/2012	14.44	14.45	14.03	14.25	2455727	35657940.000
05/03/2012	14.19	14.91	14.04	14.84	5193030	77052024.000
05/04/2012	14.82	14.99	14.56	14.79	2696979	40608700.000
05/07/2012	14.66	14.75	14.53	14.67	4690664	70100696.000
05/08/2012	14.65	14.69	14.14	14.14	3860787	57206968.000
05/09/2012	14.28	14.51	14.11	14.14	2678356	39221760.000
05/10/2012	14.08	15.19	14.02	14.68	12089768	181258480.000
05/11/2012	14.45	14.66	14.09	14.51	7782308	114745824.000
05/14/2012	14.54	14.57	14.18	14.37	5582815	82000112.000
05/15/2012	14.15	14.35	13.72	14.31	6839884	98881216.000
05/16/2012	14.20	14.39	14.02	14.28	3743796	54330364.000
05/17/2012	14.32	14.38	14.12	14.29	3456372	50397196.000
05/18/2012	14.19	14.59	14.04	14.35	12412538	181776896.000
05/21/2012	14.33	14.34	14.05	14.18	12043022	174698624.000
05/22/2012	14.22	14.44	14.15	14.25	4198422	61254788.000
05/23/2012	14.22	14.78	14.16	14.62	12376744	183262656.000
05/24/2012	14.79	14.79	14.33	14.38	10624719	157721984.000
05/25/2012	14.39	14.39	12.91	13.15	15581702	215838048.000
05/28/2012	12.67	12.97	12.25	12.73	11088272	142230000.000
05/29/2012	12.58	12.87	12.41	12.81	5332201	69379408.000
05/30/2012	12.79	12.99	12.74	12.83	3243899	42717116.000
05/31/2012	12.77	12.94	12.64	12.81	2834367	37104156.000
06/01/2012	12.83	13.14	12.82	13.05	3882072	51708972.000
06/04/2012	12.88	12.96	12.57	12.60	3710971	48472920.000
06/05/2012	12.60	12.85	12.60	12.67	1705532	22200276.000
06/06/2012	12.67	12.79	12.47	12.55	1581790	20449842.000
06/07/2012	12.67	12.70	12.31	12.34	2216173	28318406.000
06/08/2012	12.49	12.64	12.35	12.36	1740759	22256832.000
06/11/2012	12.29	12.59	12.29	12.56	1407694	17995282.000
06/12/2012	12.49	13.04	12.47	12.68	3026044	39621140.000
06/13/2012	12.76	12.93	12.69	12.87	2894630	38073888.000
06/14/2012	12.90	12.92	12.70	12.75	2313133	30392334.000
06/15/2012	13.70	14.06	13.20	13.39	10087062	140672688.000
06/18/2012	13.38	13.49	13.14	13.29	6382660	87110776.000
06/19/2012	13.24	13.55	13.15	13.29	4876705	66875384.000
06/20/2012	13.36	13.44	13.07	13.08	2935464	39698572.000
06/21/2012	13.06	13.06	12.84	12.84	2786601	36864180.000
06/25/2012	12.87	12.99	12.76	12.77	2105890	27694616.000
06/26/2012	12.67	12.74	12.39	12.67	1955611	25192858.000
06/27/2012	12.61	12.96	12.61	12.78	1783682	23356652.000
06/28/2012	12.73	12.90	12.52	12.58	1892811	24709800.000
06/29/2012	12.57	12.90	12.41	12.90	1994166	25954550.000
07/02/2012	12.99	13.17	12.88	13.09	2710187	36191132.000
07/03/2012	13.07	13.34	13.01	13.08	2739961	36943888.000
07/04/2012	13.10	13.21	12.98	13.05	1330003	17774910.000
07/05/2012	13.16	13.27	12.98	13.09	2926285	39294880.000
07/06/2012	13.19	13.24	12.72	13.12	3184591	42345672.000
07/09/2012	13.03	13.22	12.83	12.85	2947401	39468224.000
07/10/2012	12.82	12.84	12.48	12.51	2054858	26448750.000
07/11/2012	12.51	12.64	12.39	12.64	1089883	14030145.000
07/12/2012	12.57	12.97	12.49	12.81	1934435	25262856.000
07/13/2012	12.67	12.74	12.36	12.39	3634994	46495568.000
07/16/2012	12.31	12.34	11.14	11.20	4127589	48723928.000
07/17/2012	11.15	11.32	11.10	11.21	1681019	19353996.000
07/18/2012	11.23	11.24	11.03	11.24	1342922	15360327.000
07/19/2012	11.23	11.46	11.19	11.35	1967974	22936030.000
07/20/2012	11.27	11.39	11.12	11.14	1664690	19193184.000
07/23/2012	11.07	11.26	10.84	11.23	1432111	16296345.000
07/24/2012	11.18	11.41	11.11	11.37	2065352	24002682.000
07/25/2012	11.39	11.76	11.35	11.47	3304080	39239952.000
07/26/2012	11.48	11.57	11.20	11.25	1580619	18530780.000
07/27/2012	11.29	11.38	11.15	11.23	1382728	15968570.000
07/30/2012	11.14	11.28	11.07	11.14	1002654	11495717.000
07/31/2012	11.14	11.14	10.84	10.93	1321690	14842341.000
08/01/2012	10.95	11.26	10.94	11.09	897781	10249372.000
08/02/2012	11.13	11.15	10.91	10.95	969108	10964916.000
08/03/2012	11.09	11.31	10.98	11.30	1294106	14844616.000
08/06/2012	11.23	11.52	11.14	11.47	2054221	24034162.000
08/07/2012	11.49	11.91	11.39	11.70	2877439	34350816.000
08/08/2012	11.71	11.73	11.46	11.52	1903437	22655962.000
08/09/2012	11.49	11.76	11.43	11.66	1870727	22353766.000
08/10/2012	11.65	11.68	11.49	11.53	1218837	14455086.000
08/13/2012	11.51	11.54	11.29	11.29	1328513	15549620.000
08/14/2012	11.30	11.40	11.07	11.39	1502449	17373380.000
08/15/2012	11.35	11.35	11.17	11.20	831585	9612517.000
08/16/2012	11.17	11.30	11.13	11.18	914697	10521543.000
08/17/2012	11.14	11.19	11.02	11.09	1137553	12966295.000
08/20/2012	11.07	11.22	10.94	11.20	1005088	11431850.000
08/21/2012	11.23	11.48	11.15	11.37	2120286	24717474.000
08/22/2012	11.40	11.46	11.15	11.22	2083482	24211276.000
08/23/2012	11.19	11.54	11.10	11.54	2203086	25762038.000
08/24/2012	11.44	11.52	11.26	11.33	1429871	16700650.000
08/27/2012	11.34	11.37	10.99	11.03	1319396	15073561.000
08/28/2012	11.12	11.27	11.02	11.17	994957	11400981.000
08/29/2012	11.07	11.07	10.18	10.19	7763401	83070232.000
08/30/2012	10.15	10.23	9.77	9.84	4038829	41597648.000
08/31/2012	9.87	9.99	9.86	9.89	1867655	19099388.000
09/03/2012	9.88	10.05	9.77	9.99	2221226	22749970.000
09/04/2012	9.98	10.13	9.90	9.93	1791187	18450876.000
09/05/2012	9.89	10.01	9.81	9.97	1747568	17891594.000
09/06/2012	9.98	10.18	9.98	10.17	2427209	25300946.000
09/07/2012	10.29	10.84	10.24	10.59	5795164	62744524.000
09/10/2012	10.54	10.54	10.37	10.49	4842775	52156740.000
09/11/2012	10.44	10.46	10.24	10.31	3895086	41476324.000
09/12/2012	10.32	10.43	10.21	10.34	4273330	45400328.000
09/13/2012	10.33	10.45	10.15	10.18	4077700	43368148.000
09/14/2012	10.22	10.28	9.94	10.05	4879195	50703692.000
09/17/2012	9.99	9.99	9.55	9.61	4973569	49920668.000
09/18/2012	9.52	9.57	9.39	9.39	3117080	30512450.000
09/19/2012	9.38	9.54	9.38	9.51	2238731	21869916.000
09/20/2012	9.49	9.49	9.17	9.17	2439231	23465566.000
09/21/2012	9.20	9.28	8.97	8.98	2212343	20859900.000
09/24/2012	8.86	9.08	8.79	8.97	2546629	23470260.000
09/25/2012	8.97	9.07	8.81	8.92	1529474	14085258.000
09/26/2012	8.90	8.92	8.53	8.56	1902008	17185238.000
09/27/2012	8.60	8.87	8.56	8.79	2626614	23813112.000
09/28/2012	8.77	8.91	8.69	8.89	2556770	23296474.000
10/08/2012	8.89	9.00	8.86	8.94	2005708	18524430.000
10/09/2012	8.94	9.27	8.93	9.23	3509875	33185982.000
10/10/2012	9.16	9.32	9.12	9.26	2377098	22628426.000
10/11/2012	9.18	9.22	9.05	9.09	1764756	16675627.000
10/12/2012	9.12	9.19	8.91	9.01	2008292	18739610.000
10/15/2012	8.99	8.99	8.74	8.77	1951102	17846842.000
10/16/2012	8.79	8.92	8.71	8.84	1643452	15037025.000
10/17/2012	8.85	9.56	8.82	9.10	6307226	60128916.000
10/18/2012	9.04	9.35	9.02	9.27	5948284	56762116.000
10/19/2012	9.21	9.27	9.02	9.08	4575642	43118768.000
10/22/2012	9.02	9.24	8.98	9.23	3234465	30573158.000
10/23/2012	9.22	9.25	8.97	8.98	3132992	29459128.000
10/24/2012	8.86	9.00	8.83	8.90	1842410	16995124.000
10/25/2012	8.90	9.05	8.79	8.79	1498696	13803906.000
10/26/2012	8.81	8.89	8.45	8.47	3117318	27683520.000
10/29/2012	8.45	8.48	8.34	8.40	1432304	12479915.000
10/30/2012	8.39	8.48	8.36	8.46	1455006	12714069.000
10/31/2012	8.48	8.61	8.43	8.61	1717333	15170464.000
11/01/2012	8.62	8.76	8.58	8.73	2163177	19486382.000
11/02/2012	8.73	8.88	8.69	8.82	2037633	18581604.000
11/05/2012	8.79	8.89	8.61	8.70	1842532	16637382.000
11/06/2012	8.71	8.71	8.50	8.61	1457947	12945792.000
11/07/2012	8.59	8.66	8.56	8.64	1202691	10738042.000
11/08/2012	8.50	8.57	8.38	8.38	1593579	14026167.000
11/09/2012	8.38	8.46	8.29	8.32	1144401	9929201.000
11/12/2012	8.37	8.49	8.34	8.46	982342	8581473.000
11/13/2012	8.39	8.46	8.16	8.24	1286084	11089836.000
11/14/2012	8.22	8.31	8.18	8.26	882463	7544749.500
11/15/2012	8.24	8.30	8.04	8.05	1109539	9411220.000
11/16/2012	8.01	8.08	7.95	7.99	1004767	8343468.500
11/19/2012	7.98	8.07	7.88	8.07	904471	7513245.500
11/20/2012	8.10	8.12	7.95	7.97	976402	8146673.500
11/21/2012	8.07	8.73	8.07	8.48	6657007	58273888.000
11/22/2012	8.39	8.41	8.24	8.27	2831385	24437492.000
11/23/2012	8.33	8.39	8.24	8.30	1951396	16826638.000
11/26/2012	8.27	8.33	8.03	8.04	1880231	15897702.000
11/27/2012	8.02	8.02	7.58	7.62	2656212	21402694.000
11/28/2012	7.55	7.60	7.41	7.50	1468852	11466260.000
11/29/2012	7.50	7.58	7.43	7.46	1042597	8145242.000
11/30/2012	7.49	7.61	7.45	7.54	1009153	7921142.500
12/03/2012	7.54	7.56	7.34	7.34	1281769	9904990.000
12/04/2012	7.34	7.59	7.34	7.58	1318510	10255455.000
12/05/2012	7.54	7.89	7.51	7.83	2835277	22934670.000
12/06/2012	7.80	7.82	7.71	7.73	1506373	12149712.000
12/07/2012	7.70	8.04	7.70	8.01	2876616	23631678.000
12/10/2012	8.01	8.15	7.94	8.13	3117152	26121158.000
12/11/2012	8.09	8.19	7.98	8.03	2384576	19948096.000
12/12/2012	8.00	8.05	7.84	7.95	1977921	16300282.000
12/13/2012	7.89	8.14	7.89	7.99	2507476	20847274.000
12/14/2012	7.94	8.49	7.94	8.49	6824658	58331812.000
12/17/2012	8.51	9.06	8.43	8.95	12111166	109097960.000
12/18/2012	8.78	8.93	8.64	8.66	8454642	76770912.000
12/19/2012	8.63	8.78	8.60	8.65	2830229	25456466.000
12/20/2012	8.59	8.89	8.56	8.86	4435382	40146108.000
12/21/2012	8.86	8.99	8.72	8.90	3962518	36303196.000
12/24/2012	8.83	9.06	8.74	8.89	6781826	62521416.000
12/25/2012	8.82	9.06	8.77	9.03	5780478	53575176.000
12/26/2012	9.03	9.34	8.96	9.27	8896087	84143184.000
12/27/2012	9.21	9.36	8.89	8.89	6578610	61664968.000
12/28/2012	8.87	8.87	8.65	8.82	6731546	61158772.000
12/31/2012	8.82	8.87	8.74	8.84	3733847	34039120.000
01/04/2013	8.87	8.94	8.69	8.79	3576919	32637814.000
01/07/2013	8.81	9.04	8.81	8.98	5203144	48167876.000
01/08/2013	8.96	9.23	8.89	9.17	6098744	57406348.000
01/09/2013	9.19	9.24	8.89	8.99	5070634	47641024.000
01/10/2013	8.99	9.12	8.89	9.07	4627660	43238452.000
01/11/2013	9.07	9.36	8.92	8.95	7940379	75210136.000
01/14/2013	8.91	9.33	8.83	9.27	7323052	69508680.000
01/15/2013	9.39	9.66	9.36	9.55	9397404	92727032.000
01/16/2013	9.55	9.59	9.22	9.45	6048327	58649492.000
01/17/2013	9.46	9.87	9.34	9.64	8302429	82772576.000
01/18/2013	9.69	9.82	9.50	9.75	5711636	57065036.000
01/21/2013	9.89	9.94	9.66	9.79	4795030	48332128.000
01/24/2013	9.51	9.56	9.04	9.14	10464221	101100864.000
01/25/2013	9.08	9.22	8.99	9.08	2791879	26215964.000
01/28/2013	9.15	9.26	9.09	9.21	4283468	40732020.000
01/29/2013	9.21	9.31	9.12	9.30	5610267	53503516.000
01/30/2013	9.33	9.92	9.12	9.92	10911650	107962944.000
01/31/2013	9.83	10.13	9.61	9.68	11134774	113112248.000
02/01/2013	9.55	9.68	9.37	9.63	6389427	62868824.000
02/04/2013	9.68	9.68	9.19	9.20	8457736	81581104.000
02/05/2013	9.09	9.42	9.05	9.39	4275228	41119664.000
02/06/2013	9.33	9.55	9.30	9.45	3353486	32766700.000
02/07/2013	9.45	9.81	9.43	9.72	6903273	68658632.000
02/08/2013	9.62	9.84	9.62	9.73	6892146	69246112.000
02/18/2013	9.69	10.09	9.67	10.04	10582372	108149912.000
02/19/2013	10.01	10.05	9.79	9.85	7049579	71869936.000
02/20/2013	9.87	10.55	9.87	10.43	13742814	146280752.000
02/21/2013	10.37	10.94	10.29	10.71	22680144	249956000.000
02/22/2013	10.67	10.75	10.49	10.58	7235181	79038616.000
02/25/2013	10.50	10.81	10.50	10.62	5692838	62268076.000
02/26/2013	10.56	10.79	10.19	10.32	7847830	84639384.000
02/27/2013	10.33	10.54	10.23	10.37	4450149	47404860.000
02/28/2013	10.37	10.95	10.31	10.95	9472601	104212384.000
03/01/2013	10.96	11.33	10.75	11.25	12794575	145439328.000
03/04/2013	11.05	11.23	10.55	10.72	10883943	122120784.000
03/05/2013	10.77	11.19	10.70	11.19	8574607	97241584.000
03/06/2013	11.25	11.68	11.14	11.21	12628421	148196976.000
03/07/2013	11.15	11.35	10.78	11.00	8296678	94232744.000
03/08/2013	10.95	11.09	10.64	10.67	5093340	56882352.000
03/11/2013	10.69	10.87	10.49	10.73	3827727	42255280.000
03/12/2013	10.73	10.86	9.97	10.27	6985475	74520208.000
03/13/2013	10.15	10.27	9.81	10.04	5262289	54113800.000
03/14/2013	9.98	10.17	9.94	10.06	3023919	31381326.000
03/15/2013	10.05	10.34	9.89	10.15	4000029	41882508.000
03/18/2013	10.09	10.35	9.98	10.09	2880645	30084732.000
03/19/2013	10.09	10.15	9.70	9.99	3245746	33181234.000
03/20/2013	9.99	10.34	9.91	10.34	4639478	48716988.000
03/21/2013	10.32	10.52	10.28	10.42	3775966	40481576.000
03/22/2013	10.46	10.54	10.29	10.36	3054601	32712222.000
03/25/2013	10.33	10.46	10.11	10.17	3265912	34471820.000
03/26/2013	9.90	9.95	9.40	9.43	9966467	99062376.000
03/27/2013	9.43	9.55	9.36	9.51	3876513	37849976.000
03/28/2013	9.45	9.47	9.20	9.35	2849181	27416144.000
03/29/2013	9.35	9.44	9.32	9.35	1705102	16494931.000
04/01/2013	9.39	9.62	9.39	9.55	2983187	29332934.000
04/02/2013	9.48	9.63	9.36	9.49	3108077	30486648.000
04/03/2013	9.49	9.52	9.24	9.50	2682524	26095178.000
04/08/2013	9.46	9.85	9.25	9.83	4518000	45141220.000
04/09/2013	9.84	9.87	9.68	9.81	4346890	43857008.000
04/10/2013	9.75	9.89	9.72	9.87	4492803	45457064.000
04/11/2013	9.87	10.02	9.77	9.79	2057327	20960212.000
04/12/2013	9.76	9.81	9.47	9.52	3344489	33256060.000
04/15/2013	9.45	9.48	9.13	9.20	3975175	38063636.000
04/16/2013	9.11	9.26	9.04	9.22	1776556	16790722.000
04/17/2013	9.23	9.31	9.16	9.25	1825513	17400306.000
04/18/2013	9.21	9.27	9.12	9.19	1934234	18367254.000
04/19/2013	9.21	9.44	9.18	9.42	3386822	32667208.000
04/22/2013	9.38	9.68	9.34	9.67	3633701	35633424.000
04/23/2013	9.69	9.73	9.43	9.56	4699443	46133548.000
04/24/2013	9.54	9.94	9.44	9.88	4220384	42246696.000
04/25/2013	9.81	10.02	9.67	9.75	4471209	45343948.000
04/26/2013	9.86	10.24	9.57	9.72	5451368	55653272.000
05/02/2013	9.61	9.93	9.57	9.86	3000924	30309610.000
05/03/2013	9.93	10.19	9.81	10.09	5287661	54859344.000
05/06/2013	10.09	10.28	10.03	10.16	6910699	72280952.000
05/07/2013	10.15	10.32	10.07	10.23	4265636	44873340.000
05/08/2013	10.24	10.32	10.12	10.29	3588704	37740092.000
05/09/2013	10.33	10.88	10.24	10.78	14000586	153638384.000
05/10/2013	10.75	10.91	10.57	10.70	6686379	73932992.000
05/13/2013	10.87	10.87	10.46	10.53	6135093	65846788.000
05/14/2013	10.57	11.24	10.56	10.95	10029165	110846064.000
05/15/2013	11.02	11.63	10.97	11.62	11963294	138015616.000
05/16/2013	11.63	11.66	11.27	11.35	9240826	106732976.000
05/17/2013	11.25	11.82	11.18	11.66	7888577	92070464.000
05/20/2013	11.68	11.94	11.49	11.77	6583028	78178104.000
05/21/2013	11.77	12.43	11.65	12.28	8864265	107635056.000
05/22/2013	12.17	12.53	11.93	11.96	8238301	101412848.000
05/23/2013	11.93	12.17	11.58	11.67	7176211	85671072.000
05/24/2013	11.62	12.24	11.62	12.10	5064125	61000076.000
05/27/2013	12.07	12.52	12.02	12.36	5835090	72632816.000
05/28/2013	12.37	12.47	11.89	12.07	5401138	66063796.000
05/29/2013	11.98	12.37	11.95	12.28	4574252	56293364.000
05/30/2013	12.20	12.87	12.19	12.69	7288521	92759584.000
05/31/2013	12.48	13.19	12.48	12.87	7455358	97616528.000
06/03/2013	12.78	13.02	12.37	12.39	6611403	84055584.000
06/04/2013	12.34	12.35	11.71	11.79	7967881	96134976.000
06/05/2013	11.79	12.05	11.69	11.85	3438267	41264460.000
06/06/2013	11.83	11.96	11.62	11.85	2917193	34928684.000
06/24/2013	12.36	12.36	10.66	10.68	13064688	150979872.000
06/25/2013	10.27	11.07	9.70	10.95	7284771	78153672.000
06/26/2013	11.02	12.06	10.72	11.96	8817109	102648216.000
06/27/2013	11.82	12.43	11.62	11.63	7252758	87925648.000
06/28/2013	11.49	11.86	11.07	11.12	4350336	49980936.000
07/01/2013	11.12	11.42	10.97	11.39	3620704	41013476.000
07/02/2013	11.32	11.43	11.06	11.22	7200912	81586608.000
07/03/2013	11.22	11.30	10.77	11.15	6053746	67610136.000
07/04/2013	11.02	11.29	10.89	10.94	4400843	49344924.000
07/05/2013	10.95	11.04	10.42	10.43	6532476	70618784.000
07/08/2013	10.15	10.16	9.49	9.73	4277232	42531692.000
07/09/2013	9.72	10.01	9.67	9.95	2407141	24096852.000
07/10/2013	9.88	10.38	9.87	10.31	2646940	27330088.000
07/11/2013	10.46	10.53	10.22	10.45	4304943	45386304.000
07/12/2013	10.43	11.02	10.36	10.59	6910927	74864888.000
07/15/2013	10.59	10.90	10.57	10.78	5099294	55660668.000
07/16/2013	10.85	10.85	10.46	10.73	5403973	58298672.000
07/17/2013	10.67	10.79	10.47	10.49	5118427	55275972.000
07/18/2013	10.50	11.24	10.50	11.08	7775830	86265312.000
07/19/2013	11.10	11.22	10.75	10.75	6146211	68730072.000
07/22/2013	10.70	11.30	10.57	11.27	6455238	72074240.000
07/23/2013	11.33	11.60	11.17	11.42	8758977	100745784.000
07/24/2013	11.40	11.60	11.17	11.51	5626933	64831616.000
07/25/2013	11.52	11.60	10.52	10.85	7071703	78986088.000
07/26/2013	10.85	10.94	10.43	10.62	5045935	54415828.000
07/29/2013	10.49	10.60	10.13	10.13	3177026	33346102.000
07/30/2013	10.07	10.31	9.83	10.19	3206622	32700610.000
07/31/2013	10.30	10.72	10.07	10.53	3916360	41325716.000
08/01/2013	10.49	10.94	10.36	10.87	5039233	54449260.000
08/02/2013	10.80	11.07	10.78	10.80	4468334	49357716.000
08/05/2013	10.93	11.32	10.93	11.20	6338957	71669240.000
08/06/2013	11.17	11.25	10.96	11.18	4533260	50993420.000
08/07/2013	11.21	11.21	10.64	10.67	5307960	58262528.000
08/08/2013	10.57	11.07	10.55	10.72	4958111	54561576.000
08/09/2013	10.77	10.99	10.59	10.95	4446691	48675736.000
08/12/2013	10.97	11.12	10.87	11.05	5479738	61006504.000
08/13/2013	11.11	11.23	10.98	11.22	4517249	50845352.000
08/14/2013	11.23	11.36	11.07	11.22	5476617	62119160.000
08/15/2013	11.17	11.21	10.93	10.97	3283297	36651548.000
08/16/2013	10.88	11.41	10.84	10.91	4896019	55052920.000
08/19/2013	10.86	11.14	10.77	11.11	3069189	34122664.000
08/20/2013	11.08	11.72	11.06	11.65	11012402	128082424.000
08/21/2013	11.61	12.28	11.53	11.98	9740306	118276288.000
08/22/2013	11.95	12.21	11.79	11.79	7328845	88520112.000
08/23/2013	11.98	12.14	11.59	11.86	9277044	111528424.000
08/26/2013	12.17	12.75	12.15	12.53	17093791	214987072.000
08/27/2013	12.47	12.72	12.38	12.49	7564949	95827408.000
08/28/2013	12.36	12.73	12.15	12.20	10431178	131241688.000
08/29/2013	12.29	12.65	12.27	12.35	9534210	119954344.000
08/30/2013	12.37	12.37	11.64	11.70	8051458	97335688.000
09/02/2013	11.79	12.20	11.57	12.09	7761944	93673104.000
09/03/2013	11.93	12.23	11.89	12.05	6679548	81190576.000
09/04/2013	12.01	12.59	11.68	12.46	15990964	197825632.000
09/05/2013	12.32	13.15	12.32	12.88	22577534	293167488.000
09/06/2013	12.88	14.15	12.88	13.67	23304943	321468832.000
09/09/2013	13.53	14.02	13.30	13.54	13688161	187708320.000
09/10/2013	13.51	13.86	13.21	13.56	16295867	222508496.000
09/11/2013	13.58	13.83	12.92	13.15	12047696	161324032.000
09/12/2013	12.97	13.33	12.83	12.96	8208309	107809512.000
09/13/2013	13.00	13.20	12.77	13.02	8347606	109940144.000
09/16/2013	13.15	13.44	12.81	12.84	15470872	205524736.000
09/17/2013	12.76	13.12	12.60	12.81	10410481	135040240.000
09/18/2013	12.72	13.22	12.72	13.12	14199705	186794176.000
09/23/2013	13.65	13.65	13.25	13.35	18780755	254182832.000
09/24/2013	13.35	14.70	13.25	14.43	28259811	402707520.000
09/25/2013	14.28	14.62	14.06	14.38	19323827	279925024.000
09/26/2013	14.40	15.22	14.24	14.47	22304019	332479616.000
09/27/2013	14.47	14.96	14.32	14.43	15141565	224754784.000
09/30/2013	14.35	15.10	13.98	14.94	16249846	239094784.000
10/08/2013	14.95	15.82	14.87	15.01	16016415	245091568.000
10/09/2013	14.87	15.48	14.80	15.36	13286930	204799536.000
10/10/2013	15.38	15.45	14.65	14.79	14263606	215679808.000
10/11/2013	14.79	14.99	14.55	14.94	9692767	144566160.000
10/14/2013	14.89	15.27	14.57	15.17	9994753	150854048.000
10/15/2013	15.70	16.08	15.23	15.39	20011939	315781088.000
10/16/2013	15.17	15.25	14.16	14.37	15961296	233989632.000
10/17/2013	14.52	14.81	14.27	14.34	8377546	122721464.000
10/18/2013	14.34	14.69	14.31	14.41	5739507	83923144.000
10/21/2013	14.49	15.42	14.49	15.15	12451597	189458912.000
10/22/2013	15.16	15.57	14.69	14.88	11715829	177767952.000
10/23/2013	14.87	14.91	13.51	13.80	15770945	224559056.000
10/24/2013	13.77	14.03	13.58	13.73	7311341	101761016.000
10/25/2013	13.65	13.83	13.11	13.19	7624736	102608288.000
10/28/2013	13.28	13.66	13.03	13.41	6277712	84529208.000
10/29/2013	13.47	13.59	12.32	12.96	9976964	130206016.000
10/30/2013	12.86	13.03	12.70	12.98	6574243	85644008.000
10/31/2013	12.99	13.00	12.43	12.45	6921277	88217048.000
11/01/2013	12.39	12.67	11.98	12.49	8495763	105446472.000
11/04/2013	12.40	12.67	12.40	12.49	5223168	66178732.000
11/05/2013	12.47	13.03	12.34	13.02	7459116	96199632.000
11/06/2013	12.87	13.13	12.68	12.68	6132137	79965400.000
11/07/2013	12.58	12.82	12.47	12.64	3635639	46335972.000
11/08/2013	12.54	12.62	12.19	12.25	3763927	46968312.000
11/11/2013	12.25	12.79	12.25	12.70	4648290	59052404.000
11/12/2013	12.61	13.32	12.61	13.24	8913100	117667192.000
11/13/2013	13.21	13.33	12.87	12.94	7024393	93084736.000
11/14/2013	12.96	13.63	12.95	13.50	8188320	110600376.000
11/15/2013	13.45	13.84	13.45	13.66	9056719	124759376.000
11/18/2013	13.85	14.17	13.67	13.83	10321021	144996640.000
11/19/2013	13.78	13.78	13.42	13.49	9281071	127163656.000
11/20/2013	13.49	13.75	13.47	13.66	5210935	71514424.000
11/21/2013	13.64	13.69	13.31	13.60	6921013	93999208.000
11/22/2013	13.53	13.66	13.48	13.61	4200933	57638228.000
11/25/2013	13.70	14.17	13.57	13.83	10056082	141497408.000
11/26/2013	14.26	15.23	14.25	14.86	30801681	464995776.000
11/27/2013	14.89	15.46	14.88	15.07	15606616	239368096.000
11/28/2013	15.04	15.17	14.85	15.00	7220428	109219904.000
11/29/2013	14.89	15.41	14.89	15.18	6813332	104603544.000
12/02/2013	14.53	15.32	14.17	14.27	12966240	191085488.000
12/03/2013	14.17	14.90	14.12	14.73	7869756	115546224.000
12/04/2013	14.74	15.49	14.68	14.94	10337066	158240800.000
12/05/2013	14.87	15.22	14.73	14.80	6603576	99791152.000
12/06/2013	14.67	14.83	14.18	14.23	6911726	100486752.000
12/09/2013	14.28	15.07	14.20	14.96	7703952	113978432.000
12/10/2013	14.89	15.06	14.59	14.72	4034916	60204024.000
12/11/2013	14.74	15.20	14.60	14.96	6029793	90871456.000
12/12/2013	14.96	15.26	14.92	14.92	7178614	109496728.000
12/13/2013	14.80	15.52	14.67	15.37	10119396	156447424.000
12/16/2013	15.27	15.86	15.07	15.15	9994910	155545792.000
12/17/2013	15.12	15.58	14.72	14.97	7203736	109743096.000
12/18/2013	14.98	15.72	14.87	15.58	10965280	170989984.000
12/19/2013	15.60	16.08	15.43	15.53	13442875	213698944.000
12/20/2013	15.49	16.19	15.37	15.63	12030015	191317392.000
12/23/2013	15.55	15.74	14.83	15.24	9239319	141662640.000
12/24/2013	15.17	15.72	14.99	15.69	6597954	102128712.000
12/25/2013	15.80	16.69	15.77	16.39	17518459	286349952.000
12/26/2013	16.35	16.57	15.94	16.32	10845879	177884960.000
12/27/2013	16.14	16.81	16.08	16.65	11760234	195677072.000
12/30/2013	16.65	17.12	16.41	17.05	8331695	140842208.000
12/31/2013	17.06	17.21	16.45	16.62	9867780	167768384.000
01/02/2014	16.62	17.35	16.39	17.01	8907994	152685216.000
01/03/2014	16.99	17.39	16.37	16.67	9907799	166507264.000
01/06/2014	16.62	16.62	15.87	16.10	9108299	148467712.000
01/07/2014	16.10	16.50	15.92	16.36	7092967	115751080.000
01/08/2014	16.40	17.14	16.16	16.32	14491519	243990160.000
01/09/2014	16.23	16.26	15.77	15.82	12141631	195408528.000
01/10/2014	15.75	16.06	15.47	15.52	7590619	119810824.000
01/13/2014	15.53	15.61	15.19	15.39	5048093	78094536.000
01/14/2014	15.55	16.21	15.27	16.18	8397011	133892600.000
01/15/2014	16.25	16.46	16.07	16.27	5161592	84426904.000
01/16/2014	16.25	16.52	16.02	16.06	5699695	93230152.000
01/17/2014	16.05	16.34	16.01	16.04	3980342	64813288.000
01/20/2014	15.98	15.98	14.88	15.14	7971847	123737632.000
01/21/2014	14.99	15.49	14.99	15.32	3773382	58286460.000
01/22/2014	15.35	16.29	15.35	15.79	7092377	113100544.000
01/23/2014	15.90	16.07	15.71	15.82	6304818	100977248.000
01/24/2014	15.75	16.52	15.75	16.37	9150431	150163536.000
01/27/2014	16.37	16.87	16.25	16.37	9083164	151679824.000
01/28/2014	16.19	16.87	16.10	16.66	8298743	139428032.000
01/29/2014	16.49	16.88	16.47	16.67	5654101	95047048.000
01/30/2014	16.65	16.97	16.52	16.77	8548794	144983648.000
02/07/2014	16.48	17.10	16.21	16.92	7947714	134019080.000
02/10/2014	16.95	17.51	16.95	17.35	11841148	206312560.000
02/11/2014	17.35	17.78	16.80	16.90	12491767	216841920.000
02/12/2014	16.82	17.54	16.57	17.46	10961917	189529248.000
02/13/2014	17.35	17.45	16.64	16.64	10025038	172021952.000
02/14/2014	16.56	17.05	16.49	16.98	7167726	121969072.000
02/17/2014	17.07	17.25	16.72	17.19	10071667	172454944.000
02/18/2014	17.10	17.33	16.85	16.94	8753175	150398624.000
02/19/2014	16.79	17.14	16.79	17.01	7247810	123786568.000
02/20/2014	16.98	18.26	16.58	17.77	19072449	336798272.000
02/21/2014	17.77	18.19	17.47	17.79	10260519	184755264.000
02/24/2014	17.78	19.27	17.59	18.77	21275561	393380064.000
02/25/2014	18.68	18.93	17.13	17.92	20254906	372487872.000
02/26/2014	17.45	17.85	16.67	17.77	11289880	197485760.000
02/27/2014	17.76	18.42	17.40	17.52	13317636	239368720.000
02/28/2014	17.32	17.85	16.83	17.68	8130491	141385760.000
03/03/2014	17.60	18.17	17.47	17.97	6821582	123149128.000
03/04/2014	17.87	18.80	17.78	18.64	12683418	235371776.000
03/05/2014	18.65	18.95	18.27	18.39	8506697	159545616.000
03/06/2014	18.43	19.19	18.20	18.84	10825174	205179936.000
03/07/2014	18.87	20.74	18.75	19.88	18565359	374484864.000
03/10/2014	19.70	20.27	18.99	19.18	10461135	205838016.000
03/11/2014	18.88	19.62	17.99	18.82	8815633	167426336.000
03/12/2014	18.60	19.07	18.05	18.47	6951411	129084984.000
03/13/2014	18.46	19.75	18.23	19.58	10197027	195927936.000
03/14/2014	19.37	20.17	19.27	19.47	8779110	174427904.000
03/17/2014	19.53	20.65	19.53	20.35	11247624	229960928.000
03/18/2014	20.27	21.09	19.96	20.07	12206625	251307520.000
03/19/2014	19.88	22.09	19.57	21.45	24451779	520137312.000
06/10/2014	19.31	19.31	19.31	19.31	1615800	31201098.000
06/11/2014	19.10	21.24	18.69	21.24	30430121	608501824.000
06/12/2014	20.90	21.23	20.28	21.05	16878199	350571744.000
06/13/2014	20.93	21.76	20.61	20.89	13243006	280922560.000
06/16/2014	20.98	21.05	20.50	20.70	10710877	222424720.000
06/17/2014	20.70	20.92	19.76	19.93	11875020	239253440.000
06/18/2014	19.90	20.38	19.80	20.04	6591577	132625576.000
06/19/2014	20.11	21.06	19.85	19.93	10639186	217218592.000
06/20/2014	19.90	20.48	19.50	20.30	5719555	114387936.000
06/23/2014	20.30	21.00	20.30	20.58	6666255	137402256.000
06/24/2014	20.45	21.21	20.43	21.04	8046913	168058848.000
06/25/2014	21.10	21.30	20.53	21.01	5079612	106373072.000
06/26/2014	21.00	21.75	20.92	21.47	6693828	143816672.000
06/27/2014	21.47	21.88	21.26	21.30	7039191	151739728.000
06/30/2014	21.20	21.29	20.53	20.90	6928397	144844464.000
07/01/2014	21.07	21.48	20.82	21.31	4545732	96212440.000
07/02/2014	21.32	21.49	20.63	20.98	5399046	113060336.000
07/03/2014	20.88	21.35	20.61	20.84	7616778	159863952.000
07/04/2014	20.75	21.38	20.41	20.56	6424112	134449856.000
07/07/2014	20.56	20.72	19.38	19.57	13294739	263239776.000
07/08/2014	19.60	19.86	19.15	19.81	6012665	117564880.000
07/09/2014	19.78	20.07	19.20	19.30	5603024	110013120.000
07/10/2014	19.59	19.77	19.31	19.43	3568740	69849920.000
07/11/2014	19.25	19.74	19.25	19.67	2379432	46654468.000
07/14/2014	19.65	19.94	19.65	19.90	3199847	63509268.000
07/15/2014	19.94	20.17	19.70	19.84	2855605	56662336.000
07/16/2014	19.80	20.04	19.56	19.66	2593281	51290692.000
07/17/2014	19.66	20.80	19.66	20.45	6596759	134322512.000
07/18/2014	20.33	20.88	20.04	20.16	3665746	74885880.000
07/21/2014	20.06	20.12	19.45	19.60	4696492	92496352.000
07/22/2014	19.52	19.99	19.52	19.84	2427561	48084780.000
07/23/2014	20.08	20.08	18.55	18.80	6156289	118266344.000
07/24/2014	18.65	18.89	17.90	18.27	6995124	127452592.000
07/25/2014	18.37	19.05	18.28	18.72	5029530	94212584.000
07/28/2014	18.73	19.07	18.58	19.03	4680350	88111440.000
07/29/2014	19.07	19.36	18.83	18.99	3192727	61062492.000
07/30/2014	18.89	19.25	18.78	19.17	3340088	63593728.000
07/31/2014	19.20	19.49	19.17	19.24	3151202	60887512.000
08/01/2014	19.27	19.45	18.60	18.78	5355734	102577128.000
08/04/2014	18.70	18.93	18.39	18.73	4868051	90870448.000
08/05/2014	18.70	19.26	18.50	19.08	4791311	90697704.000
08/06/2014	19.00	19.30	18.92	19.20	4218944	80797720.000
08/07/2014	19.28	20.45	19.21	20.03	9285452	184621168.000
08/08/2014	20.07	20.20	19.80	20.10	4416605	88119520.000
08/11/2014	20.05	20.83	20.00	20.72	7495890	152908768.000
08/12/2014	20.73	20.90	20.31	20.55	3911109	80393352.000
08/13/2014	20.42	20.68	20.00	20.68	4132448	84221968.000
08/14/2014	20.48	20.76	20.16	20.18	3096939	63444192.000
08/15/2014	20.18	20.38	19.98	20.12	3828295	76925464.000
08/18/2014	20.28	20.86	20.00	20.78	5897654	121968808.000
08/19/2014	20.86	20.93	20.40	20.48	4224793	87104096.000
08/20/2014	20.48	20.73	20.18	20.29	3124720	63866112.000
08/21/2014	20.30	20.70	20.03	20.62	3608124	73211600.000
08/22/2014	20.60	21.55	20.60	21.34	8324538	176056048.000
08/25/2014	21.49	22.10	21.01	21.01	6032488	129982664.000
08/26/2014	21.66	22.18	20.90	21.46	13306475	287634752.000
08/27/2014	21.23	21.80	21.23	21.51	6030298	129664000.000
08/28/2014	21.70	21.73	20.48	21.01	8217314	171771344.000
08/29/2014	20.79	21.24	20.62	20.90	2637856	55264672.000
09/01/2014	20.94	21.39	20.90	21.30	4271698	90441968.000
09/02/2014	21.31	21.43	20.97	21.20	7723162	163114800.000
09/03/2014	21.21	22.12	21.21	21.92	9457799	205897040.000
09/04/2014	21.98	23.19	21.80	22.80	8307461	187194992.000
09/05/2014	22.87	23.55	22.51	22.93	7622020	175579184.000
09/09/2014	22.80	23.09	22.40	22.59	6106444	137969392.000
09/10/2014	22.59	22.85	22.27	22.67	6025375	136080128.000
09/11/2014	22.80	23.66	22.67	22.91	8939670	207256096.000
09/12/2014	22.86	23.22	22.60	23.12	3529816	80927440.000
09/15/2014	23.12	24.10	23.12	23.40	4250530	100336080.000
09/16/2014	23.36	23.70	22.26	22.29	6876260	156427168.000
09/17/2014	22.25	22.74	22.11	22.74	4977541	111745776.000
09/18/2014	22.50	23.20	22.35	23.08	4523091	104120120.000
09/19/2014	23.11	23.95	23.11	23.85	5152384	121321528.000
09/22/2014	23.77	24.36	23.30	24.34	4974319	118345696.000
09/23/2014	24.25	24.52	23.80	24.10	4426004	106987200.000
09/24/2014	24.04	24.43	23.85	24.21	3756540	90188864.000
09/25/2014	24.21	24.30	23.51	23.58	4273210	101461760.000
09/26/2014	23.58	23.86	23.11	23.21	4204566	98671104.000
09/29/2014	23.38	24.00	23.25	23.32	4152346	97611392.000
09/30/2014	23.33	23.57	23.12	23.50	3988851	93252656.000
10/08/2014	23.68	24.18	23.48	24.17	5034751	120381800.000
10/09/2014	24.18	24.65	23.71	23.96	6363977	153968448.000
10/10/2014	23.81	24.24	23.56	23.95	3957200	94624224.000
10/13/2014	23.80	24.98	23.73	24.88	6928200	169083104.000
10/14/2014	24.88	25.55	24.65	24.66	5828197	146215056.000
10/15/2014	24.66	25.67	24.66	25.57	5460449	138253344.000
10/16/2014	25.60	26.50	25.29	26.11	7202425	187569600.000
数据来源:通达信
