300265 通光线缆 日线
      日期	    开盘	    最高	    最低	    收盘	    成交量	    成交额
09/16/2011	17.64	18.10	16.55	18.03	24681270	427474208.000
09/19/2011	17.15	17.32	16.20	16.20	11137678	188397392.000
09/20/2011	15.58	16.10	15.27	15.70	8384046	133229440.000
09/21/2011	15.60	16.77	15.55	16.38	9650110	158836224.000
09/22/2011	16.08	16.20	14.85	15.00	9278750	146671680.000
09/23/2011	14.55	15.00	14.46	14.90	5101395	76365088.000
09/26/2011	14.80	15.21	14.72	14.90	3872988	59115964.000
09/27/2011	15.03	15.14	14.31	14.80	4108640	61585880.000
09/28/2011	14.88	14.95	14.48	14.65	3068330	45947716.000
09/29/2011	14.63	14.63	14.00	14.03	2747086	39796864.000
09/30/2011	14.04	14.15	13.46	13.60	2531676	35344048.000
10/10/2011	13.74	13.87	13.53	13.60	1557538	21708146.000
10/12/2011	13.59	14.28	13.16	14.17	3875964	55043580.000
10/13/2011	14.10	14.70	14.03	14.47	3566497	52267116.000
10/14/2011	14.43	14.47	13.93	14.18	3098890	44710772.000
10/17/2011	14.20	15.40	14.20	15.10	7395729	112457120.000
10/18/2011	14.82	15.55	14.57	14.67	7136259	109394808.000
10/19/2011	14.91	15.30	14.71	15.16	5013534	76797496.000
10/20/2011	14.95	14.95	13.81	14.10	4450684	64666940.000
10/21/2011	13.97	14.14	13.31	13.38	3011046	41746628.000
10/24/2011	13.44	13.90	12.76	13.77	2766900	37879772.000
10/25/2011	13.68	14.60	13.62	14.35	3925961	56765840.000
10/26/2011	14.23	14.93	14.05	14.53	4841385	71549384.000
10/27/2011	14.34	14.93	14.34	14.59	4230625	63176948.000
10/28/2011	14.75	14.97	14.45	14.88	4202998	62933408.000
10/31/2011	14.88	15.25	14.76	14.95	3580493	54478808.000
11/01/2011	14.75	14.96	14.46	14.91	3816541	57253032.000
11/02/2011	14.60	15.84	14.48	15.63	6253486	96872024.000
11/03/2011	15.63	16.36	15.44	15.55	7892361	126799232.000
11/04/2011	15.68	15.92	15.36	15.67	3762943	59779492.000
11/07/2011	15.74	15.84	15.40	15.55	3033194	48116192.000
11/09/2011	15.36	15.62	14.81	15.61	4392754	68062800.000
11/10/2011	15.30	15.84	15.06	15.17	3783396	59431456.000
11/11/2011	15.19	15.47	14.95	15.17	2161853	33433126.000
11/14/2011	15.33	16.23	15.21	15.91	4730424	75848248.000
11/15/2011	15.81	15.93	15.56	15.76	3075573	49162548.000
11/16/2011	15.73	15.80	14.93	15.01	3025601	47151444.000
11/17/2011	15.07	15.55	15.01	15.23	2925172	45379228.000
11/18/2011	14.95	15.10	14.41	14.43	2991261	44672896.000
11/21/2011	14.40	14.51	14.07	14.39	1559137	22570724.000
11/22/2011	14.13	14.52	14.13	14.51	1244030	18187734.000
11/23/2011	14.53	14.70	14.43	14.48	1274207	18866520.000
11/24/2011	14.20	14.50	14.09	14.36	1143282	16625191.000
11/25/2011	14.20	14.44	13.92	13.92	1269382	18295402.000
11/28/2011	14.01	14.10	13.79	13.95	864083	12257732.000
11/29/2011	14.11	14.18	13.85	14.16	1413250	20215940.000
11/30/2011	14.10	14.17	12.88	13.13	2250963	30665874.000
12/01/2011	13.63	13.67	13.23	13.31	1880824	25843638.000
12/02/2011	13.27	13.27	12.91	12.95	1097789	14561898.000
12/05/2011	12.94	12.95	12.03	12.15	1291421	16421516.000
12/06/2011	12.25	12.42	12.10	12.31	770541	9627366.000
12/07/2011	12.31	12.48	12.25	12.36	843971	10631756.000
12/08/2011	12.37	12.73	12.05	12.54	1645853	21016110.000
12/09/2011	12.45	12.75	12.30	12.53	944721	12111442.000
12/12/2011	12.47	12.65	12.25	12.30	725339	9222229.000
12/13/2011	12.11	12.26	11.66	11.75	1393925	16892936.000
12/14/2011	11.70	11.95	11.45	11.50	841527	10024756.000
12/15/2011	11.40	11.63	11.29	11.35	1018615	11873830.000
12/16/2011	11.34	11.84	11.34	11.74	1762451	20828146.000
12/19/2011	11.63	12.10	11.46	12.08	2159412	25999026.000
12/20/2011	11.98	12.23	11.71	11.75	1706187	20790466.000
12/21/2011	11.90	12.03	11.33	11.33	1861444	22446862.000
12/22/2011	11.29	11.30	10.56	10.82	2682708	29972652.000
12/23/2011	10.76	11.08	10.71	10.87	1409544	15736379.000
12/26/2011	10.93	11.02	10.71	10.74	1062813	11819930.000
12/27/2011	10.68	10.76	10.20	10.22	1743866	18602372.000
12/28/2011	10.15	10.35	9.69	10.06	1460941	14930587.000
12/29/2011	9.86	10.29	9.77	10.15	1340039	13913560.000
12/30/2011	10.22	10.52	10.20	10.45	1662310	17698578.000
01/04/2012	10.51	10.72	10.29	10.34	1977509	21233766.000
01/05/2012	10.28	10.40	9.62	9.71	1544809	15867741.000
01/06/2012	9.57	9.97	9.57	9.95	1123993	11317872.000
01/09/2012	10.10	10.38	9.90	10.35	1878786	19656138.000
01/10/2012	10.37	10.75	10.31	10.68	2764974	29870524.000
01/11/2012	10.73	10.82	10.48	10.66	1957937	21358534.000
01/12/2012	10.52	10.79	10.41	10.56	1413996	15374174.000
01/13/2012	10.60	10.60	9.80	9.83	1743081	18040660.000
01/16/2012	9.76	9.88	9.44	9.44	1107412	11001795.000
01/17/2012	9.62	10.05	9.47	10.03	1169942	11772924.000
01/18/2012	10.05	10.23	9.11	9.31	1607839	16090230.000
01/19/2012	9.19	9.65	9.19	9.53	1442320	14024933.000
01/20/2012	9.53	9.93	9.53	9.81	1196989	11974845.000
01/30/2012	10.01	10.01	9.58	9.81	1105544	11146960.000
01/31/2012	9.69	9.80	9.36	9.69	744402	7335030.000
02/01/2012	9.69	9.89	9.45	9.65	1070411	10692054.000
02/02/2012	9.69	9.88	9.68	9.88	960443	9644579.000
02/03/2012	9.88	10.23	9.85	10.15	2026016	20861900.000
02/06/2012	10.10	10.24	10.06	10.17	1639477	17046146.000
02/07/2012	10.11	10.12	9.90	10.07	1393366	14287262.000
02/08/2012	10.07	10.41	9.93	10.41	2016490	21160542.000
02/09/2012	10.42	10.63	10.35	10.39	2503534	26895888.000
02/10/2012	10.39	10.53	10.31	10.47	1935052	20702106.000
02/13/2012	10.46	10.72	10.32	10.58	1707005	18500038.000
02/14/2012	10.62	10.64	10.41	10.54	1232801	13273822.000
02/15/2012	10.50	10.82	10.44	10.76	2045222	22353418.000
02/16/2012	10.75	10.85	10.49	10.63	2330241	25446434.000
02/17/2012	10.64	10.74	10.46	10.52	1125044	12164492.000
02/20/2012	10.65	10.78	10.59	10.63	1839265	20104002.000
02/21/2012	10.62	10.96	10.53	10.94	2672866	29484866.000
02/22/2012	10.98	11.32	10.88	11.28	4783088	54523640.000
02/23/2012	11.30	11.59	11.11	11.32	4209827	48776660.000
02/24/2012	11.32	11.49	11.20	11.46	3042733	35417208.000
02/27/2012	11.47	11.70	11.41	11.42	3430052	40562988.000
02/28/2012	11.39	11.41	11.12	11.27	2680545	30801458.000
02/29/2012	11.27	11.67	11.20	11.32	3140172	36806412.000
03/01/2012	11.27	11.62	11.26	11.48	1965304	23049858.000
03/02/2012	11.54	11.97	11.54	11.91	3051666	36712456.000
03/05/2012	12.00	12.18	11.85	11.89	2997209	36713116.000
03/06/2012	11.87	12.00	11.70	11.91	2181689	26384392.000
03/07/2012	11.80	12.13	11.65	11.87	2150286	26246640.000
03/08/2012	11.90	12.22	11.90	12.04	2347105	28945416.000
03/09/2012	12.22	12.63	12.09	12.24	2814590	35262488.000
03/12/2012	12.20	12.34	12.06	12.25	1913970	23814964.000
03/13/2012	12.28	12.50	12.15	12.50	2176146	27432420.000
03/14/2012	12.62	12.68	11.40	11.76	3615372	44883252.000
03/15/2012	11.98	12.25	11.64	11.92	3366627	41096876.000
03/16/2012	11.89	12.23	11.75	12.15	2218468	27224692.000
03/19/2012	12.06	12.52	12.06	12.47	2176133	27239518.000
03/20/2012	12.39	12.45	11.83	11.97	1945692	24060684.000
03/21/2012	12.00	12.18	11.55	12.05	2211824	26849932.000
03/22/2012	12.07	12.73	11.95	12.61	5210685	66550300.000
03/23/2012	12.62	12.69	12.34	12.48	2147748	27350286.000
03/26/2012	11.84	11.84	11.21	11.41	5453346	63900316.000
03/27/2012	11.35	11.48	11.05	11.06	1808942	20785638.000
03/28/2012	11.03	11.04	10.28	10.50	2401592	26119702.000
03/29/2012	10.44	10.65	10.26	10.27	1298669	13914146.000
03/30/2012	10.37	10.49	10.13	10.26	1044044	11003861.000
04/05/2012	10.20	10.60	10.20	10.57	1359558	14574401.000
04/06/2012	10.56	10.69	10.51	10.61	1073915	11642164.000
04/09/2012	10.55	10.70	10.43	10.47	848171	9171764.000
04/10/2012	10.46	10.68	10.18	10.68	1184723	12672149.000
04/11/2012	10.51	10.90	10.43	10.86	1508739	16536493.000
04/12/2012	10.83	11.05	10.75	11.00	1357167	15171836.000
04/13/2012	11.00	11.05	10.86	10.95	1560958	17508014.000
04/16/2012	10.92	11.02	10.71	10.92	956775	10688151.000
04/17/2012	10.87	10.95	10.63	10.65	1418252	15575216.000
04/18/2012	10.65	10.96	10.65	10.93	1335918	14807181.000
04/19/2012	10.94	11.08	10.87	10.98	1128974	12682015.000
04/20/2012	10.91	11.13	10.90	11.09	1289798	14553158.000
04/24/2012	10.30	10.57	9.96	10.10	2986500	31127464.000
04/25/2012	10.17	10.40	10.12	10.22	1630319	17099528.000
04/26/2012	10.22	10.42	10.16	10.28	1007993	10618416.000
04/27/2012	10.31	10.49	10.25	10.38	892002	9485706.000
05/02/2012	10.57	10.64	10.40	10.56	1052611	11352617.000
05/03/2012	10.55	11.00	10.50	10.89	1641366	18203058.000
05/04/2012	10.83	10.94	10.74	10.90	947127	10513828.000
05/07/2012	10.87	11.04	10.77	11.00	1016294	11309921.000
05/08/2012	11.01	11.14	10.85	11.07	1305516	14732265.000
05/09/2012	10.95	10.98	10.71	10.72	1112491	12290392.000
05/10/2012	10.75	10.97	10.72	10.95	1006954	11209020.000
05/11/2012	11.03	11.39	10.95	11.15	2203108	25172916.000
05/14/2012	11.34	11.42	11.05	11.08	1441001	16591556.000
05/15/2012	11.15	11.45	11.08	11.42	2101811	24291640.000
05/16/2012	11.42	11.54	11.09	11.09	1320711	15269209.000
05/17/2012	11.06	11.23	10.83	11.08	1496168	16834792.000
05/18/2012	10.96	11.00	10.71	10.71	1335887	14862883.000
05/21/2012	10.75	10.79	10.50	10.56	725986	7919155.000
05/22/2012	10.63	10.77	10.61	10.71	769090	8406512.000
05/23/2012	10.68	10.78	10.43	10.65	778841	8457484.000
05/24/2012	10.59	10.68	10.45	10.53	629674	6832990.500
05/25/2012	10.55	10.59	10.23	10.41	609981	6494316.500
05/28/2012	10.35	10.51	10.09	10.50	663769	6998813.500
05/29/2012	10.50	10.82	10.44	10.75	1122893	12308119.000
05/30/2012	10.79	10.86	10.64	10.72	630539	6926605.000
05/31/2012	10.65	10.97	10.62	10.79	1014311	11246673.000
06/01/2012	10.85	10.91	10.75	10.80	622944	6867129.500
06/04/2012	10.53	10.69	10.33	10.35	838017	8955768.000
06/05/2012	10.50	10.50	10.24	10.26	595412	6264409.500
06/06/2012	10.27	10.42	10.26	10.31	276090	2904299.000
06/07/2012	10.36	10.54	10.25	10.33	352500	3722322.500
06/08/2012	10.39	10.46	10.26	10.36	540292	5700684.500
06/11/2012	10.47	10.75	10.36	10.75	1154248	12494714.000
06/12/2012	10.62	10.89	10.62	10.74	1103831	12125096.000
06/13/2012	10.74	10.90	10.64	10.85	947439	10422404.000
06/14/2012	10.80	10.90	10.63	10.66	767680	8447673.000
06/15/2012	10.66	10.79	10.63	10.74	571686	6245250.500
06/18/2012	10.74	11.08	10.74	10.98	1431848	16001199.000
06/19/2012	10.97	11.05	10.88	11.02	1008704	11290859.000
06/20/2012	11.02	11.26	10.92	11.12	1373215	15559523.000
06/21/2012	11.10	11.15	10.75	10.83	1145516	12714977.000
06/25/2012	10.84	10.84	10.56	10.57	671301	7325481.000
06/26/2012	10.58	10.76	10.41	10.68	687151	7418918.500
06/27/2012	10.61	10.90	10.61	10.73	901043	9900360.000
06/28/2012	10.84	11.38	10.73	10.99	2203705	24991462.000
06/29/2012	10.88	11.36	10.61	11.31	2003811	22604672.000
07/02/2012	11.36	11.74	11.22	11.32	2425861	28263780.000
07/03/2012	11.32	11.62	11.28	11.44	1961880	22842958.000
07/04/2012	11.46	11.67	11.42	11.58	1732360	20342806.000
07/05/2012	11.49	11.75	11.15	11.19	1310410	15112231.000
07/06/2012	11.30	11.77	11.12	11.65	1902286	22238278.000
07/09/2012	11.61	11.87	11.42	11.57	1680692	19864516.000
07/10/2012	11.70	11.70	10.90	10.90	1631209	18596734.000
07/11/2012	10.95	11.12	10.68	10.90	1278332	14174324.000
07/12/2012	10.90	11.19	10.60	11.03	1724404	19165136.000
07/13/2012	11.06	11.06	10.40	10.51	1580638	17329122.000
07/16/2012	10.95	11.24	10.86	10.90	3409592	38373308.000
07/17/2012	10.70	11.23	10.63	11.23	1763433	19766512.000
07/18/2012	11.16	11.54	11.11	11.53	2076202	23899172.000
07/19/2012	11.42	11.75	11.31	11.63	2678736	31602376.000
07/20/2012	11.60	11.97	11.50	11.80	2676745	32074444.000
07/23/2012	11.76	11.95	11.62	11.83	2160006	25950194.000
07/24/2012	11.74	12.28	11.70	11.94	2041799	24862340.000
07/25/2012	11.88	12.02	11.45	11.60	2341532	27919864.000
07/26/2012	11.57	11.88	11.53	11.62	1367198	16298660.000
07/27/2012	11.67	11.93	11.61	11.85	1304670	15660144.000
07/30/2012	11.65	11.65	10.95	11.06	2156698	24680028.000
07/31/2012	10.80	11.07	10.80	10.93	695047	7735562.500
08/01/2012	10.98	11.26	10.90	11.15	900779	10222261.000
08/02/2012	11.15	11.18	10.71	10.84	1072876	11937529.000
08/03/2012	10.90	11.27	10.82	11.18	1318667	14902318.000
08/06/2012	11.06	11.49	11.06	11.39	2920460	33576948.000
08/07/2012	11.40	11.47	11.29	11.47	2110796	24452032.000
08/08/2012	11.46	11.64	11.10	11.38	2118643	24510228.000
08/09/2012	11.31	11.70	11.22	11.63	3519941	41315872.000
08/10/2012	11.56	11.67	11.43	11.50	1867939	21925844.000
08/13/2012	11.51	11.59	11.12	11.18	1608852	18669366.000
08/14/2012	11.16	11.41	10.98	11.38	1625762	18499848.000
08/15/2012	11.26	11.36	11.06	11.10	1106690	12603430.000
08/16/2012	11.00	11.20	10.98	11.12	744066	8406264.000
08/17/2012	11.15	11.26	11.05	11.25	862970	9806783.000
08/20/2012	11.23	11.45	11.08	11.40	976954	11208729.000
08/21/2012	11.42	11.67	11.35	11.52	1981408	23269476.000
08/22/2012	11.49	11.76	11.42	11.47	1714640	20129868.000
08/23/2012	11.46	11.75	11.40	11.69	1837237	21780548.000
08/24/2012	11.58	11.65	11.30	11.30	1594400	18588088.000
08/27/2012	11.24	11.25	11.05	11.12	996860	11310397.000
08/28/2012	11.13	11.45	11.13	11.37	936164	10787548.000
08/29/2012	11.32	11.67	11.32	11.60	1878904	22082358.000
08/30/2012	11.55	11.78	11.15	11.44	2222810	25940252.000
08/31/2012	11.37	12.15	11.22	11.95	4051207	48517564.000
09/03/2012	11.80	12.23	11.77	12.00	2964430	36150536.000
09/04/2012	12.02	12.15	11.88	11.91	2628263	32098616.000
09/05/2012	11.95	12.48	11.85	11.98	3388216	41851344.000
09/06/2012	11.97	12.18	11.71	12.02	2262697	27435170.000
09/07/2012	12.05	12.62	12.05	12.49	4168234	52506028.000
09/10/2012	12.49	12.90	12.30	12.46	2989159	38120848.000
09/11/2012	12.45	12.78	12.30	12.74	2382598	30336208.000
09/12/2012	12.83	12.83	12.42	12.58	1676110	21418266.000
09/13/2012	12.50	12.57	12.16	12.16	2422857	30372806.000
09/14/2012	12.28	12.35	12.05	12.17	1475013	18311586.000
09/17/2012	12.17	12.29	11.79	11.79	1620771	19775360.000
09/18/2012	11.74	12.02	11.70	11.93	869914	10515476.000
09/19/2012	11.92	12.05	11.80	12.05	842502	10251903.000
09/20/2012	12.06	12.06	11.55	11.61	1298851	15512953.000
09/21/2012	11.59	11.75	11.35	11.39	965087	11377399.000
09/24/2012	11.31	11.55	11.22	11.38	746002	8651590.000
09/25/2012	11.40	11.46	11.13	11.22	752924	8663051.000
09/26/2012	11.22	11.26	10.61	10.61	1152100	12723418.000
09/27/2012	10.71	10.99	10.58	10.82	1029724	11330538.000
09/28/2012	10.69	11.13	10.69	11.10	904143	10117948.000
10/08/2012	11.10	11.18	10.99	11.09	400608	4514123.000
10/09/2012	11.14	11.60	11.07	11.41	950189	10981512.000
10/10/2012	11.33	11.51	11.33	11.45	617395	7181070.500
10/11/2012	11.45	11.48	11.05	11.07	866374	9926241.000
10/12/2012	11.14	11.24	10.90	11.04	579227	6509383.000
10/15/2012	11.55	11.59	11.28	11.44	1747610	20383672.000
10/16/2012	11.44	11.77	11.41	11.50	1467078	17333008.000
10/17/2012	11.59	11.60	11.35	11.53	676843	7935953.500
10/18/2012	11.50	11.73	11.47	11.69	1382891	16398154.000
10/19/2012	11.68	11.76	11.60	11.74	1129404	13439760.000
10/22/2012	11.68	11.84	11.62	11.81	1116719	13337627.000
10/23/2012	11.82	11.83	11.44	11.47	1505079	17794166.000
10/24/2012	11.45	11.65	11.39	11.51	707510	8283206.000
10/25/2012	11.59	11.66	11.45	11.55	557420	6549869.000
10/26/2012	11.59	11.60	11.05	11.17	1063147	12187097.000
10/29/2012	11.10	11.26	11.04	11.14	405789	4609619.500
10/30/2012	11.20	11.27	11.10	11.13	304440	3464314.000
10/31/2012	11.12	11.24	11.06	11.17	508269	5752713.500
11/01/2012	11.21	11.50	11.13	11.41	966515	11181912.000
11/02/2012	11.37	11.45	11.31	11.41	608439	7042955.000
11/05/2012	11.48	11.77	11.41	11.73	1573499	18568222.000
11/06/2012	11.70	11.70	11.40	11.66	983485	11541215.000
11/07/2012	11.58	11.83	11.58	11.68	1111470	13219885.000
11/08/2012	11.54	11.54	11.22	11.22	860936	9959839.000
11/09/2012	11.23	11.31	11.17	11.22	480364	5497622.000
11/12/2012	11.35	11.53	11.22	11.37	514790	5933999.000
11/13/2012	11.49	11.49	11.00	11.10	639568	7291414.000
11/14/2012	11.04	11.19	10.94	11.13	536005	6024615.000
11/15/2012	11.02	11.15	10.82	10.99	429375	4812726.000
11/16/2012	10.90	11.02	10.86	10.96	278800	3101039.500
11/19/2012	10.90	11.23	10.90	11.22	446146	5028509.500
11/20/2012	11.20	11.45	11.15	11.32	761133	8760632.000
11/21/2012	11.33	11.44	11.21	11.41	701420	8098253.500
11/22/2012	11.42	11.50	11.32	11.40	530010	6159863.000
11/23/2012	11.47	11.47	11.27	11.28	326083	3773961.250
11/26/2012	11.24	11.29	11.06	11.11	431069	4897469.500
11/27/2012	11.01	11.07	10.71	10.71	762619	8451680.000
11/28/2012	10.71	10.78	10.61	10.72	371697	4049374.500
11/29/2012	10.72	10.82	10.38	10.43	356350	3868000.000
11/30/2012	10.55	10.56	10.40	10.51	382200	4080385.000
12/03/2012	10.57	10.57	9.91	10.00	621910	6448782.000
12/04/2012	9.95	10.19	9.71	10.14	667077	6771339.000
12/05/2012	10.16	10.61	10.02	10.43	965527	10242536.000
12/06/2012	10.50	10.56	10.30	10.47	441807	4686688.000
12/07/2012	10.46	10.76	10.38	10.68	611398	6594878.000
12/10/2012	10.60	10.83	10.45	10.76	868931	9485491.000
12/11/2012	10.66	10.75	10.54	10.54	525930	5698563.500
12/12/2012	10.49	10.64	10.42	10.50	513660	5498421.000
12/13/2012	10.45	10.65	10.38	10.43	461037	4935676.000
12/14/2012	10.40	10.87	10.40	10.85	1107564	12116053.000
12/17/2012	10.86	10.93	10.67	10.77	893042	9815746.000
12/18/2012	10.76	10.98	10.66	10.72	750290	8285180.500
12/19/2012	10.71	10.86	10.70	10.82	471472	5180006.500
12/20/2012	10.80	11.13	10.78	11.10	1552535	17378556.000
12/21/2012	11.10	11.50	11.00	11.32	2257775	25919176.000
12/24/2012	11.31	11.58	11.25	11.46	1281881	14966624.000
12/25/2012	11.46	11.96	11.36	11.82	2132423	25378456.000
12/26/2012	11.82	12.30	11.75	12.16	2713020	33173662.000
12/27/2012	12.25	12.40	11.73	11.75	3269902	39870228.000
12/28/2012	11.75	11.95	11.50	11.88	2925599	34989360.000
12/31/2012	11.89	12.04	11.70	11.77	1681319	20251168.000
01/04/2013	11.87	12.97	11.85	12.97	5038192	63697716.000
01/07/2013	13.10	13.75	13.01	13.40	8899525	121002280.000
01/08/2013	13.30	14.20	13.19	13.51	7278210	100862608.000
01/09/2013	13.28	13.63	13.13	13.34	4517826	61325812.000
01/10/2013	13.31	13.65	13.21	13.40	3802788	51760108.000
01/11/2013	13.50	13.95	13.40	13.49	5296750	73600640.000
01/14/2013	13.49	14.15	13.40	13.97	4927964	69289352.000
01/15/2013	13.97	14.30	13.70	13.98	4343416	61377504.000
01/16/2013	13.85	13.95	13.37	13.58	3363216	46589992.000
01/17/2013	13.66	13.93	13.46	13.56	2466276	34244716.000
01/18/2013	13.58	13.70	13.14	13.54	2553674	34740808.000
01/21/2013	13.58	13.96	13.53	13.84	2473086	34437448.000
01/22/2013	13.40	13.40	12.44	12.46	6930405	90863088.000
01/23/2013	12.40	12.56	12.15	12.54	2734563	34387400.000
01/24/2013	12.55	12.63	12.06	12.39	3399891	42645536.000
01/25/2013	12.48	12.53	12.19	12.34	2070774	26038140.000
01/28/2013	12.32	12.65	12.31	12.64	2439591	31069600.000
01/29/2013	12.63	12.84	12.59	12.71	2127576	27511800.000
01/30/2013	12.66	12.75	12.37	12.53	2041788	26010422.000
01/31/2013	12.50	12.50	12.22	12.45	1299236	16294125.000
02/01/2013	12.40	12.61	12.26	12.54	1353861	17233706.000
02/04/2013	12.54	12.70	12.33	12.41	1562784	19715948.000
02/05/2013	12.43	12.60	12.30	12.56	1433702	18158904.000
02/06/2013	12.57	12.87	12.57	12.72	2219170	28650556.000
02/07/2013	12.69	12.78	12.53	12.71	1369078	17612130.000
02/08/2013	12.65	13.02	12.65	12.96	1883420	24732338.000
02/18/2013	13.08	13.14	12.90	13.14	2165312	28690540.000
02/19/2013	13.12	13.12	12.61	12.62	2145512	27927928.000
02/20/2013	12.65	12.94	12.52	12.94	1585258	20569664.000
02/21/2013	12.81	13.13	12.65	12.82	2674085	35064668.000
02/22/2013	12.76	13.16	12.76	12.92	2305156	30473478.000
02/25/2013	12.99	13.14	12.85	13.10	2203280	29109328.000
02/26/2013	13.09	13.09	12.65	12.66	3303640	43065380.000
02/27/2013	12.63	12.80	12.18	12.36	2501090	31578998.000
02/28/2013	12.40	12.56	12.30	12.56	1548137	19604958.000
03/01/2013	12.60	12.74	12.53	12.72	1896526	24352446.000
03/04/2013	12.60	12.65	12.23	12.29	1584765	20064908.000
03/05/2013	12.33	12.67	12.25	12.66	1293071	16453532.000
03/06/2013	12.75	13.01	12.70	12.97	2284238	29971768.000
03/07/2013	12.92	13.08	12.72	12.84	2191476	28705174.000
03/08/2013	12.95	13.13	12.81	12.86	1450482	19056708.000
03/11/2013	12.87	13.00	12.66	12.93	1263885	16503710.000
03/12/2013	12.95	13.03	12.21	12.34	2035023	25955134.000
03/13/2013	12.16	12.30	11.93	11.99	1197293	14713913.000
03/14/2013	12.02	12.29	12.00	12.07	856231	10541282.000
03/15/2013	12.11	12.28	11.91	11.99	1044126	12849763.000
03/18/2013	11.88	12.00	11.80	11.86	950029	11469752.000
03/19/2013	11.80	11.93	11.55	11.81	805265	9631828.000
03/20/2013	11.81	12.22	11.81	12.21	1231736	15145125.000
03/21/2013	12.23	12.52	12.16	12.48	1697485	21377732.000
03/22/2013	12.51	12.92	12.50	12.82	2420872	31367252.000
03/25/2013	12.86	12.96	12.68	12.72	1136477	14740713.000
03/26/2013	12.67	12.79	12.30	12.44	1342806	17007370.000
03/27/2013	12.46	12.66	12.35	12.51	797853	10136653.000
03/28/2013	12.41	12.41	12.08	12.09	1007890	12487179.000
03/29/2013	12.10	12.39	12.10	12.22	768143	9576778.000
04/01/2013	12.18	12.57	12.15	12.38	856955	10803426.000
04/02/2013	12.38	12.66	12.26	12.39	1297442	16398335.000
04/03/2013	11.82	11.82	11.13	11.13	2586064	29715102.000
04/08/2013	10.79	10.84	10.45	10.77	1723851	18699724.000
04/09/2013	10.82	10.93	10.74	10.79	1090728	12022854.000
04/10/2013	10.81	10.81	10.48	10.64	908670	9843058.000
04/11/2013	10.89	10.89	10.61	10.66	684325	7473544.500
04/12/2013	10.70	10.73	10.50	10.52	657696	7092213.500
04/15/2013	10.50	10.51	10.28	10.35	589140	6211414.000
04/16/2013	10.20	10.58	10.11	10.54	615010	6494373.000
04/17/2013	10.54	10.66	10.46	10.63	664881	7170035.000
04/18/2013	10.53	10.68	10.43	10.61	702334	7587550.500
04/19/2013	10.65	10.85	10.60	10.82	1436934	15752243.000
04/22/2013	10.71	10.80	10.70	10.74	820724	8976644.000
04/23/2013	10.77	10.78	10.30	10.30	1164689	12423358.000
04/24/2013	10.33	10.58	10.30	10.55	814852	8688996.000
04/25/2013	10.52	10.54	10.30	10.31	893804	9490950.000
04/26/2013	10.30	10.35	10.03	10.07	649120	6747125.000
05/02/2013	10.06	10.25	10.00	10.22	460877	4766726.500
05/03/2013	10.21	10.51	10.20	10.46	733493	7802809.500
05/06/2013	10.46	10.65	10.45	10.60	900914	9702611.000
05/07/2013	10.60	10.63	10.47	10.60	1063876	11419707.000
05/08/2013	10.64	10.78	10.51	10.76	1439266	15648043.000
05/09/2013	10.74	10.79	10.60	10.75	1232360	13456785.000
05/10/2013	10.75	10.98	10.69	10.95	1494589	16465704.000
05/13/2013	10.96	10.96	10.80	10.91	860989	9523975.000
05/14/2013	10.91	10.91	10.60	10.71	977310	10641821.000
05/15/2013	10.76	11.08	10.67	11.06	1330332	14778894.000
05/16/2013	11.02	11.26	10.90	10.93	1949350	21968142.000
05/17/2013	10.85	11.17	10.82	11.10	1230698	13837809.000
05/20/2013	11.23	11.58	11.13	11.44	1689856	19570902.000
05/21/2013	11.46	11.66	11.30	11.63	1671370	19522728.000
05/22/2013	11.52	11.63	11.18	11.31	1526072	17736038.000
05/23/2013	11.32	11.49	11.21	11.31	1221313	14103024.000
05/24/2013	11.30	11.61	11.23	11.59	1252236	14613120.000
05/27/2013	11.56	11.78	11.55	11.65	974906	11565990.000
05/28/2013	11.59	11.69	11.32	11.42	1057949	12317509.000
05/29/2013	11.43	11.58	11.39	11.51	826513	9659928.000
05/30/2013	11.43	11.62	11.39	11.56	836091	9770581.000
05/31/2013	11.52	11.66	11.46	11.47	1026296	12067505.000
06/03/2013	11.46	11.50	11.14	11.16	999240	11501895.000
06/04/2013	11.16	11.19	10.72	10.79	1034168	11488094.000
06/05/2013	10.73	10.93	10.73	10.92	502569	5566344.000
06/06/2013	10.90	10.93	10.71	10.78	509281	5595309.000
06/07/2013	10.70	10.87	10.54	10.56	441604	4799325.000
06/13/2013	10.36	10.55	10.11	10.30	575266	6013847.500
06/14/2013	10.33	10.66	10.33	10.65	590278	6329052.000
06/17/2013	10.69	10.75	10.50	10.56	566347	6149637.500
06/18/2013	10.63	10.69	10.42	10.69	509823	5495252.000
06/19/2013	10.67	10.97	10.62	10.86	1108330	12232981.000
06/20/2013	10.81	10.85	10.38	10.38	665251	7229523.000
06/21/2013	10.22	10.44	10.04	10.37	444687	4603849.500
06/24/2013	10.26	10.40	9.77	9.84	606643	6135127.500
06/25/2013	9.85	9.96	9.20	9.87	798183	7774831.500
06/26/2013	9.80	10.10	9.75	10.05	726457	7285739.500
06/27/2013	10.15	10.19	9.60	9.70	780061	7844452.000
06/28/2013	9.62	9.90	9.53	9.66	430209	4221954.000
07/01/2013	9.68	9.88	9.60	9.88	407052	4006756.000
07/02/2013	9.78	10.49	9.78	10.39	1684528	17424592.000
07/03/2013	10.37	10.44	10.05	10.34	1004144	10384321.000
07/04/2013	10.28	10.49	10.26	10.36	718662	7539344.000
07/05/2013	10.42	10.42	10.03	10.05	654515	6779708.000
07/08/2013	10.00	10.00	9.50	9.56	576729	5626910.500
07/09/2013	9.75	9.75	9.53	9.60	321325	3115723.500
07/10/2013	9.62	9.88	9.60	9.85	463406	4546511.000
07/11/2013	9.85	10.35	9.75	10.19	850141	8681619.000
07/12/2013	10.19	10.33	10.11	10.15	650444	6720805.500
07/15/2013	10.14	10.46	10.14	10.36	793019	8258450.500
07/16/2013	10.28	10.52	10.28	10.50	763279	8042066.500
07/17/2013	10.47	10.52	10.29	10.34	820688	8630762.000
07/18/2013	10.32	10.48	10.24	10.35	501130	5250306.500
07/19/2013	10.39	10.55	10.10	10.12	840203	8793581.000
07/22/2013	10.08	10.38	9.96	10.38	705453	7291738.500
07/23/2013	10.40	10.63	10.40	10.61	1394019	14815295.000
07/24/2013	10.52	10.99	10.41	10.87	2298555	24889258.000
07/25/2013	10.94	11.03	10.42	10.45	1610975	17457450.000
07/26/2013	10.45	10.53	10.23	10.50	746390	7850703.500
07/29/2013	10.40	10.70	10.40	10.50	828738	8818354.000
07/30/2013	10.47	10.53	10.09	10.40	863227	8975403.000
07/31/2013	10.44	10.51	10.35	10.44	610439	6429530.000
08/01/2013	10.48	10.78	10.42	10.75	1435403	15463074.000
08/02/2013	10.78	11.08	10.75	10.86	2207396	24390332.000
08/05/2013	10.87	11.08	10.78	11.03	1109435	12297837.000
08/06/2013	11.00	11.06	10.92	10.96	1191174	13199575.000
08/07/2013	10.92	10.95	10.67	10.72	1161229	12616481.000
08/08/2013	10.66	10.98	10.66	10.90	815519	8925950.000
08/09/2013	10.93	10.94	10.64	10.82	845343	9219871.000
08/12/2013	10.82	11.04	10.82	11.02	979440	10812083.000
08/13/2013	11.04	11.17	10.94	11.11	1224104	13704049.000
08/14/2013	11.09	11.25	10.95	11.12	1464045	16409761.000
08/15/2013	11.10	11.18	10.83	10.84	952979	10593164.000
08/16/2013	10.80	11.07	10.56	10.57	1118405	12267624.000
08/19/2013	10.61	11.19	10.59	11.19	2079673	23113652.000
08/20/2013	11.20	11.68	11.14	11.55	3377549	38841028.000
08/21/2013	11.46	11.73	11.45	11.52	2262218	26420274.000
08/22/2013	11.40	11.75	11.37	11.64	2055641	24077744.000
08/23/2013	11.64	11.84	11.21	11.55	2301375	26907676.000
08/26/2013	11.50	11.90	11.44	11.66	1314231	15437473.000
08/27/2013	11.56	11.73	11.35	11.52	1328491	15386916.000
08/28/2013	11.40	11.48	11.23	11.25	1369393	15687043.000
08/29/2013	11.24	11.46	11.20	11.45	944798	10784880.000
08/30/2013	11.46	11.46	10.93	10.98	1236471	13955196.000
09/02/2013	10.98	11.19	10.88	11.17	624672	6992273.000
09/03/2013	11.12	11.35	11.05	11.30	923424	10449171.000
09/04/2013	11.31	11.31	11.12	11.15	535242	6038991.500
09/05/2013	11.16	11.29	11.10	11.19	498892	5646060.000
09/06/2013	11.17	11.34	11.10	11.34	737434	8363954.500
09/09/2013	11.40	11.45	11.32	11.45	1030905	11830832.000
09/10/2013	11.46	11.52	11.33	11.39	933999	10706553.000
09/11/2013	11.39	11.40	11.01	11.05	1114146	12507946.000
09/12/2013	11.08	11.15	11.01	11.02	578079	6451348.500
09/13/2013	11.03	11.25	11.03	11.15	614101	6896620.500
09/16/2013	11.23	11.23	11.11	11.17	395138	4453738.500
09/17/2013	11.22	11.22	10.90	10.94	507072	5637585.000
09/18/2013	10.91	11.04	10.80	11.00	476253	5245538.000
09/23/2013	10.98	11.25	10.98	11.23	584665	6595039.500
09/24/2013	11.16	11.25	11.10	11.25	777581	8774268.000
09/25/2013	11.25	11.25	11.11	11.12	505622	5696249.000
09/26/2013	11.06	11.18	10.92	10.92	675536	7545656.000
09/27/2013	10.98	11.08	10.90	11.04	431744	4800338.000
09/30/2013	11.02	11.15	11.00	11.15	443798	4962880.000
10/08/2013	11.15	12.28	11.11	12.28	6114678	74468408.000
10/09/2013	12.02	12.88	11.95	12.62	8439687	105902480.000
10/10/2013	12.42	12.53	12.08	12.22	3857232	47853572.000
10/11/2013	12.30	12.42	12.21	12.33	2280285	28289732.000
10/14/2013	12.36	12.47	12.16	12.26	1856010	22969154.000
10/15/2013	12.04	12.04	11.60	11.74	4015118	47656164.000
10/16/2013	11.66	11.72	11.43	11.47	1726075	20060494.000
10/17/2013	11.57	11.75	11.45	11.58	1409909	16525327.000
10/18/2013	11.56	11.73	11.51	11.73	1088499	12802974.000
10/21/2013	11.70	11.95	11.68	11.90	1754233	20973470.000
10/22/2013	11.91	12.00	11.60	11.65	1565764	18631584.000
10/23/2013	11.62	11.85	11.43	11.54	1320549	15485295.000
10/24/2013	11.52	11.55	11.31	11.38	864421	9960866.000
10/25/2013	11.30	11.48	11.23	11.29	945092	10806694.000
10/28/2013	11.30	11.42	11.19	11.37	743320	8497755.000
10/29/2013	12.20	12.20	10.57	10.90	1968673	22434996.000
10/30/2013	10.68	11.03	10.68	10.93	749060	8241983.500
10/31/2013	10.95	11.19	10.82	11.01	924392	10306305.000
11/01/2013	10.96	11.01	10.71	10.94	563189	6170519.500
11/04/2013	10.91	11.16	10.82	11.06	431509	4808526.000
11/05/2013	10.97	11.19	10.91	11.17	560829	6276168.000
11/06/2013	11.17	11.27	11.03	11.14	595331	6716314.000
11/07/2013	11.06	11.13	10.94	10.97	429989	4788083.000
11/08/2013	11.00	11.08	10.90	10.95	547542	6072243.500
11/11/2013	10.98	11.30	10.88	11.23	743616	8362293.500
11/12/2013	11.22	11.66	11.17	11.55	1703258	19739132.000
11/13/2013	11.48	11.83	11.40	11.58	1899994	22292438.000
11/14/2013	11.55	12.28	11.55	12.10	3455274	41755720.000
11/15/2013	12.15	12.84	11.97	12.80	5876159	73709360.000
11/18/2013	12.67	12.91	12.48	12.69	4466565	56937768.000
11/19/2013	12.62	12.81	12.31	12.48	2771379	35078288.000
11/20/2013	12.49	12.58	12.28	12.48	2169339	27181442.000
11/21/2013	12.41	12.45	12.13	12.28	1777115	21997024.000
11/22/2013	12.30	12.43	12.21	12.34	1583151	19709272.000
11/25/2013	12.35	12.80	12.29	12.61	2503614	31746024.000
11/26/2013	12.61	13.28	12.46	12.96	3593335	46751368.000
11/27/2013	13.00	13.23	12.88	12.96	2747597	36130804.000
11/28/2013	12.96	13.26	12.95	13.23	2907073	38320812.000
11/29/2013	13.23	13.75	13.14	13.71	4347700	59437284.000
12/02/2013	12.90	13.02	12.33	12.33	3320300	42102740.000
12/03/2013	11.87	12.20	11.50	12.08	3270889	39143708.000
12/04/2013	11.95	12.40	11.91	11.93	2429847	29868468.000
12/05/2013	11.92	12.18	11.87	11.99	1453893	17647264.000
12/06/2013	12.05	12.13	11.95	12.00	1083322	13122891.000
12/09/2013	12.06	12.35	12.02	12.30	1421180	17530722.000
12/10/2013	12.28	12.34	12.10	12.20	1208348	14852518.000
12/11/2013	12.20	12.35	12.03	12.11	1242840	15279142.000
12/12/2013	12.07	12.44	12.07	12.33	1516807	18811256.000
12/13/2013	12.33	12.65	12.21	12.49	1808038	22780382.000
12/16/2013	12.55	12.60	12.18	12.27	1282289	16004891.000
12/17/2013	12.30	12.58	12.24	12.31	952498	11847872.000
12/18/2013	12.35	12.39	12.05	12.21	1229714	15142659.000
12/19/2013	12.21	12.40	12.01	12.01	937713	11550896.000
12/20/2013	12.02	12.14	11.72	11.76	1116777	13422592.000
12/23/2013	11.80	11.92	11.58	11.75	573215	6812399.000
12/24/2013	11.79	12.11	11.78	12.01	1017046	12287195.000
12/25/2013	12.07	12.75	12.02	12.69	2814144	35549520.000
12/26/2013	12.68	12.92	12.52	12.55	2555118	32689606.000
12/27/2013	12.55	13.14	12.55	12.94	2738343	35661108.000
12/30/2013	13.05	13.23	12.93	13.15	2387434	31499978.000
12/31/2013	13.02	13.19	12.76	12.80	2011269	26263210.000
01/02/2014	12.70	13.39	12.70	13.19	2356821	31120242.000
01/03/2014	13.13	13.28	13.00	13.10	2179359	28838286.000
01/06/2014	13.10	13.10	12.36	12.40	2071182	26379740.000
01/07/2014	12.40	12.80	12.40	12.78	1795870	22917524.000
01/08/2014	12.84	13.29	12.82	13.05	2356381	31055454.000
01/09/2014	13.01	13.22	12.35	12.71	2273139	29724972.000
01/10/2014	12.70	13.48	12.50	12.96	2988332	39363400.000
01/13/2014	13.04	13.58	12.90	13.51	3817908	51170516.000
01/14/2014	13.43	13.63	13.23	13.49	3817766	51695384.000
01/15/2014	13.43	13.98	13.35	13.80	4246704	58653276.000
01/16/2014	13.81	13.86	13.40	13.61	3743896	51241816.000
01/17/2014	13.53	13.71	13.33	13.55	2274050	30964040.000
01/20/2014	13.49	13.65	13.20	13.40	2442853	32946234.000
01/21/2014	13.37	13.95	13.37	13.83	2981545	41124172.000
01/22/2014	13.80	14.36	13.69	14.28	4043405	57217284.000
01/23/2014	14.20	14.53	14.12	14.37	3596350	51780248.000
01/24/2014	14.37	14.53	14.08	14.10	2589282	37261036.000
01/27/2014	13.94	14.27	13.85	13.93	2269932	32111944.000
01/28/2014	13.94	14.10	13.56	13.77	1678515	23303690.000
01/29/2014	13.52	13.76	13.50	13.75	2695683	37129728.000
01/30/2014	13.67	13.70	12.90	13.47	1916730	25949072.000
02/07/2014	13.27	14.17	13.23	14.17	2724387	38130876.000
02/10/2014	14.19	14.65	14.08	14.51	2994491	43416064.000
02/11/2014	14.45	14.58	14.10	14.48	2952371	42694936.000
02/12/2014	14.41	14.63	14.22	14.59	2641486	38457476.000
02/13/2014	14.50	15.10	14.44	14.69	3555027	52817628.000
02/14/2014	14.60	15.04	14.40	15.04	2676383	39903252.000
02/17/2014	15.16	16.55	15.05	16.55	5602299	91147032.000
02/18/2014	16.90	18.21	16.70	17.69	9414410	164408848.000
02/19/2014	17.69	17.89	17.35	17.68	4396325	77782440.000
02/20/2014	17.50	17.50	16.61	17.15	3525227	60469396.000
02/21/2014	16.88	17.57	16.55	17.30	3152566	54383976.000
02/24/2014	16.96	19.04	16.96	19.04	5335402	97701344.000
02/25/2014	19.80	19.80	17.13	17.13	4780852	87863920.000
02/26/2014	17.13	17.70	15.75	17.09	2943651	50155144.000
02/27/2014	16.91	17.65	16.21	16.80	3327675	56905036.000
02/28/2014	16.43	17.39	15.92	17.04	2218265	37201912.000
03/03/2014	17.05	17.74	16.63	17.58	2441684	42356284.000
03/04/2014	17.35	17.87	17.11	17.70	1914529	33651424.000
03/05/2014	17.78	19.48	17.78	18.84	5238238	100359616.000
03/06/2014	19.03	20.73	19.03	20.73	4832002	98052264.000
03/07/2014	21.60	22.81	21.60	22.81	1779620	40384228.000
03/10/2014	23.90	25.10	22.85	23.23	10639092	255859024.000
03/11/2014	23.90	24.11	21.70	23.00	7186012	162250432.000
03/12/2014	22.79	22.79	20.69	20.99	5155920	109879744.000
03/13/2014	20.60	21.07	20.38	20.87	2444894	50972388.000
03/14/2014	20.50	21.04	20.19	20.46	1863675	38441884.000
03/17/2014	20.70	22.26	20.70	21.83	3682086	79594352.000
03/18/2014	21.83	22.90	21.48	22.83	2600059	58159616.000
03/19/2014	22.82	23.29	22.20	22.80	2029628	46267256.000
03/20/2014	22.77	22.98	21.52	21.66	1960877	43700792.000
03/21/2014	21.13	22.76	20.70	22.55	2156547	46907788.000
03/24/2014	22.40	22.72	21.10	21.69	1515847	33859828.000
03/25/2014	21.16	21.86	20.90	21.15	872528	18757314.000
03/26/2014	21.22	22.58	21.22	22.45	2107345	46466756.000
03/27/2014	22.80	22.80	21.72	21.90	1185162	26344546.000
03/28/2014	21.70	21.93	20.17	20.78	1209690	25470174.000
03/31/2014	20.59	21.15	20.21	20.60	1088768	22392998.000
04/01/2014	20.60	20.86	20.22	20.86	1319448	27262268.000
04/02/2014	20.86	21.25	20.40	20.71	1877321	38998440.000
04/03/2014	20.71	20.88	20.21	20.47	641813	13235741.000
04/04/2014	20.32	20.73	19.56	20.57	840022	17216202.000
04/08/2014	20.45	20.70	20.20	20.49	711152	14575617.000
04/09/2014	20.59	20.60	20.03	20.29	1180115	24092996.000
04/10/2014	20.20	21.66	19.56	20.64	1776127	37139176.000
04/11/2014	20.40	20.64	19.91	20.54	653358	13403801.000
04/14/2014	20.53	20.65	20.10	20.42	1144692	23356438.000
04/15/2014	20.21	20.42	19.53	20.05	1241989	24936634.000
04/16/2014	19.80	20.42	19.70	19.90	672490	13474178.000
04/17/2014	20.08	20.08	19.62	19.67	593551	11802644.000
04/18/2014	20.50	20.50	19.20	19.68	928045	18633850.000
04/21/2014	19.64	19.64	18.87	19.18	950356	18377552.000
04/22/2014	19.15	19.16	17.25	17.88	1978278	35688320.000
04/23/2014	17.77	18.00	17.02	17.98	1177981	20856290.000
04/24/2014	17.82	18.33	17.64	18.22	424697	7687218.000
04/25/2014	18.20	18.33	17.41	17.88	436322	7855892.500
04/28/2014	18.01	18.08	16.79	16.99	433721	7520263.000
04/29/2014	16.66	17.39	16.06	16.69	1512395	25035514.000
04/30/2014	16.60	17.17	16.31	16.92	790458	13295498.000
05/05/2014	16.82	17.35	16.70	17.17	556492	9554581.000
05/06/2014	17.10	17.90	17.10	17.53	1054342	18688378.000
05/07/2014	17.78	17.89	17.01	17.07	778761	13704831.000
05/08/2014	17.17	17.33	16.75	17.00	555930	9535239.000
05/09/2014	16.86	17.51	16.24	16.97	1228634	20761358.000
05/12/2014	17.05	17.44	16.81	17.32	540249	9342026.000
05/13/2014	17.39	17.63	17.15	17.49	781551	13727004.000
05/14/2014	17.59	17.79	17.30	17.50	525889	9236831.000
05/15/2014	17.50	17.85	17.22	17.35	730875	12937402.000
05/16/2014	17.25	17.35	15.80	16.79	3041684	49761820.000
05/19/2014	16.40	17.10	16.10	16.66	1179269	19827992.000
05/20/2014	17.13	17.45	16.10	16.60	1369264	22930512.000
05/21/2014	16.60	16.98	16.33	16.97	787249	13235180.000
05/22/2014	16.95	17.22	16.67	17.04	1465719	25023242.000
05/23/2014	16.90	17.22	16.59	17.10	1005537	17151196.000
05/26/2014	17.20	17.65	17.12	17.55	1408104	24657882.000
05/27/2014	19.32	19.32	18.35	19.32	5777349	111331272.000
05/28/2014	19.30	19.49	18.78	19.08	6649065	127758016.000
05/29/2014	19.10	19.76	18.44	18.58	4787429	92396768.000
05/30/2014	18.50	18.80	17.90	18.78	2393335	44198852.000
06/03/2014	18.58	19.56	18.58	19.00	3589812	69440640.000
06/04/2014	18.81	18.89	18.30	18.60	1309255	24402610.000
06/05/2014	18.62	19.02	18.48	18.91	1025744	19365566.000
06/06/2014	19.01	19.07	18.26	18.66	1297798	24361198.000
06/09/2014	18.75	19.23	18.56	18.61	984798	18609916.000
06/10/2014	18.73	18.97	18.40	18.74	1093149	20438542.000
06/11/2014	18.74	19.13	18.72	19.08	1394254	26444720.000
06/12/2014	19.12	20.00	18.94	19.50	2373175	46170836.000
06/13/2014	19.45	19.88	19.34	19.60	1791252	35112640.000
06/16/2014	19.61	21.56	19.60	21.27	5346784	111669752.000
06/17/2014	21.20	22.00	20.65	21.20	3557754	75638224.000
06/18/2014	21.30	21.30	20.01	20.20	2049546	42149404.000
06/19/2014	20.00	20.82	19.50	19.75	2065305	41825372.000
06/20/2014	19.56	21.10	19.56	21.00	1649127	33636808.000
06/23/2014	21.20	21.50	20.54	20.80	1526345	32148998.000
06/24/2014	20.80	21.33	20.16	21.33	2466335	51026884.000
06/25/2014	21.43	21.50	20.90	21.13	1515178	32082072.000
06/26/2014	21.12	21.56	20.85	21.49	2228555	47467760.000
06/27/2014	21.40	22.00	21.31	21.66	1976838	42872672.000
06/30/2014	21.60	21.73	20.79	20.85	3111509	65510456.000
07/01/2014	20.70	21.12	20.40	20.60	3379421	70026552.000
07/02/2014	20.84	22.55	20.60	22.04	4917274	105524792.000
07/03/2014	21.75	22.14	21.63	21.95	2534979	55411896.000
07/04/2014	21.95	22.49	21.43	21.65	1683197	36691860.000
07/07/2014	21.58	22.10	21.10	21.90	1645574	35592240.000
07/08/2014	22.02	22.46	21.90	22.06	1744901	38684584.000
07/09/2014	22.35	22.86	21.81	22.08	2404290	53517420.000
07/10/2014	22.01	22.25	21.45	21.50	1341040	29264642.000
07/11/2014	21.60	21.70	20.50	20.89	3058640	64643752.000
07/14/2014	20.89	21.35	20.65	21.31	1488867	31428920.000
07/15/2014	20.92	20.92	19.71	19.86	3110918	62593232.000
07/16/2014	19.88	19.99	19.23	19.40	1260667	24575816.000
07/17/2014	19.57	19.57	18.86	19.00	1627854	30973752.000
07/18/2014	19.01	19.28	18.88	19.00	854401	16278072.000
07/21/2014	18.90	19.25	18.90	19.15	795109	15217638.000
07/22/2014	19.01	19.70	19.01	19.64	1111992	21591936.000
07/23/2014	19.73	19.80	18.89	19.50	1362265	26481208.000
07/24/2014	19.40	19.40	18.16	18.80	1420253	26517066.000
07/25/2014	18.76	19.10	18.50	18.92	1019286	19236222.000
07/28/2014	18.92	19.35	18.90	19.25	940354	17968288.000
07/29/2014	19.45	20.50	19.20	19.90	1393342	27524694.000
07/30/2014	19.90	20.50	19.63	20.16	1381057	27932438.000
07/31/2014	20.16	20.37	19.91	20.26	420759	8470621.000
08/01/2014	20.22	20.80	19.75	19.90	740252	14975179.000
08/04/2014	19.90	20.47	19.75	20.15	576417	11601751.000
08/05/2014	20.15	20.37	19.70	20.30	1088523	21885224.000
08/06/2014	20.08	20.65	20.08	20.38	1100470	22430680.000
08/07/2014	20.30	20.55	20.10	20.16	936211	19029404.000
08/08/2014	20.19	20.30	20.01	20.17	757192	15239300.000
08/11/2014	20.07	20.44	20.07	20.21	735316	14893148.000
08/12/2014	20.26	20.37	19.90	20.22	1445779	29073116.000
08/13/2014	20.37	21.17	20.36	20.97	3334966	69453720.000
08/14/2014	20.90	21.72	20.71	21.45	2913628	62198076.000
08/15/2014	21.41	21.50	21.03	21.44	1210720	25773858.000
08/18/2014	21.52	21.62	21.06	21.40	1966773	41966048.000
08/19/2014	21.31	21.60	21.10	21.26	2406806	51271688.000
08/20/2014	21.26	21.26	20.00	21.17	1971096	41021632.000
08/21/2014	21.65	22.47	21.28	21.60	3156177	68769376.000
08/22/2014	21.35	21.57	20.60	21.34	1524828	32416462.000
08/25/2014	21.40	21.42	21.02	21.18	1165257	24720602.000
08/26/2014	21.02	21.19	20.24	20.69	1152249	23826912.000
08/27/2014	20.67	21.25	20.50	21.00	1539647	32146656.000
08/28/2014	21.18	21.18	20.53	20.72	662426	13746179.000
08/29/2014	20.88	20.90	20.00	20.40	1422892	29313728.000
09/01/2014	20.54	22.20	20.31	21.58	3957461	83773480.000
09/02/2014	21.50	22.78	21.45	22.29	4756491	105986568.000
09/03/2014	22.27	24.08	22.15	23.50	5585361	129035288.000
09/04/2014	23.65	24.55	23.14	23.36	4300377	102364880.000
09/05/2014	23.48	24.00	23.01	23.72	2101469	49571784.000
09/09/2014	23.95	23.95	22.92	23.16	2988172	69957312.000
09/10/2014	23.25	23.48	22.68	23.39	2280901	53014176.000
09/11/2014	23.30	24.18	23.19	23.75	2738819	65214536.000
09/12/2014	23.75	24.56	23.62	24.36	1912493	46133488.000
09/15/2014	24.36	24.37	23.57	23.80	2480242	59044936.000
09/16/2014	23.63	24.44	22.86	23.09	1887779	44999260.000
09/17/2014	23.18	23.51	23.00	23.40	1003548	23349016.000
09/18/2014	23.38	23.50	23.00	23.16	956910	22188658.000
09/19/2014	23.18	23.77	23.00	23.66	1350804	31552886.000
09/22/2014	23.47	23.47	23.05	23.44	753129	17482776.000
09/23/2014	23.28	23.88	23.12	23.77	996707	23486094.000
09/24/2014	23.77	26.15	23.77	25.90	3055877	77196000.000
09/25/2014	25.50	26.20	25.45	25.98	1647816	42675064.000
09/26/2014	25.70	27.46	25.70	26.92	1585155	42301336.000
09/29/2014	26.90	28.37	26.50	28.12	1908908	52450800.000
09/30/2014	28.18	28.32	27.40	27.99	1240297	34479968.000
10/08/2014	27.73	28.10	27.43	27.70	1122342	31055088.000
10/09/2014	27.62	27.90	26.10	26.80	1487142	40059604.000
10/10/2014	26.75	26.78	26.10	26.39	1021072	27059360.000
10/13/2014	26.20	26.30	24.07	25.20	3827700	95122056.000
10/14/2014	24.95	25.38	24.54	24.95	1571274	39234316.000
10/15/2014	24.69	25.45	24.67	25.32	1107704	27761594.000
10/16/2014	24.92	25.73	24.80	25.33	1292137	32647804.000
10/17/2014	24.96	25.33	24.27	24.95	917392	22688710.000
10/20/2014	24.75	25.87	24.75	25.80	1799009	45243876.000
10/21/2014	25.60	25.89	25.40	25.59	718350	18408826.000
10/22/2014	25.60	26.10	25.23	25.86	1124343	28906054.000
10/23/2014	25.50	25.60	24.50	25.57	1510750	38013052.000
10/24/2014	25.60	25.79	25.21	25.50	705366	17980450.000
10/27/2014	25.26	25.97	25.23	25.97	1415055	36251524.000
10/28/2014	26.22	26.97	25.95	26.46	1873545	49521792.000
10/29/2014	26.56	28.53	26.56	27.50	3692878	102790512.000
10/30/2014	27.50	29.10	27.50	28.60	3565462	101816400.000
10/31/2014	28.65	28.90	27.40	28.14	1424387	40263416.000
数据来源:通达信
