300232 洲明科技 日线
      日期	    开盘	    最高	    最低	    收盘	    成交量	    成交额
06/22/2011	6.75	6.84	6.52	6.55	8805774	154057312.000
06/23/2011	6.55	7.07	6.37	6.85	6877051	121491624.000
06/24/2011	6.76	7.40	6.73	7.18	6436924	119608472.000
06/27/2011	7.26	7.53	7.20	7.42	4617345	89373128.000
06/28/2011	7.35	7.53	7.28	7.36	2513715	48840172.000
06/29/2011	7.32	7.42	7.17	7.17	2265373	43366512.000
06/30/2011	7.17	7.26	7.09	7.18	1812374	34108632.000
07/01/2011	7.27	7.41	7.16	7.17	1887877	36140488.000
07/04/2011	7.18	7.35	7.15	7.29	1800275	34246160.000
07/05/2011	7.29	7.30	7.08	7.22	1437657	27239436.000
07/06/2011	7.21	7.76	7.19	7.47	3438343	67437448.000
07/07/2011	7.51	7.95	7.51	7.68	3889917	78980896.000
07/08/2011	7.70	7.83	7.55	7.71	1936746	39062164.000
07/11/2011	7.71	7.86	7.66	7.72	1773652	36148036.000
07/12/2011	7.65	7.70	7.38	7.41	1823484	36034044.000
07/13/2011	7.42	7.68	7.36	7.66	2617254	51686768.000
07/14/2011	7.66	7.85	7.56	7.85	2076395	41884204.000
07/15/2011	7.85	8.23	7.78	7.99	2820793	59446048.000
07/18/2011	8.01	8.06	7.81	7.85	1568765	32552678.000
07/19/2011	7.81	7.81	7.50	7.59	1820971	36392320.000
07/20/2011	7.68	7.69	7.44	7.56	1092618	21651268.000
07/21/2011	7.54	7.68	7.51	7.58	1241179	24739328.000
07/22/2011	7.66	7.81	7.60	7.71	1467313	29733682.000
07/25/2011	7.62	7.71	7.33	7.35	1510167	29754110.000
07/26/2011	7.41	7.43	7.25	7.43	952975	18383480.000
07/27/2011	7.42	8.15	7.35	7.93	3532706	72187256.000
07/28/2011	7.80	8.04	7.77	8.01	2161884	44889700.000
07/29/2011	7.96	8.04	7.74	7.80	2044250	41969620.000
08/01/2011	7.86	8.32	7.80	8.20	3312260	70842080.000
08/02/2011	8.08	8.24	7.89	8.21	2536114	53561376.000
08/03/2011	8.05	8.20	7.97	8.03	1924437	40760872.000
08/04/2011	8.08	8.08	7.78	7.83	1791884	37120648.000
08/05/2011	7.43	7.72	7.40	7.58	1609405	32110174.000
08/08/2011	7.51	7.58	6.88	7.05	1868950	35483696.000
08/09/2011	6.85	7.17	6.66	7.08	1334560	24465410.000
08/10/2011	7.26	7.34	7.11	7.13	1633530	30986906.000
08/11/2011	6.93	7.37	6.93	7.34	1423632	27034856.000
08/12/2011	7.45	7.56	7.38	7.41	1235896	24189044.000
08/15/2011	7.52	7.65	7.43	7.61	1152474	22844798.000
08/16/2011	7.64	7.73	7.54	7.58	1404158	28066754.000
08/17/2011	7.58	7.71	7.54	7.65	1256146	25149408.000
08/18/2011	7.61	7.70	7.45	7.47	1329443	26463560.000
08/19/2011	7.35	7.40	7.24	7.36	1344507	25822354.000
08/22/2011	7.37	7.79	7.37	7.69	1932930	38600708.000
08/23/2011	7.73	8.46	7.69	8.31	3837566	81463072.000
08/24/2011	8.31	8.58	8.24	8.41	4158122	91516744.000
08/26/2011	8.32	9.06	8.28	8.66	3055423	69775920.000
08/29/2011	8.66	9.01	8.64	8.69	2277687	52436620.000
08/30/2011	8.77	8.84	8.33	8.33	2180170	49149808.000
08/31/2011	8.22	8.68	8.22	8.59	2402299	53043052.000
09/01/2011	8.58	8.65	8.26	8.38	1462218	32484520.000
09/02/2011	8.33	8.74	8.26	8.70	2283147	51077848.000
09/05/2011	8.54	8.71	8.40	8.46	2001351	44917564.000
09/06/2011	8.28	8.37	7.63	7.79	2437653	50937600.000
09/07/2011	7.84	8.08	7.72	8.02	1231823	25595922.000
09/08/2011	8.01	8.16	7.63	7.76	1052786	22101144.000
09/09/2011	7.77	7.95	7.70	7.81	825097	16965438.000
09/13/2011	7.71	7.71	7.54	7.60	686219	13746552.000
09/14/2011	7.72	7.83	7.49	7.79	827481	16626055.000
09/15/2011	7.79	7.92	7.71	7.71	704635	14441847.000
09/16/2011	7.73	7.82	7.54	7.56	756241	15205873.000
09/19/2011	7.47	7.48	7.19	7.19	1080074	20650324.000
09/20/2011	7.19	7.30	7.11	7.23	520491	9842555.000
09/21/2011	7.22	7.52	7.16	7.46	861419	16729230.000
09/22/2011	7.34	7.42	7.03	7.08	3059219	57715084.000
09/23/2011	6.96	7.04	6.81	6.93	1584417	28884036.000
09/26/2011	6.87	7.00	6.78	6.82	755953	13655943.000
09/27/2011	6.92	6.95	6.81	6.91	710676	12853279.000
09/28/2011	6.99	7.00	6.68	6.74	873622	15767819.000
09/29/2011	6.69	6.77	6.52	6.55	622503	10828336.000
09/30/2011	6.55	6.61	6.42	6.59	603775	10364267.000
10/10/2011	6.59	6.65	6.53	6.58	314920	5451826.000
10/11/2011	6.77	6.81	6.43	6.54	737510	12916938.000
10/12/2011	6.45	6.85	6.41	6.81	971769	17145364.000
10/13/2011	6.76	6.98	6.72	6.87	1109121	20013460.000
10/14/2011	6.78	6.86	6.72	6.81	663195	11812609.000
10/17/2011	6.79	7.00	6.77	6.96	1246524	22640502.000
10/18/2011	6.89	7.01	6.67	6.68	1017489	18389276.000
10/19/2011	6.72	6.77	6.59	6.69	614474	10794606.000
10/20/2011	6.58	6.62	6.40	6.43	623548	10661034.000
10/21/2011	6.43	6.44	6.16	6.18	637168	10501393.000
10/24/2011	6.20	6.32	5.99	6.30	773766	12560588.000
10/25/2011	6.36	6.64	6.32	6.57	1273535	21765472.000
10/26/2011	6.48	6.75	6.47	6.67	1084740	18962262.000
10/27/2011	6.66	6.75	6.61	6.64	849686	14906929.000
10/28/2011	6.73	6.88	6.66	6.87	1513345	26929368.000
10/31/2011	6.85	7.00	6.81	6.93	1183771	21460976.000
11/01/2011	6.82	6.93	6.74	6.90	1039216	18706432.000
11/02/2011	6.70	7.59	6.70	7.59	4535011	87178128.000
11/03/2011	7.63	7.98	7.63	7.72	5714194	116805744.000
11/04/2011	7.72	7.85	7.54	7.64	2672527	53851756.000
11/07/2011	7.69	8.16	7.68	7.81	4351763	90845768.000
11/08/2011	7.73	7.76	7.51	7.62	2037996	40803884.000
11/09/2011	7.58	7.93	7.53	7.90	2584904	52607924.000
11/10/2011	7.76	8.20	7.74	7.74	3765431	78364752.000
11/11/2011	7.77	7.96	7.58	7.65	2256683	46089244.000
11/14/2011	7.81	8.31	7.78	8.08	3145544	66655608.000
11/16/2011	8.03	8.17	7.83	7.93	2504985	52479712.000
11/17/2011	8.00	8.25	7.88	8.04	2718481	57523476.000
11/18/2011	7.99	8.00	7.55	7.63	2392257	48527320.000
11/21/2011	7.58	7.70	7.19	7.41	1604464	31256788.000
11/22/2011	7.30	7.46	7.24	7.41	1115398	21537144.000
11/23/2011	7.41	7.54	7.38	7.40	1160819	22790520.000
11/24/2011	7.26	7.51	7.19	7.50	1249015	24151638.000
11/25/2011	7.51	7.53	7.21	7.39	1126298	21803728.000
11/28/2011	7.38	7.38	7.23	7.32	1126735	21594676.000
11/29/2011	7.39	7.43	7.26	7.41	1099513	21206346.000
11/30/2011	7.40	7.40	6.70	6.75	1708026	31386118.000
12/01/2011	6.98	7.11	6.74	6.75	1864731	34051076.000
12/02/2011	6.64	6.75	6.58	6.67	782552	13687708.000
12/05/2011	6.68	6.76	6.41	6.45	604950	10395240.000
12/06/2011	6.43	6.76	6.40	6.64	857933	14845805.000
12/07/2011	6.62	6.77	6.58	6.69	726356	12733491.000
12/08/2011	6.69	6.92	6.55	6.81	1185125	21142712.000
12/09/2011	6.71	6.87	6.68	6.71	625941	11108545.000
12/12/2011	6.73	6.85	6.70	6.71	662186	11766245.000
12/13/2011	6.69	6.70	6.47	6.55	556384	9571107.000
12/14/2011	6.54	6.77	6.45	6.56	873357	15227929.000
12/15/2011	6.50	6.79	6.50	6.66	1268359	22233408.000
12/16/2011	6.66	6.98	6.57	6.98	1264799	22527190.000
12/19/2011	6.89	7.12	6.78	7.08	1594310	29200826.000
12/20/2011	7.00	7.10	6.79	6.81	1178465	21506344.000
12/21/2011	6.93	6.99	6.47	6.55	1011503	18139736.000
12/22/2011	6.61	6.69	6.25	6.55	1177403	20027628.000
12/23/2011	6.53	6.70	6.46	6.51	831132	14321801.000
12/26/2011	6.49	6.60	6.43	6.50	594454	10189451.000
12/27/2011	6.41	6.48	6.05	6.09	924130	15113004.000
12/28/2011	6.08	6.11	5.86	6.05	603210	9468070.000
12/29/2011	5.97	6.16	5.97	5.99	342263	5447328.500
12/30/2011	6.09	6.18	6.02	6.09	546458	8752679.000
01/04/2012	6.16	6.18	5.73	5.75	894672	14050947.000
01/05/2012	5.70	5.70	5.36	5.37	692763	10050259.000
01/06/2012	5.33	5.53	5.28	5.47	584604	8297982.500
01/09/2012	5.49	5.75	5.41	5.70	683063	10077304.000
01/10/2012	5.70	5.91	5.66	5.87	857028	13124516.000
01/11/2012	5.87	6.03	5.83	5.89	726201	11335362.000
01/12/2012	5.88	5.98	5.80	5.82	490295	7582981.500
01/13/2012	5.80	5.80	5.36	5.38	1010560	14732207.000
01/16/2012	5.38	5.56	5.27	5.27	740107	10515157.000
01/17/2012	5.40	5.70	5.26	5.66	942467	13641720.000
01/18/2012	5.68	5.76	5.34	5.38	928201	13598725.000
01/19/2012	5.42	5.65	5.28	5.63	736730	10672511.000
01/20/2012	5.62	5.79	5.61	5.75	645378	9745537.000
01/30/2012	5.77	5.86	5.70	5.73	686874	10439473.000
01/31/2012	5.72	5.74	5.62	5.71	460423	6862428.500
02/01/2012	5.70	5.93	5.66	5.78	892999	13642400.000
02/02/2012	5.77	5.85	5.68	5.84	828841	12587194.000
02/03/2012	5.84	6.07	5.81	6.03	1042006	16266711.000
02/06/2012	6.01	6.05	5.94	6.03	901623	14242810.000
02/07/2012	5.97	6.01	5.85	5.89	641290	9986971.000
02/08/2012	5.89	6.07	5.88	6.07	647535	10217882.000
02/09/2012	6.06	6.26	6.05	6.08	807988	13064295.000
02/10/2012	6.05	6.19	6.05	6.08	654223	10515973.000
02/13/2012	6.08	6.41	6.02	6.28	1087874	17839212.000
02/14/2012	6.26	6.37	6.21	6.28	840121	13903806.000
02/15/2012	6.28	6.36	6.23	6.35	959233	15906955.000
02/17/2012	6.33	6.38	6.11	6.22	853653	14019759.000
02/20/2012	6.29	6.32	6.19	6.20	680723	11191669.000
02/21/2012	6.18	6.39	6.15	6.39	991571	16404848.000
02/22/2012	6.34	6.68	6.34	6.62	1651380	28537354.000
02/23/2012	6.58	6.67	6.52	6.62	1326364	22996890.000
02/24/2012	6.65	6.69	6.58	6.66	706579	12306360.000
02/27/2012	6.67	6.88	6.67	6.70	1223624	21726664.000
02/28/2012	6.68	6.90	6.63	6.84	1717581	30498730.000
02/29/2012	6.71	6.72	6.45	6.47	2130613	36650712.000
03/01/2012	6.43	6.61	6.42	6.52	904542	15528507.000
03/02/2012	6.56	6.64	6.53	6.64	854678	14795539.000
03/05/2012	6.61	6.69	6.53	6.60	1443484	25100036.000
03/06/2012	6.58	6.61	6.42	6.46	801010	13640308.000
03/07/2012	6.39	6.67	6.32	6.56	1071804	18561678.000
03/08/2012	6.58	6.77	6.58	6.69	947863	16679549.000
03/09/2012	6.70	6.83	6.70	6.82	920908	16384054.000
03/12/2012	6.89	7.03	6.85	6.92	1130005	20609042.000
03/13/2012	6.91	7.00	6.86	6.96	846489	15444148.000
03/14/2012	6.98	7.17	6.68	6.74	1781185	32582732.000
03/15/2012	6.81	6.84	6.54	6.61	723137	12688543.000
03/16/2012	6.65	6.85	6.60	6.85	615566	10856056.000
03/19/2012	6.83	7.05	6.81	7.03	584511	10652931.000
03/20/2012	6.98	7.01	6.71	6.71	556907	10022820.000
03/21/2012	6.89	6.89	6.41	6.58	723639	12547994.000
03/23/2012	6.49	6.59	6.28	6.35	451563	7602166.500
03/26/2012	6.35	6.41	6.28	6.33	243543	4055086.000
03/27/2012	6.39	6.44	6.29	6.31	266747	4461441.000
03/28/2012	6.28	6.28	5.92	5.96	716036	11373509.000
03/29/2012	5.96	6.01	5.86	5.90	289820	4529263.000
03/30/2012	5.95	5.95	5.69	5.79	468587	7188986.000
04/05/2012	5.26	5.58	5.24	5.55	1967939	28083240.000
04/06/2012	5.47	5.53	5.40	5.47	999741	14346773.000
04/09/2012	5.40	5.45	5.33	5.40	720475	10192308.000
04/10/2012	5.39	5.40	5.13	5.33	776266	10781858.000
04/11/2012	5.24	5.35	5.21	5.32	510212	7117891.500
04/12/2012	5.33	5.45	5.31	5.43	813166	11552384.000
04/13/2012	5.44	5.56	5.44	5.48	950147	13746993.000
04/16/2012	5.45	5.45	5.32	5.42	504402	7171342.500
04/17/2012	5.38	5.43	5.30	5.30	516985	7270683.000
04/18/2012	5.33	5.45	5.29	5.44	713563	10108751.000
04/19/2012	5.44	5.50	5.39	5.50	691819	9931014.000
04/20/2012	5.47	5.60	5.45	5.59	807026	11752737.000
04/23/2012	5.58	5.58	5.08	5.13	1349018	18737134.000
04/24/2012	4.97	5.08	4.80	4.88	870157	11301606.000
04/25/2012	4.85	4.91	4.84	4.90	620939	7972652.500
04/26/2012	4.92	4.92	4.81	4.87	530767	6816530.500
04/27/2012	4.88	5.01	4.86	4.98	444386	5787626.000
05/02/2012	5.00	5.00	4.93	4.95	548713	7167776.500
05/03/2012	4.93	4.98	4.93	4.96	396310	5171805.000
05/04/2012	4.99	5.03	4.96	5.02	478614	6320169.000
05/07/2012	4.97	5.20	4.97	5.19	737653	9899407.000
05/08/2012	5.22	5.23	5.11	5.18	546260	7440644.500
05/09/2012	5.15	5.16	5.02	5.04	389168	5220562.500
05/10/2012	5.03	5.15	4.99	5.11	403617	5433086.000
05/11/2012	5.11	5.14	5.06	5.08	280819	3770084.000
05/14/2012	5.12	5.13	5.04	5.07	305806	4101855.500
05/15/2012	5.05	5.08	4.99	5.05	251049	3326470.000
05/16/2012	5.06	5.07	5.02	5.02	226229	3006542.500
05/17/2012	5.05	5.15	5.03	5.14	518342	6955050.500
05/18/2012	5.10	5.49	5.06	5.26	1354578	18846838.000
05/21/2012	5.26	5.35	5.15	5.23	648256	8947654.000
05/22/2012	5.24	5.33	5.20	5.33	721688	10014525.000
05/23/2012	5.29	5.35	5.17	5.22	449110	6183900.500
05/24/2012	5.22	5.38	5.18	5.34	1028328	14417186.000
05/25/2012	5.33	5.35	5.13	5.20	331400	4566596.500
05/28/2012	5.15	5.19	4.88	5.09	491773	6525599.000
05/29/2012	5.06	5.30	5.06	5.17	1119399	15255736.000
05/30/2012	5.17	5.52	5.05	5.32	2072299	22075112.000
05/31/2012	5.31	5.66	5.29	5.60	3304055	36928840.000
06/01/2012	5.57	5.90	5.52	5.77	2488630	28407360.000
06/04/2012	5.55	5.79	5.48	5.62	1199168	13682405.000
06/05/2012	5.61	5.69	5.47	5.59	802719	8980275.000
06/06/2012	5.61	5.65	5.50	5.58	362227	4061033.000
06/07/2012	5.62	5.62	5.47	5.47	338287	3778801.250
06/08/2012	5.51	5.69	5.48	5.68	1042581	11805894.000
06/11/2012	5.67	5.83	5.62	5.81	723676	8364067.000
06/12/2012	5.80	5.80	5.64	5.69	553290	6336076.500
06/13/2012	5.69	5.74	5.60	5.71	520280	5950586.500
06/14/2012	5.67	5.67	5.53	5.56	482383	5437005.000
06/15/2012	5.60	5.60	5.39	5.47	460967	5065825.500
06/18/2012	5.47	5.53	5.43	5.52	408092	4511586.000
06/19/2012	5.47	5.49	5.39	5.39	411707	4505424.000
06/20/2012	5.54	5.63	5.41	5.47	1065297	11861088.000
06/21/2012	5.32	5.41	5.30	5.32	580329	6233542.000
06/25/2012	5.32	5.34	5.22	5.22	423685	4480497.000
06/26/2012	5.07	5.26	5.07	5.21	217936	2267561.500
06/27/2012	5.35	5.36	5.15	5.16	493048	5205317.000
06/28/2012	5.12	5.24	5.08	5.08	268370	2783575.500
06/29/2012	5.06	5.15	4.98	5.14	234535	2404700.250
07/02/2012	5.16	5.35	5.08	5.26	309317	3252062.250
07/03/2012	5.40	5.40	5.27	5.30	387936	4150390.000
07/04/2012	5.37	5.37	5.08	5.12	517580	5412366.500
07/05/2012	5.05	5.06	4.85	4.85	670444	6644500.500
07/06/2012	4.85	4.87	4.57	4.75	1275895	12040823.000
07/09/2012	4.74	4.77	4.57	4.59	1001792	9401188.000
07/10/2012	4.59	4.59	4.47	4.50	509721	4623071.000
07/11/2012	4.50	4.52	4.38	4.40	763949	6829228.000
07/12/2012	4.42	4.57	4.32	4.49	847942	7578378.500
07/13/2012	4.46	4.57	4.44	4.49	719847	6549836.000
07/16/2012	4.52	4.53	4.12	4.12	861808	7421937.000
07/17/2012	4.13	4.20	4.12	4.17	410875	3442477.250
07/18/2012	4.16	4.22	4.14	4.22	312800	2634670.750
07/19/2012	4.25	4.40	4.21	4.34	762508	6645668.000
07/20/2012	4.38	4.43	4.33	4.34	230172	2026477.375
07/23/2012	4.32	4.40	4.24	4.32	618726	5403244.000
07/24/2012	4.32	4.38	4.22	4.34	350176	3061675.250
07/25/2012	4.34	4.62	4.28	4.44	1509343	13581188.000
07/26/2012	4.42	4.50	4.39	4.41	359890	3226383.000
07/27/2012	4.54	4.54	4.41	4.46	850088	7655957.000
07/30/2012	4.68	4.68	4.46	4.59	1650962	15073494.000
07/31/2012	4.46	4.65	4.46	4.62	1606751	14698549.000
08/01/2012	4.67	5.09	4.54	4.64	1979649	18912788.000
08/02/2012	4.56	4.68	4.48	4.53	676190	6146666.500
08/03/2012	4.53	4.68	4.49	4.68	469230	4291554.000
08/06/2012	4.64	4.72	4.52	4.69	959370	8860989.000
08/07/2012	4.62	4.71	4.61	4.69	796926	7473784.500
08/08/2012	4.68	4.75	4.68	4.75	671009	6373232.000
08/09/2012	4.73	4.85	4.67	4.80	460775	4424279.500
08/10/2012	4.82	4.97	4.77	4.94	964310	9523352.000
08/13/2012	4.94	5.03	4.85	4.86	672261	6678187.000
08/14/2012	4.91	4.91	4.53	4.85	374928	3607010.250
08/15/2012	4.83	4.91	4.66	4.67	386836	3701410.750
08/16/2012	4.64	4.70	4.53	4.65	65301	610229.875
08/17/2012	4.70	4.79	4.63	4.68	194961	1851738.000
08/20/2012	4.72	4.78	4.68	4.78	261806	2492321.000
08/21/2012	4.78	4.92	4.74	4.88	609191	5973315.500
08/22/2012	4.94	4.94	4.86	4.89	435194	4278940.500
08/23/2012	4.90	4.98	4.87	4.97	472590	4690380.500
08/24/2012	4.96	4.99	4.82	4.91	728472	7183909.500
08/27/2012	4.97	5.41	4.94	5.08	3878440	40314864.000
08/28/2012	5.01	5.09	4.87	5.03	1897625	19080528.000
08/29/2012	5.32	5.54	5.26	5.54	6425523	70783568.000
08/30/2012	5.54	5.56	5.00	5.27	6321218	67487632.000
08/31/2012	5.21	5.30	5.05	5.20	2660627	27665618.000
09/03/2012	5.14	5.49	5.07	5.42	2937315	31464370.000
09/04/2012	5.39	5.59	5.29	5.41	3390456	37295828.000
09/05/2012	5.32	5.65	5.24	5.51	3837888	42480336.000
09/06/2012	5.47	5.55	5.43	5.53	2164459	23906486.000
09/07/2012	5.59	5.78	5.43	5.73	4317870	48919736.000
09/10/2012	5.72	5.83	5.58	5.83	2773620	31731258.000
09/11/2012	5.74	5.79	5.69	5.72	1422465	16422088.000
09/12/2012	5.71	5.77	5.52	5.63	1596468	18136870.000
09/13/2012	5.65	5.65	5.35	5.36	2150038	23619708.000
09/14/2012	5.41	5.46	5.27	5.31	859171	9303073.000
09/17/2012	5.32	5.36	5.14	5.18	968411	10206310.000
09/18/2012	5.15	5.26	5.12	5.21	609439	6399817.000
09/19/2012	5.26	5.33	5.19	5.33	457534	4848956.500
09/20/2012	5.33	5.33	4.91	4.97	891973	9146481.000
09/21/2012	4.93	4.97	4.56	4.67	2020354	19187496.000
09/24/2012	4.64	4.87	4.58	4.80	967033	9221320.000
09/25/2012	4.82	4.83	4.70	4.74	327869	3133347.500
09/26/2012	4.61	4.72	4.52	4.52	495350	4588190.000
09/27/2012	4.47	4.75	4.47	4.70	868252	8109186.500
09/28/2012	4.74	5.01	4.67	4.96	1627738	16019623.000
10/08/2012	5.00	5.09	4.95	5.00	833558	8422531.000
10/09/2012	5.05	5.16	5.02	5.16	636151	6568399.500
10/10/2012	5.16	5.34	5.08	5.28	766992	8085272.500
10/11/2012	5.27	5.41	5.08	5.22	789833	8272635.000
10/12/2012	5.27	5.27	5.08	5.15	416127	4305639.500
10/15/2012	5.03	5.03	4.63	4.81	2728495	25771164.000
10/16/2012	4.73	4.76	4.61	4.72	956669	9037572.000
10/17/2012	4.71	4.78	4.66	4.72	463917	4399107.000
10/18/2012	4.74	4.83	4.72	4.81	486508	4690777.500
10/19/2012	4.80	4.93	4.79	4.79	448959	4383305.000
10/22/2012	4.79	4.79	4.65	4.73	625206	5937803.500
10/23/2012	4.75	4.75	4.62	4.65	412039	3881317.500
10/24/2012	4.63	4.75	4.59	4.64	678536	6334258.500
10/25/2012	4.66	4.68	4.56	4.57	311800	2901148.000
10/26/2012	4.61	4.61	4.38	4.47	481840	4333970.000
10/29/2012	4.47	4.55	4.38	4.47	159614	1442775.250
10/30/2012	4.54	4.57	4.50	4.50	228287	2088044.000
10/31/2012	4.57	4.57	4.47	4.52	183651	1665657.500
11/01/2012	4.53	4.63	4.51	4.62	374982	3472145.500
11/02/2012	4.67	4.67	4.55	4.61	318165	2944035.000
11/05/2012	4.60	4.63	4.58	4.62	191509	1775071.000
11/06/2012	4.62	4.65	4.51	4.60	285588	2627898.500
11/07/2012	4.57	4.64	4.57	4.62	315036	2924628.500
11/08/2012	4.60	4.60	4.48	4.48	218039	1992743.375
11/09/2012	4.52	4.52	4.37	4.49	200736	1807438.375
11/12/2012	4.51	4.59	4.39	4.52	97120	880279.063
11/13/2012	4.51	4.59	4.40	4.46	152415	1371674.625
11/14/2012	4.59	4.59	4.44	4.50	447574	4071473.000
11/15/2012	4.42	4.46	4.31	4.34	360351	3170841.750
11/16/2012	4.34	4.37	4.30	4.35	115105	1004450.125
11/19/2012	4.39	4.39	4.33	4.38	264787	2319566.500
11/20/2012	4.40	4.45	4.37	4.39	240819	2139432.250
11/21/2012	4.41	4.44	4.34	4.44	209269	1851084.125
11/22/2012	4.42	4.50	4.39	4.44	282455	2531986.750
11/23/2012	4.49	4.49	4.43	4.43	177500	1594600.750
11/26/2012	4.45	4.45	4.34	4.34	97110	861265.813
11/27/2012	4.34	4.46	4.08	4.08	291335	2470140.750
11/28/2012	4.04	4.07	3.97	3.99	360979	2913934.000
11/29/2012	4.02	4.02	3.93	3.93	229474	1830925.625
11/30/2012	3.92	3.99	3.91	3.95	221036	1761733.250
12/03/2012	3.94	4.26	3.87	3.99	812860	6668531.000
12/04/2012	3.91	3.95	3.60	3.92	576051	4431348.500
12/05/2012	3.87	4.06	3.79	4.01	791802	6406884.500
12/06/2012	3.97	4.05	3.97	4.02	497410	4028366.250
12/07/2012	4.01	4.10	3.97	4.09	627565	5129811.000
12/10/2012	4.10	4.20	4.07	4.18	763167	6371627.500
12/11/2012	4.19	4.31	4.17	4.22	718285	6120079.000
12/12/2012	4.21	4.28	4.12	4.18	548612	4627080.000
12/13/2012	4.21	4.21	4.07	4.08	379400	3146753.250
12/14/2012	4.13	4.26	4.05	4.23	595584	5045920.500
12/17/2012	4.27	4.36	4.23	4.32	811192	7047293.000
12/18/2012	4.31	4.36	4.27	4.29	779243	6763402.500
12/19/2012	4.29	4.36	4.27	4.32	476667	4148237.500
12/20/2012	4.33	4.41	4.28	4.37	582923	5117205.500
12/21/2012	4.37	4.46	4.32	4.39	808472	7160117.500
12/24/2012	4.40	4.45	4.36	4.45	752272	6686958.000
12/25/2012	4.42	4.59	4.42	4.55	1347977	12302262.000
12/26/2012	4.62	4.80	4.53	4.76	1814138	17032006.000
12/27/2012	4.80	4.82	4.53	4.55	2836033	26308716.000
12/28/2012	4.53	4.58	4.41	4.54	1413385	12836248.000
12/31/2012	4.57	4.59	4.52	4.54	1091892	10016898.000
01/04/2013	4.62	4.62	4.38	4.46	1240693	11145177.000
01/07/2013	4.50	4.56	4.43	4.53	752390	6819988.500
01/08/2013	4.54	4.66	4.46	4.61	1313979	12073916.000
01/09/2013	4.57	4.68	4.49	4.61	1508352	13951276.000
01/10/2013	4.56	4.70	4.56	4.67	1534713	14357128.000
01/11/2013	4.72	4.81	4.57	4.62	1940648	18432664.000
01/14/2013	4.61	4.85	4.54	4.81	2150712	20678224.000
01/15/2013	4.81	4.96	4.75	4.90	1794185	17631212.000
01/16/2013	4.87	4.91	4.72	4.82	1246571	12044674.000
01/17/2013	4.82	4.86	4.76	4.78	853497	8269296.500
01/18/2013	4.82	4.93	4.77	4.90	1408856	13738445.000
01/21/2013	4.93	4.93	4.81	4.85	1037208	10118306.000
01/22/2013	4.86	4.86	4.61	4.64	1418286	13419620.000
01/23/2013	4.62	4.64	4.49	4.54	1132913	10368224.000
01/24/2013	4.56	4.66	4.43	4.48	1133982	10402064.000
01/25/2013	4.50	4.53	4.44	4.47	451734	4082072.500
01/28/2013	4.55	4.55	4.47	4.55	1530120	13923599.000
01/29/2013	4.55	4.61	4.51	4.59	2161354	19789238.000
01/30/2013	4.57	4.60	4.47	4.50	1861908	16923106.000
01/31/2013	4.50	4.50	4.32	4.36	1802530	15882815.000
02/01/2013	4.32	4.44	4.32	4.43	1022839	9050902.000
02/04/2013	4.39	4.47	4.39	4.42	723859	6441556.000
02/05/2013	4.42	4.45	4.34	4.44	553380	4905337.500
02/06/2013	4.44	4.49	4.42	4.48	769698	6930812.500
02/07/2013	4.49	4.55	4.48	4.52	891326	8107204.000
02/08/2013	4.55	4.58	4.51	4.57	959897	8811920.000
02/18/2013	4.60	4.67	4.57	4.66	1677081	15662062.000
02/19/2013	4.66	4.69	4.55	4.57	1198196	11085019.000
02/20/2013	4.57	4.66	4.56	4.66	1556703	14496988.000
02/21/2013	4.67	4.86	4.62	4.77	3555857	34109312.000
02/22/2013	4.77	5.07	4.70	4.98	4182740	41319552.000
02/25/2013	5.24	5.48	5.24	5.48	8016632	88032584.000
02/26/2013	5.33	5.87	5.27	5.78	8161996	91749552.000
02/27/2013	5.82	6.21	5.62	5.83	6657940	79520544.000
02/28/2013	5.80	5.97	5.58	5.84	3951312	45980696.000
03/01/2013	5.72	5.99	5.69	5.94	3517389	41431976.000
03/04/2013	5.91	6.20	5.82	5.97	5512062	67223968.000
03/05/2013	5.90	6.52	5.68	6.43	3867280	47347688.000
03/06/2013	6.42	6.58	6.28	6.46	2575517	33269952.000
03/07/2013	6.42	7.11	6.33	6.87	5778548	79360312.000
03/08/2013	6.92	7.46	6.26	6.37	5550478	75392288.000
03/11/2013	6.30	6.43	6.07	6.16	3617514	44921044.000
03/12/2013	6.07	6.15	5.83	5.95	3421612	41075800.000
03/13/2013	5.92	6.06	5.83	5.99	1946380	23280074.000
03/14/2013	5.99	6.15	5.84	6.03	2390040	28884226.000
03/15/2013	5.95	6.23	5.92	5.98	1838226	22578514.000
03/18/2013	6.01	6.20	5.98	6.06	1723989	20986400.000
03/19/2013	6.04	6.14	5.62	5.89	3507573	40721080.000
03/20/2013	5.86	6.06	5.68	6.03	1402730	16554985.000
03/21/2013	6.02	6.41	5.97	6.33	1890153	23799106.000
03/22/2013	6.32	6.32	6.18	6.27	1205116	15136836.000
03/25/2013	6.23	6.62	6.19	6.20	2346788	30187090.000
03/26/2013	6.20	6.20	5.73	5.87	1764987	20825140.000
03/27/2013	5.77	5.92	5.77	5.86	1056991	12432701.000
03/28/2013	5.77	5.77	5.45	5.54	2090627	23322142.000
03/29/2013	5.59	5.59	5.22	5.32	2224311	23993954.000
04/01/2013	5.32	5.65	5.32	5.65	2088035	23181524.000
04/02/2013	5.62	5.63	5.37	5.52	1560849	17362766.000
04/03/2013	5.54	5.54	5.19	5.39	684790	7436038.000
04/08/2013	5.42	5.61	5.27	5.60	1122578	12474842.000
04/09/2013	5.61	5.80	5.54	5.61	992742	11301115.000
04/10/2013	5.57	5.65	5.43	5.56	508548	5637923.000
04/11/2013	5.49	5.66	5.49	5.55	306227	3436120.250
04/12/2013	5.59	5.59	5.43	5.48	261590	2895363.750
04/15/2013	5.39	5.49	5.27	5.29	541541	5817548.500
04/16/2013	5.19	5.38	5.19	5.33	421355	4491525.000
04/17/2013	5.35	5.66	5.32	5.62	1218783	13608857.000
04/18/2013	5.69	6.06	5.58	6.02	2642155	31218066.000
04/19/2013	6.02	6.06	5.87	6.02	2940408	35385664.000
04/22/2013	6.01	6.24	5.87	6.20	2301659	28150426.000
04/23/2013	6.20	6.20	5.90	5.95	1455361	17597704.000
04/24/2013	5.83	6.44	5.83	6.42	2312345	29260142.000
04/25/2013	6.44	6.61	6.02	6.02	2916853	37428360.000
04/26/2013	5.97	6.46	5.90	6.18	2449230	30651152.000
05/02/2013	6.02	6.36	5.96	6.22	1456517	17949482.000
05/03/2013	6.22	6.56	6.17	6.42	1714550	22114678.000
05/06/2013	6.34	6.76	6.32	6.67	2263438	29889110.000
05/07/2013	6.59	6.69	6.47	6.54	1296501	17074816.000
05/08/2013	6.53	6.54	6.29	6.54	2425958	31208188.000
05/09/2013	6.53	6.53	6.16	6.24	3395322	43067876.000
05/10/2013	6.26	6.62	6.12	6.56	3388013	43203528.000
05/13/2013	6.55	6.87	6.55	6.79	5374060	72517440.000
05/14/2013	7.02	7.22	6.82	6.87	12181876	171895744.000
05/15/2013	6.72	7.19	6.65	7.15	5394709	75552376.000
05/16/2013	7.06	7.16	6.82	6.88	4262372	59913960.000
05/17/2013	6.90	7.39	6.72	7.26	7073247	101567600.000
05/20/2013	7.22	7.72	7.17	7.29	5322383	78691360.000
05/21/2013	7.27	7.37	7.04	7.20	3356382	48569668.000
05/22/2013	7.24	7.24	6.69	6.75	3664283	50900112.000
05/23/2013	6.72	6.81	6.50	6.67	3451738	46080668.000
05/24/2013	6.70	6.98	6.62	6.95	4753225	65157132.000
05/27/2013	6.92	7.02	6.79	6.86	3401534	47017280.000
05/28/2013	6.86	6.86	6.45	6.46	2938091	38700076.000
05/29/2013	6.47	6.69	6.47	6.57	1920290	25484526.000
05/30/2013	6.57	6.65	6.51	6.63	1292563	17185906.000
06/03/2013	6.99	7.29	6.98	7.29	5482003	79287360.000
06/04/2013	7.47	7.66	6.88	7.28	10023729	145210496.000
06/05/2013	7.07	7.31	7.02	7.10	5115129	73543736.000
06/06/2013	7.02	7.71	6.82	7.42	8941015	132271488.000
06/07/2013	7.48	7.60	7.22	7.31	5098512	75682408.000
06/13/2013	7.14	7.22	6.89	7.08	4754038	67474256.000
06/14/2013	7.03	7.58	7.03	7.42	5415052	79875920.000
06/17/2013	7.42	7.75	7.23	7.75	8510995	128789056.000
06/18/2013	7.68	7.68	7.29	7.50	5002490	74879808.000
06/19/2013	7.34	7.34	7.10	7.28	3797705	55208984.000
06/20/2013	7.09	7.31	6.55	6.59	4309634	59870488.000
06/21/2013	6.41	6.69	6.24	6.48	2419866	31426604.000
06/24/2013	6.44	6.44	5.91	6.00	2803393	34829608.000
06/25/2013	5.92	6.08	5.39	5.85	3263326	37495208.000
06/26/2013	5.82	6.19	5.72	6.10	3776735	45811148.000
06/27/2013	6.12	6.24	5.74	5.87	3185640	38432704.000
06/28/2013	5.79	6.07	5.78	5.91	1992186	23827654.000
07/01/2013	5.86	6.15	5.84	6.14	1907912	23243170.000
07/02/2013	6.16	6.39	6.10	6.27	3007998	37677528.000
07/03/2013	6.26	6.36	6.07	6.27	2468976	30783692.000
07/04/2013	6.19	6.43	6.14	6.24	2056957	26121810.000
07/05/2013	6.26	6.29	5.87	5.88	2204232	27146342.000
07/08/2013	5.67	5.70	5.47	5.47	1855895	20843930.000
07/09/2013	5.47	5.65	5.43	5.54	953993	10626637.000
07/10/2013	5.58	5.70	5.54	5.67	1092347	12350113.000
07/11/2013	5.74	5.89	5.62	5.85	1069509	12425562.000
07/12/2013	5.88	6.13	5.81	5.93	1756076	21101156.000
07/15/2013	5.71	5.87	5.47	5.81	4271648	48899104.000
07/16/2013	5.74	6.01	5.71	6.01	3429670	40408044.000
07/17/2013	5.95	6.10	5.77	5.81	2661728	31903822.000
07/18/2013	5.83	6.13	5.83	6.12	3560589	43308072.000
07/19/2013	6.12	6.23	5.53	5.90	3307606	40227124.000
07/22/2013	5.69	6.08	5.67	6.06	2000301	23886780.000
07/23/2013	6.17	6.17	5.98	6.11	2391372	29208138.000
07/24/2013	6.08	6.33	6.02	6.32	3601982	45266000.000
07/25/2013	6.27	6.32	5.83	6.02	2780137	33724028.000
07/26/2013	5.90	6.02	5.74	5.91	1874295	22151304.000
07/29/2013	5.88	5.90	5.62	5.65	1369035	15826232.000
07/30/2013	5.62	5.70	5.44	5.57	1106046	12394119.000
07/31/2013	5.59	5.75	5.57	5.61	786251	8935713.000
08/01/2013	5.64	6.17	5.64	6.17	2002302	24471182.000
08/02/2013	6.79	6.79	6.62	6.79	5951413	81185504.000
08/05/2013	6.96	6.96	6.54	6.67	8743387	118954232.000
08/06/2013	6.60	6.85	6.60	6.69	4053035	54884520.000
08/07/2013	6.69	6.70	6.30	6.52	5526481	71704944.000
08/08/2013	6.39	7.17	6.32	7.17	7493942	103552272.000
08/09/2013	7.37	7.65	6.84	7.01	7506995	109021888.000
08/12/2013	6.82	6.94	6.59	6.75	5043079	68399040.000
08/13/2013	6.74	7.17	6.64	7.12	5946925	82808768.000
08/14/2013	6.97	7.09	6.86	6.93	4085258	57110516.000
08/15/2013	6.89	6.94	6.72	6.76	2476647	33924196.000
08/16/2013	6.78	7.06	6.56	6.60	4002563	55394644.000
08/19/2013	6.62	7.00	6.62	6.94	3439432	47512664.000
08/20/2013	6.90	7.51	6.90	7.27	7264429	106604104.000
08/21/2013	7.24	7.29	7.07	7.19	3439357	49503400.000
08/22/2013	7.16	7.26	6.97	7.21	3063538	43536308.000
08/23/2013	7.17	7.32	6.87	7.06	3222664	46134020.000
08/26/2013	6.97	7.14	6.91	7.11	2395992	33857328.000
08/27/2013	7.07	7.26	7.02	7.16	2536011	36385876.000
08/28/2013	7.14	7.15	6.79	6.79	3167792	44130980.000
08/29/2013	6.80	6.93	6.72	6.82	1433511	19615344.000
08/30/2013	6.87	6.87	6.15	6.36	2321863	30538966.000
09/02/2013	6.27	6.51	6.27	6.50	1306068	16813314.000
09/03/2013	6.52	6.90	6.47	6.87	1710231	23292302.000
09/04/2013	7.13	7.28	6.99	7.03	2720329	38649900.000
09/05/2013	6.97	7.74	6.97	7.74	5763901	86425296.000
09/06/2013	7.97	7.97	7.36	7.54	5414066	81831144.000
09/09/2013	7.47	7.62	7.28	7.62	4229037	63160432.000
09/10/2013	7.53	7.89	7.52	7.76	4249215	65832212.000
09/11/2013	7.66	7.66	7.14	7.39	3360383	49342560.000
09/12/2013	7.30	7.62	7.28	7.44	1832304	27502952.000
09/13/2013	7.44	7.84	7.32	7.79	3139900	48075848.000
09/16/2013	7.86	7.88	7.63	7.78	2022931	31491518.000
09/17/2013	7.92	7.97	7.32	7.37	3390219	51728432.000
09/18/2013	7.40	8.11	7.39	8.11	5463046	87509784.000
09/23/2013	8.41	8.77	8.21	8.72	8746033	148264368.000
09/24/2013	8.55	8.55	8.33	8.46	4318420	73079336.000
09/25/2013	8.38	8.51	8.23	8.38	2412348	40416888.000
09/26/2013	8.38	8.64	8.14	8.14	2994918	50368532.000
09/27/2013	8.16	8.34	8.00	8.17	1967201	32329256.000
09/30/2013	8.09	8.29	8.09	8.14	1587198	26038556.000
10/08/2013	8.02	8.38	8.02	8.31	2770349	45823520.000
10/09/2013	8.24	8.90	8.22	8.57	4135382	71363304.000
10/10/2013	8.56	8.58	8.32	8.34	2275976	38472104.000
10/11/2013	8.41	8.93	8.38	8.75	5541033	96434792.000
10/14/2013	8.64	9.63	8.60	9.42	6760666	124540360.000
10/15/2013	9.52	9.67	9.12	9.53	5345610	101210560.000
10/16/2013	9.49	9.55	8.90	9.41	3794334	70428792.000
10/17/2013	9.62	9.86	9.36	9.44	2971141	56920340.000
10/18/2013	9.42	9.61	8.87	9.54	2435487	45688092.000
10/21/2013	9.97	10.50	9.97	10.50	6367636	132044960.000
10/22/2013	10.50	11.06	9.97	10.31	5788642	121903960.000
10/23/2013	10.30	11.02	10.07	10.46	5339829	113055200.000
10/24/2013	10.61	10.89	9.77	9.93	4547279	92427152.000
10/25/2013	10.12	10.56	9.89	10.50	5463236	112438040.000
10/28/2013	9.77	9.90	9.45	9.45	5130300	98042080.000
10/29/2013	9.31	9.44	8.50	8.50	5373643	95293488.000
10/30/2013	8.38	8.59	8.22	8.42	3050474	51560480.000
10/31/2013	8.46	8.73	8.33	8.33	2215535	37976908.000
11/01/2013	8.33	8.61	7.97	8.33	2064240	34193028.000
11/04/2013	8.37	8.58	8.23	8.33	1807563	30523022.000
11/05/2013	8.33	8.43	8.04	8.40	2270796	37651424.000
11/06/2013	8.37	8.77	8.32	8.36	3365607	57874584.000
11/07/2013	8.37	8.64	8.08	8.45	2352792	39692036.000
11/08/2013	8.38	8.57	8.27	8.27	1868204	31548090.000
11/11/2013	8.16	8.38	7.98	8.07	1794873	29336220.000
11/12/2013	8.07	8.25	8.05	8.15	1284014	21037966.000
11/13/2013	8.07	8.22	7.69	7.70	1503077	24131532.000
11/14/2013	7.71	8.01	7.57	7.91	2305498	36200004.000
11/15/2013	7.91	8.49	7.89	8.33	2543009	42283876.000
11/18/2013	8.36	8.65	8.27	8.59	3155382	54184380.000
11/19/2013	9.45	9.45	8.82	8.94	4220699	76779104.000
11/20/2013	8.97	9.22	8.87	9.11	2057075	37394948.000
11/21/2013	9.14	9.27	8.97	9.22	1881741	34532644.000
11/22/2013	9.29	9.29	8.78	8.91	1853081	33290352.000
11/25/2013	8.91	8.91	8.67	8.74	2201767	38604476.000
11/26/2013	8.72	9.41	8.69	9.24	3084915	56490800.000
11/27/2013	9.19	9.26	9.02	9.20	2019298	37055264.000
11/28/2013	9.23	9.44	9.08	9.27	2728979	50747632.000
11/29/2013	9.28	9.78	9.27	9.64	3369107	64952184.000
12/02/2013	8.82	9.40	8.68	8.68	4861194	86415680.000
12/03/2013	8.22	8.87	7.97	8.75	2188010	37276816.000
12/04/2013	8.75	9.03	8.40	8.57	1947489	34342632.000
12/05/2013	8.43	8.82	8.43	8.49	1468906	25356834.000
12/06/2013	8.46	8.46	8.00	8.17	1253197	20836676.000
12/09/2013	8.19	8.41	8.14	8.37	628072	10482745.000
12/10/2013	8.42	8.42	8.13	8.19	824999	13600280.000
12/11/2013	8.21	8.96	8.20	8.65	2406400	42007292.000
12/12/2013	8.60	8.81	8.49	8.77	1566012	27300030.000
12/13/2013	8.74	9.06	8.63	8.94	2143551	38339788.000
12/16/2013	8.96	9.17	8.88	9.09	1676027	30391154.000
12/17/2013	9.00	9.10	8.66	8.87	1173017	20851024.000
12/18/2013	8.90	9.25	8.79	8.91	1456427	26422648.000
12/19/2013	8.97	9.19	8.84	8.88	1591572	28880930.000
12/20/2013	8.89	9.06	8.40	8.47	1489238	25857906.000
12/23/2013	8.38	8.53	8.08	8.47	943740	15777819.000
12/24/2013	8.42	8.63	8.10	8.39	1435033	24228754.000
12/25/2013	8.37	9.24	8.32	9.24	5457313	99229912.000
12/26/2013	9.31	9.71	9.17	9.47	6121237	115651480.000
12/27/2013	9.36	10.42	9.29	10.42	7534717	152782672.000
12/30/2013	10.27	10.33	9.97	10.09	4746213	96576000.000
12/31/2013	10.06	10.51	9.79	9.87	4108719	83828360.000
01/02/2014	9.87	10.86	9.56	10.64	4120213	85896368.000
01/03/2014	10.47	11.30	10.38	10.69	4953204	108098600.000
01/06/2014	10.79	11.21	10.12	10.19	3465686	74629568.000
01/07/2014	9.98	10.47	9.92	10.42	2242353	46314588.000
01/08/2014	10.50	11.37	10.40	10.99	3620732	79457448.000
01/09/2014	10.91	10.98	10.26	10.32	2504795	53783924.000
01/10/2014	10.33	10.70	9.71	10.04	2523824	51291836.000
01/13/2014	9.97	10.30	9.82	9.97	1752208	35167108.000
01/14/2014	10.03	10.80	9.92	10.72	2888125	60433740.000
01/15/2014	10.77	11.79	10.66	11.43	4586343	103236936.000
01/16/2014	12.58	12.58	12.42	12.58	8676144	218793808.000
01/17/2014	12.57	12.64	12.07	12.14	7051800	173796304.000
01/20/2014	12.22	12.37	11.46	11.65	4160230	98771752.000
01/21/2014	11.77	12.20	11.54	12.13	5243807	125585336.000
01/22/2014	12.17	12.52	11.88	12.11	4614652	112503528.000
01/23/2014	11.72	12.35	11.72	12.15	3499681	85527800.000
01/24/2014	12.02	12.49	11.97	12.21	2925420	72185480.000
01/27/2014	12.08	13.06	12.02	12.96	4704645	119291016.000
01/28/2014	12.87	12.87	12.19	12.41	2994245	74916744.000
01/29/2014	12.39	12.69	12.26	12.59	2115581	53019372.000
01/30/2014	12.51	12.59	12.23	12.47	1667680	41379944.000
02/07/2014	12.30	13.32	11.97	13.22	2750049	71243240.000
02/10/2014	13.20	14.15	12.97	13.82	3304370	89988040.000
02/11/2014	13.94	13.95	13.13	13.41	2076056	55972128.000
02/12/2014	13.45	14.75	13.31	14.75	2930735	82794728.000
02/13/2014	14.47	14.96	14.02	14.12	2885435	84243600.000
02/14/2014	14.17	15.31	14.07	14.91	1510422	44631048.000
02/17/2014	14.91	15.17	14.52	14.96	1754327	52043200.000
02/18/2014	14.98	15.07	14.29	14.42	2416725	70232888.000
02/19/2014	14.39	14.57	14.00	14.15	1420190	40557744.000
02/20/2014	14.01	14.21	13.30	13.69	1559259	42761748.000
02/21/2014	13.69	14.03	13.37	13.77	1316817	36055828.000
02/24/2014	13.62	14.26	13.47	14.26	1693575	46890692.000
02/25/2014	14.22	14.46	12.83	12.83	2715487	73247552.000
02/26/2014	12.52	12.53	11.62	12.38	3763875	90681688.000
02/27/2014	12.47	12.56	11.74	11.87	1748112	42471812.000
02/28/2014	11.82	12.11	11.48	11.96	1476132	35101780.000
03/03/2014	11.82	11.92	11.56	11.89	3266278	76509392.000
03/04/2014	11.77	12.02	11.65	11.94	1865892	44407164.000
03/05/2014	11.96	13.03	11.96	12.58	2512804	63023016.000
03/06/2014	12.58	12.83	11.81	12.29	2210060	54469976.000
03/07/2014	12.32	12.98	12.16	12.82	2197370	55954932.000
03/10/2014	12.57	12.79	12.27	12.28	1102589	27643240.000
03/11/2014	12.29	12.52	11.63	11.74	1685187	41023496.000
03/12/2014	11.59	11.97	11.06	11.36	1075329	24752006.000
03/13/2014	11.39	12.26	11.39	12.22	2379100	57199316.000
03/14/2014	12.00	12.41	11.81	12.27	1475556	35969428.000
03/17/2014	12.27	13.01	12.07	12.91	2273360	57918116.000
03/18/2014	12.97	13.54	12.82	13.06	2199267	58172184.000
03/19/2014	12.97	13.02	12.39	12.71	1427533	36312044.000
03/20/2014	12.70	12.94	11.44	11.51	1983056	47415884.000
03/21/2014	11.41	11.44	10.82	11.30	1765501	39527700.000
03/24/2014	11.23	11.39	11.12	11.30	1006256	22676820.000
03/25/2014	11.29	11.63	11.12	11.47	984915	22504938.000
03/26/2014	11.42	12.21	11.39	11.94	1601719	38387080.000
03/27/2014	11.79	11.96	10.97	11.23	994113	23001900.000
03/28/2014	11.17	11.34	10.22	10.54	1933255	41074968.000
03/31/2014	10.56	11.12	10.27	10.80	1828482	39630812.000
04/01/2014	10.75	11.39	10.48	11.34	3029151	67339320.000
04/02/2014	11.40	11.74	10.97	11.15	2327192	53312712.000
04/03/2014	10.98	11.57	10.84	11.50	2798991	63280132.000
04/04/2014	11.34	11.64	11.28	11.48	1320905	30369446.000
04/08/2014	11.28	11.36	11.06	11.30	1168181	26264490.000
04/09/2014	11.28	11.70	11.27	11.57	1379259	31918156.000
04/10/2014	11.44	11.98	11.14	11.45	4062447	94258104.000
04/11/2014	11.17	11.17	10.86	11.03	1674913	36967008.000
04/14/2014	11.03	11.23	10.51	10.63	3474657	75831424.000
04/15/2014	10.63	10.83	10.55	10.62	1928320	41367100.000
04/16/2014	10.63	10.68	10.23	10.40	2549530	52954064.000
04/17/2014	10.41	10.71	10.40	10.69	2114768	44888516.000
04/18/2014	10.69	10.93	10.59	10.81	1122759	24336130.000
04/21/2014	10.76	11.08	10.64	10.83	1147864	25115298.000
04/22/2014	10.15	10.41	9.74	9.74	3034650	60567608.000
04/23/2014	9.72	10.06	9.51	9.55	1186108	23017698.000
04/24/2014	9.54	9.61	9.10	9.49	2809524	52483756.000
04/25/2014	9.42	9.51	9.07	9.07	1157013	21569904.000
04/28/2014	8.97	9.27	8.81	8.99	1220840	22154556.000
04/29/2014	9.08	9.41	8.99	9.40	1674902	31135062.000
04/30/2014	9.40	9.60	9.28	9.56	1547244	29455470.000
05/05/2014	9.55	9.61	9.39	9.60	849392	16235508.000
05/06/2014	9.69	9.88	9.57	9.65	1407143	27532092.000
05/07/2014	9.65	9.65	9.27	9.35	910098	17185414.000
05/08/2014	9.35	9.48	9.18	9.27	960864	17988068.000
05/09/2014	9.33	9.55	9.16	9.41	967777	18151326.000
05/12/2014	9.51	9.70	9.45	9.61	742545	14250980.000
05/13/2014	9.66	9.66	9.32	9.34	705599	13433847.000
05/14/2014	9.34	9.54	9.31	9.47	622844	11809116.000
05/15/2014	9.49	9.57	8.98	9.06	777465	14465712.000
05/16/2014	9.23	9.23	8.87	9.00	758738	13696320.000
05/19/2014	8.97	9.10	8.84	8.90	821931	14701227.000
05/20/2014	9.03	9.17	8.95	9.01	829688	15073123.000
05/21/2014	8.92	9.26	8.90	9.22	958638	17526538.000
05/22/2014	9.30	9.42	9.20	9.24	1074893	20064890.000
05/23/2014	9.24	9.51	9.10	9.50	1313966	24525454.000
05/26/2014	9.56	9.77	9.50	9.70	1440554	27799248.000
05/27/2014	9.65	10.13	9.60	9.96	2187591	43456604.000
05/28/2014	9.96	10.09	9.80	10.04	1422716	28452584.000
05/29/2014	10.04	10.22	9.91	10.01	1329361	26657160.000
05/30/2014	10.00	10.19	9.90	10.04	801763	16082984.000
06/03/2014	10.00	10.30	9.70	9.70	1462755	29384392.000
06/04/2014	9.70	9.71	9.19	9.28	2352514	43797872.000
06/05/2014	9.23	9.63	9.23	9.62	2358191	44321892.000
06/06/2014	9.57	9.74	9.45	9.58	1225577	23518574.000
06/09/2014	9.60	9.95	9.49	9.56	1463147	28525938.000
06/10/2014	9.50	9.87	9.50	9.87	1516149	29545130.000
06/11/2014	10.16	10.25	9.86	9.97	1721871	34457044.000
06/12/2014	9.91	10.70	9.73	10.43	3274706	66141928.000
06/13/2014	10.32	10.88	10.23	10.60	2703936	57590624.000
06/16/2014	10.65	10.85	10.40	10.55	1538555	32532916.000
06/17/2014	10.59	10.88	10.42	10.61	1823902	38961524.000
06/18/2014	10.50	10.99	10.50	10.82	2531249	54879356.000
06/19/2014	10.81	11.12	10.05	10.22	1462889	30822040.000
06/20/2014	10.22	10.42	10.01	10.41	784714	16149183.000
06/23/2014	10.33	10.89	10.33	10.78	1688938	36111968.000
06/24/2014	10.55	10.74	10.50	10.60	1423508	30202320.000
06/25/2014	10.67	10.67	10.20	10.37	1243270	25744294.000
06/26/2014	10.37	11.09	10.25	11.03	2815109	60786500.000
06/27/2014	11.03	11.43	10.91	11.10	2682812	60088784.000
06/30/2014	11.12	11.63	11.03	11.55	1997745	45395532.000
07/01/2014	11.60	11.60	11.34	11.48	1724532	39487872.000
07/02/2014	11.48	11.73	11.20	11.45	1831067	41937288.000
07/03/2014	11.50	12.22	11.39	12.12	2984067	70714440.000
07/04/2014	12.07	12.29	11.90	12.05	1367473	32861180.000
07/07/2014	12.02	12.12	11.39	11.60	1737672	40418952.000
07/08/2014	11.46	11.77	11.40	11.74	1489861	34542808.000
07/09/2014	11.74	12.02	11.64	11.75	2031960	47987312.000
07/10/2014	11.70	11.89	11.42	11.65	1696309	39527464.000
07/11/2014	12.81	12.81	12.81	12.81	783318	20076440.000
07/14/2014	13.40	13.60	13.01	13.20	6088770	161907456.000
07/15/2014	13.20	13.54	12.82	13.32	2975965	78513960.000
07/16/2014	13.19	13.22	12.24	12.78	3819866	96371024.000
07/17/2014	12.67	12.84	12.34	12.47	1348173	33905012.000
07/18/2014	12.27	12.82	12.27	12.45	1991817	49896220.000
07/21/2014	12.45	12.89	12.40	12.85	1840739	46610748.000
07/22/2014	12.75	13.29	12.75	13.00	2292244	60074432.000
07/23/2014	13.58	13.58	12.37	12.62	1925362	49176724.000
07/24/2014	12.51	12.60	12.16	12.22	1541633	37969520.000
07/25/2014	12.27	12.28	11.60	12.05	2644916	62658576.000
07/28/2014	11.95	12.10	11.80	12.06	2036800	48751964.000
07/29/2014	12.14	12.42	12.00	12.20	1659800	40471768.000
07/30/2014	12.20	12.38	12.00	12.20	1456324	35375324.000
07/31/2014	12.19	12.33	12.06	12.31	922857	22583364.000
08/01/2014	12.20	12.34	12.07	12.13	1333621	32470054.000
08/04/2014	12.13	12.28	12.13	12.24	1135405	27747694.000
08/05/2014	12.33	13.07	12.25	12.93	3172975	80918160.000
08/06/2014	12.95	13.04	12.80	12.97	1367060	35386756.000
08/07/2014	13.00	13.62	12.99	13.39	3364727	89834912.000
08/08/2014	13.45	14.10	13.36	13.54	2634161	72205120.000
08/11/2014	13.59	13.82	13.58	13.75	1234754	33904160.000
08/12/2014	13.75	13.88	13.49	13.71	1536827	41900552.000
08/13/2014	13.70	14.24	13.63	14.24	2216172	61721824.000
08/14/2014	14.11	14.37	13.93	14.06	1604826	45479636.000
08/15/2014	14.20	14.74	13.78	14.33	2383193	68495800.000
08/18/2014	14.30	14.62	14.16	14.39	2352676	67477576.000
08/19/2014	14.50	14.94	14.34	14.80	2473547	72375560.000
08/20/2014	14.79	16.28	14.56	16.28	3738474	116382392.000
08/21/2014	17.16	17.91	16.42	17.55	5949686	206888400.000
08/22/2014	17.11	17.39	16.25	16.90	4470326	149967904.000
08/25/2014	16.55	16.93	16.00	16.29	2727794	90826296.000
08/26/2014	16.50	16.60	15.46	15.77	3860304	123099624.000
08/27/2014	15.50	16.16	15.33	15.77	3037254	95704704.000
08/28/2014	15.75	15.75	15.34	15.43	1515932	46904140.000
08/29/2014	15.44	15.69	15.37	15.52	1430621	44291868.000
09/01/2014	15.51	15.82	15.45	15.79	2055167	64173568.000
09/02/2014	15.85	16.50	15.80	16.50	3080428	100158016.000
09/03/2014	16.52	16.74	16.18	16.59	2551846	84139704.000
09/04/2014	16.45	16.91	16.33	16.85	2096100	69841024.000
09/05/2014	16.87	16.99	16.45	16.67	1882831	62765124.000
09/09/2014	16.55	16.73	16.46	16.61	1773642	58843756.000
09/10/2014	16.59	16.71	16.35	16.50	1965013	64726348.000
09/11/2014	16.42	16.70	16.15	16.18	2445833	80142920.000
09/12/2014	16.18	16.50	16.07	16.44	1521184	49467284.000
09/15/2014	16.41	17.12	16.20	16.96	3536388	118088568.000
09/16/2014	16.81	16.99	15.89	15.89	2594527	85189432.000
09/17/2014	15.88	16.30	15.02	15.27	2887364	88925992.000
09/18/2014	15.34	15.71	15.25	15.50	1713664	53012412.000
09/19/2014	15.68	15.75	15.21	15.52	2013235	62080392.000
09/22/2014	15.50	15.83	15.35	15.82	1885936	58717176.000
09/23/2014	15.95	16.69	15.68	16.65	3491208	113988448.000
09/24/2014	16.72	17.80	16.53	17.50	4357355	150141296.000
09/25/2014	17.45	17.74	17.20	17.45	3506248	122731696.000
09/26/2014	17.29	17.61	17.14	17.43	1533401	53478112.000
09/29/2014	17.46	17.70	17.40	17.48	1810269	63372992.000
09/30/2014	17.54	17.65	17.40	17.65	1701179	59474600.000
10/08/2014	18.30	18.98	17.87	18.25	3801174	137963728.000
10/09/2014	18.75	19.20	18.07	18.60	10130546	187683184.000
10/10/2014	18.50	18.96	18.21	18.91	8107200	150783792.000
10/13/2014	18.50	18.78	17.80	18.06	7464300	135337888.000
10/14/2014	18.29	18.69	17.94	18.30	7006849	127674600.000
10/15/2014	18.18	18.32	17.76	18.07	5141557	92548568.000
10/16/2014	17.91	17.95	17.34	17.37	6770556	119681600.000
10/17/2014	17.36	17.45	16.35	16.70	5880034	98870648.000
10/20/2014	16.95	17.51	16.87	17.40	4356288	75335560.000
10/21/2014	17.00	17.47	16.96	17.13	3467569	59623960.000
10/22/2014	17.01	17.28	16.85	16.87	2873108	49112092.000
10/23/2014	16.71	16.87	16.36	16.56	3877782	64166780.000
10/24/2014	16.48	16.60	16.02	16.11	3893906	63248752.000
10/27/2014	16.11	16.28	15.65	16.27	2261833	36186900.000
10/28/2014	16.33	17.20	16.30	17.19	4697100	79468896.000
10/29/2014	17.28	17.37	17.12	17.25	4074476	70261264.000
10/30/2014	17.29	17.67	17.18	17.53	5038367	88065104.000
10/31/2014	17.53	17.60	16.95	17.17	4137406	71080312.000
数据来源:通达信
