300267 尔康制药 日线
      日期	    开盘	    最高	    最低	    收盘	    成交量	    成交额
09/27/2011	9.09	9.72	9.09	9.49	33496998	794666048.000
09/28/2011	9.35	9.53	8.51	8.51	17734809	402217600.000
09/29/2011	8.03	8.15	7.64	7.64	9765318	195898944.000
09/30/2011	7.71	7.77	7.36	7.51	6284524	120889152.000
10/10/2011	7.59	7.80	7.39	7.42	5024035	96941720.000
10/11/2011	7.71	7.85	7.19	7.31	7284530	140088848.000
10/12/2011	7.47	8.06	7.38	8.06	9482334	188292928.000
10/13/2011	8.27	8.67	8.18	8.50	12758368	271050272.000
10/14/2011	8.40	8.84	8.36	8.78	9299347	202932864.000
10/17/2011	8.85	9.48	8.85	8.98	11112165	256412512.000
10/18/2011	8.80	9.26	8.48	8.56	9177376	205478448.000
10/19/2011	8.62	8.96	8.43	8.79	7853413	173037920.000
10/20/2011	8.63	8.68	8.20	8.62	7483758	160225200.000
10/21/2011	8.56	8.76	7.88	7.88	7210494	151772912.000
10/24/2011	7.75	8.25	7.43	8.15	7350502	145516880.000
10/25/2011	8.05	8.85	8.01	8.52	8869383	190403808.000
10/26/2011	8.40	8.74	8.32	8.66	7432052	160776752.000
10/27/2011	8.60	9.05	8.47	8.72	9110360	200582624.000
10/28/2011	8.82	8.91	8.48	8.83	7842771	173290240.000
10/31/2011	8.76	9.12	8.71	8.94	7532936	170734384.000
11/01/2011	8.82	9.04	8.64	8.85	7580608	169605760.000
11/02/2011	8.67	9.76	8.52	9.49	10346964	238984288.000
11/03/2011	9.47	9.56	9.11	9.17	8251708	195682096.000
11/04/2011	9.27	9.40	9.09	9.29	6919994	161668000.000
11/07/2011	9.23	9.57	9.09	9.43	5907491	139728176.000
11/08/2011	9.47	9.51	8.96	9.00	6067983	141799488.000
11/09/2011	9.04	9.21	8.86	9.21	5104967	116969376.000
11/10/2011	9.04	9.37	9.00	9.00	5360563	123986976.000
11/11/2011	9.02	9.40	8.96	9.05	5346913	123937456.000
11/14/2011	9.19	9.70	9.15	9.49	6549211	156637264.000
11/15/2011	9.45	9.79	9.34	9.74	6576180	159260848.000
11/16/2011	9.78	9.81	9.30	9.37	5797970	139293840.000
11/17/2011	9.44	10.01	9.37	9.73	6047944	148226336.000
11/18/2011	9.57	9.64	9.22	9.29	4965141	118195392.000
11/21/2011	9.30	9.43	8.89	9.05	4408148	101905360.000
11/22/2011	8.95	9.22	8.92	9.13	2733036	62810144.000
11/23/2011	9.17	9.17	8.96	9.03	2418766	55648832.000
11/24/2011	8.96	9.11	8.69	8.95	3014173	68026752.000
11/25/2011	8.96	9.09	8.70	8.72	2924302	65926184.000
11/28/2011	8.77	8.81	8.54	8.62	3128797	68618744.000
11/29/2011	8.72	8.84	8.60	8.82	3119972	68857216.000
11/30/2011	8.80	8.80	7.95	8.13	3848101	81297224.000
12/01/2011	8.43	8.54	7.89	8.15	4340536	92126008.000
12/02/2011	8.09	8.09	7.83	7.91	2176331	43852412.000
12/05/2011	7.95	8.03	7.75	7.76	1760179	35322624.000
12/06/2011	7.73	8.17	7.67	8.12	3121289	63500340.000
12/07/2011	8.12	8.48	8.09	8.32	3612978	76541424.000
12/08/2011	8.28	8.52	8.09	8.34	2518368	53156160.000
12/09/2011	8.26	8.46	8.18	8.23	1548058	32505698.000
12/12/2011	8.23	8.55	8.19	8.38	2193403	46722352.000
12/13/2011	8.28	8.35	7.95	8.03	1856275	38300556.000
12/14/2011	8.00	8.26	7.92	8.09	1755052	36189404.000
12/15/2011	8.07	8.44	7.99	8.22	2535012	53062864.000
12/16/2011	8.20	8.35	7.79	8.34	3332703	67859888.000
12/19/2011	8.17	8.42	7.96	8.41	2950790	61340576.000
12/20/2011	8.36	8.52	8.13	8.15	2220950	46914584.000
12/21/2011	8.22	8.26	7.88	7.89	1754205	35878132.000
12/22/2011	7.79	7.81	7.40	7.54	2294617	44275792.000
12/23/2011	7.49	7.64	7.42	7.54	1418154	27170532.000
12/26/2011	7.47	7.63	7.27	7.31	1262798	24010622.000
12/27/2011	7.22	7.45	6.85	6.90	2556132	46225564.000
12/28/2011	6.82	6.82	6.60	6.70	1671290	28605392.000
12/29/2011	6.69	6.88	6.60	6.70	2541040	43650380.000
12/30/2011	6.74	6.85	6.68	6.81	1969239	34038512.000
01/04/2012	6.88	6.89	6.54	6.55	1824602	31495852.000
01/05/2012	6.41	6.45	6.06	6.11	2581432	41111836.000
01/06/2012	5.99	6.32	5.99	6.25	2114864	33487322.000
01/09/2012	6.27	6.57	6.15	6.53	2178163	35682992.000
01/10/2012	6.49	6.76	6.47	6.74	2479295	42077544.000
01/11/2012	6.72	6.92	6.66	6.72	2307070	39888140.000
01/12/2012	6.64	6.77	6.33	6.35	4673672	77364848.000
01/13/2012	6.27	6.40	6.00	6.04	2990888	47401008.000
01/16/2012	5.93	6.43	5.91	6.09	3674123	58443400.000
01/17/2012	5.87	6.45	5.68	6.29	4993186	77294680.000
01/18/2012	6.22	6.36	5.84	5.87	3443348	53718936.000
01/19/2012	5.73	6.12	5.73	6.05	2507133	38540564.000
01/20/2012	6.08	6.21	6.02	6.11	2230853	34978480.000
01/30/2012	6.17	6.41	6.05	6.19	3141434	50248264.000
01/31/2012	6.19	6.29	6.09	6.27	1332175	21034042.000
02/01/2012	6.27	6.42	6.19	6.29	2638844	42781824.000
02/02/2012	6.30	6.44	6.30	6.43	2546207	41611960.000
02/03/2012	6.41	6.61	6.37	6.56	2766077	46004532.000
02/06/2012	6.56	6.72	6.43	6.51	3286144	55147444.000
02/07/2012	6.49	6.51	6.36	6.41	1752626	28796866.000
02/08/2012	6.35	6.60	6.35	6.60	1666406	27757470.000
02/09/2012	6.60	6.80	6.56	6.70	2708107	46298544.000
02/10/2012	6.68	6.74	6.55	6.60	2410425	40783320.000
02/13/2012	6.57	6.86	6.51	6.77	3032473	52122564.000
02/14/2012	6.75	6.85	6.66	6.77	1852390	31884224.000
02/15/2012	6.74	6.84	6.68	6.83	2564020	44340884.000
02/16/2012	6.82	6.89	6.64	6.72	2912856	50087352.000
02/17/2012	6.74	6.76	6.53	6.60	2606942	44093228.000
02/20/2012	6.68	6.75	6.60	6.61	2311186	39304488.000
02/21/2012	6.60	6.81	6.57	6.81	2645744	45240056.000
02/22/2012	6.81	7.00	6.78	6.96	3814741	67249520.000
02/23/2012	6.98	7.10	6.91	7.07	3475787	62133688.000
02/24/2012	7.04	7.14	6.97	7.09	2906598	52251548.000
02/27/2012	7.11	7.20	7.00	7.06	3499159	63273940.000
02/28/2012	7.13	7.30	7.06	7.19	3985122	72877184.000
02/29/2012	7.13	7.25	6.96	7.03	2542613	45952560.000
03/01/2012	7.06	7.30	6.99	7.22	3479141	63610608.000
03/02/2012	7.24	7.46	7.21	7.42	3296376	61552936.000
03/05/2012	7.45	7.53	7.36	7.50	2983209	56527476.000
03/06/2012	7.47	7.47	7.30	7.42	2348336	44124864.000
03/07/2012	7.33	7.44	7.26	7.30	2435197	45520004.000
03/08/2012	7.39	7.45	7.31	7.37	2072467	38908168.000
03/09/2012	7.50	8.02	7.49	7.82	6682228	131870808.000
03/12/2012	7.81	8.14	7.70	8.02	6937803	139478208.000
03/13/2012	8.00	8.07	7.85	8.02	3479367	70422232.000
03/14/2012	8.07	8.47	7.82	7.99	8471501	175508384.000
03/15/2012	7.96	8.27	7.75	8.00	5533079	113108880.000
03/16/2012	7.96	8.59	7.96	8.52	5583053	117825408.000
03/19/2012	8.64	8.87	8.53	8.59	4875683	107205608.000
03/20/2012	8.49	8.59	8.31	8.40	2991264	63773092.000
03/21/2012	8.50	8.50	8.09	8.32	2932032	61260928.000
03/22/2012	8.21	8.49	8.11	8.15	3625795	76351928.000
03/23/2012	8.03	8.10	7.82	7.90	3176518	64219060.000
03/26/2012	7.90	8.11	7.87	8.05	2502041	50913620.000
03/27/2012	8.11	8.32	8.05	8.17	2661113	55537216.000
03/28/2012	8.05	8.17	7.75	7.77	2523677	50803188.000
03/29/2012	7.77	7.89	7.61	7.83	1829365	36148864.000
04/05/2012	7.86	8.26	7.83	8.25	2620552	53813920.000
04/06/2012	8.23	8.64	8.23	8.52	4044500	86944672.000
04/09/2012	8.50	8.80	8.36	8.48	2839695	61980388.000
04/10/2012	8.48	8.77	8.23	8.77	2925743	62919452.000
04/11/2012	8.68	8.87	8.58	8.67	2141601	47326700.000
04/12/2012	8.67	8.77	8.47	8.73	2170357	47521612.000
04/13/2012	8.79	8.79	8.53	8.57	2060978	45101928.000
04/16/2012	8.76	9.04	8.76	9.00	3365487	75846632.000
04/17/2012	8.99	9.46	8.79	9.15	5113804	90095792.000
04/18/2012	9.36	9.55	9.15	9.21	5101212	91478072.000
04/19/2012	9.20	9.66	9.19	9.61	5413408	98516800.000
04/20/2012	9.52	9.69	9.37	9.58	3894973	71092944.000
04/23/2012	9.44	9.52	9.05	9.20	4633006	82772536.000
04/24/2012	9.09	9.37	8.47	8.97	4681738	79984464.000
04/25/2012	8.89	9.38	8.75	9.30	4226275	74646856.000
04/26/2012	9.19	9.29	9.03	9.06	2346388	41248908.000
04/27/2012	9.11	9.23	8.83	9.05	1960500	33824816.000
05/02/2012	9.14	9.49	9.04	9.48	2684843	48207828.000
05/03/2012	9.51	9.90	9.42	9.83	3103904	57863336.000
05/04/2012	9.83	10.17	9.74	10.01	3048441	58752828.000
05/07/2012	10.04	10.04	9.77	9.94	2332774	44258620.000
05/08/2012	9.93	9.99	9.74	9.91	1454539	27517710.000
05/09/2012	9.93	9.93	9.47	9.64	2184146	40406536.000
05/10/2012	9.55	9.88	9.55	9.71	1073219	20094918.000
05/11/2012	9.78	9.78	9.50	9.61	1105059	20449992.000
05/14/2012	9.61	9.97	9.60	9.73	2239489	42301832.000
05/15/2012	9.71	9.71	9.45	9.57	1520749	27854276.000
05/16/2012	9.56	9.68	9.48	9.64	982641	18094974.000
05/17/2012	9.55	9.77	9.41	9.74	1627396	30122242.000
05/18/2012	9.64	9.83	9.59	9.82	1409849	26184804.000
05/21/2012	9.75	9.87	9.36	9.41	2200557	40262132.000
05/22/2012	9.35	9.95	9.32	9.91	3343665	62714268.000
05/23/2012	9.89	10.16	9.79	9.99	2578851	49477152.000
05/24/2012	9.99	10.29	9.94	10.07	2822649	54992348.000
05/25/2012	10.13	10.23	9.58	9.68	1821194	34293364.000
05/28/2012	9.55	9.81	9.34	9.76	1975140	36351688.000
05/29/2012	9.68	10.12	9.60	10.07	1767469	33884040.000
05/30/2012	10.07	10.25	10.00	10.07	1113115	21629682.000
05/31/2012	10.01	10.39	9.90	10.25	1426892	27981164.000
06/01/2012	10.21	10.66	10.12	10.59	1637092	32911556.000
06/04/2012	10.45	10.66	10.34	10.40	1830776	36889280.000
06/05/2012	10.32	10.84	10.32	10.38	2760837	56146828.000
06/06/2012	10.43	10.74	10.13	10.32	2233571	44739504.000
06/07/2012	10.47	10.59	10.26	10.53	1213610	24376140.000
06/08/2012	10.54	10.69	10.31	10.43	1060176	21423558.000
06/11/2012	10.45	10.85	10.36	10.85	1412439	28955062.000
06/12/2012	10.81	11.21	10.75	11.07	1424700	30131308.000
06/13/2012	11.07	11.66	11.03	11.43	2387264	52248180.000
06/14/2012	11.51	11.51	11.24	11.29	1336268	29072446.000
06/15/2012	11.18	11.57	11.03	11.13	1503914	32552452.000
06/18/2012	11.18	11.42	11.02	11.14	1917518	41178000.000
06/19/2012	11.15	11.41	11.11	11.26	1455477	31505270.000
06/20/2012	11.22	11.41	10.66	10.75	3019607	63041340.000
06/21/2012	10.62	10.87	10.59	10.69	1406384	28797724.000
06/25/2012	10.54	10.91	10.48	10.53	1994891	40981900.000
06/26/2012	10.53	11.11	10.45	11.11	3145648	65229540.000
06/27/2012	11.08	11.25	10.82	11.08	2943119	62321056.000
06/28/2012	11.00	11.13	10.69	10.84	2293901	47821380.000
06/29/2012	10.84	11.14	10.64	11.05	2023931	42649764.000
07/02/2012	11.12	11.63	11.03	11.39	2591437	56575080.000
07/03/2012	11.47	11.58	11.22	11.47	1716954	37561888.000
07/04/2012	11.38	11.53	10.68	10.89	3853283	81829680.000
07/05/2012	10.84	10.97	10.58	10.79	1951489	40397476.000
07/06/2012	10.91	11.41	10.63	11.32	2585240	54965860.000
07/09/2012	10.99	11.42	10.42	10.95	2488494	52549196.000
07/10/2012	10.85	10.85	10.53	10.53	2200415	45016884.000
07/11/2012	10.47	10.80	10.43	10.79	1926856	39309524.000
07/12/2012	10.73	11.40	10.58	11.28	3438163	73788552.000
07/13/2012	11.21	11.55	11.11	11.26	1310230	28435990.000
07/16/2012	11.18	11.38	10.78	10.79	1082875	22811682.000
07/17/2012	10.77	10.84	10.45	10.80	748848	15325192.000
07/18/2012	10.74	10.87	10.49	10.83	819077	16822206.000
07/19/2012	10.79	11.04	10.59	10.66	1142838	23671238.000
07/20/2012	10.68	10.76	10.55	10.59	873054	17819750.000
07/23/2012	10.48	10.68	10.43	10.52	684176	13873646.000
07/24/2012	10.43	10.59	9.84	9.88	3129997	60589056.000
07/25/2012	9.78	10.32	9.71	10.16	2177669	42020344.000
07/26/2012	10.09	10.21	9.89	10.03	1789120	34638808.000
07/27/2012	10.05	10.11	9.63	9.75	1475920	27909702.000
07/30/2012	9.75	9.89	9.47	9.47	905720	16903302.000
07/31/2012	9.44	9.66	9.40	9.51	554776	10180990.000
08/01/2012	9.55	9.92	9.55	9.73	1020134	19235010.000
08/02/2012	9.69	10.11	9.64	9.83	1160627	22090292.000
08/03/2012	10.00	10.83	10.00	10.63	2127034	42294988.000
08/06/2012	10.55	11.06	10.38	10.95	1762117	36462984.000
08/07/2012	10.95	11.03	10.77	10.94	572338	11932794.000
08/08/2012	10.94	11.43	10.80	11.43	1192491	25385462.000
08/09/2012	11.48	12.16	11.16	11.95	2030854	45096692.000
08/10/2012	11.82	11.99	11.68	11.74	885614	20105012.000
08/13/2012	11.70	11.84	11.54	11.57	676392	15111684.000
08/14/2012	11.58	11.68	10.94	11.45	1126580	24409736.000
08/15/2012	11.38	11.38	11.03	11.13	1006169	21586992.000
08/16/2012	11.05	11.06	10.82	10.82	1256210	26392382.000
08/17/2012	10.79	11.03	10.78	10.95	1202931	25145924.000
08/20/2012	10.95	11.13	10.73	11.11	807123	17063154.000
08/21/2012	11.05	11.69	11.05	11.39	1603757	35135416.000
08/22/2012	11.41	11.66	10.95	11.15	1310707	28349458.000
08/23/2012	11.05	11.25	10.81	11.14	1484296	31240350.000
08/24/2012	11.13	11.13	10.54	10.61	1523866	31362302.000
08/27/2012	10.47	10.82	10.21	10.65	682387	13858808.000
08/28/2012	10.60	10.89	10.32	10.78	1158844	23443200.000
08/29/2012	10.68	10.84	10.57	10.71	1078200	22133116.000
08/30/2012	10.65	10.74	10.11	10.47	920072	18332988.000
08/31/2012	10.42	10.67	10.39	10.51	375437	7596643.500
09/03/2012	10.51	10.84	10.42	10.63	1018638	20933196.000
09/04/2012	10.66	10.82	10.62	10.76	800085	16506990.000
09/05/2012	10.68	11.16	10.64	11.10	881050	18466486.000
09/06/2012	11.08	11.13	10.85	11.00	487900	10272335.000
09/07/2012	11.18	11.36	11.01	11.25	1197602	25643832.000
09/10/2012	11.25	11.32	11.07	11.18	588304	12615463.000
09/11/2012	11.13	11.20	10.99	11.04	703733	14971369.000
09/12/2012	11.11	11.21	10.72	10.83	764167	16084823.000
09/13/2012	10.82	10.82	10.40	10.41	1683199	34038604.000
09/14/2012	10.39	10.55	10.27	10.34	1299570	25772578.000
09/17/2012	10.33	10.33	10.05	10.08	719357	14100500.000
09/18/2012	10.05	10.34	9.99	10.34	794353	15630781.000
09/19/2012	10.41	10.41	10.20	10.24	527152	10404163.000
09/20/2012	10.23	10.23	9.84	9.86	749979	14318306.000
09/21/2012	9.83	9.94	8.89	9.19	3587674	63426536.000
09/24/2012	9.06	9.47	8.89	9.31	2108223	37293100.000
09/25/2012	9.15	9.34	8.68	8.79	2172188	37183948.000
09/26/2012	8.79	8.97	8.60	8.69	1637102	27770014.000
09/27/2012	8.75	9.42	8.75	9.31	2487226	43413096.000
09/28/2012	9.25	9.70	9.21	9.67	1695655	31122804.000
10/08/2012	9.67	9.74	9.32	9.57	976094	17749484.000
10/09/2012	9.53	9.85	9.53	9.67	1274867	23745184.000
10/10/2012	9.71	9.79	9.37	9.59	7190145	130883624.000
10/11/2012	9.54	9.82	9.50	9.68	2870218	53351192.000
10/12/2012	9.50	9.58	9.16	9.40	3746590	67885544.000
10/15/2012	9.40	9.47	9.22	9.41	1286032	23074750.000
10/16/2012	9.43	9.98	9.43	9.79	2932191	55319556.000
10/17/2012	9.86	9.96	9.70	9.87	1468417	27778600.000
10/18/2012	9.97	10.09	9.89	9.91	1866731	35880868.000
10/19/2012	9.89	10.00	9.78	9.83	760732	14411172.000
10/22/2012	9.79	10.06	9.73	9.96	940436	17965140.000
10/23/2012	9.95	9.95	9.75	9.79	1000765	18899148.000
10/24/2012	9.74	9.83	9.56	9.61	705379	13151968.000
10/25/2012	9.61	9.71	9.32	9.41	949062	17234984.000
10/26/2012	9.61	9.61	9.19	9.36	643697	11475498.000
10/29/2012	9.36	9.46	9.20	9.38	532165	9531536.000
10/30/2012	9.37	9.49	9.22	9.41	407238	7334374.000
10/31/2012	9.41	9.45	9.32	9.43	722791	13020036.000
11/01/2012	9.45	9.58	9.45	9.54	1025789	18790482.000
11/02/2012	9.57	9.67	9.46	9.53	681531	12543631.000
11/05/2012	9.57	9.57	9.35	9.43	525080	9544579.000
11/06/2012	9.43	9.52	9.18	9.46	622088	11170137.000
11/07/2012	9.50	9.50	9.32	9.41	235250	4254635.500
11/08/2012	9.32	9.41	9.02	9.05	705651	12428102.000
11/09/2012	9.05	9.16	8.72	8.78	693900	11855300.000
11/12/2012	8.81	8.92	8.62	8.79	856300	14448465.000
11/13/2012	8.79	8.79	8.66	8.73	505259	8447982.000
11/14/2012	8.63	8.89	8.60	8.69	624547	10511190.000
11/15/2012	8.74	9.00	8.71	8.93	1107581	19025192.000
11/16/2012	8.92	8.95	8.78	8.86	571034	9685277.000
11/19/2012	8.76	8.89	8.69	8.83	277761	4688275.500
11/20/2012	8.93	8.94	8.67	8.68	475050	7997348.000
11/21/2012	8.69	8.75	8.39	8.68	1217888	20099962.000
11/22/2012	8.73	8.76	8.54	8.54	512889	8543975.000
11/23/2012	8.55	8.72	8.55	8.66	643328	10657669.000
11/26/2012	8.61	8.75	8.58	8.71	706529	11773941.000
11/27/2012	8.71	8.71	8.39	8.39	337140	5530500.500
11/28/2012	8.41	8.41	8.21	8.23	339480	5419106.000
11/29/2012	8.22	8.31	8.05	8.11	239650	3755239.750
11/30/2012	8.19	8.25	8.03	8.21	435167	6856177.500
12/03/2012	8.21	8.28	8.06	8.06	427980	6758721.500
12/04/2012	8.06	8.33	7.84	8.26	719644	11287249.000
12/05/2012	8.26	8.72	8.26	8.65	1159058	19139054.000
12/06/2012	8.65	8.78	8.54	8.66	743948	12381609.000
12/07/2012	8.68	8.92	8.57	8.87	1119020	18838360.000
12/10/2012	8.84	9.08	8.81	8.92	571186	9854143.000
12/11/2012	8.92	8.93	8.82	8.82	374875	6386719.500
12/12/2012	8.77	8.85	8.61	8.69	395764	6633852.000
12/13/2012	8.69	8.83	8.58	8.67	466189	7752253.000
12/14/2012	8.67	9.05	8.67	8.97	2039939	34986652.000
12/17/2012	8.94	9.03	8.79	8.90	1118877	19074516.000
12/18/2012	8.87	8.92	8.74	8.76	818180	13898227.000
12/19/2012	8.80	8.89	8.68	8.76	712376	11953101.000
12/20/2012	8.74	8.87	8.50	8.75	1016836	17009112.000
12/21/2012	8.78	9.42	8.72	9.42	3275305	57219804.000
12/24/2012	9.37	9.70	9.29	9.45	2245104	40742440.000
12/25/2012	9.45	9.68	9.42	9.62	1836149	33736256.000
12/26/2012	9.63	9.92	9.53	9.91	1722623	32311838.000
12/27/2012	9.91	10.05	9.57	9.61	1027788	19144840.000
12/28/2012	9.61	10.08	9.56	9.93	1508030	28576354.000
12/31/2012	9.93	10.25	9.85	9.97	1825273	35178648.000
01/04/2013	10.01	10.09	9.83	9.84	945225	18006510.000
01/07/2013	9.84	10.05	9.74	9.95	1465255	27890322.000
01/08/2013	9.99	10.46	9.99	10.29	2441920	47987976.000
01/09/2013	10.16	10.36	10.11	10.22	878409	17243578.000
01/10/2013	10.25	10.34	10.06	10.13	603163	11798720.000
01/11/2013	10.22	10.22	9.81	9.83	756531	14461184.000
01/14/2013	9.79	10.23	9.76	10.21	1692611	32923586.000
01/15/2013	10.21	10.62	10.05	10.46	4952641	97541184.000
01/16/2013	10.37	10.63	10.22	10.48	2391755	48143660.000
01/17/2013	10.38	10.82	10.38	10.56	1852577	37955712.000
01/18/2013	10.56	11.00	10.56	10.87	1491239	30910572.000
01/21/2013	10.94	11.05	10.63	10.95	1718480	35810836.000
01/22/2013	10.83	10.94	10.41	10.42	2332057	47524508.000
01/23/2013	10.42	10.51	10.18	10.37	1435075	28472052.000
01/24/2013	10.37	10.50	10.00	10.12	1591995	31279310.000
01/25/2013	10.06	10.42	10.05	10.42	1585029	31019904.000
01/28/2013	10.25	10.46	10.18	10.42	2945165	58093292.000
01/29/2013	10.42	10.66	10.26	10.32	2205185	44039668.000
01/30/2013	10.32	10.42	10.00	10.05	1541329	29913148.000
01/31/2013	10.06	10.15	9.87	9.98	1592875	30581416.000
02/01/2013	9.95	10.10	9.94	10.07	644145	12421103.000
02/04/2013	10.11	10.11	9.63	9.66	2090303	39217624.000
02/05/2013	9.58	9.84	9.55	9.79	2035174	37871404.000
02/06/2013	9.78	9.85	9.75	9.83	1766672	33231362.000
02/07/2013	9.83	10.18	9.82	10.09	1502405	28887108.000
02/08/2013	10.09	10.45	10.08	10.41	1513031	29930832.000
02/18/2013	10.53	10.53	10.22	10.41	1587232	31493520.000
02/19/2013	10.41	10.46	10.16	10.16	1121340	22136750.000
02/20/2013	10.15	11.12	10.15	10.95	3041393	62244960.000
02/21/2013	10.89	11.58	10.82	10.84	8343983	177626896.000
02/22/2013	10.77	10.90	10.45	10.53	5988466	121642504.000
02/25/2013	10.45	10.74	10.45	10.66	1793052	36455376.000
02/26/2013	10.55	10.99	10.52	10.89	3058381	63372628.000
02/27/2013	10.89	10.99	10.51	10.66	2982315	60820520.000
02/28/2013	10.59	10.76	10.40	10.74	1648953	33698900.000
03/01/2013	10.76	11.21	10.69	11.06	2743764	58140360.000
03/04/2013	11.11	11.37	10.54	10.68	2951618	62274680.000
03/05/2013	10.68	11.11	10.48	11.08	3169469	65394000.000
03/06/2013	11.01	11.47	10.96	11.24	3034653	65475344.000
03/07/2013	11.23	11.23	10.63	10.84	3314242	69072744.000
03/08/2013	10.82	10.84	10.31	10.45	3642810	73422328.000
03/11/2013	10.37	10.37	10.16	10.32	2646574	52183928.000
03/12/2013	10.35	10.35	9.76	9.92	2676890	51554592.000
03/13/2013	9.90	9.99	9.76	9.78	1207651	22845164.000
03/14/2013	9.79	9.98	9.72	9.84	1368472	25907930.000
03/15/2013	9.74	10.11	9.69	9.95	1401185	26856232.000
03/18/2013	9.90	10.03	9.64	9.68	1850463	34929328.000
03/19/2013	9.71	9.76	8.98	9.18	4005943	70859840.000
03/20/2013	9.17	9.41	9.13	9.41	2990882	53350504.000
03/21/2013	9.41	9.76	9.41	9.67	4995628	92621440.000
03/22/2013	9.58	9.71	9.18	9.45	5092314	91624920.000
03/25/2013	9.41	9.45	9.16	9.42	3326541	59463180.000
03/26/2013	9.36	9.36	9.13	9.27	2089726	36976788.000
03/27/2013	9.27	9.46	9.21	9.43	2473263	44295532.000
03/28/2013	9.31	9.61	9.15	9.27	2608364	47182188.000
03/29/2013	9.24	9.45	8.68	8.77	4859542	83488424.000
04/01/2013	8.84	8.89	8.72	8.79	2227137	37698276.000
04/02/2013	8.84	8.94	8.47	8.63	3423847	57111360.000
04/03/2013	8.64	8.91	8.58	8.69	3060662	51443880.000
04/08/2013	8.59	8.78	8.47	8.75	2393896	39860480.000
04/09/2013	8.76	8.89	8.71	8.81	2302934	38987720.000
04/10/2013	8.82	8.84	8.53	8.62	2087433	34631088.000
04/11/2013	8.68	8.70	8.44	8.47	2516564	41196348.000
04/12/2013	8.52	8.55	8.40	8.53	1603101	26172448.000
04/15/2013	8.52	8.63	8.34	8.47	1725252	28120032.000
04/16/2013	8.39	8.59	8.35	8.59	1713711	28127074.000
04/17/2013	8.62	8.71	8.47	8.69	2126464	35117048.000
04/18/2013	8.63	8.73	8.57	8.69	2034080	33913028.000
04/19/2013	8.69	8.87	8.66	8.83	2877555	48696388.000
04/22/2013	8.81	8.99	8.77	8.88	2073242	35301316.000
04/23/2013	8.88	8.93	8.48	8.57	2012610	33464592.000
04/24/2013	8.58	8.78	8.48	8.73	2097445	34850312.000
04/25/2013	8.63	8.72	8.51	8.52	1883279	31128820.000
04/26/2013	8.47	8.54	8.12	8.19	1868331	30018246.000
05/02/2013	8.18	8.30	8.08	8.16	1478741	23251302.000
05/03/2013	8.26	8.47	8.18	8.44	3349279	53426020.000
05/06/2013	8.46	8.57	8.37	8.52	1906232	31117800.000
05/07/2013	8.47	8.63	8.38	8.58	1630942	26770966.000
05/08/2013	8.56	8.74	8.42	8.73	3790653	62170928.000
05/09/2013	8.64	8.89	8.61	8.77	3025110	51015344.000
05/10/2013	8.77	8.82	8.59	8.79	1861155	31168960.000
05/13/2013	8.78	8.79	8.68	8.77	1322355	22199588.000
05/14/2013	8.74	9.05	8.58	9.03	4857865	82898368.000
05/15/2013	8.99	9.25	8.97	9.16	3951517	69631672.000
05/16/2013	9.16	9.29	8.96	9.06	3568027	62336808.000
05/17/2013	9.03	9.06	8.91	8.98	3161776	54690432.000
05/20/2013	8.95	9.17	8.67	9.11	5305171	90466424.000
05/21/2013	9.06	9.18	8.87	9.12	4479326	77434640.000
05/22/2013	9.16	9.17	8.92	9.04	2892226	50319976.000
05/23/2013	8.99	9.08	8.83	8.87	2573219	44244028.000
05/24/2013	8.89	9.01	8.79	9.00	2221871	38021212.000
05/27/2013	9.02	9.33	8.94	9.29	5233189	91830432.000
05/28/2013	9.27	9.49	9.01	9.36	5429870	96797568.000
05/29/2013	9.30	9.52	9.26	9.45	2748882	49825852.000
05/30/2013	9.45	9.87	9.38	9.71	4354857	80922640.000
05/31/2013	9.76	9.88	9.61	9.63	2052490	38185076.000
06/03/2013	9.58	9.78	9.53	9.53	1912287	35381436.000
06/04/2013	9.48	9.54	9.18	9.32	1641031	29196928.000
06/05/2013	9.34	9.42	9.26	9.41	903517	16133783.000
06/06/2013	9.53	9.83	9.00	9.32	5587307	99143792.000
06/07/2013	9.16	9.28	8.91	9.03	3048445	53046288.000
06/13/2013	9.13	9.13	8.63	9.07	1876480	31959368.000
06/14/2013	9.08	9.32	9.01	9.15	2174285	38051948.000
06/17/2013	9.21	9.41	8.89	9.20	5366425	95306288.000
06/18/2013	9.29	9.36	9.00	9.13	3275857	57762996.000
06/19/2013	9.02	9.02	8.59	8.65	3102955	51695008.000
06/20/2013	8.66	8.67	8.39	8.41	1446573	23533316.000
06/21/2013	8.26	8.36	8.17	8.28	1737878	27376746.000
06/24/2013	8.31	8.31	7.63	7.74	1353548	20546350.000
06/25/2013	7.67	7.79	6.96	7.55	4177510	57563208.000
06/26/2013	7.47	7.58	7.13	7.57	5795365	81387728.000
06/27/2013	7.58	7.72	7.16	7.18	4447595	63524668.000
06/28/2013	7.19	7.20	6.79	7.05	5371474	71739160.000
07/01/2013	6.95	7.23	6.85	7.19	4039716	54298020.000
07/02/2013	7.19	7.55	7.14	7.45	5312372	75267440.000
07/03/2013	7.45	7.46	7.20	7.39	3537023	49602272.000
07/04/2013	7.33	7.62	7.26	7.47	3183519	45712320.000
07/05/2013	7.47	7.51	7.21	7.22	3784986	53265292.000
07/08/2013	7.00	7.06	6.79	6.79	3707595	49105884.000
07/09/2013	6.78	6.88	6.71	6.83	1724864	22434574.000
07/10/2013	6.84	7.09	6.83	7.06	2906085	38857364.000
07/11/2013	7.02	7.30	6.95	7.23	3162937	43239924.000
07/12/2013	7.24	7.47	7.19	7.32	4393995	61708236.000
07/15/2013	7.32	7.62	7.26	7.56	3776344	54078020.000
07/16/2013	7.57	7.71	7.44	7.57	3390305	49051792.000
07/17/2013	7.57	7.72	7.27	7.45	2665132	38433388.000
07/18/2013	7.41	7.65	7.29	7.52	2149063	30782392.000
07/19/2013	7.48	7.61	7.24	7.26	2516361	35833204.000
07/22/2013	7.23	7.57	7.11	7.56	2405322	34109580.000
07/23/2013	7.54	7.87	7.50	7.83	3018501	44694452.000
07/24/2013	7.84	8.25	7.83	8.17	4388032	67275968.000
07/25/2013	8.12	8.19	7.74	7.82	2551515	38832528.000
07/26/2013	7.89	8.14	7.83	8.05	2357176	36034876.000
07/29/2013	8.03	8.06	7.79	7.79	1732965	26276318.000
07/30/2013	7.78	7.94	7.48	7.71	1378386	20417340.000
07/31/2013	7.84	8.04	7.73	7.89	1286820	19539038.000
08/01/2013	7.89	8.29	7.89	8.24	2379425	37228312.000
08/02/2013	8.39	8.76	8.38	8.52	4456993	73056992.000
08/05/2013	8.68	9.16	8.68	8.98	4793446	82115928.000
08/06/2013	8.95	9.04	8.79	8.88	2433204	41349512.000
08/07/2013	8.88	9.19	8.87	8.91	4438968	76535280.000
08/08/2013	8.87	9.38	8.84	9.31	5210994	91911712.000
08/09/2013	9.31	9.79	9.31	9.39	4676684	85247376.000
08/12/2013	9.39	9.77	9.32	9.55	2843353	52081052.000
08/13/2013	9.55	9.68	9.53	9.54	2023031	37098108.000
08/14/2013	9.54	9.66	9.34	9.36	2219888	40443036.000
08/15/2013	9.34	9.42	9.05	9.11	1902942	33561652.000
08/16/2013	9.08	9.11	8.88	8.92	1893841	32506236.000
08/19/2013	8.89	9.36	8.79	9.33	2323152	40363364.000
08/20/2013	9.33	9.75	9.33	9.71	2565929	47235752.000
08/21/2013	9.61	9.87	9.58	9.72	1630206	30155112.000
08/22/2013	9.72	9.98	9.66	9.94	2098239	39712024.000
08/23/2013	9.94	10.13	9.63	9.79	2985781	56340216.000
08/26/2013	9.76	9.95	9.58	9.84	2154712	40227584.000
08/27/2013	9.88	9.99	9.69	9.76	1999016	37489324.000
08/28/2013	9.75	9.97	9.42	9.85	2045677	37836952.000
08/29/2013	9.84	10.13	9.68	10.05	1990446	38127028.000
08/30/2013	10.05	10.15	9.53	9.58	2773196	51966276.000
09/02/2013	9.55	9.78	9.54	9.74	1613644	29891020.000
09/03/2013	9.73	10.24	9.73	10.24	1831234	35080172.000
09/04/2013	10.47	10.83	10.38	10.58	2837866	57092352.000
09/05/2013	10.68	10.71	10.44	10.60	1222633	24659298.000
09/06/2013	10.49	10.68	10.49	10.67	859869	17463150.000
09/09/2013	10.67	10.75	10.42	10.54	1523362	30599848.000
09/10/2013	10.41	10.55	10.24	10.47	1507531	29909962.000
09/11/2013	10.42	11.11	10.32	10.63	3070213	62733468.000
09/12/2013	10.47	10.92	10.47	10.66	1275228	25973874.000
09/13/2013	10.74	10.82	10.63	10.74	946424	19347320.000
09/16/2013	10.83	11.57	10.74	11.39	2187878	47330444.000
09/17/2013	11.36	12.15	11.24	11.78	2399641	54140124.000
09/18/2013	11.84	12.10	11.57	11.98	1436663	32591466.000
09/23/2013	12.03	12.05	11.79	11.98	1890515	43130976.000
09/24/2013	12.02	12.95	12.02	12.48	1971096	47107708.000
09/25/2013	12.42	12.88	12.25	12.59	1604333	38584160.000
09/26/2013	12.59	12.79	12.32	12.33	1582715	37883264.000
09/27/2013	12.37	12.68	11.99	12.36	1903560	44412088.000
09/30/2013	12.35	12.53	12.16	12.41	724346	17105650.000
10/08/2013	12.57	13.05	12.38	12.89	991134	24302214.000
10/09/2013	12.84	13.10	12.52	12.67	1356010	32786934.000
10/10/2013	12.66	12.88	12.00	12.12	2392776	56123576.000
10/11/2013	12.14	12.90	12.14	12.90	1798297	43117084.000
10/14/2013	13.04	14.09	13.04	14.00	2646793	69243328.000
10/15/2013	14.16	15.41	13.63	14.92	2561216	71942744.000
10/16/2013	15.24	15.32	13.97	14.66	1843353	51335436.000
10/17/2013	14.62	15.29	14.34	14.36	1140375	32147232.000
10/18/2013	14.63	14.68	13.99	14.32	1023177	27810404.000
10/21/2013	14.05	14.66	14.05	14.56	1365730	37525348.000
10/22/2013	14.56	14.74	14.16	14.53	1365102	37474712.000
10/23/2013	14.53	14.63	14.14	14.19	965626	26369406.000
10/24/2013	14.15	14.29	13.73	14.00	1023971	27506210.000
10/25/2013	14.00	14.25	13.32	13.74	1744793	45461668.000
10/28/2013	13.99	14.18	13.49	13.78	1111770	29345276.000
10/29/2013	13.65	13.91	12.63	13.04	2130949	53557360.000
10/30/2013	13.09	13.63	12.89	13.58	1890673	48443800.000
10/31/2013	13.60	14.36	13.43	13.92	1624156	43047200.000
11/01/2013	13.82	14.14	13.13	13.43	1442601	37915796.000
11/04/2013	13.47	13.91	13.42	13.63	2018401	52442020.000
11/05/2013	13.89	14.11	13.53	14.11	932761	24678790.000
11/06/2013	14.11	14.34	14.01	14.14	920993	24908142.000
11/07/2013	14.14	14.14	13.89	13.89	777780	20791654.000
11/08/2013	13.94	14.93	13.85	14.88	2173703	59953916.000
11/11/2013	15.21	16.37	15.05	16.27	3451228	102889136.000
11/12/2013	16.26	16.34	15.67	16.13	3537744	107934528.000
11/13/2013	15.84	16.26	15.72	15.86	3446923	104103976.000
11/14/2013	16.02	16.16	15.48	16.16	1572059	47288720.000
11/15/2013	16.00	16.70	15.97	16.53	1532795	47639112.000
11/18/2013	16.68	16.79	15.92	16.31	1451090	45267004.000
11/19/2013	16.31	16.72	16.19	16.33	797690	25067666.000
11/20/2013	16.33	16.56	16.03	16.50	924753	28687854.000
11/21/2013	16.52	17.57	16.33	17.55	1772707	58367992.000
11/22/2013	17.55	17.82	17.16	17.24	1058505	35160140.000
11/25/2013	16.99	18.37	16.99	17.92	1718252	58810252.000
11/26/2013	17.85	18.37	17.85	17.97	1283647	44197708.000
11/27/2013	17.90	18.21	17.79	18.11	814075	27920920.000
11/28/2013	18.14	18.21	17.61	17.76	1356692	46161828.000
11/29/2013	17.64	17.84	17.36	17.65	1048686	35041948.000
12/02/2013	16.94	17.78	15.89	16.32	2318042	73663560.000
12/03/2013	16.25	16.97	16.00	16.78	909421	28603552.000
12/04/2013	16.64	17.04	16.64	16.77	979192	31390368.000
12/05/2013	16.77	16.90	16.58	16.75	463374	14793492.000
12/06/2013	16.75	17.41	16.75	17.38	967323	31686034.000
12/13/2013	18.37	18.87	17.57	18.61	2109864	74022128.000
12/16/2013	18.61	19.35	18.61	19.11	1869796	67983656.000
12/17/2013	18.79	19.42	18.79	19.15	840808	30672156.000
12/18/2013	19.13	19.24	18.96	19.08	426430	15543189.000
12/19/2013	19.02	20.46	19.01	20.15	2093873	79161456.000
12/20/2013	20.15	20.67	18.74	18.89	2624624	97954144.000
12/23/2013	19.42	20.05	18.96	19.88	1256929	46744936.000
12/24/2013	19.68	20.47	19.68	20.21	977558	37485376.000
12/25/2013	20.41	20.42	19.84	20.17	670646	25720774.000
12/26/2013	20.01	20.19	19.53	19.95	1036871	39354324.000
12/27/2013	20.21	20.21	19.62	19.87	1072112	40555024.000
12/30/2013	19.85	20.00	19.17	19.34	1129321	41842500.000
12/31/2013	19.48	19.50	18.95	19.37	1082238	39409508.000
01/02/2014	19.89	21.21	19.77	21.21	2404960	94674584.000
01/03/2014	21.21	21.21	20.58	21.08	855526	34088772.000
01/06/2014	20.89	21.08	20.21	20.43	1192246	46489716.000
01/07/2014	20.37	20.63	19.98	20.46	676028	26267986.000
01/08/2014	20.27	21.10	20.27	20.74	1064238	42380376.000
01/09/2014	20.63	20.84	20.05	20.09	647216	25232364.000
01/10/2014	19.82	20.26	19.58	19.82	1144982	43414812.000
01/13/2014	19.61	20.19	19.58	20.11	669149	25309120.000
01/14/2014	19.87	21.47	19.87	21.15	817337	32593854.000
01/15/2014	20.89	21.51	20.89	21.19	705062	28348562.000
01/16/2014	21.32	21.32	20.95	21.14	718078	28836960.000
01/17/2014	21.25	21.26	20.73	20.78	395822	15770806.000
01/20/2014	20.84	21.16	20.64	20.84	303321	12087117.000
01/21/2014	20.89	21.15	19.98	20.36	1120496	43692936.000
01/22/2014	20.26	21.05	20.24	20.99	686779	27263218.000
01/23/2014	21.26	21.26	20.82	21.01	532239	21253322.000
01/24/2014	20.50	22.16	20.50	22.05	1335025	55471928.000
01/27/2014	22.01	22.78	21.63	21.97	1567394	66845644.000
01/28/2014	22.26	22.56	21.29	22.08	1434360	59849956.000
01/29/2014	22.08	22.17	21.79	22.04	503943	21064044.000
01/30/2014	22.05	22.25	21.87	22.19	371787	15587821.000
02/07/2014	22.21	23.11	22.06	22.84	979089	42554220.000
02/10/2014	22.82	23.11	22.58	23.05	1077995	47008956.000
02/11/2014	23.06	23.09	22.37	22.87	678239	29371660.000
02/12/2014	22.90	23.25	22.35	23.11	731559	31845582.000
02/13/2014	23.16	24.45	23.01	23.61	1032560	47152388.000
02/14/2014	23.42	24.61	23.20	24.61	1401620	64475988.000
02/17/2014	24.61	26.53	24.58	26.32	2409489	119378952.000
02/18/2014	26.42	26.79	25.63	26.56	1644876	81867224.000
02/19/2014	26.53	27.78	26.01	27.65	2221680	114700080.000
02/20/2014	27.58	28.58	26.19	27.36	2315003	120958304.000
02/21/2014	26.83	28.89	26.83	27.87	2094960	112128176.000
02/24/2014	28.29	29.95	27.84	29.94	3406497	189394752.000
02/25/2014	30.21	30.21	26.94	28.41	3679993	200168896.000
02/26/2014	27.50	28.89	26.01	28.82	1608642	85541424.000
02/27/2014	28.82	29.95	25.93	25.93	2270022	118778824.000
02/28/2014	25.16	26.13	23.74	25.57	2600941	123323552.000
03/03/2014	25.18	27.52	24.76	27.48	1610254	81664768.000
03/04/2014	27.49	28.42	26.89	27.84	1535699	81492304.000
03/05/2014	28.00	28.99	26.77	27.50	2572183	71781736.000
03/06/2014	27.45	30.25	27.35	30.25	6269767	183542144.000
03/07/2014	31.00	31.77	29.85	30.88	6238086	192783280.000
03/10/2014	30.00	30.88	28.75	29.48	3196782	95276640.000
03/11/2014	29.46	29.88	27.89	29.30	3454361	99713568.000
03/12/2014	28.88	28.88	27.38	27.68	3085320	86113080.000
03/13/2014	27.89	28.10	27.11	28.00	1416095	39424916.000
03/14/2014	28.10	29.58	28.10	28.77	2756275	79986360.000
03/17/2014	29.50	30.60	29.20	30.20	3648711	110199376.000
03/18/2014	30.78	33.22	30.60	32.70	7789944	252275360.000
03/19/2014	32.33	33.66	31.77	33.51	5677593	185722224.000
03/20/2014	33.20	33.79	32.30	32.30	3144774	103927936.000
03/21/2014	31.60	33.60	31.02	32.28	3692931	118755240.000
03/24/2014	31.70	32.19	31.12	31.70	2496719	79077144.000
03/25/2014	31.58	32.47	31.08	31.56	1722114	54767700.000
03/26/2014	31.78	32.20	31.30	31.79	1489971	47437716.000
03/27/2014	31.51	31.98	30.50	30.50	1981849	61524612.000
03/28/2014	30.85	31.25	29.20	30.36	2497031	75947280.000
03/31/2014	30.30	30.98	27.32	27.70	2815728	80520728.000
04/01/2014	29.00	30.47	28.80	30.46	3203735	96382288.000
04/02/2014	30.32	31.65	30.00	30.42	2337953	72134512.000
04/03/2014	30.21	31.35	28.72	30.02	1960054	58576708.000
04/04/2014	30.00	30.39	29.63	30.00	675122	20252668.000
04/08/2014	30.05	30.05	28.79	29.55	1119451	32935954.000
04/09/2014	29.60	30.00	29.30	29.85	1035333	30696522.000
04/10/2014	29.85	30.00	29.00	29.30	1154540	34046480.000
04/11/2014	29.05	29.26	28.20	28.61	1858809	53073872.000
04/14/2014	28.97	28.97	27.90	28.32	1269835	35777976.000
04/15/2014	28.58	28.59	28.15	28.35	1245966	35303220.000
04/16/2014	28.20	28.45	27.95	28.26	912296	25673100.000
04/17/2014	28.39	30.39	28.20	29.99	1658399	49384852.000
04/18/2014	29.99	30.00	29.38	29.69	843196	25017502.000
04/21/2014	29.69	31.17	29.31	30.19	2275244	69602464.000
04/22/2014	30.05	31.02	29.80	30.56	1293980	39461568.000
04/23/2014	30.26	30.88	29.90	30.28	962831	29304266.000
04/24/2014	30.45	31.40	30.01	31.00	1981442	61237824.000
04/25/2014	31.05	31.10	30.51	30.81	728971	22464046.000
04/28/2014	30.81	30.81	27.73	27.73	2012569	58170868.000
04/29/2014	27.83	28.88	27.83	28.86	1490478	42083616.000
04/30/2014	28.85	30.08	28.57	30.00	906105	26984332.000
05/05/2014	30.02	31.15	30.02	30.58	1088569	33426980.000
05/06/2014	30.98	30.99	30.46	30.80	910918	28014048.000
05/07/2014	30.80	30.98	30.11	30.29	915382	28072020.000
05/08/2014	30.35	30.59	30.00	30.08	812426	24641698.000
05/09/2014	29.48	30.32	29.48	30.12	678646	20393476.000
05/12/2014	31.00	31.00	30.12	30.50	629678	19197732.000
05/13/2014	30.35	30.78	29.00	30.28	834796	24814608.000
05/14/2014	30.00	30.18	29.38	30.00	903239	26907128.000
05/15/2014	30.00	30.39	29.51	29.86	1122831	33682676.000
05/16/2014	29.86	30.45	29.79	29.89	1132808	34076332.000
05/19/2014	29.40	30.38	29.40	29.51	581952	17300622.000
05/20/2014	29.63	30.10	29.51	29.71	795821	23685552.000
05/21/2014	29.52	29.86	29.52	29.66	580078	17197332.000
05/22/2014	29.61	29.87	29.20	29.61	769846	22809788.000
05/23/2014	29.10	29.82	28.90	29.53	459304	13501027.000
05/26/2014	29.49	30.86	29.49	30.86	2941773	89440984.000
05/27/2014	30.91	31.00	30.30	30.73	1184855	36382372.000
05/28/2014	30.80	31.49	30.64	31.21	1556329	48357032.000
05/29/2014	31.23	31.30	30.20	30.20	752916	22932766.000
05/30/2014	30.10	30.60	29.90	30.20	578234	17472504.000
06/03/2014	30.35	30.35	29.85	29.86	564462	16928912.000
06/04/2014	29.69	30.01	29.55	29.76	501140	14888802.000
06/05/2014	29.95	29.95	29.51	29.77	645646	19154238.000
06/06/2014	29.78	30.28	29.78	29.83	1095112	32936690.000
06/09/2014	29.90	29.90	29.48	29.52	478193	14137870.000
06/10/2014	29.50	29.96	29.40	29.53	378727	11188991.000
06/11/2014	29.53	29.97	29.33	29.79	453185	13417690.000
06/12/2014	29.79	29.79	29.20	29.21	506610	14918829.000
06/13/2014	29.20	29.50	29.00	29.10	878116	25668888.000
06/16/2014	29.25	29.60	29.16	29.59	783638	23030818.000
06/17/2014	29.59	29.59	29.02	29.14	395274	11572150.000
06/18/2014	29.20	29.50	29.01	29.15	441367	12857282.000
06/19/2014	29.40	29.40	28.15	28.92	606317	17529604.000
06/20/2014	28.92	29.33	28.55	29.19	520873	15098627.000
06/23/2014	29.20	30.05	29.00	29.87	1172343	35085324.000
06/24/2014	30.28	30.38	29.40	29.70	791337	23597018.000
06/25/2014	29.66	29.96	29.41	29.81	535205	15903319.000
06/26/2014	29.90	30.30	29.73	30.29	998270	30076468.000
06/27/2014	30.40	31.48	30.40	31.48	1642481	51107684.000
06/30/2014	31.71	34.63	31.71	34.51	3384249	114909784.000
07/01/2014	34.88	34.98	33.50	34.50	2280659	78616536.000
07/02/2014	34.44	34.89	33.80	34.24	1219584	41679708.000
07/03/2014	34.25	37.65	33.88	36.42	2035169	73421648.000
07/04/2014	36.60	37.24	36.03	37.00	1430796	52532776.000
07/07/2014	37.98	38.05	36.31	36.68	1566080	57740748.000
07/08/2014	36.40	36.80	35.83	36.09	1122503	40726672.000
07/09/2014	36.39	36.99	35.60	35.80	1000737	36110956.000
07/10/2014	35.00	36.48	34.97	35.34	860068	30561812.000
07/11/2014	35.31	35.97	35.00	35.20	740353	26186588.000
07/14/2014	36.00	36.13	34.75	35.60	523227	18556744.000
07/15/2014	35.51	35.90	34.15	34.71	831854	28946194.000
07/16/2014	34.68	34.99	33.80	34.20	656700	22505306.000
07/17/2014	34.29	34.68	34.00	34.58	500618	17162418.000
07/18/2014	34.58	36.50	34.58	35.14	1174675	41577520.000
07/21/2014	35.14	35.88	35.04	35.38	884326	31345932.000
07/22/2014	35.15	35.86	34.64	35.41	571339	20102148.000
07/23/2014	35.11	35.40	34.00	34.26	939527	32530136.000
07/24/2014	34.10	34.59	33.80	33.83	631876	21552628.000
07/25/2014	33.87	34.50	33.50	34.08	532384	18182788.000
07/28/2014	34.74	35.60	34.54	35.06	744866	26111472.000
07/29/2014	35.06	35.48	34.60	34.86	642300	22549778.000
07/30/2014	34.86	35.18	34.60	34.91	413484	14410454.000
07/31/2014	34.91	36.50	34.75	36.22	960514	34377940.000
08/01/2014	36.00	36.28	35.60	35.79	502358	18009046.000
08/04/2014	35.49	35.90	33.81	34.50	1138220	39762144.000
08/05/2014	34.27	36.30	34.00	36.01	1245853	43933140.000
08/06/2014	35.99	36.75	35.25	35.35	966464	34656468.000
08/07/2014	35.35	35.80	35.10	35.16	770433	27297378.000
08/08/2014	35.29	36.33	34.90	35.32	797181	28428370.000
08/11/2014	35.32	35.76	35.00	35.07	767009	27020058.000
08/12/2014	35.18	35.39	34.50	34.80	837001	29344584.000
08/13/2014	35.00	35.28	34.15	34.48	656257	22745966.000
08/14/2014	34.51	35.08	34.30	34.50	414897	14409007.000
08/15/2014	34.51	34.97	34.34	34.53	452913	15662354.000
08/18/2014	34.44	34.80	33.69	34.42	2052854	70294608.000
08/19/2014	34.30	34.30	33.48	33.49	1798440	60775960.000
08/20/2014	33.49	34.44	32.00	34.26	2766540	91666512.000
08/21/2014	34.27	37.39	34.00	35.53	2835833	100883808.000
08/22/2014	35.20	35.62	35.01	35.23	891120	31446022.000
08/25/2014	35.77	35.77	34.61	35.02	1021127	35739656.000
08/26/2014	34.02	35.03	33.80	33.88	837032	28579412.000
08/27/2014	34.38	34.38	33.43	33.55	780857	26383652.000
08/28/2014	33.55	33.70	32.81	32.88	1251471	41365744.000
08/29/2014	32.87	33.95	32.87	33.62	627387	21113478.000
09/01/2014	33.97	35.06	33.74	34.65	1204518	41858592.000
09/02/2014	35.00	35.00	34.52	34.54	1015668	35273048.000
09/03/2014	35.25	36.00	35.00	35.37	1589521	56396204.000
09/04/2014	35.37	35.45	34.74	35.00	789393	27588758.000
09/05/2014	34.99	35.20	34.51	35.10	939476	32693352.000
09/09/2014	35.14	35.49	34.00	35.10	1101045	38415572.000
09/10/2014	35.10	35.18	34.61	34.85	507911	17708968.000
09/11/2014	34.87	35.10	34.65	34.95	1000608	34954576.000
09/12/2014	34.95	35.15	34.65	34.80	861204	30049014.000
09/15/2014	34.98	34.98	34.20	34.41	979864	33783068.000
09/16/2014	34.39	34.39	33.61	33.90	1280918	43498356.000
09/17/2014	33.63	34.14	33.61	34.14	811979	27522824.000
09/18/2014	34.00	35.20	33.82	35.18	979270	33852744.000
09/19/2014	35.19	35.63	35.05	35.19	1223144	43181448.000
09/22/2014	35.36	35.98	35.01	35.53	1416218	50435648.000
09/23/2014	35.53	35.61	35.02	35.14	809864	28532072.000
09/24/2014	35.10	35.38	35.05	35.24	1029143	36213920.000
09/25/2014	35.35	38.00	35.35	36.65	3777154	139662576.000
09/26/2014	36.61	37.99	36.50	37.47	2054440	77350552.000
09/29/2014	36.39	37.99	36.39	36.90	1376954	51398972.000
09/30/2014	36.95	37.75	36.91	37.37	1549751	57793032.000
10/08/2014	37.40	37.92	36.66	37.10	1508226	55875780.000
10/09/2014	37.03	37.39	36.60	36.80	961261	35446444.000
10/10/2014	36.98	37.09	36.55	36.68	675100	24794212.000
10/13/2014	36.63	37.68	36.56	37.39	1619000	60505192.000
10/14/2014	37.34	37.80	36.62	36.85	1169646	43292292.000
10/15/2014	36.80	36.85	36.05	36.50	906896	33085728.000
10/16/2014	36.52	36.89	36.20	36.55	1472944	54006396.000
10/17/2014	37.80	37.80	36.51	37.06	2411976	89548024.000
10/20/2014	37.08	40.70	36.83	40.21	3736445	146129424.000
10/21/2014	40.50	42.88	40.21	40.98	2772415	115175608.000
10/22/2014	40.96	42.01	40.36	41.70	1371978	56942764.000
10/23/2014	41.10	42.00	40.29	40.45	1424326	58336764.000
10/24/2014	40.24	40.70	39.10	39.44	1303240	51767512.000
10/27/2014	39.88	39.88	38.69	39.55	953122	37477768.000
10/28/2014	39.75	41.36	39.55	40.88	1312503	53482360.000
数据来源:通达信
