300133 华策影视 日线
      日期	    开盘	    最高	    最低	    收盘	    成交量	    成交额
10/26/2010	9.62	10.52	9.53	10.29	9466438	995446336.000
10/27/2010	10.02	10.04	9.23	9.23	4659326	469081856.000
10/28/2010	9.28	10.01	9.28	9.78	2948094	300774560.000
10/29/2010	9.90	10.79	9.67	10.79	2132794	230031600.000
11/01/2010	11.14	11.88	11.09	11.28	3335369	397442336.000
11/02/2010	11.09	11.54	10.60	10.67	2497270	287711744.000
11/03/2010	10.42	10.49	9.67	9.80	2434996	253887360.000
11/04/2010	9.89	10.00	9.58	9.90	1509270	155292432.000
11/05/2010	9.92	10.12	9.72	9.92	1174145	122041264.000
11/08/2010	9.87	10.37	9.77	10.21	1336996	141968848.000
11/09/2010	10.11	10.14	9.97	10.06	997109	104789696.000
11/10/2010	10.05	10.80	9.97	10.64	1227191	134143048.000
11/11/2010	10.56	11.49	10.53	10.84	1539106	177008064.000
11/12/2010	10.91	11.58	10.53	11.16	2178750	253277504.000
11/15/2010	11.39	11.78	11.21	11.53	1412858	170395232.000
11/16/2010	11.45	11.72	11.05	11.11	1247035	147996272.000
11/17/2010	11.05	11.93	10.90	11.44	1371636	165772992.000
11/18/2010	11.51	11.68	11.00	11.44	953711	112569872.000
11/19/2010	11.45	11.93	11.45	11.82	877380	107387592.000
11/22/2010	11.74	12.22	11.41	11.64	1036721	128194128.000
11/23/2010	11.44	11.73	11.34	11.59	617035	74032296.000
11/24/2010	11.44	11.84	11.44	11.84	622857	76149472.000
11/25/2010	12.03	12.03	11.29	11.42	982439	118776896.000
11/26/2010	11.36	11.58	11.29	11.50	473906	56751008.000
11/29/2010	11.49	11.83	11.43	11.72	561014	68570056.000
11/30/2010	11.86	11.87	11.01	11.18	1173933	139339760.000
12/01/2010	11.10	11.19	10.97	10.99	569865	65779488.000
12/02/2010	11.10	11.35	11.00	11.00	576274	67093508.000
12/03/2010	11.03	11.21	11.01	11.16	388570	45131940.000
12/06/2010	11.21	11.23	10.54	10.62	721978	81173608.000
12/07/2010	10.54	10.79	10.31	10.72	399067	44411292.000
12/08/2010	10.71	10.84	10.43	10.48	359133	39939008.000
12/09/2010	10.40	10.64	10.34	10.44	296522	32564772.000
12/10/2010	10.36	10.67	10.35	10.66	272666	30120926.000
12/13/2010	10.74	11.06	10.74	10.99	437178	49934500.000
12/14/2010	11.00	11.06	10.92	11.05	318410	36651300.000
12/15/2010	11.05	11.48	10.94	11.09	691586	80789832.000
12/16/2010	11.08	11.29	11.02	11.22	368929	43065872.000
12/17/2010	11.21	11.48	11.15	11.34	458293	54475524.000
12/20/2010	11.51	11.77	11.11	11.62	903537	108863320.000
12/21/2010	11.59	11.66	11.45	11.54	302368	36480156.000
12/22/2010	11.52	11.67	11.25	11.31	420735	50171168.000
12/23/2010	11.24	11.33	10.86	10.86	566221	65817912.000
12/24/2010	10.86	10.92	10.36	10.48	395026	43827644.000
12/27/2010	10.51	10.89	10.26	10.31	418051	46457968.000
12/28/2010	10.19	10.72	10.19	10.58	387899	42495812.000
12/29/2010	10.57	11.02	10.53	10.97	423317	48242624.000
12/30/2010	10.99	11.10	10.90	11.02	292964	33757972.000
12/31/2010	10.97	11.11	10.92	11.09	360121	41461236.000
01/04/2011	11.21	11.46	11.11	11.19	535206	62955896.000
01/05/2011	11.17	11.43	11.01	11.40	317507	37332812.000
01/06/2011	11.39	11.40	10.98	10.98	380585	44266804.000
01/07/2011	10.85	10.96	10.62	10.70	436931	49179320.000
01/10/2011	10.68	10.85	10.62	10.68	251317	28234388.000
01/11/2011	10.53	10.68	10.41	10.61	206850	22864992.000
01/12/2011	10.79	11.06	10.65	10.97	260832	29746710.000
01/13/2011	10.91	11.03	10.78	10.87	137247	15586279.000
01/14/2011	10.81	10.88	10.51	10.53	259098	29003684.000
01/17/2011	10.36	10.67	9.98	10.02	339614	36445088.000
01/18/2011	9.96	10.11	9.85	9.97	147014	15361691.000
01/19/2011	9.97	10.12	9.97	10.09	152898	16127965.000
01/20/2011	10.20	10.20	9.43	9.45	387799	39730032.000
01/21/2011	9.43	9.64	9.27	9.48	221819	22022062.000
01/24/2011	9.48	9.51	8.84	8.85	309670	29701982.000
01/25/2011	8.85	8.85	8.45	8.60	306078	27891990.000
01/26/2011	8.45	8.75	8.19	8.60	1617290	143893920.000
01/27/2011	8.50	8.78	8.45	8.67	661066	59988432.000
01/28/2011	8.70	8.71	8.45	8.71	484003	43818616.000
01/31/2011	8.70	9.09	8.67	9.04	407372	38295916.000
02/01/2011	9.02	9.04	8.84	8.90	255422	24031788.000
02/09/2011	8.85	9.00	8.61	8.62	330032	30667322.000
02/10/2011	8.60	9.08	8.49	9.06	497685	46115692.000
02/11/2011	9.01	9.28	8.98	9.28	407442	39289352.000
02/14/2011	9.32	9.47	9.23	9.38	397284	39106160.000
02/15/2011	9.39	9.47	9.31	9.33	371235	36515600.000
02/16/2011	9.32	9.75	9.28	9.68	586828	58576380.000
02/17/2011	9.72	9.85	9.64	9.68	549333	56037200.000
02/18/2011	9.68	9.86	9.56	9.75	357107	36358808.000
02/21/2011	9.72	10.08	9.66	10.04	419229	43916964.000
02/22/2011	10.09	10.18	9.58	9.61	622838	64105992.000
02/23/2011	9.67	10.13	9.67	9.92	582258	60685492.000
02/24/2011	9.97	10.20	9.64	9.86	542983	56371792.000
02/25/2011	9.80	9.97	9.68	9.82	447031	46081932.000
02/28/2011	9.72	9.78	9.39	9.54	753604	75457064.000
03/01/2011	9.53	9.75	9.49	9.58	322350	32529928.000
03/02/2011	9.52	9.59	9.28	9.37	546008	53773680.000
03/03/2011	9.33	9.39	9.00	9.09	706809	68001976.000
03/04/2011	9.12	9.38	9.05	9.37	396504	38347092.000
03/08/2011	9.53	9.77	9.48	9.64	1031136	103975216.000
03/09/2011	9.58	9.70	9.45	9.61	485272	48595128.000
03/10/2011	9.62	9.91	9.58	9.70	566893	58021376.000
03/11/2011	9.70	9.91	9.52	9.77	813499	82935376.000
03/14/2011	9.76	9.76	9.53	9.62	497769	50230268.000
03/15/2011	9.63	9.63	9.22	9.31	578690	56938368.000
03/16/2011	9.31	9.53	9.31	9.42	317281	31446888.000
03/17/2011	9.35	9.35	9.08	9.09	547197	52846992.000
03/18/2011	9.23	9.26	9.04	9.09	262113	25080392.000
03/21/2011	9.04	9.11	8.74	9.06	447348	42072980.000
03/22/2011	9.04	9.06	8.87	8.93	182806	17188212.000
03/23/2011	8.94	9.14	8.90	9.14	221327	21099898.000
03/24/2011	9.12	9.23	9.07	9.08	168214	16175893.000
03/25/2011	9.10	9.10	9.02	9.07	185355	17628010.000
03/28/2011	9.05	9.07	8.96	9.04	379671	36064328.000
03/29/2011	9.05	9.06	8.79	9.04	409546	38692920.000
03/30/2011	8.96	9.07	8.78	8.78	231731	21529042.000
04/01/2011	8.79	8.92	8.78	8.83	118676	11015448.000
04/06/2011	8.75	8.82	8.54	8.57	230361	20888128.000
04/07/2011	8.57	8.61	8.44	8.60	234505	20979542.000
04/08/2011	8.64	8.88	8.55	8.84	167938	15505709.000
04/11/2011	8.86	8.92	8.76	8.84	230223	21400332.000
04/12/2011	8.83	8.85	8.74	8.77	111984	10368219.000
04/13/2011	8.76	8.96	8.75	8.92	222025	20804320.000
04/14/2011	8.93	8.93	8.55	8.68	268465	24730418.000
04/15/2011	8.61	8.63	8.31	8.39	613538	27107772.000
04/18/2011	8.27	8.42	8.12	8.23	369772	16034394.000
04/19/2011	8.18	8.18	7.93	8.01	493672	20714072.000
04/20/2011	8.00	8.14	7.96	8.11	308808	13074711.000
04/21/2011	8.02	8.51	8.02	8.41	867738	37998436.000
04/22/2011	8.44	8.47	8.21	8.31	352562	15365377.000
04/25/2011	8.23	8.26	7.46	7.92	331986	13891797.000
04/26/2011	7.88	7.98	7.43	7.49	677824	26935290.000
04/27/2011	7.49	7.58	7.33	7.47	541530	21112094.000
04/28/2011	7.47	7.67	7.42	7.62	640683	25392146.000
04/29/2011	7.62	7.72	7.53	7.63	294739	11802003.000
05/03/2011	7.66	7.66	7.57	7.65	199287	7964625.500
05/04/2011	7.64	7.66	7.48	7.53	352099	13952801.000
05/05/2011	7.54	7.79	7.49	7.72	295590	11942789.000
05/06/2011	7.63	7.72	7.55	7.64	155410	6237672.000
05/09/2011	7.64	7.82	7.64	7.80	347531	14114341.000
05/10/2011	7.80	7.80	7.63	7.68	275187	11089539.000
05/11/2011	7.68	7.68	7.53	7.53	279243	11099659.000
05/12/2011	7.53	7.53	7.29	7.29	280330	10867512.000
05/13/2011	7.27	7.33	7.04	7.15	363605	13633140.000
05/16/2011	7.17	7.21	7.08	7.10	172040	6468856.500
05/17/2011	7.13	7.15	7.06	7.14	220542	8242663.000
05/18/2011	7.08	7.17	7.06	7.13	108231	4059076.500
05/19/2011	7.14	7.15	6.92	6.96	368442	13629874.000
05/20/2011	6.92	6.99	6.74	6.80	311559	11208465.000
05/23/2011	6.74	6.76	6.25	6.66	1109112	38013556.000
05/24/2011	6.55	7.03	6.55	6.93	574132	20563216.000
05/25/2011	6.92	7.01	6.74	6.74	453721	16479712.000
05/26/2011	6.96	6.97	6.76	6.78	340743	12265994.000
05/27/2011	6.88	6.88	6.60	6.70	243682	8566975.000
05/30/2011	6.65	6.86	6.55	6.70	173487	6171262.000
05/31/2011	6.72	6.80	6.59	6.76	121710	4295605.000
06/01/2011	6.84	7.13	6.84	7.06	554721	20595770.000
06/02/2011	6.96	7.32	6.91	7.27	627706	23426878.000
06/03/2011	7.32	7.35	7.22	7.30	410516	15733945.000
06/07/2011	7.29	7.39	7.23	7.33	229178	8774066.000
06/08/2011	7.33	7.38	7.14	7.30	164610	6299027.000
06/09/2011	7.24	7.31	7.19	7.24	255377	9718684.000
06/10/2011	7.24	7.24	7.09	7.19	51573	1939717.250
06/13/2011	7.15	7.33	6.98	7.33	214162	8061579.000
06/14/2011	7.31	7.42	7.27	7.35	123584	4774562.500
06/16/2011	7.31	7.45	7.23	7.33	259315	10039035.000
06/17/2011	7.33	7.34	7.12	7.21	159110	6031163.500
06/20/2011	7.15	7.30	7.11	7.25	245107	9344708.000
06/21/2011	7.29	7.31	7.12	7.24	214586	8132452.000
06/22/2011	7.26	7.26	7.19	7.25	79042	3000717.500
06/23/2011	7.19	7.48	7.19	7.46	230458	8907149.000
06/24/2011	7.43	7.62	7.37	7.58	231739	9177718.000
06/27/2011	7.59	7.64	7.49	7.53	186901	7432570.500
06/28/2011	7.55	7.62	7.29	7.43	519974	20109636.000
06/29/2011	7.41	7.43	7.29	7.29	85110	3288296.000
06/30/2011	7.33	7.44	7.29	7.39	223137	8670572.000
07/01/2011	7.35	7.43	7.23	7.29	227238	8756054.000
07/04/2011	7.30	7.42	7.26	7.42	501928	19362020.000
07/05/2011	7.42	7.54	7.42	7.47	336088	13216039.000
07/06/2011	7.49	7.82	7.43	7.82	748001	30029626.000
07/07/2011	7.78	8.06	7.74	7.96	626979	26054446.000
07/08/2011	7.95	8.03	7.75	7.90	461667	19214548.000
07/11/2011	7.90	8.04	7.83	8.01	350753	14665048.000
07/12/2011	8.01	8.01	7.80	7.80	295703	12242093.000
07/13/2011	7.86	7.97	7.74	7.91	204786	8481188.000
07/14/2011	7.96	8.13	7.84	8.13	412279	17306948.000
07/18/2011	8.21	8.56	8.21	8.44	1019752	45082364.000
07/19/2011	8.37	8.46	8.23	8.32	406708	17643080.000
07/20/2011	8.32	8.36	8.17	8.26	256213	11096002.000
07/21/2011	8.29	8.29	8.12	8.14	194586	8341014.000
07/22/2011	8.19	8.26	8.12	8.17	104871	4492679.500
07/25/2011	8.21	8.21	7.82	7.84	232531	9699856.000
07/26/2011	7.82	7.89	7.69	7.81	106208	4346617.000
07/27/2011	7.71	8.00	7.69	7.93	152690	6294938.500
07/28/2011	7.94	7.99	7.82	7.97	128520	5337364.000
07/29/2011	7.99	8.02	7.86	7.89	148165	6169183.500
08/01/2011	7.88	8.16	7.84	8.06	206017	8698263.000
08/02/2011	8.08	8.23	7.94	8.23	222323	9457664.000
08/03/2011	8.06	8.46	8.06	8.25	252624	10959533.000
08/04/2011	8.21	8.35	8.17	8.18	172805	7448797.500
08/05/2011	7.98	8.16	7.91	8.03	200620	8445744.000
08/08/2011	7.98	7.98	7.55	7.76	536839	21806014.000
08/09/2011	7.59	7.91	7.50	7.76	233074	9387800.000
08/10/2011	7.82	8.00	7.82	7.88	294461	12197824.000
08/11/2011	7.72	8.38	7.65	8.34	759253	32396546.000
08/12/2011	8.35	9.15	8.35	9.01	1392979	64955408.000
08/15/2011	9.00	9.15	8.91	9.08	673961	31920162.000
08/16/2011	9.16	9.16	8.96	9.13	609104	28701610.000
08/17/2011	9.31	9.57	9.12	9.33	1876859	90907152.000
08/18/2011	9.39	9.39	9.16	9.25	624432	30131376.000
08/19/2011	8.97	9.30	8.97	9.30	696375	33272156.000
08/22/2011	9.33	9.66	9.32	9.59	1106984	55252480.000
08/23/2011	9.62	9.96	9.50	9.83	895580	45446784.000
08/24/2011	9.78	9.88	9.59	9.62	457411	23176480.000
08/25/2011	9.65	9.83	9.60	9.62	449146	22651898.000
08/26/2011	9.61	9.92	9.61	9.82	707559	36174332.000
08/29/2011	9.82	10.23	9.69	9.82	1056348	54974116.000
08/30/2011	9.78	9.84	9.60	9.60	328561	16681348.000
08/31/2011	9.60	9.64	9.31	9.60	304299	15038779.000
09/01/2011	9.49	9.76	9.44	9.47	191232	9520803.000
09/02/2011	9.39	9.48	9.33	9.37	221792	10865476.000
09/05/2011	9.29	9.34	9.09	9.17	276706	13282058.000
09/07/2011	9.14	9.29	9.09	9.26	251494	12072033.000
09/08/2011	9.29	9.33	8.90	8.95	212166	10118631.000
09/09/2011	8.95	9.06	8.89	9.01	221362	10366545.000
09/13/2011	8.99	9.09	8.89	9.03	142436	6713742.000
09/14/2011	9.06	9.10	8.94	9.06	167696	7899514.000
09/15/2011	9.09	9.38	9.08	9.29	549020	26608334.000
09/16/2011	9.37	9.37	9.00	9.05	370272	17657714.000
09/19/2011	9.00	9.06	8.80	8.90	137417	6417972.000
09/20/2011	8.90	9.00	8.82	8.96	69869	3254187.000
09/21/2011	8.96	9.20	8.90	9.12	305877	14558890.000
09/22/2011	9.07	9.07	8.84	8.84	111100	5203603.000
09/23/2011	8.80	8.89	8.61	8.80	141499	6473645.500
09/26/2011	8.86	8.89	8.67	8.79	144289	6645411.500
09/27/2011	8.84	8.88	8.63	8.80	124567	5732587.500
09/28/2011	8.82	8.87	8.59	8.59	369862	16925848.000
09/29/2011	8.60	8.72	8.45	8.60	299537	13473355.000
09/30/2011	8.49	8.70	8.41	8.62	132844	5975685.000
10/10/2011	8.69	8.82	8.60	8.68	106172	4821638.500
10/11/2011	8.86	8.97	8.78	8.81	227114	10545207.000
10/12/2011	8.80	9.36	8.77	9.36	342546	16446313.000
10/13/2011	9.36	9.68	9.29	9.48	653206	32220904.000
10/14/2011	9.47	9.47	9.16	9.32	296283	14365212.000
10/17/2011	9.37	10.04	9.37	9.60	954678	48255904.000
10/18/2011	9.40	9.58	9.15	9.16	497160	24244522.000
10/19/2011	9.27	9.55	9.22	9.30	420016	20566062.000
10/20/2011	9.20	9.35	8.92	9.11	311730	14810894.000
10/21/2011	9.04	9.13	8.62	8.70	452094	20907238.000
10/24/2011	8.76	9.29	8.51	9.15	514802	23884870.000
10/25/2011	9.15	9.68	9.09	9.50	1172324	58355208.000
10/26/2011	9.52	10.37	9.51	9.94	2466431	128644816.000
10/27/2011	9.93	10.16	9.71	9.85	1368452	70997384.000
10/28/2011	10.00	10.76	9.94	10.36	2649668	142429856.000
10/31/2011	10.34	11.27	10.22	10.77	5465942	179272480.000
11/01/2011	10.57	11.36	10.30	11.14	4669610	154996000.000
11/02/2011	10.77	12.13	10.75	12.06	6223489	214916112.000
11/03/2011	11.84	12.06	11.51	11.55	5386299	192759040.000
11/04/2011	11.46	11.81	10.77	11.09	5252194	179900160.000
11/07/2011	10.95	11.30	10.91	11.29	2883428	98017576.000
11/08/2011	11.44	11.50	11.10	11.12	2313287	79179864.000
11/09/2011	11.14	12.24	11.11	12.24	5764059	205796048.000
11/10/2011	12.11	12.24	11.78	11.80	6130221	222758784.000
11/11/2011	11.81	12.43	11.64	11.81	5740841	209200992.000
11/14/2011	11.93	12.27	11.84	12.05	3897781	143141216.000
11/15/2011	12.14	12.24	11.80	12.17	3211614	117428592.000
11/16/2011	12.15	12.16	11.54	11.61	2868465	103070296.000
11/17/2011	11.67	11.80	11.37	11.46	2391612	84187776.000
11/18/2011	11.36	11.56	11.04	11.11	2647370	90529040.000
11/21/2011	11.18	11.24	11.03	11.20	1554744	52663524.000
11/22/2011	11.17	11.47	11.06	11.24	2165809	74281784.000
11/23/2011	11.27	11.48	11.14	11.27	1887530	64996644.000
11/24/2011	11.11	11.50	11.06	11.31	2391543	82514112.000
11/25/2011	11.26	11.87	11.09	11.67	3525156	124456992.000
11/28/2011	11.61	12.01	11.58	11.74	2979944	107097232.000
11/29/2011	11.76	11.85	11.44	11.74	2557544	90208424.000
11/30/2011	11.74	11.80	10.84	11.03	2109195	72352824.000
12/01/2011	11.34	11.64	11.24	11.24	1946730	67585696.000
12/02/2011	11.17	11.36	10.74	11.07	1939940	64949368.000
12/05/2011	10.87	11.16	10.52	10.56	1376071	45291152.000
12/06/2011	10.46	10.91	10.24	10.71	1414197	45491228.000
12/07/2011	10.54	10.94	10.54	10.87	1388216	45683984.000
12/08/2011	10.81	11.46	10.71	11.32	3224238	109933088.000
12/09/2011	11.11	11.34	10.99	11.11	1470412	49830580.000
12/12/2011	11.11	11.37	11.01	11.14	1358779	46481048.000
12/13/2011	11.06	11.37	10.44	11.03	2299675	75807008.000
12/14/2011	10.85	10.91	10.44	10.49	2452975	79467680.000
12/16/2011	10.24	10.80	10.18	10.77	1588828	51062092.000
12/19/2011	10.77	11.26	10.51	11.11	2061351	68127584.000
12/20/2011	11.04	11.46	10.78	10.82	1905217	64280396.000
12/21/2011	10.87	11.01	10.65	10.71	1705510	56062936.000
12/22/2011	10.55	11.23	10.44	11.14	3017675	99739824.000
12/23/2011	11.05	11.20	10.84	10.92	1893525	63454508.000
12/26/2011	10.93	11.06	10.81	10.84	1053165	34886972.000
12/27/2011	10.77	10.90	10.44	10.51	1445263	47069492.000
12/28/2011	10.47	10.74	10.27	10.66	972562	31005048.000
12/29/2011	10.61	10.74	10.51	10.64	565542	18275100.000
12/30/2011	10.63	11.10	10.63	11.01	1252632	41889228.000
01/04/2012	11.08	11.44	11.01	11.02	1369579	46761740.000
01/05/2012	10.84	10.97	10.62	10.77	959157	31409272.000
01/06/2012	10.73	11.17	10.34	11.16	1199762	39205880.000
01/09/2012	11.11	11.63	11.04	11.61	1739215	60457440.000
01/10/2012	11.55	11.93	11.45	11.82	2415960	85975608.000
01/11/2012	11.74	11.98	11.52	11.74	1859866	66361232.000
01/12/2012	11.71	11.80	11.19	11.30	1660680	58286184.000
01/13/2012	11.30	11.34	10.67	10.77	2086694	68935352.000
01/16/2012	10.52	10.74	10.34	10.38	1019733	32570378.000
01/17/2012	10.38	10.74	10.05	10.67	806297	25709670.000
01/18/2012	10.67	10.67	9.59	9.59	2221731	68060896.000
01/19/2012	9.34	9.47	8.62	9.24	5483936	148790880.000
01/20/2012	9.15	9.37	9.07	9.14	1182910	33282854.000
01/30/2012	9.07	9.33	9.07	9.16	933356	26182798.000
01/31/2012	9.15	9.15	8.85	9.10	949160	25907302.000
02/01/2012	9.04	9.46	8.87	9.35	1698767	48169784.000
02/02/2012	9.25	9.51	9.19	9.47	950156	27179952.000
02/03/2012	9.47	9.58	9.39	9.48	863140	25033968.000
02/06/2012	9.46	9.48	9.30	9.40	1494301	42766788.000
02/07/2012	9.37	9.62	9.31	9.41	1433027	41191344.000
02/08/2012	9.33	9.50	9.25	9.49	2353349	67398296.000
02/09/2012	9.57	9.67	9.38	9.48	2620166	76243184.000
02/10/2012	9.45	9.45	9.26	9.32	2888461	82468712.000
02/13/2012	9.21	9.54	9.19	9.39	2308589	66359348.000
02/14/2012	9.47	9.56	9.37	9.43	1946444	56105752.000
02/15/2012	9.42	9.62	9.36	9.60	2973298	86494128.000
02/16/2012	9.63	10.34	9.63	9.97	4540238	138502512.000
02/17/2012	9.97	10.00	9.71	9.99	2151328	64686040.000
02/20/2012	10.14	10.17	9.73	9.82	2255938	68478664.000
02/21/2012	9.69	10.31	9.69	9.82	11896051	360054080.000
02/22/2012	9.84	10.22	9.70	10.14	7593166	230983536.000
02/23/2012	10.14	10.43	10.01	10.11	6251468	194220416.000
02/24/2012	10.11	10.43	9.98	10.21	5129907	159547360.000
02/27/2012	10.22	10.43	10.16	10.23	5110386	160541952.000
02/28/2012	10.19	10.62	10.18	10.60	6217922	196771536.000
02/29/2012	10.74	10.79	10.31	10.34	5492975	176858176.000
03/01/2012	10.22	10.29	10.03	10.16	2398351	74290272.000
03/02/2012	10.12	10.34	10.11	10.29	2150300	67202224.000
03/05/2012	10.31	10.60	10.29	10.39	3255797	103685144.000
03/06/2012	10.39	10.43	10.01	10.19	2831013	87993792.000
03/07/2012	10.04	10.18	9.93	9.97	2279256	69800640.000
03/08/2012	10.00	10.29	9.89	10.16	2156295	66390532.000
03/09/2012	10.17	10.34	10.11	10.28	2000514	62358512.000
03/12/2012	10.25	10.45	10.20	10.27	2711975	85236848.000
03/13/2012	10.30	10.37	10.21	10.34	2244120	70289944.000
03/14/2012	10.47	10.57	9.51	9.80	4481328	138367616.000
03/15/2012	9.75	9.83	9.41	9.47	2530222	73795352.000
03/16/2012	9.50	9.65	9.39	9.62	1559518	45465336.000
03/19/2012	9.63	9.78	9.57	9.75	1303845	38519736.000
03/20/2012	9.76	9.94	9.63	9.67	1742887	52137688.000
03/21/2012	9.74	9.80	9.47	9.61	1167584	34227796.000
03/22/2012	9.61	9.64	9.47	9.61	912828	26589136.000
03/23/2012	9.97	10.45	9.85	10.10	7501757	232028528.000
03/26/2012	10.16	10.16	9.71	9.76	2880414	86480448.000
03/27/2012	9.78	9.89	9.37	9.39	3446081	101043728.000
03/28/2012	9.33	9.33	8.85	8.93	2888870	79322600.000
03/29/2012	8.80	8.91	8.67	8.67	1771635	47462352.000
03/30/2012	8.71	8.77	8.39	8.44	1542870	40257460.000
04/05/2012	8.47	8.72	8.42	8.67	1390934	36702276.000
04/06/2012	8.71	8.79	8.59	8.76	1281795	34161792.000
04/09/2012	8.74	8.77	8.49	8.50	835210	21979940.000
04/10/2012	8.53	8.66	8.19	8.56	1315368	33890120.000
04/11/2012	8.46	8.57	8.28	8.48	825760	21376112.000
04/12/2012	8.52	8.95	8.49	8.93	2212530	59067184.000
04/13/2012	8.93	9.03	8.85	8.96	2048291	56058680.000
04/16/2012	8.84	8.95	8.77	8.83	819473	22122598.000
04/17/2012	8.86	8.94	8.68	8.68	1044643	28151454.000
04/18/2012	8.73	9.07	8.73	9.04	1978136	54230440.000
04/19/2012	8.94	9.04	8.90	8.96	976708	26740562.000
04/20/2012	8.91	9.06	8.89	9.01	1433993	39373048.000
04/23/2012	9.00	9.00	8.35	8.54	3429947	89603864.000
04/24/2012	8.47	8.69	8.37	8.56	1559731	40547424.000
04/26/2012	8.67	8.69	8.39	8.43	1342739	34857116.000
04/27/2012	8.49	8.57	8.36	8.51	771617	20021116.000
05/02/2012	8.61	8.69	8.51	8.64	1206662	31684310.000
05/03/2012	8.57	8.64	8.52	8.57	568675	14910410.000
05/04/2012	8.59	8.89	8.57	8.85	1522000	40801460.000
05/07/2012	8.80	9.06	8.73	9.05	1669085	45413840.000
05/08/2012	9.07	9.33	8.97	9.13	2143152	59857024.000
05/09/2012	9.04	9.04	8.87	8.90	1257465	34318388.000
05/10/2012	8.88	9.09	8.85	9.04	1048034	28843964.000
05/11/2012	9.12	9.39	9.09	9.20	2209692	62617648.000
05/14/2012	9.30	9.40	9.09	9.20	1593504	45117128.000
05/15/2012	9.11	9.46	9.01	9.36	1541265	43659932.000
05/16/2012	9.37	9.59	9.22	9.23	1499106	43154100.000
05/17/2012	9.23	9.36	9.15	9.30	594061	16782220.000
05/18/2012	9.27	9.30	8.98	9.04	1045295	29094290.000
05/21/2012	9.03	9.15	8.90	9.07	599316	16501542.000
05/22/2012	9.12	9.55	9.02	9.24	1314284	37257180.000
05/23/2012	9.19	9.26	9.05	9.17	733389	20468750.000
05/24/2012	9.09	9.17	8.94	8.95	852848	23514136.000
05/25/2012	8.99	9.06	8.74	8.78	779497	21026446.000
05/28/2012	8.77	8.93	8.65	8.89	587139	15856648.000
05/29/2012	8.89	9.02	8.77	9.02	1221700	16589843.000
05/30/2012	9.00	9.36	8.96	9.25	2610169	36530688.000
05/31/2012	9.21	9.46	9.06	9.37	2422677	34184524.000
06/01/2012	9.37	9.37	9.14	9.17	1276305	17854904.000
06/04/2012	9.05	9.09	8.73	8.73	1679494	22777346.000
06/05/2012	8.83	9.27	8.73	9.13	2284697	31167364.000
06/06/2012	9.14	9.16	8.78	8.87	2282255	31140252.000
06/07/2012	8.94	9.05	8.76	8.77	1017500	13726930.000
06/08/2012	8.85	8.91	8.51	8.51	2914980	38510988.000
06/11/2012	8.37	8.67	8.37	8.61	2284087	29619486.000
06/12/2012	8.57	8.57	8.40	8.45	1333440	17145894.000
06/13/2012	8.44	8.62	8.38	8.58	1273339	16425818.000
06/14/2012	8.61	8.81	8.50	8.73	2395114	31407730.000
06/15/2012	8.74	8.82	8.55	8.64	1167869	15354748.000
06/18/2012	8.69	9.09	8.62	8.85	2366520	31654276.000
06/19/2012	8.85	8.85	8.69	8.75	1438804	19134494.000
06/20/2012	8.73	8.95	8.72	8.83	2053519	27521802.000
06/21/2012	8.84	8.84	8.47	8.54	2155854	28015046.000
06/25/2012	8.55	8.55	8.25	8.26	1467521	18581920.000
06/26/2012	8.19	8.33	8.05	8.17	791597	9811357.000
06/27/2012	8.24	8.36	8.15	8.31	1643241	20638096.000
06/28/2012	8.36	8.43	8.17	8.17	1645783	20849596.000
06/29/2012	8.14	8.39	8.11	8.37	1088333	13687482.000
07/02/2012	8.38	8.54	8.38	8.43	1189483	15218312.000
07/03/2012	8.47	8.61	8.35	8.51	1436437	18464724.000
07/04/2012	8.56	8.63	8.44	8.63	2045931	26616184.000
07/05/2012	8.62	8.62	8.39	8.39	1406962	18061842.000
07/06/2012	8.48	8.49	7.97	8.39	4528995	56786240.000
07/09/2012	8.32	8.32	8.07	8.09	1508826	18683726.000
07/10/2012	8.21	8.83	8.21	8.64	4992355	65240740.000
07/11/2012	8.63	8.79	8.49	8.67	4945143	64994764.000
07/12/2012	8.68	9.15	8.55	9.13	5654997	75318800.000
07/13/2012	9.03	9.17	8.82	8.90	3554078	48426576.000
07/16/2012	8.84	9.12	8.72	8.73	4438872	60466080.000
07/17/2012	8.65	9.12	8.58	9.11	4297570	58184740.000
07/18/2012	9.07	9.17	8.83	9.11	3389599	46424388.000
07/19/2012	9.12	9.56	9.00	9.47	6030307	85898160.000
07/20/2012	9.32	9.74	9.32	9.48	3506962	50724860.000
07/23/2012	9.37	9.72	9.25	9.53	2630203	38056972.000
07/24/2012	9.45	9.66	9.39	9.57	2284910	33006256.000
07/25/2012	9.50	9.55	9.29	9.33	3737581	53015328.000
07/26/2012	9.33	9.46	9.20	9.24	2620456	37034144.000
07/27/2012	9.21	9.40	9.21	9.24	2068289	29183624.000
07/30/2012	9.28	9.61	9.21	9.41	2481995	35425916.000
07/31/2012	9.23	9.34	8.98	9.03	1673466	23117778.000
08/01/2012	9.01	9.66	9.01	9.66	3971804	57059844.000
08/02/2012	9.60	9.75	9.47	9.74	4312556	62999388.000
08/03/2012	9.71	10.10	9.71	9.95	5386076	81045864.000
08/06/2012	9.78	10.22	9.78	10.07	3827198	58416492.000
08/07/2012	10.09	10.41	9.92	9.97	5187041	79902608.000
08/08/2012	9.94	10.23	9.81	10.17	3077680	46518968.000
08/09/2012	10.10	10.19	9.83	10.12	3042413	46093804.000
08/10/2012	10.09	10.14	9.91	10.10	1705334	25915488.000
08/13/2012	10.09	10.11	9.81	9.85	2386830	35986372.000
08/14/2012	9.85	10.05	9.61	10.05	2563562	38259336.000
08/15/2012	10.05	10.13	9.70	9.81	2921463	43956580.000
08/16/2012	9.77	9.81	9.55	9.65	1687377	24695910.000
08/17/2012	9.59	9.77	9.51	9.75	2074527	30352612.000
08/20/2012	9.69	10.05	9.55	9.88	1695657	25305572.000
08/21/2012	9.91	10.29	9.84	10.29	4287653	65923816.000
08/22/2012	10.27	10.45	10.06	10.14	2622540	40784584.000
08/23/2012	10.12	10.27	9.99	10.13	1910579	29251210.000
08/24/2012	10.11	10.17	9.72	9.72	1522471	22854870.000
08/27/2012	9.64	9.97	9.24	9.77	2461922	35916000.000
08/28/2012	9.62	9.89	9.43	9.57	2690218	39535280.000
08/29/2012	9.56	9.67	9.37	9.46	3653385	52704340.000
08/30/2012	9.47	9.47	8.71	8.81	4958529	68487208.000
08/31/2012	8.75	9.24	8.75	9.11	2492540	33844832.000
09/03/2012	9.11	10.01	8.97	9.68	3484491	50430068.000
09/04/2012	9.68	10.01	9.59	9.83	3528317	52453724.000
09/05/2012	9.65	9.91	9.61	9.68	3524637	52011684.000
09/06/2012	9.71	10.00	9.67	9.99	2103768	31538480.000
09/07/2012	10.04	10.53	10.03	10.36	4339467	67641344.000
09/10/2012	10.36	10.39	10.05	10.18	4271952	66186468.000
09/11/2012	10.11	10.68	10.09	10.66	5746348	90109680.000
09/12/2012	10.67	10.67	10.28	10.54	2648008	41900416.000
09/13/2012	10.53	10.61	10.25	10.25	1643951	25927522.000
09/14/2012	10.41	10.61	10.03	10.24	2244827	34877132.000
09/17/2012	10.24	10.27	9.96	9.99	1728055	26367954.000
09/18/2012	9.92	10.37	9.92	10.12	1482301	22900996.000
09/19/2012	10.01	10.29	9.89	10.06	1588156	24115738.000
09/20/2012	10.04	10.15	9.65	9.68	1310192	19707432.000
09/21/2012	9.72	9.89	9.64	9.72	2366667	35050100.000
09/24/2012	9.71	10.31	9.61	10.17	3011774	45892408.000
09/25/2012	10.21	10.34	9.71	9.76	2258177	34421844.000
09/26/2012	9.70	9.92	9.51	9.81	2080322	30407576.000
09/27/2012	9.80	10.13	9.65	9.91	2481354	37351072.000
09/28/2012	9.84	10.23	9.79	10.15	1573012	23874782.000
10/08/2012	10.12	10.27	9.97	10.17	923400	14156443.000
10/09/2012	10.16	10.47	10.13	10.45	3164128	49499488.000
10/10/2012	10.43	10.47	10.25	10.46	2012126	31653528.000
10/11/2012	10.46	10.65	10.17	10.42	3115783	49309868.000
10/12/2012	10.44	10.87	10.17	10.29	1722875	27235256.000
10/15/2012	10.25	10.25	10.01	10.11	1388715	21159046.000
10/16/2012	10.12	10.54	10.03	10.45	1613642	25329180.000
10/17/2012	10.45	10.51	10.11	10.35	1432728	22381846.000
10/18/2012	10.41	10.71	10.33	10.63	1806299	28939650.000
10/19/2012	10.75	11.35	10.75	11.21	4651380	78167440.000
10/22/2012	11.23	11.57	11.08	11.51	3654655	62889412.000
10/23/2012	11.47	11.51	11.21	11.27	1965753	33679968.000
10/24/2012	11.13	11.31	10.97	11.05	1785369	29892340.000
10/25/2012	11.01	11.11	10.91	11.06	1172407	19515274.000
10/26/2012	10.98	11.05	10.64	10.67	2077272	33779420.000
10/29/2012	10.69	11.09	10.61	10.93	2658950	43833188.000
10/30/2012	10.92	11.21	10.87	11.11	2541626	42673816.000
10/31/2012	10.99	11.27	10.93	11.25	1154034	19455906.000
11/01/2012	11.28	11.63	11.18	11.39	1995770	34381072.000
11/02/2012	11.38	11.69	11.27	11.64	1616647	28173474.000
11/05/2012	11.63	11.63	11.24	11.25	1554016	26658518.000
11/06/2012	11.28	11.53	11.07	11.53	1337441	22755094.000
11/07/2012	11.47	11.60	11.35	11.36	1168802	20329012.000
11/08/2012	11.24	11.24	11.09	11.09	808313	13648347.000
11/09/2012	11.04	11.29	10.90	10.97	986836	16560268.000
11/12/2012	11.09	11.49	11.01	11.16	1104105	18812608.000
11/13/2012	11.11	11.41	11.01	11.39	1384792	23610218.000
11/14/2012	11.38	11.48	10.92	11.13	1426388	23965138.000
11/15/2012	11.13	11.13	10.61	10.67	1936510	31798304.000
11/16/2012	10.67	10.98	10.60	10.74	1160914	18987102.000
11/19/2012	10.70	11.01	10.57	10.77	1540662	25063874.000
11/20/2012	10.81	10.97	10.69	10.86	647152	10574816.000
11/21/2012	10.89	10.91	10.55	10.83	749314	12117988.000
11/22/2012	10.67	10.93	10.67	10.83	582293	9533652.000
11/23/2012	10.83	11.31	10.78	11.12	1412281	23641000.000
11/26/2012	11.24	11.31	10.91	10.91	693820	11633952.000
11/27/2012	10.97	10.97	10.31	10.31	2250149	35879776.000
11/28/2012	10.29	10.30	9.90	10.18	1586248	24030108.000
11/29/2012	10.17	10.36	10.11	10.31	778582	12118618.000
11/30/2012	10.25	10.64	10.21	10.49	676227	10769325.000
12/03/2012	10.42	10.53	9.97	10.17	837209	12824978.000
12/04/2012	10.04	10.27	9.99	10.17	758621	11571962.000
12/05/2012	10.07	10.64	10.07	10.54	1486781	23686844.000
12/06/2012	10.44	10.57	10.03	10.43	1606723	24821002.000
12/07/2012	10.31	10.73	10.13	10.64	1190067	19042286.000
12/10/2012	10.64	10.81	10.57	10.79	774917	12562252.000
12/11/2012	10.81	10.81	10.44	10.47	749711	12001044.000
12/12/2012	10.47	10.47	10.08	10.37	1897323	29499484.000
12/13/2012	10.25	10.35	10.06	10.07	702699	10813147.000
12/14/2012	10.09	10.67	10.09	10.57	1782065	28256764.000
12/17/2012	10.57	10.63	10.37	10.45	1092661	17349960.000
12/18/2012	10.38	10.65	10.38	10.65	957750	15320110.000
12/19/2012	10.71	11.04	10.71	10.91	1100083	18177912.000
12/20/2012	10.91	10.91	10.54	10.85	1772694	28575062.000
12/21/2012	10.73	10.93	10.61	10.83	838879	13696347.000
12/24/2012	10.87	11.07	10.78	10.95	986901	16385263.000
12/25/2012	10.95	11.44	10.84	11.13	1553365	26266842.000
12/26/2012	11.03	11.39	10.97	11.37	1752072	29400030.000
12/27/2012	11.25	11.34	10.83	10.87	2817906	46837704.000
12/28/2012	10.90	10.97	10.51	10.74	3594443	58272676.000
12/31/2012	10.77	11.29	10.77	11.11	4086843	68702192.000
01/04/2013	11.14	11.23	10.79	11.20	2983160	49659600.000
01/07/2013	11.09	11.30	10.84	10.98	3244005	54315092.000
01/08/2013	11.05	11.57	11.01	11.50	4043168	69038720.000
01/09/2013	11.45	11.97	11.31	11.96	5225981	91677352.000
01/10/2013	11.81	11.97	11.65	11.84	6187696	110282984.000
01/11/2013	11.77	11.91	11.49	11.49	3537378	62296848.000
01/14/2013	11.44	11.97	11.40	11.77	2314149	41292108.000
01/15/2013	11.72	12.31	11.68	12.09	4549766	82311744.000
01/16/2013	12.00	12.13	11.65	11.91	4002043	72130872.000
01/17/2013	11.91	12.47	11.87	12.34	4092306	75195800.000
01/18/2013	12.23	12.44	11.87	12.20	5707730	104839000.000
01/21/2013	12.27	12.84	12.19	12.84	3207839	61388572.000
01/22/2013	12.76	12.76	12.38	12.50	3211102	60643812.000
01/23/2013	12.43	12.89	12.19	12.47	2050757	39001428.000
01/24/2013	12.49	12.69	12.01	12.53	2901213	53910940.000
01/25/2013	12.49	12.70	12.38	12.61	2193507	41572384.000
01/28/2013	12.64	13.00	12.47	12.89	2087291	40425836.000
01/29/2013	12.91	13.57	12.84	13.35	2861533	57409328.000
01/30/2013	13.33	13.34	13.10	13.23	1497084	29809562.000
01/31/2013	13.11	13.24	12.79	12.89	1758038	34311036.000
02/01/2013	12.91	13.03	12.68	12.91	1108983	21632480.000
02/04/2013	12.91	12.91	12.27	12.34	3379116	63423208.000
02/05/2013	12.25	12.53	12.11	12.39	1715845	32159838.000
02/06/2013	12.37	12.82	12.32	12.50	1434121	27180578.000
02/07/2013	12.50	13.01	12.29	12.97	1864406	35848624.000
02/08/2013	13.03	13.24	12.90	13.03	1171688	23186028.000
02/18/2013	13.12	13.61	13.11	13.41	2648509	53441960.000
02/19/2013	13.37	13.47	12.87	13.10	1139266	22473690.000
02/20/2013	12.91	13.64	12.91	13.61	1507711	30499470.000
02/21/2013	13.38	14.09	13.04	13.61	2784227	57337932.000
02/22/2013	13.43	14.11	13.38	13.95	1646802	34465416.000
02/25/2013	13.95	14.54	13.86	13.89	1736732	37028188.000
02/26/2013	13.68	14.67	13.67	14.42	3475542	75264224.000
02/27/2013	14.37	14.47	13.77	14.21	2428043	51599220.000
02/28/2013	14.37	14.44	13.73	14.33	2709289	57343964.000
03/01/2013	14.41	14.41	14.01	14.15	1990440	42670248.000
03/04/2013	14.14	14.14	13.11	13.56	2732217	56065280.000
03/05/2013	13.57	14.09	13.25	14.09	2060184	42672432.000
03/06/2013	14.09	14.76	14.09	14.62	2757470	60482248.000
03/07/2013	14.76	14.76	14.17	14.41	1689857	36838296.000
03/08/2013	14.41	14.65	13.94	13.99	1326500	28654846.000
03/11/2013	13.91	14.20	13.53	14.18	1516325	31877434.000
03/12/2013	13.91	14.08	13.17	13.61	1829485	37346324.000
03/13/2013	13.56	13.56	13.16	13.38	718248	14441265.000
03/14/2013	13.37	13.57	13.25	13.54	721998	14674085.000
03/15/2013	13.56	14.02	13.11	13.81	1512015	31291092.000
03/18/2013	13.77	14.36	13.54	14.15	848650	17994048.000
03/19/2013	14.17	14.40	13.91	14.00	1358430	29009596.000
03/20/2013	14.01	14.51	13.98	14.49	837402	18125782.000
03/21/2013	14.49	14.81	14.36	14.61	973698	21502170.000
03/22/2013	14.57	14.67	14.09	14.62	1167868	25272878.000
03/25/2013	14.58	14.61	14.19	14.23	1140612	24658886.000
03/26/2013	14.14	14.34	13.84	13.96	1013858	21350910.000
03/27/2013	13.96	14.29	13.94	14.21	844295	17970518.000
03/28/2013	14.21	14.28	12.78	14.21	1453400	30583262.000
03/29/2013	14.27	14.27	13.77	13.96	794777	16756262.000
04/01/2013	13.96	14.71	13.91	14.51	1456708	31783118.000
04/02/2013	14.55	14.68	13.44	13.46	1442576	30523206.000
04/03/2013	13.46	14.39	13.46	14.39	2782437	58648000.000
04/08/2013	14.24	15.77	14.11	15.50	2633069	59706388.000
04/09/2013	15.25	16.04	15.11	15.69	1602816	37976340.000
04/10/2013	15.52	15.69	15.04	15.44	1455706	33724064.000
04/11/2013	15.56	15.64	15.07	15.28	1058495	24354884.000
04/12/2013	15.17	15.47	15.01	15.39	1576122	36368472.000
04/15/2013	15.27	16.44	15.27	16.43	3095037	74280288.000
04/16/2013	16.45	17.09	16.12	16.71	2261104	56251820.000
04/17/2013	16.57	17.61	16.45	17.37	3848233	98270648.000
04/18/2013	17.17	17.74	16.77	16.79	3788478	98477000.000
04/19/2013	16.73	17.31	16.71	17.06	1958147	50293636.000
04/22/2013	16.83	18.56	16.81	18.38	4377172	118949248.000
04/23/2013	18.24	18.24	17.03	17.11	7269960	193377552.000
04/24/2013	17.14	18.24	17.12	18.04	5739999	154546352.000
04/25/2013	18.09	18.29	16.78	16.85	5116975	135141888.000
04/26/2013	16.91	17.35	16.19	16.25	4298948	107119344.000
05/02/2013	16.17	17.65	15.91	17.46	5435448	138605792.000
05/03/2013	17.63	19.15	17.55	19.11	5892408	161058624.000
05/06/2013	19.09	19.31	18.44	18.68	6912799	195291296.000
05/07/2013	18.56	19.09	17.91	18.27	7954076	146568000.000
05/08/2013	18.39	20.05	18.29	19.68	10646916	203799952.000
05/09/2013	19.31	19.51	18.79	19.04	11339105	216548736.000
05/10/2013	18.79	18.79	17.46	17.74	9563467	172960928.000
05/13/2013	17.72	18.36	17.46	18.26	6543587	117497776.000
05/14/2013	18.04	18.12	17.01	17.24	5674417	99568008.000
05/15/2013	17.31	18.22	17.22	18.09	9275633	163881952.000
05/16/2013	18.68	19.90	18.67	19.41	25537212	495238336.000
05/17/2013	19.04	21.36	18.96	21.36	17452146	357182720.000
05/20/2013	21.46	22.76	20.40	22.44	15697037	341419968.000
05/21/2013	21.96	23.85	21.71	23.26	8864180	200498016.000
05/22/2013	22.76	22.76	21.05	21.86	10062451	221702992.000
05/23/2013	21.88	23.16	21.87	22.74	10590527	239232816.000
05/24/2013	22.74	24.98	22.34	24.31	11843016	279894592.000
05/27/2013	24.05	25.32	23.83	24.39	10362501	256750896.000
07/30/2013	26.83	26.83	26.83	26.83	7974135	214265008.000
07/31/2013	27.95	29.24	25.66	28.19	17316537	477170432.000
08/01/2013	27.43	31.01	27.43	31.01	11661940	350783104.000
08/02/2013	32.66	32.73	30.49	30.68	15679788	498947136.000
08/05/2013	30.36	31.07	29.67	30.15	9294338	283635968.000
08/06/2013	29.96	31.61	29.91	30.98	13418130	413651648.000
08/07/2013	30.47	30.75	29.11	29.71	8388904	250373840.000
08/08/2013	29.45	30.35	28.71	29.25	5247897	155385600.000
08/09/2013	29.29	30.34	28.32	29.85	7375233	216350224.000
08/12/2013	29.36	29.96	27.36	28.67	7074618	202393744.000
08/13/2013	28.26	29.70	27.58	28.46	4088129	117869368.000
08/14/2013	28.67	29.60	27.81	29.19	4231218	122436048.000
08/15/2013	28.44	30.64	28.35	29.14	4355713	129639736.000
08/16/2013	28.77	30.46	27.84	28.04	3891089	113667624.000
08/19/2013	27.96	30.25	27.81	29.73	5144178	151309360.000
08/20/2013	29.64	30.44	28.66	28.96	4670215	136724192.000
08/21/2013	29.12	29.66	28.71	28.94	3203021	93486736.000
08/22/2013	28.99	29.96	28.66	29.41	4057197	119351048.000
08/23/2013	29.54	32.36	29.22	32.36	11828378	375826976.000
08/26/2013	32.81	34.84	32.39	33.95	10352064	346836992.000
08/27/2013	33.26	33.87	32.31	33.70	6057597	200558576.000
08/28/2013	33.46	34.95	32.36	32.36	6755872	228425520.000
08/29/2013	31.76	34.16	31.37	33.94	5333487	177400896.000
08/30/2013	33.66	33.66	30.96	32.46	4091881	132461272.000
09/02/2013	31.95	33.40	31.41	32.45	3478495	112308928.000
09/03/2013	32.96	34.46	32.56	33.41	4281045	143705360.000
09/04/2013	33.50	34.21	32.06	34.13	5260370	174745200.000
09/05/2013	33.26	36.46	33.26	35.88	9149648	323773408.000
09/06/2013	35.36	35.96	34.22	35.16	5431291	191349680.000
09/09/2013	34.86	34.86	33.18	33.96	5299859	179948096.000
09/10/2013	33.51	33.96	32.13	32.86	4256327	139597920.000
09/11/2013	32.66	32.66	29.59	30.55	5100822	157211168.000
09/12/2013	30.55	31.93	30.02	30.94	3294813	102279248.000
09/13/2013	30.66	33.85	30.11	33.26	4266242	137053328.000
09/16/2013	33.26	36.14	33.26	34.42	7696542	268461984.000
09/17/2013	34.85	35.21	33.26	34.52	4854613	166264448.000
09/18/2013	34.00	35.93	33.26	34.87	5421991	190339264.000
09/23/2013	34.46	38.36	33.86	38.36	6263774	231315664.000
09/24/2013	38.76	40.24	36.92	39.83	10765963	420258688.000
09/25/2013	38.66	40.93	38.38	38.90	9039255	357495648.000
09/26/2013	38.22	38.84	36.61	37.26	8148661	304572224.000
09/27/2013	37.11	38.95	35.18	38.32	8792881	328479456.000
09/30/2013	38.36	41.81	37.43	40.45	8666820	347934816.000
10/08/2013	39.23	40.21	37.72	38.95	7050542	276406464.000
10/09/2013	38.57	40.09	37.76	39.18	7442923	290768288.000
10/10/2013	39.19	39.21	35.26	36.11	12557948	460650624.000
10/11/2013	36.25	36.25	32.58	33.57	17012626	576845888.000
10/14/2013	33.46	34.44	33.02	34.15	7989272	270724800.000
10/15/2013	34.16	35.16	32.54	33.56	8579286	293684576.000
10/16/2013	33.47	33.47	30.34	31.12	14066582	435443840.000
10/17/2013	30.96	32.46	30.40	32.06	8991072	283030304.000
10/18/2013	31.94	33.96	31.76	33.35	5820407	194085488.000
10/21/2013	33.46	35.36	32.13	34.66	10367585	346169408.000
10/22/2013	33.97	34.24	31.19	31.62	13090962	419775584.000
10/23/2013	31.16	32.64	29.88	32.04	5329346	169863616.000
10/24/2013	31.76	32.92	30.46	31.11	5014541	159790240.000
11/05/2013	28.00	30.82	28.00	30.71	11266877	329006400.000
11/06/2013	29.97	32.21	29.57	29.96	6609584	204876048.000
11/07/2013	30.00	31.05	28.62	29.97	2489063	74862304.000
11/08/2013	28.97	30.81	28.97	29.97	2203661	66627616.000
11/13/2013	29.96	30.76	27.09	29.65	6079608	177173648.000
11/14/2013	28.97	31.08	28.16	30.68	6240514	187787584.000
11/15/2013	30.55	31.62	30.18	30.56	5095966	157954704.000
11/18/2013	30.83	31.20	30.26	30.52	4121339	126856928.000
11/19/2013	30.64	32.06	30.36	31.10	5087375	159613232.000
11/20/2013	31.17	31.55	30.13	30.56	3738281	114689648.000
11/21/2013	30.28	30.79	29.72	30.26	5173664	156810672.000
11/22/2013	30.13	30.13	29.11	29.42	5440198	160683760.000
11/25/2013	29.26	29.78	28.84	29.08	3645279	106750688.000
11/26/2013	28.87	29.29	27.57	27.74	5900012	165801088.000
11/27/2013	27.73	30.44	27.66	29.42	7748438	226858208.000
11/28/2013	30.15	30.76	29.74	30.42	7052311	213543552.000
11/29/2013	30.46	32.84	30.26	31.97	7990815	252701808.000
12/02/2013	29.96	33.71	29.07	30.71	11739206	368585440.000
12/03/2013	29.91	30.42	27.64	29.68	6338312	186377392.000
12/04/2013	29.56	31.31	29.06	29.81	6041055	184804016.000
12/05/2013	29.42	29.94	27.59	28.31	6088770	174360944.000
12/06/2013	27.82	29.16	27.26	28.29	4163092	117179184.000
12/09/2013	29.33	29.86	28.34	29.67	7567594	221173408.000
12/10/2013	29.48	29.90	28.86	29.43	4318179	126692264.000
12/11/2013	29.01	30.84	28.56	30.13	5758275	172631792.000
12/12/2013	30.01	33.15	29.71	32.53	9888545	319205440.000
12/13/2013	32.06	33.22	31.27	31.86	6137816	197758288.000
12/16/2013	31.96	32.93	30.54	31.20	5581071	176667440.000
12/17/2013	31.16	31.45	29.85	30.73	4172632	126780056.000
12/18/2013	30.50	30.50	27.66	29.85	3366345	99813488.000
12/19/2013	29.57	31.71	29.46	29.95	5277594	162380944.000
12/20/2013	30.06	30.55	29.37	30.16	2153100	64690944.000
12/23/2013	29.58	30.06	28.18	29.87	4747481	137767680.000
12/24/2013	29.41	30.11	28.93	29.50	2312043	68493864.000
12/25/2013	29.76	30.51	29.36	30.44	3502518	105487088.000
12/26/2013	30.34	30.95	29.94	29.96	3799547	116218000.000
12/27/2013	29.76	30.41	29.56	30.01	3393607	102190416.000
12/30/2013	29.96	31.26	29.84	30.69	3085296	94283408.000
12/31/2013	31.02	32.46	30.70	31.86	5205249	165467232.000
01/02/2014	31.85	32.43	31.11	32.18	3754004	119760176.000
01/03/2014	32.19	33.16	31.65	32.86	7016663	228415504.000
01/06/2014	32.52	32.64	30.84	30.88	5431004	172383872.000
01/07/2014	30.51	31.28	30.37	30.86	4078159	126212376.000
01/08/2014	31.58	33.95	31.56	33.95	16228863	548000704.000
01/09/2014	33.96	36.06	33.95	34.45	14402113	504010368.000
01/10/2014	34.35	35.34	33.84	33.96	7214968	249000704.000
01/13/2014	33.96	35.86	33.16	34.66	9790657	341037600.000
01/14/2014	34.46	35.27	34.26	34.91	7208582	251673088.000
01/15/2014	34.64	36.24	34.48	36.24	7346031	262998128.000
01/16/2014	35.78	36.78	33.96	34.26	10065825	353622240.000
01/17/2014	34.09	35.26	33.96	33.96	6432434	223062736.000
01/20/2014	33.57	35.06	32.97	34.26	7254862	249279632.000
01/21/2014	34.40	37.69	34.40	37.68	10725947	394537472.000
01/22/2014	37.12	39.46	36.97	39.00	9507543	368463072.000
01/23/2014	38.86	41.46	37.95	39.46	8474223	339456096.000
01/24/2014	39.45	41.14	38.14	40.06	6909557	277174400.000
01/27/2014	38.96	40.86	38.14	38.54	6949768	272220352.000
01/28/2014	38.53	38.84	36.64	37.77	6831607	255183664.000
01/29/2014	38.06	38.45	37.37	38.24	5349137	203475840.000
01/30/2014	38.21	40.46	37.96	39.58	5364418	212877392.000
02/07/2014	39.53	40.70	39.06	40.03	3834314	153142048.000
02/10/2014	40.06	40.31	38.96	39.44	5383093	212766720.000
02/11/2014	39.65	39.65	35.96	37.44	9100079	342134176.000
02/12/2014	36.96	37.05	35.22	36.49	7626362	275931360.000
02/13/2014	36.66	36.66	34.36	34.61	6749882	238276992.000
02/14/2014	34.49	35.72	34.46	35.46	4874274	172536432.000
02/17/2014	35.53	36.13	34.94	36.01	5598430	198875936.000
02/18/2014	35.76	35.88	34.78	34.86	3294940	115537000.000
02/19/2014	34.58	34.58	33.46	34.26	5614283	191049584.000
02/20/2014	34.28	35.54	33.37	34.89	6502558	223070144.000
02/21/2014	34.90	35.55	34.52	35.54	3927347	138334608.000
02/24/2014	35.19	36.02	35.06	35.58	4302098	153145872.000
02/25/2014	36.06	38.43	35.47	36.37	10329420	382341216.000
02/26/2014	36.35	38.03	34.76	37.46	7918885	291867456.000
02/27/2014	37.36	38.89	33.72	35.02	7688849	285590976.000
02/28/2014	34.02	34.44	31.51	33.96	11441026	370597536.000
03/03/2014	32.86	33.02	31.56	32.14	9334446	301450656.000
03/04/2014	31.75	32.91	31.64	32.26	4881998	158371328.000
03/05/2014	32.21	32.45	30.96	31.04	5568074	174535408.000
03/06/2014	31.05	31.06	29.31	30.38	7639330	230087488.000
03/07/2014	30.39	31.73	30.26	31.32	5845754	181723824.000
03/10/2014	30.66	30.66	29.46	30.08	6153128	183790128.000
03/11/2014	29.78	30.06	29.66	29.66	3882202	115833032.000
03/12/2014	29.71	30.66	29.68	30.21	3198754	97025232.000
03/13/2014	30.44	31.24	29.96	31.16	3621941	111584584.000
03/14/2014	30.78	32.46	30.64	31.61	4091982	130534424.000
03/17/2014	31.54	32.41	31.31	32.07	2788187	89228016.000
03/18/2014	32.85	32.85	31.32	31.81	4181149	133119104.000
03/19/2014	31.46	31.46	29.38	29.89	8815437	264028288.000
03/20/2014	29.64	29.66	26.90	26.90	14950261	417206848.000
03/21/2014	26.35	26.74	25.74	26.57	11820268	310548864.000
03/24/2014	26.35	26.40	25.48	25.64	10232877	264751120.000
03/25/2014	25.54	26.29	25.36	26.25	7653413	199531648.000
03/26/2014	25.97	26.83	25.66	26.80	8373720	221415024.000
03/27/2014	26.84	26.86	24.12	24.36	14435033	362247296.000
03/28/2014	24.08	24.39	22.99	23.76	11634189	275573728.000
03/31/2014	23.88	23.91	23.24	23.52	7270384	172199056.000
04/01/2014	23.52	25.39	23.45	25.00	12158100	299158464.000
04/02/2014	25.00	25.48	24.58	25.13	11206571	280216320.000
04/03/2014	25.15	25.37	24.71	25.02	5672127	142411616.000
04/04/2014	24.96	26.24	24.41	26.07	9968532	252091984.000
04/08/2014	25.50	25.81	24.93	25.67	10572512	268542336.000
04/09/2014	25.56	26.53	25.56	25.80	8866621	231329248.000
04/10/2014	25.88	26.24	25.50	26.06	6856951	178458048.000
04/11/2014	25.69	25.89	25.17	25.56	5833760	149199888.000
04/14/2014	25.56	25.81	25.36	25.69	4257324	109238792.000
04/15/2014	25.47	25.54	24.55	24.85	5415569	135834640.000
04/16/2014	24.90	25.21	24.67	25.04	3339800	83484296.000
04/17/2014	25.21	25.71	25.02	25.33	4988737	126777184.000
04/18/2014	25.27	25.47	25.17	25.35	2104895	53349576.000
04/21/2014	25.06	25.88	24.97	25.42	3553580	90970224.000
04/23/2014	24.74	24.76	24.16	24.38	4007775	98107328.000
04/24/2014	24.38	24.45	22.87	23.53	7214684	169616816.000
04/25/2014	23.17	23.94	23.04	23.47	3888921	91346088.000
04/28/2014	23.08	24.06	23.07	23.36	6139959	145120048.000
04/29/2014	23.18	24.61	23.17	24.60	6512479	158206336.000
04/30/2014	24.62	26.75	24.53	26.16	8375735	217213792.000
05/05/2014	25.96	26.63	25.75	26.20	5855407	153030992.000
05/06/2014	26.34	26.43	25.77	26.06	6462640	169086656.000
05/07/2014	25.91	25.94	24.68	24.68	4138423	104787040.000
05/08/2014	24.56	25.31	24.31	24.32	3851164	95527888.000
05/09/2014	24.57	24.70	23.45	24.39	4979714	120042848.000
05/12/2014	24.37	25.32	23.96	25.22	4130567	102274256.000
05/13/2014	25.30	25.86	25.04	25.31	4401181	112234328.000
05/14/2014	25.35	25.46	24.77	25.02	1810226	45419912.000
05/15/2014	25.06	26.11	24.94	25.66	8557265	220803312.000
05/16/2014	25.76	25.97	24.66	25.15	4752034	121107824.000
05/19/2014	24.94	25.66	23.96	24.94	4441399	110255328.000
05/20/2014	25.07	25.96	25.07	25.29	4855637	124388000.000
05/21/2014	25.29	26.34	24.96	26.33	6102486	158207824.000
05/22/2014	26.33	28.36	26.32	26.85	13646200	372732480.000
05/23/2014	26.71	28.29	26.42	27.92	10592099	291343456.000
05/26/2014	27.76	28.81	27.66	27.89	7844730	221144576.000
05/27/2014	27.80	28.21	27.51	27.67	4140983	115443136.000
05/28/2014	27.67	29.95	27.66	29.50	11443115	329054944.000
05/29/2014	29.26	29.92	28.36	28.56	7941748	230967888.000
05/30/2014	28.47	28.88	27.86	28.75	5028045	142703136.000
06/03/2014	28.36	29.85	28.27	29.40	6650831	195959520.000
06/04/2014	29.15	29.38	28.59	28.81	6581097	190430448.000
06/05/2014	28.93	30.46	28.70	30.21	8357795	250423696.000
06/06/2014	30.51	30.60	29.21	29.99	5871082	175764368.000
06/09/2014	29.76	30.16	28.46	28.60	6117381	178739744.000
06/10/2014	28.63	30.30	27.96	30.27	7609121	223754528.000
06/11/2014	29.51	30.94	29.49	30.62	6047738	183116784.000
06/12/2014	30.46	31.40	30.27	30.97	7704021	239410960.000
06/13/2014	30.99	31.91	30.53	31.80	5476990	171712928.000
06/16/2014	31.64	32.43	31.13	31.53	4961971	157290864.000
06/17/2014	31.45	31.49	30.02	31.00	4999127	153272688.000
06/18/2014	30.75	31.16	29.60	29.97	5213449	156809584.000
06/19/2014	29.90	30.33	28.38	28.81	4950294	145121360.000
06/20/2014	28.85	30.14	28.85	29.19	5683426	167081312.000
06/23/2014	29.36	31.10	29.21	30.60	4969196	151229424.000
06/24/2014	30.87	31.87	30.56	31.40	4056350	127424984.000
06/25/2014	31.40	31.48	30.45	30.94	3381623	104225440.000
06/26/2014	30.70	32.20	30.70	31.62	3614842	114873560.000
06/27/2014	31.68	32.03	31.30	31.65	3405210	108063696.000
06/30/2014	31.31	31.96	30.51	31.95	3241041	101529296.000
07/01/2014	32.30	32.30	30.91	31.03	5354291	167276736.000
07/02/2014	31.11	31.25	30.02	30.49	5555213	169430512.000
07/03/2014	30.45	30.80	29.88	30.05	3666890	110914240.000
07/04/2014	30.16	30.30	29.55	30.28	3169561	94636680.000
07/07/2014	30.29	30.40	29.05	29.65	5508820	162360448.000
07/08/2014	29.55	30.77	29.13	30.68	6134012	185033504.000
07/09/2014	30.50	30.80	29.00	29.16	5407769	160323056.000
10/09/2014	32.08	32.08	32.08	32.08	126155	4047052.500
10/10/2014	35.29	35.29	33.18	34.94	28357102	970721984.000
10/13/2014	34.50	34.58	33.39	33.68	14396200	489533376.000
10/14/2014	33.25	34.57	33.25	33.34	9597221	326266592.000
10/15/2014	33.65	33.98	33.37	33.80	4976259	167827584.000
10/16/2014	33.79	33.79	32.38	33.20	13909038	459203680.000
10/17/2014	32.90	33.00	32.63	32.66	4050211	132923544.000
10/20/2014	32.95	32.95	32.10	32.30	6040487	195498848.000
10/21/2014	32.26	32.27	31.39	31.84	6525125	207118320.000
10/22/2014	31.65	32.41	31.64	32.15	6105311	195983936.000
10/23/2014	32.14	32.65	31.80	31.88	5000642	161476720.000
10/24/2014	32.50	32.68	31.77	31.80	3477237	111969920.000
10/27/2014	31.26	31.30	30.21	31.30	5573708	171068512.000
10/28/2014	31.30	32.56	31.11	32.23	5702636	183160944.000
10/29/2014	32.24	32.50	31.95	32.10	4651617	149584320.000
10/30/2014	32.27	32.40	31.81	31.92	4262092	136657312.000
10/31/2014	31.92	32.07	30.44	30.75	7966723	246697920.000
数据来源:通达信
