300191 潜能恒信 日线
      日期	    开盘	    最高	    最低	    收盘	    成交量	    成交额
03/16/2011	11.09	11.34	10.72	10.79	11696821	518641024.000
03/17/2011	10.54	10.68	10.33	10.48	4547101	193916720.000
03/18/2011	10.76	11.09	10.74	10.79	3949624	174759888.000
03/21/2011	11.04	11.49	10.97	11.43	4980376	227052224.000
03/22/2011	11.39	11.56	11.24	11.34	3204952	147606336.000
03/23/2011	11.35	11.56	11.22	11.41	2293576	105722808.000
03/24/2011	11.41	11.45	11.23	11.27	1452233	66545280.000
03/25/2011	11.28	11.32	10.99	11.00	1965934	88378192.000
03/28/2011	10.97	11.00	10.59	10.67	1640208	71621592.000
03/29/2011	10.59	10.63	10.22	10.26	1586601	66726960.000
03/30/2011	10.25	10.49	10.21	10.31	1100845	46261740.000
03/31/2011	10.24	10.38	9.99	9.99	1124032	46501520.000
04/01/2011	10.02	10.15	9.81	10.06	884653	35831740.000
04/06/2011	9.97	9.98	9.81	9.85	705445	28333828.000
04/07/2011	9.89	10.05	9.85	9.97	666964	27019076.000
04/08/2011	9.94	10.05	9.92	10.00	655586	26628250.000
04/11/2011	9.98	10.04	9.69	9.69	969860	38828772.000
04/12/2011	9.60	9.66	9.57	9.61	842423	32893340.000
04/13/2011	9.61	9.89	9.59	9.80	810121	32194210.000
04/14/2011	9.80	9.82	9.63	9.68	509952	20064932.000
04/15/2011	9.64	9.68	9.54	9.67	457837	17897984.000
04/18/2011	9.69	9.77	9.60	9.73	436931	17244274.000
04/19/2011	9.72	9.80	9.64	9.77	469388	18559008.000
04/20/2011	9.74	10.01	9.70	10.01	748830	30114160.000
04/21/2011	9.97	10.29	9.85	9.91	660761	26906094.000
04/22/2011	9.98	10.15	9.89	9.96	795392	32309888.000
04/25/2011	9.90	10.03	9.55	9.55	771936	30818698.000
04/26/2011	9.57	9.59	9.14	9.28	737994	27930304.000
04/27/2011	9.31	9.31	9.09	9.19	336328	12593684.000
04/28/2011	9.21	9.33	8.94	8.95	416298	15460599.000
04/29/2011	8.95	9.07	8.92	9.03	255144	9363017.000
05/03/2011	9.04	9.09	8.89	9.07	346071	12657732.000
05/04/2011	9.04	9.04	8.75	8.76	538149	19497856.000
05/05/2011	8.76	8.88	8.69	8.84	315294	11318233.000
05/06/2011	8.77	8.98	8.72	8.94	329412	11881084.000
05/09/2011	8.98	8.98	8.79	8.85	328356	11905023.000
05/10/2011	8.85	8.93	8.80	8.90	175356	6335140.500
05/11/2011	8.91	8.96	8.85	8.95	222095	8055809.500
05/12/2011	8.93	8.98	8.72	8.72	269600	9717590.000
05/13/2011	8.72	8.78	8.59	8.68	395840	13927872.000
05/16/2011	8.67	8.73	8.59	8.65	207292	7329574.000
05/17/2011	8.68	8.68	8.47	8.58	347530	12147412.000
05/18/2011	8.58	8.62	8.51	8.59	155287	5421714.500
05/19/2011	8.61	8.72	8.57	8.69	212416	7490095.500
05/20/2011	8.65	8.69	8.39	8.46	255581	8860044.000
05/23/2011	8.39	8.40	7.97	7.99	421930	14008770.000
05/24/2011	7.94	8.26	7.94	8.22	307014	10169075.000
05/25/2011	8.14	8.22	7.95	7.95	178804	5886247.000
05/26/2011	7.90	8.05	7.74	7.84	177697	5696824.500
05/27/2011	7.80	8.09	7.73	8.09	216969	6961738.500
05/30/2011	7.91	7.94	7.61	7.82	584123	18600530.000
05/31/2011	7.76	7.88	7.64	7.86	368909	11693183.000
06/02/2011	7.81	7.81	7.59	7.67	345695	10827897.000
06/03/2011	7.67	7.92	7.67	7.84	328229	10480204.000
06/07/2011	7.83	7.93	7.83	7.85	243434	7826100.500
06/08/2011	7.86	7.89	7.73	7.89	222436	7100928.000
06/09/2011	7.92	7.95	7.79	7.81	277112	8924888.000
06/10/2011	7.81	8.05	7.81	8.05	445320	14421071.000
06/13/2011	8.03	8.17	7.97	8.15	365791	12069115.000
06/14/2011	8.08	8.19	8.04	8.09	245080	8072259.000
06/15/2011	8.05	8.09	7.97	7.98	226207	7404058.000
06/16/2011	7.99	8.04	7.82	7.84	281189	9075779.000
06/17/2011	7.72	7.89	7.63	7.64	230700	7277013.000
06/20/2011	7.59	7.66	7.30	7.34	324860	9878070.000
06/21/2011	7.40	7.42	7.26	7.36	403501	12075796.000
06/22/2011	7.37	7.37	7.02	7.02	916679	26833952.000
06/23/2011	7.01	7.31	7.01	7.23	824979	24330278.000
06/24/2011	7.28	7.56	7.22	7.54	954859	28965044.000
06/27/2011	7.55	7.75	7.47	7.64	851386	26584166.000
06/28/2011	7.68	7.74	7.55	7.69	541945	16890146.000
06/29/2011	7.62	7.79	7.57	7.59	508317	15946343.000
06/30/2011	7.59	7.74	7.57	7.69	294461	9234500.000
07/01/2011	7.64	7.89	7.63	7.83	450330	14326841.000
07/04/2011	7.83	7.95	7.83	7.93	659433	21217078.000
07/05/2011	7.93	8.06	7.85	7.97	419465	13654875.000
07/06/2011	8.06	8.46	8.06	8.46	1432372	48373660.000
07/07/2011	8.34	8.72	8.27	8.49	1249663	43275888.000
07/08/2011	8.46	8.56	8.39	8.47	568665	19593542.000
07/11/2011	8.47	8.66	8.40	8.64	609691	21179766.000
07/12/2011	8.54	8.62	8.40	8.44	553092	19166328.000
07/14/2011	8.81	8.99	8.68	8.79	1144239	41107516.000
07/15/2011	8.72	8.90	8.72	8.84	685173	24645896.000
07/18/2011	8.94	8.94	8.70	8.74	598576	21379438.000
07/19/2011	8.68	8.73	8.50	8.56	717295	25055204.000
07/20/2011	8.59	8.66	8.37	8.43	728862	25200146.000
07/21/2011	8.40	8.56	8.38	8.50	777019	26835830.000
07/22/2011	8.49	8.86	8.44	8.71	927159	32825154.000
07/25/2011	8.64	9.22	8.59	8.84	1523060	55274888.000
07/26/2011	8.85	8.94	8.68	8.87	822211	29435476.000
07/27/2011	8.84	9.41	8.79	9.36	1623820	60900708.000
07/28/2011	9.32	9.49	9.16	9.28	1243147	47033092.000
07/29/2011	9.27	9.33	8.96	8.98	886017	32854586.000
08/01/2011	9.02	9.25	8.98	9.08	607809	22606600.000
08/02/2011	8.98	9.09	8.73	8.99	636676	22984032.000
08/03/2011	8.84	9.19	8.78	9.12	658393	24265156.000
08/04/2011	9.09	9.17	8.86	8.89	561428	20481236.000
08/05/2011	8.57	8.70	8.34	8.50	731579	25601612.000
08/08/2011	8.25	8.37	7.87	8.13	813729	26907864.000
08/09/2011	7.96	8.13	7.74	8.01	548855	17862348.000
08/10/2011	8.10	8.33	8.10	8.12	523676	17547206.000
08/11/2011	7.95	8.32	7.84	8.30	609033	20250402.000
08/12/2011	8.34	8.54	8.30	8.37	653142	22376924.000
08/15/2011	8.39	8.56	8.34	8.56	499162	17245100.000
08/16/2011	8.57	8.59	8.42	8.47	386227	13396909.000
08/17/2011	8.41	8.55	8.40	8.46	315131	10881942.000
08/18/2011	8.51	8.54	8.25	8.27	281076	9612702.000
08/19/2011	8.20	8.20	8.01	8.09	423178	13954897.000
08/22/2011	8.12	8.38	8.04	8.29	364686	12283774.000
08/23/2011	8.27	8.70	8.27	8.69	857036	29815156.000
08/24/2011	8.78	8.89	8.70	8.74	903705	32361240.000
08/25/2011	8.77	8.84	8.52	8.66	804059	28351168.000
08/26/2011	8.59	8.72	8.39	8.72	952067	33223490.000
08/29/2011	8.67	8.71	8.56	8.66	726057	25567430.000
08/30/2011	8.67	8.75	8.32	8.32	650721	22708406.000
08/31/2011	8.36	8.38	8.04	8.08	652609	21716230.000
09/01/2011	8.17	8.19	8.06	8.06	268613	8887943.000
09/02/2011	8.06	8.10	7.92	7.94	244470	7973836.500
09/05/2011	7.86	7.86	7.70	7.74	264201	8373699.000
09/06/2011	7.65	7.79	7.64	7.70	194303	6116580.000
09/07/2011	7.79	7.86	7.71	7.84	227106	7227857.000
09/08/2011	7.87	7.90	7.65	7.65	239544	7628293.000
09/09/2011	7.72	7.81	7.64	7.65	201658	6348822.000
09/13/2011	7.58	7.64	7.46	7.52	152242	4682482.000
09/14/2011	7.77	7.77	7.53	7.69	139881	4349103.000
09/15/2011	7.69	7.77	7.66	7.70	125194	3946675.250
09/16/2011	7.77	7.77	7.65	7.65	134469	4227163.000
09/19/2011	7.69	7.69	7.40	7.41	148406	4523209.500
09/20/2011	7.41	7.63	7.34	7.60	210111	6470663.500
09/21/2011	7.62	7.84	7.54	7.82	262442	8301983.000
09/22/2011	7.82	7.84	7.66	7.69	223300	7067228.500
09/23/2011	7.59	7.67	7.48	7.62	122276	3773313.250
09/26/2011	7.54	7.65	7.49	7.52	103499	3192340.000
09/27/2011	7.59	7.65	7.49	7.57	82951	2559179.750
09/28/2011	7.58	7.67	7.45	7.47	109400	3373039.000
09/29/2011	7.39	7.46	7.24	7.28	211213	6330831.000
09/30/2011	7.32	7.36	7.23	7.29	81012	2409159.750
10/10/2011	7.29	7.38	7.25	7.29	70314	2097682.000
10/11/2011	7.46	7.47	7.25	7.25	182228	5500688.000
10/12/2011	7.17	7.53	7.17	7.53	318460	9650173.000
10/13/2011	7.55	7.72	7.48	7.67	315044	9823961.000
10/14/2011	7.64	7.67	7.54	7.62	165368	5131025.000
10/17/2011	7.59	7.70	7.56	7.64	196727	6125410.500
10/18/2011	7.55	7.64	7.34	7.35	150579	4604574.500
10/19/2011	7.44	7.44	7.29	7.33	96230	2889002.250
10/20/2011	7.42	8.08	7.34	7.77	1401941	44996968.000
10/21/2011	7.71	7.72	7.23	7.52	858192	26297356.000
10/24/2011	7.44	7.81	7.29	7.80	525149	16247136.000
10/25/2011	7.84	7.99	7.72	7.98	620478	19961200.000
10/26/2011	7.82	8.04	7.82	7.90	576621	18689540.000
10/27/2011	7.90	7.97	7.83	7.87	268900	8667535.000
10/28/2011	7.96	8.02	7.72	7.98	582407	18755372.000
10/31/2011	8.00	8.03	7.88	8.03	444134	14396927.000
11/01/2011	7.95	8.01	7.82	7.84	515954	16625234.000
11/02/2011	7.80	8.09	7.64	8.09	905042	29049134.000
11/03/2011	8.12	8.33	8.09	8.13	1077406	36150036.000
11/04/2011	8.18	8.54	8.17	8.53	1557690	53245004.000
11/07/2011	8.49	8.52	8.21	8.23	1217409	41204056.000
11/08/2011	8.32	8.42	8.07	8.09	786354	26329706.000
11/09/2011	8.12	8.38	8.12	8.34	1048477	35399696.000
11/10/2011	8.22	8.47	8.11	8.24	1025019	34777784.000
11/11/2011	8.27	8.42	8.16	8.21	608186	20535154.000
11/14/2011	8.33	8.54	8.27	8.52	1240657	42721124.000
11/15/2011	8.52	8.79	8.44	8.72	1482680	52356136.000
11/16/2011	8.69	8.72	8.33	8.34	1181231	41035860.000
11/17/2011	8.39	8.61	8.27	8.48	971239	33541866.000
11/18/2011	8.40	8.69	8.34	8.50	1004811	34908084.000
11/21/2011	8.43	8.51	8.09	8.30	815761	27576936.000
11/22/2011	8.21	8.37	8.18	8.33	401669	13579896.000
11/23/2011	8.35	8.44	8.26	8.33	589709	19989392.000
11/24/2011	8.21	8.43	8.09	8.34	658812	22134022.000
11/25/2011	8.30	8.37	8.15	8.21	339050	11438289.000
11/28/2011	8.21	8.27	8.12	8.22	246627	8244827.000
11/29/2011	8.23	8.32	8.00	8.12	578699	19133352.000
11/30/2011	8.12	8.13	7.49	7.56	581771	18362422.000
12/01/2011	7.84	7.84	7.64	7.64	774183	24525696.000
12/02/2011	7.59	7.71	7.44	7.48	323589	9964970.000
12/05/2011	7.48	7.48	7.23	7.26	321340	9620398.000
12/06/2011	7.19	7.33	7.19	7.26	249890	7430336.500
12/07/2011	7.34	7.43	7.27	7.38	236845	7120258.500
12/08/2011	7.37	7.47	7.22	7.43	278885	8408070.000
12/09/2011	7.36	7.44	7.24	7.33	235155	7033199.000
12/12/2011	7.34	7.44	7.09	7.22	276390	8251803.000
12/13/2011	7.19	7.24	6.91	7.04	337965	9680364.000
12/14/2011	7.04	7.05	6.88	6.94	216539	6165868.500
12/15/2011	6.89	7.02	6.86	6.87	232436	6586092.000
12/16/2011	6.89	7.09	6.87	7.09	168630	4814690.500
12/19/2011	7.03	7.14	6.89	7.12	218568	6249853.500
12/20/2011	7.12	7.21	7.04	7.04	177537	5184595.500
12/21/2011	7.18	7.18	6.89	6.93	178792	5140492.500
12/22/2011	6.90	6.90	6.59	6.72	180374	4971400.500
12/23/2011	6.60	6.83	6.59	6.64	354343	9715327.000
12/26/2011	6.59	6.69	6.56	6.59	131622	3573721.000
12/27/2011	6.57	6.57	6.09	6.09	410879	10569809.000
12/28/2011	6.09	6.09	5.79	5.92	511791	12356491.000
12/30/2011	5.85	6.17	5.85	6.11	397803	9918545.000
01/04/2012	6.13	6.29	5.95	5.95	449155	11325465.000
01/05/2012	5.92	5.92	5.71	5.84	280147	6680608.500
01/06/2012	5.77	5.84	5.61	5.79	196084	4605398.500
01/09/2012	5.82	6.04	5.73	6.02	242992	5915501.500
01/10/2012	6.06	6.25	5.97	6.21	403608	10221527.000
01/11/2012	6.16	6.29	6.14	6.21	502424	12771157.000
01/12/2012	6.12	6.23	6.08	6.08	353181	8906956.000
01/13/2012	6.05	6.12	5.74	5.78	230998	5601184.500
01/16/2012	5.62	5.77	5.38	5.39	311089	7138964.000
01/17/2012	5.39	5.88	5.39	5.82	424992	9969554.000
01/18/2012	5.83	5.91	5.61	5.69	396500	9458663.000
01/19/2012	5.63	5.88	5.62	5.84	347577	8281665.000
01/20/2012	5.85	5.96	5.82	5.89	261901	6339730.000
01/30/2012	5.96	6.14	5.86	6.01	547878	13560750.000
01/31/2012	6.01	6.07	5.92	5.99	258936	6344142.000
02/01/2012	5.95	6.12	5.95	6.00	299288	7414288.000
02/02/2012	6.00	6.08	5.96	6.08	213279	5279180.000
02/03/2012	6.07	6.18	6.04	6.17	436081	10958674.000
02/06/2012	6.13	6.28	6.13	6.21	373114	9492508.000
02/07/2012	6.15	6.15	5.99	6.03	392692	9777516.000
02/08/2012	6.08	6.26	6.07	6.25	527192	13410306.000
02/09/2012	6.27	6.35	6.24	6.26	425695	10980418.000
02/10/2012	6.19	6.34	6.19	6.29	238420	6150348.500
02/13/2012	6.15	6.47	6.14	6.46	464663	12167750.000
02/14/2012	6.47	6.51	6.41	6.45	350067	9265039.000
02/15/2012	6.40	6.53	6.40	6.52	222794	5909942.500
02/16/2012	6.52	6.60	6.44	6.58	325748	8693307.000
02/17/2012	6.59	6.71	6.52	6.52	195685	5274137.500
02/20/2012	6.59	6.68	6.53	6.63	378223	10227903.000
02/21/2012	6.67	6.71	6.54	6.69	457417	12425067.000
02/22/2012	6.69	6.94	6.69	6.94	632645	17694870.000
02/23/2012	6.94	7.05	6.88	7.00	595350	16982546.000
02/24/2012	7.00	7.15	6.95	7.13	476699	13815978.000
02/27/2012	7.16	7.39	7.16	7.24	722378	21591914.000
02/28/2012	7.17	7.19	6.94	7.09	719071	20762796.000
02/29/2012	6.99	7.07	6.85	6.86	486054	13783778.000
03/01/2012	6.86	6.95	6.82	6.93	306155	8643590.000
03/02/2012	6.98	7.08	6.92	7.05	512229	14717630.000
03/05/2012	7.00	7.12	6.95	7.00	531343	15299987.000
03/06/2012	6.94	6.99	6.79	6.89	460537	12943487.000
03/07/2012	6.87	6.96	6.77	6.90	331746	9335949.000
03/08/2012	6.93	7.00	6.92	6.92	288557	8219584.500
03/09/2012	6.92	7.14	6.91	7.14	549791	15868261.000
03/12/2012	7.09	7.17	7.09	7.13	304616	8885554.000
03/13/2012	7.10	7.27	7.09	7.27	402698	11823712.000
03/14/2012	7.28	7.58	6.98	7.04	1395375	41985308.000
03/15/2012	7.09	7.29	7.04	7.26	705310	20671704.000
03/19/2012	7.42	7.54	7.29	7.46	1076202	32641608.000
03/20/2012	7.45	7.56	7.26	7.29	923002	27987962.000
03/21/2012	7.30	7.35	7.04	7.20	634084	18643188.000
03/22/2012	7.11	7.44	7.07	7.39	579505	17385998.000
03/23/2012	7.32	7.32	7.07	7.14	485429	14286102.000
03/26/2012	7.09	7.15	6.94	7.01	277046	7948856.500
03/27/2012	7.08	7.12	6.93	6.93	234151	6750228.000
03/28/2012	6.94	6.94	6.55	6.55	452605	12370808.000
03/29/2012	6.55	6.63	6.42	6.49	269571	7238179.500
03/30/2012	6.55	6.68	6.47	6.62	269484	7256972.500
04/05/2012	6.54	6.93	6.54	6.90	315852	8830917.000
04/06/2012	7.21	7.49	7.14	7.27	1206113	36101204.000
04/09/2012	7.18	7.45	7.14	7.23	568948	16971268.000
04/10/2012	7.19	7.28	7.02	7.27	377185	11002531.000
04/11/2012	7.19	7.36	7.09	7.36	332374	9870052.000
04/12/2012	7.49	7.59	7.32	7.40	690749	21009090.000
04/13/2012	7.36	7.45	7.30	7.38	405310	12184342.000
04/16/2012	7.34	7.37	7.25	7.27	291079	8670299.000
04/17/2012	7.21	7.34	7.20	7.25	215625	6409895.000
04/18/2012	7.27	7.41	7.26	7.38	329004	9893287.000
04/19/2012	7.42	7.50	7.37	7.42	372903	11344060.000
04/20/2012	7.42	7.46	7.33	7.43	282976	8541367.000
04/23/2012	7.37	7.37	6.93	7.04	578267	16846682.000
04/24/2012	6.97	7.08	6.84	6.92	374571	10620406.000
04/25/2012	6.90	7.07	6.90	6.96	232323	6625872.000
04/26/2012	6.97	7.01	6.93	6.96	124595	3553265.500
04/27/2012	7.01	7.09	7.01	7.05	160992	4646572.000
05/02/2012	7.09	7.28	7.07	7.19	759032	22121840.000
05/03/2012	7.27	7.53	7.22	7.47	1303515	39651136.000
05/04/2012	7.35	7.92	7.35	7.87	1564893	48658344.000
05/07/2012	7.81	8.31	7.69	8.16	1612825	52905804.000
05/08/2012	8.16	8.43	8.03	8.06	1217435	40707056.000
05/09/2012	7.92	8.09	7.89	7.99	699659	22733192.000
05/10/2012	7.96	8.24	7.94	8.09	713169	23574684.000
05/11/2012	8.09	8.21	7.90	7.90	522760	17129122.000
05/14/2012	7.96	8.01	7.85	7.85	299659	9668766.000
05/15/2012	7.76	8.03	7.68	8.02	318652	10264236.000
05/16/2012	8.02	8.04	7.84	7.84	430840	14026793.000
05/17/2012	7.79	7.89	7.60	7.77	389729	12307658.000
05/18/2012	7.76	7.92	7.66	7.69	436954	13826437.000
05/21/2012	7.68	7.84	7.65	7.77	223972	7085784.000
05/22/2012	7.83	8.02	7.79	8.02	590776	19126516.000
05/23/2012	8.09	8.31	7.98	7.99	883011	29260502.000
05/24/2012	7.97	8.00	7.82	7.83	633289	20400962.000
05/25/2012	7.83	7.90	7.55	7.55	542719	17051280.000
05/28/2012	7.55	7.58	7.32	7.53	428427	13052112.000
05/29/2012	7.40	7.62	7.38	7.53	868954	13147161.000
05/30/2012	7.54	7.58	7.39	7.41	738987	11067277.000
05/31/2012	7.39	7.68	7.39	7.68	990484	15144494.000
06/01/2012	7.73	7.93	7.61	7.62	1032399	16175874.000
06/04/2012	7.39	7.44	7.09	7.14	1042381	15266933.000
06/05/2012	7.09	7.29	7.05	7.18	447143	6460004.500
06/06/2012	7.27	7.27	6.96	6.99	558093	7964628.500
06/07/2012	7.08	7.13	6.94	6.94	428687	6077593.000
06/08/2012	6.97	7.04	6.79	6.79	700475	9723165.000
06/11/2012	6.80	7.02	6.79	7.02	595447	8302916.500
06/12/2012	6.94	7.03	6.85	6.91	516510	7233152.000
06/13/2012	6.93	7.18	6.81	7.09	598760	8519658.000
06/14/2012	7.09	7.11	6.95	6.95	505180	7158209.500
06/15/2012	7.04	7.12	6.82	7.12	552097	7808434.500
06/18/2012	7.23	7.27	7.13	7.18	841994	12229699.000
06/19/2012	7.09	7.37	7.09	7.17	890214	12986239.000
06/20/2012	7.24	7.34	7.13	7.33	651833	9561753.000
06/21/2012	7.33	7.39	7.08	7.12	635120	9181101.000
06/25/2012	7.17	7.17	6.81	6.81	404407	5655042.000
06/26/2012	6.74	7.07	6.74	6.99	710549	10018368.000
06/27/2012	7.34	7.70	7.19	7.70	1806737	27748674.000
06/28/2012	8.47	8.47	8.22	8.24	7948803	135152368.000
06/29/2012	8.34	9.01	8.24	8.73	11196270	193053424.000
07/02/2012	8.57	9.00	8.53	8.75	8963407	157948672.000
07/03/2012	8.88	9.63	8.88	9.28	14811734	281824576.000
07/04/2012	9.09	9.16	8.62	8.72	11053386	197148912.000
07/05/2012	8.69	8.83	8.59	8.69	6064462	106589856.000
07/06/2012	8.69	8.90	8.47	8.80	6017280	105353864.000
07/09/2012	8.60	8.84	8.56	8.63	4815085	84152488.000
07/10/2012	8.68	8.77	8.22	8.29	5542531	93754536.000
07/11/2012	8.22	8.36	7.99	8.28	3602951	59428756.000
07/12/2012	8.24	8.52	8.15	8.29	4112175	68930064.000
07/13/2012	8.24	8.69	8.15	8.38	6992708	119356312.000
07/16/2012	8.44	9.23	8.41	9.23	12334241	226628048.000
07/17/2012	9.22	9.99	8.60	9.76	13017686	240961856.000
07/18/2012	9.92	10.44	9.56	9.67	12437239	250061376.000
07/19/2012	9.54	10.12	9.46	9.95	8648425	171665120.000
07/20/2012	10.03	10.87	9.70	9.82	10024347	207006160.000
07/23/2012	9.39	9.69	9.14	9.38	6059983	114421008.000
07/24/2012	9.29	10.06	9.24	9.83	7031535	137853072.000
07/25/2012	9.69	9.83	9.44	9.53	5698233	109950472.000
07/26/2012	9.47	9.48	8.59	8.64	7301025	133265104.000
07/27/2012	8.64	8.73	8.27	8.27	3722443	63390772.000
07/30/2012	8.32	8.68	8.24	8.50	3047354	51735224.000
07/31/2012	8.38	8.48	8.04	8.13	3051536	50605020.000
08/01/2012	8.17	8.49	8.17	8.44	3483592	58778876.000
08/02/2012	8.46	8.77	8.36	8.74	3769083	65235436.000
08/03/2012	8.63	8.87	8.47	8.87	4264548	74418488.000
08/06/2012	8.69	9.12	8.67	9.07	3828973	68722712.000
08/07/2012	9.02	9.67	8.99	9.26	5076785	95268040.000
08/08/2012	9.10	9.41	9.01	9.23	3779782	69691240.000
08/09/2012	9.37	9.72	9.21	9.50	5909310	113518096.000
08/10/2012	9.50	9.72	9.37	9.49	4580319	88107472.000
08/13/2012	9.44	9.48	8.89	8.90	4103092	76239448.000
08/14/2012	8.85	9.68	8.62	9.58	7260051	135381280.000
08/15/2012	9.58	9.79	9.18	9.21	5460676	104181512.000
08/16/2012	9.03	9.07	8.76	8.78	2487171	44505772.000
08/17/2012	8.70	8.98	8.63	8.82	1700692	30243038.000
08/20/2012	8.69	9.01	8.44	8.92	2209034	39187620.000
08/21/2012	8.93	9.28	8.82	9.21	3290005	60074348.000
08/22/2012	9.26	9.89	9.19	9.67	7989743	155013184.000
08/23/2012	9.58	10.04	9.49	9.58	6831515	133728080.000
08/24/2012	9.39	9.71	9.27	9.39	3910141	74690488.000
08/27/2012	9.28	9.69	9.22	9.35	3136333	59877712.000
08/28/2012	9.28	9.54	8.79	9.08	3485535	63440208.000
08/29/2012	9.06	9.14	8.89	9.06	2155709	39243992.000
08/30/2012	8.97	9.19	8.15	8.15	4441849	75628048.000
08/31/2012	8.12	8.54	8.09	8.43	2518011	42344476.000
09/03/2012	8.34	8.97	8.20	8.82	2678143	46981688.000
09/04/2012	8.71	9.31	8.71	8.94	3794371	69529936.000
09/05/2012	8.84	9.07	8.72	8.80	1749533	31223804.000
09/06/2012	8.94	9.18	8.83	9.09	1902660	34426620.000
09/07/2012	9.13	9.44	8.98	9.26	3637389	67388384.000
09/10/2012	9.24	9.76	9.14	9.70	5654043	107698864.000
09/11/2012	9.57	9.72	9.18	9.27	4097610	77914256.000
09/12/2012	9.43	9.52	9.29	9.39	2339916	44286120.000
09/13/2012	9.34	9.78	9.26	9.26	3695338	71057608.000
09/14/2012	9.32	9.41	8.89	8.98	2452690	44907064.000
09/17/2012	8.90	9.12	8.52	8.55	1457023	25728372.000
09/18/2012	8.48	8.69	8.38	8.65	1053043	18195418.000
09/19/2012	8.67	8.71	8.54	8.66	904811	15724877.000
09/20/2012	8.63	8.68	8.22	8.23	1409880	23799396.000
09/21/2012	8.20	8.36	7.99	7.99	1118908	18401570.000
09/24/2012	7.96	8.13	7.82	8.07	713233	11540426.000
09/25/2012	8.02	8.42	8.02	8.28	1728417	28748760.000
09/26/2012	8.22	8.26	7.53	7.55	1527583	24141476.000
09/27/2012	7.61	7.87	7.61	7.69	1168049	18232312.000
09/28/2012	7.67	7.82	7.65	7.79	882158	13767807.000
10/08/2012	7.78	8.00	7.65	7.91	1011761	16068568.000
10/09/2012	7.93	8.26	7.87	8.18	1621206	26394382.000
10/10/2012	8.13	8.27	8.04	8.20	1499941	24620866.000
10/11/2012	8.07	8.19	7.69	7.76	1680949	26886008.000
10/12/2012	7.76	7.88	7.61	7.79	785336	12254779.000
10/15/2012	7.78	7.92	7.56	7.69	740242	11513989.000
10/16/2012	7.65	7.83	7.65	7.74	488197	7639564.000
10/17/2012	7.76	8.05	7.71	7.93	1177989	18769098.000
10/18/2012	7.94	8.11	7.87	8.04	1606240	26046920.000
10/19/2012	8.04	8.17	7.99	8.09	1177740	19137000.000
10/22/2012	8.03	8.43	7.90	8.32	2647618	44034528.000
10/23/2012	8.32	8.34	8.06	8.06	1496231	24634996.000
10/24/2012	7.98	8.04	7.73	7.80	1013772	16126205.000
10/25/2012	7.87	8.02	7.74	7.77	746738	11834904.000
10/26/2012	7.84	7.84	7.27	7.38	1401570	20993542.000
10/29/2012	7.25	7.40	7.20	7.24	556251	8171765.500
10/30/2012	7.29	7.41	7.23	7.29	565888	8357043.000
10/31/2012	7.29	7.31	7.02	7.12	788336	11344531.000
11/01/2012	7.16	7.32	7.12	7.24	855673	12461584.000
11/02/2012	7.27	7.39	7.27	7.30	621276	9181874.000
11/05/2012	7.33	7.33	7.00	7.09	1054950	15089931.000
11/06/2012	7.22	7.34	7.11	7.18	1064020	15461441.000
11/07/2012	7.20	7.20	7.03	7.05	688948	9816647.000
11/08/2012	6.94	6.94	6.76	6.80	853822	11777362.000
11/09/2012	6.84	6.85	6.69	6.71	650417	8859991.000
11/12/2012	6.75	6.86	6.71	6.85	577763	7905679.000
11/13/2012	6.79	6.82	6.62	6.64	558222	7564820.500
11/14/2012	6.67	6.84	6.59	6.69	629479	8531371.000
11/15/2012	6.66	6.86	6.62	6.71	797000	10811554.000
11/16/2012	6.69	6.69	6.53	6.57	664273	8832358.000
11/19/2012	6.54	6.62	6.46	6.57	507681	6673485.500
11/20/2012	6.58	6.70	6.57	6.59	587188	7842631.000
11/21/2012	6.60	6.97	6.59	6.92	1471405	20099390.000
11/22/2012	6.80	6.84	6.69	6.74	924759	12604594.000
11/23/2012	6.76	6.86	6.74	6.76	608040	8317407.000
11/26/2012	6.77	6.79	6.51	6.52	576879	7684490.500
11/27/2012	6.46	6.52	6.19	6.19	892465	11313435.000
11/28/2012	6.10	6.10	5.92	6.01	564103	6853724.500
11/29/2012	5.99	6.07	5.76	5.78	710929	8449825.000
11/30/2012	5.77	5.89	5.75	5.84	324795	3823351.500
12/03/2012	5.79	5.86	5.62	5.67	516898	5984376.000
12/04/2012	5.73	5.84	5.49	5.80	621472	7113079.500
12/05/2012	5.77	6.08	5.74	6.04	976128	11764548.000
12/06/2012	6.04	6.14	5.89	5.92	947555	11470869.000
12/07/2012	6.04	6.11	5.95	6.10	817106	9978232.000
12/10/2012	6.05	6.27	6.03	6.23	1498197	18696294.000
12/11/2012	6.16	6.23	6.08	6.16	1363008	16881082.000
12/12/2012	6.15	6.19	6.00	6.10	662068	8127250.000
12/13/2012	6.05	6.10	5.89	5.90	625351	7590866.500
12/14/2012	5.90	6.17	5.88	6.16	1447272	17732738.000
12/17/2012	6.26	6.38	6.13	6.34	1736337	21977984.000
12/18/2012	6.34	6.38	6.07	6.13	1509214	19043204.000
12/19/2012	6.15	6.68	6.12	6.53	3292470	43035948.000
12/20/2012	6.45	6.48	6.32	6.44	1984229	25660132.000
12/21/2012	6.44	6.62	6.41	6.50	2141976	28211222.000
12/24/2012	6.50	6.65	6.44	6.60	2111444	28043992.000
12/25/2012	6.57	6.78	6.48	6.69	2459218	32932798.000
12/26/2012	6.69	7.08	6.62	6.96	3065536	42522764.000
12/27/2012	7.03	7.18	6.79	6.79	4212460	59587960.000
12/28/2012	6.79	6.92	6.64	6.84	1969209	26924632.000
12/31/2012	6.87	6.87	6.69	6.78	1156113	15797138.000
01/04/2013	6.88	7.04	6.72	6.90	1776270	24659940.000
01/07/2013	6.90	7.16	6.83	7.15	2431634	34459768.000
01/08/2013	7.19	7.50	7.00	7.36	3356094	49039996.000
01/09/2013	7.46	7.64	7.19	7.38	3882917	58471904.000
01/10/2013	7.44	7.53	7.29	7.42	2189590	32625200.000
01/11/2013	8.17	8.17	7.38	7.49	3233526	50138000.000
01/14/2013	7.89	7.94	7.49	7.87	4233457	66229212.000
01/15/2013	7.79	8.40	7.69	8.23	5202076	84230296.000
01/16/2013	8.13	8.24	7.90	8.11	2683631	43566740.000
01/17/2013	8.93	8.93	8.45	8.67	8331090	147664384.000
01/18/2013	8.61	8.63	8.19	8.32	4651736	78350928.000
01/21/2013	8.33	8.33	7.97	8.09	2904472	47327624.000
01/22/2013	8.13	8.29	7.58	7.71	3974161	63615728.000
01/23/2013	7.78	7.93	7.56	7.89	3327961	52212448.000
01/24/2013	7.89	7.89	7.40	7.47	3600345	55612240.000
01/25/2013	7.44	7.64	7.42	7.44	1588947	24055690.000
01/28/2013	7.41	7.62	7.41	7.62	1746712	26573818.000
01/29/2013	7.64	7.81	7.58	7.72	2458686	38023860.000
01/30/2013	7.78	7.83	7.60	7.62	2125102	32858784.000
01/31/2013	7.62	7.65	7.41	7.42	1509719	22742204.000
02/01/2013	7.39	7.53	7.39	7.53	1230930	18536066.000
02/04/2013	7.69	7.69	7.45	7.46	1202700	18286480.000
02/05/2013	7.43	7.56	7.40	7.52	956886	14457920.000
02/06/2013	7.54	7.68	7.54	7.61	1240331	19014606.000
02/07/2013	7.61	7.86	7.61	7.78	2411921	37749196.000
02/08/2013	7.77	7.91	7.72	7.89	2042992	32213678.000
02/18/2013	7.92	8.00	7.81	7.94	2039824	32480414.000
02/19/2013	7.94	7.96	7.65	7.69	1774952	27821936.000
02/20/2013	7.74	7.84	7.65	7.82	1433799	22431486.000
02/21/2013	7.75	7.77	7.44	7.48	1620800	24857248.000
02/22/2013	7.45	7.69	7.45	7.51	1411256	21470880.000
02/25/2013	7.56	7.64	7.48	7.57	757502	11552410.000
02/26/2013	7.51	7.73	7.49	7.64	1985904	30593512.000
02/27/2013	7.61	7.85	7.61	7.85	2796323	43785604.000
02/28/2013	7.95	8.03	7.77	7.99	3410041	54465544.000
03/01/2013	8.08	8.42	8.02	8.30	6426556	106807152.000
03/04/2013	8.19	8.19	7.85	7.89	2835320	45797332.000
03/05/2013	8.04	8.18	7.92	8.17	2307076	37477616.000
03/06/2013	8.19	8.22	8.03	8.16	2262287	37041772.000
03/07/2013	8.16	8.39	7.91	8.02	2419669	39892400.000
03/08/2013	8.03	8.33	7.94	8.11	2264686	37254488.000
03/11/2013	8.08	8.18	7.97	8.05	943097	15337301.000
03/12/2013	8.04	8.07	7.46	7.74	2452181	38100404.000
03/13/2013	7.70	7.93	7.52	7.66	1469443	22953704.000
03/14/2013	7.66	7.79	7.54	7.58	949833	14632224.000
03/15/2013	7.64	7.74	7.47	7.58	1279159	19634708.000
03/18/2013	7.57	7.69	7.51	7.54	1066395	16300035.000
03/19/2013	7.62	7.82	7.55	7.69	1382284	21399878.000
03/20/2013	7.67	8.02	7.66	7.98	2117198	33597396.000
03/21/2013	7.94	8.10	7.84	8.07	2409234	38622252.000
03/22/2013	8.02	8.06	7.94	7.99	1321185	21294354.000
03/25/2013	8.03	8.11	7.97	7.99	1175760	18994130.000
03/26/2013	8.02	8.02	7.63	7.68	1357527	21175376.000
03/27/2013	7.70	7.78	7.62	7.74	865153	13425420.000
03/28/2013	7.67	7.67	7.17	7.20	1784680	26554974.000
03/29/2013	7.19	7.27	6.96	7.00	1165039	16673654.000
04/01/2013	7.00	7.11	6.98	7.07	523544	7438590.500
04/02/2013	7.12	7.17	6.90	6.93	854299	12120397.000
04/03/2013	6.93	6.97	6.69	6.74	741601	10128504.000
04/08/2013	6.70	6.99	6.56	6.97	905849	12453377.000
04/09/2013	6.97	7.09	6.92	7.03	611115	8667241.000
04/10/2013	7.04	7.04	6.89	6.94	515292	7236452.000
04/11/2013	6.99	7.02	6.88	6.90	488103	6843380.500
04/12/2013	6.94	7.10	6.94	6.96	599233	8488247.000
04/15/2013	6.93	6.93	6.70	6.76	574002	7843812.500
04/16/2013	6.69	6.81	6.62	6.81	515716	6988743.000
04/17/2013	6.84	6.92	6.79	6.90	561229	7758301.000
04/18/2013	6.86	7.07	6.86	6.99	656880	9248656.000
04/19/2013	7.70	7.70	7.50	7.70	3942556	60616144.000
04/22/2013	7.83	8.19	7.76	8.13	6137430	99054616.000
04/23/2013	8.09	8.24	8.02	8.21	5507426	90155112.000
04/24/2013	8.18	8.64	8.10	8.52	6335557	107121944.000
04/25/2013	8.44	8.62	8.19	8.26	4264588	72362848.000
04/26/2013	8.30	8.49	8.01	8.15	3531627	58401860.000
05/02/2013	8.08	8.31	8.08	8.28	1693776	28051998.000
05/03/2013	8.33	8.79	8.27	8.57	4136850	71348696.000
05/06/2013	8.55	8.88	8.55	8.74	3377771	59150208.000
05/07/2013	8.79	8.83	8.60	8.68	2463299	43141192.000
05/08/2013	8.88	9.55	8.79	9.55	6441254	121091128.000
05/09/2013	9.38	9.79	9.34	9.69	5877998	112886312.000
05/10/2013	9.60	9.93	9.37	9.51	3857477	74237776.000
05/13/2013	9.60	9.92	9.52	9.67	3205144	62449736.000
05/14/2013	9.67	9.67	9.18	9.28	3107243	58392760.000
05/15/2013	9.29	9.52	9.17	9.44	2389080	44879660.000
05/16/2013	9.38	9.66	9.19	9.23	3738183	70927576.000
05/17/2013	9.14	9.39	9.05	9.34	2627067	49026396.000
05/20/2013	9.29	10.18	9.26	10.02	4540961	89863368.000
05/21/2013	10.04	10.24	9.94	10.11	2801353	56935368.000
05/22/2013	10.09	10.12	9.51	9.62	3789823	74534928.000
05/23/2013	9.59	10.20	9.51	9.81	3561812	70888536.000
05/24/2013	9.83	10.48	9.83	10.46	4123610	84722584.000
05/27/2013	10.34	10.89	10.29	10.66	4142754	88057352.000
05/28/2013	10.59	10.59	10.04	10.25	3559539	73327240.000
05/29/2013	10.19	10.43	10.09	10.32	2014371	41641776.000
05/30/2013	10.17	10.40	9.97	10.13	3243338	66256716.000
05/31/2013	10.15	10.63	10.10	10.33	5072545	105592784.000
06/03/2013	10.29	10.29	9.67	9.71	4229083	84573664.000
06/04/2013	9.68	9.70	9.15	9.40	3199610	60661748.000
06/05/2013	9.38	9.57	9.29	9.56	1835845	34972068.000
06/06/2013	9.44	9.51	9.26	9.28	1551275	29255708.000
06/07/2013	9.35	9.37	8.90	9.07	2839848	52109016.000
06/13/2013	8.94	9.03	8.55	8.98	2349017	42040204.000
06/14/2013	8.98	9.49	8.94	9.38	3015863	56066576.000
06/17/2013	9.44	9.66	9.29	9.42	3216018	61269084.000
06/18/2013	9.43	9.43	8.94	9.07	2586665	47488692.000
06/19/2013	9.06	9.06	8.59	8.87	3306074	29251468.000
06/20/2013	8.77	9.44	8.72	8.77	5339179	48702860.000
06/21/2013	8.47	8.47	7.89	8.40	5201663	43068684.000
06/24/2013	8.27	8.36	7.58	7.59	4486595	35803460.000
06/25/2013	7.57	7.77	6.98	7.61	5079230	37950280.000
06/26/2013	7.62	8.17	7.51	8.14	6562904	51882128.000
06/27/2013	8.12	8.25	7.67	7.69	5690878	45577604.000
06/28/2013	7.57	8.32	7.39	8.09	7185008	58238176.000
07/01/2013	8.02	8.42	7.93	8.39	6324028	52508668.000
07/02/2013	8.32	8.96	8.18	8.87	9132369	79140296.000
07/03/2013	8.57	8.92	8.52	8.81	5842422	51233372.000
07/04/2013	8.77	8.92	8.53	8.56	5512389	48206688.000
07/05/2013	8.47	8.60	8.27	8.48	5035480	42659964.000
07/08/2013	8.32	8.34	7.93	8.26	3925993	32163312.000
07/09/2013	8.17	8.53	8.13	8.51	4698408	39734440.000
07/10/2013	8.51	8.83	8.37	8.80	5734154	49868924.000
07/11/2013	8.78	9.03	8.70	8.81	7555922	67490632.000
07/12/2013	8.75	9.11	8.70	8.85	6387062	57257504.000
07/15/2013	8.85	9.25	8.72	9.25	7362901	66970908.000
07/16/2013	9.16	9.39	9.10	9.38	6049623	56147992.000
07/17/2013	9.37	9.45	9.19	9.34	5765332	53912032.000
07/18/2013	9.35	9.90	9.32	9.74	10068441	97337128.000
07/19/2013	9.74	10.30	9.56	9.99	15740522	157101520.000
07/22/2013	9.98	10.13	9.78	10.13	9566884	95750232.000
07/23/2013	10.08	10.25	9.89	10.14	8276583	83566016.000
07/24/2013	10.12	10.22	9.86	9.94	6589384	66253624.000
07/25/2013	9.90	9.93	9.22	9.44	10298014	98330904.000
07/26/2013	9.35	9.71	9.23	9.61	4337318	41334968.000
07/29/2013	9.56	9.72	9.32	9.52	2641663	25177174.000
07/30/2013	9.48	9.69	8.88	9.57	4236531	39886068.000
07/31/2013	9.57	9.67	9.31	9.55	4808182	45537084.000
08/01/2013	9.65	10.13	9.65	10.01	20494076	203270384.000
08/02/2013	9.97	10.25	9.75	9.77	18026716	180609792.000
08/05/2013	9.68	10.13	9.37	10.07	12533593	122372464.000
08/06/2013	9.96	10.43	9.80	10.18	15052428	153273792.000
08/07/2013	10.07	10.42	9.60	9.60	11636292	115583544.000
08/08/2013	9.49	9.82	9.45	9.52	5582402	53788492.000
08/09/2013	9.62	9.65	8.98	9.15	7817544	72688112.000
08/12/2013	9.21	9.27	9.05	9.26	4655412	42844920.000
08/13/2013	9.20	9.40	9.17	9.30	3277050	30570872.000
08/14/2013	9.28	9.31	9.11	9.17	3445954	31822866.000
08/15/2013	9.16	9.24	9.04	9.05	2783047	25542346.000
08/16/2013	8.97	9.07	8.65	8.65	4852702	43281092.000
08/19/2013	8.55	8.89	8.49	8.86	2819366	24919098.000
08/20/2013	8.80	9.04	8.78	8.85	2738222	24488154.000
08/21/2013	8.86	9.02	8.82	9.00	2666400	24002164.000
08/22/2013	9.03	9.09	8.98	8.98	2784198	25202204.000
08/23/2013	9.02	9.05	8.60	8.71	3797587	33636396.000
08/26/2013	8.77	9.03	8.73	8.99	2997378	26763530.000
08/27/2013	8.99	9.33	8.84	9.31	6083644	55355112.000
08/28/2013	9.28	9.28	9.03	9.05	4502431	41201060.000
08/29/2013	9.04	9.09	8.80	8.83	3426275	30565902.000
08/30/2013	8.79	8.85	8.15	8.20	4185308	35821636.000
09/02/2013	8.12	8.31	7.98	8.22	3028354	24755908.000
09/03/2013	8.25	8.29	8.15	8.28	2383869	19733454.000
09/04/2013	8.30	8.30	8.17	8.19	2295687	18939270.000
09/05/2013	8.18	8.25	8.15	8.21	2201668	18118362.000
09/06/2013	8.18	8.39	8.14	8.34	3124778	25941620.000
09/17/2013	9.18	9.18	8.98	9.18	4237045	38886912.000
09/18/2013	9.77	9.95	9.43	9.77	18388161	178903568.000
09/23/2013	10.42	10.75	10.42	10.75	10143896	109119360.000
09/24/2013	11.27	11.83	11.21	11.83	10816651	126303240.000
09/25/2013	13.02	13.02	12.80	13.02	6434379	83925128.000
09/26/2013	14.33	14.33	14.33	14.33	740905	10639396.000
09/27/2013	15.77	15.77	13.85	13.88	36075681	547152256.000
09/30/2013	14.47	15.27	14.47	15.27	24748168	373430496.000
10/08/2013	15.85	16.80	14.97	16.80	21783877	346305728.000
10/09/2013	17.12	18.48	16.97	18.48	14085348	255621984.000
10/10/2013	20.26	20.26	17.75	18.80	21883970	418316640.000
10/11/2013	18.74	19.52	18.05	19.10	13415938	253169904.000
10/14/2013	18.97	21.01	18.82	21.01	6970890	141884912.000
10/15/2013	22.77	23.11	21.78	22.69	20764948	474008384.000
10/16/2013	22.27	24.86	21.07	23.93	18600919	426648224.000
10/17/2013	23.27	26.33	23.27	26.33	19036123	489725024.000
10/18/2013	26.63	28.97	25.65	28.97	15946155	444794912.000
10/21/2013	29.97	31.87	29.97	31.87	8987410	281305504.000
10/28/2013	28.68	31.55	28.68	28.68	17974689	529374400.000
10/29/2013	27.12	27.93	25.81	25.81	14072496	371877440.000
10/30/2013	23.98	25.24	23.28	24.53	26344788	637302912.000
10/31/2013	22.97	24.08	22.07	22.07	25522907	581724096.000
11/01/2013	21.52	21.89	20.40	20.87	20727054	438576096.000
11/04/2013	20.97	21.67	20.48	21.18	16738745	355453568.000
11/05/2013	20.77	23.09	20.17	21.97	24644616	537796928.000
11/06/2013	21.75	24.17	21.72	22.88	21040452	489600000.000
11/08/2013	22.78	23.47	21.02	21.12	19168622	419444512.000
11/11/2013	20.53	20.84	19.59	20.24	12434885	252243728.000
11/12/2013	20.27	20.68	19.64	20.19	9704898	196499664.000
11/13/2013	19.77	20.92	19.12	19.65	11806414	238326336.000
11/14/2013	19.50	20.37	19.17	20.33	10627685	209848592.000
11/15/2013	20.25	22.37	20.22	20.64	17962290	383529344.000
11/18/2013	20.35	22.10	20.35	21.35	13696746	291517824.000
11/19/2013	21.32	23.49	21.27	23.49	14755602	336177792.000
11/20/2013	23.95	25.84	23.72	25.84	25029205	619096896.000
11/21/2013	25.82	28.25	24.99	27.27	22130434	584951040.000
11/22/2013	27.37	30.00	26.58	30.00	15922545	454367520.000
11/25/2013	30.83	33.00	29.50	32.29	19117665	608457600.000
11/26/2013	32.47	35.52	32.45	35.52	17384838	606159808.000
11/27/2013	36.47	37.85	33.48	34.67	24876862	885281408.000
11/28/2013	34.19	34.76	31.20	31.20	18477695	598761088.000
11/29/2013	29.76	34.32	29.24	34.32	27216629	859135232.000
12/02/2013	32.17	36.76	30.89	30.89	29482931	1006063936.000
12/03/2013	29.08	33.98	27.80	33.98	31288111	964714176.000
12/04/2013	33.52	35.34	30.58	30.97	29345451	975566528.000
12/05/2013	29.87	31.47	28.17	28.31	22790751	672037760.000
12/06/2013	27.97	29.16	27.45	27.62	17835662	503195488.000
12/09/2013	27.99	30.27	27.64	29.87	21630893	633383744.000
12/10/2013	29.58	30.97	28.36	29.71	16919682	500608640.000
12/11/2013	29.14	30.76	28.83	30.01	14137148	425477792.000
12/12/2013	30.77	33.01	30.76	33.01	23106977	756476800.000
12/13/2013	33.22	36.31	32.97	36.31	25620534	892152064.000
12/16/2013	37.16	37.56	32.68	32.68	26579650	919103488.000
12/17/2013	31.77	35.92	31.12	34.26	23894280	805712320.000
12/18/2013	34.37	35.96	31.87	33.22	21337947	726552768.000
12/19/2013	32.32	33.65	30.13	30.52	19553410	618078848.000
12/20/2013	30.85	31.25	29.79	30.95	12125891	370914592.000
12/23/2013	30.37	32.95	29.49	32.15	16010518	507550368.000
12/24/2013	31.74	33.85	31.67	32.62	14417297	471586720.000
12/25/2013	32.38	34.12	32.05	33.37	12282400	408868096.000
12/26/2013	33.98	35.47	30.17	30.99	20786795	684837120.000
12/27/2013	30.05	31.75	29.82	30.47	14194273	434571872.000
12/30/2013	30.57	30.77	28.85	28.87	13730661	406684896.000
12/31/2013	28.60	30.14	28.45	29.44	10269285	302474560.000
01/02/2014	29.30	29.70	28.68	29.27	8420486	246037552.000
01/03/2014	29.09	29.92	29.06	29.69	9778623	289255808.000
01/06/2014	29.85	29.97	26.76	27.07	13860152	387888672.000
01/07/2014	27.07	27.45	26.43	27.22	8433132	227947552.000
01/08/2014	27.27	29.33	27.08	28.76	12946203	369296768.000
01/09/2014	28.56	29.57	27.97	28.06	12167611	349586720.000
01/10/2014	27.48	28.62	26.77	27.00	8539423	235234608.000
01/13/2014	26.87	27.27	24.78	25.55	11902260	308888896.000
01/14/2014	25.56	26.97	25.02	26.85	10637255	276853152.000
01/15/2014	26.61	26.86	25.85	26.30	7728908	203642704.000
01/16/2014	26.40	27.23	25.93	26.67	9147743	243414672.000
01/17/2014	27.94	29.15	27.68	28.21	14743465	419569440.000
01/20/2014	27.57	28.02	25.87	26.14	10406752	279989536.000
01/21/2014	26.05	26.97	25.47	26.45	6349920	167263200.000
01/22/2014	26.21	27.94	26.20	27.40	9675392	262099376.000
01/23/2014	27.13	30.13	26.97	29.08	14894528	432604096.000
01/24/2014	28.68	30.43	28.55	28.76	13906450	410662496.000
01/27/2014	28.66	30.08	28.27	29.60	10414434	306592768.000
01/28/2014	30.07	30.87	29.35	29.73	9734189	293332064.000
01/29/2014	29.27	29.85	28.25	28.92	8557912	246551696.000
01/30/2014	28.77	29.15	27.75	27.85	6381650	180545040.000
02/07/2014	27.77	28.14	26.63	27.99	6337323	173282416.000
02/10/2014	27.96	28.81	27.33	28.59	8279782	233542272.000
02/11/2014	28.50	30.47	28.22	30.27	15573939	461706144.000
02/12/2014	29.98	30.43	29.22	29.92	10315203	306557824.000
02/13/2014	29.78	30.40	27.43	27.55	12307939	355672896.000
02/14/2014	26.97	27.94	26.97	27.74	6249090	171795344.000
02/17/2014	27.67	28.16	27.02	27.84	6984926	192981680.000
02/18/2014	27.63	27.76	26.07	26.80	11683189	314213568.000
02/19/2014	26.58	27.84	26.30	27.26	10033499	273968960.000
02/20/2014	27.37	29.97	27.37	28.55	18399603	533320000.000
02/21/2014	27.97	27.97	25.97	26.98	9755435	263412752.000
02/24/2014	26.50	27.68	26.46	27.17	6176338	167944944.000
02/25/2014	27.15	27.35	24.47	25.20	9206026	241525792.000
02/26/2014	24.88	25.14	23.27	24.93	5686699	139446944.000
02/27/2014	24.88	25.67	24.01	24.07	5886545	147082048.000
02/28/2014	23.68	24.04	22.87	23.79	5697987	133762512.000
03/03/2014	23.49	24.83	23.47	24.35	4728941	114451520.000
03/04/2014	23.97	25.10	23.82	24.83	5679651	139816480.000
03/05/2014	25.27	25.27	24.47	24.67	4264821	105723432.000
03/06/2014	24.72	25.12	23.47	24.97	6029323	146092912.000
03/07/2014	25.52	27.47	25.32	27.47	21425204	578948032.000
03/10/2014	27.32	29.42	27.11	27.95	21407312	609325952.000
03/11/2014	27.47	28.16	25.18	25.56	12828293	336497312.000
03/12/2014	24.97	25.42	23.31	23.94	11285978	274224896.000
03/13/2014	23.70	24.16	23.30	24.06	5550368	132279808.000
03/14/2014	23.47	23.91	23.09	23.40	5181467	122079808.000
03/17/2014	23.40	24.77	23.40	24.47	5871477	143341968.000
03/18/2014	24.47	24.71	24.08	24.32	4839837	118011392.000
03/19/2014	24.56	24.67	23.98	24.67	4844287	118400608.000
03/20/2014	24.63	24.67	23.42	23.42	4919460	118600136.000
03/21/2014	23.04	24.02	22.35	23.97	4677689	108973280.000
03/24/2014	23.80	23.91	22.80	23.19	4232661	98751512.000
03/25/2014	23.26	24.17	23.20	23.45	4143186	98507968.000
03/26/2014	23.41	24.00	23.03	23.92	3641969	85647568.000
03/27/2014	23.93	23.93	22.87	22.87	3747799	87285184.000
03/28/2014	22.57	23.06	20.58	20.97	6986673	151266336.000
03/31/2014	20.78	20.97	20.07	20.19	4088677	83730456.000
04/01/2014	20.36	20.66	20.18	20.56	3157650	64652056.000
04/02/2014	20.38	20.70	19.83	20.58	3585380	72750776.000
04/03/2014	20.47	21.61	20.45	21.22	5252223	110670960.000
04/04/2014	21.12	21.33	20.69	21.10	3378738	70933712.000
04/08/2014	20.77	21.13	20.48	21.01	3222963	67355568.000
04/09/2014	21.01	23.04	20.92	22.76	8475133	188302384.000
04/10/2014	22.42	22.56	21.77	21.87	6642688	147160784.000
04/11/2014	21.55	21.75	21.27	21.40	2936373	63142512.000
04/14/2014	21.17	21.89	21.11	21.64	2144009	46343428.000
04/15/2014	21.97	23.47	21.45	21.77	6284154	142155840.000
04/16/2014	21.47	22.09	21.13	21.76	3727375	80861936.000
04/17/2014	21.46	21.71	21.27	21.29	3634745	78055544.000
04/18/2014	21.22	22.40	20.91	22.28	5374204	115700888.000
04/21/2014	22.17	22.47	21.65	21.71	4980683	109898464.000
04/22/2014	21.45	21.70	20.46	20.86	4110547	86559776.000
04/23/2014	20.86	21.15	20.56	21.07	2369862	49649356.000
04/24/2014	20.84	21.06	19.98	20.37	3334455	68408784.000
04/25/2014	20.27	20.45	19.17	19.17	3523770	70037408.000
04/28/2014	18.77	18.92	18.19	18.79	3748294	69616216.000
04/29/2014	18.64	19.05	18.57	18.93	2483199	46836464.000
04/30/2014	18.87	19.60	18.87	19.10	2127786	40925428.000
05/05/2014	19.05	19.36	18.97	19.32	2343970	45045264.000
05/06/2014	19.22	19.83	19.17	19.57	3325358	65135448.000
05/07/2014	19.47	19.47	18.32	18.45	3846277	72811424.000
05/08/2014	18.44	19.11	18.28	18.48	2589639	48585760.000
05/09/2014	18.44	18.85	18.29	18.40	2509882	46600644.000
05/12/2014	18.72	20.24	18.49	20.24	6346151	124282240.000
05/13/2014	20.29	21.84	20.25	20.46	13737398	289078112.000
05/14/2014	20.27	21.15	19.66	20.67	6684087	136947760.000
05/15/2014	20.43	21.84	20.18	21.45	11232969	239808000.000
05/16/2014	21.17	21.47	20.48	20.99	6119345	128357760.000
05/19/2014	20.61	20.84	20.27	20.39	4547684	93263512.000
05/20/2014	20.59	21.02	20.34	20.40	4804381	99597880.000
05/21/2014	20.15	20.59	19.85	20.52	3608017	73150040.000
05/22/2014	20.53	21.17	20.24	20.27	4223482	87665280.000
05/23/2014	20.27	20.57	19.93	20.53	4653582	93941312.000
05/26/2014	20.56	21.11	20.32	20.82	5298352	109899016.000
05/27/2014	20.63	20.78	20.14	20.17	4446030	90854496.000
05/28/2014	20.28	21.04	20.13	20.97	6012784	123998848.000
05/29/2014	20.99	21.42	20.52	20.52	5604513	117586720.000
05/30/2014	20.46	22.58	20.37	21.65	9881480	215933792.000
06/03/2014	21.43	23.82	21.42	23.82	16268254	374999104.000
06/04/2014	24.17	26.21	24.12	26.21	21718001	546272000.000
06/05/2014	26.82	28.83	25.58	28.83	26067004	705040576.000
06/06/2014	27.22	27.83	25.98	26.02	26871984	723174784.000
06/09/2014	25.87	26.47	24.98	25.28	18830819	483190304.000
06/10/2014	25.55	26.02	25.18	25.83	15557136	399280800.000
06/11/2014	25.76	26.15	25.28	25.71	12655355	325192768.000
06/12/2014	25.47	28.17	25.33	26.96	25760160	695022464.000
06/13/2014	26.92	27.93	26.46	26.72	17527988	473667520.000
06/16/2014	27.52	29.26	26.97	27.14	20501622	574771008.000
06/17/2014	26.63	26.86	25.67	25.67	13779664	360944928.000
06/18/2014	25.77	26.42	24.97	25.14	9430607	242936624.000
06/19/2014	25.09	25.50	23.75	24.22	8944868	220847264.000
06/20/2014	24.30	25.17	23.85	25.05	6976278	171325232.000
06/23/2014	25.35	26.19	25.00	25.62	8277253	211946560.000
06/24/2014	25.50	25.67	24.90	25.07	6740743	169919600.000
06/25/2014	24.95	27.20	24.95	26.78	16076709	422864864.000
06/26/2014	26.40	27.19	26.00	26.90	12696539	337715264.000
06/27/2014	26.68	27.86	26.42	26.47	11628731	314132832.000
06/30/2014	26.40	26.40	25.21	25.74	9054605	232854032.000
07/01/2014	25.96	26.87	25.63	26.02	7653006	201307280.000
07/02/2014	25.85	25.88	25.30	25.60	6545764	166986640.000
07/03/2014	25.42	26.00	25.36	25.45	5004616	128042568.000
07/04/2014	25.41	26.20	25.40	25.90	6588663	170490992.000
07/07/2014	25.79	25.79	24.93	25.14	5950770	150009808.000
07/08/2014	25.30	25.65	25.03	25.58	4667991	118498248.000
07/09/2014	25.55	25.58	23.93	24.05	7391051	183299136.000
07/10/2014	23.95	24.18	23.18	23.41	5942865	140141664.000
07/11/2014	23.45	23.80	23.30	23.70	3819365	89971576.000
07/14/2014	23.59	24.28	23.20	24.24	4624757	109971320.000
07/15/2014	23.88	23.97	23.35	23.49	4157367	98000424.000
07/16/2014	23.40	24.09	23.35	23.47	3518214	83334832.000
07/17/2014	23.22	24.00	23.22	23.97	4957623	117677904.000
07/18/2014	23.66	23.82	23.25	23.38	4307238	101216856.000
07/21/2014	23.30	23.44	21.80	21.89	6422788	142450928.000
07/22/2014	21.87	22.23	21.83	22.21	3769618	83321840.000
07/23/2014	22.18	22.20	20.89	21.20	5151103	110528640.000
07/24/2014	20.98	21.33	20.52	21.06	3702633	77640392.000
07/25/2014	20.60	21.50	20.60	21.30	2989724	63488136.000
07/28/2014	21.30	21.95	21.18	21.73	3469127	75032384.000
07/29/2014	21.73	22.77	21.73	22.50	5884993	131846328.000
07/30/2014	22.55	24.48	22.55	24.08	10344962	247068704.000
07/31/2014	23.81	23.82	23.21	23.46	5811233	136413552.000
08/01/2014	23.20	23.38	22.50	22.53	5035726	115637608.000
08/28/2014	23.70	24.78	23.50	24.78	4497572	110315672.000
08/29/2014	26.93	26.93	23.80	24.17	13263159	332549984.000
09/01/2014	23.20	23.88	23.02	23.86	7659178	179465568.000
09/02/2014	23.66	26.25	23.61	25.13	11641311	293122432.000
09/03/2014	25.00	25.59	24.62	25.12	8038526	201286368.000
09/04/2014	25.02	25.30	24.62	24.87	5206805	129344776.000
09/05/2014	24.81	25.02	24.36	24.53	5074680	124810576.000
09/09/2014	24.40	24.96	24.40	24.64	4189375	103352304.000
09/10/2014	24.59	24.59	23.94	24.32	4734930	114639960.000
09/11/2014	24.21	25.30	24.10	25.25	11711134	291757824.000
09/12/2014	25.61	26.63	25.21	25.66	14794448	383607264.000
09/15/2014	25.71	25.80	25.25	25.40	7247388	184492640.000
09/16/2014	25.30	25.85	23.71	23.98	8140240	202660576.000
09/17/2014	24.02	24.47	23.44	23.78	4680368	111517632.000
09/18/2014	23.95	24.58	23.95	24.26	4775451	115883648.000
09/19/2014	24.19	24.25	23.70	24.07	3755957	89911544.000
09/22/2014	24.07	24.59	23.68	24.15	5111858	123796104.000
09/23/2014	24.17	24.45	24.08	24.36	3792571	92068336.000
09/24/2014	24.30	26.80	24.14	26.80	11165995	292855072.000
09/25/2014	27.30	27.90	26.14	26.22	18654981	501602112.000
09/26/2014	26.01	26.83	25.59	26.45	8510625	225304928.000
09/29/2014	26.62	27.35	26.23	26.63	8752754	235003200.000
09/30/2014	26.72	26.96	25.83	26.05	7099032	185815408.000
10/08/2014	26.05	26.73	25.95	26.25	7120835	187503952.000
10/09/2014	26.26	26.54	25.83	26.37	6174828	161718896.000
10/10/2014	26.26	26.29	25.70	25.73	4697000	121882440.000
10/13/2014	25.47	25.90	25.00	25.23	5051100	127727968.000
10/14/2014	25.61	26.70	25.61	25.98	9175238	240660832.000
10/15/2014	25.62	25.80	25.23	25.55	4517966	115204104.000
10/16/2014	25.38	26.30	25.26	25.62	5675895	146994000.000
10/17/2014	25.56	26.78	25.41	26.51	9979395	261638880.000
10/20/2014	26.40	27.19	26.10	26.71	8775738	234202944.000
10/21/2014	26.65	26.88	25.70	25.70	6506783	170998960.000
10/22/2014	25.40	25.58	24.51	24.51	6865387	171432400.000
10/23/2014	24.39	25.20	24.05	24.66	3853780	94299616.000
10/24/2014	24.65	24.98	24.07	24.18	3075327	75357760.000
10/27/2014	24.17	24.17	23.21	23.67	3236380	76500352.000
10/28/2014	23.87	24.48	23.70	24.47	3214681	77926200.000
10/29/2014	24.47	24.79	24.26	24.62	3979412	97464408.000
10/30/2014	24.50	24.73	24.10	24.10	4311222	105127736.000
10/31/2014	24.08	24.29	23.79	24.10	3496146	84049928.000
数据来源:通达信
