300203 聚光科技 日线
      日期	    开盘	    最高	    最低	    收盘	    成交量	    成交额
04/15/2011	21.81	24.64	21.05	21.28	25974722	582661760.000
04/18/2011	20.34	20.62	19.52	19.62	11653918	233028544.000
04/19/2011	19.59	19.62	18.75	18.76	6788753	130223144.000
04/20/2011	18.74	19.20	18.54	18.71	4061153	77196808.000
04/21/2011	18.67	19.13	18.56	18.74	2875841	54483288.000
04/22/2011	18.64	18.69	18.15	18.31	3443279	63717992.000
04/25/2011	18.16	18.39	17.95	17.97	1629511	29827002.000
04/26/2011	17.84	18.14	17.55	17.69	1399878	25231512.000
04/27/2011	17.94	17.94	17.29	17.34	1670716	29444854.000
04/28/2011	17.44	17.52	16.80	16.80	1594438	27396636.000
04/29/2011	16.64	17.20	16.64	16.95	1089573	18627240.000
05/03/2011	16.95	17.08	16.72	17.00	777743	13294996.000
05/04/2011	16.88	17.01	16.65	16.74	749256	12724030.000
05/05/2011	16.74	17.14	16.60	17.12	997342	17073640.000
05/06/2011	17.02	17.39	16.94	17.18	1000059	17389136.000
05/09/2011	17.33	17.34	17.08	17.14	859266	14940344.000
05/10/2011	17.16	17.50	17.11	17.48	1104132	19375300.000
05/11/2011	17.49	17.62	17.30	17.49	1013671	17886296.000
05/12/2011	17.44	17.44	17.14	17.23	1030600	17991114.000
05/13/2011	17.22	17.40	16.85	17.14	628917	10826073.000
05/16/2011	17.14	17.54	17.14	17.35	868142	15234775.000
05/17/2011	17.36	17.49	17.15	17.36	679977	11911047.000
05/19/2011	17.42	17.42	16.93	16.96	932657	16095565.000
05/20/2011	16.84	17.01	16.70	16.74	698010	11838845.000
05/23/2011	16.69	16.79	15.85	15.86	1059219	17399662.000
05/24/2011	15.84	16.21	15.52	15.84	1267137	20343572.000
05/25/2011	15.86	16.10	15.67	15.72	675651	10849867.000
05/26/2011	15.72	15.99	15.56	15.59	332557	5292051.500
05/27/2011	15.53	15.83	15.04	15.42	503153	7870604.500
05/30/2011	15.33	15.56	15.13	15.35	428049	6662788.000
05/31/2011	15.33	15.73	15.32	15.71	544826	8606147.000
06/01/2011	15.72	15.89	15.64	15.84	411282	6567838.000
06/02/2011	15.79	15.79	15.28	15.43	513193	8000033.000
06/03/2011	15.48	15.69	15.32	15.60	336862	5283290.000
06/07/2011	15.61	15.71	15.45	15.68	387888	6116373.500
06/08/2011	15.68	15.68	15.46	15.54	200988	3149129.500
06/09/2011	15.48	15.61	15.04	15.05	372596	5752273.000
06/10/2011	15.18	15.33	14.95	15.12	281986	4301004.500
06/13/2011	15.44	15.72	15.32	15.53	655830	10260827.000
06/14/2011	15.35	15.62	15.23	15.47	506256	7917943.500
06/15/2011	15.42	15.49	15.29	15.34	208958	3247651.500
06/16/2011	15.09	15.40	15.08	15.16	237010	3649072.000
06/17/2011	15.14	15.24	14.95	14.98	259929	3958338.500
06/20/2011	14.96	15.05	14.87	14.94	233358	3526267.500
06/21/2011	15.19	15.19	14.83	15.04	213184	3219721.750
06/22/2011	15.04	15.06	14.85	14.93	223872	3381858.000
06/23/2011	14.87	15.31	14.56	15.24	585253	8871132.000
06/24/2011	15.04	15.67	15.03	15.53	692138	10804147.000
06/28/2011	15.65	15.82	15.39	15.55	457459	7198742.500
06/29/2011	15.55	15.75	15.31	15.32	405018	6322859.500
06/30/2011	15.30	15.57	15.30	15.52	407632	6363674.000
07/01/2011	15.54	15.72	15.40	15.57	614852	9676727.000
07/04/2011	15.45	16.14	15.45	16.05	890918	14299278.000
07/05/2011	16.01	16.12	15.86	16.07	765338	12372683.000
07/06/2011	16.07	16.55	15.85	16.45	1157850	19058542.000
07/07/2011	16.34	17.22	16.34	17.02	2219304	37869540.000
07/08/2011	16.88	17.02	16.60	16.86	911497	15456525.000
07/11/2011	16.84	16.93	16.55	16.84	768807	12977269.000
07/12/2011	16.66	16.69	16.26	16.30	751364	12449265.000
07/13/2011	16.30	16.74	16.30	16.64	617099	10326227.000
07/14/2011	16.66	17.12	16.50	17.12	1535475	26110714.000
07/15/2011	17.13	17.76	16.99	17.45	2824285	49983736.000
07/18/2011	17.39	17.59	16.92	16.99	1841076	31895074.000
07/19/2011	16.89	16.96	16.34	16.52	1738375	29074178.000
07/20/2011	16.64	16.69	16.34	16.58	1010715	16869248.000
07/21/2011	16.49	16.61	16.15	16.23	1058650	17433638.000
07/22/2011	16.23	16.42	16.17	16.42	1224330	20158224.000
07/25/2011	16.48	16.50	15.75	15.77	1453678	23659468.000
07/26/2011	15.75	15.92	15.54	15.63	974828	15416847.000
07/27/2011	15.50	16.41	15.50	16.33	1318588	21422010.000
07/28/2011	16.13	16.94	16.01	16.86	1942833	32537454.000
07/29/2011	16.84	16.85	16.42	16.43	1054807	17698602.000
08/01/2011	16.43	17.00	16.39	17.00	1552600	26282444.000
08/02/2011	16.84	17.43	16.74	17.27	3016191	52206736.000
08/03/2011	16.99	17.96	16.95	17.68	3922212	69834640.000
08/04/2011	17.63	17.74	16.97	17.26	2371396	41234316.000
08/05/2011	16.64	16.99	16.36	16.69	1450942	24522158.000
08/08/2011	16.59	16.59	15.09	15.69	2195347	34904264.000
08/09/2011	15.31	15.82	15.10	15.62	852777	13330054.000
08/10/2011	16.19	16.19	15.80	15.80	943289	15233400.000
08/11/2011	15.51	16.82	15.34	16.74	1707390	28184998.000
08/12/2011	16.79	17.06	16.68	16.76	1428432	24370716.000
08/15/2011	16.74	17.49	16.74	17.31	1774500	30864320.000
08/16/2011	17.31	17.47	17.09	17.28	1434818	25013646.000
08/17/2011	17.26	17.84	17.24	17.81	2318270	41179936.000
08/18/2011	17.80	17.94	17.42	17.45	2158276	38471420.000
08/19/2011	16.92	17.42	16.75	17.16	1529020	26450556.000
08/22/2011	17.14	18.11	17.14	17.64	1758484	31418750.000
08/23/2011	17.69	19.34	17.69	19.07	5383231	101158280.000
08/24/2011	19.01	19.09	18.54	18.67	3309818	62730876.000
08/25/2011	18.59	18.92	18.19	18.67	4826824	89936456.000
08/26/2011	18.54	18.92	18.29	18.80	2668859	50195176.000
08/29/2011	18.84	19.19	18.67	18.67	2180787	41560372.000
08/30/2011	18.59	18.79	18.09	18.12	1809073	33722852.000
08/31/2011	18.09	18.23	17.35	17.62	1317818	23463484.000
09/01/2011	17.44	17.82	17.25	17.39	930989	16487769.000
09/02/2011	17.29	17.67	17.29	17.64	856073	15139286.000
09/05/2011	17.38	17.38	16.85	17.02	777828	13468454.000
09/06/2011	16.84	17.39	16.82	17.14	524837	9075616.000
09/07/2011	17.19	17.90	17.19	17.79	959260	17169874.000
09/08/2011	17.97	18.39	17.79	17.97	1703212	31092214.000
09/09/2011	17.84	18.02	17.25	17.41	1082827	19242702.000
09/14/2011	17.15	17.49	16.34	17.02	1506824	25627426.000
09/15/2011	17.08	17.19	16.84	16.88	940905	16103937.000
09/16/2011	16.97	17.12	16.54	16.84	1067064	18125942.000
09/19/2011	16.55	16.72	16.10	16.10	593800	9777138.000
09/20/2011	16.19	16.34	15.89	16.11	385209	6253616.500
09/21/2011	16.11	16.73	16.02	16.63	634992	10561437.000
09/22/2011	16.49	16.77	16.36	16.37	467846	7807748.000
09/23/2011	16.10	16.52	16.02	16.33	390679	6425103.000
09/26/2011	16.05	16.44	15.64	15.73	465050	7465805.000
09/27/2011	15.79	16.10	15.71	15.75	252594	4050454.500
09/28/2011	15.77	16.12	15.26	15.34	299800	4729810.500
09/29/2011	15.06	15.27	13.93	15.04	1398842	20770122.000
09/30/2011	14.84	14.84	14.47	14.60	344890	5103625.500
10/10/2011	14.27	14.86	14.27	14.64	204698	3049654.500
10/11/2011	14.93	15.14	14.52	14.65	229400	3437036.250
10/12/2011	14.45	15.08	14.40	15.04	686086	10340159.000
10/13/2011	15.10	15.44	14.94	15.14	872174	13409597.000
10/14/2011	15.06	15.16	14.95	15.10	263143	4002369.500
10/17/2011	15.16	15.19	14.99	15.12	453966	6917851.000
10/18/2011	15.17	15.17	14.64	14.66	395981	5930003.000
10/19/2011	14.70	14.80	14.35	14.45	310255	4556251.500
10/20/2011	14.38	14.44	13.79	13.79	449789	6360412.500
10/21/2011	14.04	15.17	14.04	14.13	767922	11231604.000
10/24/2011	14.02	14.37	13.66	14.29	645223	9193060.000
10/25/2011	14.22	14.93	14.04	14.84	931299	13792157.000
10/26/2011	14.84	15.66	14.59	15.50	1935361	30030114.000
10/27/2011	15.78	16.40	15.34	16.13	4360414	70836096.000
10/28/2011	16.14	16.84	16.02	16.84	3265798	54340964.000
10/31/2011	16.96	17.29	16.54	17.04	2398331	41016168.000
11/01/2011	16.77	17.16	16.58	16.83	1322636	22460096.000
11/02/2011	16.44	17.56	16.44	17.56	2021721	34883180.000
11/03/2011	17.59	18.09	17.19	17.59	2118107	37555016.000
11/04/2011	17.60	17.68	17.25	17.44	1075389	19024414.000
11/07/2011	17.26	17.91	17.23	17.59	2009609	35907620.000
11/08/2011	17.63	17.63	16.97	17.24	848183	14793283.000
11/09/2011	17.24	17.31	16.75	17.14	1218392	20954240.000
11/10/2011	17.19	18.24	16.85	17.90	3890636	70017376.000
11/11/2011	17.83	18.00	17.64	17.84	1014576	18241316.000
11/14/2011	18.10	18.49	17.95	18.21	2106649	38737036.000
11/15/2011	18.20	18.83	18.10	18.71	2047306	38297556.000
11/16/2011	18.57	18.72	17.85	17.89	1471677	26825178.000
11/17/2011	18.05	19.70	18.05	18.72	4881573	93905912.000
11/18/2011	18.15	18.33	17.44	18.24	3409848	61627044.000
11/21/2011	17.97	18.18	17.50	17.74	1247982	22483220.000
11/22/2011	17.59	18.44	17.30	18.34	1754689	32054714.000
11/23/2011	18.34	18.84	18.27	18.64	1818013	34139456.000
11/24/2011	18.67	19.09	18.30	18.84	2089381	39520568.000
11/25/2011	18.84	18.97	18.16	18.16	1103514	20680600.000
11/28/2011	18.34	18.45	17.61	18.04	1607461	29081470.000
11/29/2011	17.99	18.12	17.65	18.06	801503	14455412.000
11/30/2011	17.99	18.20	16.97	17.84	1722165	30383952.000
12/01/2011	18.03	18.59	17.85	18.58	2062965	38167072.000
12/02/2011	18.59	18.63	17.76	18.04	1036326	18962038.000
12/05/2011	18.04	18.05	17.00	17.74	809124	14176915.000
12/06/2011	17.06	18.05	17.06	17.94	534167	9531548.000
12/07/2011	18.04	19.74	18.03	18.68	2427000	46488492.000
12/08/2011	18.35	19.22	17.24	18.84	2280817	42155488.000
12/09/2011	18.54	20.04	18.14	19.86	5196707	102208504.000
12/12/2011	19.59	19.82	19.14	19.39	2329983	45781252.000
12/13/2011	19.16	19.72	18.77	19.54	2777900	54008068.000
12/14/2011	19.34	19.53	17.57	17.57	3419523	63326620.000
12/15/2011	17.69	19.04	17.69	17.92	5067305	93789848.000
12/16/2011	17.12	19.44	16.95	19.43	4300312	79709064.000
12/19/2011	19.05	20.39	18.78	19.94	6630635	131229712.000
12/20/2011	19.67	20.18	18.94	19.29	3791490	74658168.000
12/21/2011	19.70	19.82	18.64	18.65	3210436	62716484.000
12/22/2011	18.49	19.52	17.26	18.84	4036947	74296600.000
12/23/2011	18.54	18.93	17.85	18.16	2700682	50054528.000
12/26/2011	18.23	18.24	17.50	17.57	1889089	34150100.000
12/27/2011	17.34	18.11	17.19	17.42	1791793	31951978.000
12/28/2011	16.99	17.33	16.00	16.84	2664043	44205932.000
12/29/2011	16.64	16.83	16.24	16.54	1648114	27383912.000
12/30/2011	16.54	17.19	16.42	17.14	1693122	28960362.000
01/04/2012	17.24	17.39	16.24	16.59	1235357	21017412.000
01/05/2012	16.58	16.58	15.04	15.12	1548011	24417076.000
01/06/2012	15.02	15.34	14.74	15.23	834439	12670840.000
01/09/2012	15.15	15.80	14.75	15.80	1765188	27610512.000
01/10/2012	15.73	16.24	15.54	16.08	2301762	37217120.000
01/11/2012	16.03	16.83	15.69	16.10	2149203	35448188.000
01/12/2012	15.95	16.27	15.82	16.00	1365634	22088718.000
01/13/2012	16.04	16.23	14.38	14.38	2686891	40228856.000
01/16/2012	14.07	14.18	13.20	13.34	1294825	17896034.000
01/17/2012	13.32	14.13	12.96	13.92	1323581	18208186.000
01/18/2012	13.83	13.97	12.74	12.82	1701100	23017040.000
01/19/2012	12.74	13.16	12.69	12.91	1075420	14028021.000
01/20/2012	13.04	13.54	12.99	13.35	890594	12010207.000
01/30/2012	13.49	13.62	13.25	13.44	650750	8854401.000
01/31/2012	13.44	13.45	12.87	13.44	679621	9041755.000
02/01/2012	13.16	13.80	13.11	13.71	908399	12509961.000
02/02/2012	13.74	14.24	13.49	14.24	1023352	14272047.000
02/03/2012	14.13	14.44	14.04	14.39	1143748	16508354.000
02/06/2012	14.49	14.73	14.32	14.48	1073857	15701434.000
02/07/2012	14.33	14.39	13.94	14.11	940881	13454857.000
02/08/2012	14.11	14.50	13.94	14.44	1108008	15988149.000
02/09/2012	14.44	14.81	14.30	14.60	1559555	23012898.000
02/10/2012	14.52	14.63	14.24	14.40	1063665	15493749.000
02/13/2012	14.14	14.72	14.10	14.66	1385468	20369470.000
02/14/2012	14.66	14.69	14.36	14.53	638863	9412051.000
02/15/2012	14.37	15.11	14.37	14.97	2142488	32126454.000
02/16/2012	15.06	15.18	14.74	14.93	1791042	27131404.000
02/17/2012	14.93	15.17	14.82	14.97	1015775	15374411.000
02/20/2012	15.20	15.24	14.74	14.79	1563651	23558190.000
02/21/2012	14.66	15.00	14.60	14.90	1373506	20549598.000
02/22/2012	14.91	15.44	14.84	15.37	2248610	34475004.000
02/23/2012	15.40	15.83	15.25	15.59	2342029	36783540.000
02/24/2012	15.63	16.66	15.54	16.04	2540432	41268092.000
02/27/2012	15.94	16.13	15.76	15.87	1290360	20764432.000
02/28/2012	15.86	16.82	15.81	16.58	4154093	68988736.000
02/29/2012	17.11	17.13	16.25	16.53	1959514	32708502.000
03/01/2012	17.24	17.79	16.35	16.51	4339543	73807152.000
03/02/2012	16.40	16.94	16.40	16.69	3192162	53787168.000
03/05/2012	17.12	17.38	16.74	16.79	4098078	70831464.000
03/06/2012	16.73	16.82	16.10	16.23	2157712	35590288.000
03/07/2012	15.87	16.52	15.87	15.98	2117451	34677704.000
03/08/2012	16.02	16.48	16.02	16.29	1970265	32254158.000
03/09/2012	16.66	16.66	16.31	16.49	1644846	27279026.000
03/12/2012	16.82	17.03	16.34	16.52	2620889	44020636.000
03/13/2012	16.64	17.30	16.54	17.10	3498557	59930960.000
03/14/2012	17.14	17.19	15.75	15.84	3324048	55748788.000
03/15/2012	15.83	16.07	14.95	15.09	2199259	34106692.000
03/16/2012	15.40	15.59	15.11	15.52	1364993	21247856.000
03/19/2012	15.59	15.78	15.24	15.70	1412273	22078006.000
03/20/2012	15.65	15.67	15.14	15.16	1037144	16032595.000
03/21/2012	15.30	15.40	14.87	15.24	837783	12784457.000
03/22/2012	15.26	15.47	15.17	15.26	873358	13522003.000
03/23/2012	15.17	15.31	14.87	14.94	568749	8641911.000
03/26/2012	14.93	15.04	14.74	14.94	534569	8061877.500
03/27/2012	15.04	15.09	14.76	14.87	456468	6898379.000
03/28/2012	14.84	14.84	13.96	13.96	870550	12628034.000
03/29/2012	13.83	14.33	13.56	14.19	1099326	15485361.000
03/30/2012	14.12	14.28	13.74	14.17	799951	11358114.000
04/05/2012	14.09	14.61	13.95	14.60	842439	12204030.000
04/06/2012	14.61	14.61	14.36	14.48	470643	6900406.000
04/09/2012	14.54	14.54	14.14	14.34	420139	6070874.500
04/10/2012	13.89	14.41	13.64	14.41	1102351	15557460.000
04/11/2012	14.14	14.31	13.90	14.23	567956	8116516.000
04/12/2012	14.22	14.41	14.04	14.39	1009717	14576835.000
04/13/2012	14.35	14.84	14.34	14.60	902650	13317233.000
04/16/2012	14.44	14.98	14.24	14.97	1384877	20337692.000
04/17/2012	14.84	15.70	14.74	15.36	2875760	44560100.000
04/18/2012	15.58	15.83	15.34	15.72	2116662	33422970.000
04/19/2012	15.64	15.64	15.40	15.54	869779	13618916.000
04/20/2012	15.56	15.77	15.36	15.64	841399	13219968.000
04/23/2012	15.52	15.72	14.42	15.04	1754395	26636148.000
04/24/2012	14.82	15.05	14.35	14.79	1229272	18302628.000
04/25/2012	14.77	14.79	14.12	14.50	1224345	17764572.000
04/26/2012	14.37	14.44	14.14	14.20	595099	8566432.000
04/27/2012	14.20	14.38	13.99	14.22	660561	9491686.000
05/02/2012	14.26	14.44	14.04	14.33	720936	10374546.000
05/03/2012	14.22	14.33	14.03	14.29	737785	10541744.000
05/04/2012	14.42	14.82	14.40	14.57	1128781	16692293.000
05/07/2012	14.42	14.82	14.31	14.78	1559549	23055180.000
05/08/2012	14.84	15.11	14.62	14.76	1280890	19264808.000
05/09/2012	14.53	14.82	14.41	14.78	1128170	16702804.000
05/10/2012	14.69	14.89	14.54	14.86	803900	11981618.000
05/11/2012	14.86	15.00	14.64	14.64	1082610	16274849.000
05/14/2012	14.81	15.04	14.60	14.84	1008823	15112077.000
05/15/2012	14.71	15.11	14.54	15.11	1274558	19226546.000
05/16/2012	15.22	15.24	14.78	15.04	986716	15004118.000
05/17/2012	15.05	15.42	14.79	15.42	1430299	21915474.000
05/18/2012	15.37	15.97	15.16	15.76	2618244	41709048.000
05/21/2012	15.84	15.84	15.05	15.75	1907304	29902404.000
05/22/2012	15.87	15.89	15.52	15.79	1928393	30643626.000
05/23/2012	15.62	15.69	15.24	15.38	742581	11580631.000
05/24/2012	15.25	15.48	15.05	15.06	696253	10752188.000
05/25/2012	15.25	15.41	14.69	14.84	741359	11247240.000
05/28/2012	14.40	14.93	14.40	14.91	563818	8415717.000
05/29/2012	14.81	15.38	14.64	15.32	860518	13195994.000
05/30/2012	15.25	15.80	15.16	15.52	1062059	16708893.000
05/31/2012	15.44	15.80	15.29	15.55	811981	12836799.000
06/01/2012	15.66	15.66	15.22	15.27	494081	7689444.500
06/04/2012	15.02	15.27	14.80	15.08	640900	9717609.000
06/05/2012	14.85	15.09	14.77	14.96	349414	5269771.500
06/06/2012	15.09	15.13	14.85	15.04	276800	4185420.500
06/07/2012	15.09	15.49	14.91	15.14	443755	6836121.500
06/08/2012	15.44	15.44	14.97	15.09	618363	9494415.000
06/11/2012	14.86	16.07	14.80	15.90	1763567	27833044.000
06/12/2012	16.36	16.69	15.72	15.75	2841764	46708916.000
06/13/2012	16.04	17.34	15.85	16.94	6240180	107320752.000
06/14/2012	16.58	16.64	16.22	16.36	3551390	58939712.000
06/15/2012	16.35	16.50	15.93	16.26	2030221	33131468.000
06/18/2012	16.26	16.74	16.05	16.50	2459231	40790312.000
06/19/2012	16.44	16.54	15.96	16.02	1209998	19707774.000
06/20/2012	16.12	16.30	15.76	15.80	1157823	18644510.000
06/21/2012	15.68	16.03	15.34	15.47	924005	14503984.000
06/25/2012	15.64	15.64	15.06	15.26	1415321	21787338.000
06/26/2012	15.14	15.18	14.81	15.04	946098	14281139.000
06/27/2012	14.88	15.32	14.88	15.06	916667	14055864.000
06/28/2012	15.21	15.21	14.82	14.82	559000	8489983.000
06/29/2012	14.94	14.95	14.49	14.95	856422	12714922.000
07/02/2012	14.99	15.44	14.96	15.34	888052	13720485.000
07/03/2012	15.34	15.50	15.14	15.46	606312	9409732.000
07/04/2012	15.29	15.67	15.19	15.33	583001	9039817.000
07/05/2012	15.38	15.38	14.78	14.78	480578	7288514.000
07/06/2012	14.83	15.03	14.48	14.94	746468	11074826.000
07/09/2012	14.95	14.95	14.29	14.31	499801	7348095.500
07/10/2012	14.28	14.37	14.13	14.30	383802	5527512.000
07/11/2012	14.23	14.52	14.23	14.36	158407	2294979.750
07/12/2012	14.45	14.68	14.27	14.61	278393	4086789.250
07/13/2012	14.61	15.18	14.61	14.86	728270	10992610.000
07/16/2012	14.88	14.88	13.72	13.76	532201	7646767.000
07/17/2012	13.86	14.00	13.78	13.92	307222	4297892.500
07/18/2012	13.92	14.12	13.75	14.11	314449	4406867.500
07/19/2012	13.93	14.43	13.93	14.14	215194	3087273.500
07/20/2012	14.14	14.23	13.98	14.15	156465	2228812.750
07/23/2012	14.15	14.23	13.89	14.06	104802	1489109.375
07/24/2012	13.86	14.28	13.86	14.18	165870	2358205.500
07/25/2012	14.17	14.37	13.98	14.16	200125	2855267.000
07/26/2012	14.03	14.26	14.03	14.08	161280	2302297.000
07/27/2012	13.90	14.17	13.90	14.10	154104	2186977.750
07/30/2012	14.00	14.17	13.81	14.03	177857	2506014.750
07/31/2012	14.08	14.13	13.61	13.88	329694	4601504.500
08/01/2012	14.01	14.43	13.88	14.37	354494	5115632.500
08/02/2012	14.23	14.63	14.16	14.52	467600	6820621.500
08/03/2012	14.62	14.68	14.32	14.62	425992	6251199.000
08/06/2012	14.57	14.80	14.51	14.68	872083	12914259.000
08/07/2012	14.81	14.87	14.64	14.78	598583	8899604.000
08/08/2012	14.83	14.89	14.48	14.69	294719	4359637.000
08/09/2012	14.73	14.83	14.58	14.80	208506	3095020.250
08/10/2012	14.88	14.97	14.61	14.73	144450	2139392.000
08/13/2012	14.53	14.73	14.44	14.50	249679	3661049.750
08/14/2012	14.48	14.73	14.10	14.68	401921	5821285.500
08/15/2012	14.67	14.76	14.55	14.64	284295	4196861.500
08/16/2012	14.67	14.67	14.42	14.56	158801	2322859.500
08/17/2012	14.43	14.58	14.34	14.58	155124	2267463.500
08/20/2012	14.35	14.66	14.35	14.66	221504	3244115.500
08/21/2012	14.63	15.14	14.56	14.98	557081	8397614.000
08/22/2012	15.16	15.48	14.68	14.88	547037	8347376.000
08/23/2012	14.88	14.88	14.53	14.73	430391	6346336.000
08/24/2012	14.59	14.72	14.36	14.68	302814	4430949.500
08/27/2012	14.52	14.73	14.38	14.65	264389	3905012.500
08/28/2012	14.51	14.68	14.28	14.61	222661	3250453.250
08/29/2012	14.43	14.73	14.37	14.46	299670	4384704.000
08/30/2012	14.29	14.55	13.70	14.53	487914	6992602.000
08/31/2012	14.39	14.71	14.30	14.67	179513	2635391.000
09/03/2012	14.46	14.93	14.46	14.90	322962	4826867.500
09/04/2012	14.97	15.07	14.75	15.04	549405	8282572.000
09/05/2012	15.03	15.19	14.89	15.03	427179	6490698.000
09/06/2012	14.99	15.13	14.84	15.08	322239	4879482.000
09/07/2012	15.08	15.64	15.08	15.60	1219040	18961316.000
09/10/2012	15.48	15.67	15.35	15.67	677975	10600879.000
09/11/2012	15.45	15.64	15.35	15.58	526691	8205658.000
09/12/2012	15.57	15.57	15.33	15.36	468845	7267627.000
09/13/2012	15.41	15.50	15.01	15.01	351899	5417639.000
09/14/2012	15.01	15.33	14.90	15.27	426334	6504628.000
09/17/2012	15.26	15.26	14.86	15.18	255903	3889160.500
09/18/2012	15.08	15.28	14.91	15.25	329510	5019925.500
09/19/2012	15.20	15.50	15.20	15.48	998283	15494793.000
09/20/2012	15.51	15.63	14.68	15.13	647186	9822803.000
09/21/2012	14.71	15.03	14.38	15.03	657842	9805672.000
09/24/2012	14.95	15.10	14.58	15.06	270981	4060867.750
09/25/2012	14.90	15.02	14.68	14.97	96299	1443617.125
09/26/2012	14.93	14.93	14.54	14.84	165350	2450934.000
09/27/2012	14.78	15.32	14.68	15.16	275944	4179189.000
09/28/2012	15.02	15.24	14.96	15.08	274244	4187605.250
10/08/2012	15.08	15.13	14.73	15.04	191105	2873591.500
10/09/2012	14.93	15.28	14.93	15.28	266385	4079122.500
10/10/2012	15.18	15.41	15.08	15.38	352900	5432977.500
10/11/2012	15.38	15.67	15.14	15.33	601417	9324883.000
10/12/2012	15.28	15.38	15.02	15.27	297620	4540577.000
10/15/2012	15.05	15.23	14.79	15.06	312772	4715803.500
10/16/2012	14.94	15.04	14.58	14.78	324637	4856880.000
10/17/2012	14.86	14.86	14.58	14.68	257708	3810319.000
10/18/2012	14.72	14.86	14.64	14.82	367067	5458018.000
10/19/2012	14.74	14.85	14.64	14.73	267314	3973060.250
10/22/2012	14.63	14.77	14.48	14.77	347256	5102835.500
10/23/2012	14.77	14.97	14.62	14.71	482323	7189925.500
10/24/2012	14.64	14.76	14.26	14.71	746012	10902326.000
10/25/2012	14.50	15.38	14.50	14.77	2590232	39069448.000
10/26/2012	14.93	14.97	13.99	14.36	1796419	25859650.000
10/29/2012	14.02	14.24	13.76	14.15	528600	7469410.000
10/30/2012	13.94	14.11	13.85	13.98	587414	8255424.500
10/31/2012	13.89	14.03	13.63	14.03	442438	6173521.000
11/01/2012	13.98	14.18	13.98	14.13	274787	3911935.250
11/02/2012	14.13	14.27	13.99	14.23	304097	4334704.500
11/05/2012	14.18	14.28	13.98	14.23	332847	4731373.000
11/06/2012	14.05	14.23	13.92	14.23	261025	3715654.500
11/07/2012	14.26	14.35	14.19	14.32	392353	5656183.500
11/08/2012	14.26	14.26	13.96	14.23	280550	3984083.000
11/09/2012	14.13	14.21	14.01	14.20	179441	2551111.250
11/12/2012	14.13	14.48	14.03	14.28	350330	5055888.500
11/13/2012	14.14	14.26	13.93	14.17	350307	4964308.500
11/14/2012	14.00	14.19	13.97	14.16	195287	2777690.750
11/15/2012	14.01	14.20	13.98	14.15	206158	2932695.500
11/16/2012	14.00	14.15	13.91	14.15	266710	3776707.500
11/19/2012	14.03	14.32	14.03	14.31	414065	5931155.500
11/20/2012	14.49	14.76	14.13	14.16	509804	7394767.500
11/21/2012	14.09	14.09	13.68	14.02	830400	11611188.000
11/22/2012	13.88	13.88	13.72	13.84	210106	2922877.000
11/23/2012	13.76	13.85	13.59	13.73	370411	5119820.000
11/26/2012	13.73	13.73	13.28	13.50	223834	3035930.250
11/27/2012	13.49	13.49	12.82	13.10	303677	3999106.500
11/28/2012	12.91	13.11	11.88	12.48	889973	11056998.000
11/29/2012	12.24	12.50	12.19	12.47	266496	3328239.000
11/30/2012	12.24	12.66	12.24	12.66	330943	4171924.500
12/03/2012	12.40	12.57	12.00	12.01	247551	3047204.250
12/04/2012	11.90	12.35	11.63	12.03	386382	4640728.000
12/05/2012	11.90	12.44	11.88	12.38	567129	7019390.000
12/06/2012	12.47	12.53	12.26	12.31	267251	3347293.000
12/07/2012	12.31	12.64	12.28	12.61	389138	4910008.500
12/10/2012	12.62	12.80	12.48	12.69	385975	4930717.000
12/11/2012	12.74	12.74	12.48	12.63	242755	3091053.000
12/12/2012	12.58	12.75	12.35	12.72	405069	5141158.500
12/13/2012	13.17	13.34	12.63	12.70	652598	8507251.000
12/14/2012	12.49	13.05	12.36	13.00	846024	10957809.000
12/17/2012	12.90	12.98	12.70	12.87	705881	9112917.000
12/18/2012	12.70	12.82	12.68	12.76	448839	5770753.500
12/19/2012	12.76	12.76	12.59	12.75	442833	5670996.000
12/20/2012	12.71	12.71	12.59	12.64	505426	6449500.000
12/21/2012	12.93	12.93	12.61	12.73	999577	12837922.000
12/24/2012	12.55	12.78	12.47	12.72	851673	10908470.000
12/25/2012	12.62	13.17	12.61	13.10	3706116	48174444.000
12/26/2012	13.07	13.51	12.95	13.39	3960079	53158520.000
12/27/2012	13.41	13.57	12.84	12.96	3360267	44553896.000
12/28/2012	12.88	13.15	12.69	13.10	4876612	63930668.000
12/31/2012	13.18	13.41	12.92	13.22	3333671	44272552.000
01/04/2013	13.23	13.29	12.96	13.14	1954391	25851652.000
01/07/2013	13.11	13.22	13.01	13.22	2377524	31367874.000
01/08/2013	13.26	14.09	13.09	13.65	5042110	69290472.000
01/09/2013	13.47	13.62	13.29	13.52	2455452	33409588.000
01/10/2013	13.51	13.60	13.34	13.48	1658766	22586506.000
01/11/2013	13.55	13.55	13.14	13.27	2043597	27596692.000
01/14/2013	14.61	14.61	13.88	14.35	10523104	152984864.000
01/15/2013	14.10	15.13	14.06	14.99	12594858	186606240.000
01/16/2013	14.84	14.86	14.07	14.38	7830820	113552288.000
01/17/2013	14.39	14.43	13.90	13.99	2906038	41467312.000
01/18/2013	13.99	14.22	13.98	14.17	1919437	27315806.000
01/21/2013	14.17	14.43	14.15	14.21	2413992	34717812.000
01/22/2013	14.21	14.21	13.68	13.84	2548787	35633864.000
01/23/2013	13.77	14.08	13.68	14.02	1673820	23523042.000
01/24/2013	14.03	14.05	13.54	13.75	1916904	26662728.000
01/25/2013	13.84	14.34	13.84	14.07	4382658	62472272.000
01/28/2013	13.97	14.35	13.97	14.30	2536383	36331916.000
01/29/2013	14.36	14.55	14.22	14.34	2595787	37576484.000
01/30/2013	14.24	14.34	13.63	13.78	4286165	59753024.000
01/31/2013	13.80	14.03	13.55	13.93	6288592	87058880.000
02/01/2013	13.80	14.10	13.69	13.85	4611586	64684676.000
02/04/2013	13.88	13.93	13.29	13.47	3436636	46843956.000
02/05/2013	13.28	13.38	13.09	13.35	2800159	37298660.000
02/06/2013	13.23	13.48	13.23	13.34	1726413	23302520.000
02/07/2013	13.37	13.59	13.35	13.49	1869929	25424300.000
02/08/2013	13.49	13.86	13.43	13.68	2978179	41114080.000
02/18/2013	13.88	14.04	13.78	13.89	6404670	89973680.000
02/19/2013	13.80	14.08	13.80	13.87	3763803	52905840.000
02/20/2013	13.84	14.42	13.84	14.25	6202070	88840960.000
02/21/2013	14.18	14.49	13.92	14.13	5706783	81730440.000
02/22/2013	14.08	14.30	14.00	14.03	2853254	40755296.000
02/25/2013	14.28	14.96	14.16	14.73	9779544	144701744.000
02/26/2013	14.58	15.04	14.53	14.65	9749098	145878784.000
02/27/2013	14.94	15.18	14.44	14.79	5684294	84687896.000
02/28/2013	14.76	15.38	14.53	15.33	7701667	116821248.000
03/01/2013	15.10	15.68	15.10	15.53	7666200	119273624.000
03/04/2013	15.63	16.07	14.95	15.24	8834862	138163888.000
03/05/2013	15.28	15.43	14.68	15.22	5040764	76484240.000
03/06/2013	15.35	15.43	14.96	15.22	6011578	91885680.000
03/07/2013	15.18	15.48	14.84	15.08	4566822	69862728.000
03/08/2013	15.04	15.23	14.62	14.73	3291094	49384564.000
03/11/2013	14.79	14.89	14.63	14.73	2094326	31129472.000
03/12/2013	14.74	14.79	13.78	13.96	4067177	58097740.000
03/13/2013	13.95	13.99	13.44	13.95	3353517	46632396.000
03/14/2013	13.95	14.16	13.86	13.98	2214614	31296032.000
03/15/2013	13.99	14.25	13.83	13.98	2607604	36974088.000
03/18/2013	14.16	14.61	14.16	14.36	5085699	73838048.000
03/19/2013	14.33	14.62	13.98	14.57	3673340	53091252.000
03/20/2013	14.87	15.23	14.68	14.99	9306069	140334048.000
03/21/2013	14.89	15.53	14.79	15.14	6981923	107054120.000
03/22/2013	15.14	15.22	14.90	15.02	3511679	53237496.000
03/25/2013	15.02	15.21	14.79	14.79	3584745	54146372.000
03/26/2013	14.76	14.76	14.38	14.44	2950150	43171408.000
03/27/2013	14.45	14.64	14.28	14.35	2216925	32244398.000
03/28/2013	14.21	14.55	14.04	14.19	2730897	39310452.000
03/29/2013	14.28	14.46	14.16	14.21	2415190	34800832.000
04/01/2013	14.17	14.55	14.16	14.41	1833728	26648122.000
04/02/2013	14.41	14.65	14.17	14.20	2356917	34311188.000
04/03/2013	14.17	14.20	13.58	13.80	2009587	27978436.000
04/08/2013	13.78	14.03	13.42	14.01	1458062	20231524.000
04/09/2013	14.02	14.20	14.02	14.07	1445193	20550670.000
04/10/2013	14.15	14.21	13.65	13.90	1575572	22014450.000
04/11/2013	13.90	14.02	13.78	13.85	1217923	17046968.000
04/12/2013	13.78	13.78	13.18	13.21	2329074	31496894.000
04/15/2013	13.18	13.18	12.87	12.96	1405312	18430682.000
04/16/2013	12.87	13.14	12.76	13.11	999990	13146552.000
04/17/2013	13.11	13.29	13.04	13.27	1210635	16066934.000
04/18/2013	13.18	13.37	13.10	13.34	1225225	16384565.000
04/19/2013	13.21	13.64	13.21	13.59	1749216	23808888.000
04/22/2013	13.48	13.68	13.40	13.65	1536974	20968124.000
04/23/2013	13.66	13.67	12.96	12.98	1730652	23109294.000
04/24/2013	12.98	13.32	12.96	13.29	1335838	17769958.000
04/25/2013	13.33	13.33	12.91	12.95	1490247	19672916.000
04/26/2013	13.04	13.04	12.62	12.83	1412643	18270092.000
05/02/2013	12.64	12.98	12.63	12.86	466299	6029051.000
05/03/2013	12.88	13.22	12.87	13.13	1037813	13717310.000
05/06/2013	13.13	13.45	13.13	13.35	1419250	19120248.000
05/07/2013	13.37	13.68	13.33	13.45	2006118	27442448.000
05/08/2013	13.48	13.71	13.44	13.63	1909796	26223976.000
05/09/2013	13.63	14.88	13.53	14.83	7168876	103517320.000
05/10/2013	14.64	15.06	14.35	14.54	4534502	66946008.000
05/13/2013	14.54	14.68	14.14	14.46	2909401	42224132.000
05/14/2013	14.44	14.46	14.03	14.08	2596579	37133368.000
05/15/2013	14.07	14.48	13.91	14.38	3960322	56825008.000
05/16/2013	14.38	14.57	13.95	13.99	4647084	66449508.000
05/17/2013	13.97	14.66	13.79	14.42	3661043	52587156.000
05/20/2013	14.52	14.81	14.33	14.67	4431866	65070652.000
05/21/2013	14.61	15.00	14.35	14.88	5276070	78057936.000
05/22/2013	14.84	14.84	14.19	14.33	3631180	53076032.000
05/23/2013	14.33	15.00	14.23	14.40	4868167	71950488.000
05/24/2013	14.53	15.03	14.53	14.97	5128232	76726328.000
05/27/2013	15.08	15.40	14.78	15.18	7795180	118615616.000
05/28/2013	15.17	15.17	14.41	14.50	4878605	72129920.000
05/29/2013	14.57	14.70	14.38	14.48	4052009	59363592.000
05/30/2013	14.47	14.74	14.38	14.67	3567988	52460728.000
05/31/2013	14.67	15.06	14.54	14.69	5650304	84437808.000
06/03/2013	14.71	14.84	14.04	14.14	4316950	62515764.000
06/04/2013	14.09	14.31	13.48	13.63	3635777	50903556.000
06/05/2013	13.68	13.76	13.40	13.62	2067278	28329098.000
06/06/2013	13.56	13.75	13.39	13.72	2433359	33388670.000
06/07/2013	13.86	13.86	13.28	13.41	2909745	39952700.000
06/13/2013	13.08	13.08	12.65	12.93	2838328	36793632.000
06/14/2013	12.93	13.77	12.88	13.60	4263833	57692168.000
06/17/2013	13.63	14.22	13.50	13.92	4629899	64892392.000
06/18/2013	14.06	14.06	13.50	13.83	3985502	55414144.000
06/19/2013	13.83	14.13	13.56	14.04	4086681	57093548.000
06/20/2013	13.86	14.01	13.10	13.14	3692459	50686432.000
06/21/2013	12.73	13.22	12.60	13.11	2240420	29189464.000
06/24/2013	13.11	13.18	12.18	12.47	2508110	32082212.000
06/25/2013	12.24	12.84	11.73	12.76	3905783	48700724.000
06/26/2013	12.65	13.22	12.65	13.15	2987596	39184820.000
06/27/2013	13.21	13.67	12.97	13.46	7316653	99085424.000
06/28/2013	13.28	13.61	13.16	13.44	2287538	30798798.000
07/01/2013	13.35	13.92	13.29	13.92	4581181	63145400.000
07/02/2013	13.91	14.04	13.63	13.96	4572900	63779196.000
07/03/2013	13.94	13.94	13.46	13.83	2767883	38257488.000
07/04/2013	13.76	13.83	13.49	13.63	2315359	31946246.000
07/05/2013	13.63	13.97	13.54	13.54	3279825	45601308.000
07/08/2013	12.89	13.01	12.54	13.01	3049209	39333528.000
07/09/2013	12.88	13.04	12.69	13.01	1167029	15158787.000
07/10/2013	12.98	13.41	12.86	13.38	1986712	26429408.000
07/11/2013	13.41	13.89	13.18	13.88	3530055	48246608.000
07/12/2013	13.84	14.26	13.68	13.72	3481056	48946284.000
07/15/2013	13.82	13.97	13.68	13.83	3198035	44645472.000
07/16/2013	13.90	14.23	13.85	14.02	4029033	57115272.000
07/17/2013	14.10	14.34	13.70	13.96	3293740	46396696.000
07/18/2013	13.88	14.72	13.78	14.64	7474639	108182552.000
07/19/2013	14.42	14.90	14.38	14.51	5011927	73363440.000
07/22/2013	14.36	15.29	14.26	15.13	6057428	90932904.000
07/23/2013	15.17	15.46	14.88	15.31	6288120	95408560.000
07/24/2013	15.37	15.94	15.18	15.75	8551483	133818824.000
07/25/2013	15.69	15.69	14.53	14.80	6773652	102119712.000
07/26/2013	14.63	14.94	14.23	14.84	5338421	78096520.000
07/29/2013	14.68	15.34	14.42	15.05	5691476	85409904.000
07/30/2013	15.01	15.12	14.24	14.64	3954534	58046860.000
07/31/2013	14.67	15.21	14.11	14.25	12367218	181437248.000
08/01/2013	14.28	14.91	13.99	14.81	7244609	105225424.000
08/02/2013	14.78	15.37	14.78	14.96	7535394	114155720.000
08/05/2013	14.96	15.75	14.89	15.46	7723386	119248704.000
08/06/2013	15.32	15.38	15.02	15.31	6021363	92013280.000
08/07/2013	15.46	16.80	14.96	16.07	12951173	204374944.000
08/08/2013	16.05	16.36	15.68	15.91	7044861	112984816.000
08/09/2013	15.85	16.40	15.21	15.60	6592965	104453152.000
08/12/2013	16.11	16.24	15.30	15.74	5798110	91828480.000
08/13/2013	15.79	16.34	15.59	16.23	5745298	92838520.000
08/14/2013	16.21	16.21	15.63	15.75	4832244	76953232.000
08/15/2013	15.59	15.79	15.31	15.38	3237566	50222368.000
08/16/2013	15.24	15.65	14.58	14.65	4883136	74208592.000
08/19/2013	14.46	15.13	14.46	15.06	2089116	31260726.000
08/20/2013	15.06	15.55	14.96	15.23	3179453	48701120.000
08/21/2013	15.17	15.59	15.04	15.42	3228325	49898584.000
08/22/2013	15.34	15.56	15.33	15.48	3049194	47291536.000
08/23/2013	15.48	15.79	14.76	15.19	4806004	73259208.000
08/26/2013	15.18	15.33	15.06	15.31	3264362	49774972.000
08/27/2013	15.32	15.32	14.90	15.14	2940726	44464160.000
08/28/2013	14.96	15.08	14.46	14.55	4119826	61204128.000
08/29/2013	14.54	14.83	14.52	14.71	2500737	36718396.000
08/30/2013	14.71	14.79	13.72	13.85	4105665	58756724.000
09/02/2013	13.92	14.27	13.77	14.27	1903235	26894956.000
09/03/2013	14.26	14.50	14.16	14.49	2059053	29587174.000
09/04/2013	14.46	14.49	14.19	14.22	1643413	23625840.000
09/05/2013	14.20	14.63	14.20	14.52	2436266	35402020.000
09/06/2013	14.48	14.68	14.31	14.67	2507059	36430584.000
09/09/2013	14.64	15.09	14.52	14.97	4509914	66951060.000
09/10/2013	15.09	15.46	14.97	15.31	6501755	99468656.000
09/11/2013	15.43	15.43	14.59	14.72	4225193	62885944.000
09/12/2013	14.67	14.99	14.59	14.68	2557983	37854240.000
09/13/2013	14.95	15.13	14.74	14.88	3291401	49297948.000
09/16/2013	14.92	15.01	14.73	14.81	2201209	32805024.000
09/17/2013	14.81	14.89	14.41	14.46	1914593	28258940.000
09/18/2013	14.50	14.78	14.43	14.74	1669376	24445562.000
09/23/2013	14.86	15.30	14.79	15.17	3457775	52353480.000
09/24/2013	15.08	15.38	14.98	15.20	3462423	52721196.000
09/25/2013	15.16	15.16	14.90	15.03	2683509	40377884.000
09/26/2013	15.05	15.37	14.98	15.37	4122436	62870920.000
09/27/2013	15.49	15.50	14.96	15.17	2849025	43558204.000
09/30/2013	15.36	15.52	15.07	15.43	3484742	53505408.000
10/08/2013	15.86	16.55	15.73	15.76	7469261	119575320.000
10/09/2013	15.71	16.32	15.57	16.16	6422301	103013768.000
10/10/2013	16.36	16.36	15.52	15.65	4945387	78744360.000
10/11/2013	15.74	16.12	15.46	16.04	3959901	62857752.000
10/14/2013	15.88	16.55	15.81	16.55	6114979	99476944.000
10/15/2013	16.54	16.54	15.97	16.12	5057479	82283320.000
10/16/2013	15.97	15.98	15.20	15.47	4288385	66962020.000
10/17/2013	15.58	16.88	15.49	16.12	8721991	142641008.000
10/18/2013	16.06	16.40	15.87	16.07	3980584	64367304.000
10/21/2013	16.66	17.68	16.58	17.68	7831741	135752864.000
10/22/2013	19.45	19.45	17.76	17.95	21052281	396463712.000
10/23/2013	17.66	19.75	17.22	19.04	24939783	463605120.000
10/24/2013	18.46	18.76	17.89	17.97	11309795	207852672.000
10/25/2013	18.26	19.75	18.21	19.05	17197588	328909248.000
10/28/2013	18.61	20.44	17.78	19.57	14868759	287220896.000
10/29/2013	19.32	19.76	17.76	18.61	12590814	235049376.000
10/30/2013	18.37	19.39	17.98	18.65	9067761	169040880.000
10/31/2013	18.34	18.52	16.89	16.96	8718013	153213840.000
11/01/2013	16.76	16.76	16.23	16.30	5763627	95081696.000
11/04/2013	16.57	17.33	16.46	16.84	5795883	98636256.000
11/05/2013	16.76	17.56	16.48	17.44	4395815	75360264.000
11/06/2013	17.36	18.02	16.88	16.92	7108511	124493304.000
11/07/2013	16.99	17.65	16.76	17.22	4675056	80926784.000
11/08/2013	17.17	17.77	16.99	17.77	5009704	87496776.000
11/11/2013	17.76	18.32	17.57	17.93	5708242	102912352.000
11/12/2013	17.88	18.17	17.06	18.01	5623357	99593136.000
11/13/2013	17.86	18.01	17.24	17.24	3897993	68736344.000
11/14/2013	17.15	17.48	16.66	17.28	4380813	75081768.000
11/15/2013	17.32	18.05	17.32	17.88	6248701	111506088.000
11/18/2013	18.30	18.52	17.96	18.36	6976303	127568040.000
11/19/2013	18.41	18.82	18.09	18.44	5395074	99862200.000
11/20/2013	18.47	18.64	18.18	18.62	3940704	72531872.000
11/21/2013	18.55	18.55	17.98	18.05	3881106	70787168.000
11/22/2013	18.05	18.36	17.76	17.86	3112724	56209536.000
11/25/2013	17.98	18.11	17.73	17.81	2610051	46797464.000
11/26/2013	17.74	17.94	17.21	17.30	4513090	78791616.000
11/27/2013	17.26	17.83	17.07	17.74	3811137	67120848.000
11/28/2013	17.73	17.86	17.49	17.73	3375335	59885476.000
11/29/2013	17.89	18.48	17.81	18.38	6140732	112550568.000
12/02/2013	17.26	17.36	16.54	16.54	6367585	107500832.000
12/03/2013	16.03	16.26	15.41	16.09	4890919	77781352.000
12/04/2013	16.09	16.50	16.02	16.14	3829495	62644548.000
12/05/2013	16.06	16.61	16.01	16.08	3065697	50030136.000
12/06/2013	16.22	16.35	16.06	16.15	2668725	43269440.000
12/09/2013	16.36	16.63	16.26	16.56	3213157	53063736.000
12/10/2013	16.47	16.65	16.08	16.44	2730268	44862608.000
12/11/2013	16.38	16.84	16.19	16.73	3183697	52873692.000
12/12/2013	16.60	17.01	16.50	16.80	2382876	40272968.000
12/13/2013	16.71	17.10	16.61	16.87	1865391	31576796.000
12/16/2013	17.12	17.24	16.42	16.53	3498346	58741972.000
12/17/2013	16.47	16.68	15.81	15.88	3065878	49247392.000
12/18/2013	15.93	16.00	15.59	15.67	2530523	39967388.000
12/19/2013	15.82	16.15	15.61	15.66	2239179	35693668.000
12/20/2013	15.66	15.85	15.46	15.55	2190063	34298096.000
12/23/2013	15.56	15.66	14.92	15.30	1354558	20776754.000
12/24/2013	15.49	15.83	15.41	15.65	1750833	27446088.000
12/25/2013	15.84	16.24	15.83	16.20	2943830	47450160.000
12/26/2013	16.39	16.61	15.89	15.89	2809187	45584424.000
12/27/2013	15.81	16.41	15.81	16.16	2360347	38375256.000
12/30/2013	16.21	16.60	16.16	16.44	2127233	34982128.000
12/31/2013	16.45	16.64	16.16	16.27	1704958	27976104.000
01/02/2014	16.20	16.56	16.17	16.52	2599795	42759268.000
01/03/2014	16.61	16.90	16.39	16.70	3519706	58694844.000
01/06/2014	16.77	17.11	16.59	16.71	6192456	104823080.000
01/07/2014	16.59	17.61	16.06	17.40	7053586	119594992.000
01/08/2014	17.44	18.14	17.31	17.45	5433252	96440784.000
01/09/2014	17.39	17.94	17.22	17.22	4049675	71135152.000
01/10/2014	17.17	17.17	16.49	16.58	2675071	45037664.000
01/13/2014	16.71	16.83	16.26	16.36	1878400	31192134.000
01/14/2014	16.37	17.17	16.27	17.16	2623945	44336808.000
01/15/2014	17.16	17.85	17.01	17.62	4717967	82737504.000
01/16/2014	17.74	17.86	17.25	17.31	2808574	49159152.000
01/17/2014	17.13	17.42	16.96	16.98	2232545	38418112.000
01/20/2014	17.03	18.15	17.00	17.41	5185164	91408112.000
01/21/2014	17.29	17.73	17.13	17.62	4517464	79383952.000
01/22/2014	17.60	18.18	17.46	17.97	4756719	85616344.000
01/23/2014	18.04	18.26	17.84	18.16	4012302	72626744.000
01/24/2014	18.15	18.36	18.01	18.25	3878415	70840632.000
01/27/2014	17.84	18.03	17.21	17.57	6551688	115649664.000
01/28/2014	17.58	17.79	17.17	17.79	3435087	60216132.000
01/29/2014	17.79	17.90	17.58	17.71	2551209	45254260.000
01/30/2014	17.62	18.84	17.62	18.47	5442329	99968712.000
02/07/2014	18.11	19.40	18.11	19.28	4807928	91463816.000
02/10/2014	19.28	19.87	18.96	19.53	7474155	145591616.000
02/11/2014	19.46	19.89	18.86	19.15	5695967	110621080.000
02/12/2014	19.46	20.19	19.46	19.82	4787368	95070104.000
02/13/2014	20.16	20.36	18.69	18.71	7157194	139786624.000
02/14/2014	18.71	19.19	18.63	19.12	3689716	70091120.000
02/17/2014	19.16	20.36	19.13	20.09	6733642	134039776.000
02/18/2014	20.10	20.15	19.52	19.92	5029104	99537712.000
02/19/2014	19.84	20.96	19.69	20.79	6619374	136668160.000
02/20/2014	20.80	20.80	19.68	20.12	4221200	85303608.000
02/21/2014	20.26	20.30	19.66	19.98	3337199	66609384.000
02/24/2014	20.21	20.86	19.73	20.46	4759759	96928992.000
02/25/2014	20.51	20.68	18.41	18.63	6508831	127737664.000
02/26/2014	18.35	18.66	17.61	18.39	3349374	60884024.000
02/27/2014	18.51	18.75	17.59	17.74	3980640	72394880.000
02/28/2014	17.67	18.09	17.38	18.06	2637450	46912704.000
03/03/2014	18.06	19.18	17.86	19.12	4897437	91489072.000
03/04/2014	18.96	18.98	18.45	18.69	2852193	53439024.000
03/05/2014	18.95	19.10	18.57	18.73	3159855	59512344.000
03/06/2014	18.59	18.72	17.94	18.36	2222068	40602224.000
03/07/2014	18.46	18.51	18.07	18.33	1455142	26723150.000
03/10/2014	18.31	18.71	17.78	17.78	2386744	43674744.000
03/11/2014	17.80	17.96	16.76	17.08	2966762	51645736.000
03/12/2014	17.13	17.13	16.31	16.68	2754688	46217192.000
03/13/2014	16.71	16.98	16.71	16.89	2354172	39714340.000
03/14/2014	16.76	16.88	16.52	16.71	1491669	24943118.000
03/17/2014	16.71	17.21	16.60	17.19	1971641	33720816.000
03/18/2014	17.26	17.66	17.17	17.41	2522145	43892404.000
03/19/2014	17.37	17.46	17.06	17.41	1599459	27635976.000
03/20/2014	17.41	17.44	16.20	16.27	2390174	40333908.000
03/21/2014	16.31	16.41	15.46	16.20	6737824	107156824.000
03/24/2014	16.06	16.11	15.77	15.99	2559765	40912272.000
03/25/2014	15.95	16.26	15.81	16.18	1910832	30875816.000
03/26/2014	16.16	16.52	16.11	16.44	1941723	31854024.000
03/27/2014	16.46	16.55	15.79	15.79	3222445	51820880.000
03/28/2014	15.68	15.91	15.17	15.30	2763036	42739072.000
03/31/2014	15.22	15.49	15.18	15.29	1756142	27033086.000
04/01/2014	15.24	15.49	15.24	15.41	1964169	30271532.000
04/02/2014	15.31	15.47	14.96	15.05	2268580	34529516.000
04/03/2014	15.10	15.53	14.93	15.44	2671259	41026116.000
04/04/2014	15.48	15.57	15.24	15.51	4638537	71470264.000
04/08/2014	15.32	15.73	15.18	15.58	2363398	36603532.000
04/09/2014	15.61	15.93	15.61	15.72	2743102	43463964.000
04/10/2014	15.85	15.85	15.49	15.51	3519525	55304420.000
04/11/2014	15.34	15.46	15.22	15.37	1919793	29528028.000
04/14/2014	15.50	15.79	15.48	15.69	3081247	48239536.000
04/15/2014	15.60	15.64	15.26	15.33	4001713	61812864.000
04/16/2014	15.17	15.17	14.52	14.75	11731831	172940032.000
04/17/2014	14.54	14.75	14.48	14.57	7582637	111129064.000
04/18/2014	14.66	14.66	14.38	14.46	7600512	110689952.000
04/21/2014	14.36	14.51	13.97	13.97	7744324	111161192.000
04/22/2014	13.93	14.53	13.92	14.52	12691791	180875088.000
04/23/2014	14.32	14.56	14.12	14.30	5811687	83676456.000
04/24/2014	14.33	14.33	13.72	13.94	6602303	92751656.000
04/25/2014	13.95	14.15	13.76	13.81	4958168	69453480.000
04/28/2014	13.76	13.84	13.44	13.44	3933286	53535128.000
04/29/2014	13.40	13.75	13.40	13.68	3975288	54325860.000
04/30/2014	13.67	13.84	13.46	13.66	5462779	74765216.000
05/05/2014	13.63	13.84	13.53	13.79	3709190	51095072.000
05/06/2014	13.91	14.01	13.73	13.82	5569990	77526872.000
05/07/2014	13.76	13.76	13.30	13.30	3898977	52969548.000
05/08/2014	13.22	13.56	13.16	13.39	3270687	43928672.000
05/09/2014	13.47	13.94	13.29	13.65	6033816	82631496.000
05/12/2014	13.79	14.10	13.69	14.02	5915803	82667104.000
05/13/2014	14.02	14.04	13.78	13.92	3261831	45394516.000
05/14/2014	13.74	14.03	13.74	13.88	3264600	45569960.000
05/15/2014	13.85	14.01	13.58	13.61	4023281	55738528.000
05/16/2014	13.58	13.86	13.46	13.82	2889567	39719860.000
05/19/2014	13.70	14.13	13.70	14.08	3794784	53269004.000
05/20/2014	14.16	14.39	14.01	14.08	4455131	63466740.000
05/21/2014	14.08	14.76	13.86	14.61	9250834	133630632.000
05/22/2014	14.69	15.01	14.32	14.36	11206819	164729856.000
05/23/2014	14.31	14.49	14.11	14.42	7609449	108838360.000
05/26/2014	14.39	14.74	14.36	14.65	4150693	60659328.000
05/27/2014	14.58	14.68	14.26	14.34	4207213	61018696.000
05/28/2014	14.35	15.06	14.34	14.91	16085980	237657632.000
05/29/2014	14.91	14.91	14.56	14.56	4356714	64251472.000
05/30/2014	14.57	14.80	13.96	14.58	8712053	127276248.000
06/03/2014	14.38	14.58	14.36	14.38	5311256	77069344.000
06/04/2014	14.46	15.04	14.22	14.93	12414266	183928368.000
06/05/2014	14.86	15.31	14.52	15.21	10870942	163292784.000
06/06/2014	15.17	15.49	14.94	15.20	7433705	113810592.000
06/09/2014	15.11	15.31	14.96	15.06	4295970	64948036.000
06/10/2014	14.98	15.23	14.71	15.13	6086162	91781944.000
06/11/2014	15.13	15.64	15.01	15.35	7617092	117886600.000
06/12/2014	15.26	15.50	15.13	15.28	3195990	49218960.000
06/13/2014	15.28	15.36	15.04	15.20	6884166	104798808.000
06/16/2014	15.17	15.76	15.14	15.65	8438732	131673552.000
06/17/2014	15.79	15.79	15.38	15.40	5305225	82695016.000
06/18/2014	15.41	15.63	15.34	15.39	3501727	54430848.000
06/19/2014	15.26	15.36	14.41	14.86	6302204	94232008.000
06/20/2014	14.85	15.06	14.67	14.81	3398417	50564748.000
06/23/2014	14.80	15.43	14.73	15.32	4118675	62570556.000
06/24/2014	15.32	15.79	15.22	15.72	6169153	96301920.000
06/25/2014	15.77	15.85	15.38	15.50	3951829	61533256.000
06/26/2014	15.61	15.84	15.54	15.69	5118732	80542816.000
06/27/2014	15.65	15.94	15.62	15.74	4517423	71204136.000
06/30/2014	15.82	16.04	15.47	15.90	7845001	124440376.000
07/01/2014	15.79	15.92	15.46	15.69	6968935	108706744.000
07/02/2014	15.70	16.25	15.46	16.01	10966805	174104416.000
07/03/2014	16.00	16.23	15.84	16.01	5838512	93349888.000
07/04/2014	16.15	16.22	15.80	15.85	6574182	104931912.000
07/07/2014	16.01	16.01	15.41	15.56	6144347	95915776.000
07/08/2014	15.50	15.77	15.00	15.73	8550665	131066720.000
07/09/2014	15.57	15.65	15.12	15.12	5718030	88196632.000
07/10/2014	15.08	15.32	15.03	15.14	2848651	43272884.000
07/11/2014	15.15	15.55	15.15	15.43	4288208	66053024.000
07/14/2014	15.40	15.62	15.16	15.49	4182176	64219372.000
07/15/2014	15.49	15.52	15.05	15.17	3768523	57692120.000
07/16/2014	15.16	15.28	15.06	15.14	2848561	43199772.000
07/17/2014	15.15	15.36	14.90	15.23	3726751	56480164.000
07/18/2014	15.23	15.58	15.23	15.45	5202506	80455272.000
07/21/2014	15.36	15.41	15.04	15.15	2470977	37499580.000
07/22/2014	15.15	15.43	15.08	15.29	3338557	51047448.000
07/23/2014	15.26	15.35	14.78	14.89	3956570	59329096.000
07/24/2014	14.89	14.89	14.18	14.25	6028286	86765840.000
07/25/2014	14.35	14.50	14.30	14.45	3273780	47144732.000
07/28/2014	14.45	14.85	14.45	14.81	3218403	47174228.000
07/29/2014	14.79	15.05	14.72	14.89	3465171	51567356.000
07/30/2014	14.95	15.23	14.90	15.00	6423176	96706472.000
07/31/2014	15.07	15.14	14.85	15.05	3173047	47502116.000
08/01/2014	14.99	15.05	14.63	14.72	4729801	70274648.000
08/04/2014	14.80	15.44	14.80	15.42	8464927	128924528.000
08/05/2014	15.37	15.62	15.18	15.50	7448816	115121840.000
08/06/2014	15.45	15.65	15.30	15.56	5772813	89560824.000
08/07/2014	15.60	15.84	15.40	15.44	6668453	104484848.000
08/08/2014	15.38	15.63	15.18	15.58	5389082	83287032.000
08/11/2014	15.58	15.94	15.44	15.88	6504976	102528112.000
08/12/2014	15.94	16.10	15.81	15.93	5225081	83480960.000
08/13/2014	15.93	16.63	15.93	16.47	11504293	188069632.000
08/14/2014	16.43	17.05	16.28	16.55	7225316	121402600.000
08/15/2014	16.63	16.78	16.30	16.68	4307035	71149368.000
08/18/2014	16.72	16.85	16.49	16.59	5662224	94161976.000
08/19/2014	16.52	16.75	16.40	16.63	4745508	78679752.000
08/20/2014	16.58	16.77	16.40	16.65	4965893	82547728.000
08/21/2014	16.66	17.26	16.64	17.09	6759860	114366304.000
08/22/2014	17.24	17.92	17.15	17.33	10012087	175763248.000
08/25/2014	17.30	17.30	16.69	16.73	5117708	86703000.000
08/26/2014	16.73	17.00	16.38	16.57	4648673	77316848.000
08/27/2014	16.60	17.29	16.57	16.93	4892922	82928016.000
08/28/2014	16.97	17.18	16.60	16.89	4670700	79122848.000
08/29/2014	16.75	17.08	16.75	17.00	3146918	53381300.000
09/01/2014	16.96	17.19	16.70	17.13	8710647	147200304.000
09/02/2014	17.13	17.46	17.07	17.33	5751939	99466832.000
09/03/2014	17.33	17.56	16.93	17.23	5140274	88708088.000
09/04/2014	17.20	17.40	16.74	17.15	7066529	120260280.000
09/05/2014	17.08	17.30	16.88	17.16	6963429	118702640.000
09/09/2014	17.16	17.98	17.09	17.90	11003097	193114848.000
09/10/2014	17.97	18.15	17.72	17.88	5789273	103832056.000
09/11/2014	17.55	17.75	16.90	17.03	12444194	216161520.000
09/12/2014	17.06	17.70	17.00	17.11	16040097	276455488.000
09/15/2014	17.15	17.75	17.08	17.75	14354326	248883792.000
09/16/2014	18.22	18.73	17.64	17.76	20476016	375051008.000
09/17/2014	17.72	18.94	17.30	18.86	13329866	243347040.000
09/18/2014	18.77	19.11	18.57	18.96	8814367	166396944.000
09/19/2014	19.11	19.24	18.53	18.71	4787294	89763992.000
09/22/2014	18.65	18.65	18.18	18.32	5800921	106639776.000
09/23/2014	18.38	18.67	18.21	18.59	4252279	78282112.000
09/24/2014	18.46	19.05	18.37	18.86	4254544	80073608.000
09/25/2014	18.90	19.03	18.14	18.25	7891673	146391216.000
09/26/2014	18.24	18.37	17.81	17.98	5378129	97118688.000
09/29/2014	18.04	18.34	18.00	18.32	6141920	111627664.000
09/30/2014	18.30	18.89	18.15	18.63	5859012	108284088.000
10/08/2014	18.63	19.12	18.60	19.05	5148859	97408368.000
10/09/2014	19.05	19.52	18.91	19.13	6700877	128740360.000
10/10/2014	19.19	19.67	19.12	19.48	7105349	137809344.000
10/13/2014	19.46	19.76	19.12	19.55	7124100	138360000.000
10/14/2014	19.41	20.21	19.38	19.39	6795586	134657296.000
10/15/2014	19.39	19.60	18.99	19.50	5952983	114389608.000
10/16/2014	19.38	19.38	18.96	18.96	8910193	170346000.000
10/17/2014	18.78	18.93	17.86	18.08	11108323	202505376.000
10/20/2014	18.08	18.92	18.08	18.78	7894818	147415856.000
10/21/2014	18.85	19.88	18.82	19.59	17522438	341815776.000
10/22/2014	19.60	20.43	19.41	19.91	16169338	324717952.000
10/23/2014	19.91	20.45	19.52	19.90	10175463	203536000.000
10/24/2014	19.70	21.00	19.70	20.73	10327018	213259440.000
10/27/2014	20.68	22.70	20.68	21.52	12160585	264065872.000
10/28/2014	21.51	21.94	21.00	21.86	7077098	152538496.000
10/29/2014	21.67	22.06	21.50	21.70	8055877	175226208.000
10/30/2014	21.74	22.16	21.54	21.78	5699891	124469688.000
10/31/2014	21.79	21.86	20.57	21.02	7827629	164811872.000
数据来源:通达信
