300141 和顺电气 日线
      日期	    开盘	    最高	    最低	    收盘	    成交量	    成交额
11/12/2010	17.43	25.10	17.43	20.23	9669621	583908096.000
11/15/2010	18.48	19.49	18.19	18.36	5953546	333844576.000
11/16/2010	18.16	18.75	16.54	16.78	4032755	217036080.000
11/17/2010	16.78	16.78	15.47	15.50	2165834	105157488.000
11/18/2010	15.60	15.78	14.95	15.70	1946702	91272968.000
11/19/2010	15.77	16.29	15.46	16.26	1696477	82614352.000
11/22/2010	16.00	16.72	15.93	16.27	1572029	78176440.000
11/23/2010	16.28	16.28	15.53	15.97	1098786	53254364.000
11/24/2010	15.76	17.59	15.70	17.59	2818973	145634656.000
11/25/2010	17.83	18.13	16.88	17.73	3060349	163087120.000
11/26/2010	17.39	18.43	17.39	18.27	2137065	117363072.000
11/29/2010	18.10	18.47	17.97	18.02	1445498	79639080.000
11/30/2010	17.87	18.10	16.60	16.88	1565257	81562632.000
12/01/2010	17.00	17.03	16.44	16.75	702193	35622936.000
12/02/2010	16.97	17.09	16.77	16.90	603872	31053462.000
12/03/2010	16.61	16.97	16.27	16.29	738569	37106532.000
12/06/2010	16.27	16.27	15.66	15.77	680029	32867754.000
12/07/2010	15.80	16.25	15.51	16.17	472109	22865954.000
12/08/2010	16.03	16.25	15.77	15.97	480946	23439404.000
12/09/2010	15.97	15.97	15.47	15.54	456786	21731020.000
12/10/2010	15.54	15.76	15.43	15.68	320783	15241629.000
12/13/2010	15.77	17.25	15.77	17.00	1059092	53677332.000
12/14/2010	16.93	16.99	16.58	16.90	847742	43270156.000
12/15/2010	16.99	17.33	16.57	16.63	617511	31708564.000
12/16/2010	16.58	16.98	16.44	16.63	456994	23249820.000
12/17/2010	16.50	16.85	16.50	16.77	330472	16760176.000
12/20/2010	16.87	17.11	15.97	16.37	856020	43235972.000
12/21/2010	16.37	16.49	16.15	16.25	441342	21858704.000
12/22/2010	16.28	16.39	16.00	16.04	413754	20302492.000
12/23/2010	16.01	16.01	15.77	15.79	420713	20309998.000
12/24/2010	15.75	15.75	15.17	15.38	361397	17059544.000
12/27/2010	15.67	16.03	15.10	15.26	390206	18604032.000
12/28/2010	15.12	15.41	14.99	15.11	271200	12531741.000
12/29/2010	15.34	15.34	14.81	15.21	358217	16487297.000
12/30/2010	15.22	15.40	15.12	15.36	246224	11463799.000
12/31/2010	15.36	15.56	15.33	15.53	198194	9338867.000
01/04/2011	15.60	16.05	15.60	15.90	446785	21630548.000
01/05/2011	15.90	15.90	15.61	15.74	371998	17812138.000
01/06/2011	15.75	16.03	15.38	15.38	413376	19723134.000
01/07/2011	15.30	15.60	15.18	15.55	321550	15091183.000
01/10/2011	15.55	15.90	15.37	15.43	245638	11707618.000
01/11/2011	15.21	15.63	14.97	15.15	213183	9819387.000
01/12/2011	15.13	15.36	15.10	15.36	188857	8742732.000
01/13/2011	15.39	15.72	15.27	15.45	154776	7277827.000
01/14/2011	15.19	15.36	14.83	14.83	235854	10782464.000
01/17/2011	14.77	14.86	13.79	14.04	506377	21709070.000
01/18/2011	13.85	14.01	13.53	13.66	281349	11737472.000
01/19/2011	13.63	13.96	13.30	13.78	351300	14614239.000
01/20/2011	13.77	13.78	12.60	12.60	350130	14036669.000
01/21/2011	12.59	12.73	12.44	12.68	290772	11199222.000
01/24/2011	12.70	12.72	12.30	12.33	242711	9300119.000
01/25/2011	12.33	12.33	11.60	11.94	258106	9318401.000
01/26/2011	11.94	12.23	11.93	12.16	137822	5103425.500
01/27/2011	11.84	12.53	11.84	12.40	232774	8748568.000
01/28/2011	12.40	12.49	12.27	12.43	202941	7699987.000
01/31/2011	12.17	12.71	12.11	12.71	255076	9803870.000
02/01/2011	12.71	12.80	12.57	12.58	129868	5004559.500
02/09/2011	12.43	12.53	12.15	12.17	164734	6197766.500
02/10/2011	12.02	12.76	11.87	12.75	356837	13518971.000
02/11/2011	12.74	14.01	12.73	13.50	738746	30469982.000
02/14/2011	12.93	13.69	12.93	13.53	1453866	59593600.000
02/15/2011	13.52	13.70	13.30	13.69	1049695	43419172.000
02/16/2011	13.67	14.14	13.61	14.08	828413	35186888.000
02/17/2011	14.26	14.99	14.10	14.40	812568	35859636.000
02/18/2011	14.46	14.87	14.07	14.49	955529	42219768.000
02/21/2011	14.43	14.83	14.17	14.79	911739	40801268.000
02/22/2011	14.80	14.91	14.03	14.10	1093272	47918580.000
02/23/2011	14.12	14.77	14.10	14.77	1363089	60309796.000
02/24/2011	14.33	14.36	13.53	14.20	1453090	62041536.000
02/25/2011	13.10	13.26	12.80	13.13	2129259	84477808.000
02/28/2011	13.01	13.03	12.83	13.01	662241	26172282.000
03/01/2011	13.01	13.10	12.90	13.05	680535	26990526.000
03/02/2011	13.00	13.00	12.60	12.73	769257	30026716.000
03/03/2011	12.73	12.86	12.45	12.48	498731	19349700.000
03/04/2011	12.28	12.66	12.28	12.63	452963	17248628.000
03/07/2011	12.62	12.85	12.50	12.75	540388	20891276.000
03/08/2011	12.73	12.83	12.66	12.82	426735	16639345.000
03/09/2011	12.85	12.90	12.63	12.81	539325	21008850.000
03/10/2011	12.79	13.18	12.79	12.95	479629	18961114.000
03/11/2011	12.92	13.06	12.81	12.92	421988	16675694.000
03/14/2011	12.87	12.92	12.67	12.91	461986	18059794.000
03/15/2011	12.85	12.90	12.43	12.63	536945	20685610.000
03/16/2011	12.60	12.70	12.54	12.66	267231	10330253.000
03/17/2011	12.66	12.75	12.37	12.42	312573	11995038.000
03/18/2011	12.42	12.59	12.42	12.58	229260	8786563.000
03/21/2011	12.58	12.70	12.48	12.60	149359	5744215.000
03/22/2011	12.63	12.73	12.53	12.61	160269	6163431.000
03/24/2011	12.70	13.09	12.67	12.89	611690	24156970.000
03/25/2011	12.90	13.02	12.78	12.90	334225	13138152.000
03/28/2011	12.90	13.06	12.75	12.75	368118	14446952.000
03/29/2011	12.72	12.72	11.80	11.86	793839	29412196.000
03/30/2011	11.86	11.89	11.21	11.50	490445	17255726.000
03/31/2011	11.50	11.64	11.32	11.47	218838	7671248.000
04/01/2011	11.56	11.59	11.39	11.59	188093	6628821.500
04/06/2011	11.55	11.55	11.30	11.36	228697	7965702.000
04/07/2011	11.34	11.61	11.33	11.61	198931	7021218.000
04/08/2011	11.48	11.73	11.48	11.73	291990	10391909.000
04/11/2011	11.65	11.73	11.54	11.66	228925	8129201.500
04/12/2011	11.54	11.63	11.54	11.57	143473	5086330.500
04/13/2011	11.60	11.77	11.48	11.77	334616	11975662.000
04/14/2011	11.79	11.85	11.50	11.63	359500	12813647.000
04/15/2011	11.57	11.65	11.40	11.43	215314	7559448.500
04/18/2011	11.52	11.52	11.27	11.31	182499	6359302.500
04/19/2011	11.26	11.34	11.07	11.13	225100	7703764.500
04/20/2011	11.09	11.23	11.01	11.07	315259	10729507.000
04/21/2011	11.10	11.19	11.07	11.11	399582	13589380.000
04/22/2011	11.20	11.20	11.05	11.08	145623	4951912.000
04/25/2011	11.07	11.11	10.40	10.44	547237	17685416.000
04/26/2011	10.37	10.43	9.77	9.87	589426	18076624.000
04/27/2011	9.87	9.97	9.71	9.73	233897	7061732.000
04/28/2011	9.77	9.97	9.60	9.63	223881	6704761.500
04/29/2011	9.64	9.83	9.63	9.80	146749	4396227.500
05/03/2011	9.77	9.95	9.77	9.94	211446	6429784.000
05/04/2011	9.94	10.08	9.70	9.73	196607	5940549.500
05/05/2011	9.70	9.88	9.63	9.83	106883	3223248.250
05/06/2011	9.70	9.90	9.70	9.86	91725	2769951.250
05/09/2011	9.80	10.03	9.77	9.93	146142	4460070.500
05/10/2011	9.96	9.96	9.80	9.90	149788	4534505.000
05/11/2011	9.87	9.93	9.82	9.84	100426	3042440.750
05/12/2011	9.77	9.90	9.70	9.70	115086	3452520.750
05/13/2011	9.70	9.90	9.64	9.74	97890	2923211.000
05/16/2011	9.73	9.88	9.73	9.82	118639	3582546.250
05/17/2011	9.82	9.88	9.62	9.77	185696	5550277.000
05/18/2011	9.70	9.81	9.70	9.77	117060	3505723.250
05/19/2011	9.82	9.82	9.57	9.60	127598	3798239.000
05/20/2011	9.65	9.66	9.45	9.49	142243	4162025.000
05/23/2011	9.40	9.43	8.96	8.98	257438	7217034.000
05/24/2011	8.80	9.37	8.79	9.23	314735	8834059.000
05/25/2011	9.23	9.23	8.94	8.96	103053	2882605.500
05/26/2011	8.97	9.08	8.74	8.80	148310	4073499.500
05/27/2011	8.77	8.93	8.69	8.71	135048	3641000.250
05/30/2011	8.69	8.91	8.69	8.74	224671	6101075.500
05/31/2011	8.72	8.98	8.60	8.97	243661	6663134.000
06/01/2011	8.98	9.07	8.95	9.02	157593	4366761.000
06/02/2011	8.95	8.97	8.73	8.80	221829	6008823.000
06/03/2011	8.86	9.01	8.77	8.95	230818	6327386.500
06/07/2011	8.88	9.02	8.87	8.99	130219	3588708.500
06/08/2011	8.99	9.02	8.77	8.85	127322	3471209.750
06/09/2011	8.80	8.85	8.60	8.63	179960	4850140.500
06/10/2011	8.62	8.71	8.31	8.54	235077	6165051.500
06/13/2011	8.48	8.77	8.38	8.69	270316	7177360.000
06/14/2011	8.75	9.58	8.63	9.43	1063721	30602890.000
06/15/2011	9.33	9.43	9.14	9.15	511192	14561258.000
06/16/2011	9.17	9.17	8.77	8.82	310339	8549165.000
06/17/2011	8.81	8.87	8.70	8.73	193189	5221572.000
06/20/2011	8.68	8.76	8.56	8.73	159199	4255396.500
06/21/2011	8.71	8.91	8.66	8.88	292696	7940901.000
06/22/2011	8.89	8.94	8.77	8.81	144827	3948856.500
06/23/2011	8.74	9.38	8.71	9.27	618122	17420256.000
06/24/2011	9.25	9.43	9.19	9.38	710837	20382992.000
06/27/2011	9.35	9.59	9.34	9.53	541642	15770447.000
06/28/2011	9.53	9.53	9.38	9.44	292532	8480402.000
06/29/2011	9.41	9.53	9.23	9.23	284610	8206691.000
06/30/2011	9.26	9.47	9.18	9.43	269278	7768172.500
07/01/2011	9.43	9.66	9.41	9.44	341219	10013212.000
07/04/2011	9.44	9.66	9.44	9.63	320418	9436205.000
07/05/2011	9.66	9.75	9.58	9.69	274331	8142604.500
07/06/2011	9.67	10.06	9.57	10.03	610394	18448960.000
07/07/2011	10.00	10.37	9.89	10.08	689600	21381420.000
07/08/2011	9.98	10.13	9.88	9.99	384317	11798291.000
07/11/2011	9.85	10.06	9.85	9.99	265793	8106006.000
07/12/2011	9.80	9.91	9.65	9.68	357526	10725586.000
07/13/2011	9.63	9.90	9.63	9.87	292500	8842431.000
07/14/2011	9.90	10.14	9.90	10.14	418895	12943025.000
07/15/2011	10.17	10.52	10.11	10.47	671052	21389288.000
07/18/2011	10.54	10.59	10.27	10.27	523753	16637915.000
07/19/2011	10.21	10.27	9.93	9.97	322452	9918996.000
07/20/2011	10.10	10.30	9.97	10.09	208972	6466829.000
07/21/2011	10.13	10.13	9.90	9.90	308429	9440328.000
07/22/2011	9.90	10.15	9.90	9.97	161785	4968783.000
07/25/2011	9.97	9.97	9.47	9.52	377397	11212253.000
07/26/2011	9.48	9.57	9.34	9.46	203702	5911430.500
07/27/2011	9.32	9.75	9.32	9.67	305970	9000039.000
07/28/2011	9.61	9.65	9.46	9.63	275428	8079043.000
07/29/2011	9.57	9.84	9.57	9.63	247561	7375340.500
08/01/2011	9.65	10.23	9.65	10.05	565090	17343896.000
08/02/2011	10.06	10.76	9.97	10.73	1414228	45070256.000
08/03/2011	10.67	11.20	10.60	11.12	1783698	59892888.000
08/04/2011	11.17	11.31	10.68	10.77	1159014	38883148.000
08/05/2011	10.00	10.64	9.70	10.36	1334040	41613924.000
08/08/2011	10.20	10.20	9.37	9.85	707323	21341082.000
08/09/2011	9.37	9.93	9.37	9.86	441773	13163270.000
08/10/2011	9.93	10.13	9.92	10.01	627490	19356086.000
08/11/2011	9.84	10.60	9.77	10.54	827491	26276046.000
08/12/2011	10.58	10.96	10.43	10.91	1077090	35262584.000
08/15/2011	10.84	11.02	10.80	10.82	531151	17718540.000
08/16/2011	10.82	11.03	10.70	10.82	459672	15324795.000
08/17/2011	10.77	10.82	10.58	10.72	359459	11820483.000
08/18/2011	10.69	10.70	10.46	10.46	320058	10360736.000
08/19/2011	10.44	10.44	10.12	10.34	273873	8595892.000
08/22/2011	10.26	11.40	10.26	11.40	2120946	73772624.000
08/23/2011	11.17	11.34	11.03	11.27	1312605	44913104.000
08/24/2011	11.30	11.58	11.03	11.07	953122	32996648.000
08/25/2011	11.07	11.43	11.02	11.20	754283	25834584.000
08/26/2011	11.14	11.43	11.03	11.43	803277	27807740.000
08/29/2011	11.48	11.67	11.27	11.31	641587	22461248.000
08/30/2011	11.27	11.43	11.02	11.02	495830	16941300.000
08/31/2011	10.93	11.08	10.83	11.04	347855	11677338.000
09/01/2011	11.04	11.22	10.89	10.93	314759	10626491.000
09/02/2011	10.84	10.99	10.53	10.61	329846	10784933.000
09/05/2011	10.61	10.61	10.27	10.29	286381	9124550.000
09/06/2011	10.23	10.43	10.16	10.42	200280	6362295.500
09/07/2011	10.58	10.74	10.37	10.70	187956	6086224.000
09/08/2011	10.76	10.77	10.27	10.27	314529	10129327.000
09/09/2011	10.40	10.40	9.83	9.83	327649	10117189.000
09/13/2011	9.80	9.80	9.12	9.50	223640	6523286.500
09/14/2011	9.62	9.83	9.40	9.77	231247	6834407.500
09/15/2011	9.74	9.92	9.60	9.62	189421	5676880.000
09/16/2011	9.71	9.93	9.58	9.81	233606	6992082.000
09/19/2011	9.81	9.81	9.27	9.40	162334	4732423.000
09/20/2011	9.37	9.57	9.32	9.44	98318	2853556.500
09/21/2011	9.57	10.10	9.45	9.99	215240	6481353.000
09/22/2011	9.77	9.93	9.44	9.76	196345	5882052.500
09/23/2011	9.58	10.25	9.17	9.93	220912	6603898.500
09/26/2011	9.78	10.01	9.66	9.74	102039	3074540.250
09/27/2011	9.80	9.90	9.59	9.80	55926	1678259.375
09/28/2011	9.87	9.90	9.60	9.60	62212	1852544.125
09/29/2011	9.60	9.60	9.13	9.19	111736	3200355.250
09/30/2011	9.37	9.39	9.01	9.30	59855	1694648.500
10/10/2011	9.40	9.40	9.12	9.16	35232	1000045.500
10/11/2011	9.39	9.43	9.13	9.19	59600	1700106.500
10/12/2011	9.13	9.52	8.96	9.52	111093	3200846.000
10/13/2011	9.37	9.68	9.29	9.56	181563	5334354.000
10/14/2011	9.58	9.88	9.54	9.58	235350	6978154.500
10/17/2011	9.62	9.77	9.56	9.67	195067	5785975.500
10/18/2011	9.65	9.70	9.37	9.43	221020	6457932.000
10/19/2011	9.43	9.49	9.32	9.40	121563	3501093.250
10/20/2011	9.29	9.30	9.06	9.19	91593	2575203.250
10/21/2011	9.05	9.26	9.04	9.07	89318	2514174.250
10/24/2011	9.10	9.26	8.77	9.16	154676	4267472.500
10/25/2011	9.11	9.36	9.01	9.31	164049	4668905.000
10/26/2011	9.30	9.43	9.25	9.32	231558	6659439.500
10/27/2011	9.43	9.43	9.28	9.36	151791	4356608.500
10/28/2011	9.56	9.76	9.50	9.68	351272	10394325.000
10/31/2011	10.64	10.65	9.62	10.04	536709	16659025.000
11/01/2011	10.77	10.77	10.27	10.42	816148	26121954.000
11/02/2011	10.28	10.65	10.07	10.63	644643	20594188.000
11/03/2011	10.75	11.20	10.51	10.79	997784	33166862.000
11/04/2011	11.00	11.00	10.53	10.54	389990	12699689.000
11/07/2011	10.56	10.59	10.30	10.34	311973	9961276.000
11/08/2011	10.34	10.44	10.23	10.24	266722	8437251.000
11/09/2011	10.26	10.43	10.21	10.42	296170	9372718.000
11/10/2011	10.37	10.64	10.14	10.50	498259	15992367.000
11/11/2011	10.52	10.52	10.22	10.28	331862	10512468.000
11/14/2011	10.36	10.68	10.27	10.62	465070	15056215.000
11/15/2011	10.63	10.70	10.42	10.62	402785	13033346.000
11/16/2011	10.62	10.63	10.24	10.28	404546	12911210.000
11/17/2011	10.21	10.40	10.21	10.28	476355	15048862.000
11/18/2011	10.22	10.35	9.94	9.96	323685	10109402.000
11/21/2011	9.88	9.91	9.43	9.57	767126	22502020.000
11/22/2011	9.56	9.58	9.44	9.57	141532	4135207.750
11/23/2011	9.61	9.77	9.51	9.77	208645	6181850.500
11/24/2011	9.60	9.62	9.43	9.51	690864	20142146.000
11/25/2011	9.53	9.55	9.42	9.42	198942	5789032.000
11/28/2011	9.37	9.50	9.18	9.50	211014	6040210.500
11/29/2011	9.46	9.47	9.20	9.30	701281	20030204.000
11/30/2011	9.30	9.30	8.50	8.67	718419	19826742.000
12/01/2011	8.92	9.00	8.76	8.81	765957	20868252.000
12/02/2011	8.81	8.81	8.37	8.38	483623	12661227.000
12/05/2011	8.38	8.38	8.13	8.14	163727	4142381.750
12/06/2011	8.14	8.29	8.14	8.21	131510	3320151.500
12/07/2011	8.13	8.30	8.13	8.23	112297	2855705.250
12/08/2011	8.20	8.43	8.14	8.31	212524	5442803.000
12/09/2011	8.18	8.36	8.18	8.29	149023	3817655.500
12/12/2011	8.27	8.36	8.27	8.30	116274	2981621.500
12/13/2011	8.24	8.42	8.23	8.40	474935	12209292.000
12/14/2011	8.40	8.80	8.37	8.58	843232	22487822.000
12/15/2011	8.55	8.55	8.10	8.25	553862	14174454.000
12/16/2011	8.23	8.76	8.17	8.67	501286	13063102.000
12/19/2011	8.65	8.65	8.37	8.60	400204	10473593.000
12/20/2011	8.61	8.73	8.46	8.57	283723	7496231.000
12/21/2011	8.66	8.66	8.18	8.18	270364	7019026.500
12/22/2011	8.12	8.17	7.44	7.73	387040	9209245.000
12/23/2011	7.69	7.80	7.62	7.68	161437	3855960.500
12/26/2011	7.70	7.73	7.55	7.56	77403	1834095.500
12/27/2011	7.69	7.93	7.50	7.51	217589	5182855.000
12/28/2011	7.43	7.43	7.03	7.23	253274	5627741.000
12/29/2011	7.43	7.76	7.33	7.63	337676	7869532.500
12/30/2011	7.82	8.42	7.81	8.10	659501	16554691.000
01/04/2012	8.40	8.92	7.67	8.43	910650	24028334.000
01/05/2012	8.26	8.83	8.25	8.37	817182	21761702.000
01/06/2012	8.07	8.40	7.64	8.14	560665	13756276.000
01/09/2012	8.08	8.97	7.96	8.97	877052	23897368.000
01/10/2012	9.27	9.61	9.27	9.40	1617505	46707940.000
01/11/2012	9.33	9.89	9.31	9.50	1324002	39066668.000
01/12/2012	9.50	9.76	9.35	9.66	1028179	30208228.000
01/13/2012	9.65	9.66	8.95	8.98	1313641	37146136.000
01/16/2012	8.77	8.81	8.13	8.17	967456	25208432.000
01/17/2012	8.03	8.56	7.79	8.47	921006	23361166.000
01/18/2012	8.44	8.56	7.60	7.60	835024	20807378.000
01/19/2012	7.44	7.85	7.34	7.76	589449	13957631.000
01/20/2012	7.77	8.01	7.77	7.91	326311	7978369.500
01/30/2012	7.97	8.27	7.82	8.01	374293	9323440.000
01/31/2012	8.05	8.15	7.89	8.12	231355	5763790.000
02/01/2012	8.13	8.40	8.07	8.37	368461	9418173.000
02/02/2012	8.43	8.43	8.25	8.41	309496	7962392.000
02/03/2012	9.27	9.27	8.94	9.27	2155110	60764240.000
02/06/2012	9.26	9.76	9.22	9.60	2150773	62852900.000
02/07/2012	9.45	9.59	9.24	9.36	1058308	30707790.000
02/08/2012	9.33	9.65	9.28	9.61	967667	28311126.000
02/09/2012	9.57	9.69	9.46	9.60	799807	23525480.000
02/10/2012	9.50	9.60	9.37	9.48	645842	18798314.000
02/13/2012	9.37	9.75	9.28	9.60	913625	26903114.000
02/14/2012	9.59	9.85	9.47	9.75	870547	25858406.000
02/15/2012	9.74	9.80	9.57	9.76	785996	23363522.000
02/16/2012	9.67	9.75	9.45	9.56	643636	18987396.000
02/17/2012	9.58	9.83	9.50	9.70	995755	29672918.000
02/21/2012	9.43	9.47	9.06	9.38	2278521	64583108.000
02/22/2012	9.23	10.34	9.22	10.34	2878942	87391208.000
02/23/2012	10.40	10.40	10.03	10.25	1800111	56508604.000
02/24/2012	10.19	10.27	10.03	10.18	1478252	45933076.000
02/27/2012	10.23	10.68	10.18	10.25	2223705	71211640.000
02/28/2012	10.11	10.16	9.77	10.05	1020029	31349364.000
02/29/2012	10.00	10.03	9.71	9.80	533718	16206253.000
03/01/2012	9.73	10.03	9.68	9.85	595880	18082062.000
03/02/2012	9.85	10.09	9.85	10.06	495390	15195162.000
03/05/2012	10.03	10.31	9.98	10.06	812560	25298564.000
03/06/2012	10.07	10.07	9.65	9.66	671227	20153076.000
03/07/2012	9.55	9.76	9.52	9.54	430176	12732538.000
03/08/2012	9.68	9.78	9.58	9.72	389481	11598525.000
03/09/2012	9.72	10.20	9.70	10.06	759528	23273758.000
03/12/2012	9.94	10.32	9.94	10.28	814548	25428646.000
03/13/2012	10.26	10.33	10.08	10.26	476922	14904679.000
03/14/2012	10.32	10.58	9.50	9.59	1228266	38074556.000
03/15/2012	9.53	9.73	9.43	9.57	609474	17897876.000
03/16/2012	9.58	9.93	9.57	9.93	602211	18080440.000
03/20/2012	10.27	10.27	9.80	9.87	711629	21860116.000
03/21/2012	9.87	10.17	9.65	10.14	921289	28157254.000
03/22/2012	10.43	11.18	10.43	11.07	2601332	86626360.000
03/23/2012	10.80	10.93	10.27	10.64	1538345	49808152.000
03/26/2012	10.64	10.66	10.18	10.43	891259	28360180.000
03/27/2012	10.48	10.56	10.19	10.25	874784	27761814.000
03/28/2012	10.22	10.22	9.21	9.21	2010533	29029170.000
03/29/2012	8.97	9.04	8.28	8.45	1845605	24323970.000
03/30/2012	8.42	8.63	8.03	8.13	1159773	14763244.000
04/05/2012	8.19	8.55	8.19	8.52	1209634	15568166.000
04/06/2012	8.50	8.56	8.31	8.45	1190594	15363624.000
04/09/2012	8.45	8.48	8.17	8.22	904095	11438164.000
04/10/2012	8.17	8.21	7.73	8.19	1184833	14463855.000
04/11/2012	8.01	8.45	7.90	8.37	1101546	13911449.000
04/12/2012	8.33	8.47	8.19	8.40	1035349	13218793.000
04/13/2012	8.41	9.07	8.31	8.80	2127852	28301540.000
04/16/2012	8.70	8.78	8.44	8.49	1065414	14044120.000
04/17/2012	8.49	8.58	8.11	8.15	1105202	13972166.000
04/18/2012	8.23	8.41	8.10	8.41	838510	10644700.000
04/19/2012	8.41	8.45	8.17	8.25	968356	12272760.000
04/20/2012	8.18	8.29	8.17	8.27	814114	10261779.000
04/23/2012	8.17	8.23	7.61	7.75	1575070	18996972.000
04/24/2012	7.70	7.80	7.17	7.56	1315851	15132153.000
04/25/2012	7.49	7.67	7.45	7.59	806187	9340894.000
04/26/2012	7.60	7.68	7.44	7.53	443150	5138754.500
04/27/2012	7.53	7.82	7.47	7.67	793198	9355337.000
05/02/2012	7.79	7.79	7.64	7.76	660302	7815303.500
05/03/2012	7.74	7.95	7.57	7.84	1091856	12958661.000
05/04/2012	7.85	7.99	7.78	7.97	837401	10149796.000
05/07/2012	7.94	8.26	7.91	8.15	1206041	14901491.000
05/08/2012	8.13	8.19	7.97	8.03	978599	12060997.000
05/09/2012	7.98	7.98	7.56	7.77	927892	11087255.000
05/10/2012	7.70	7.89	7.69	7.82	639630	7660012.000
05/11/2012	7.82	7.85	7.71	7.75	477768	5690288.000
05/14/2012	7.81	7.96	7.77	7.83	936432	11307993.000
05/15/2012	7.80	7.80	7.58	7.73	453293	5328565.500
05/16/2012	7.71	7.80	7.63	7.67	361876	4271104.000
05/17/2012	7.73	7.80	7.65	7.80	444897	5275984.500
05/18/2012	7.73	7.81	7.65	7.67	408525	4834560.500
05/21/2012	7.67	7.71	7.50	7.60	426054	4963237.000
05/22/2012	7.67	7.73	7.63	7.70	284592	3351437.500
05/23/2012	7.65	7.72	7.48	7.59	386002	4487283.000
05/24/2012	7.51	7.62	7.51	7.59	250913	2903933.750
05/25/2012	7.63	7.63	7.27	7.27	543597	6146399.500
05/28/2012	7.24	7.29	7.07	7.27	391672	4325818.500
05/29/2012	7.27	7.42	7.27	7.39	445478	5033174.000
05/30/2012	7.41	7.55	7.33	7.47	556831	6347591.500
05/31/2012	7.71	8.01	7.62	7.63	1994203	23666544.000
06/01/2012	7.65	7.71	7.52	7.53	735121	8564604.000
06/04/2012	7.29	7.49	7.19	7.21	679221	7643721.000
06/05/2012	7.19	7.27	7.19	7.24	316573	3509742.750
06/06/2012	7.29	7.35	7.19	7.26	236602	2636033.750
06/07/2012	7.31	7.34	7.17	7.19	356748	3967442.250
06/08/2012	7.27	7.32	7.14	7.19	308989	3416046.750
06/11/2012	7.17	7.37	7.17	7.35	593767	6655016.000
06/12/2012	7.39	7.39	7.27	7.29	319187	3581275.750
06/13/2012	7.31	7.49	7.28	7.47	611776	6944870.000
06/14/2012	7.42	7.55	7.35	7.36	521693	5953268.000
06/15/2012	7.38	7.72	7.37	7.64	1055254	12166062.000
06/18/2012	7.65	7.80	7.58	7.68	933461	11000222.000
06/19/2012	7.68	7.73	7.57	7.67	507617	5945719.500
06/20/2012	7.69	8.02	7.67	7.77	1364472	16440015.000
06/21/2012	7.73	7.73	7.51	7.56	690698	8058321.500
06/25/2012	7.57	7.63	7.33	7.33	358633	4090041.250
06/26/2012	7.30	7.39	7.17	7.33	480268	5348658.500
06/27/2012	7.39	7.54	7.29	7.40	514009	5849135.000
06/28/2012	7.37	7.53	7.33	7.34	419734	4784013.000
06/29/2012	7.43	7.73	7.27	7.60	854179	9837001.000
07/02/2012	7.54	7.81	7.53	7.77	890250	10484013.000
07/03/2012	7.72	8.00	7.72	7.95	1514806	18340962.000
07/04/2012	7.94	8.03	7.77	7.79	716221	8628921.000
07/05/2012	7.72	7.73	7.53	7.63	500480	5843412.000
07/06/2012	7.67	7.80	7.43	7.75	470467	5490667.500
07/09/2012	7.71	7.81	7.37	7.37	599674	7000164.000
07/10/2012	7.37	7.46	7.23	7.23	344154	3859007.250
07/11/2012	7.19	7.41	7.17	7.39	267619	2996856.500
07/12/2012	7.45	7.83	7.45	7.69	1124296	13212971.000
07/13/2012	7.64	7.71	7.59	7.66	562882	6594606.000
07/16/2012	7.66	7.66	7.23	7.23	674107	7646385.000
07/17/2012	7.23	7.35	7.19	7.33	329391	3686955.500
07/18/2012	7.27	7.39	7.24	7.37	315224	3527513.750
07/19/2012	7.41	7.68	7.34	7.63	943316	10952952.000
07/20/2012	7.57	7.77	7.54	7.63	702228	8246541.000
07/23/2012	7.55	7.62	7.43	7.47	446004	5120495.500
07/24/2012	7.39	7.69	7.37	7.69	616425	7142429.000
07/25/2012	7.61	7.88	7.61	7.87	1808028	21565138.000
07/26/2012	7.90	7.93	7.75	7.75	1251370	15004024.000
07/27/2012	7.83	7.89	7.68	7.85	745677	8900363.000
07/30/2012	7.85	8.02	7.71	7.71	993720	12003342.000
07/31/2012	7.69	7.69	7.23	7.30	830991	9414813.000
08/01/2012	7.34	7.46	7.30	7.37	550624	6226905.000
08/02/2012	7.41	7.50	7.24	7.28	612076	6903257.500
08/03/2012	7.29	7.49	7.29	7.49	444832	5030278.000
08/06/2012	7.43	7.83	7.43	7.81	1124850	13242772.000
08/07/2012	7.83	7.95	7.75	7.81	1093143	13111498.000
08/08/2012	7.82	7.83	7.65	7.77	669064	7928277.000
08/09/2012	7.71	7.95	7.71	7.95	1231987	14813429.000
08/10/2012	7.98	8.03	7.82	7.84	978971	11823628.000
08/13/2012	7.88	7.88	7.66	7.66	584913	6932844.500
08/14/2012	7.71	7.77	7.50	7.73	635683	7434338.500
08/15/2012	7.74	8.51	7.67	8.51	3932162	50188804.000
08/16/2012	8.67	8.76	8.29	8.36	4357060	56771100.000
08/17/2012	8.16	8.59	8.13	8.53	2420896	31243566.000
08/20/2012	8.45	8.51	8.29	8.45	1589581	20416796.000
08/21/2012	8.50	8.74	8.33	8.39	2380622	31056836.000
08/22/2012	8.45	8.45	8.21	8.34	1852704	23579196.000
08/23/2012	8.31	8.57	8.23	8.50	1414307	18137758.000
08/24/2012	8.50	8.50	8.15	8.15	1139942	14523938.000
08/27/2012	8.05	8.17	7.68	7.70	1515124	18222144.000
08/28/2012	7.75	7.93	7.70	7.84	854573	10247075.000
08/29/2012	7.77	7.94	7.69	7.87	880337	10546619.000
08/30/2012	7.82	7.89	7.33	7.51	981073	11380921.000
08/31/2012	7.38	7.58	7.38	7.49	467042	5372724.000
09/03/2012	7.55	7.66	7.44	7.57	498707	5800602.000
09/04/2012	7.65	8.25	7.63	7.79	1280603	15498114.000
09/05/2012	7.75	7.94	7.61	7.86	714751	8532591.000
09/06/2012	7.90	7.96	7.83	7.93	579618	7005300.500
09/07/2012	7.97	8.20	7.94	8.15	2171401	26888256.000
09/10/2012	8.09	8.20	8.05	8.19	1394978	17398786.000
09/11/2012	8.17	8.17	8.00	8.11	793004	9802776.000
09/12/2012	8.13	8.23	7.95	8.07	830205	10283854.000
09/13/2012	8.07	8.10	7.77	7.77	763091	9288714.000
09/14/2012	7.84	7.99	7.77	7.90	591437	7147715.000
09/17/2012	7.93	7.93	7.48	7.51	712070	8375715.500
09/18/2012	7.47	7.63	7.46	7.52	271614	3144878.500
09/19/2012	7.57	7.63	7.51	7.59	246203	2854700.250
09/20/2012	7.55	7.60	7.37	7.41	395121	4518801.000
09/21/2012	7.35	7.46	7.35	7.37	249478	2829336.500
09/24/2012	7.37	7.37	6.90	7.03	782413	8497236.000
09/25/2012	7.03	7.03	6.89	6.92	442508	4729466.500
09/26/2012	6.92	6.97	6.43	6.47	911056	9281502.000
09/27/2012	6.47	6.59	6.24	6.53	932935	9207592.000
09/28/2012	6.43	6.63	6.35	6.59	671889	6760682.000
10/08/2012	6.61	6.71	6.50	6.53	269652	2729123.500
10/09/2012	6.59	6.72	6.57	6.71	648057	6663523.000
10/10/2012	6.71	6.81	6.67	6.80	930612	9666071.000
10/11/2012	6.83	6.88	6.11	6.67	1176092	12039289.000
10/12/2012	6.63	7.07	6.36	6.82	1605106	16634011.000
10/15/2012	6.81	6.81	6.47	6.53	885720	8983121.000
10/16/2012	6.59	6.65	6.43	6.55	488135	4929722.000
10/17/2012	6.55	6.61	6.47	6.55	327360	3296360.250
10/18/2012	6.56	6.67	6.54	6.66	907663	9247227.000
10/19/2012	6.64	6.69	6.55	6.57	634544	6428805.500
10/22/2012	6.58	6.61	6.51	6.59	327846	3311847.750
10/23/2012	6.60	6.61	6.48	6.51	373773	3762343.250
10/24/2012	6.48	6.51	6.43	6.47	256321	2549774.750
10/25/2012	6.49	6.55	6.44	6.53	406604	4063418.750
10/26/2012	6.50	6.63	6.37	6.38	504749	5058755.000
10/29/2012	6.31	6.37	6.21	6.27	215446	2083206.375
10/30/2012	6.32	6.37	6.23	6.24	186878	1806731.625
10/31/2012	5.92	6.31	5.92	6.25	731316	6787196.500
11/01/2012	6.20	6.32	6.17	6.30	961886	9273445.000
11/02/2012	6.30	6.32	6.26	6.31	306202	2967514.250
11/05/2012	6.27	6.29	6.22	6.25	362982	3499120.250
11/06/2012	6.25	6.25	6.02	6.07	592756	5535181.500
11/07/2012	6.03	6.12	6.03	6.08	324214	3039361.750
11/08/2012	6.03	6.06	5.88	5.89	345700	3181833.000
11/09/2012	5.83	5.95	5.71	5.77	327543	2926311.500
11/12/2012	5.76	5.88	5.76	5.87	288753	2594400.000
11/13/2012	5.85	5.87	5.57	5.64	572640	5015673.500
11/14/2012	5.57	5.72	5.52	5.65	531730	4623643.500
11/15/2012	5.65	5.75	5.59	5.61	435351	3823887.750
11/16/2012	5.60	5.66	5.57	5.64	217237	1886602.375
11/19/2012	5.55	5.74	5.55	5.73	523205	4590525.000
11/20/2012	5.74	5.78	5.65	5.67	574181	5058219.000
11/21/2012	5.67	5.75	5.59	5.73	636505	5564204.500
11/22/2012	5.71	5.71	5.63	5.68	580049	5071356.500
11/23/2012	5.67	5.73	5.62	5.66	505039	4439064.500
11/26/2012	5.68	5.70	5.63	5.64	232861	2036685.250
11/27/2012	5.61	5.63	5.29	5.29	601062	5018289.000
11/28/2012	5.23	5.30	5.14	5.28	361847	2926804.250
11/29/2012	5.33	5.33	5.19	5.28	298476	2430233.750
11/30/2012	5.27	5.30	5.21	5.29	246752	2011042.875
12/03/2012	5.29	5.29	4.98	5.00	277399	2214075.000
12/04/2012	5.09	5.12	4.95	5.03	317348	2466929.500
12/05/2012	5.00	5.29	5.00	5.23	789483	6339126.500
12/06/2012	5.23	5.29	5.20	5.26	575355	4673550.500
12/07/2012	5.25	5.45	5.25	5.43	644444	5329982.500
12/10/2012	5.43	5.55	5.38	5.53	833394	7016045.000
12/11/2012	5.47	5.52	5.42	5.43	488835	4126049.250
12/12/2012	5.46	5.48	5.33	5.46	337386	2822687.250
12/13/2012	5.46	5.55	5.33	5.34	430138	3605794.250
12/14/2012	5.36	5.62	5.33	5.58	1124635	9598478.000
12/17/2012	5.60	5.68	5.50	5.63	1233934	10649469.000
12/18/2012	5.62	5.77	5.56	5.59	895828	7802801.500
12/19/2012	5.58	5.67	5.58	5.61	705508	6120903.000
12/20/2012	5.59	5.68	5.55	5.67	914874	7938317.500
12/21/2012	5.67	5.80	5.63	5.73	1182268	10427261.000
12/24/2012	5.71	5.90	5.71	5.89	1058234	9500475.000
12/25/2012	5.91	6.05	5.86	6.01	1187393	10911711.000
12/26/2012	6.02	6.21	5.95	6.19	2032183	18956556.000
12/27/2012	6.20	6.29	5.98	5.99	1262843	11896287.000
12/28/2012	5.98	6.06	5.83	6.01	1092309	10025656.000
12/31/2012	5.99	6.06	5.93	6.05	592159	5485167.500
01/04/2013	6.07	6.13	5.96	6.02	715769	6642680.000
01/07/2013	6.01	6.13	5.97	6.13	789705	7364724.000
01/08/2013	6.13	6.34	6.07	6.23	1333596	12730869.000
01/09/2013	6.21	6.33	6.07	6.12	1148230	10983248.000
01/10/2013	6.12	6.29	6.12	6.28	1074941	10278543.000
01/11/2013	6.29	6.33	6.07	6.13	1045466	9977801.000
01/14/2013	6.09	6.50	6.09	6.46	1603250	15593647.000
01/15/2013	6.70	6.77	6.50	6.63	2902914	29612254.000
01/16/2013	6.63	6.64	6.42	6.55	1326303	13314150.000
01/17/2013	6.77	6.77	6.51	6.53	1078840	10965949.000
01/18/2013	6.61	6.63	6.51	6.63	895566	9045812.000
01/21/2013	6.63	6.67	6.52	6.67	1000338	10137649.000
01/22/2013	6.83	7.09	6.67	6.70	2814021	29679370.000
01/23/2013	6.69	6.86	6.63	6.73	1700335	17624744.000
01/24/2013	6.75	6.80	6.39	6.45	1785705	18128678.000
01/25/2013	6.45	6.53	6.41	6.45	745751	7402474.500
01/28/2013	6.44	7.11	6.44	7.11	3668061	38809068.000
01/29/2013	7.03	7.15	6.92	7.09	3141685	33807732.000
01/30/2013	6.97	7.09	6.88	6.95	1840004	19665850.000
01/31/2013	6.97	7.07	6.91	6.98	1289943	13819818.000
02/01/2013	6.99	7.02	6.87	6.99	1009131	10787649.000
02/04/2013	7.03	7.03	6.80	6.81	1173249	12422486.000
02/05/2013	6.75	6.98	6.69	6.95	698647	7403796.000
02/06/2013	6.97	7.05	6.91	7.05	749167	8018374.000
02/07/2013	7.39	7.40	6.95	6.99	1075065	11690525.000
02/08/2013	7.01	7.13	6.95	7.07	1110319	12023042.000
02/18/2013	7.10	7.15	7.00	7.09	927008	10068089.000
02/19/2013	7.09	7.09	6.85	6.87	886947	9445833.000
02/20/2013	6.85	7.03	6.85	7.02	768700	8217906.500
02/21/2013	6.97	6.98	6.70	6.75	1170364	12299242.000
02/22/2013	6.75	6.86	6.71	6.79	931644	9728507.000
02/25/2013	6.81	7.01	6.81	7.01	1243601	13253535.000
02/26/2013	7.01	7.13	6.97	7.02	1796357	19487438.000
02/27/2013	7.02	7.13	6.92	7.09	1041677	11253632.000
02/28/2013	7.12	7.55	7.12	7.35	3178891	35530652.000
03/01/2013	7.27	7.55	7.23	7.49	2437496	27663202.000
03/04/2013	7.40	7.43	7.07	7.19	1512617	16869094.000
03/05/2013	7.16	7.38	7.16	7.37	1153698	12922538.000
03/06/2013	7.43	7.81	7.42	7.75	2876855	33873384.000
03/07/2013	7.71	7.92	7.55	7.70	1884928	22403682.000
03/08/2013	7.74	8.10	7.70	8.05	2772499	33793784.000
03/11/2013	8.09	8.27	7.93	8.27	2432926	30236290.000
03/12/2013	8.26	8.47	7.53	7.87	2959096	36077216.000
03/13/2013	7.70	7.87	7.57	7.83	1342743	15846273.000
03/14/2013	7.77	8.23	7.77	7.99	2065862	25340748.000
03/15/2013	8.30	8.48	8.05	8.20	2884920	36387072.000
03/18/2013	8.08	8.83	8.08	8.64	4417362	57706832.000
03/19/2013	8.57	8.74	8.41	8.58	2013378	26280516.000
03/20/2013	8.53	9.01	8.44	8.96	2659200	35630436.000
03/21/2013	8.89	9.14	8.79	9.02	2550982	34982272.000
03/22/2013	9.13	9.19	8.91	8.93	2018842	27876128.000
03/25/2013	9.00	9.00	8.65	8.70	2872930	38855428.000
03/26/2013	8.75	8.81	8.50	8.76	1631921	21608400.000
03/27/2013	8.76	8.82	8.57	8.65	976677	13008300.000
03/28/2013	8.58	8.61	8.27	8.27	1542624	19760062.000
03/29/2013	8.29	8.39	8.17	8.17	998034	12614307.000
04/01/2013	8.17	8.43	8.17	8.37	711633	9078947.000
04/02/2013	8.31	8.57	8.04	8.07	1305169	16628158.000
04/03/2013	8.07	8.17	7.83	7.87	963709	11736918.000
04/08/2013	7.89	8.26	7.79	8.20	930762	11495559.000
04/09/2013	8.17	8.25	8.15	8.23	756420	9497541.000
04/10/2013	8.23	8.23	7.87	8.08	615569	7610435.500
04/11/2013	8.09	8.16	7.97	8.09	485569	6006448.500
04/12/2013	8.18	8.33	8.03	8.30	1208553	15280179.000
04/15/2013	8.29	8.29	7.90	7.98	684973	8452500.000
04/16/2013	7.85	7.97	7.72	7.91	1341326	16058411.000
04/17/2013	7.91	7.95	7.70	7.91	1437913	17253316.000
04/18/2013	7.89	8.09	7.72	8.02	1676450	20510482.000
04/19/2013	8.02	8.64	7.97	8.63	3014468	38364160.000
04/22/2013	8.53	8.63	8.37	8.43	3576971	30708516.000
04/23/2013	8.42	8.69	8.36	8.60	3309826	28423064.000
04/24/2013	8.53	8.78	8.45	8.76	3538677	30889844.000
04/25/2013	8.65	9.03	8.47	8.60	3895762	34320104.000
04/26/2013	8.51	8.66	8.00	8.05	3037490	25504324.000
05/02/2013	8.05	8.21	7.71	8.19	1212242	9860166.000
05/03/2013	8.28	8.55	8.06	8.25	1483984	12562777.000
05/06/2013	8.34	8.69	8.29	8.46	3077760	26436966.000
05/07/2013	8.42	8.44	8.18	8.22	3102098	26056046.000
05/08/2013	8.23	8.68	8.20	8.68	4673727	40258500.000
05/09/2013	9.15	9.56	9.15	9.56	14997457	143357664.000
05/10/2013	9.66	10.22	9.58	9.83	13039367	130048200.000
05/13/2013	9.61	9.96	9.41	9.94	6042932	58934396.000
05/14/2013	9.89	9.89	9.48	9.52	3658752	35617036.000
05/15/2013	9.50	9.80	9.50	9.68	3178531	30956866.000
05/16/2013	9.60	9.84	9.30	9.42	4605733	44513208.000
05/17/2013	9.40	9.65	9.30	9.49	3210824	30804420.000
05/20/2013	9.49	10.18	9.47	10.14	5691681	56896148.000
05/21/2013	10.09	10.49	9.85	10.34	6027729	62025716.000
05/22/2013	10.24	10.26	9.84	9.91	4085787	41288668.000
05/23/2013	9.86	10.04	9.75	9.85	2499679	24999082.000
05/24/2013	9.90	10.05	9.82	9.94	2590548	25958338.000
05/27/2013	10.20	10.89	10.06	10.50	6554543	69389960.000
05/28/2013	10.39	10.50	10.01	10.08	3129588	32160696.000
05/29/2013	10.08	10.33	9.98	10.17	2108156	21648210.000
05/30/2013	10.17	10.35	10.06	10.35	1892059	19450512.000
05/31/2013	10.50	10.77	10.15	10.15	3105830	32905192.000
06/03/2013	10.14	10.40	9.80	9.80	3009644	30349752.000
06/04/2013	9.80	9.84	9.16	9.27	2539920	24056448.000
06/05/2013	9.30	9.47	9.25	9.40	1298671	12296459.000
06/06/2013	9.33	9.33	9.10	9.11	1282668	11879305.000
06/07/2013	9.09	9.25	8.91	9.10	1403858	12837874.000
06/13/2013	9.02	9.47	8.68	9.37	2126451	19626260.000
06/14/2013	9.40	9.67	9.30	9.65	2573912	24884676.000
06/17/2013	9.62	9.78	9.47	9.47	2101031	20432758.000
06/18/2013	9.42	9.56	9.10	9.41	1559136	14714124.000
06/19/2013	9.26	9.43	9.15	9.42	1200970	11264371.000
06/20/2013	9.35	9.35	8.80	8.83	1523225	14043791.000
06/21/2013	8.70	8.82	8.38	8.60	1414351	12280688.000
06/24/2013	8.60	8.70	8.01	8.15	1359917	11551446.000
06/25/2013	8.00	8.40	7.70	8.36	1679895	13768131.000
06/26/2013	8.38	8.67	8.25	8.57	2026150	17456712.000
06/27/2013	8.58	8.70	8.23	8.23	1583132	13603655.000
06/28/2013	7.99	8.54	7.99	8.42	2516590	21394408.000
07/01/2013	8.42	8.63	8.32	8.63	1231620	10583782.000
07/02/2013	8.59	8.83	8.55	8.79	1457867	12832802.000
07/03/2013	8.75	8.89	8.53	8.86	1425028	12564868.000
07/04/2013	8.72	8.88	8.64	8.65	1441924	12785224.000
07/05/2013	8.66	8.69	8.35	8.37	1414229	12215909.000
07/08/2013	8.22	8.22	7.74	7.76	2181975	17614736.000
07/09/2013	7.76	7.93	7.70	7.79	981178	7733369.500
07/10/2013	7.85	7.98	7.70	7.96	3256097	25808684.000
07/11/2013	7.96	8.33	7.96	8.24	3005883	24937900.000
07/12/2013	8.25	8.46	8.19	8.22	2484549	20903666.000
07/15/2013	8.22	8.44	8.22	8.43	1861965	15787563.000
07/16/2013	8.53	8.77	8.52	8.67	2751238	23989370.000
07/17/2013	8.70	8.70	8.40	8.52	2428333	20968244.000
07/18/2013	8.46	8.64	8.44	8.55	1727613	14966064.000
07/19/2013	8.55	8.89	8.43	8.44	3121683	27420022.000
07/22/2013	8.39	8.65	8.10	8.64	1872915	16005623.000
07/23/2013	8.67	8.98	8.65	8.94	3134352	28016604.000
07/24/2013	8.96	9.23	8.73	9.15	3211487	29168840.000
07/25/2013	9.28	9.28	8.61	8.73	3172512	28457850.000
07/26/2013	8.68	8.78	8.41	8.59	1819909	15841771.000
07/29/2013	8.53	8.82	8.48	8.62	1399304	12283118.000
07/30/2013	8.63	8.63	8.21	8.41	1316590	11291837.000
07/31/2013	8.48	8.59	8.40	8.47	856238	7381765.000
08/01/2013	8.48	9.05	8.48	9.03	3229269	29008156.000
08/02/2013	9.04	9.55	9.04	9.20	4839237	45553624.000
08/05/2013	9.21	9.48	9.11	9.42	2989735	28161256.000
08/06/2013	9.41	9.41	9.29	9.33	2750092	25967920.000
08/07/2013	9.33	9.33	8.94	8.98	2785087	25485036.000
08/08/2013	8.98	9.20	8.95	9.06	1385219	12721568.000
08/09/2013	9.06	9.15	8.79	8.99	2033657	18406644.000
08/12/2013	9.09	9.23	8.96	9.21	1838601	16890718.000
08/13/2013	9.25	9.47	9.25	9.39	2804731	26591290.000
08/14/2013	9.50	9.50	9.22	9.27	2104530	19805450.000
08/15/2013	9.23	9.35	9.06	9.08	1410722	13060643.000
08/16/2013	9.07	9.29	8.80	8.84	1370426	12542833.000
08/19/2013	8.80	9.08	8.72	9.04	1400248	12662053.000
08/20/2013	9.09	9.15	8.97	9.03	1448044	13271131.000
08/21/2013	9.06	9.23	9.00	9.22	1606006	14820549.000
08/22/2013	9.20	9.35	9.17	9.28	1664622	15602769.000
08/23/2013	9.30	9.34	8.95	9.09	1876708	17324212.000
08/26/2013	9.10	9.24	9.01	9.23	1079021	10004658.000
08/27/2013	9.22	9.24	9.07	9.17	1168906	10795542.000
08/28/2013	9.09	9.12	8.98	8.98	1527726	13953697.000
08/29/2013	8.98	9.20	8.78	8.98	1438466	12993934.000
08/30/2013	8.93	8.99	8.50	8.50	1650168	14591878.000
09/02/2013	8.53	8.76	8.50	8.73	566488	4957329.000
09/03/2013	8.73	8.87	8.72	8.81	637642	5664895.000
09/04/2013	8.82	8.88	8.69	8.83	1026547	9130066.000
09/05/2013	8.78	8.88	8.77	8.81	807162	7203169.500
09/06/2013	8.81	8.94	8.75	8.91	1169556	10463748.000
09/09/2013	8.95	8.96	8.77	8.82	1304028	11635066.000
09/10/2013	8.85	8.88	8.68	8.73	1342411	11884371.000
09/11/2013	8.74	8.74	8.50	8.53	1428537	12389029.000
09/12/2013	8.56	8.66	8.51	8.55	801796	6946741.500
09/13/2013	8.56	8.61	8.46	8.61	763275	6603067.000
09/16/2013	8.59	8.71	8.56	8.63	615022	5381579.500
09/17/2013	8.62	8.66	8.42	8.42	672870	5803329.500
09/18/2013	8.38	8.51	8.37	8.40	445876	3801718.500
09/23/2013	8.39	8.65	8.39	8.63	742343	6431849.500
09/24/2013	8.63	8.69	8.55	8.68	819598	7157081.500
09/25/2013	8.63	8.73	8.56	8.67	859337	7510834.000
09/26/2013	8.68	8.85	8.59	8.68	1604737	14249346.000
09/27/2013	8.73	8.92	8.67	8.76	1247397	11079792.000
09/30/2013	8.76	8.88	8.75	8.81	934959	8327033.000
10/08/2013	8.81	8.93	8.71	8.93	1261472	11292636.000
10/09/2013	8.97	8.97	8.80	8.93	1494426	13434376.000
10/10/2013	8.93	8.96	8.79	8.80	1207517	10831126.000
10/11/2013	8.80	8.93	8.78	8.86	1002103	8973457.000
10/14/2013	8.93	9.14	8.93	9.04	2045079	18730720.000
10/15/2013	9.03	9.15	9.00	9.10	1574513	14437314.000
10/16/2013	9.11	9.11	8.60	8.76	1379094	12352486.000
10/17/2013	8.78	8.88	8.75	8.78	862896	7695754.000
10/18/2013	8.78	8.86	8.74	8.82	705713	6287908.000
10/21/2013	8.84	9.11	8.82	9.11	1884666	17230416.000
10/22/2013	9.20	9.30	9.06	9.14	1886745	17503318.000
10/23/2013	9.14	9.15	8.77	8.83	1780101	16012488.000
10/24/2013	8.76	8.80	8.55	8.59	1104870	9649553.000
10/25/2013	8.57	8.65	8.08	8.17	1876110	15756056.000
10/28/2013	8.11	8.18	7.94	8.04	965968	7854959.000
10/29/2013	8.06	8.11	7.58	7.76	1349434	10722240.000
10/30/2013	7.77	7.94	7.75	7.94	617250	4905873.500
10/31/2013	7.94	7.94	7.78	7.92	548063	4352644.500
11/01/2013	7.89	7.98	7.80	7.95	601112	4812115.000
11/04/2013	7.93	8.06	7.92	8.00	613394	4972344.500
11/05/2013	7.96	8.07	7.93	8.06	494779	4019855.000
11/06/2013	8.06	8.15	8.03	8.04	634510	5184935.000
11/07/2013	8.03	8.04	7.79	7.80	601746	4798785.500
11/08/2013	7.67	7.82	7.61	7.71	426715	3340104.500
11/11/2013	7.74	7.89	7.55	7.85	493006	3867995.000
11/12/2013	7.86	7.95	7.80	7.92	446104	3570717.750
11/13/2013	7.93	7.98	7.80	7.98	712778	5681567.000
11/14/2013	8.70	8.71	7.98	8.28	1858961	15673090.000
11/15/2013	8.30	8.50	8.20	8.27	2005444	16944706.000
11/18/2013	8.14	8.40	8.14	8.38	1287644	10818538.000
11/19/2013	8.39	8.48	8.29	8.45	1281782	10874066.000
11/20/2013	8.39	8.47	8.35	8.42	990799	8436074.000
11/21/2013	8.39	8.49	8.35	8.47	1325395	11297556.000
11/22/2013	8.69	8.69	8.42	8.45	1214030	10467971.000
11/25/2013	8.40	8.56	8.30	8.40	661046	5648543.500
11/26/2013	8.38	8.53	8.36	8.51	676225	5791757.000
11/27/2013	8.46	8.66	8.46	8.62	1270503	11020466.000
11/28/2013	8.63	8.76	8.56	8.70	1318635	11577794.000
11/29/2013	8.72	9.06	8.68	9.02	2659970	24037404.000
12/02/2013	8.80	8.80	8.11	8.11	2885506	24498742.000
12/03/2013	8.07	8.24	7.80	8.23	1061698	8626382.000
12/04/2013	8.23	8.57	8.17	8.42	1695817	14430391.000
12/05/2013	8.37	8.46	8.33	8.43	746542	6341129.000
12/06/2013	8.44	8.48	8.26	8.47	841748	7135398.500
12/09/2013	8.79	8.79	8.48	8.62	1015487	8862572.000
12/10/2013	8.55	8.63	8.49	8.52	817109	7069998.000
12/11/2013	8.52	8.59	8.41	8.48	617668	5323860.500
12/12/2013	8.44	8.63	8.44	8.57	840223	7269181.000
12/13/2013	8.54	8.78	8.51	8.65	1042029	9139005.000
12/16/2013	8.70	8.87	8.66	8.77	1754695	15601256.000
12/17/2013	8.77	9.49	8.66	9.12	5837961	54423336.000
12/18/2013	8.99	9.10	8.81	8.93	2300359	20753734.000
12/19/2013	8.95	8.98	8.61	8.72	1606246	14378557.000
12/20/2013	8.64	8.79	8.41	8.49	1002101	8698619.000
12/23/2013	8.50	8.60	8.10	8.24	956573	8000877.500
12/24/2013	8.24	8.49	8.24	8.42	744852	6308288.000
12/25/2013	8.44	8.72	8.32	8.72	924586	8028796.500
12/26/2013	8.79	8.79	8.53	8.54	1059604	9285401.000
12/27/2013	8.54	9.10	8.54	9.07	2060825	18554366.000
12/30/2013	9.89	9.89	9.07	9.27	3307274	31128334.000
01/07/2014	8.33	9.36	8.33	8.87	8161031	70840960.000
01/08/2014	8.72	9.07	8.62	8.90	5569295	49941600.000
01/09/2014	8.85	8.85	8.36	8.50	3735168	32445010.000
01/10/2014	8.47	8.47	7.99	8.03	2148678	17735670.000
01/13/2014	8.05	8.08	7.78	7.90	2352276	18759514.000
01/14/2014	7.90	8.18	7.80	8.14	2564269	20788310.000
01/15/2014	8.15	8.68	8.11	8.60	5177903	44041268.000
01/16/2014	8.56	8.57	8.42	8.47	2685578	23106282.000
01/17/2014	8.46	8.87	8.42	8.61	3103760	27137420.000
01/20/2014	8.87	8.97	8.66	8.81	3994232	35531596.000
01/21/2014	8.78	8.97	8.70	8.96	3611044	32497168.000
01/22/2014	8.91	9.13	8.79	9.09	4982134	45189168.000
01/23/2014	9.08	9.27	8.96	9.11	3887256	35874628.000
01/24/2014	9.26	9.40	9.21	9.34	4622984	43441760.000
01/27/2014	9.36	9.80	9.21	9.60	4846840	46719028.000
01/28/2014	9.54	9.64	9.25	9.34	2639820	25078264.000
01/29/2014	9.32	9.53	9.32	9.49	2168696	20644154.000
01/30/2014	9.50	9.53	9.15	9.20	2286350	21585346.000
02/07/2014	9.10	9.75	9.10	9.66	3640654	34790440.000
02/10/2014	9.70	10.60	9.70	10.17	6710733	68897680.000
02/11/2014	10.34	10.75	10.05	10.59	5994831	62879836.000
02/12/2014	10.48	10.84	10.42	10.70	4294101	46136624.000
02/13/2014	10.59	11.40	10.50	10.75	5981239	66633716.000
02/14/2014	10.50	11.29	10.49	11.15	4733962	52775988.000
02/17/2014	11.35	11.54	11.01	11.28	4739411	53790856.000
02/18/2014	11.20	11.53	11.05	11.28	3931380	44673176.000
02/19/2014	11.21	11.28	10.85	10.90	4387790	48711048.000
02/20/2014	11.05	11.15	10.51	10.59	3869405	41796736.000
02/21/2014	10.55	10.85	10.37	10.68	2278592	24479774.000
02/24/2014	10.67	10.95	10.42	10.95	3004020	32584332.000
02/25/2014	10.96	11.36	10.02	10.20	5530337	60540200.000
02/26/2014	10.35	10.62	10.15	10.58	4139552	43541912.000
02/27/2014	10.85	11.65	10.85	11.65	16865635	196673424.000
02/28/2014	11.37	11.59	10.98	11.36	10282681	116752288.000
03/03/2014	11.34	11.50	10.89	11.19	7975803	89586536.000
03/04/2014	11.10	11.44	10.93	11.39	6291333	71422512.000
03/05/2014	11.50	11.50	10.94	10.97	5139952	57912248.000
03/06/2014	10.90	10.90	10.38	10.68	5908751	63151780.000
03/07/2014	10.56	11.09	10.52	11.05	5600918	61195840.000
03/10/2014	11.01	11.01	10.33	10.33	3690518	39785344.000
03/11/2014	10.31	10.40	9.86	10.00	3222505	32914312.000
03/12/2014	10.00	10.08	9.58	9.88	3267717	32477730.000
03/13/2014	10.00	10.11	9.88	10.00	1853445	18687900.000
03/14/2014	9.98	10.00	9.80	9.88	1344790	13443895.000
03/17/2014	9.88	10.25	9.88	10.25	2275939	23347484.000
03/18/2014	10.22	10.53	10.21	10.26	2761029	28881402.000
03/19/2014	10.26	10.52	10.15	10.44	2555528	26818990.000
03/20/2014	10.40	10.43	10.01	10.01	2416132	25070134.000
03/21/2014	9.95	10.22	9.74	10.20	2170164	21836506.000
03/24/2014	10.19	10.19	9.96	10.10	1741536	17678886.000
03/25/2014	10.07	10.18	9.96	10.08	1494216	15196785.000
03/26/2014	10.08	10.24	10.02	10.15	1550085	15885039.000
03/27/2014	10.20	10.21	9.85	9.86	2349179	23880228.000
03/28/2014	9.85	9.94	9.40	9.40	2044787	19851200.000
03/31/2014	9.39	9.56	9.33	9.45	1239161	11856142.000
04/01/2014	9.43	9.68	9.43	9.66	1224151	11898916.000
04/02/2014	9.68	9.75	9.51	9.56	1124051	10893115.000
04/03/2014	9.56	9.73	9.51	9.63	939770	9140339.000
04/04/2014	9.60	9.77	9.53	9.76	971734	9509762.000
04/08/2014	9.71	10.00	9.61	9.96	1469831	14591469.000
04/09/2014	9.99	10.07	9.91	10.05	1000962	10123231.000
04/10/2014	10.12	10.25	9.99	10.08	2120134	21730082.000
04/11/2014	10.00	10.16	10.00	10.10	1091510	11107334.000
04/14/2014	10.11	10.28	10.10	10.28	1397351	14408002.000
04/15/2014	10.27	10.27	10.07	10.10	1294799	13280231.000
04/16/2014	10.08	10.32	10.05	10.24	2131680	22028894.000
04/17/2014	10.24	10.36	10.20	10.27	1347114	14004937.000
04/18/2014	10.27	10.46	10.14	10.40	1426041	14918640.000
04/21/2014	10.33	10.62	10.30	10.30	1941404	20504338.000
04/22/2014	10.29	10.39	9.85	10.04	1459253	14826182.000
04/23/2014	9.98	10.19	9.98	10.17	934898	9535465.000
04/24/2014	9.92	10.17	9.92	9.97	894215	9064054.000
04/25/2014	9.90	10.04	9.52	9.59	1434696	14178838.000
04/28/2014	9.58	9.59	9.32	9.32	977580	9299985.000
04/29/2014	9.40	9.58	9.38	9.56	660649	6342740.500
04/30/2014	9.46	9.90	9.46	9.82	792049	7828760.000
05/05/2014	9.83	9.94	9.75	9.90	1142970	11397168.000
05/06/2014	9.98	10.19	9.92	9.99	1175127	11802088.000
05/07/2014	10.00	10.05	9.89	9.90	1015135	10111183.000
05/08/2014	9.85	10.08	9.82	9.86	779341	7758354.500
05/09/2014	9.86	10.00	9.80	9.82	670112	6616316.000
05/12/2014	9.85	10.18	9.85	10.17	1272750	12826164.000
05/13/2014	10.17	10.23	10.02	10.16	785156	7955372.500
05/14/2014	10.15	10.22	10.07	10.18	824998	8380102.500
05/15/2014	10.20	10.23	9.80	9.85	1465794	14576422.000
05/16/2014	9.82	9.85	9.33	9.72	1642043	15741276.000
05/19/2014	9.69	9.70	9.44	9.53	1162590	11103475.000
05/20/2014	9.62	9.81	9.57	9.65	886016	8585723.000
05/21/2014	9.58	9.75	9.55	9.74	668174	6447332.500
05/22/2014	9.73	9.93	9.70	9.70	843838	8289456.500
05/23/2014	9.78	9.95	9.65	9.94	958231	9425782.000
05/26/2014	9.96	10.22	9.96	10.17	1644810	16655114.000
05/27/2014	10.20	10.23	10.07	10.14	812044	8237105.000
05/28/2014	10.21	10.34	10.13	10.29	2073013	21289204.000
05/29/2014	10.31	10.32	9.97	10.01	1437111	14603053.000
05/30/2014	10.01	11.01	10.00	11.01	7036945	75713672.000
06/03/2014	11.29	12.10	11.10	11.84	11348822	131954176.000
06/04/2014	11.82	12.00	11.48	12.00	8153705	95680240.000
06/05/2014	11.86	13.20	11.66	13.20	14016409	179115312.000
06/06/2014	13.30	13.46	12.75	12.78	10124609	131551952.000
06/09/2014	12.60	13.08	12.41	12.47	8159306	103221296.000
06/10/2014	12.40	13.00	12.28	12.90	8251699	104386368.000
06/11/2014	12.75	14.05	12.52	13.63	10819460	145970256.000
06/12/2014	13.39	13.90	13.27	13.42	7739588	105070632.000
06/13/2014	13.49	13.98	13.20	13.37	6286257	84899688.000
06/16/2014	13.40	13.59	13.03	13.40	5512264	73088104.000
06/17/2014	13.28	13.48	13.07	13.07	4595593	60793232.000
06/18/2014	12.90	12.95	12.46	12.56	6345547	80484088.000
06/19/2014	12.66	12.83	12.02	12.22	4240264	52914452.000
06/20/2014	12.19	12.49	12.17	12.30	3005462	37129596.000
06/23/2014	12.40	12.92	12.40	12.60	3885254	49268752.000
06/24/2014	12.80	12.90	12.09	12.20	6412831	78744488.000
06/25/2014	12.20	12.38	12.01	12.15	3908549	47541296.000
06/26/2014	12.22	12.68	12.10	12.65	6079398	75720528.000
06/27/2014	12.60	12.75	12.41	12.49	4667111	58712804.000
06/30/2014	12.49	13.10	12.11	13.10	6783261	85121064.000
07/01/2014	13.10	13.25	12.85	13.03	5474117	71375400.000
07/02/2014	12.98	12.98	12.41	12.55	6171718	78129032.000
07/03/2014	12.60	13.53	12.38	13.50	8418169	109828224.000
07/04/2014	13.39	13.68	13.10	13.16	6479532	86633064.000
07/07/2014	13.10	13.32	12.68	13.20	5032887	65342940.000
07/08/2014	13.20	13.20	12.80	13.02	4846010	62771820.000
07/09/2014	13.15	13.49	12.55	12.58	6739825	87602072.000
07/10/2014	12.77	13.84	12.59	13.52	11949411	160637664.000
07/11/2014	13.23	13.42	13.01	13.39	8133964	107618520.000
07/14/2014	13.49	14.73	13.23	14.73	11273195	160817424.000
07/15/2014	14.95	16.10	14.80	15.61	17019505	259831040.000
07/16/2014	15.27	15.27	14.65	14.70	8503381	127087056.000
07/17/2014	14.55	15.48	14.43	14.74	7505819	112395456.000
07/18/2014	14.39	15.26	14.10	14.80	6599542	97548296.000
07/21/2014	14.50	15.40	14.41	15.40	6748325	101752504.000
07/22/2014	15.42	16.51	15.31	15.61	12901734	204868560.000
07/23/2014	15.48	15.70	14.77	15.09	7391964	112558832.000
07/24/2014	15.13	15.18	13.91	14.24	7722848	110790680.000
07/25/2014	14.27	14.40	13.81	14.02	4822448	67941136.000
07/28/2014	14.11	14.38	13.82	14.26	4671064	65772128.000
07/29/2014	14.18	14.77	14.10	14.54	5475291	79091936.000
07/30/2014	14.52	14.88	14.30	14.60	5046647	73912648.000
07/31/2014	14.76	16.06	14.76	16.06	4318443	67883976.000
08/01/2014	17.67	17.67	16.12	16.34	18803684	317424544.000
08/04/2014	16.49	16.65	16.07	16.29	7041309	114519248.000
08/05/2014	16.15	16.36	15.76	16.35	7017350	112772712.000
08/06/2014	16.20	16.20	15.70	15.82	5830852	93003416.000
08/07/2014	15.78	16.15	15.73	15.75	4605512	73394928.000
08/08/2014	15.71	15.99	15.59	15.87	3661784	57819076.000
08/11/2014	15.98	16.55	15.80	16.55	7094733	115531536.000
08/12/2014	16.42	16.60	16.24	16.24	3949766	64696952.000
08/13/2014	16.35	16.59	15.68	15.87	5208849	83249312.000
08/14/2014	15.71	16.01	15.58	15.63	3672411	57969528.000
08/15/2014	15.65	15.88	15.55	15.86	2333347	36785320.000
08/18/2014	15.88	16.40	15.80	16.29	4239751	68375144.000
08/19/2014	16.26	16.64	16.15	16.34	4834062	79198400.000
08/20/2014	16.23	16.29	15.72	15.87	4061792	65129204.000
08/21/2014	15.90	16.37	15.68	16.36	4746573	76122064.000
08/22/2014	16.28	16.66	16.21	16.57	5636034	92912040.000
08/25/2014	16.57	16.64	16.08	16.48	4747047	77824880.000
08/26/2014	16.36	16.80	16.15	16.36	4774323	78595312.000
08/27/2014	16.45	17.48	16.45	16.85	5517402	93165264.000
08/28/2014	16.60	16.70	16.32	16.52	2983792	49257548.000
08/29/2014	16.46	16.93	16.03	16.79	4028010	66671268.000
09/01/2014	16.73	16.98	16.55	16.89	2443846	41004828.000
09/02/2014	16.91	17.40	16.79	17.27	3817991	65121056.000
09/03/2014	17.21	17.42	17.08	17.20	4011260	69248664.000
09/04/2014	17.15	17.54	17.15	17.45	2770407	48161696.000
09/05/2014	17.60	17.60	16.89	17.09	2623501	45021460.000
09/09/2014	17.02	17.12	16.65	16.94	2238537	37712108.000
09/10/2014	16.94	17.12	16.72	16.94	1906134	32204884.000
09/11/2014	17.05	17.09	16.50	16.56	3297713	55217976.000
09/12/2014	16.57	16.83	16.44	16.73	1773669	29540460.000
09/15/2014	16.67	16.84	16.58	16.78	1889191	31539056.000
09/16/2014	16.75	16.77	15.55	15.55	4884244	78473376.000
09/17/2014	15.61	15.80	15.10	15.72	3255728	50320700.000
09/18/2014	15.65	15.80	15.41	15.52	1674974	26063804.000
09/19/2014	15.55	15.78	15.53	15.73	1341999	21036008.000
09/22/2014	15.76	15.76	15.47	15.49	1688181	26356986.000
09/23/2014	15.54	15.69	15.44	15.56	1529493	23820836.000
09/24/2014	15.65	15.80	15.55	15.79	1675567	26351024.000
09/25/2014	15.82	16.13	15.77	16.02	2585633	41214488.000
09/26/2014	15.98	16.02	15.74	15.78	1699114	26955146.000
09/29/2014	15.86	16.05	15.85	15.94	1853778	29571432.000
09/30/2014	16.03	16.28	15.86	16.12	2065688	33313144.000
10/08/2014	16.20	16.28	16.10	16.25	2136336	34613564.000
10/09/2014	16.26	16.96	16.25	16.80	5064724	84604816.000
10/10/2014	16.63	16.87	16.41	16.54	2379683	39482540.000
10/13/2014	16.60	16.62	15.77	15.92	2705900	43155860.000
10/14/2014	15.93	16.07	15.45	15.58	2225763	35103360.000
10/15/2014	15.51	15.65	15.08	15.31	2702318	41244008.000
10/16/2014	15.27	15.42	14.89	14.90	2788299	42324880.000
10/17/2014	14.75	15.13	14.75	15.08	1793660	26823346.000
10/20/2014	15.14	15.19	15.00	15.15	1060759	16019824.000
10/21/2014	15.18	15.21	14.76	14.77	1250760	18734698.000
10/22/2014	14.80	14.95	14.49	14.49	1445810	21271026.000
10/23/2014	14.50	14.68	14.41	14.51	1493529	21732038.000
10/24/2014	14.60	14.64	14.26	14.35	1303556	18805498.000
10/27/2014	14.32	14.52	14.23	14.49	1018629	14698269.000
10/28/2014	14.51	14.94	14.51	14.85	1730719	25647372.000
10/29/2014	14.95	15.41	14.94	15.30	2787343	42645400.000
10/30/2014	15.54	15.59	15.19	15.26	2082860	31928242.000
10/31/2014	15.17	15.35	14.85	15.00	1536645	23090360.000
数据来源:通达信
