300114 中航电测 日线
      日期	    开盘	    最高	    最低	    收盘	    成交量	    成交额
10/08/2010	16.85	17.14	16.65	17.14	546679	18349298.000
10/11/2010	17.09	17.19	16.74	16.91	586732	19684422.000
10/12/2010	16.90	17.08	16.64	16.76	661730	22198530.000
10/13/2010	16.76	16.87	16.28	16.73	674927	22124560.000
10/14/2010	16.79	17.35	16.64	17.25	890547	30084672.000
10/15/2010	17.29	17.56	16.85	17.20	899883	30515960.000
10/18/2010	17.26	17.26	16.18	16.58	803115	26193512.000
10/19/2010	16.49	17.84	16.49	17.48	1371747	47213992.000
10/20/2010	17.28	17.92	17.16	17.39	1062572	36877996.000
10/21/2010	17.39	17.46	16.75	17.00	859964	28981320.000
10/22/2010	16.99	17.74	16.99	17.73	1308697	45372524.000
10/25/2010	18.16	18.16	17.76	17.89	1644404	58439012.000
10/26/2010	17.91	18.95	17.91	18.77	1880178	68805768.000
10/27/2010	18.67	18.84	18.34	18.54	1212675	44686704.000
10/28/2010	18.62	19.14	18.43	18.96	1045958	39014116.000
10/29/2010	18.97	19.40	18.79	18.97	1883764	71451232.000
11/01/2010	19.14	20.00	19.00	19.71	2011394	77380600.000
11/02/2010	19.60	20.12	19.14	19.15	1520839	58697992.000
11/03/2010	18.85	19.00	18.33	18.33	1170335	43331156.000
11/04/2010	18.30	19.34	18.30	18.82	942789	35269904.000
11/05/2010	19.10	19.56	18.74	19.38	1280428	48748568.000
11/08/2010	19.38	19.55	19.18	19.50	1108438	42510356.000
11/09/2010	19.51	20.59	19.31	20.23	1947028	77309864.000
11/10/2010	20.02	20.57	19.88	20.23	1320393	52950872.000
11/11/2010	20.13	20.48	19.48	19.50	1660737	65982824.000
11/12/2010	19.45	19.50	17.66	17.66	1795014	66241496.000
11/15/2010	17.97	18.58	17.96	18.57	1046436	37900308.000
11/16/2010	18.77	19.15	17.82	17.97	1264649	46692232.000
11/17/2010	17.82	18.23	17.66	17.67	604488	21521184.000
11/18/2010	17.97	18.48	17.79	18.42	597905	21567856.000
11/19/2010	18.54	19.25	18.42	19.25	1014722	38018596.000
11/22/2010	19.20	19.91	19.05	19.36	1575137	60799248.000
11/23/2010	19.26	19.71	18.82	19.56	993949	37644572.000
11/24/2010	19.41	20.27	19.41	19.86	1534088	60610024.000
11/25/2010	20.04	20.05	19.26	19.52	1140517	44317636.000
11/26/2010	19.51	20.02	19.26	19.68	872931	34037672.000
11/29/2010	19.46	20.58	19.10	20.46	3460701	135161968.000
11/30/2010	20.23	20.33	19.00	19.48	2432064	94604512.000
12/01/2010	19.33	19.46	19.00	19.09	915458	34724824.000
12/02/2010	19.35	19.49	19.11	19.23	732371	27952904.000
12/03/2010	19.20	19.44	18.59	18.69	860583	32110882.000
12/06/2010	18.69	18.78	18.12	18.34	664011	24178038.000
12/07/2010	18.23	18.61	18.12	18.57	636032	23132666.000
12/08/2010	18.61	18.78	18.44	18.57	621464	22924686.000
12/09/2010	18.57	18.57	17.96	18.18	687060	24759762.000
12/10/2010	18.06	18.49	18.00	18.43	641454	23219262.000
12/13/2010	18.59	19.02	18.47	18.95	865523	32282338.000
12/14/2010	18.97	19.46	18.83	19.34	1080739	41117092.000
12/15/2010	19.24	20.02	19.24	19.46	1586687	61700004.000
12/16/2010	19.52	19.63	19.26	19.40	623152	24043522.000
12/17/2010	19.40	19.56	19.36	19.48	541536	20843328.000
12/20/2010	19.66	19.86	18.69	19.28	1127652	43042080.000
12/21/2010	19.20	19.41	18.99	19.22	941019	35633856.000
12/22/2010	19.20	19.20	18.65	18.73	823113	30814150.000
12/23/2010	18.78	18.78	18.39	18.46	596620	21944098.000
12/24/2010	18.66	18.66	17.97	18.08	516769	18589034.000
12/27/2010	18.10	18.35	17.57	17.57	460061	16376459.000
12/28/2010	17.55	17.55	17.23	17.46	582468	20075354.000
12/29/2010	17.76	17.79	17.46	17.72	473383	16532003.000
12/30/2010	17.77	17.89	17.57	17.86	312721	11011850.000
12/31/2010	17.86	18.16	17.75	18.02	454374	16154343.000
01/04/2011	18.17	18.43	17.97	18.34	631204	22753944.000
01/05/2011	18.34	18.47	18.18	18.46	616642	22351944.000
01/06/2011	18.51	18.51	18.12	18.22	295081	10660074.000
01/07/2011	18.07	18.61	17.98	18.43	509610	18541042.000
01/10/2011	18.28	18.64	18.07	18.07	766519	27905436.000
01/11/2011	18.08	18.23	17.56	17.61	449948	15867527.000
01/12/2011	17.62	18.13	17.21	17.66	441041	15379446.000
01/13/2011	17.66	17.84	17.18	17.51	248110	8649896.000
01/14/2011	17.34	17.56	17.19	17.26	210363	7211576.000
01/17/2011	17.25	17.39	16.64	16.78	320268	10772064.000
01/18/2011	16.78	17.15	16.38	17.15	394771	13057547.000
01/20/2011	17.35	17.35	16.64	16.64	270329	9133399.000
01/21/2011	16.89	17.09	16.38	17.05	292513	9827063.000
01/24/2011	17.14	17.15	16.68	17.05	223714	7515372.000
01/25/2011	17.05	17.34	16.75	17.05	202264	6771796.500
01/26/2011	16.82	17.25	16.82	17.25	238161	8108711.500
01/27/2011	17.32	17.43	17.00	17.35	197221	6761763.500
01/28/2011	17.16	17.54	17.16	17.46	207004	7116324.500
01/31/2011	17.41	17.60	17.23	17.45	200375	6898482.500
02/01/2011	17.45	17.55	17.15	17.27	191071	6543618.000
02/09/2011	17.20	17.36	17.15	17.16	200841	6856225.000
02/10/2011	17.46	17.51	16.64	17.51	478442	16457541.000
02/11/2011	17.51	17.79	17.37	17.79	644328	22505194.000
02/14/2011	17.77	17.92	17.66	17.92	692062	24430142.000
02/15/2011	17.92	17.96	17.68	17.79	698618	24686602.000
02/16/2011	17.80	18.12	17.80	18.05	767894	27322600.000
02/17/2011	18.05	18.05	17.65	17.83	765473	27024978.000
02/18/2011	17.83	17.83	17.45	17.51	486989	16981484.000
02/21/2011	17.66	18.18	17.52	18.13	1053402	37552852.000
02/22/2011	18.13	18.18	17.48	17.48	649332	22847494.000
02/23/2011	17.46	17.77	17.46	17.68	508993	17775254.000
02/24/2011	17.66	17.76	17.49	17.59	351279	12238414.000
02/25/2011	17.54	17.64	17.26	17.56	537469	18608754.000
02/28/2011	17.48	17.69	17.44	17.69	346062	12046908.000
03/01/2011	17.65	17.89	17.65	17.83	451050	15916639.000
03/02/2011	17.82	18.00	17.59	17.95	638343	22542802.000
03/03/2011	17.92	18.10	17.61	17.66	399350	14126003.000
03/04/2011	17.80	17.81	17.41	17.72	328046	11410539.000
03/07/2011	17.72	17.81	17.66	17.81	392376	13788788.000
03/08/2011	17.86	17.95	17.74	17.84	357998	12648554.000
03/09/2011	17.92	18.38	17.86	18.35	959889	34629420.000
03/10/2011	18.38	18.38	17.91	17.97	618816	22315696.000
03/11/2011	17.93	18.33	17.83	18.08	581893	20845632.000
03/14/2011	18.19	18.43	18.06	18.31	648475	23435748.000
03/15/2011	18.28	18.28	17.76	17.99	573691	20358870.000
03/16/2011	17.97	18.11	17.97	18.02	400131	14280316.000
03/17/2011	17.72	17.92	17.51	17.56	436523	15325937.000
03/18/2011	17.66	17.81	17.54	17.56	216590	7555946.500
03/21/2011	17.57	17.74	17.54	17.56	202591	7070904.000
03/22/2011	17.53	17.74	17.53	17.56	150741	5257391.000
03/23/2011	17.66	17.72	17.54	17.68	244480	8532372.000
03/24/2011	17.78	17.78	17.60	17.60	230050	8045479.000
03/25/2011	17.61	17.79	17.60	17.77	298140	10469625.000
03/28/2011	17.74	18.02	17.72	17.94	500182	17725872.000
03/29/2011	17.94	18.00	17.15	17.19	632047	21881740.000
03/30/2011	17.19	17.25	16.68	16.79	530988	17744272.000
03/31/2011	16.79	17.02	16.69	16.86	211335	7044827.000
04/01/2011	16.80	16.97	16.75	16.86	209620	7000071.000
04/06/2011	16.77	16.88	16.38	16.53	498536	16336988.000
04/07/2011	16.44	16.79	16.44	16.79	253890	8355386.000
04/08/2011	16.65	17.10	16.65	17.09	322355	10829960.000
04/11/2011	16.94	17.10	16.91	16.94	236520	7948765.000
04/12/2011	17.04	17.04	16.84	16.89	166130	5576756.500
04/13/2011	16.84	17.05	16.65	17.03	212805	7125638.500
04/14/2011	17.03	17.03	16.66	16.69	259557	8653409.000
04/15/2011	16.64	16.77	16.54	16.68	187189	6169628.000
04/18/2011	16.54	16.59	16.43	16.54	221980	7265452.500
04/19/2011	16.60	16.60	16.22	16.32	266008	8612157.000
04/20/2011	16.34	16.51	16.28	16.47	129829	4223991.000
04/21/2011	16.48	16.88	16.39	16.59	199672	6574623.500
04/22/2011	16.64	16.73	16.13	16.33	303775	9891081.000
04/25/2011	16.32	16.46	15.51	15.51	638784	20126184.000
04/26/2011	15.61	15.66	14.72	15.00	474186	14169287.000
04/27/2011	15.11	15.35	14.83	15.04	209163	6264004.000
04/29/2011	14.59	15.36	14.53	15.21	386631	11545320.000
05/03/2011	15.07	15.23	14.92	15.20	113621	3408099.750
05/04/2011	15.21	15.21	14.84	14.85	120801	3581098.500
05/05/2011	14.84	15.01	14.78	14.91	93810	2782068.250
05/06/2011	14.89	15.16	14.83	15.08	125073	3718352.000
05/09/2011	15.08	15.66	15.06	15.61	261837	7958963.500
05/10/2011	15.61	15.61	15.25	15.49	425999	13054255.000
05/11/2011	15.49	15.50	15.36	15.37	187780	5752300.000
05/12/2011	15.36	15.46	15.10	15.12	221077	6719237.000
05/13/2011	14.95	15.38	14.95	15.15	164242	3267297.750
05/16/2011	15.31	15.35	14.99	15.04	179729	3590823.500
05/17/2011	14.55	15.07	14.55	14.93	122263	2412441.750
05/18/2011	14.78	14.96	14.77	14.82	214372	4201341.000
05/19/2011	14.82	15.02	14.70	14.72	117302	2297837.250
05/20/2011	14.75	14.90	14.66	14.69	202116	3939914.000
05/23/2011	14.70	14.71	13.61	13.68	420244	7771318.000
05/24/2011	13.62	14.18	13.44	13.88	315774	5743408.000
05/25/2011	13.75	13.88	13.38	13.43	267087	4804701.500
05/26/2011	13.55	13.56	13.16	13.16	347992	6131327.000
05/27/2011	13.25	13.32	13.08	13.09	256499	4463690.500
05/30/2011	13.09	13.55	13.09	13.42	205326	3624588.500
05/31/2011	13.62	13.67	13.45	13.64	186250	3338184.500
06/01/2011	13.85	13.92	13.52	13.62	84344	1520376.500
06/02/2011	13.48	13.55	13.28	13.49	153121	2719827.250
06/03/2011	13.62	13.98	13.55	13.95	512945	9344371.000
06/07/2011	14.01	14.08	13.78	13.93	219735	4036777.750
06/08/2011	13.85	13.97	13.65	13.87	196850	3583358.000
06/09/2011	13.84	13.89	13.57	13.59	137704	2506142.250
06/10/2011	13.62	13.85	13.58	13.75	187631	3403096.750
06/13/2011	13.68	13.92	13.64	13.82	197868	3607699.750
06/14/2011	13.82	14.12	13.81	14.07	519664	9557634.000
06/15/2011	14.02	14.16	13.90	14.08	355947	6604580.500
06/16/2011	13.88	14.02	13.74	13.75	169673	3103472.750
06/17/2011	13.68	13.82	13.68	13.70	136899	2487347.250
06/20/2011	13.62	13.82	13.62	13.81	190413	3451967.500
06/21/2011	13.97	14.70	13.97	14.35	1300461	24672300.000
06/22/2011	14.35	14.38	14.16	14.18	465169	8751645.000
06/23/2011	14.15	14.81	14.13	14.65	975890	18774618.000
06/24/2011	14.48	15.39	14.48	15.17	1881930	37544156.000
06/27/2011	15.18	15.44	15.05	15.29	1149675	23164328.000
06/28/2011	15.17	15.28	15.02	15.14	654117	13029635.000
06/29/2011	15.10	15.30	14.81	14.86	492499	9807516.000
06/30/2011	14.82	15.16	14.82	15.01	390000	7730890.500
07/01/2011	15.05	15.28	14.93	15.02	407029	8101984.000
07/04/2011	15.03	15.28	15.01	15.27	774968	15532693.000
07/05/2011	15.31	15.48	15.25	15.37	630805	12785476.000
07/06/2011	15.35	15.43	15.23	15.43	564448	11406691.000
07/07/2011	15.47	15.54	15.24	15.25	678990	13762721.000
07/08/2011	15.17	15.25	14.89	15.03	455930	9037548.000
07/11/2011	15.02	15.14	14.92	15.08	245917	4880785.000
07/12/2011	15.08	15.08	14.80	14.80	347416	6825785.500
07/13/2011	14.78	15.05	14.70	15.02	393401	7760237.500
07/14/2011	15.13	15.26	14.98	15.25	522163	10400557.000
07/15/2011	15.28	16.80	15.13	16.80	2115617	45353648.000
07/18/2011	17.32	17.42	16.49	16.57	3126198	69717704.000
07/19/2011	16.55	16.95	16.19	16.77	1243910	27295728.000
07/20/2011	16.71	16.87	16.11	16.45	1026180	22230972.000
07/21/2011	16.45	16.84	16.22	16.51	981606	21553500.000
07/22/2011	16.52	16.70	16.32	16.53	442408	9630257.000
07/25/2011	16.44	17.08	16.08	16.46	1522588	33574996.000
07/26/2011	16.35	17.24	16.16	17.24	1916827	42727140.000
07/27/2011	17.08	17.62	16.76	17.61	2270912	51528824.000
07/28/2011	17.42	17.58	17.02	17.28	1354031	30782704.000
07/29/2011	17.28	17.33	16.35	16.35	1144695	25189626.000
08/01/2011	16.28	16.49	16.03	16.38	615587	13214963.000
08/02/2011	16.38	16.38	15.63	15.82	813000	16959858.000
08/03/2011	15.67	16.38	15.60	15.88	633970	13438615.000
08/04/2011	16.18	17.23	16.08	16.48	1165156	25474698.000
08/05/2011	15.86	16.06	15.56	15.85	885230	18513258.000
08/08/2011	15.40	15.70	14.31	14.32	1336518	26188008.000
08/09/2011	14.08	14.52	13.63	14.42	783597	14540044.000
08/10/2011	14.82	15.16	14.55	14.65	990884	19455410.000
08/11/2011	14.24	15.18	14.08	15.07	775214	15202423.000
08/12/2011	15.16	15.38	15.07	15.17	676108	13559539.000
08/15/2011	14.85	15.36	14.85	15.30	967108	19311878.000
08/16/2011	15.20	15.28	13.78	14.89	847177	16665375.000
08/17/2011	14.85	15.18	14.83	14.92	584002	11598037.000
08/18/2011	14.86	15.06	14.42	14.53	427646	8296362.000
08/19/2011	14.11	14.33	13.92	14.19	528666	9873157.000
08/22/2011	14.37	14.58	14.15	14.22	430169	8171603.500
08/23/2011	14.52	14.75	14.52	14.73	499124	9653138.000
08/24/2011	14.93	15.19	14.79	14.95	856434	16993398.000
08/25/2011	14.99	15.04	14.62	15.02	677882	13276136.000
08/26/2011	15.02	15.22	14.85	15.22	773471	15368046.000
08/29/2011	15.20	15.38	15.05	15.08	686798	13747170.000
08/31/2011	14.83	14.93	14.48	14.63	491916	9516080.000
09/01/2011	14.64	14.77	14.41	14.55	323011	6217933.500
09/02/2011	14.60	14.60	14.28	14.42	250703	4775324.500
09/05/2011	14.24	14.38	14.03	14.05	280650	5234671.000
09/06/2011	14.72	14.72	13.94	14.12	153142	2854308.500
09/07/2011	14.22	14.46	14.09	14.45	322028	6067367.500
09/08/2011	14.44	14.68	13.64	14.45	528255	9898494.000
09/09/2011	14.35	14.57	14.26	14.48	222102	4237446.000
09/13/2011	14.24	14.61	14.24	14.59	315763	5996477.500
09/14/2011	14.75	14.82	14.48	14.82	347789	6739197.500
09/15/2011	14.93	15.14	14.71	15.00	624934	12380677.000
09/16/2011	15.15	15.31	14.92	15.08	493850	9847463.000
09/19/2011	15.28	15.28	14.78	15.23	389301	7743318.500
09/20/2011	15.08	15.66	14.78	15.58	888034	18032108.000
09/21/2011	15.45	15.89	15.38	15.85	864149	17962366.000
09/22/2011	15.82	15.82	15.16	15.55	564021	11538997.000
09/23/2011	15.38	15.38	15.01	15.18	308797	6176631.500
09/26/2011	15.17	15.37	15.02	15.07	229035	4568631.500
09/27/2011	15.32	16.60	15.02	16.08	2170102	45677380.000
09/28/2011	15.92	16.30	15.58	15.66	1281453	26890816.000
09/29/2011	15.66	15.74	14.59	14.94	1112665	22160098.000
09/30/2011	14.78	15.08	13.99	14.26	598577	11301563.000
10/10/2011	14.39	14.39	14.01	14.24	266343	4976550.000
10/11/2011	14.76	14.83	14.09	14.32	440911	8484631.000
10/12/2011	14.24	14.88	14.24	14.78	410923	7980975.000
10/13/2011	14.67	15.06	14.67	14.89	356021	6999087.000
10/14/2011	14.88	15.01	14.71	14.86	274898	5371673.500
10/17/2011	15.07	15.28	14.68	15.28	487812	9713960.000
10/18/2011	15.02	15.47	14.65	14.66	545714	10952137.000
10/19/2011	14.67	14.82	14.43	14.65	227446	4400129.500
10/20/2011	14.68	14.68	14.09	14.15	337891	6340862.500
10/21/2011	14.25	14.31	13.86	13.86	203000	3760192.000
10/24/2011	13.88	14.30	13.38	14.30	425755	7711969.000
10/25/2011	13.89	14.60	13.89	14.54	397731	7566338.000
10/26/2011	14.52	14.87	14.31	14.80	411423	7990486.000
10/27/2011	14.84	14.86	14.44	14.79	310554	6011572.000
10/28/2011	14.90	15.02	14.68	14.91	404793	7931116.000
10/31/2011	14.98	15.28	14.80	15.22	504903	10039610.000
11/01/2011	15.15	15.27	14.94	15.02	315747	6289364.500
11/02/2011	14.75	15.40	14.62	15.38	645682	12799370.000
11/03/2011	15.76	16.27	15.22	15.22	1276382	26495764.000
11/04/2011	15.22	15.68	15.16	15.38	875743	17762884.000
11/07/2011	15.41	15.52	15.15	15.16	667934	13520645.000
11/08/2011	15.12	15.35	14.93	14.99	403183	8046902.000
11/09/2011	15.08	16.14	15.08	16.03	2586295	53625280.000
11/10/2011	15.72	16.75	15.71	16.24	3272160	70295544.000
11/11/2011	16.05	16.41	15.67	15.98	1645864	34619804.000
11/14/2011	15.91	16.43	15.87	16.32	1227259	26225830.000
11/15/2011	16.18	16.42	16.01	16.08	1060100	22537530.000
11/16/2011	16.08	16.15	15.17	15.28	1305821	26749470.000
11/17/2011	15.35	15.86	15.35	15.72	982461	20310652.000
11/18/2011	15.58	15.63	15.08	15.15	687057	13896517.000
11/21/2011	15.20	15.41	14.93	15.13	417374	8284069.500
11/22/2011	14.92	15.13	14.76	15.06	394806	7782725.000
11/23/2011	15.12	15.30	14.94	15.16	331846	6617854.500
11/24/2011	14.88	15.28	14.88	15.22	330865	6586604.000
11/25/2011	15.11	15.33	14.78	14.92	406522	8082091.500
11/28/2011	14.86	15.06	14.76	14.86	298221	5866340.000
11/29/2011	14.98	15.24	14.89	15.24	409908	8153351.000
11/30/2011	15.20	15.38	14.08	14.31	644266	12484759.000
12/01/2011	14.78	15.01	14.42	14.46	368300	7153270.500
12/02/2011	14.41	14.54	14.20	14.32	298800	5639256.000
12/05/2011	14.38	14.42	13.72	13.74	278300	5134639.500
12/06/2011	13.74	14.12	13.55	14.03	264809	4836864.000
12/07/2011	13.86	14.12	13.85	13.97	193749	3585503.500
12/08/2011	13.98	14.22	13.82	14.00	244408	4535829.000
12/09/2011	14.00	14.78	13.95	14.23	712056	13603936.000
12/12/2011	14.23	14.29	14.02	14.02	396122	7370559.500
12/13/2011	13.86	13.97	13.32	13.32	487815	8732825.000
12/14/2011	13.53	13.53	12.95	12.98	254714	4462875.500
12/15/2011	12.98	13.00	12.32	12.38	343228	5759051.000
12/16/2011	12.32	12.78	12.32	12.70	523962	8715124.000
12/19/2011	12.62	13.05	12.33	12.95	234055	3940375.000
12/20/2011	12.85	13.10	12.60	12.63	220244	3751908.250
12/21/2011	12.92	12.95	12.24	12.32	246950	4106910.000
12/22/2011	12.24	12.25	11.32	11.74	416310	6496246.000
12/23/2011	11.63	12.08	11.63	11.80	234328	3683541.250
12/26/2011	11.78	11.92	11.55	11.56	133499	2088736.250
12/27/2011	11.55	11.60	11.12	11.16	257936	3881214.250
12/28/2011	10.95	11.38	10.86	11.05	218402	3185325.750
12/29/2011	11.02	11.17	10.82	11.08	215541	3159356.000
12/30/2011	11.05	11.30	11.05	11.27	300637	4480304.000
01/04/2012	11.47	11.47	11.08	11.09	139471	2082763.250
01/05/2012	10.78	10.92	10.23	10.28	277094	3899418.500
01/06/2012	10.27	10.65	10.18	10.45	194294	2667614.750
01/09/2012	10.45	10.91	10.32	10.88	294425	4196807.000
01/10/2012	10.89	11.47	10.85	11.33	422604	6307619.000
01/11/2012	11.21	11.55	11.18	11.29	401381	6064752.500
01/12/2012	11.12	11.43	11.08	11.29	427203	6376359.000
01/13/2012	11.36	11.37	10.49	10.55	447182	6422029.000
01/16/2012	10.47	10.47	10.09	10.09	322600	4386377.000
01/17/2012	10.10	10.65	9.93	10.60	497340	6805873.000
01/18/2012	10.55	10.63	9.88	9.91	694144	9422691.000
01/19/2012	9.78	10.21	9.78	10.11	404027	5416344.000
01/20/2012	10.05	10.37	10.04	10.34	410374	5577534.500
01/30/2012	10.34	10.53	10.25	10.36	413684	5720652.000
01/31/2012	10.34	10.39	10.18	10.27	265536	3617733.000
02/01/2012	10.17	10.44	10.16	10.18	338048	4615723.500
02/02/2012	10.18	10.37	10.18	10.35	505784	6899862.500
02/03/2012	10.37	10.88	10.35	10.80	954821	13466629.000
02/06/2012	10.84	10.92	10.65	10.80	602283	8617992.000
02/07/2012	10.80	10.80	10.55	10.69	448576	6330777.500
02/08/2012	10.58	10.99	10.58	10.98	657211	9464646.000
02/09/2012	10.98	11.28	10.91	10.98	706728	10407066.000
02/10/2012	10.92	11.27	10.92	11.16	547453	8067937.000
02/13/2012	11.07	11.39	10.97	11.34	593365	8867551.000
02/14/2012	11.34	11.43	11.16	11.25	346319	5166612.000
02/15/2012	11.24	11.58	11.21	11.53	759825	11528231.000
02/16/2012	11.47	11.65	11.37	11.51	685364	10461362.000
02/17/2012	11.49	11.54	11.23	11.29	568675	8551890.000
02/20/2012	11.38	11.51	11.33	11.33	694150	10491417.000
02/21/2012	11.32	11.60	11.20	11.60	727330	10985792.000
02/22/2012	11.55	11.92	11.55	11.89	980572	15313945.000
02/23/2012	11.90	12.16	11.76	11.98	902208	14285054.000
02/24/2012	11.98	12.13	11.94	12.02	663320	10566035.000
02/27/2012	12.07	12.22	11.95	11.95	718836	11506150.000
02/28/2012	11.89	11.94	11.48	11.54	938896	14477749.000
02/29/2012	11.55	11.58	11.34	11.45	533798	8133960.000
03/01/2012	11.41	11.90	11.37	11.68	759978	11757028.000
03/02/2012	11.64	11.87	11.64	11.85	639750	9999502.000
03/05/2012	12.01	12.30	11.93	11.93	943455	15138216.000
03/06/2012	11.96	11.98	11.54	11.68	837315	12933681.000
03/07/2012	11.52	12.47	11.47	12.12	1633416	26222038.000
03/08/2012	12.08	12.35	12.08	12.14	1005215	16243578.000
03/09/2012	12.15	12.40	12.09	12.40	827772	13438289.000
03/13/2012	12.55	12.55	12.30	12.41	914672	15022096.000
03/14/2012	12.45	12.62	11.57	11.68	1449516	23395890.000
03/15/2012	11.85	11.88	11.55	11.72	664753	10337117.000
03/16/2012	11.78	12.05	11.71	12.05	667604	10509928.000
03/19/2012	12.09	12.53	12.08	12.51	1014749	16611995.000
03/20/2012	12.50	12.51	12.09	12.23	984292	15985775.000
03/21/2012	11.93	11.96	11.49	11.62	1634426	25286158.000
03/22/2012	11.51	11.66	11.47	11.58	501984	7687335.000
03/23/2012	11.47	11.54	11.32	11.34	452757	6828624.500
03/26/2012	11.21	11.45	11.08	11.35	205198	3081251.750
03/27/2012	11.38	11.50	11.24	11.28	264950	3995106.000
03/28/2012	11.20	11.39	10.45	10.45	623103	8918362.000
03/29/2012	10.45	10.49	10.09	10.18	362952	4951187.000
03/30/2012	10.31	10.31	10.01	10.08	333084	4464205.500
04/05/2012	10.11	10.42	10.06	10.38	518880	7067352.500
04/06/2012	10.34	10.61	10.34	10.42	487331	6762288.000
04/09/2012	10.40	10.58	10.30	10.41	239131	3318393.250
04/11/2012	10.41	10.77	10.41	10.66	400124	5638150.500
04/12/2012	10.63	10.92	10.61	10.82	350096	4993279.500
04/13/2012	10.84	10.92	10.71	10.91	475137	6820633.000
04/16/2012	10.85	10.91	10.73	10.85	424784	6095476.000
04/17/2012	10.82	10.87	10.57	10.70	406199	5779978.000
04/18/2012	10.66	11.02	10.66	11.01	693955	10069994.000
04/19/2012	10.92	11.07	10.90	10.97	281222	4089430.000
04/20/2012	10.96	11.15	10.93	11.02	506339	7396421.500
04/23/2012	10.96	10.98	9.90	10.62	713740	9969712.000
04/24/2012	10.39	10.58	10.02	10.28	467092	6403370.000
04/25/2012	10.28	10.48	10.17	10.43	371356	5073573.000
04/26/2012	10.43	10.47	10.31	10.38	227533	3138991.750
04/27/2012	10.35	10.47	10.35	10.42	217895	3011333.000
05/02/2012	10.47	10.68	10.47	10.52	238751	3344063.500
05/03/2012	10.51	10.66	10.46	10.65	352777	4949703.000
05/04/2012	10.63	10.74	10.56	10.72	446841	6343457.500
05/07/2012	10.69	10.73	10.48	10.73	505767	7108418.500
05/08/2012	10.73	11.82	10.63	11.50	2572105	39330440.000
05/09/2012	11.32	11.53	11.10	11.18	1223729	18351050.000
05/10/2012	11.20	11.46	11.14	11.15	928984	13882013.000
05/11/2012	11.16	11.37	10.99	10.99	671441	9935049.000
05/14/2012	11.02	11.24	10.89	11.06	713484	10444735.000
05/15/2012	10.95	11.06	10.87	11.02	403830	5872888.000
05/16/2012	11.05	11.14	10.55	10.81	603096	8788081.000
05/17/2012	10.92	11.01	10.80	10.90	278362	4029518.000
05/18/2012	10.85	11.01	10.78	10.78	353953	5119766.500
05/21/2012	10.78	10.89	10.68	10.78	257613	3687442.250
05/22/2012	10.80	11.05	10.80	10.97	253952	3689807.500
05/23/2012	10.88	11.05	10.74	10.98	337079	4841883.500
05/24/2012	11.05	11.06	10.85	10.94	324837	4703103.000
05/25/2012	11.02	11.02	10.22	10.61	414748	5858798.500
05/28/2012	10.40	10.63	10.39	10.59	266670	3695701.500
05/29/2012	10.68	10.82	10.63	10.76	272158	3860049.750
06/04/2012	10.65	11.85	10.65	11.35	4190122	64200376.000
06/05/2012	11.15	11.51	11.07	11.12	1887457	27920986.000
06/06/2012	11.12	11.37	11.07	11.25	1285034	18980098.000
06/07/2012	11.30	11.40	10.84	10.92	1453747	21424872.000
06/08/2012	11.05	11.05	10.65	10.90	935528	13359679.000
06/11/2012	11.03	11.42	10.91	11.34	1752300	26085134.000
06/12/2012	11.18	11.68	11.18	11.42	1768233	26800320.000
06/13/2012	11.51	11.57	11.33	11.55	1334973	20183984.000
06/14/2012	11.52	11.84	11.39	11.48	1290688	19742874.000
06/15/2012	11.58	11.58	11.20	11.42	930072	13965323.000
06/18/2012	11.42	11.60	11.39	11.50	824688	12514635.000
06/19/2012	11.45	11.57	11.00	11.14	835873	12433760.000
06/20/2012	11.16	11.47	11.15	11.25	669085	9977065.000
06/21/2012	11.28	12.00	11.28	11.77	2557908	39411644.000
06/25/2012	11.80	11.81	11.46	11.55	1250492	19084864.000
06/26/2012	11.20	11.34	10.62	10.87	1523445	21808414.000
06/27/2012	10.82	10.96	10.70	10.71	679326	9713683.000
06/28/2012	10.82	10.84	10.61	10.65	675306	9532929.000
06/29/2012	10.65	10.85	10.40	10.82	389150	5506917.500
07/02/2012	10.82	11.02	10.75	10.92	520372	7455553.500
07/03/2012	10.96	11.12	10.86	10.91	658530	9542187.000
07/04/2012	10.97	11.05	10.68	10.75	633654	9069176.000
07/05/2012	10.66	10.72	10.30	10.34	858333	11806998.000
07/06/2012	10.39	10.52	10.15	10.48	457653	6254796.500
07/09/2012	10.28	10.44	10.22	10.22	325788	4442855.000
07/10/2012	10.22	10.30	10.11	10.28	147814	1988650.500
07/11/2012	10.28	10.46	10.25	10.46	184437	2528529.250
07/12/2012	10.35	10.56	10.22	10.46	406379	5573320.000
07/13/2012	10.48	10.48	10.11	10.11	412185	5568918.000
07/16/2012	10.00	10.09	9.37	9.42	564230	7174873.500
07/17/2012	9.39	9.50	9.20	9.42	135163	1679250.000
07/18/2012	9.42	9.65	9.42	9.56	154414	1945536.875
07/19/2012	9.56	9.75	9.44	9.65	191226	2434950.250
07/20/2012	9.68	9.71	9.44	9.45	191400	2425158.750
07/23/2012	9.35	9.53	9.31	9.47	147015	1829674.875
07/24/2012	9.44	9.63	9.41	9.54	167164	2102419.500
07/25/2012	9.65	9.67	9.45	9.48	196598	2475391.750
07/26/2012	9.45	9.58	9.45	9.49	115959	1458497.750
07/27/2012	9.58	10.00	9.51	9.67	189107	2401495.000
07/30/2012	9.68	9.68	9.35	9.46	168812	2132981.000
07/31/2012	9.53	9.53	9.07	9.22	165449	2024624.250
08/01/2012	9.22	9.52	9.22	9.34	112129	1388436.500
08/02/2012	9.43	9.43	9.25	9.30	90050	1107771.750
08/03/2012	9.38	9.51	9.25	9.50	177219	2197158.000
08/06/2012	9.50	9.71	9.42	9.68	246161	3119059.250
08/07/2012	9.69	9.82	9.61	9.75	197004	2528263.750
08/08/2012	9.64	9.75	9.64	9.65	153730	1968149.375
08/09/2012	9.61	9.85	9.54	9.83	287021	3698544.750
08/10/2012	9.91	9.97	9.69	9.76	177608	2289937.250
08/13/2012	9.68	9.90	9.53	9.53	181149	2318580.750
08/14/2012	9.69	9.69	9.30	9.56	323834	4052709.750
08/15/2012	9.49	9.65	9.47	9.53	241747	3052448.250
08/16/2012	9.60	9.60	9.43	9.58	95508	1204398.500
08/17/2012	9.58	9.70	9.52	9.70	149078	1894866.125
08/20/2012	9.75	9.75	9.48	9.64	237555	3016925.500
08/21/2012	9.53	9.89	9.53	9.89	619937	8013324.500
08/22/2012	9.88	9.95	9.72	9.80	365494	4747639.000
08/23/2012	9.86	9.99	9.73	9.98	464738	6075525.000
08/24/2012	9.99	10.11	9.80	9.88	599302	7895134.000
08/27/2012	9.92	9.92	9.53	9.54	344005	4397893.000
08/28/2012	9.55	9.88	9.55	9.79	263555	3386968.000
08/29/2012	9.66	9.97	9.66	9.84	369082	4812379.000
08/30/2012	9.95	9.95	9.42	9.49	457388	5807246.000
08/31/2012	9.51	9.63	9.47	9.58	100184	1262148.125
09/03/2012	9.55	9.80	9.55	9.78	304344	3904983.750
09/04/2012	9.82	9.98	9.76	9.80	475882	6207122.000
09/05/2012	9.79	10.11	9.70	10.02	586438	7724412.500
09/06/2012	10.07	10.11	9.95	10.07	448786	5958623.500
09/07/2012	10.22	10.42	10.11	10.28	850255	11539044.000
09/10/2012	10.15	10.68	10.15	10.58	843787	11717439.000
09/11/2012	10.58	10.90	10.42	10.52	855448	11977625.000
09/12/2012	10.63	11.37	10.28	11.10	1891319	27302802.000
09/13/2012	10.89	11.68	10.81	11.34	2875870	43093268.000
09/14/2012	11.35	11.44	10.91	10.92	1536062	22498154.000
09/17/2012	10.92	11.01	10.53	10.53	738986	10484813.000
09/18/2012	10.35	10.56	10.35	10.44	328442	4520290.000
09/19/2012	10.45	10.55	10.26	10.46	324753	4462748.000
09/20/2012	10.45	10.65	10.05	10.05	478700	6528686.000
09/21/2012	10.04	10.11	9.45	9.57	756097	9651025.000
09/24/2012	9.57	9.73	9.38	9.59	289245	3663889.500
09/25/2012	9.58	9.68	9.45	9.59	243840	3089901.000
09/26/2012	9.50	9.64	9.12	9.17	347626	4297697.000
09/27/2012	9.27	9.44	8.92	9.32	678045	8255917.000
09/28/2012	9.17	9.57	9.17	9.52	338053	4194264.000
10/08/2012	9.53	9.65	9.45	9.53	239133	3021216.750
10/09/2012	9.49	9.74	9.49	9.71	322456	4124231.250
10/10/2012	9.67	9.78	9.67	9.75	329337	4234024.500
10/11/2012	9.75	9.75	9.55	9.55	268600	3416048.000
10/12/2012	9.53	9.67	9.30	9.52	260207	3251446.000
10/15/2012	9.64	9.64	9.29	9.38	174391	2159796.250
10/16/2012	9.31	9.60	9.28	9.45	177374	2217661.500
10/17/2012	9.40	9.51	9.33	9.47	112353	1402665.125
10/18/2012	9.47	9.64	9.47	9.60	285314	3619504.750
10/19/2012	9.65	9.65	9.53	9.55	238305	3017525.750
10/22/2012	9.63	9.68	9.45	9.64	180214	2291172.750
10/23/2012	9.64	9.68	9.58	9.62	189653	2415661.500
10/24/2012	9.65	9.70	9.59	9.64	193169	2461076.750
10/25/2012	9.72	9.72	9.58	9.65	225004	2862552.250
10/26/2012	9.67	9.68	9.30	9.32	321294	3991785.000
10/29/2012	9.32	9.38	9.15	9.26	39805	488513.250
10/30/2012	9.52	9.52	9.25	9.26	128947	1585989.000
10/31/2012	9.23	9.41	9.22	9.38	265016	3271768.000
11/01/2012	9.47	9.65	9.38	9.62	460502	5820792.500
11/02/2012	9.75	10.49	9.75	10.25	1902932	25680694.000
11/05/2012	10.02	10.20	9.94	10.15	725530	9644132.000
11/06/2012	10.00	10.08	9.72	9.88	490758	6413114.000
11/07/2012	9.85	9.97	9.67	9.84	456006	5893488.500
11/08/2012	9.76	9.76	9.45	9.45	364799	4632191.500
11/09/2012	9.45	9.57	9.35	9.36	242439	3026996.500
11/12/2012	9.50	9.65	9.38	9.58	435465	5498075.000
11/13/2012	9.53	9.53	9.26	9.32	321419	3974386.000
11/14/2012	9.20	9.35	9.20	9.26	470765	5761690.000
11/15/2012	9.16	9.25	9.10	9.12	196670	2391576.500
11/16/2012	9.09	9.25	9.08	9.18	181675	2189252.500
11/19/2012	9.11	9.26	9.06	9.26	182850	2209037.250
11/20/2012	9.26	9.40	9.20	9.33	379831	4681361.000
11/21/2012	9.33	9.45	9.25	9.43	210151	2596540.750
11/22/2012	9.35	9.43	9.23	9.28	195702	2409041.500
11/23/2012	9.28	9.37	9.25	9.28	165782	2043327.250
11/26/2012	9.28	9.35	9.14	9.15	194000	2369422.000
11/27/2012	9.11	9.24	8.51	8.58	420262	4907786.500
11/28/2012	8.58	8.65	8.42	8.45	108750	1222438.500
11/29/2012	8.51	8.52	7.95	8.18	199233	2195688.750
11/30/2012	8.18	8.49	8.03	8.30	205043	2262840.000
12/03/2012	8.22	8.44	8.07	8.08	128690	1397776.000
12/04/2012	8.05	8.30	7.99	8.26	112181	1210479.625
12/05/2012	8.43	8.63	8.12	8.58	289691	3255854.000
12/06/2012	8.59	8.68	8.47	8.48	173704	1971298.625
12/07/2012	8.49	8.67	8.42	8.65	262315	2983318.500
12/10/2012	8.64	8.80	8.60	8.78	362656	4179316.500
12/11/2012	8.78	8.89	8.65	8.66	301251	3476586.000
12/12/2012	8.68	8.68	8.49	8.66	167750	1907708.875
12/13/2012	8.55	8.65	8.51	8.52	117806	1336519.250
12/14/2012	8.62	8.89	8.46	8.87	425352	4955031.000
12/17/2012	8.78	8.98	8.77	8.90	310393	3653223.000
12/18/2012	8.90	9.03	8.85	8.88	313804	3709469.750
12/19/2012	8.88	8.94	8.85	8.92	167365	1970100.000
12/20/2012	8.76	8.98	8.76	8.96	251543	2968577.750
12/21/2012	9.30	9.30	8.96	9.05	332210	3994642.750
12/24/2012	9.11	9.12	9.01	9.12	263817	3163708.750
12/25/2012	9.10	9.37	9.02	9.31	467909	5727439.000
12/26/2012	9.32	9.57	9.27	9.55	416260	5194328.000
12/27/2012	9.65	9.68	9.35	9.38	485005	6070509.000
12/28/2012	9.38	9.48	9.28	9.43	421319	5233688.500
12/31/2012	9.49	9.68	9.43	9.62	444937	5616743.500
01/04/2013	9.62	9.65	9.32	9.45	484811	6074991.500
01/07/2013	9.44	9.94	9.32	9.76	620571	7917967.000
01/08/2013	9.66	10.21	9.62	9.97	1371054	18173444.000
01/09/2013	10.02	10.13	9.76	9.94	669386	8801259.000
01/10/2013	9.85	10.18	9.84	10.18	742856	9838061.000
01/11/2013	10.19	10.45	10.07	10.11	1434724	19426988.000
01/14/2013	10.03	10.88	9.99	10.76	2269906	31630462.000
01/15/2013	10.76	11.76	10.67	11.05	3184388	47286312.000
01/16/2013	11.03	11.54	10.94	11.47	2434484	36044920.000
01/17/2013	11.44	11.44	10.68	10.76	1757120	25419134.000
01/18/2013	10.73	11.21	10.57	11.16	1324701	19090634.000
01/21/2013	10.93	11.38	10.93	11.22	881801	13021161.000
01/22/2013	10.98	11.04	10.81	10.89	796050	11449594.000
01/23/2013	10.89	11.35	10.75	11.19	1282439	18851426.000
01/24/2013	11.19	12.10	11.19	11.66	2787665	43146136.000
01/25/2013	11.48	11.66	11.01	11.07	1364810	20310554.000
01/28/2013	11.08	11.52	11.08	11.47	991227	14847379.000
01/29/2013	11.45	11.58	11.22	11.42	755338	11335420.000
01/30/2013	11.51	11.51	11.23	11.32	597620	8935261.000
01/31/2013	11.23	11.32	10.81	11.04	693012	10043443.000
02/01/2013	10.97	11.16	10.88	11.00	439556	6387188.500
02/04/2013	10.97	11.11	10.66	10.81	596617	8531800.000
02/05/2013	10.72	11.13	10.72	11.13	462240	6695534.000
02/06/2013	11.15	11.23	10.99	11.01	418222	6114983.000
02/07/2013	11.03	11.18	10.85	11.09	334837	4857624.000
02/08/2013	11.01	11.25	11.01	11.20	534322	7849427.500
02/18/2013	11.22	11.38	11.12	11.25	510610	7545199.500
02/19/2013	11.28	11.28	10.92	11.06	479910	7033894.000
02/20/2013	11.06	11.19	10.95	11.18	340333	4974120.000
02/21/2013	11.10	11.11	10.86	10.95	420560	6084387.500
02/22/2013	10.99	11.45	10.99	11.15	961215	14287932.000
02/25/2013	11.09	11.30	11.02	11.19	581039	8563173.000
02/26/2013	11.22	11.87	11.08	11.57	1437252	21893366.000
02/27/2013	11.83	11.83	11.42	11.80	1243011	19084792.000
02/28/2013	11.75	12.53	11.54	12.25	1625421	25726344.000
03/01/2013	12.26	12.61	12.15	12.28	1385056	22472402.000
06/13/2013	13.52	13.52	13.52	13.52	210380	3742660.250
06/14/2013	14.89	14.89	14.89	14.89	821022	16067401.000
06/17/2013	16.38	16.40	15.68	16.40	7628933	161851152.000
06/18/2013	16.58	16.62	15.73	16.00	4905167	103443440.000
06/19/2013	15.65	15.76	15.11	15.53	3915461	79257320.000
06/20/2013	15.28	16.15	15.15	15.22	5032820	104179520.000
06/21/2013	14.77	16.35	14.71	15.49	7302370	114361504.000
06/24/2013	15.38	15.38	13.93	13.93	4371416	63137868.000
06/25/2013	13.39	13.50	12.53	13.31	6939706	90771568.000
06/26/2013	13.20	14.19	12.88	13.96	5837677	79737464.000
06/27/2013	13.77	14.05	12.70	12.85	5040177	68058496.000
06/28/2013	12.45	13.20	12.20	13.10	3049471	39143228.000
07/01/2013	13.00	13.43	12.40	13.35	3003854	39301772.000
07/02/2013	13.27	14.18	13.23	14.13	5557681	76907240.000
07/03/2013	13.93	14.84	13.60	14.32	4664929	66789644.000
07/04/2013	14.13	14.78	13.82	13.92	4134057	59792992.000
07/05/2013	13.87	14.19	13.34	13.34	2723841	37701120.000
07/08/2013	12.84	13.08	12.31	12.40	2175341	27655168.000
07/09/2013	12.33	12.76	12.25	12.58	1205819	15232817.000
07/10/2013	12.58	12.95	12.50	12.93	1381934	17761222.000
07/11/2013	12.90	13.53	12.76	13.30	2146548	28635246.000
07/12/2013	13.23	13.65	13.06	13.09	1901816	25614804.000
07/15/2013	13.08	13.55	13.00	13.55	1601936	21469852.000
07/16/2013	13.56	14.28	13.45	14.19	3073754	42937584.000
07/17/2013	14.09	14.20	13.60	13.92	2379080	33346584.000
07/18/2013	13.90	13.90	13.55	13.65	1725341	23818456.000
07/19/2013	13.65	14.00	13.20	13.21	2353536	32375648.000
07/22/2013	13.13	13.46	12.83	13.45	1585403	21041078.000
07/23/2013	13.44	14.08	13.44	13.85	2625753	36596868.000
07/24/2013	14.40	15.25	14.40	15.25	2622041	39668304.000
07/25/2013	16.41	16.79	15.78	16.20	17336283	287446784.000
07/26/2013	14.90	15.80	14.60	15.30	11015233	169422112.000
07/29/2013	14.96	15.13	14.15	14.20	5622109	82391528.000
07/30/2013	14.10	14.34	12.79	13.46	5107912	70043472.000
07/31/2013	13.58	13.92	13.21	13.61	3791440	52304956.000
08/01/2013	13.48	14.26	13.48	14.22	4514867	63895328.000
08/02/2013	14.50	14.89	14.15	14.19	5996579	87804864.000
08/05/2013	14.08	14.64	14.00	14.60	3833227	55575680.000
08/06/2013	14.50	15.38	14.38	15.33	6161068	93670744.000
08/07/2013	15.09	15.42	14.58	14.59	4495767	67450888.000
08/08/2013	14.61	15.05	14.52	14.69	3469934	51695344.000
08/09/2013	14.65	14.90	13.76	14.21	3881777	56132816.000
08/12/2013	14.15	14.32	13.70	14.13	2974711	41926856.000
08/13/2013	14.09	14.28	13.90	14.25	2387577	33914672.000
08/14/2013	14.25	14.29	13.84	13.96	2562883	36203520.000
08/15/2013	13.91	14.37	13.78	14.33	2841362	40506496.000
08/16/2013	14.17	14.77	13.80	13.81	3390157	49013624.000
08/19/2013	13.61	14.16	13.60	14.13	1668015	23402966.000
08/20/2013	14.13	14.37	13.98	14.14	1870672	26701438.000
08/21/2013	14.10	14.89	14.05	14.88	3930883	57718932.000
08/22/2013	14.62	14.87	14.40	14.67	2918007	42974432.000
08/23/2013	14.50	15.25	14.20	14.65	4113172	61118744.000
08/26/2013	14.50	14.95	14.37	14.88	3551288	52570612.000
08/27/2013	14.85	14.99	14.53	14.80	2831484	41947012.000
08/28/2013	14.69	15.60	14.60	15.14	5459314	83602984.000
08/29/2013	15.00	15.65	14.90	14.93	3498475	53632824.000
08/30/2013	14.91	14.95	13.76	13.80	4487401	64219440.000
09/02/2013	13.89	14.12	13.71	13.97	1650000	23192970.000
09/03/2013	14.05	14.07	13.75	14.07	1473914	20672238.000
09/04/2013	14.02	14.31	13.97	14.16	1785229	25481656.000
09/05/2013	14.24	14.24	14.06	14.18	1671894	23808680.000
09/06/2013	14.23	14.58	14.11	14.58	2334982	33763548.000
09/09/2013	14.69	14.96	14.20	14.65	3343429	48967812.000
09/10/2013	14.65	14.65	14.14	14.23	2497449	36072500.000
09/11/2013	14.55	15.37	14.52	14.91	5311561	79334584.000
09/12/2013	14.73	15.00	14.55	14.57	2161821	31986646.000
09/13/2013	14.30	14.56	14.24	14.38	1606136	23277150.000
09/16/2013	14.46	14.78	14.42	14.63	1300564	19132702.000
09/17/2013	14.60	14.78	14.55	14.78	2044916	30261124.000
09/18/2013	14.83	15.31	14.77	15.13	3948146	60193436.000
09/23/2013	15.10	15.31	14.78	15.17	3250573	49310856.000
09/24/2013	15.15	15.54	15.00	15.48	3290053	50877300.000
09/25/2013	15.48	15.50	14.84	14.90	2616698	39820336.000
09/26/2013	14.82	15.15	14.56	14.57	2157944	32313526.000
09/27/2013	14.54	14.82	14.54	14.73	1214201	17940478.000
09/30/2013	14.77	15.15	14.73	15.05	1468366	22212970.000
10/08/2013	14.92	15.14	14.72	15.11	1861401	27944632.000
10/09/2013	15.30	15.81	15.22	15.46	3234526	50621320.000
10/10/2013	15.77	16.97	15.50	16.48	6019073	99451824.000
10/11/2013	16.35	16.40	15.78	16.13	3693908	59750108.000
10/14/2013	16.16	16.99	15.95	16.80	3586780	59656784.000
10/15/2013	16.70	16.74	16.26	16.35	2604473	43072960.000
10/16/2013	16.08	16.35	15.14	15.28	2538520	39592440.000
10/17/2013	15.32	15.54	15.08	15.24	1447628	22411738.000
10/18/2013	15.25	15.65	15.20	15.51	1214272	18907616.000
10/21/2013	15.56	16.00	15.25	15.86	1780823	28038040.000
10/22/2013	15.86	15.94	15.10	15.16	1937302	30205230.000
10/23/2013	14.98	15.35	14.69	14.72	1747072	26243214.000
10/24/2013	14.61	15.00	14.59	14.80	801056	11914439.000
10/25/2013	14.82	15.08	14.04	14.09	1293633	18784266.000
10/28/2013	14.20	14.31	13.96	14.23	624249	8903759.000
10/29/2013	14.21	14.38	12.90	13.28	1857892	25172698.000
10/30/2013	13.30	13.87	13.20	13.66	1126868	15374890.000
10/31/2013	13.70	13.80	13.34	13.39	805056	11036929.000
11/01/2013	13.35	13.54	13.02	13.39	777656	10444076.000
11/04/2013	13.50	14.10	13.50	13.93	1300138	18156918.000
11/05/2013	13.80	14.08	13.62	14.05	534531	7483101.500
11/06/2013	14.05	14.13	13.80	13.80	793763	11127747.000
11/07/2013	13.72	13.73	13.33	13.36	906048	12327400.000
11/08/2013	13.29	13.48	13.10	13.40	565891	7582987.500
11/11/2013	13.40	14.20	13.40	14.05	2042440	28708268.000
11/12/2013	14.23	14.23	13.87	14.03	874304	12366110.000
11/13/2013	14.29	14.81	13.03	14.21	2712799	39353944.000
11/14/2013	14.00	15.10	14.00	14.88	2258100	33408468.000
11/15/2013	14.79	15.75	14.71	15.29	3255591	50619160.000
11/18/2013	15.60	16.32	15.35	15.78	3923917	62834472.000
11/19/2013	15.90	16.11	15.58	15.60	2163384	34316844.000
11/20/2013	15.73	17.17	15.61	17.17	6303636	105267208.000
11/21/2013	17.18	17.18	16.29	16.47	5160017	86814016.000
11/22/2013	16.38	17.03	15.89	15.89	3878122	64556804.000
11/25/2013	16.23	17.49	16.23	17.49	3470847	59890516.000
11/26/2013	17.87	19.25	17.70	18.45	14049220	262744544.000
11/27/2013	18.08	19.18	17.82	18.89	10179944	188835904.000
11/28/2013	18.60	19.00	18.25	18.51	6015210	111857248.000
11/29/2013	18.35	19.66	18.35	18.79	8916783	169825840.000
12/02/2013	17.00	17.66	16.90	16.90	5533777	95263976.000
12/03/2013	15.50	16.30	15.20	16.12	6572654	104368000.000
12/04/2013	15.85	16.48	15.58	15.65	5023698	80920448.000
12/05/2013	15.62	16.26	15.48	15.86	3494247	55992828.000
12/06/2013	15.88	15.88	15.26	15.51	2504695	39119016.000
12/09/2013	15.55	15.98	15.53	15.83	1904404	30198734.000
12/10/2013	15.90	15.93	15.30	15.31	2760224	43057444.000
12/11/2013	15.12	15.40	14.84	15.18	2135226	32409154.000
12/12/2013	15.19	15.77	15.19	15.51	2263960	35332636.000
12/13/2013	15.84	16.41	15.60	15.97	3591064	58156868.000
12/16/2013	15.79	15.91	15.38	15.43	1818692	28547064.000
12/17/2013	15.54	15.86	14.90	15.56	2079035	32120138.000
12/18/2013	15.41	15.47	15.10	15.11	1348756	20702242.000
12/19/2013	15.15	15.32	15.09	15.11	835878	12786302.000
12/20/2013	15.25	15.40	15.00	15.10	881883	13476769.000
12/23/2013	14.96	15.22	14.60	15.21	1381773	20860046.000
12/24/2013	15.18	15.83	15.18	15.65	2416599	37989648.000
12/25/2013	15.76	16.03	15.51	16.00	2364493	37782796.000
12/26/2013	16.02	16.03	15.58	15.58	1611320	25599528.000
12/27/2013	15.50	16.18	15.50	16.05	2217478	35712956.000
12/30/2013	16.08	16.53	15.94	16.41	2899423	47570352.000
12/31/2013	16.19	16.37	15.82	15.88	1761387	28416822.000
01/02/2014	15.94	16.34	15.82	16.21	1649257	26869578.000
01/03/2014	16.28	16.36	15.98	16.17	1824753	29623256.000
01/06/2014	15.92	16.17	15.11	15.14	2312580	36190588.000
01/07/2014	15.11	15.54	14.70	15.33	1413088	21735102.000
01/08/2014	16.27	16.87	16.11	16.87	3506671	59150736.000
01/09/2014	17.39	18.07	16.55	16.58	10259614	179430784.000
01/10/2014	16.15	16.49	15.15	15.81	4719495	76081080.000
01/13/2014	15.90	16.00	15.53	15.89	2506013	39851612.000
01/14/2014	15.89	16.77	15.63	16.68	3964822	64844036.000
01/15/2014	16.53	17.45	16.44	17.17	5182625	88974664.000
01/16/2014	16.98	17.15	16.65	16.90	3217831	54712308.000
01/17/2014	16.90	17.57	16.70	17.47	4476541	77364528.000
01/20/2014	17.62	17.63	16.70	16.95	3549992	61321232.000
01/21/2014	16.75	17.48	16.75	17.45	3045870	52774080.000
01/22/2014	17.40	17.70	17.23	17.52	3373147	59261556.000
01/23/2014	17.56	18.00	17.41	17.85	4312780	77373712.000
01/24/2014	17.61	17.99	17.55	17.63	3767362	67113328.000
01/27/2014	17.65	18.07	17.22	17.72	3769720	66935252.000
01/28/2014	17.68	17.90	17.05	17.12	2085865	36333704.000
01/29/2014	17.15	17.55	17.10	17.44	1726352	30114488.000
01/30/2014	17.31	17.90	16.97	17.50	2019785	35604332.000
02/07/2014	18.38	19.26	18.10	19.26	3223938	61391740.000
02/10/2014	21.20	21.20	20.30	21.20	17165620	361843712.000
02/11/2014	21.20	21.64	20.01	21.30	13223055	279481216.000
02/12/2014	21.18	21.38	20.40	21.20	6589845	138766528.000
02/13/2014	21.50	21.50	19.78	19.90	5742158	119220560.000
02/14/2014	19.88	20.40	19.38	20.20	3804935	76375120.000
02/17/2014	20.30	21.30	20.06	20.90	6998467	146458336.000
02/18/2014	21.90	22.56	20.94	21.10	8340620	182134976.000
02/19/2014	20.72	20.78	19.89	20.18	5525833	112412680.000
02/20/2014	20.18	20.18	19.27	19.55	3946085	77895976.000
02/21/2014	19.48	19.97	19.41	19.97	2664151	52980756.000
02/24/2014	19.90	21.14	19.77	20.78	5444777	112837672.000
02/25/2014	20.68	21.07	18.69	18.69	7484903	149978944.000
02/26/2014	18.04	18.47	17.49	18.18	4989262	90323632.000
02/27/2014	18.10	18.86	17.60	17.70	4465578	81957672.000
02/28/2014	17.75	18.30	17.45	18.24	2394966	42987280.000
03/03/2014	18.63	18.98	18.38	18.89	3318931	62264396.000
03/04/2014	18.60	19.25	18.43	18.75	2691807	50734880.000
03/05/2014	18.69	19.06	18.51	18.70	2393363	45278172.000
03/06/2014	18.57	19.50	18.49	19.34	3374681	64676368.000
03/07/2014	19.34	19.55	18.80	18.96	2312315	44616392.000
03/10/2014	18.96	18.96	17.91	17.91	2541062	46622856.000
03/11/2014	17.90	18.30	17.90	18.14	1519561	27596180.000
03/12/2014	18.00	18.39	17.91	18.38	1384984	25239248.000
03/13/2014	18.71	19.50	18.71	18.90	2575833	49358532.000
03/14/2014	18.70	19.11	18.40	18.95	1888538	35727080.000
03/17/2014	18.89	19.76	18.89	19.69	3248370	63678400.000
03/18/2014	19.69	19.73	19.37	19.54	2607288	51136072.000
03/19/2014	19.50	19.96	19.44	19.78	2794631	55403844.000
03/20/2014	19.53	19.73	18.66	18.70	2652806	50918940.000
03/21/2014	18.70	19.30	18.26	19.27	2317257	43932200.000
03/24/2014	19.26	19.77	18.90	19.03	2102664	40889612.000
03/25/2014	18.87	18.87	18.41	18.86	1973861	37088456.000
03/26/2014	18.85	19.15	18.69	18.98	1600244	30544684.000
03/27/2014	18.90	18.90	17.81	17.86	2326996	42938620.000
03/28/2014	17.91	18.30	17.49	17.78	1704395	30586122.000
03/31/2014	17.65	18.00	17.24	17.40	1086264	19074908.000
04/01/2014	17.45	17.85	17.34	17.80	946245	16807964.000
04/02/2014	17.80	17.94	17.62	17.78	1083712	19345390.000
04/03/2014	17.80	18.07	17.62	17.84	756077	13579301.000
04/04/2014	17.84	18.20	17.65	18.17	869057	15710059.000
04/08/2014	16.50	16.97	16.34	16.76	5639744	93876344.000
04/09/2014	16.69	17.22	16.52	17.20	3992390	67870952.000
04/10/2014	17.15	17.34	16.92	16.96	2566986	44272204.000
04/11/2014	16.90	17.16	16.72	17.11	1376448	23465730.000
04/14/2014	16.97	17.28	16.97	17.23	1289181	22274622.000
04/15/2014	17.41	17.92	17.36	17.48	2356827	41777908.000
04/16/2014	17.42	17.64	17.20	17.52	1017867	17851592.000
04/17/2014	17.35	17.59	17.19	17.19	924609	16169704.000
04/18/2014	17.20	17.48	17.12	17.22	997129	17324944.000
04/21/2014	17.01	17.27	16.84	16.84	970828	16679962.000
04/22/2014	16.83	16.98	16.51	16.60	1055965	17715756.000
04/23/2014	16.60	16.90	16.60	16.86	665208	11229498.000
04/24/2014	16.86	16.96	16.36	16.53	1305477	21798400.000
04/25/2014	16.54	16.62	16.23	16.23	797778	13191730.000
04/28/2014	16.13	16.20	15.95	16.00	887779	14358740.000
04/29/2014	16.00	16.30	16.00	16.19	450164	7313543.500
04/30/2014	16.24	16.36	16.12	16.33	571503	9352133.000
05/05/2014	16.33	16.67	16.15	16.56	809424	13394536.000
05/06/2014	16.50	16.75	16.43	16.63	1373212	22933038.000
05/07/2014	16.48	16.58	16.18	16.20	847845	13968961.000
05/08/2014	16.15	16.43	16.10	16.21	682435	11173889.000
05/09/2014	16.29	16.30	15.97	16.30	537306	8717147.000
05/12/2014	16.37	16.68	16.32	16.63	989788	16485285.000
05/13/2014	16.50	16.75	16.50	16.68	832162	13943346.000
05/14/2014	16.61	16.67	16.46	16.57	677076	11270773.000
05/15/2014	16.53	16.87	16.40	16.42	1127466	18916006.000
05/16/2014	16.38	16.38	15.60	15.81	1466956	23603776.000
05/19/2014	15.96	16.14	15.76	15.90	794407	12720703.000
05/20/2014	16.11	16.19	15.83	16.01	699530	11298970.000
05/21/2014	16.15	16.22	15.80	16.20	539302	8735934.000
05/22/2014	16.27	16.85	16.15	16.58	2218732	36870080.000
05/23/2014	16.52	17.07	16.41	16.92	1514194	25505362.000
05/26/2014	17.01	17.30	16.93	17.12	1281527	22047484.000
05/27/2014	17.00	17.15	16.86	16.86	1048044	17912624.000
05/28/2014	16.86	17.21	16.85	17.12	1322286	22731890.000
05/29/2014	17.20	17.40	17.07	17.25	1256931	21625402.000
05/30/2014	17.20	17.39	16.91	17.29	1280423	22014410.000
06/03/2014	17.29	17.36	17.01	17.02	879561	15121348.000
06/04/2014	17.02	17.80	16.89	17.74	1709780	29648564.000
06/05/2014	17.61	17.96	17.42	17.89	2128644	37807000.000
06/06/2014	17.80	17.99	17.56	17.70	1251936	22220398.000
06/09/2014	17.69	17.82	17.38	17.38	636556	11191965.000
06/10/2014	17.33	17.89	17.33	17.87	1283054	22740238.000
06/11/2014	17.80	18.01	17.61	17.75	1226795	21792622.000
06/12/2014	17.70	18.73	17.65	18.29	2873471	52510736.000
06/13/2014	18.20	18.49	18.03	18.40	1816491	33231674.000
06/16/2014	19.02	19.21	18.55	18.73	2618837	49324436.000
06/17/2014	18.62	18.76	18.25	18.30	1453013	26874024.000
06/18/2014	18.35	19.10	18.35	18.72	2270610	42664188.000
06/19/2014	18.63	18.95	17.85	17.88	1553790	28521530.000
06/20/2014	17.83	18.10	17.70	17.96	1217436	21830354.000
06/23/2014	18.05	18.89	18.05	18.81	2129978	39297120.000
06/24/2014	18.85	18.90	18.43	18.66	1988204	37041500.000
06/25/2014	18.68	18.80	18.50	18.78	1345480	25135266.000
06/26/2014	18.76	19.20	18.69	18.95	2593083	49205844.000
06/27/2014	19.00	19.78	18.91	19.50	2713196	52499324.000
06/30/2014	19.60	20.36	19.45	19.87	4071898	81202832.000
07/01/2014	19.96	20.13	19.49	19.68	2802570	55159848.000
07/02/2014	19.60	20.49	19.54	19.87	3245897	64885080.000
07/03/2014	19.80	19.87	19.40	19.65	2234339	43637460.000
07/04/2014	19.60	19.78	19.50	19.75	1680503	33051654.000
07/07/2014	20.10	20.94	20.10	20.46	4168122	85315536.000
07/08/2014	20.29	20.49	19.85	20.46	2551958	51422032.000
07/09/2014	20.40	21.81	20.20	20.93	5753917	121804224.000
07/10/2014	20.74	20.93	20.38	20.47	2512710	51815104.000
07/11/2014	20.40	20.88	20.20	20.60	2158497	44331356.000
07/14/2014	21.59	21.62	20.45	20.80	2830191	59136964.000
07/15/2014	20.65	20.94	19.97	20.41	3201536	65262924.000
07/16/2014	20.21	20.39	19.65	19.90	2316609	46234180.000
07/17/2014	19.86	20.22	19.80	20.03	975560	19529244.000
07/18/2014	20.00	20.30	19.81	19.94	919623	18426598.000
07/21/2014	19.93	19.93	19.02	19.46	1575247	30507266.000
07/22/2014	19.36	19.58	19.21	19.40	1020606	19805022.000
07/23/2014	19.40	19.88	19.22	19.60	1833420	36018860.000
07/24/2014	19.44	19.53	18.68	18.85	1688732	31952684.000
07/25/2014	19.28	19.28	18.71	19.04	657504	12493537.000
07/28/2014	19.10	19.69	18.75	19.58	1659387	32189632.000
07/29/2014	19.89	19.89	19.55	19.72	1790155	35266348.000
07/30/2014	19.76	20.19	19.36	20.04	2329239	46366264.000
07/31/2014	19.88	20.04	19.76	19.94	1008256	20051248.000
08/01/2014	19.90	20.30	19.65	19.82	1969042	39362372.000
08/04/2014	19.81	20.28	19.70	20.06	1365912	27416366.000
08/05/2014	20.00	20.48	19.80	20.32	1620382	32780938.000
08/06/2014	20.20	21.09	20.17	20.88	2304345	47868076.000
08/07/2014	20.73	21.27	20.63	20.88	1995029	41810500.000
08/08/2014	20.90	21.30	20.74	20.84	1234117	25862086.000
08/11/2014	20.97	21.15	20.81	20.95	1222894	25620152.000
08/12/2014	20.88	21.10	20.70	21.06	1270566	26608728.000
08/13/2014	20.97	22.51	20.97	21.53	3101917	67726336.000
08/14/2014	21.42	21.92	21.10	21.10	1931713	41601364.000
08/15/2014	21.19	21.33	20.86	21.04	1861672	39074260.000
08/18/2014	21.10	21.75	21.01	21.66	1627344	34879780.000
08/19/2014	21.66	21.92	21.45	21.80	1238924	26916816.000
08/20/2014	21.62	22.59	21.62	22.00	1459050	32323630.000
08/21/2014	22.11	22.18	21.62	21.95	1181882	25884620.000
08/22/2014	21.80	22.18	21.72	22.11	1272175	28012850.000
08/25/2014	22.15	22.16	21.40	21.77	1633777	35315832.000
08/26/2014	21.70	21.70	21.20	21.38	1114618	23891874.000
08/27/2014	21.38	23.52	21.28	23.52	5785781	131657832.000
09/04/2014	25.87	25.87	24.51	25.87	5077055	129264432.000
09/05/2014	26.57	28.34	26.18	27.17	10138917	276094624.000
09/09/2014	27.17	27.17	26.00	26.57	5420240	143742704.000
09/10/2014	26.20	27.09	25.90	26.35	5082779	134884624.000
09/11/2014	26.20	27.22	26.03	26.70	4286898	113823760.000
09/12/2014	26.40	27.08	26.12	26.76	3502160	93224160.000
09/15/2014	26.85	28.28	26.38	27.60	4862186	132970600.000
09/16/2014	27.35	27.52	25.30	25.30	3835992	101469648.000
09/17/2014	25.30	25.84	24.80	25.25	2044534	51725052.000
09/18/2014	25.15	25.61	24.56	25.50	1914464	48255580.000
09/19/2014	25.50	26.28	25.41	26.25	1875753	48504260.000
09/22/2014	26.00	26.47	24.96	25.50	1803802	45878648.000
09/23/2014	25.55	25.98	25.46	25.84	1662245	42901760.000
09/24/2014	25.62	27.68	25.62	26.90	3269544	87942888.000
09/25/2014	26.99	28.12	26.72	27.30	3844268	105857376.000
09/26/2014	26.99	27.29	26.50	27.06	1879289	50442120.000
09/29/2014	27.26	29.45	26.73	28.70	3784383	106193344.000
09/30/2014	28.87	28.90	27.86	28.27	2118269	59752420.000
10/08/2014	28.20	28.77	27.70	27.92	2658839	74893640.000
10/09/2014	27.93	28.28	27.32	27.80	2426521	67399136.000
10/10/2014	27.70	27.72	25.02	27.00	2663609	71844960.000
10/13/2014	26.86	26.86	25.65	26.51	2802500	73305032.000
10/14/2014	26.48	27.27	26.28	27.11	2615370	70384032.000
10/15/2014	26.98	26.99	26.15	26.75	1672221	44429120.000
10/16/2014	26.52	26.97	25.70	26.06	1611223	42677156.000
10/17/2014	26.08	26.38	24.87	25.72	1999805	50986796.000
10/20/2014	25.72	26.39	25.25	26.30	1079593	28207396.000
10/21/2014	26.20	27.20	26.20	26.53	1442993	38531548.000
10/22/2014	26.78	27.71	26.70	26.81	3324741	90599264.000
10/23/2014	26.41	26.65	24.80	25.00	2406308	61571928.000
10/24/2014	25.01	25.46	24.89	25.33	1547496	39076324.000
10/27/2014	25.25	26.10	24.80	25.92	1472581	37810656.000
10/28/2014	26.25	26.76	26.00	26.61	1863210	49170176.000
10/29/2014	26.97	29.27	26.95	29.27	7339326	209677232.000
10/30/2014	30.11	30.14	28.71	30.10	6136426	181342176.000
10/31/2014	29.65	29.93	28.80	29.53	3174842	92898768.000
数据来源:通达信
