300150 世纪瑞尔 日线
      日期	    开盘	    最高	    最低	    收盘	    成交量	    成交额
12/22/2010	27.50	29.40	27.00	28.70	24226109	1419561600.000
12/23/2010	28.00	29.60	26.00	26.95	14486604	844960448.000
12/24/2010	27.50	28.48	26.71	27.85	9035641	518061376.000
12/27/2010	27.59	27.75	24.97	24.97	7319423	391708800.000
12/28/2010	23.48	23.75	22.37	22.37	5580039	264434176.000
12/29/2010	22.74	23.33	22.39	23.05	3896014	186171136.000
12/30/2010	22.68	23.93	21.91	23.25	4093453	195496000.000
12/31/2010	22.85	23.74	22.48	22.90	2971376	143600672.000
01/04/2011	22.93	23.98	22.70	23.90	3929825	191862032.000
01/05/2011	23.50	26.30	23.35	24.95	4739012	247405200.000
01/06/2011	24.65	25.88	24.65	25.58	2634374	138791392.000
01/07/2011	25.15	25.50	24.40	24.85	2136116	110440320.000
01/10/2011	24.50	25.14	23.24	23.38	1884436	94926720.000
01/11/2011	23.19	23.19	20.95	21.50	2873593	131372816.000
01/12/2011	21.50	21.75	20.75	21.10	2065504	91114968.000
01/13/2011	21.36	22.59	21.04	22.51	2754761	126024024.000
01/14/2011	22.14	22.44	21.47	21.75	2178787	100078936.000
01/17/2011	21.50	21.67	19.48	19.48	2022473	85668248.000
01/18/2011	19.07	19.70	19.07	19.15	972622	39598564.000
01/19/2011	19.35	20.75	19.16	19.95	2800293	117360648.000
01/20/2011	19.99	19.99	18.36	18.40	2651536	105665680.000
01/21/2011	17.94	19.10	17.85	18.35	1730845	67408368.000
01/24/2011	18.35	18.70	17.75	17.84	1138569	43467952.000
01/25/2011	17.53	17.90	16.98	17.87	1311034	47898056.000
01/26/2011	17.87	18.75	17.72	18.18	1151835	44405400.000
01/27/2011	18.18	18.69	17.50	18.25	1238981	47745420.000
01/28/2011	18.00	18.73	18.00	18.45	989367	38408212.000
01/31/2011	18.50	19.25	18.35	18.96	1261788	50217816.000
02/01/2011	18.78	18.98	18.38	18.38	987254	38571916.000
02/09/2011	18.03	18.65	18.03	18.21	746732	28867074.000
02/10/2011	18.01	18.93	18.01	18.89	1191589	46738320.000
02/11/2011	18.80	20.17	18.71	20.00	2390972	97662416.000
02/14/2011	19.89	20.10	19.41	19.95	1823755	75564224.000
02/15/2011	19.89	20.40	19.72	19.74	1874526	78773272.000
02/16/2011	19.46	19.74	19.20	19.70	2854949	116740320.000
02/17/2011	19.65	19.90	19.18	19.43	2014265	82449632.000
02/18/2011	19.40	19.84	19.35	19.58	1518167	62550884.000
02/21/2011	19.50	19.90	19.25	19.86	1562705	64656160.000
02/22/2011	19.80	19.94	18.19	18.20	2709528	107632896.000
02/23/2011	18.14	18.35	18.06	18.33	1175207	45223544.000
02/24/2011	18.23	18.33	17.92	18.15	1262061	48181092.000
02/25/2011	18.15	18.43	18.09	18.23	1039618	39910240.000
02/28/2011	18.44	18.44	18.15	18.35	1219114	47022892.000
03/01/2011	18.48	18.64	18.27	18.44	1393856	54138060.000
03/03/2011	18.40	18.40	17.35	17.59	2539642	95113408.000
03/04/2011	17.45	17.85	17.29	17.50	1641244	60713636.000
03/07/2011	17.58	17.85	17.58	17.65	1390420	51923324.000
03/08/2011	17.91	18.40	17.91	18.14	1807202	69222072.000
03/09/2011	18.15	18.17	17.64	17.85	1498771	56344420.000
03/10/2011	17.83	18.10	17.65	17.91	1204000	45566084.000
03/11/2011	17.79	18.43	17.75	18.08	1790786	68677944.000
03/14/2011	18.10	18.22	17.65	17.93	1053380	39843968.000
03/15/2011	17.91	17.91	17.28	17.60	1303828	48283000.000
03/16/2011	17.58	17.70	17.46	17.61	977685	36328104.000
03/17/2011	17.50	17.51	17.08	17.14	1161047	42511276.000
03/18/2011	17.19	17.56	17.19	17.43	768483	28305142.000
03/21/2011	17.59	17.63	17.24	17.33	654436	24058098.000
03/22/2011	17.44	17.44	16.46	16.71	3259709	115775320.000
03/23/2011	16.73	16.94	16.56	16.83	965079	34346456.000
03/24/2011	16.84	17.55	16.76	17.35	1949743	71546368.000
03/25/2011	17.35	17.48	17.18	17.30	1715111	62693128.000
03/28/2011	17.30	17.37	16.59	16.70	2335612	83247728.000
03/29/2011	16.62	16.62	15.85	15.93	2343833	80166848.000
03/30/2011	15.81	15.90	15.50	15.56	1228196	40901420.000
03/31/2011	15.60	15.88	15.60	15.72	823317	27616596.000
04/01/2011	15.76	16.08	15.66	16.01	723856	24493492.000
04/06/2011	15.99	16.05	15.66	15.74	809475	27204664.000
04/07/2011	15.74	16.00	15.74	15.93	455387	15367194.000
04/08/2011	15.98	16.33	15.85	16.31	885471	30254530.000
04/11/2011	16.31	16.33	15.81	15.90	802150	27394204.000
04/12/2011	15.86	16.00	15.69	15.70	646370	21787622.000
04/13/2011	15.61	16.14	15.61	16.04	712201	24232262.000
04/14/2011	16.06	16.28	16.02	16.28	862710	29571598.000
04/15/2011	15.94	15.95	15.66	15.84	984657	33076724.000
04/18/2011	15.87	15.97	15.69	15.74	599956	20160722.000
04/19/2011	15.56	15.68	15.20	15.25	1036985	33920124.000
04/20/2011	15.23	15.65	15.20	15.44	520107	17096988.000
04/21/2011	15.45	15.60	15.33	15.53	684822	22601130.000
04/22/2011	15.53	15.66	15.41	15.56	553904	18329514.000
04/25/2011	15.65	15.90	15.33	15.74	1106776	36867348.000
04/26/2011	15.73	16.24	15.68	16.15	2200731	74985656.000
04/27/2011	16.25	16.26	15.25	15.56	1479136	49644200.000
04/28/2011	15.44	15.68	14.51	14.58	1454313	46653800.000
04/29/2011	14.59	14.75	14.40	14.64	576395	17980978.000
05/03/2011	14.65	14.86	14.45	14.84	649999	20337318.000
05/04/2011	14.51	14.75	14.31	14.37	580850	18086298.000
05/05/2011	14.05	14.48	14.05	14.30	501181	15347023.000
05/06/2011	14.05	14.75	14.05	14.69	651531	20194284.000
05/10/2011	14.81	15.12	14.81	14.98	973196	31063738.000
05/11/2011	14.80	15.05	14.70	14.90	539055	17121414.000
05/12/2011	14.90	14.90	14.18	14.20	698518	21675464.000
05/13/2011	14.40	14.40	14.07	14.33	423318	12902395.000
05/16/2011	14.50	14.73	14.38	14.70	666458	20798856.000
05/17/2011	14.68	14.89	14.46	14.65	490652	15385900.000
05/18/2011	14.51	14.72	14.51	14.63	437738	13690454.000
05/19/2011	14.63	14.83	14.52	14.64	398452	12483581.000
05/20/2011	14.60	14.61	14.33	14.34	492042	14916759.000
05/23/2011	14.37	14.37	13.39	13.50	908872	26304104.000
05/24/2011	13.30	13.94	12.90	13.81	1279326	36351684.000
05/25/2011	13.74	13.87	13.33	13.41	785623	22465320.000
05/26/2011	13.50	13.59	12.95	12.95	648026	18184944.000
05/27/2011	13.08	13.08	12.76	12.79	532428	14528144.000
05/30/2011	12.75	13.08	12.61	12.95	809731	22176158.000
05/31/2011	12.97	13.20	12.75	13.14	639984	17598756.000
06/01/2011	13.14	13.28	13.01	13.21	538614	15007542.000
06/02/2011	13.00	13.00	12.66	12.81	767895	20880086.000
06/03/2011	12.94	13.42	12.80	13.36	958793	26709002.000
06/07/2011	13.35	13.65	13.29	13.37	540999	15348468.000
06/08/2011	13.37	13.38	12.97	13.23	650378	18025066.000
06/09/2011	13.09	13.20	12.80	12.80	475864	13085134.000
06/10/2011	12.85	13.23	12.59	13.22	1045021	28300382.000
06/13/2011	13.10	13.27	12.90	13.18	659368	18261888.000
06/14/2011	13.18	13.45	13.09	13.22	1033867	29025204.000
06/15/2011	13.22	13.34	12.92	12.92	664694	18369616.000
06/16/2011	12.70	12.78	12.59	12.62	756004	20282572.000
06/17/2011	12.55	12.68	12.53	12.54	363319	9692845.000
06/20/2011	12.50	12.68	12.37	12.40	588297	15547366.000
06/21/2011	12.50	12.89	12.44	12.72	613300	16437986.000
06/22/2011	12.80	12.97	12.60	12.60	496416	13400956.000
06/23/2011	12.62	13.15	12.46	13.03	1211459	33254036.000
06/24/2011	12.93	13.40	12.93	13.30	1653902	46257536.000
06/27/2011	13.50	13.65	13.27	13.47	1312607	37225436.000
06/28/2011	13.46	13.61	13.27	13.43	894080	25355630.000
06/29/2011	13.43	13.65	13.28	13.28	1100955	31280068.000
06/30/2011	13.21	13.49	13.21	13.36	730029	20620980.000
07/01/2011	13.50	13.58	13.33	13.48	936489	26668984.000
07/04/2011	13.56	13.85	13.53	13.83	1009592	29203556.000
07/05/2011	13.83	14.24	13.79	13.89	1201201	35507736.000
07/06/2011	13.89	14.00	13.75	13.98	1009742	29506452.000
07/07/2011	13.99	14.50	13.90	14.14	1887689	56686588.000
07/08/2011	14.08	14.33	14.02	14.20	788064	23515240.000
07/11/2011	14.11	14.50	14.11	14.45	1173984	35522616.000
07/12/2011	14.25	14.25	13.80	13.80	1608630	47520320.000
07/13/2011	13.85	14.07	13.70	14.06	1208399	35442096.000
07/14/2011	14.11	14.72	14.10	14.60	1827113	55678152.000
07/15/2011	14.67	15.20	14.55	15.05	2404381	75637376.000
07/18/2011	15.08	15.48	14.71	14.85	2254151	71383032.000
07/19/2011	14.77	14.89	14.45	14.55	1258013	38669616.000
07/20/2011	14.70	14.85	14.35	14.69	1154949	35522936.000
07/21/2011	14.70	14.70	14.16	14.25	1168839	35213044.000
07/22/2011	14.30	14.44	14.13	14.34	1064393	31943006.000
07/26/2011	12.83	12.83	12.83	12.83	336100	9128476.000
07/27/2011	11.80	12.75	11.80	12.70	5276294	137535920.000
07/28/2011	12.25	12.67	12.15	12.51	2835860	74748272.000
07/29/2011	12.45	12.89	12.38	12.68	2206518	59261876.000
08/01/2011	12.40	12.57	11.90	12.41	1813350	47106648.000
08/02/2011	12.65	12.67	12.10	12.34	1479618	38589088.000
08/03/2011	12.15	12.88	12.12	12.66	2105360	56145976.000
08/04/2011	12.66	13.10	12.59	12.74	1944136	52976616.000
08/05/2011	12.25	12.48	12.10	12.33	1408352	36873992.000
08/08/2011	12.13	12.25	11.02	11.22	2315576	56985836.000
08/09/2011	10.87	11.13	10.56	10.98	1913157	44185172.000
08/10/2011	11.20	11.25	10.95	11.01	1623323	38530908.000
08/11/2011	10.60	11.08	10.36	11.04	2207263	50902604.000
08/12/2011	11.08	11.54	11.08	11.29	2280264	55251788.000
08/15/2011	11.32	11.71	11.20	11.62	1887993	46244980.000
08/16/2011	11.68	11.73	11.44	11.48	1421641	34919328.000
08/17/2011	11.45	11.55	11.25	11.42	1077967	26174356.000
08/18/2011	11.43	11.43	11.04	11.04	991333	23755358.000
08/19/2011	10.78	10.94	10.66	10.84	1132659	26094168.000
08/22/2011	10.84	11.19	10.84	11.03	1135754	26780720.000
08/23/2011	11.13	11.54	11.00	11.52	1717173	41565780.000
08/24/2011	11.52	11.94	11.47	11.52	2390685	59498976.000
08/25/2011	11.54	11.71	11.26	11.69	1489560	36562776.000
08/26/2011	11.69	11.99	11.62	11.85	1434263	36120024.000
08/29/2011	11.84	11.93	11.66	11.66	1131939	28387726.000
08/30/2011	11.75	11.84	11.30	11.34	1294739	31908976.000
08/31/2011	11.35	11.40	11.01	11.15	1094064	26041984.000
09/01/2011	11.17	11.35	11.02	11.10	788667	18824064.000
09/02/2011	11.08	11.14	10.90	11.05	578844	13617360.000
09/05/2011	10.99	10.99	10.67	10.72	798844	18369330.000
09/06/2011	10.62	10.79	10.53	10.68	553547	12634450.000
09/07/2011	10.76	11.02	10.66	11.01	1051390	24373136.000
09/08/2011	11.10	11.15	10.80	10.80	817981	19266520.000
09/09/2011	10.75	10.94	10.73	10.80	544841	12609694.000
09/13/2011	10.72	10.72	10.47	10.60	526552	11916111.000
09/14/2011	10.69	10.75	10.40	10.75	786081	17835788.000
09/15/2011	10.76	10.93	10.66	10.79	799336	18471854.000
09/16/2011	10.89	10.97	10.72	10.76	612670	14196232.000
09/19/2011	10.89	10.89	10.40	10.40	681862	15364804.000
09/20/2011	10.29	10.47	10.19	10.40	750312	16596771.000
09/21/2011	10.38	11.04	10.32	10.94	1539238	35570876.000
09/22/2011	10.81	10.90	10.47	10.47	1205231	27568392.000
09/23/2011	10.26	10.51	10.22	10.44	758136	16834386.000
09/26/2011	10.49	10.72	10.32	10.38	642885	14508017.000
09/27/2011	10.50	10.71	10.45	10.65	620876	14076134.000
09/28/2011	10.56	10.73	10.35	10.40	667255	15069123.000
09/29/2011	10.44	10.48	10.02	10.03	781673	17119912.000
09/30/2011	10.00	10.09	9.56	9.71	762902	16028391.000
10/10/2011	9.66	9.83	9.66	9.71	367154	7715697.500
10/11/2011	10.00	10.00	9.60	9.68	422708	8933076.000
10/12/2011	9.55	10.19	9.55	10.05	761546	16364094.000
10/13/2011	10.05	10.34	10.05	10.22	877546	19246020.000
10/14/2011	10.18	10.53	10.06	10.41	1255425	27866990.000
10/17/2011	10.43	10.61	10.29	10.44	778781	17426428.000
10/18/2011	10.40	10.40	9.95	9.95	835568	18160870.000
10/19/2011	10.03	10.89	9.75	10.49	2043298	45899484.000
10/20/2011	10.41	10.41	9.83	9.97	1040929	22451148.000
10/21/2011	9.95	10.10	9.81	9.95	610992	13071793.000
10/24/2011	9.98	10.18	9.48	10.14	954848	20088818.000
10/25/2011	9.93	10.63	9.75	10.52	1982188	43890524.000
10/26/2011	10.36	10.94	10.30	10.66	2373124	54220868.000
10/27/2011	10.58	10.73	10.50	10.61	1204550	27325884.000
10/28/2011	10.85	10.85	10.56	10.80	1526779	34973116.000
10/31/2011	10.75	10.90	10.62	10.85	1342301	30826326.000
11/01/2011	10.65	11.20	10.63	11.11	2497460	58612008.000
11/02/2011	10.96	11.87	10.92	11.75	4665776	114699448.000
11/03/2011	11.66	11.81	11.46	11.46	3057435	75853648.000
11/04/2011	11.61	11.64	11.36	11.45	1402532	34267876.000
11/07/2011	11.28	11.45	11.20	11.20	1264409	30509964.000
11/08/2011	11.16	11.64	11.16	11.20	1195377	28986108.000
11/09/2011	11.29	11.43	11.04	11.43	1096594	26343446.000
11/10/2011	11.22	11.75	11.20	11.42	2028403	49856720.000
11/11/2011	11.41	11.60	11.18	11.21	1160918	28170832.000
11/14/2011	11.33	11.69	11.33	11.57	1325528	32609864.000
11/15/2011	11.54	11.79	11.48	11.69	1303892	32392210.000
11/16/2011	11.70	11.77	11.12	11.15	1556989	37859620.000
11/17/2011	11.24	11.48	11.14	11.29	1093050	26353276.000
11/18/2011	11.29	11.29	10.70	10.72	1171754	27411236.000
11/21/2011	10.85	10.90	10.50	10.83	867505	19970954.000
11/22/2011	10.68	10.79	10.50	10.70	842073	19168552.000
11/23/2011	10.74	10.74	10.55	10.63	781521	17800860.000
11/24/2011	10.47	10.60	10.31	10.45	829304	18542068.000
11/25/2011	10.43	10.55	10.27	10.30	538796	12003656.000
11/28/2011	10.39	10.39	10.19	10.33	419438	9279176.000
11/29/2011	10.45	10.56	10.25	10.53	866362	19287896.000
11/30/2011	10.45	10.53	9.66	9.80	819613	17783186.000
12/01/2011	10.10	10.29	9.96	10.00	816775	17758352.000
12/02/2011	9.96	10.00	9.58	9.65	649725	13605738.000
12/05/2011	9.69	9.69	9.00	9.10	750252	14917001.000
12/06/2011	9.06	9.28	9.01	9.15	369699	7333070.000
12/07/2011	9.24	9.29	9.14	9.19	321522	6405663.500
12/08/2011	9.25	9.40	8.95	9.25	637862	12694386.000
12/09/2011	9.20	9.32	9.06	9.10	389020	7720491.500
12/12/2011	9.16	9.23	8.95	8.98	268694	5294064.000
12/13/2011	8.95	8.95	8.61	8.62	537268	10176737.000
12/14/2011	8.60	8.70	8.44	8.49	381086	7107461.000
12/15/2011	8.41	8.58	8.34	8.34	525649	9688131.000
12/16/2011	8.53	8.69	8.31	8.65	449055	8283981.500
12/19/2011	8.49	8.84	8.35	8.79	703826	13133309.000
12/20/2011	8.78	8.95	8.60	8.77	489107	9368528.000
12/21/2011	8.85	8.85	8.43	8.43	666615	12612456.000
12/22/2011	8.23	8.23	7.63	7.63	3177828	54258264.000
12/23/2011	7.49	8.00	7.45	7.75	2627283	44486956.000
12/26/2011	7.75	7.93	7.64	7.66	976540	16649794.000
12/27/2011	7.66	7.70	7.24	7.25	1769857	28826928.000
12/28/2011	7.20	7.29	6.96	7.21	1089769	17133236.000
12/29/2011	7.22	7.59	7.15	7.24	2165927	35089836.000
12/30/2011	7.20	7.42	7.18	7.34	1118850	18096028.000
01/04/2012	7.40	7.48	7.07	7.07	990543	15993073.000
01/05/2012	7.00	7.06	6.62	6.67	1336496	20141956.000
01/06/2012	6.63	6.89	6.52	6.81	1076553	15980083.000
01/10/2012	7.20	7.57	7.20	7.57	3942220	64602076.000
01/11/2012	7.40	7.82	7.39	7.62	3404534	57155260.000
01/12/2012	7.75	8.13	7.74	7.78	2934147	50676560.000
01/13/2012	7.75	7.78	7.29	7.41	2187350	36139260.000
01/16/2012	7.20	7.75	7.20	7.33	1680157	27861844.000
01/17/2012	7.30	8.09	7.26	8.03	2921870	49724152.000
01/18/2012	8.03	8.15	7.69	7.70	2753955	47653620.000
01/19/2012	7.66	7.95	7.56	7.92	1406708	24083624.000
01/20/2012	8.03	8.12	7.87	8.00	1447475	25244482.000
01/30/2012	8.03	8.25	7.91	7.92	2183879	38594500.000
01/31/2012	7.83	7.95	7.59	7.93	1786534	30528350.000
02/01/2012	7.88	8.06	7.76	7.89	1196525	20717898.000
02/02/2012	7.89	8.04	7.76	8.04	1300697	22538534.000
02/03/2012	8.04	8.35	7.98	8.25	2306657	41198096.000
02/06/2012	8.34	8.41	8.16	8.25	1885500	34125812.000
02/07/2012	8.25	8.25	7.94	8.01	1292199	22729476.000
02/08/2012	8.14	8.36	8.08	8.30	1956930	35070620.000
02/09/2012	8.25	8.57	8.21	8.46	2258847	41536868.000
02/10/2012	8.44	8.52	8.27	8.35	2070277	37813056.000
02/13/2012	8.30	8.55	8.17	8.45	2658311	48616928.000
02/14/2012	8.46	8.54	8.35	8.43	1293783	23715314.000
02/15/2012	8.43	8.63	8.34	8.62	1751050	32393730.000
02/16/2012	8.60	8.90	8.60	8.74	3017650	57309760.000
02/17/2012	8.74	8.88	8.54	8.66	1381867	26035550.000
02/20/2012	8.77	8.88	8.65	8.69	1592398	30330274.000
02/21/2012	8.59	8.80	8.43	8.79	1263751	23704998.000
02/22/2012	8.80	9.08	8.73	9.05	2369573	46046480.000
02/23/2012	9.04	9.48	9.00	9.31	2941057	58679512.000
02/24/2012	9.31	9.38	9.16	9.30	2327584	46527712.000
02/27/2012	9.31	9.35	9.12	9.12	3515961	70189704.000
02/28/2012	9.12	9.12	8.74	8.81	2837812	54534960.000
02/29/2012	8.75	8.95	8.67	8.77	1683474	32246410.000
03/01/2012	8.77	8.94	8.73	8.82	1506297	28933384.000
03/02/2012	8.82	9.10	8.82	9.01	1194400	23240488.000
03/05/2012	9.05	9.09	8.82	8.86	1603913	31149866.000
03/06/2012	8.78	8.86	8.57	8.64	1640245	30934170.000
03/07/2012	8.55	8.74	8.50	8.66	1432240	26863854.000
03/08/2012	8.68	8.82	8.63	8.74	1143336	21663388.000
03/09/2012	8.80	8.98	8.75	8.96	1569381	30240654.000
03/12/2012	9.01	9.06	8.88	9.01	1742043	33807828.000
03/13/2012	8.96	9.30	8.95	9.24	2329020	45984444.000
03/14/2012	9.34	9.38	8.26	8.58	3155404	61559876.000
03/15/2012	8.57	8.69	8.33	8.60	1632051	30377162.000
03/16/2012	8.60	8.78	8.56	8.75	1409619	26593836.000
03/19/2012	8.75	8.80	8.59	8.79	1379408	26104234.000
03/20/2012	8.76	8.76	8.45	8.45	1465573	27343856.000
03/21/2012	8.47	8.62	8.26	8.40	1124270	20618550.000
03/22/2012	8.44	8.78	8.44	8.51	1740680	32614862.000
03/23/2012	8.46	8.74	8.38	8.44	1122628	20910006.000
03/26/2012	8.49	8.68	8.41	8.66	988993	18427182.000
03/27/2012	8.71	8.89	8.61	8.70	2083266	39527632.000
03/28/2012	8.64	8.64	7.78	7.86	2428065	43183664.000
03/29/2012	7.81	7.87	7.46	7.51	1229285	20621546.000
03/30/2012	7.41	7.57	7.26	7.34	1160752	18898788.000
04/05/2012	7.37	7.58	7.33	7.55	1240565	20499518.000
04/06/2012	7.55	7.74	7.52	7.61	1141321	19150160.000
04/09/2012	7.67	7.72	7.58	7.61	681811	11453184.000
04/10/2012	7.58	7.73	7.38	7.73	876941	14541400.000
04/11/2012	7.61	7.78	7.60	7.78	751567	12674480.000
04/12/2012	7.79	8.19	7.78	8.12	1861045	32754458.000
04/13/2012	7.88	8.05	7.83	7.92	2885418	50056204.000
04/16/2012	7.88	7.97	7.81	7.88	1393196	24052540.000
04/17/2012	7.88	7.99	7.78	7.80	1132553	19585138.000
04/18/2012	7.76	8.21	7.76	8.12	2817111	49609380.000
04/19/2012	8.05	8.35	8.05	8.16	2576673	46326752.000
04/20/2012	8.15	8.87	8.11	8.64	3271864	61163540.000
04/23/2012	8.55	8.65	8.23	8.35	2643431	48543632.000
04/24/2012	8.28	8.29	7.67	8.04	2530425	44029600.000
04/25/2012	7.94	8.74	7.86	8.50	2706339	49481836.000
04/26/2012	8.69	8.99	8.51	8.54	2820394	53366792.000
04/27/2012	8.48	8.63	8.37	8.41	1187658	21811446.000
05/02/2012	8.54	8.65	8.42	8.54	1621544	30107588.000
05/03/2012	8.51	8.52	8.22	8.35	1967410	35753964.000
05/04/2012	8.28	8.39	8.25	8.35	1178822	21374308.000
05/07/2012	8.30	8.43	8.26	8.41	1201637	21908290.000
05/08/2012	8.40	8.58	8.39	8.42	1426939	26283472.000
05/09/2012	8.39	8.39	8.10	8.10	1323191	23689040.000
05/10/2012	8.05	8.17	7.96	7.98	1269964	22385490.000
05/11/2012	8.00	8.08	7.89	7.90	925034	16202099.000
05/14/2012	8.00	8.03	7.86	7.87	786901	13680037.000
05/15/2012	7.80	7.80	7.69	7.79	1025941	17412850.000
05/16/2012	7.88	8.03	7.79	7.82	1173628	20350140.000
05/17/2012	7.87	7.98	7.65	7.91	1096083	18760992.000
05/18/2012	7.82	7.91	7.76	7.80	846596	14512449.000
05/21/2012	8.15	8.47	8.03	8.11	2917951	52395868.000
05/22/2012	8.15	8.15	7.94	8.05	1659434	28152618.000
05/23/2012	8.03	8.07	7.78	7.85	1207265	20196186.000
05/24/2012	7.95	8.19	7.92	7.98	1482170	25170716.000
05/25/2012	7.95	8.30	7.85	8.20	2454901	42206136.000
05/28/2012	8.17	9.07	8.10	9.00	9137507	169859616.000
05/29/2012	8.85	9.10	8.73	8.85	6290731	117052840.000
05/30/2012	8.80	8.90	8.71	8.80	2694535	49812956.000
05/31/2012	8.75	8.88	8.58	8.61	2978205	54766116.000
06/01/2012	8.62	8.69	8.54	8.64	1903492	34516872.000
06/04/2012	8.43	8.51	8.21	8.21	2662687	46890040.000
06/05/2012	8.20	8.33	8.12	8.24	1575761	27342464.000
06/06/2012	8.25	8.34	8.13	8.19	1302743	22651910.000
06/07/2012	8.29	8.33	8.02	8.02	1128808	19448472.000
06/08/2012	8.11	8.14	7.84	7.86	1322413	22293734.000
06/11/2012	7.83	8.09	7.83	8.05	1269570	21378142.000
06/12/2012	8.03	8.03	7.91	7.93	745051	12527008.000
06/13/2012	7.95	8.25	7.95	8.20	1620529	27766632.000
06/14/2012	8.15	8.29	8.06	8.09	1269717	21931860.000
06/15/2012	8.15	8.26	8.01	8.15	849766	14590687.000
06/18/2012	8.24	8.40	8.15	8.38	1886255	32970606.000
06/19/2012	8.35	8.49	8.27	8.37	1632874	28804214.000
06/20/2012	8.40	8.65	8.33	8.42	1615508	28850016.000
06/21/2012	8.43	8.59	8.20	8.23	1312232	23079212.000
06/25/2012	8.15	8.22	7.85	7.89	1151474	19461630.000
06/26/2012	7.81	7.95	7.80	7.91	726016	12091222.000
06/27/2012	7.91	8.11	7.88	7.95	982496	16550624.000
06/28/2012	7.95	8.10	7.84	7.95	1030358	17279108.000
06/29/2012	7.94	8.08	7.81	8.04	855751	14370859.000
07/02/2012	8.09	8.20	8.04	8.13	1034348	17730020.000
07/03/2012	8.08	8.42	8.08	8.22	1532630	26659280.000
07/04/2012	8.30	8.30	8.16	8.23	1241209	21578752.000
07/05/2012	8.20	8.23	7.95	7.96	984185	16700100.000
07/06/2012	8.03	8.15	7.83	8.10	925537	15604521.000
07/09/2012	8.08	8.08	7.85	7.86	858241	14427106.000
07/10/2012	7.86	7.87	7.56	7.56	1164766	18894866.000
07/11/2012	7.56	7.90	7.56	7.74	2055401	33686728.000
07/12/2012	7.60	7.80	7.45	7.73	1237691	19953638.000
07/13/2012	7.49	7.64	7.40	7.48	2028370	32297978.000
07/16/2012	7.48	7.48	7.03	7.03	1336883	20320246.000
07/17/2012	7.02	7.13	6.91	7.09	592017	8849626.000
07/18/2012	7.09	7.14	6.90	7.09	643810	9596183.000
07/19/2012	7.09	7.28	7.02	7.17	851886	13037685.000
07/20/2012	7.21	7.28	7.12	7.17	564411	8636048.000
07/23/2012	7.13	7.14	6.97	7.03	393786	5909590.000
07/24/2012	7.04	7.16	7.00	7.13	449302	6795617.500
07/25/2012	7.14	7.24	7.10	7.11	542865	8272800.000
07/26/2012	7.10	7.25	7.06	7.10	393620	5983136.000
07/27/2012	7.14	7.19	7.10	7.13	374882	5686178.500
07/30/2012	7.13	7.22	6.99	7.07	436187	6586926.000
07/31/2012	7.07	7.15	6.71	6.83	677882	10003855.000
08/01/2012	6.83	7.05	6.81	6.88	517242	7641964.000
08/02/2012	6.95	7.00	6.85	6.87	532725	7870623.500
08/03/2012	6.94	7.14	6.88	7.12	905822	13506659.000
08/06/2012	7.02	7.24	7.00	7.22	843794	12841281.000
08/07/2012	7.19	7.23	7.16	7.23	652725	9981890.000
08/08/2012	7.23	7.45	7.14	7.29	872333	13420108.000
08/09/2012	7.26	7.38	7.15	7.30	866415	13381060.000
08/10/2012	7.29	7.30	7.17	7.20	960874	14714195.000
08/13/2012	7.20	7.20	6.89	6.89	1353321	20190340.000
08/14/2012	6.85	6.96	6.75	6.94	886934	12934404.000
08/15/2012	6.94	6.94	6.80	6.84	661340	9658433.000
08/16/2012	6.84	6.91	6.78	6.90	488811	7152794.500
08/17/2012	6.87	7.03	6.86	6.98	1067045	15810343.000
08/20/2012	6.97	7.05	6.91	7.00	562006	8326408.000
08/21/2012	7.02	7.19	6.98	7.13	936818	14169653.000
08/22/2012	7.16	7.21	7.05	7.09	812023	12308057.000
08/23/2012	7.06	7.29	7.06	7.25	870364	13310715.000
08/24/2012	7.23	7.26	7.01	7.01	630614	9542148.000
08/27/2012	7.03	7.03	6.85	6.85	403718	5935891.000
08/28/2012	6.83	6.95	6.81	6.92	470983	6895646.000
08/29/2012	6.90	7.02	6.87	6.97	526811	7802305.000
08/30/2012	6.93	7.03	6.73	6.82	550670	8073982.500
08/31/2012	6.86	6.93	6.80	6.90	321306	4703786.000
09/03/2012	6.91	7.03	6.83	7.00	486959	7225700.000
09/04/2012	7.00	7.15	6.97	7.04	809182	12159340.000
09/05/2012	7.04	7.28	6.60	7.28	1625714	24773566.000
09/06/2012	7.70	7.99	7.41	7.53	3822798	62435060.000
09/07/2012	7.57	7.95	7.56	7.80	3592904	58908896.000
09/10/2012	7.84	8.35	7.71	8.14	4512492	77442360.000
09/11/2012	8.07	8.10	7.89	7.93	1809288	30428978.000
09/12/2012	7.99	8.07	7.84	7.99	1084976	18230066.000
09/13/2012	8.01	8.03	7.74	7.75	1056675	17564630.000
09/14/2012	7.84	7.99	7.65	7.74	1245317	20444268.000
09/17/2012	7.73	7.75	7.42	7.43	1027208	16364417.000
09/18/2012	7.41	7.47	7.35	7.42	1012196	15883988.000
09/19/2012	7.47	7.49	7.40	7.47	524442	8284653.000
09/20/2012	7.47	7.49	7.18	7.18	768943	11941546.000
09/21/2012	7.15	7.17	7.01	7.03	727446	10945306.000
09/24/2012	6.99	7.33	6.87	7.12	766701	11600521.000
09/25/2012	7.05	7.15	6.80	7.01	526302	7863741.000
09/26/2012	7.14	7.14	6.80	6.83	554779	8185229.000
09/27/2012	6.90	7.10	6.83	7.00	655225	9724505.000
09/28/2012	6.99	7.13	6.97	7.10	629632	9458727.000
10/08/2012	7.10	7.14	7.01	7.05	442376	6647004.000
10/09/2012	7.08	7.31	7.07	7.26	826662	12706363.000
10/10/2012	7.21	7.32	7.19	7.32	935792	14423887.000
10/11/2012	7.33	7.50	7.21	7.22	1356789	21174254.000
10/12/2012	7.32	7.36	7.06	7.10	666915	10158525.000
10/15/2012	6.95	6.95	6.60	6.68	1906740	27125266.000
10/16/2012	6.67	6.75	6.65	6.69	755731	10794278.000
10/17/2012	6.73	6.74	6.60	6.70	608945	8666769.000
10/18/2012	6.69	6.81	6.69	6.80	874599	12611289.000
10/19/2012	6.81	6.84	6.74	6.80	659095	9548562.000
10/22/2012	6.78	6.83	6.70	6.83	636830	9184794.000
10/23/2012	6.89	6.95	6.80	6.81	1063001	15582892.000
10/24/2012	6.78	6.80	6.71	6.80	555902	8015008.500
10/25/2012	6.80	6.83	6.66	6.67	731552	10514016.000
10/26/2012	6.68	6.70	6.44	6.44	1042883	14568162.000
10/29/2012	6.45	6.48	6.35	6.36	540417	7393001.000
10/30/2012	6.38	6.46	6.32	6.32	444251	6083361.000
10/31/2012	6.40	6.54	6.35	6.39	707037	9730286.000
11/01/2012	6.50	6.56	6.41	6.53	724772	10087409.000
11/02/2012	6.55	6.55	6.47	6.50	388052	5394339.500
11/05/2012	6.50	6.53	6.44	6.49	396554	5492196.000
11/06/2012	6.50	6.50	6.34	6.40	587068	8032237.000
11/07/2012	6.40	6.43	6.35	6.43	448111	6128682.500
11/08/2012	6.39	6.54	6.35	6.35	849577	11715675.000
11/09/2012	6.33	6.64	6.15	6.49	1795670	24761182.000
11/12/2012	6.43	6.65	6.43	6.55	1078656	15125545.000
11/13/2012	6.55	6.60	6.35	6.38	552778	7611630.000
11/14/2012	6.40	6.43	6.22	6.27	590536	7955715.000
11/15/2012	6.24	6.32	6.23	6.27	585600	7862724.500
11/16/2012	6.25	6.32	6.18	6.28	584451	7814353.000
11/19/2012	6.27	6.49	6.23	6.47	861697	11778991.000
11/20/2012	6.47	6.61	6.39	6.42	613835	8469719.000
11/21/2012	6.42	6.56	6.38	6.55	660405	9123444.000
11/22/2012	6.54	6.54	6.40	6.44	359807	4981288.000
11/23/2012	6.47	6.47	6.39	6.40	356256	4895452.000
11/26/2012	6.35	6.47	6.28	6.29	254000	3449451.000
11/27/2012	6.33	6.42	6.03	6.03	746287	9878304.000
11/28/2012	6.00	6.03	5.82	5.83	447791	5672459.500
11/29/2012	5.88	5.90	5.74	5.75	313389	3927364.750
11/30/2012	5.74	5.85	5.72	5.78	305812	3818528.750
12/03/2012	5.76	5.81	5.57	5.60	312147	3836024.250
12/04/2012	5.60	5.74	5.51	5.73	481677	5830967.500
12/05/2012	5.69	6.04	5.69	5.94	717765	9107904.000
12/06/2012	5.94	5.98	5.86	5.87	377700	4796507.500
12/07/2012	5.85	6.03	5.83	6.01	676632	8665880.000
12/10/2012	6.03	6.13	5.98	6.10	743380	9707004.000
12/11/2012	6.10	6.10	5.98	5.98	644098	8346730.500
12/12/2012	5.99	6.03	5.90	5.94	1024121	13142495.000
12/13/2012	5.92	6.05	5.89	5.91	551485	7067604.500
12/14/2012	5.89	6.17	5.86	6.15	1235347	16144583.000
12/17/2012	6.20	6.22	6.10	6.18	881653	11651279.000
12/18/2012	6.18	6.27	6.11	6.18	873787	11623048.000
12/19/2012	6.13	6.25	6.13	6.19	598280	7957243.000
12/20/2012	6.19	6.28	6.08	6.25	783029	10427731.000
12/21/2012	6.25	6.41	6.20	6.35	1373847	18573534.000
12/24/2012	6.35	6.39	6.28	6.34	921993	12525738.000
12/25/2012	6.27	6.53	6.27	6.46	1417085	19466796.000
12/26/2012	6.47	6.70	6.44	6.66	1801659	25312622.000
12/27/2012	6.65	6.77	6.49	6.50	1759534	24830040.000
12/28/2012	6.47	6.62	6.47	6.60	1047830	14691072.000
12/31/2012	6.64	6.71	6.50	6.60	1092944	15372265.000
01/04/2013	6.62	6.80	6.58	6.75	1808946	25851054.000
01/07/2013	6.60	6.72	6.57	6.72	1179892	16737173.000
01/08/2013	6.72	6.77	6.59	6.73	1414741	20196836.000
01/09/2013	6.73	7.15	6.73	6.94	3429927	51092872.000
01/10/2013	6.94	7.03	6.86	6.97	1645225	24255372.000
01/11/2013	6.97	6.98	6.73	6.76	1621882	23718584.000
01/14/2013	6.80	7.10	6.76	7.00	2516811	37496068.000
01/15/2013	7.05	7.35	7.05	7.25	2618469	40215704.000
01/16/2013	7.28	7.29	7.03	7.11	2001540	30263114.000
01/17/2013	7.07	7.09	6.91	6.99	1933333	28750632.000
01/18/2013	6.94	7.09	6.94	7.06	1441835	21533582.000
01/21/2013	7.13	7.15	6.99	7.07	995332	14911978.000
01/22/2013	7.07	7.07	6.81	6.84	1166314	17228868.000
01/23/2013	6.80	6.90	6.72	6.82	927661	13450805.000
01/24/2013	6.85	6.98	6.63	6.64	1279412	18536270.000
01/25/2013	6.65	6.97	6.64	6.81	1757668	25705292.000
01/28/2013	6.78	6.99	6.77	6.97	933809	13731930.000
01/29/2013	6.99	7.07	6.95	6.97	708618	10552870.000
01/30/2013	7.00	7.05	6.90	7.05	929003	13804785.000
01/31/2013	7.04	7.07	6.93	6.96	588825	8732366.000
02/01/2013	6.97	7.08	6.96	7.02	747140	11174561.000
02/04/2013	7.02	7.23	7.02	7.21	2117379	32228208.000
02/05/2013	7.19	7.49	7.12	7.47	2550538	39933420.000
02/06/2013	7.45	7.49	7.33	7.40	1549929	24320278.000
02/07/2013	7.38	7.70	7.37	7.68	1654629	26489812.000
02/08/2013	7.68	7.69	6.87	7.53	1956952	31271138.000
02/18/2013	7.54	7.69	7.50	7.67	1255752	20245176.000
02/19/2013	7.66	7.66	7.38	7.46	1889318	30015036.000
02/20/2013	7.48	7.73	7.40	7.72	1350967	21774076.000
02/21/2013	7.71	7.96	7.57	7.78	3015961	49814416.000
02/22/2013	7.76	8.14	7.70	7.98	2837592	48000916.000
02/25/2013	8.00	8.10	7.94	8.03	1011813	17124246.000
02/26/2013	7.97	8.25	7.89	7.96	1600253	27277326.000
02/27/2013	7.97	8.05	7.62	7.68	1412795	23257696.000
02/28/2013	7.69	7.80	7.61	7.77	695975	11414407.000
03/01/2013	7.80	8.15	7.75	8.08	1796904	30372110.000
03/04/2013	8.64	8.93	8.38	8.48	4387760	79793216.000
03/05/2013	8.39	8.80	8.39	8.69	2400452	43765584.000
03/06/2013	8.72	8.91	8.56	8.82	2141905	39375956.000
03/07/2013	8.82	8.82	8.57	8.65	1702442	30956144.000
03/08/2013	8.65	8.72	8.46	8.46	1259216	22798540.000
03/11/2013	8.39	8.52	8.31	8.36	725459	12816511.000
03/12/2013	8.33	8.49	7.90	8.13	1681792	28788296.000
03/13/2013	8.06	8.13	7.85	7.94	905854	15199801.000
03/14/2013	7.94	8.06	7.91	7.95	669988	11329855.000
03/15/2013	7.98	8.19	7.83	8.04	899878	15301922.000
03/18/2013	8.03	8.07	7.89	7.96	355279	5994877.000
03/19/2013	7.93	7.99	7.70	7.80	883827	14614522.000
03/20/2013	7.85	8.09	7.84	8.08	805822	13654202.000
03/21/2013	8.04	8.27	8.00	8.13	911600	15676325.000
03/22/2013	8.15	8.22	8.08	8.15	656846	11303338.000
03/25/2013	8.20	8.26	8.09	8.25	852561	14724869.000
03/26/2013	8.12	8.20	8.02	8.14	572887	9780739.000
03/27/2013	8.18	8.22	8.04	8.09	533932	9172252.000
03/28/2013	7.91	8.03	7.75	7.78	805966	13431285.000
03/29/2013	7.59	7.69	7.55	7.63	923711	14914313.000
04/01/2013	7.56	7.71	7.56	7.66	339438	5507691.500
04/02/2013	7.73	7.73	7.40	7.46	766841	12226749.000
04/03/2013	7.49	7.57	7.31	7.41	477014	7504724.000
04/08/2013	7.36	7.41	7.19	7.41	433720	6725553.500
04/09/2013	7.40	7.58	7.26	7.55	765857	12231103.000
04/10/2013	7.46	7.58	7.41	7.48	639593	10114524.000
04/11/2013	7.55	7.58	7.43	7.52	509182	8079228.000
04/12/2013	7.50	7.52	7.24	7.35	969099	15106853.000
04/15/2013	7.34	7.34	7.13	7.15	351400	5374050.500
04/16/2013	7.06	7.14	7.04	7.13	713372	10731788.000
04/17/2013	7.18	7.22	7.09	7.22	650279	9869602.000
04/18/2013	7.18	7.31	7.13	7.28	610967	9376286.000
04/19/2013	7.27	7.53	7.27	7.47	652785	10281430.000
04/22/2013	7.43	7.75	7.43	7.58	1046448	16840084.000
04/23/2013	7.64	7.64	7.41	7.50	598103	9493405.000
04/24/2013	7.51	7.71	7.47	7.64	1104778	17793258.000
04/25/2013	7.61	7.66	7.35	7.35	1509573	24045456.000
04/26/2013	7.39	7.39	6.99	7.05	1741477	26283704.000
05/02/2013	6.96	7.15	6.96	7.12	486611	7329935.000
05/03/2013	7.12	7.48	7.12	7.39	830444	12952752.000
05/06/2013	7.68	7.99	7.68	7.88	3386003	56128212.000
05/07/2013	7.85	7.95	7.76	7.93	1503409	24984846.000
05/08/2013	7.90	8.23	7.90	8.16	2818714	48128980.000
05/09/2013	8.28	8.28	8.00	8.08	2282641	39076964.000
05/10/2013	8.06	8.21	7.80	7.86	4086087	33388390.000
05/13/2013	7.87	8.57	7.87	8.46	8355676	71077224.000
05/14/2013	8.44	8.45	8.05	8.10	4534696	37950384.000
05/15/2013	8.10	8.20	7.98	8.18	2709858	22555858.000
05/16/2013	8.14	8.49	8.08	8.16	4995549	42429628.000
05/17/2013	8.19	8.26	7.98	8.21	3849960	32043178.000
05/20/2013	8.22	8.56	8.21	8.51	6035466	51972440.000
05/21/2013	8.44	9.01	8.42	8.93	8048053	72233920.000
05/22/2013	8.90	8.90	8.50	8.53	6807943	60698848.000
05/23/2013	8.45	8.76	8.31	8.37	5256803	45965664.000
05/24/2013	8.41	8.71	8.41	8.69	3973562	34877188.000
05/27/2013	8.61	8.79	8.52	8.60	4321839	38185068.000
05/28/2013	8.55	8.55	8.11	8.29	5611916	47678944.000
05/29/2013	8.23	8.34	8.12	8.30	4011175	33748948.000
05/30/2013	8.22	8.55	8.16	8.47	3686124	31658586.000
05/31/2013	8.44	8.67	8.33	8.54	4629642	40427904.000
06/03/2013	8.50	8.59	8.21	8.29	3160772	27297772.000
06/04/2013	8.27	8.29	8.00	8.03	2180580	18112824.000
06/05/2013	8.16	8.29	8.00	8.13	1631105	13650585.000
06/06/2013	8.11	8.14	7.92	7.93	2058361	16917544.000
06/07/2013	7.98	8.14	7.78	7.88	1849892	14996227.000
06/13/2013	7.80	7.80	7.28	7.43	2739254	20938978.000
06/14/2013	7.50	7.77	7.46	7.58	7070743	55095352.000
06/17/2013	7.60	7.75	7.49	7.60	3595689	28121998.000
06/18/2013	7.63	7.73	7.45	7.53	2240106	17326136.000
06/19/2013	7.68	7.78	7.52	7.59	5107573	40016136.000
06/20/2013	7.85	8.37	7.84	7.88	16195017	135787904.000
06/21/2013	7.23	7.64	7.07	7.47	7348070	55131080.000
06/24/2013	7.33	7.33	6.70	6.71	6143331	43861504.000
06/25/2013	6.57	6.75	6.13	6.64	4258216	28646134.000
06/26/2013	6.65	6.97	6.53	6.86	3706214	26079042.000
06/27/2013	6.90	6.99	6.65	6.70	3124684	21874730.000
06/28/2013	6.58	6.87	6.50	6.68	1810460	12513161.000
07/01/2013	6.65	6.88	6.58	6.88	2008885	14080368.000
07/02/2013	6.90	7.18	6.85	7.09	2885972	20892078.000
07/03/2013	7.04	7.24	6.85	7.14	3143200	22816022.000
07/04/2013	7.26	7.26	6.98	7.01	2058105	14965761.000
07/05/2013	7.04	7.05	6.87	6.88	1967965	14094226.000
07/08/2013	6.77	6.80	6.55	6.65	1974014	13557241.000
07/09/2013	6.62	6.96	6.58	6.96	3804017	26764598.000
07/10/2013	6.89	7.22	6.81	7.14	5508441	40042504.000
07/11/2013	7.38	7.49	7.06	7.21	4595817	34022064.000
07/12/2013	7.21	7.40	7.14	7.15	2888342	21587202.000
07/15/2013	7.15	7.40	6.99	7.38	8569751	63945220.000
07/16/2013	7.32	7.91	7.20	7.62	11093929	86195224.000
07/17/2013	7.50	7.79	7.45	7.55	8085840	63236692.000
07/18/2013	7.50	7.90	7.50	7.77	6510223	51462220.000
07/19/2013	7.81	8.12	7.64	7.64	7421124	60037508.000
07/22/2013	7.55	8.12	7.40	8.08	5914306	47825772.000
07/23/2013	8.08	8.91	8.02	8.76	24017663	214433872.000
07/24/2013	8.70	8.87	8.45	8.69	12803826	113127648.000
07/25/2013	8.90	9.38	8.61	8.62	14923675	137597616.000
07/26/2013	8.41	8.77	8.21	8.73	7779199	67948656.000
07/29/2013	8.61	8.73	8.42	8.42	4953787	43500260.000
07/30/2013	8.42	8.54	7.93	8.09	4984602	41703740.000
07/31/2013	8.09	8.40	8.05	8.09	3344091	28200526.000
08/01/2013	8.15	8.57	8.15	8.54	6767588	58598084.000
08/02/2013	8.74	9.03	8.52	8.55	10580383	94850144.000
08/05/2013	8.51	9.16	8.40	9.00	9263140	84456512.000
08/06/2013	9.00	9.66	8.95	9.25	14070871	134787392.000
08/07/2013	9.21	9.44	8.85	8.98	7749042	71904584.000
08/08/2013	8.99	9.48	8.95	9.23	7624720	71903040.000
08/09/2013	9.25	9.34	8.81	8.93	5647998	52021868.000
08/12/2013	8.86	9.07	8.42	8.74	6813023	60906128.000
08/13/2013	8.71	8.93	8.62	8.84	5012242	45128288.000
08/14/2013	8.86	9.00	8.60	8.89	5689403	51449976.000
08/15/2013	8.82	9.27	8.78	9.13	7641419	71033200.000
08/16/2013	9.00	9.45	8.78	8.85	7141311	66626888.000
08/19/2013	8.71	9.76	8.71	9.76	14868837	144763680.000
08/20/2013	9.96	10.76	9.86	10.76	14253979	151447856.000
08/21/2013	11.00	11.43	10.50	10.93	33318865	371426176.000
08/22/2013	10.80	10.89	10.39	10.69	14139049	153541040.000
08/23/2013	10.59	10.79	10.05	10.35	14212431	150904496.000
08/26/2013	10.21	11.41	10.21	10.99	16064313	179260576.000
08/27/2013	10.79	11.15	10.44	10.95	10104132	110397880.000
08/28/2013	10.80	10.87	10.30	10.40	7772328	84051240.000
08/29/2013	10.31	10.69	10.22	10.41	4852494	51641040.000
08/30/2013	10.48	10.54	9.58	9.74	7953499	80775304.000
09/02/2013	9.70	10.27	9.61	10.12	5715949	58592304.000
09/03/2013	10.19	10.40	10.00	10.36	3814570	39611980.000
09/04/2013	10.26	10.47	10.19	10.22	3513438	36932252.000
09/05/2013	10.22	10.45	10.00	10.38	4335440	45487024.000
09/06/2013	10.28	11.00	10.10	10.89	8011640	86991744.000
09/09/2013	10.79	11.21	10.54	10.76	5475498	60398092.000
09/10/2013	10.69	11.24	10.55	11.12	7780379	87051864.000
09/11/2013	11.00	11.18	10.55	10.64	6019395	65665512.000
09/12/2013	10.62	10.80	10.15	10.24	5298378	56515124.000
09/13/2013	10.20	10.58	10.20	10.49	3093200	32768630.000
09/16/2013	10.41	10.80	10.35	10.48	2574865	27889686.000
09/17/2013	10.48	10.70	10.30	10.40	2807515	30030544.000
09/18/2013	10.41	10.48	9.66	10.02	6828904	69104600.000
09/23/2013	10.02	10.07	9.77	10.00	7387447	74874224.000
09/24/2013	10.02	10.26	9.88	10.17	5282942	54411496.000
09/25/2013	10.15	10.15	9.76	9.91	6018844	60678252.000
09/26/2013	9.94	9.96	9.60	9.60	4576913	45629804.000
09/27/2013	9.61	9.80	9.57	9.68	2452447	24231476.000
09/30/2013	9.78	9.79	9.48	9.76	4041767	39714360.000
10/08/2013	9.81	10.10	9.68	9.97	4539664	46028896.000
10/09/2013	9.97	10.18	9.83	10.15	5873647	59914896.000
10/10/2013	10.15	10.32	9.94	10.00	4334704	44754676.000
10/11/2013	9.98	10.18	9.80	9.90	4438989	44990684.000
10/14/2013	10.30	10.91	10.16	10.91	17639137	193817952.000
10/15/2013	10.70	10.80	10.23	10.42	13714467	146256240.000
10/16/2013	10.32	10.39	9.63	9.70	7370759	74424744.000
10/17/2013	9.86	9.87	9.50	9.52	4722150	46641200.000
10/18/2013	9.53	9.82	9.47	9.65	3524975	34788896.000
10/21/2013	9.81	9.95	9.72	9.92	4418492	44471576.000
10/22/2013	9.89	10.38	9.71	10.22	9596643	99364320.000
10/23/2013	10.10	10.58	9.47	9.54	9527461	96182728.000
10/24/2013	9.48	9.69	9.28	9.38	3640590	35142256.000
10/25/2013	9.35	9.44	9.03	9.34	3937282	37067976.000
10/28/2013	9.25	9.45	9.13	9.28	2893600	27589564.000
10/29/2013	9.28	9.42	8.33	8.50	4531508	40317660.000
10/30/2013	8.48	9.17	8.47	9.05	4267110	38360848.000
10/31/2013	8.94	9.00	8.55	8.74	3514853	31533646.000
11/01/2013	8.58	8.74	8.51	8.68	1729210	15254466.000
11/04/2013	8.68	9.10	8.62	8.80	2008676	18201970.000
11/05/2013	8.81	8.91	8.63	8.89	2321352	20792730.000
11/06/2013	8.86	8.98	8.60	8.60	2983225	26823920.000
11/07/2013	8.65	8.76	8.46	8.47	2705519	23712640.000
11/08/2013	8.47	8.52	8.14	8.30	2211724	18785336.000
11/11/2013	8.30	8.64	8.28	8.45	2145903	18619582.000
11/12/2013	8.48	8.64	8.45	8.60	2138940	18714876.000
11/13/2013	8.61	8.61	8.38	8.41	1929573	16742274.000
11/14/2013	8.36	8.66	8.27	8.66	3782835	32910736.000
11/15/2013	8.68	9.19	8.67	8.94	4546812	41747196.000
11/18/2013	8.94	9.19	8.92	9.10	4517855	41801964.000
11/19/2013	9.00	9.19	8.96	9.07	4316433	39984104.000
11/20/2013	9.15	9.32	9.11	9.25	3599474	33913520.000
11/21/2013	9.24	9.26	8.97	9.13	3276976	30374368.000
11/22/2013	9.13	9.19	9.01	9.05	2001902	18562796.000
11/25/2013	9.01	9.25	8.92	9.16	3604248	33492670.000
11/26/2013	9.22	9.48	9.11	9.30	4896863	46677348.000
11/27/2013	9.30	9.57	9.30	9.38	4103527	39526812.000
11/28/2013	9.44	9.61	9.36	9.45	3647629	35307552.000
11/29/2013	9.50	9.85	9.43	9.84	6637369	65118964.000
12/02/2013	9.40	9.40	8.84	8.84	7547874	69907360.000
12/03/2013	8.58	8.88	8.21	8.69	5577995	48829948.000
12/04/2013	8.90	9.15	8.80	9.01	6555690	60403880.000
12/05/2013	8.95	9.07	8.89	9.00	2336018	21451646.000
12/06/2013	9.07	9.07	8.82	8.89	1688724	15374293.000
12/09/2013	8.90	9.15	8.86	9.02	2639442	24363374.000
12/10/2013	8.97	8.99	8.84	8.89	1947345	17729554.000
12/11/2013	8.85	8.89	8.55	8.70	1920014	17166862.000
12/12/2013	8.70	8.95	8.64	8.81	2027684	18323710.000
12/13/2013	8.79	9.01	8.70	9.00	2516257	22806726.000
12/16/2013	9.02	9.02	8.80	8.83	1749820	15904037.000
12/17/2013	8.82	8.87	8.74	8.79	1246503	11215757.000
12/18/2013	8.78	8.88	8.66	8.70	1559823	13997218.000
12/19/2013	8.71	8.80	8.40	8.49	1847230	16264723.000
12/20/2013	8.43	8.55	8.31	8.48	1629913	14025454.000
12/23/2013	8.46	8.53	8.32	8.43	1283008	11093278.000
12/24/2013	8.45	8.59	8.45	8.55	2398615	20922224.000
12/25/2013	8.55	8.89	8.50	8.89	2651066	23723698.000
12/26/2013	8.89	9.14	8.79	8.82	4254371	38959804.000
12/27/2013	8.82	9.20	8.80	9.10	4040391	37388608.000
12/30/2013	9.45	9.45	9.05	9.08	3516068	32959930.000
12/31/2013	9.05	9.17	8.92	9.08	2691696	24817108.000
01/02/2014	9.08	9.46	9.08	9.43	3959350	37730880.000
01/03/2014	9.44	9.60	9.26	9.47	3646076	35117940.000
01/06/2014	9.43	9.43	9.10	9.20	2841941	26763922.000
01/07/2014	9.16	9.53	9.03	9.51	3397835	32557440.000
01/08/2014	9.53	9.95	9.52	9.65	6229740	61919540.000
01/09/2014	9.60	9.68	9.24	9.26	2640602	25567258.000
01/10/2014	9.21	9.25	8.83	8.90	3368164	31073870.000
01/13/2014	8.90	9.01	8.60	8.70	3130014	28243954.000
01/14/2014	8.76	9.07	8.71	9.06	2946388	26865626.000
01/15/2014	9.15	9.75	9.15	9.69	7820384	75883312.000
01/16/2014	9.64	10.13	9.56	9.85	8804622	88953904.000
01/17/2014	9.82	10.36	9.70	10.36	9238143	95478360.000
01/20/2014	10.29	10.57	10.04	10.30	7511626	78922528.000
01/21/2014	10.24	11.02	10.24	10.73	9788428	106865208.000
01/22/2014	10.79	11.08	10.55	10.75	8535266	93985696.000
01/23/2014	10.77	11.00	10.58	10.81	6531432	72083496.000
01/24/2014	10.70	11.52	10.63	11.21	6752548	76978336.000
01/27/2014	11.17	11.57	11.08	11.38	5631212	64886252.000
01/28/2014	11.32	11.41	10.71	10.96	5478890	60933852.000
01/29/2014	10.96	11.72	10.84	11.69	5819940	67660696.000
01/30/2014	11.69	11.73	11.18	11.40	3006610	34990336.000
02/07/2014	11.20	11.59	11.13	11.47	3560303	41373088.000
02/10/2014	11.53	12.64	11.52	12.49	9289135	116378800.000
02/11/2014	12.20	13.08	12.15	12.53	7403412	94586136.000
02/12/2014	12.31	12.79	12.31	12.55	3704260	47034896.000
02/13/2014	12.55	13.14	12.11	12.19	6444243	83446352.000
02/14/2014	11.91	12.45	11.76	12.10	5117871	62757388.000
02/17/2014	12.16	12.68	12.10	12.51	4110636	51683976.000
02/18/2014	12.51	13.18	12.25	12.79	6268583	81315928.000
02/19/2014	12.79	13.23	12.70	13.03	5084246	66966040.000
02/20/2014	12.98	13.03	12.34	12.35	3977497	50627540.000
02/21/2014	12.28	12.55	12.00	12.09	4263984	53127216.000
02/24/2014	12.00	12.35	11.72	12.32	3214564	39364816.000
02/25/2014	12.31	12.92	11.07	11.33	7007895	85963640.000
02/26/2014	11.07	11.55	10.73	11.53	4097118	46562120.000
02/27/2014	11.37	11.97	11.01	11.09	4693953	55417740.000
02/28/2014	11.25	11.55	10.90	11.52	3360113	38339820.000
03/03/2014	12.10	12.40	11.70	12.06	5929485	72108544.000
03/04/2014	11.90	11.99	11.60	11.80	3606419	43269468.000
03/05/2014	11.80	12.29	11.80	12.00	3008389	36682692.000
03/06/2014	11.91	12.54	11.75	12.41	5624164	69801664.000
03/07/2014	12.37	12.47	11.97	12.01	4175708	51649992.000
03/10/2014	12.01	12.01	10.98	11.09	3805338	44055796.000
03/11/2014	11.01	11.18	10.85	11.03	2322634	26081254.000
03/12/2014	11.03	11.16	10.63	11.02	2436029	27027944.000
03/13/2014	11.03	11.14	10.75	11.02	2906434	32496112.000
03/14/2014	10.80	11.29	10.68	11.21	2508016	28342344.000
03/17/2014	11.23	11.49	11.10	11.41	2353653	27081186.000
03/18/2014	11.47	11.52	11.28	11.33	2261502	26253404.000
03/19/2014	11.30	11.73	11.21	11.46	2472318	28883826.000
03/20/2014	11.51	11.55	10.57	10.65	4052609	45480380.000
03/21/2014	10.61	10.94	10.30	10.93	3853576	41601596.000
03/24/2014	10.84	10.98	10.66	10.75	2113954	23316968.000
03/25/2014	10.73	10.89	10.58	10.80	1359971	14921509.000
03/26/2014	10.82	11.03	10.80	10.86	2211605	24606558.000
03/27/2014	10.80	10.81	10.36	10.41	3143462	33793920.000
03/28/2014	10.33	10.49	10.02	10.15	2085341	21784440.000
03/31/2014	10.10	10.38	9.76	9.81	3402612	34355308.000
04/01/2014	9.88	10.23	9.83	10.19	2679517	27453220.000
04/02/2014	10.17	10.27	9.90	10.01	2898788	29633622.000
04/03/2014	10.27	10.68	10.27	10.43	4763628	50793448.000
04/04/2014	10.26	11.49	10.25	11.49	9946773	112894136.000
04/08/2014	11.75	11.95	11.26	11.35	8281960	97478208.000
04/09/2014	11.53	12.27	11.41	11.85	6920931	82831208.000
04/10/2014	11.70	12.01	11.56	11.75	7585860	90793520.000
04/11/2014	11.65	11.66	11.20	11.42	4819833	55836264.000
04/14/2014	11.50	12.08	11.33	12.03	5391957	64094916.000
04/15/2014	11.90	12.20	11.49	11.73	4907366	59074820.000
04/16/2014	11.53	11.72	11.12	11.35	6840391	78844656.000
04/17/2014	11.40	11.46	11.11	11.26	3327095	38464564.000
04/18/2014	11.17	11.63	11.17	11.53	3978127	46463484.000
04/21/2014	11.38	12.10	11.30	11.80	6307326	75833704.000
04/22/2014	11.72	11.92	11.13	11.47	3570238	41754772.000
04/23/2014	11.40	11.88	11.26	11.46	4123993	48617696.000
04/24/2014	11.35	11.73	11.16	11.69	3714174	43571492.000
04/25/2014	11.66	11.94	11.44	11.48	4002268	47726044.000
04/28/2014	11.39	12.25	11.35	11.70	10393904	125173576.000
04/29/2014	11.45	12.89	11.39	12.89	13574150	169782224.000
04/30/2014	12.90	13.11	12.60	12.78	11156487	145093008.000
05/05/2014	13.15	13.90	12.81	13.25	17533690	237151664.000
05/06/2014	13.12	14.44	13.12	14.09	15990603	226034320.000
05/07/2014	13.76	14.45	13.36	13.43	14945081	209923600.000
05/08/2014	13.38	13.57	12.93	13.05	11189495	150265216.000
05/09/2014	13.13	13.17	12.46	12.52	9426182	122005152.000
05/12/2014	12.69	13.03	12.50	12.96	8256076	107486664.000
05/13/2014	12.87	12.99	12.13	12.42	8268200	105165400.000
05/14/2014	12.40	12.80	12.30	12.68	5218941	66596612.000
05/15/2014	12.60	12.94	12.41	12.41	5123869	65982424.000
05/16/2014	12.38	12.88	12.17	12.85	4727535	60475980.000
05/19/2014	12.97	13.43	12.75	13.22	7095512	93527888.000
05/20/2014	13.50	13.80	13.07	13.28	9009336	120426424.000
05/21/2014	13.18	13.50	12.82	13.43	5045581	66913784.000
05/22/2014	13.38	14.00	13.30	13.74	7910815	108655032.000
05/23/2014	13.75	14.20	13.54	14.05	6648288	92346928.000
05/26/2014	14.02	14.46	13.98	14.15	10146143	143967408.000
05/27/2014	14.15	14.89	13.91	14.69	10378447	149985568.000
05/28/2014	14.69	15.88	14.51	15.63	12022058	184141824.000
05/29/2014	15.62	15.62	14.63	15.03	10483560	158525024.000
05/30/2014	14.88	15.03	14.42	14.68	5969797	87707896.000
06/03/2014	14.70	15.78	14.68	15.30	8019236	123105464.000
06/04/2014	15.19	15.61	14.85	15.13	4642204	70673176.000
06/05/2014	15.15	15.78	15.09	15.38	4789584	73907048.000
06/06/2014	15.49	15.54	15.18	15.38	3440213	52868912.000
06/09/2014	15.39	15.39	14.28	14.29	5846996	85344184.000
06/10/2014	14.56	14.88	13.71	14.72	4763167	69660504.000
06/11/2014	14.80	14.85	14.36	14.54	2807220	40854744.000
06/12/2014	14.52	15.70	14.46	15.45	6857601	104823296.000
06/13/2014	15.37	16.88	15.20	16.12	9859363	160031312.000
06/16/2014	16.25	16.74	15.71	16.60	7414767	121266160.000
06/17/2014	16.75	16.78	16.15	16.52	5466536	90106392.000
06/18/2014	16.39	16.64	15.95	16.20	3832708	62251416.000
06/19/2014	16.13	16.68	15.25	15.68	5694602	91514448.000
06/20/2014	15.96	16.08	15.38	15.89	2606252	40957320.000
06/23/2014	15.98	16.48	15.79	16.30	4933746	80311512.000
06/24/2014	16.15	16.41	15.39	15.71	7353300	115696224.000
06/25/2014	15.72	15.72	14.95	15.15	4942798	75169128.000
06/26/2014	15.08	15.89	15.08	15.82	4105481	64202356.000
06/27/2014	15.75	16.06	15.60	15.83	3560743	56463352.000
06/30/2014	15.89	16.05	15.33	15.84	3955025	62054836.000
07/01/2014	15.83	16.46	15.71	16.35	4751561	77128672.000
07/02/2014	16.20	16.54	15.69	15.89	4691288	75190664.000
07/03/2014	15.85	15.85	15.07	15.12	8211244	126519008.000
07/04/2014	15.08	15.51	15.02	15.28	4879908	74469752.000
07/07/2014	15.28	15.39	15.03	15.30	4131612	62700252.000
07/08/2014	15.27	15.43	15.06	15.27	3454712	52703072.000
07/09/2014	15.38	15.84	15.15	15.15	6020248	93534152.000
07/10/2014	15.25	15.40	14.90	15.00	3423577	51845044.000
07/11/2014	14.96	15.19	14.16	14.48	11487360	166887072.000
07/14/2014	14.60	14.75	14.11	14.30	8089217	116019200.000
07/15/2014	14.20	14.97	13.76	14.90	15249886	217401152.000
07/16/2014	14.90	14.90	14.38	14.68	5280411	77455392.000
07/17/2014	14.65	15.26	14.41	15.25	7642112	114203184.000
07/18/2014	15.24	15.78	15.05	15.33	8271731	128485256.000
07/21/2014	15.38	15.77	15.21	15.24	2627748	40457352.000
07/22/2014	15.14	15.52	14.91	15.14	4653755	70449480.000
07/23/2014	15.00	15.14	14.47	14.65	5876667	86271352.000
07/24/2014	14.62	14.62	13.80	14.29	4226040	59910688.000
07/25/2014	14.32	14.49	14.00	14.13	2458048	35049668.000
07/28/2014	14.19	14.98	14.11	14.84	5158841	75251296.000
07/29/2014	14.78	15.30	14.57	15.26	6577851	98648712.000
07/30/2014	15.41	15.58	15.12	15.35	4658110	71843120.000
07/31/2014	15.34	15.62	15.27	15.46	2512665	38868628.000
08/01/2014	15.46	15.55	14.99	14.99	3287840	49916380.000
08/04/2014	14.96	15.54	14.96	15.27	3754513	57537972.000
08/05/2014	15.27	15.90	15.12	15.84	4739620	73789176.000
08/06/2014	15.84	15.84	15.33	15.43	3306851	51401544.000
08/07/2014	15.55	15.70	15.18	15.18	2221591	34252272.000
08/08/2014	15.18	15.41	15.07	15.21	1802248	27447022.000
08/11/2014	15.27	15.71	15.23	15.55	2561262	39730016.000
08/12/2014	15.50	15.65	15.23	15.44	2783801	42844572.000
08/13/2014	15.53	15.97	15.40	15.55	5594791	87582144.000
08/14/2014	15.56	16.35	15.48	16.14	7293187	116468840.000
08/15/2014	16.20	16.46	16.09	16.20	4026300	65437400.000
08/18/2014	16.35	16.40	16.05	16.30	3107292	50313276.000
08/19/2014	16.31	16.74	15.87	16.64	4845157	79436320.000
08/20/2014	16.40	16.62	16.26	16.34	2201898	36195820.000
08/21/2014	16.34	16.34	15.90	16.22	2018972	32533182.000
08/22/2014	16.28	16.39	15.93	16.10	1975917	31902176.000
08/25/2014	16.12	17.71	16.12	17.71	9572756	164420912.000
08/26/2014	17.88	17.88	17.04	17.16	6325476	110519896.000
08/27/2014	17.00	18.20	17.00	17.61	5812926	102984272.000
08/28/2014	17.69	17.94	17.22	17.64	3320487	58369488.000
08/29/2014	17.64	17.83	17.35	17.57	2076680	36447728.000
09/01/2014	17.69	18.40	17.48	18.21	3821239	69109968.000
09/02/2014	18.18	18.50	17.89	18.18	3376438	61397300.000
09/03/2014	18.18	18.30	17.50	17.88	3709027	66288784.000
09/04/2014	17.72	18.17	17.60	17.93	3381099	60505896.000
09/05/2014	17.84	17.95	17.23	17.51	3992199	69824800.000
09/09/2014	17.55	17.63	17.12	17.60	4302932	75021576.000
09/10/2014	17.56	18.48	17.45	17.97	5779923	104377800.000
09/11/2014	17.92	18.13	17.36	17.43	4948137	87328904.000
09/12/2014	17.43	17.65	17.36	17.50	4111478	72043664.000
09/15/2014	17.53	17.53	17.11	17.23	4927601	84908224.000
09/16/2014	17.24	17.43	16.52	16.60	4946310	83745448.000
09/17/2014	16.60	16.75	15.85	16.21	8020835	129012680.000
09/18/2014	16.12	16.40	15.87	16.26	4554381	73999992.000
09/19/2014	16.26	16.68	16.10	16.59	5407242	88744376.000
09/22/2014	16.65	17.18	16.53	16.75	7281885	122677480.000
09/23/2014	16.62	17.15	16.62	16.90	4452403	75487888.000
09/24/2014	16.91	16.94	16.65	16.66	4238633	71070272.000
09/25/2014	16.70	16.77	16.20	16.37	4599710	75739064.000
09/26/2014	16.38	16.49	16.23	16.39	2943866	48188624.000
09/29/2014	16.44	17.15	16.35	17.09	5801651	97858952.000
09/30/2014	17.13	17.44	17.06	17.26	5195134	89832120.000
10/08/2014	17.12	17.65	17.12	17.37	5411262	94525808.000
10/09/2014	17.85	19.11	17.85	19.11	17842130	337318656.000
10/10/2014	19.70	19.98	18.58	19.20	15786363	306270848.000
10/13/2014	18.77	19.00	18.20	18.61	6570800	122259704.000
10/14/2014	18.80	19.50	18.65	19.01	7952758	152277792.000
10/15/2014	18.70	19.18	17.91	18.74	6265032	116392040.000
10/16/2014	18.50	20.61	18.26	19.65	12871710	253313200.000
10/17/2014	19.65	20.45	18.78	19.74	7992633	155602448.000
10/20/2014	19.82	20.62	19.72	19.98	7221144	146268848.000
10/21/2014	19.90	20.18	19.29	19.29	3884027	76464208.000
10/22/2014	19.30	19.65	18.70	18.86	4765923	90862664.000
10/23/2014	18.80	19.50	18.49	19.00	3917114	74458280.000
10/24/2014	18.85	19.68	18.65	18.67	4160177	79973880.000
10/27/2014	18.55	19.47	18.00	19.24	4742999	89088104.000
10/28/2014	19.55	20.48	19.50	20.15	7960032	158638448.000
10/29/2014	20.15	21.35	20.00	20.85	10556515	219728944.000
10/30/2014	20.66	21.24	20.29	20.69	5330529	110477440.000
10/31/2014	20.61	20.70	19.80	19.98	4975961	99952688.000
数据来源:通达信
