300139 福星晓程 日线
      日期	    开盘	    最高	    最低	    收盘	    成交量	    成交额
11/12/2010	41.75	43.70	38.76	40.19	8135811	674869440.000
11/15/2010	42.30	44.28	41.58	44.28	5022240	437785632.000
11/16/2010	43.25	43.97	39.78	40.24	3566384	305361472.000
11/17/2010	40.69	42.75	39.55	40.51	2214858	185930880.000
11/18/2010	40.31	40.90	38.20	40.49	1940397	156095408.000
11/19/2010	40.50	41.50	39.59	41.25	1621666	134775936.000
11/22/2010	41.24	42.35	40.54	41.35	1678542	142090592.000
11/23/2010	41.38	42.60	40.90	42.05	1128063	96186128.000
11/24/2010	41.95	43.20	41.65	42.63	1028721	89196952.000
11/25/2010	42.68	43.10	41.00	41.28	1306074	111172792.000
11/26/2010	41.17	41.75	41.00	41.54	602795	50808464.000
11/29/2010	41.90	42.15	41.36	41.91	697309	59307756.000
11/30/2010	41.96	42.23	38.85	40.00	1203943	98504792.000
12/01/2010	39.62	40.43	39.35	39.76	852183	69087672.000
12/02/2010	40.27	40.40	39.75	39.76	530463	43300288.000
12/03/2010	40.00	40.03	39.10	39.20	403696	32406722.000
12/06/2010	39.22	39.49	37.15	37.49	680384	52691048.000
12/07/2010	37.14	38.10	36.90	37.85	514312	39482488.000
12/08/2010	37.84	37.85	36.57	36.82	1004383	76271472.000
12/09/2010	36.70	37.09	36.33	36.76	509266	38141684.000
12/10/2010	36.60	37.48	36.50	37.20	469456	35598432.000
12/13/2010	37.53	39.19	37.53	39.08	1011695	79729392.000
12/14/2010	39.14	40.45	39.14	40.11	1114044	90399688.000
12/15/2010	39.90	40.25	39.51	39.83	419958	33995208.000
12/16/2010	39.75	40.12	39.31	39.37	489670	39549708.000
12/17/2010	39.55	39.63	39.30	39.62	271645	21840258.000
12/20/2010	39.75	39.98	38.15	39.00	804843	63834152.000
12/21/2010	38.95	39.05	37.76	38.15	753886	58831108.000
12/22/2010	38.25	38.65	37.63	38.25	643515	49850808.000
12/23/2010	38.19	38.41	37.21	37.27	537140	41194960.000
12/24/2010	36.76	37.13	36.39	36.83	472424	35380456.000
12/27/2010	36.76	37.30	35.03	35.40	436370	32380752.000
12/28/2010	35.10	35.24	34.19	34.34	364207	25761536.000
12/29/2010	34.75	34.95	34.35	34.72	339406	24091818.000
12/30/2010	34.88	35.50	34.45	35.21	379522	27139006.000
12/31/2010	35.40	35.98	35.23	35.65	258610	18785640.000
01/04/2011	35.48	36.29	35.40	35.96	342196	25043214.000
01/05/2011	35.75	35.90	35.46	35.58	408718	29698298.000
01/06/2011	35.58	36.38	35.58	35.83	361005	26519962.000
01/07/2011	35.74	35.95	34.70	34.79	388002	27840046.000
01/10/2011	34.35	34.74	33.69	33.73	363023	25427938.000
01/11/2011	33.69	33.69	33.04	33.35	330236	22435678.000
01/12/2011	33.64	33.75	33.08	33.69	225339	15427951.000
01/13/2011	33.92	34.16	33.19	33.25	211490	14520655.000
01/14/2011	33.20	33.20	32.11	32.33	389858	25811746.000
01/17/2011	32.32	32.32	31.08	31.23	356081	23010552.000
01/18/2011	30.83	31.55	30.83	31.22	215328	13759026.000
01/19/2011	31.35	31.67	31.06	31.62	244403	15746137.000
01/20/2011	31.62	31.79	29.74	29.81	343114	21723244.000
01/21/2011	29.50	29.76	28.56	29.41	435061	26127338.000
01/24/2011	29.40	29.70	28.51	28.69	407119	24188336.000
01/25/2011	28.68	28.75	27.76	28.53	259684	15036002.000
01/26/2011	28.50	29.28	28.45	28.87	256607	15246501.000
01/27/2011	28.70	29.39	28.29	29.25	312639	18622884.000
01/28/2011	29.30	29.45	29.03	29.29	246192	14761014.000
01/31/2011	29.29	29.59	29.01	29.51	167171	10094506.000
02/01/2011	29.75	29.75	29.10	29.25	183013	10977935.000
02/09/2011	29.20	29.40	28.66	28.71	198284	11834493.000
02/10/2011	28.98	30.67	28.98	30.53	420437	25913538.000
02/11/2011	30.70	31.25	30.06	31.00	437994	27724222.000
02/14/2011	31.00	31.50	30.65	31.49	1227442	77983200.000
02/15/2011	31.33	31.60	30.93	31.03	779720	49871648.000
02/16/2011	31.03	31.70	30.75	31.48	813464	52168836.000
02/17/2011	31.55	32.19	31.31	31.84	636344	41334732.000
02/18/2011	31.84	32.12	31.42	31.49	418360	27144130.000
02/21/2011	31.25	32.49	31.20	32.41	446282	29116678.000
02/22/2011	32.25	32.58	30.93	30.98	606743	38981292.000
02/23/2011	31.08	31.74	31.08	31.28	418201	26864216.000
02/24/2011	31.24	31.44	30.47	31.27	425667	27047704.000
02/25/2011	31.39	32.00	31.09	31.79	714497	46315208.000
02/28/2011	31.79	32.19	31.31	31.80	419111	27311766.000
03/01/2011	31.81	32.33	31.59	31.80	453390	29641396.000
03/02/2011	31.78	31.78	30.99	31.54	470487	30175226.000
03/03/2011	31.54	32.00	31.08	31.10	482560	31098426.000
03/04/2011	31.00	31.68	30.88	31.68	298390	19025440.000
03/07/2011	31.65	31.85	31.35	31.67	354224	22898726.000
03/08/2011	31.70	31.79	31.55	31.71	455369	29544338.000
03/09/2011	31.88	32.50	31.76	32.38	640061	42035456.000
03/10/2011	32.60	33.08	32.16	32.88	823856	55177020.000
03/11/2011	32.83	32.84	32.11	32.43	596601	39516260.000
03/14/2011	32.01	32.97	32.01	32.83	526351	35105560.000
03/15/2011	32.64	32.83	31.61	32.31	558257	36610808.000
03/16/2011	32.24	32.45	31.90	32.21	329761	21693742.000
03/17/2011	31.83	31.84	30.31	31.00	724942	46410684.000
03/18/2011	31.03	31.48	30.85	31.23	506558	32226618.000
03/21/2011	31.16	31.57	30.94	31.26	239028	15308273.000
03/22/2011	31.48	32.20	31.01	32.10	498861	32337060.000
03/23/2011	32.10	32.75	31.65	32.58	434302	28755284.000
03/24/2011	32.59	33.25	32.41	33.15	666892	44938076.000
03/25/2011	33.15	33.15	32.35	32.41	386916	25860818.000
03/28/2011	32.65	32.91	31.73	32.45	572259	37570620.000
03/29/2011	32.15	32.15	30.25	30.60	472293	30151134.000
03/30/2011	30.25	30.75	29.75	29.94	208839	12915708.000
03/31/2011	30.00	30.39	29.81	29.98	126847	7808125.500
04/01/2011	29.83	30.49	29.83	30.45	158084	9804956.000
04/06/2011	30.49	30.70	30.13	30.40	171581	10646925.000
04/07/2011	30.25	30.51	30.10	30.41	103217	6420813.500
04/08/2011	30.26	31.07	30.26	30.93	261388	16443866.000
04/11/2011	30.93	31.75	30.70	31.10	329416	21036516.000
04/12/2011	30.82	31.23	30.65	30.75	134348	8501253.000
04/13/2011	30.70	32.16	30.69	32.10	431461	27919372.000
04/14/2011	32.05	32.23	31.64	32.15	216304	14168733.000
04/15/2011	32.00	32.20	31.31	31.76	174204	11287718.000
04/20/2011	28.56	29.25	28.51	28.51	531019	31194286.000
04/21/2011	28.05	28.05	26.98	27.20	1211163	68000880.000
04/22/2011	26.95	27.15	26.15	26.37	709148	38652940.000
04/25/2011	26.13	26.35	25.62	25.75	319196	17054436.000
04/26/2011	25.76	25.76	25.09	25.25	313428	16319783.000
04/27/2011	25.19	25.45	24.82	25.05	192262	9958756.000
04/28/2011	25.03	25.20	24.00	24.06	285298	14378651.000
04/29/2011	24.10	24.31	23.96	24.12	128087	6379636.000
05/03/2011	24.15	24.35	23.98	24.31	171584	8547113.000
05/04/2011	24.18	24.28	23.16	23.40	310011	15091630.000
05/05/2011	23.23	23.68	22.94	23.38	161804	7813943.000
05/06/2011	23.16	23.47	23.00	23.42	138457	6675267.500
05/09/2011	23.53	23.93	23.48	23.50	119889	5842841.500
05/11/2011	23.75	23.90	23.53	23.72	125230	6130624.000
05/12/2011	23.72	23.72	22.50	22.51	361914	17243792.000
05/13/2011	22.41	22.75	21.96	22.32	199909	9169571.000
05/16/2011	22.29	22.76	22.21	22.61	162614	7562822.000
05/17/2011	22.60	22.63	22.21	22.49	122840	5692931.000
05/18/2011	22.51	22.55	22.30	22.50	104842	4859345.500
05/19/2011	22.55	22.71	22.38	22.45	85130	3955397.250
05/20/2011	22.53	22.53	22.16	22.17	95512	4407287.500
05/23/2011	22.11	22.11	21.19	21.25	211301	9353764.000
05/24/2011	21.19	21.95	20.59	21.70	486760	21577778.000
05/25/2011	21.66	21.68	21.25	21.59	360756	16078601.000
05/26/2011	21.50	21.60	20.75	21.55	355770	15580765.000
05/27/2011	21.25	22.00	20.76	21.57	265905	11917479.000
05/30/2011	21.50	22.25	21.30	22.00	275812	12535731.000
05/31/2011	22.24	22.46	21.99	22.40	281485	12928048.000
06/01/2011	22.28	22.77	22.25	22.77	282516	13166562.000
06/02/2011	22.69	22.92	22.45	22.85	393364	18436654.000
06/03/2011	22.89	23.73	22.86	23.65	455990	22054308.000
06/07/2011	23.65	23.68	23.32	23.40	381692	18491342.000
06/08/2011	23.40	23.40	22.91	23.18	159368	7609494.000
06/09/2011	23.15	23.38	22.70	22.70	151513	7195517.000
06/10/2011	22.90	22.96	22.35	22.95	162207	7506441.000
06/13/2011	22.65	23.67	22.65	23.54	117804	5589027.000
06/14/2011	23.50	24.35	23.40	24.15	226018	11114141.000
06/15/2011	24.25	24.25	23.75	23.82	113260	5562610.000
06/16/2011	23.56	23.95	23.51	23.80	131402	6355713.500
06/17/2011	23.50	23.90	23.50	23.75	100130	4860653.500
06/20/2011	23.80	23.88	23.56	23.88	84523	4097094.750
06/21/2011	23.94	24.83	23.80	24.64	195178	9740834.000
06/22/2011	24.40	24.97	24.40	24.93	239442	12118731.000
06/23/2011	24.63	25.28	24.63	25.20	172584	8793520.000
06/24/2011	25.20	25.35	24.75	24.85	320311	16298909.000
06/27/2011	24.76	25.57	24.50	25.50	369524	18977098.000
06/28/2011	25.49	26.24	25.39	26.24	345391	18205668.000
06/29/2011	26.34	26.35	26.00	26.26	195029	10391501.000
06/30/2011	26.10	27.25	26.10	27.24	419062	22961936.000
07/01/2011	27.24	27.90	27.16	27.90	406785	22929736.000
07/04/2011	27.90	28.00	27.50	27.89	272427	15423527.000
07/05/2011	27.91	28.80	27.63	28.80	418548	24247286.000
07/06/2011	29.00	30.25	28.35	29.00	430400	25595700.000
07/07/2011	29.40	29.89	28.65	29.00	405997	24028534.000
07/08/2011	28.76	29.23	27.69	28.68	361871	20939128.000
07/11/2011	28.59	28.59	27.91	28.03	251954	14400487.000
07/12/2011	27.95	27.95	27.19	27.59	251689	14080108.000
07/13/2011	27.45	28.25	27.45	28.25	157083	8967982.000
07/14/2011	28.24	28.75	27.90	28.42	124922	7177756.500
07/15/2011	28.30	28.80	28.01	28.65	189130	10968356.000
07/18/2011	28.65	29.15	28.65	28.71	126987	7455442.000
07/19/2011	28.25	28.61	27.64	28.30	151085	8608538.000
07/20/2011	28.30	28.42	27.90	28.40	116049	6672552.000
07/21/2011	28.49	28.49	28.17	28.30	58800	3385653.500
07/22/2011	28.49	28.64	28.26	28.57	144812	8411007.000
07/25/2011	28.55	28.55	27.10	27.99	220320	12492323.000
07/26/2011	27.01	28.13	26.78	27.13	241229	13311475.000
07/27/2011	27.23	27.48	26.68	27.25	228259	12574996.000
07/28/2011	27.10	27.10	26.25	26.99	353903	19277952.000
07/29/2011	27.20	27.25	26.60	26.97	508421	27876704.000
08/01/2011	26.92	26.92	26.31	26.41	310509	16895500.000
08/02/2011	26.50	26.51	25.00	25.63	300100	15588723.000
08/03/2011	25.00	25.86	25.00	25.44	240900	12543925.000
08/04/2011	25.74	25.79	23.40	23.44	1208936	59585308.000
08/05/2011	22.55	22.87	22.25	22.84	487598	22593508.000
08/08/2011	22.29	22.70	21.06	21.58	428727	19217064.000
08/09/2011	21.40	22.28	20.88	22.18	370063	16456999.000
08/10/2011	22.50	22.74	22.23	22.50	344858	15877995.000
08/11/2011	22.00	22.95	21.75	22.85	267347	12298192.000
08/12/2011	22.97	23.25	22.90	23.17	327130	15433803.000
08/15/2011	23.26	23.80	23.23	23.79	491364	23605646.000
08/16/2011	23.80	23.90	23.35	23.48	305821	14789273.000
08/17/2011	23.49	23.57	22.86	22.95	581887	27429072.000
08/18/2011	22.88	23.00	22.34	22.35	308799	14290485.000
08/19/2011	21.78	22.22	21.60	22.16	410136	18261138.000
08/22/2011	22.10	22.79	22.10	22.38	314414	14443582.000
08/23/2011	22.48	23.37	22.39	23.36	441788	20771300.000
08/24/2011	23.44	24.20	23.44	23.76	644182	31320402.000
08/25/2011	23.80	23.89	23.17	23.68	453546	21719164.000
08/26/2011	23.53	24.21	23.53	24.01	341015	16697830.000
08/29/2011	24.05	24.20	23.71	24.02	306670	15016741.000
08/30/2011	24.18	24.40	23.31	23.46	376305	18472608.000
08/31/2011	23.90	23.90	22.91	23.11	222424	10534979.000
09/01/2011	23.44	23.49	23.05	23.14	140131	6647458.500
09/02/2011	23.08	23.20	21.99	22.40	607784	27649836.000
09/05/2011	21.90	22.40	21.51	22.09	441897	19923286.000
09/06/2011	22.00	22.20	21.68	21.92	229059	10277038.000
09/07/2011	22.01	22.59	22.01	22.54	239908	10959069.000
09/08/2011	22.65	24.44	22.65	23.73	1210123	58766508.000
09/09/2011	23.60	24.15	23.55	24.00	615783	30023510.000
09/13/2011	23.31	25.24	23.31	24.55	800876	40273268.000
09/14/2011	24.56	25.25	24.45	25.03	541604	27489988.000
09/15/2011	25.23	25.35	24.75	25.20	506318	25909574.000
09/20/2011	27.74	27.74	25.78	26.44	748479	40471100.000
09/21/2011	26.75	27.24	26.62	27.24	741785	40650096.000
09/22/2011	27.35	27.90	26.80	27.57	656567	36776124.000
09/23/2011	26.75	26.99	26.16	26.50	409787	22122936.000
09/26/2011	26.73	27.28	25.55	26.78	695386	37789084.000
09/27/2011	26.59	27.10	26.51	26.65	179411	9765776.000
09/28/2011	26.70	27.10	25.50	25.55	419531	22575042.000
09/29/2011	25.18	25.35	24.59	25.00	247580	12629529.000
09/30/2011	25.30	26.24	24.93	26.16	285168	14914567.000
10/10/2011	26.24	28.83	26.24	28.83	537568	31011126.000
10/11/2011	30.75	31.39	29.50	30.03	1296795	80025560.000
10/12/2011	30.00	31.10	29.63	31.00	997659	61991592.000
10/13/2011	30.93	33.87	30.70	32.01	2030437	134632000.000
10/14/2011	31.95	32.80	31.18	32.25	985834	64047832.000
10/18/2011	32.34	33.45	31.00	32.53	1221939	80047856.000
10/19/2011	32.15	32.45	31.14	31.18	691093	44489664.000
10/20/2011	31.40	31.70	29.95	30.50	851352	52855788.000
10/21/2011	30.13	30.25	28.90	28.95	775054	46344516.000
10/24/2011	28.98	29.99	28.50	29.77	818817	48846968.000
10/25/2011	30.00	30.63	29.31	29.93	872610	53150380.000
10/26/2011	29.70	30.24	29.46	29.93	628568	38024204.000
10/27/2011	29.93	30.70	28.51	28.59	828077	49805888.000
10/28/2011	28.88	29.72	28.75	29.72	764564	45425596.000
10/31/2011	30.25	31.25	29.72	31.00	942652	58467204.000
11/01/2011	30.65	30.86	29.81	29.84	926123	56850604.000
11/02/2011	29.25	29.85	28.56	29.84	785861	46869300.000
11/03/2011	29.89	31.18	29.81	30.75	1140708	71197360.000
11/04/2011	30.75	31.00	30.40	30.74	547307	34121024.000
11/07/2011	30.74	31.33	30.31	30.74	543243	34146080.000
11/08/2011	30.79	30.79	30.08	30.38	351730	21765112.000
11/09/2011	30.29	30.64	29.46	30.45	425986	25957786.000
11/10/2011	30.00	30.24	29.53	29.81	417869	25429480.000
11/11/2011	29.63	30.28	29.61	30.28	359700	21952176.000
11/14/2011	30.91	31.90	30.50	31.55	753017	48111220.000
11/15/2011	31.75	33.15	31.27	32.69	1292124	84379080.000
11/16/2011	32.56	32.56	31.76	32.00	682415	44529028.000
11/17/2011	32.05	35.24	31.96	34.05	1588808	109034344.000
11/18/2011	33.54	35.00	32.40	32.71	2176024	149036368.000
11/21/2011	32.56	33.09	31.48	31.90	1428916	92854312.000
11/22/2011	31.51	32.45	31.33	32.45	772123	49943184.000
11/23/2011	32.28	33.44	32.05	32.74	824051	54825548.000
11/24/2011	32.37	33.88	32.18	33.32	742340	50115756.000
11/25/2011	33.19	33.88	32.70	33.50	1251008	84695176.000
11/28/2011	33.93	33.93	32.25	33.07	930773	62325996.000
11/29/2011	33.25	33.37	31.96	32.36	852561	56133992.000
11/30/2011	32.32	32.60	30.31	30.70	879270	56072752.000
12/01/2011	31.75	32.94	30.95	31.18	1057769	68382864.000
12/02/2011	30.95	31.20	30.14	30.26	426415	26514246.000
12/05/2011	29.79	30.57	29.50	29.74	347222	21176980.000
12/06/2011	30.35	31.65	29.78	31.38	919928	58077168.000
12/07/2011	31.31	31.75	30.80	31.44	452229	28728516.000
12/08/2011	31.25	32.25	30.48	31.64	681865	43536132.000
12/09/2011	31.25	31.63	30.91	31.33	322416	20408692.000
12/12/2011	31.90	32.17	31.29	31.33	434910	28098284.000
12/13/2011	30.99	31.60	30.51	31.25	408754	25816824.000
12/14/2011	31.25	31.44	30.60	30.85	516066	32433400.000
12/15/2011	30.72	30.94	30.09	30.44	453569	28177502.000
12/16/2011	30.00	31.23	30.00	31.22	380394	23580152.000
12/19/2011	31.05	32.65	30.50	32.59	502262	32352062.000
12/20/2011	32.35	32.75	32.21	32.29	384743	25420180.000
12/21/2011	32.75	32.76	31.79	32.00	367127	24182616.000
12/22/2011	31.50	31.84	30.27	30.80	550815	34682824.000
12/23/2011	30.85	31.23	29.78	30.27	674939	41871000.000
12/26/2011	29.75	30.56	29.69	29.80	397890	24331486.000
12/27/2011	29.74	29.90	28.58	28.58	493138	29377706.000
12/28/2011	28.09	28.60	27.70	28.45	635301	36314724.000
12/29/2011	29.19	29.80	28.12	29.48	531540	31411348.000
12/30/2011	29.47	30.00	29.25	29.74	447204	26922768.000
01/04/2012	29.85	29.85	28.14	28.20	512520	30152840.000
01/05/2012	28.18	28.45	26.83	26.85	628429	35259268.000
01/06/2012	26.70	27.40	25.90	26.93	379483	20520078.000
01/09/2012	27.07	27.93	26.35	27.90	315883	17631938.000
01/10/2012	27.98	28.55	27.53	28.43	344804	19820678.000
01/11/2012	28.25	29.23	28.25	28.60	319567	18747924.000
01/12/2012	28.49	28.68	27.70	28.34	384057	22047676.000
01/13/2012	28.37	29.79	27.44	27.75	631783	37087844.000
01/16/2012	27.00	27.00	25.50	25.50	384092	20607970.000
01/17/2012	25.94	26.91	25.35	26.85	311396	16575196.000
01/18/2012	26.94	27.15	24.12	24.12	776131	39738520.000
01/19/2012	23.89	23.94	22.00	22.90	729760	34476248.000
01/20/2012	22.99	23.49	22.54	23.09	334418	15830548.000
01/30/2012	23.23	24.32	23.23	23.79	451486	22061446.000
01/31/2012	23.79	23.85	23.05	23.56	169618	8106338.000
02/01/2012	23.68	24.00	23.37	23.51	204762	9907095.000
02/02/2012	23.65	24.06	23.55	24.03	189250	9212829.000
02/03/2012	23.90	24.99	23.75	24.90	405661	20239808.000
02/06/2012	24.85	25.24	24.63	24.80	260162	13200421.000
02/07/2012	24.69	24.69	24.23	24.35	228973	11412847.000
02/08/2012	24.35	24.90	24.00	24.88	200026	10041226.000
02/09/2012	25.13	25.55	24.82	25.10	319731	16409503.000
02/10/2012	25.14	25.23	24.75	24.90	341831	17382630.000
02/13/2012	24.83	25.78	24.55	25.69	441893	22972534.000
02/14/2012	25.66	25.94	25.34	25.83	208343	10923820.000
02/15/2012	26.09	26.09	25.61	25.92	304662	16074224.000
02/16/2012	25.74	28.38	25.74	27.44	792137	43955296.000
02/17/2012	27.44	27.44	26.81	26.95	341634	18850488.000
02/20/2012	27.11	27.65	27.00	27.49	380573	21190896.000
02/21/2012	27.49	28.14	27.28	27.99	878511	49436532.000
02/22/2012	28.10	28.48	27.81	28.29	495852	28449758.000
02/23/2012	28.40	28.70	28.03	28.29	523778	30236048.000
02/24/2012	28.33	28.60	28.03	28.50	421885	24331404.000
02/27/2012	28.45	29.05	28.42	28.53	415033	24313530.000
02/28/2012	28.64	28.85	28.06	28.13	376049	21740324.000
02/29/2012	27.80	27.83	26.66	26.73	640833	35337428.000
03/01/2012	26.52	27.39	26.51	27.01	247539	13615843.000
03/02/2012	26.85	27.44	26.85	27.21	333746	18425816.000
03/05/2012	27.35	28.50	27.35	28.03	544796	31083704.000
03/06/2012	28.03	28.03	27.38	27.87	297359	16773263.000
03/07/2012	27.53	28.29	27.20	27.49	329825	18686456.000
03/08/2012	27.55	27.89	27.40	27.75	229130	12902828.000
03/09/2012	27.70	28.20	27.64	28.17	334915	19064516.000
03/12/2012	28.26	28.49	27.80	28.00	370839	21226426.000
03/13/2012	28.09	28.38	27.76	28.32	357031	20436452.000
03/14/2012	28.40	28.68	26.70	27.10	732865	41825460.000
03/15/2012	27.10	27.28	26.20	26.72	358997	19577438.000
03/16/2012	26.90	27.35	26.75	27.32	236668	13032521.000
03/19/2012	28.25	28.25	27.40	28.09	528732	30116614.000
03/20/2012	28.34	28.34	27.50	27.68	380418	21659140.000
03/21/2012	27.76	28.00	26.71	26.95	380773	21114738.000
03/22/2012	26.75	27.05	26.48	26.83	233841	12748260.000
03/23/2012	26.80	27.24	26.65	26.88	129640	7114106.000
03/26/2012	26.67	27.00	26.67	26.93	95125	5203862.000
03/27/2012	27.19	28.43	26.72	28.07	760053	42996760.000
03/28/2012	28.05	28.14	26.51	26.65	480563	26744876.000
03/29/2012	26.59	26.75	25.26	26.00	412654	21719080.000
03/30/2012	26.45	26.50	25.53	25.89	223062	11795079.000
04/05/2012	25.94	26.59	25.80	26.50	352872	18792840.000
04/06/2012	26.54	26.64	26.10	26.28	187793	10086095.000
04/09/2012	26.28	26.50	26.04	26.11	244160	13087874.000
04/10/2012	26.00	26.26	25.11	25.91	223376	11671308.000
04/11/2012	25.65	25.97	25.25	25.76	154600	8092333.500
04/12/2012	25.82	26.95	25.52	26.75	568104	30844946.000
04/13/2012	26.73	27.45	26.57	27.38	317762	17471272.000
04/16/2012	27.26	27.97	27.00	27.75	434774	24484494.000
04/17/2012	27.75	27.95	27.25	27.68	274430	15372817.000
04/18/2012	27.85	28.40	27.71	28.38	570529	32739412.000
04/19/2012	27.00	28.35	27.00	27.72	775130	43520624.000
04/20/2012	27.70	27.85	27.28	27.62	277893	15582923.000
04/23/2012	27.50	27.79	26.65	26.86	504743	27734106.000
04/24/2012	26.58	26.95	25.27	26.28	469858	24978952.000
04/25/2012	26.00	26.35	25.83	26.25	151026	8031454.500
04/26/2012	26.44	26.80	26.10	26.45	290040	15649156.000
04/27/2012	26.46	26.46	25.95	25.97	274197	14650230.000
05/02/2012	26.26	26.94	25.70	26.80	396840	21317906.000
05/03/2012	26.73	26.87	26.53	26.84	317708	17293360.000
05/04/2012	26.99	28.34	26.86	27.99	657959	37059272.000
05/07/2012	27.94	29.98	27.86	29.45	1072798	63322852.000
05/08/2012	29.45	29.94	29.00	29.23	562729	33648624.000
05/09/2012	29.15	29.56	28.94	29.23	628603	37376484.000
05/10/2012	29.39	30.45	29.38	29.73	686874	41841728.000
05/11/2012	29.75	29.79	28.50	28.61	631955	37272544.000
05/14/2012	28.61	29.59	28.61	29.17	537159	31946812.000
05/15/2012	28.75	29.90	28.75	29.89	421815	25368994.000
05/16/2012	29.75	30.17	29.25	29.28	304969	18465222.000
05/17/2012	29.28	30.63	29.25	30.35	560495	34535604.000
05/18/2012	30.08	30.45	29.44	29.50	538245	32575136.000
05/21/2012	29.44	29.99	29.40	29.46	228737	13804754.000
05/22/2012	29.70	29.96	29.40	29.63	277666	16746681.000
05/23/2012	29.35	29.65	28.65	29.05	386402	22879376.000
05/24/2012	28.84	29.33	28.75	29.13	218430	12905916.000
05/25/2012	28.95	29.45	28.55	28.94	177029	10466069.000
05/28/2012	28.90	29.49	28.50	29.48	152202	8980043.000
05/29/2012	29.46	30.21	29.40	30.09	332168	20167236.000
05/30/2012	30.34	30.34	30.00	30.34	217749	13364618.000
05/31/2012	30.25	30.88	30.11	30.87	389059	24161880.000
06/01/2012	31.25	32.39	31.00	31.72	691802	44863680.000
06/04/2012	31.53	32.25	31.00	31.28	647879	41557872.000
06/05/2012	31.28	31.60	29.95	30.10	580815	35970032.000
06/06/2012	30.11	30.39	29.18	29.43	537695	32355858.000
06/07/2012	29.95	29.95	28.66	28.88	522971	31005292.000
06/08/2012	28.94	29.45	28.10	28.94	653016	19080734.000
06/11/2012	28.59	29.99	28.59	29.85	604973	17967538.000
06/12/2012	29.63	29.81	28.63	29.10	617216	18193888.000
06/13/2012	29.45	29.90	28.95	29.40	591162	17556904.000
06/14/2012	29.40	29.67	28.35	28.35	717182	21012660.000
06/15/2012	28.41	28.70	27.95	28.48	709153	20285782.000
06/18/2012	28.72	28.89	28.25	28.70	443996	12807697.000
06/19/2012	28.55	31.25	28.33	30.44	1542743	46615712.000
06/20/2012	30.44	30.75	29.75	30.13	893481	27222824.000
06/21/2012	30.12	30.12	29.34	29.52	702961	20940014.000
06/25/2012	29.42	29.42	28.35	28.36	548303	15864545.000
06/26/2012	28.15	28.15	27.23	27.28	837417	23319750.000
06/27/2012	27.28	27.51	26.78	27.33	599204	16491357.000
06/28/2012	27.35	27.99	27.20	27.46	388065	10805028.000
06/29/2012	27.23	27.55	26.58	27.47	403508	11010760.000
07/02/2012	27.74	28.15	27.45	27.93	364397	10231079.000
07/03/2012	27.76	28.01	27.58	27.81	541136	15193962.000
07/04/2012	27.71	28.62	27.60	28.03	515647	14677068.000
07/05/2012	28.10	28.10	25.66	25.80	1239143	33144750.000
07/06/2012	25.88	26.63	25.17	26.39	1027508	26754616.000
07/09/2012	26.00	26.85	25.74	26.11	783202	20824734.000
07/10/2012	26.00	26.11	25.35	25.45	496370	12860267.000
07/11/2012	25.60	25.60	24.55	24.61	964110	24274692.000
07/12/2012	24.61	25.72	24.29	25.47	634596	15998884.000
07/13/2012	25.90	27.25	25.65	26.50	1384362	37171532.000
07/16/2012	26.15	26.45	24.80	25.08	714151	18409308.000
07/17/2012	24.95	25.15	24.66	25.05	405499	10199321.000
07/18/2012	25.35	25.35	24.45	25.15	581633	14603664.000
07/19/2012	25.25	26.45	25.01	26.21	1041408	27327504.000
07/20/2012	26.21	27.05	25.86	26.45	1048729	28216576.000
07/23/2012	26.37	27.13	26.02	26.85	636829	17157262.000
07/24/2012	26.75	27.10	26.35	26.88	639767	17341194.000
07/25/2012	26.88	26.99	24.75	26.10	690642	18338142.000
07/26/2012	26.15	26.54	25.94	26.05	440179	11652353.000
07/27/2012	26.43	26.43	25.13	25.40	611241	15718423.000
07/30/2012	25.43	26.52	25.40	25.44	613916	16036336.000
07/31/2012	25.44	25.51	24.73	24.75	423579	10663329.000
08/01/2012	25.13	25.66	24.64	25.15	349908	8890518.000
08/02/2012	25.00	25.36	24.65	24.82	360858	9079831.000
08/03/2012	25.04	25.64	24.71	25.64	562613	14307517.000
08/06/2012	25.46	26.75	25.34	26.73	1144055	30444490.000
08/07/2012	26.75	27.23	26.60	27.05	1016542	27602110.000
08/08/2012	26.95	26.96	25.95	26.11	1329246	35293124.000
08/09/2012	26.28	26.40	25.63	26.16	849660	22365462.000
08/10/2012	26.16	26.89	26.16	26.52	983377	26397512.000
08/13/2012	26.53	26.72	25.60	25.60	535699	14086362.000
08/14/2012	25.83	25.83	24.86	25.53	633269	16125082.000
08/15/2012	25.45	25.45	24.95	24.99	391686	9957076.000
08/16/2012	25.05	25.48	24.96	25.18	301878	7688989.000
08/17/2012	25.25	25.42	24.83	25.35	294481	7472975.500
08/20/2012	24.96	25.53	24.76	25.15	366167	9226145.000
08/21/2012	24.95	26.00	24.95	25.70	618622	15957493.000
08/22/2012	25.83	26.53	25.63	26.09	799815	21089978.000
08/23/2012	25.85	26.60	25.85	26.45	790067	20975000.000
08/24/2012	26.45	26.62	25.75	25.75	533602	14048982.000
08/27/2012	25.35	25.62	25.27	25.36	339677	8709445.000
08/28/2012	25.50	26.45	25.25	26.13	301569	7892955.500
08/29/2012	26.03	26.69	26.00	26.25	431771	11506051.000
08/30/2012	26.20	26.61	25.06	26.52	722688	18908376.000
08/31/2012	26.50	26.57	26.01	26.49	311631	8291154.000
09/03/2012	26.49	26.82	26.01	26.74	494779	13299400.000
09/04/2012	26.85	26.85	26.09	26.14	516260	13814216.000
09/05/2012	26.35	26.79	26.16	26.63	374029	10003491.000
09/06/2012	26.68	27.38	26.64	27.18	1007206	27477430.000
09/07/2012	27.35	28.06	27.08	27.63	1101822	30679170.000
09/10/2012	27.48	28.05	27.48	27.81	643816	18045648.000
09/11/2012	27.79	27.93	27.43	27.75	506644	14149784.000
09/12/2012	27.73	27.90	27.12	27.65	664022	18392140.000
09/13/2012	27.63	27.70	27.25	27.25	461436	12760642.000
09/14/2012	27.40	27.50	27.01	27.23	381221	10467148.000
09/17/2012	26.85	27.19	26.05	26.05	485376	12996392.000
09/18/2012	26.05	26.41	25.75	25.90	326005	8560932.000
09/19/2012	25.85	26.06	25.68	25.83	182940	4786872.500
09/20/2012	26.03	26.03	24.85	25.10	679418	17335484.000
09/21/2012	25.05	25.05	24.38	24.63	655020	16319286.000
09/24/2012	24.47	24.47	23.65	24.05	592460	14339912.000
09/25/2012	24.06	24.33	23.04	23.45	966841	22880002.000
09/26/2012	23.23	23.54	22.77	23.31	476667	11152323.000
09/27/2012	23.31	24.00	23.01	23.67	513437	12232989.000
09/28/2012	23.47	23.97	23.35	23.88	455686	10930129.000
10/08/2012	24.11	24.19	23.65	23.85	444612	10747420.000
10/09/2012	23.84	25.25	23.84	24.89	804804	19886560.000
10/10/2012	24.81	25.33	24.77	25.26	854840	21745052.000
10/11/2012	25.40	25.40	24.81	24.92	544249	13803889.000
10/12/2012	25.08	25.22	24.35	24.93	368285	9207203.000
10/15/2012	24.80	25.75	24.25	25.40	1155384	29360438.000
10/16/2012	25.45	25.53	25.04	25.30	290729	7416443.500
10/17/2012	25.28	25.44	24.65	24.83	478576	12020890.000
10/18/2012	24.93	25.22	24.63	24.87	391883	9898293.000
10/19/2012	24.93	25.13	23.81	24.14	906744	22389484.000
10/22/2012	24.05	24.23	23.54	24.23	341414	8228566.500
10/23/2012	24.23	24.42	23.88	24.19	397505	9728695.000
10/24/2012	23.89	24.00	23.62	23.73	296140	7108428.000
10/25/2012	23.65	23.94	23.20	23.65	357300	8476464.000
10/26/2012	23.63	23.63	22.80	23.43	452338	10582586.000
10/29/2012	23.30	23.30	23.04	23.20	151142	3532221.750
10/30/2012	23.25	23.45	23.06	23.13	163381	3845940.750
10/31/2012	23.11	23.42	22.97	23.40	142781	3351047.500
11/01/2012	23.48	23.74	23.41	23.65	331072	7911257.500
11/02/2012	23.50	23.66	23.36	23.54	216305	5132550.500
11/05/2012	23.45	23.61	23.10	23.31	321751	7571542.000
11/06/2012	23.10	23.27	22.83	23.11	155680	3618799.000
11/07/2012	23.23	23.23	22.61	23.16	231860	5406193.000
11/08/2012	22.95	23.23	22.87	23.10	301759	7035401.500
11/09/2012	22.75	23.10	22.54	23.10	233105	5422827.000
11/12/2012	23.10	23.24	22.66	22.71	208700	4817655.500
11/13/2012	22.52	22.65	20.73	21.23	985089	21265062.000
11/14/2012	21.15	21.24	20.84	21.21	216945	4611434.000
11/15/2012	20.85	21.05	20.68	20.85	208309	4398949.500
11/16/2012	20.63	21.38	20.26	21.24	294878	6241499.500
11/19/2012	21.15	21.37	21.05	21.25	183959	3953784.250
11/20/2012	21.26	21.37	21.11	21.29	98978	2127775.250
11/21/2012	21.29	21.37	20.75	21.35	265888	5687605.500
11/22/2012	21.25	21.60	21.06	21.45	169625	3655268.500
11/23/2012	21.43	21.64	21.26	21.26	93426	2026277.500
11/26/2012	21.35	21.50	20.87	21.00	156200	3340058.000
11/27/2012	20.76	20.76	20.11	20.23	238368	4901982.500
11/28/2012	20.06	20.11	19.26	19.83	376904	7495786.000
11/29/2012	19.75	19.94	19.47	19.53	145070	2898738.250
11/30/2012	19.71	19.91	19.35	19.67	83700	1662235.000
12/03/2012	19.45	19.71	18.76	18.77	190101	3686428.750
12/04/2012	18.78	19.25	18.45	19.17	261617	4982801.500
12/05/2012	19.52	19.93	19.05	19.84	332087	6631966.500
12/06/2012	19.90	19.90	19.35	19.52	219178	4329629.500
12/07/2012	19.50	19.86	19.35	19.86	308924	6165164.000
12/10/2012	19.94	20.12	19.62	20.08	375124	7546859.000
12/11/2012	19.76	20.10	19.65	19.78	228396	4588150.500
12/12/2012	19.90	19.90	17.78	19.08	770073	14722406.000
12/13/2012	18.91	19.00	18.52	18.63	338778	6434078.000
12/14/2012	18.70	19.62	18.60	19.47	750706	14717618.000
12/17/2012	20.40	21.44	20.40	21.44	1405951	30283122.000
12/18/2012	21.74	21.93	21.33	21.47	1464611	32019192.000
12/19/2012	21.25	21.45	20.86	21.33	690217	14772132.000
12/20/2012	21.07	21.40	20.95	21.28	734735	15738421.000
12/21/2012	21.25	21.43	20.75	21.28	640756	13685733.000
12/24/2012	21.16	22.30	21.07	22.00	1025962	22639680.000
12/25/2012	21.85	22.55	21.57	22.27	880741	19722742.000
12/26/2012	22.28	23.25	22.03	23.21	1202794	27590330.000
12/27/2012	23.24	25.56	23.02	24.72	3025782	75719336.000
12/28/2012	24.74	25.97	24.45	25.83	2655712	68402880.000
12/31/2012	25.73	25.95	24.92	25.40	1307308	33509972.000
01/04/2013	25.51	25.73	24.64	25.16	1271007	32176640.000
01/07/2013	25.15	27.68	24.81	27.50	2049164	54174268.000
01/08/2013	27.15	28.18	26.80	27.51	1571495	43582996.000
01/09/2013	27.15	27.60	26.83	27.02	864712	23706484.000
01/10/2013	26.92	27.90	26.50	26.85	1060737	29122442.000
01/11/2013	26.95	27.39	26.35	26.61	1249317	33661960.000
01/14/2013	26.59	27.30	26.33	27.12	1574285	42965416.000
01/15/2013	27.13	28.10	26.83	27.34	1722744	47373312.000
01/16/2013	27.28	27.28	25.88	26.23	1281662	34287780.000
01/17/2013	26.23	26.43	25.90	25.97	747656	19756214.000
01/18/2013	26.15	26.38	25.95	26.08	778547	20554288.000
01/21/2013	26.27	26.85	26.08	26.15	1195936	31905208.000
01/22/2013	26.15	26.22	25.41	25.63	1257168	32733086.000
01/23/2013	25.54	25.71	24.87	25.37	1028876	26226922.000
01/24/2013	25.33	25.70	24.75	24.85	926107	23537564.000
01/25/2013	24.95	25.19	24.77	24.85	413549	10407266.000
01/28/2013	25.03	25.57	24.93	25.50	796580	20274086.000
01/29/2013	25.35	25.35	24.76	24.95	1480106	37214056.000
01/30/2013	25.03	25.99	24.93	25.66	1382129	35661996.000
01/31/2013	25.66	26.10	25.47	25.68	980850	25529978.000
02/01/2013	25.75	25.75	25.20	25.34	774860	19867448.000
02/04/2013	25.41	25.41	23.07	23.25	2430457	58237268.000
02/05/2013	22.90	23.57	22.41	23.56	1305378	30284974.000
02/06/2013	23.47	23.94	23.29	23.85	846144	20256116.000
02/07/2013	23.80	23.81	23.41	23.67	711134	16986330.000
02/08/2013	23.67	24.11	23.45	23.98	748067	18096926.000
02/18/2013	24.12	24.81	23.90	24.74	1329841	32793108.000
02/19/2013	24.58	24.85	23.99	24.00	655350	16051113.000
02/20/2013	23.95	24.60	23.95	24.55	715174	17629350.000
02/21/2013	24.45	24.45	23.87	24.15	599605	14656389.000
02/22/2013	24.16	24.75	24.16	24.57	756280	18729596.000
02/25/2013	24.57	24.96	24.50	24.83	530494	13305626.000
02/26/2013	24.80	24.95	24.45	24.45	712247	17767432.000
02/27/2013	24.45	24.79	24.20	24.31	568875	14040706.000
02/28/2013	24.30	24.30	23.63	23.75	1522796	36693544.000
03/01/2013	23.80	24.55	23.75	24.55	1318823	32249300.000
03/04/2013	24.54	25.11	24.05	24.26	1551396	38683024.000
03/05/2013	24.13	24.91	24.13	24.84	681224	16961712.000
03/06/2013	24.80	26.35	24.80	25.90	1858641	48362484.000
03/07/2013	25.75	25.85	25.18	25.23	900594	23197218.000
03/08/2013	25.32	25.73	25.15	25.23	433227	11135551.000
03/11/2013	25.08	25.26	24.83	25.17	419139	10617532.000
03/12/2013	25.18	25.56	23.66	24.27	945937	23317992.000
03/13/2013	24.19	24.19	23.73	23.95	473169	11396195.000
03/14/2013	23.95	24.17	23.79	24.00	295691	7176639.000
03/15/2013	24.01	24.35	23.56	23.92	511127	12369625.000
03/18/2013	23.85	23.95	23.55	23.62	383001	9189255.000
03/19/2013	23.65	23.65	22.95	23.47	356056	8368025.000
03/20/2013	23.63	24.11	23.36	23.99	530323	12796215.000
03/21/2013	23.25	23.99	22.65	22.77	1777544	41266360.000
03/22/2013	22.60	22.94	22.05	22.14	2103470	47647716.000
03/25/2013	22.16	22.38	21.93	22.38	989725	22142052.000
03/26/2013	22.35	23.95	22.19	23.67	2533011	59146764.000
03/27/2013	23.67	23.84	23.36	23.73	976187	23281584.000
03/28/2013	23.63	23.63	22.67	22.75	1258355	29287044.000
03/29/2013	22.63	23.83	22.63	23.65	873405	20721770.000
04/01/2013	23.67	24.05	23.58	23.65	594607	14291295.000
04/02/2013	23.64	24.33	23.13	23.13	1078377	26001642.000
04/03/2013	23.08	23.33	22.25	22.63	787794	17993412.000
04/08/2013	22.15	22.35	21.34	22.35	392377	8694410.000
04/09/2013	22.35	22.60	22.08	22.33	301550	6795156.500
04/10/2013	22.20	22.35	21.86	22.12	251612	5624885.000
04/11/2013	22.12	22.33	21.96	21.96	240930	5398922.000
04/12/2013	22.05	22.05	21.63	21.67	265924	5871834.500
04/15/2013	21.63	21.63	20.91	21.02	298982	6399081.500
04/16/2013	20.95	21.23	20.42	21.08	347514	7290189.500
04/17/2013	20.90	21.33	20.84	21.25	229440	4895700.500
04/18/2013	21.20	21.39	20.85	21.23	444962	9543134.000
04/19/2013	21.25	22.15	21.21	21.81	847411	18630326.000
04/22/2013	21.64	22.25	21.61	22.25	849571	18958240.000
04/23/2013	22.10	22.25	21.55	21.73	594403	13127016.000
04/24/2013	21.58	21.98	21.41	21.83	429849	9435965.000
04/25/2013	21.77	21.87	21.29	21.60	586086	12810174.000
04/26/2013	21.59	21.75	20.62	20.77	435256	9410427.000
05/02/2013	20.85	20.87	20.05	20.70	639507	13277493.000
05/03/2013	20.90	21.93	20.62	21.63	628485	13602752.000
05/06/2013	21.50	22.30	21.45	22.25	593144	13279604.000
05/07/2013	22.25	22.65	22.05	22.55	584110	13251762.000
05/08/2013	22.65	23.25	22.58	23.13	644441	14980239.000
05/09/2013	22.96	23.84	22.60	23.25	875308	20624564.000
05/10/2013	23.36	24.84	23.25	24.50	1611619	39832520.000
05/13/2013	24.35	25.41	24.27	25.15	1577789	39983756.000
05/14/2013	25.40	25.64	24.71	25.15	1406363	35787660.000
05/15/2013	24.98	25.50	24.98	25.21	737895	18760596.000
05/16/2013	25.34	25.85	24.30	24.50	1366307	34196492.000
05/17/2013	24.79	26.19	24.38	26.19	1620071	40951932.000
05/20/2013	25.96	26.55	25.76	25.79	1499975	39264112.000
05/21/2013	25.82	26.98	25.60	26.75	1409417	37378512.000
05/22/2013	26.45	26.68	25.91	26.05	1273214	33333472.000
05/23/2013	26.08	26.28	25.60	25.90	641741	16737892.000
05/24/2013	25.81	26.15	25.60	26.03	565113	14653663.000
05/27/2013	25.90	26.26	25.68	26.20	706271	18407114.000
05/28/2013	26.14	26.28	25.42	25.83	843172	21894634.000
05/29/2013	25.72	26.34	25.71	26.27	701334	18289662.000
05/30/2013	26.40	28.39	26.27	28.06	3313588	91610224.000
05/31/2013	27.99	28.59	27.74	28.20	1225690	34620572.000
06/03/2013	28.20	28.20	27.14	27.28	736758	20425180.000
06/04/2013	27.31	27.31	25.80	26.15	824160	21858166.000
06/05/2013	26.20	26.58	25.91	26.25	330065	8692595.000
06/06/2013	26.05	26.05	24.90	25.15	729193	18662680.000
06/07/2013	25.25	25.78	24.10	24.40	1115219	27816124.000
06/13/2013	23.98	24.31	22.00	23.50	814777	18665058.000
06/14/2013	23.40	24.08	23.40	23.99	633289	15099288.000
06/17/2013	23.99	24.07	23.00	23.48	1126262	26596312.000
06/18/2013	23.34	23.51	22.52	23.08	625027	14388403.000
06/19/2013	23.08	23.08	22.10	22.98	685746	15569779.000
06/20/2013	22.77	23.52	22.50	22.69	722198	16628064.000
06/21/2013	22.40	22.40	20.93	22.22	842625	18481592.000
06/24/2013	22.00	22.18	21.30	21.44	818835	17817562.000
06/25/2013	21.02	21.70	20.30	21.50	921628	19461394.000
06/26/2013	21.50	22.32	21.35	22.20	790052	17434662.000
06/27/2013	22.20	22.38	21.32	21.32	602749	13285958.000
06/28/2013	20.90	21.90	20.41	21.05	663805	14082795.000
07/01/2013	20.43	21.83	20.43	21.72	361732	7701253.000
07/02/2013	21.75	22.30	21.61	22.25	414620	9201226.000
07/03/2013	22.09	22.40	21.90	22.33	367961	8184412.500
07/04/2013	22.30	22.87	22.13	22.63	440040	9935197.000
07/05/2013	22.63	22.70	21.57	21.97	650376	14431562.000
07/08/2013	21.74	21.74	20.72	20.76	370237	7806172.000
07/09/2013	20.76	20.90	20.40	20.90	473508	9802179.000
07/10/2013	20.81	21.70	20.76	21.60	716785	15227071.000
07/11/2013	21.60	22.05	21.45	21.77	730546	15953816.000
07/12/2013	21.10	21.98	21.05	21.53	1546393	33196610.000
07/15/2013	21.53	22.45	21.31	22.38	1561767	34484640.000
07/16/2013	22.47	22.49	21.83	22.48	1000728	22283402.000
07/17/2013	22.30	22.66	21.92	22.06	695093	15561036.000
07/18/2013	22.08	22.35	21.31	22.05	741712	16358559.000
07/19/2013	21.90	23.18	21.90	23.00	1632695	36883036.000
07/22/2013	22.98	23.33	22.33	23.20	1670302	38333160.000
07/23/2013	22.89	23.56	22.89	23.42	1508717	35222296.000
07/24/2013	23.35	23.44	22.78	23.27	1054464	24574700.000
07/25/2013	23.14	23.33	22.00	22.01	1242110	27964758.000
07/26/2013	21.88	22.05	20.90	21.35	821537	17704128.000
07/29/2013	21.34	21.46	20.71	21.05	523950	11125282.000
07/30/2013	21.10	21.25	20.40	20.98	534351	11217259.000
07/31/2013	20.97	21.48	20.90	21.18	588836	12553501.000
08/01/2013	21.16	22.36	21.16	22.20	853317	18747228.000
08/02/2013	22.21	23.09	22.01	22.69	1149577	26096654.000
08/05/2013	22.69	23.35	22.56	22.91	948864	21859450.000
08/06/2013	23.20	23.25	22.68	23.05	790590	18274384.000
08/07/2013	22.67	23.13	22.34	22.40	748693	17028090.000
08/08/2013	22.38	24.59	22.33	24.05	1494543	35449456.000
08/09/2013	24.01	24.27	23.05	23.50	1333985	31528048.000
08/12/2013	23.79	23.88	23.15	23.60	748202	17627538.000
08/13/2013	23.60	24.30	23.47	23.83	791501	19018110.000
08/14/2013	23.96	24.22	23.61	23.78	720538	17346584.000
08/15/2013	23.97	23.97	23.12	23.17	710810	16820954.000
08/16/2013	22.91	23.60	22.10	22.70	722888	16715966.000
08/19/2013	22.60	23.26	22.43	23.10	648045	14904299.000
08/20/2013	23.01	23.26	22.88	23.01	532135	12327695.000
08/21/2013	22.92	23.19	22.70	23.10	557100	12863880.000
08/22/2013	23.08	24.19	23.07	23.98	1225399	29290776.000
08/23/2013	24.05	24.18	23.08	23.47	1017545	24149016.000
08/26/2013	23.70	24.43	23.42	24.43	1385143	33441932.000
08/27/2013	24.43	24.65	23.97	24.60	1320130	32197074.000
08/28/2013	24.32	24.45	23.73	23.81	1033735	25063130.000
08/29/2013	23.85	24.00	23.63	23.77	682638	16299360.000
08/30/2013	23.51	23.81	22.44	22.46	1168754	26972384.000
09/02/2013	22.59	23.18	22.20	23.02	500472	11447266.000
09/03/2013	23.22	23.34	22.96	23.30	394515	9185557.000
09/04/2013	23.30	23.30	22.77	22.89	419837	9684711.000
09/05/2013	22.90	23.30	22.65	23.14	664736	15357753.000
09/06/2013	23.29	24.07	22.78	23.90	1461460	34459568.000
09/09/2013	23.90	24.04	23.50	23.80	1011258	24038644.000
09/10/2013	23.82	23.96	23.63	23.72	586877	14014780.000
09/11/2013	23.60	23.62	22.67	22.84	735395	16934374.000
09/12/2013	22.71	23.10	22.66	22.78	564723	12912549.000
09/13/2013	22.78	23.04	22.66	22.86	407332	9347384.000
09/16/2013	23.20	23.20	22.68	22.71	590382	13550479.000
09/17/2013	22.75	22.86	22.25	22.26	539043	12183686.000
09/18/2013	22.48	22.62	22.20	22.59	371314	8356184.000
09/23/2013	22.60	22.98	22.53	22.97	543926	12484705.000
09/24/2013	22.97	23.08	22.65	22.90	703476	16149758.000
09/25/2013	22.86	23.54	22.78	23.33	1149566	26745022.000
09/26/2013	23.25	23.97	22.92	23.64	1531604	36230028.000
09/27/2013	23.49	24.06	23.48	23.70	895300	21419776.000
09/30/2013	23.55	23.95	23.52	23.82	729939	17390514.000
10/08/2013	23.82	24.34	23.72	24.17	951949	22891262.000
10/09/2013	24.30	26.40	24.10	26.00	2519171	64867248.000
10/10/2013	25.70	25.90	25.12	25.15	1091243	27881618.000
10/11/2013	25.30	25.67	24.89	25.55	790154	20072124.000
10/14/2013	25.55	26.09	25.12	25.77	554742	14356858.000
10/15/2013	25.50	25.50	24.50	25.08	1326502	33316968.000
10/16/2013	24.85	24.85	23.62	23.65	833954	20139874.000
10/17/2013	23.85	24.00	23.43	23.91	1030604	24604926.000
10/18/2013	23.90	25.90	23.77	25.90	1561575	38631280.000
10/21/2013	25.90	26.50	23.90	25.90	1930314	49749484.000
10/22/2013	25.60	27.17	25.48	26.49	2202053	59291208.000
10/23/2013	26.47	27.20	25.56	25.91	1305693	34582560.000
10/24/2013	25.86	26.03	25.23	25.59	454336	11701866.000
10/25/2013	25.72	26.25	24.95	26.01	816880	21081496.000
10/28/2013	26.14	26.20	25.20	25.20	582767	15006094.000
10/29/2013	25.29	25.80	23.30	24.10	1271853	31186048.000
10/30/2013	24.10	25.55	23.80	25.39	723449	18059426.000
10/31/2013	25.39	25.52	24.62	25.09	470253	11808882.000
11/01/2013	25.33	25.69	24.71	25.19	438968	11120846.000
11/04/2013	25.19	25.20	24.65	24.94	363087	9067724.000
11/05/2013	24.88	25.02	24.00	24.94	405566	10011684.000
11/06/2013	24.40	25.26	24.10	24.70	702362	17389808.000
11/07/2013	24.60	24.72	24.29	24.40	336072	8283751.000
11/08/2013	24.30	24.62	23.43	23.51	538643	12948198.000
11/11/2013	23.46	24.07	23.15	24.05	337419	8034790.000
11/12/2013	23.67	24.35	23.52	24.16	440305	10592296.000
11/13/2013	24.00	24.65	23.95	24.02	324615	7914731.500
11/14/2013	24.30	25.22	23.80	25.06	722929	18003128.000
11/15/2013	25.06	25.85	25.06	25.52	947104	24235954.000
11/18/2013	25.50	26.46	25.22	26.18	1661648	43496756.000
11/19/2013	26.01	26.35	25.60	25.78	891842	23188512.000
11/20/2013	25.72	26.02	25.55	25.78	645658	16729173.000
11/21/2013	25.62	26.68	25.52	26.39	1311513	34612640.000
11/22/2013	26.60	26.80	25.70	25.80	800860	20977928.000
11/25/2013	24.71	24.79	23.91	24.56	1541747	37706456.000
11/26/2013	24.40	25.33	24.31	25.05	802899	20084992.000
11/27/2013	25.05	25.39	24.91	25.30	972599	24625116.000
11/28/2013	25.20	25.59	25.17	25.38	1027859	26236994.000
11/29/2013	25.39	27.93	25.35	27.93	5395850	147237856.000
12/02/2013	26.90	27.26	25.28	27.00	5064172	134889664.000
12/03/2013	26.51	29.08	25.52	28.82	4753812	131738136.000
12/04/2013	28.58	29.25	28.28	28.86	3616756	104414376.000
12/05/2013	28.30	28.30	26.36	26.43	5423155	147376528.000
12/06/2013	26.35	26.83	25.92	26.20	1866234	49394824.000
12/09/2013	26.31	26.70	26.01	26.36	2197049	58124744.000
12/10/2013	26.57	26.80	26.00	26.02	2039503	54033992.000
12/11/2013	26.02	26.30	25.50	26.24	1627676	42137672.000
12/12/2013	26.20	27.53	26.03	27.49	3301521	89441248.000
12/13/2013	27.35	27.35	25.97	26.22	7327866	193820288.000
12/16/2013	26.18	26.79	25.93	25.95	3332676	88163352.000
12/17/2013	25.96	26.45	25.70	25.91	1445397	37818720.000
12/18/2013	26.04	26.14	25.26	25.32	1826970	46868740.000
12/19/2013	25.52	25.73	25.26	25.38	1067819	27302530.000
12/20/2013	25.49	25.71	25.20	25.57	941403	24069300.000
12/23/2013	25.36	25.57	24.42	25.18	1501174	37624428.000
12/24/2013	25.18	25.87	25.00	25.45	1051668	26935504.000
12/25/2013	25.45	26.60	25.25	26.41	2449263	64236692.000
12/26/2013	26.38	26.38	25.65	25.70	1443886	37627844.000
12/27/2013	25.50	26.46	25.50	26.22	1565819	41173104.000
12/30/2013	26.26	26.78	26.21	26.68	2110531	56172464.000
12/31/2013	26.67	26.98	26.22	26.40	1289909	34291548.000
01/02/2014	26.30	27.18	26.24	26.83	1528044	40946148.000
01/03/2014	26.73	26.84	25.95	26.36	2158407	56987916.000
01/06/2014	26.49	26.50	25.01	25.44	1855973	47406068.000
01/07/2014	25.34	25.66	25.10	25.62	1087146	27785428.000
01/08/2014	25.62	26.34	25.62	26.15	2252088	58854844.000
01/09/2014	26.18	26.18	24.85	24.92	2095370	53581448.000
01/10/2014	24.58	24.92	23.60	23.77	1709436	41287640.000
01/13/2014	23.81	24.14	23.61	23.78	719703	17276480.000
01/14/2014	23.70	24.28	23.70	24.28	1538032	37065816.000
01/15/2014	24.28	24.89	24.23	24.57	1345057	33039564.000
01/16/2014	24.58	24.71	24.07	24.16	982382	24015436.000
01/17/2014	24.16	24.55	23.78	23.99	1191095	28926660.000
01/20/2014	23.99	24.25	23.34	23.54	1023529	24425676.000
01/21/2014	23.60	24.16	23.52	24.16	903388	21675652.000
01/22/2014	24.15	24.64	24.08	24.56	1286184	31555864.000
01/23/2014	24.57	25.10	24.57	25.10	1747295	43657756.000
01/24/2014	24.99	25.30	24.72	25.30	1831447	45978508.000
01/27/2014	24.83	25.25	24.62	24.78	1882301	47078340.000
01/28/2014	24.54	24.86	23.90	24.37	1740748	42297224.000
01/29/2014	24.17	24.66	23.96	24.50	1130731	27604482.000
01/30/2014	24.48	24.48	24.10	24.36	773186	18846644.000
02/07/2014	24.36	25.03	24.00	25.03	1247853	31041312.000
02/10/2014	25.15	25.68	25.05	25.46	2448386	62427100.000
02/11/2014	25.46	25.59	24.81	25.10	2360554	59592396.000
02/12/2014	25.10	26.46	25.00	26.21	3637134	94268400.000
02/13/2014	26.07	26.28	25.56	25.58	2525905	65673244.000
02/14/2014	25.70	26.33	25.61	26.05	2110233	55068608.000
02/17/2014	26.00	26.74	25.98	26.66	2230546	59253400.000
02/18/2014	26.75	27.37	26.35	26.75	2808499	75601192.000
02/19/2014	26.77	27.01	26.27	26.45	2022361	53867840.000
02/20/2014	26.45	26.55	25.72	25.88	1530281	39996064.000
02/21/2014	25.76	26.36	25.71	26.04	1259863	32990646.000
02/24/2014	26.05	26.47	25.50	26.47	1480831	38799656.000
02/25/2014	26.50	26.83	24.40	24.60	3324036	85812736.000
02/26/2014	24.13	24.58	23.47	24.05	2483699	59555848.000
02/27/2014	23.90	24.36	23.21	23.47	2034563	48658928.000
02/28/2014	23.45	23.88	22.70	23.56	1354161	31614986.000
03/03/2014	23.40	23.87	23.21	23.87	1326472	31470652.000
03/04/2014	23.78	24.18	23.30	23.69	1177590	27984940.000
03/05/2014	23.65	23.98	23.50	23.78	832856	19853312.000
03/06/2014	23.65	23.81	23.32	23.70	943057	22323274.000
03/07/2014	23.76	23.93	23.49	23.53	720202	17134536.000
03/10/2014	23.32	23.32	22.21	22.23	1466021	33424092.000
03/11/2014	22.21	22.35	21.91	22.18	898075	19996152.000
03/12/2014	22.10	22.44	21.93	22.26	908897	20271696.000
03/13/2014	22.31	22.54	22.27	22.47	705259	15865921.000
03/14/2014	22.55	22.67	22.31	22.49	534101	12061400.000
03/17/2014	22.46	23.06	22.40	23.04	628936	14439686.000
03/18/2014	22.92	23.30	22.89	23.02	891806	20656092.000
03/19/2014	23.02	23.28	22.36	23.24	905156	20887786.000
03/20/2014	23.25	23.38	22.61	22.75	765542	17639244.000
03/21/2014	22.70	22.86	22.10	22.81	859477	19392856.000
03/24/2014	22.56	22.95	22.56	22.82	734619	16811776.000
03/25/2014	22.80	23.05	22.72	22.80	670060	15381036.000
03/26/2014	22.80	23.05	22.76	23.01	855043	19647558.000
03/27/2014	22.94	23.17	22.40	22.40	814852	18553878.000
03/28/2014	22.40	22.40	21.70	21.79	1048736	23078378.000
03/31/2014	21.76	21.97	21.50	21.80	900501	19703262.000
04/01/2014	21.85	22.36	21.85	22.23	581425	12952582.000
04/02/2014	22.03	22.33	22.03	22.23	504750	11249937.000
04/03/2014	22.22	22.66	22.16	22.43	507882	11468496.000
04/04/2014	22.54	22.66	22.21	22.66	367029	8313757.500
04/08/2014	22.65	22.99	22.41	22.76	415558	9487783.000
04/09/2014	22.78	23.06	22.65	22.83	773221	17734448.000
04/10/2014	22.60	23.18	22.60	22.84	835491	19282048.000
04/11/2014	22.65	22.84	22.10	22.60	518422	11698458.000
04/14/2014	22.60	23.48	22.54	23.44	1406889	32870332.000
04/15/2014	23.44	23.50	23.21	23.30	377481	8839145.000
04/16/2014	23.37	23.37	23.11	23.23	394188	9191641.000
04/17/2014	23.20	23.49	23.16	23.23	532228	12464917.000
04/18/2014	23.29	23.78	23.11	23.68	672379	15881276.000
04/21/2014	23.55	23.89	23.42	23.50	546737	12991755.000
04/22/2014	23.42	23.55	22.95	23.08	710157	16533205.000
04/23/2014	23.08	23.70	23.08	23.37	381909	8987627.000
04/24/2014	23.18	23.40	22.90	23.05	401277	9335187.000
04/25/2014	22.93	22.97	22.37	22.50	610547	13945738.000
04/28/2014	22.45	22.77	21.50	21.80	544539	12041711.000
04/29/2014	21.60	23.26	21.60	23.25	947025	21380710.000
04/30/2014	23.25	24.08	23.21	23.86	1672972	39960464.000
05/05/2014	23.79	23.96	23.60	23.90	736271	17618674.000
05/06/2014	23.90	24.38	23.80	24.12	994091	24090650.000
05/07/2014	24.01	24.27	23.72	24.06	764645	18433222.000
05/08/2014	24.00	24.29	23.65	24.00	924338	22227720.000
05/09/2014	23.87	24.65	23.86	24.53	1238446	30185164.000
05/12/2014	24.47	25.15	24.47	24.79	1572469	39312928.000
05/13/2014	24.58	24.86	24.58	24.80	618684	15367685.000
05/14/2014	24.79	24.93	24.56	24.76	701043	17403098.000
05/15/2014	24.69	24.82	23.89	23.91	899725	22062314.000
05/16/2014	23.92	24.40	23.78	24.27	757288	18296226.000
05/19/2014	24.18	24.44	23.93	24.30	548100	13348389.000
05/20/2014	24.14	24.75	24.14	24.31	683180	16803872.000
05/21/2014	24.19	24.90	23.97	24.82	1078155	26667676.000
05/22/2014	24.90	25.10	24.60	24.72	797803	19877428.000
05/23/2014	24.62	25.13	24.48	25.05	923058	22991238.000
05/26/2014	25.00	25.73	24.99	25.60	1191661	30448340.000
05/27/2014	25.63	26.00	25.28	25.35	1625955	41894700.000
05/28/2014	25.37	26.60	25.37	26.46	2275087	59900724.000
05/29/2014	26.35	26.55	26.00	26.25	1113020	29350046.000
05/30/2014	26.23	27.20	26.07	27.05	2489580	67313400.000
06/03/2014	26.90	27.59	26.76	26.84	1664942	45278412.000
06/04/2014	26.72	27.08	26.26	26.30	1225242	32612538.000
06/05/2014	26.25	26.55	26.01	26.55	1135157	29917580.000
06/06/2014	26.59	26.59	25.93	26.22	1146195	30159314.000
06/09/2014	26.15	26.40	25.96	26.01	588972	15479958.000
06/10/2014	25.99	26.74	25.87	26.74	859618	22720260.000
06/11/2014	26.68	27.29	26.54	27.25	1440378	39139396.000
06/12/2014	27.20	28.10	27.20	28.07	1815242	50704624.000
06/13/2014	28.06	28.20	27.28	27.89	1100657	30590244.000
06/16/2014	27.78	28.38	27.63	28.08	885016	24948236.000
06/17/2014	28.00	28.11	27.36	27.49	1395606	38635992.000
06/18/2014	27.69	27.69	26.91	27.29	902369	24697464.000
06/19/2014	27.38	27.44	26.29	26.37	875330	23638294.000
06/20/2014	26.17	27.25	26.17	27.25	799449	21556714.000
06/23/2014	27.45	28.20	27.28	27.57	1221251	34001072.000
06/24/2014	27.87	27.87	27.46	27.60	599105	16586099.000
06/25/2014	27.68	27.90	27.41	27.61	990435	27436840.000
06/26/2014	27.86	28.99	27.73	28.30	2113830	60624768.000
06/27/2014	28.21	28.37	27.60	27.81	1277417	35937332.000
06/30/2014	27.81	28.18	27.50	28.18	2413212	67503944.000
07/01/2014	28.71	28.80	27.75	27.87	2350237	66432172.000
07/02/2014	28.17	29.06	27.97	28.40	3003318	86152184.000
07/03/2014	28.46	28.66	28.10	28.22	1801589	51210664.000
07/04/2014	28.15	28.58	27.81	27.90	1661740	46906164.000
07/07/2014	28.01	28.25	27.69	27.89	1481390	41560024.000
07/08/2014	27.70	28.20	27.60	27.96	932212	26067802.000
07/09/2014	27.92	28.00	27.30	27.43	1445267	40021516.000
07/10/2014	27.40	27.98	27.36	27.98	839094	23298562.000
07/11/2014	27.92	28.88	27.81	28.75	3343645	95021000.000
07/14/2014	29.00	29.05	28.50	28.77	1959206	56464796.000
07/15/2014	27.79	30.36	27.50	29.77	5230107	152077408.000
07/16/2014	29.66	29.99	29.34	29.65	2258033	67172456.000
07/17/2014	29.79	29.79	28.70	29.57	1379467	40364772.000
07/18/2014	29.32	29.96	29.32	29.58	630141	18705842.000
07/21/2014	29.60	29.85	29.06	29.41	1041720	30662594.000
07/22/2014	29.33	29.69	29.30	29.44	558422	16425573.000
07/23/2014	29.48	29.74	28.51	28.95	1131996	32867494.000
07/24/2014	28.82	29.26	28.70	28.99	1109556	32156072.000
07/25/2014	29.10	29.40	28.88	29.38	1293567	37685496.000
08/04/2014	31.50	32.32	30.91	32.32	3249029	103826008.000
08/05/2014	32.32	34.48	32.00	33.42	5511398	184175904.000
08/06/2014	33.23	35.46	32.90	34.84	4497554	154949200.000
08/07/2014	34.84	37.49	34.55	36.34	4468067	162542688.000
08/08/2014	36.32	37.18	35.89	36.50	2047743	74157168.000
08/11/2014	36.10	38.88	36.00	38.77	2753846	103931440.000
08/12/2014	38.81	41.00	37.00	39.40	3784462	150244128.000
08/13/2014	39.60	40.19	38.38	39.44	2410001	94419224.000
08/14/2014	39.20	39.45	38.60	39.01	1697140	66216084.000
08/15/2014	38.63	40.49	38.63	40.37	2190148	86985936.000
08/18/2014	40.31	41.50	39.44	40.00	2413955	96627976.000
08/19/2014	39.85	40.09	39.50	39.99	968598	38549488.000
08/20/2014	39.70	39.96	38.92	39.71	1583949	62228628.000
08/21/2014	39.93	39.93	38.90	39.25	704283	27639468.000
08/22/2014	39.25	39.46	38.63	39.30	1238364	48317056.000
08/25/2014	39.01	40.48	38.90	39.91	1465922	58316472.000
08/26/2014	40.05	41.18	39.74	40.70	2176669	88202104.000
08/27/2014	40.50	41.48	39.85	40.98	1855100	75441872.000
08/28/2014	40.61	45.08	40.61	44.65	3941794	171877168.000
08/29/2014	44.88	46.80	44.35	45.83	3637554	167160080.000
09/01/2014	45.79	46.63	44.65	45.00	2366626	107460808.000
09/02/2014	44.81	45.48	44.65	45.16	1164986	52465736.000
09/03/2014	45.30	46.80	44.97	46.26	1624324	74529288.000
09/04/2014	48.00	48.00	45.70	46.18	2424515	113317984.000
09/05/2014	46.19	46.25	45.00	45.85	1166342	53020932.000
09/09/2014	45.90	47.47	45.45	47.22	1631649	76111968.000
09/10/2014	47.22	47.96	46.72	47.70	1364396	64775432.000
09/11/2014	47.70	48.03	46.95	47.29	834446	39506944.000
09/12/2014	47.35	47.36	46.00	46.68	1083280	50384832.000
09/15/2014	46.55	49.00	45.00	48.00	2807995	132438432.000
09/16/2014	48.35	49.20	47.20	48.86	2766854	133679136.000
09/17/2014	48.85	50.88	48.01	50.68	2504909	124736696.000
09/18/2014	50.60	52.15	50.00	50.22	1580988	80646728.000
09/19/2014	50.22	50.89	49.55	50.30	978538	48880828.000
09/22/2014	49.90	50.10	48.63	49.19	1435476	70442408.000
09/23/2014	49.43	50.00	48.48	49.48	925405	45714992.000
09/24/2014	49.10	49.68	49.00	49.54	727138	35854748.000
09/25/2014	49.50	49.55	48.55	49.00	1777612	87282152.000
09/26/2014	48.56	49.50	47.40	48.88	1685224	81316728.000
09/29/2014	48.30	48.77	47.50	47.66	1347053	64563668.000
09/30/2014	48.00	49.78	47.70	49.55	1328259	65086440.000
10/08/2014	49.55	49.62	47.77	47.80	2160540	104362304.000
10/09/2014	48.01	48.02	46.31	47.24	2994409	141047552.000
10/10/2014	47.72	51.78	47.72	50.28	4345591	215593072.000
10/13/2014	50.09	55.31	50.09	55.31	4355700	231785760.000
10/14/2014	55.35	59.90	55.35	56.20	5492300	317173888.000
10/15/2014	57.29	57.90	55.56	57.23	2011645	114025536.000
10/16/2014	56.90	59.48	55.87	57.11	1551140	90384312.000
10/17/2014	57.11	58.88	56.30	58.01	2084582	120369496.000
10/20/2014	58.70	60.03	58.10	58.89	1604989	94579240.000
10/21/2014	58.91	61.88	58.81	61.00	1905572	116107280.000
10/22/2014	62.00	64.79	60.88	64.20	2545176	161009232.000
10/23/2014	64.20	64.47	60.60	61.70	2768928	171546000.000
10/24/2014	61.70	63.70	59.00	63.33	1954250	121677648.000
10/27/2014	63.98	64.95	62.76	64.08	1683289	107816552.000
10/28/2014	64.99	64.99	63.50	64.13	1333408	85326816.000
10/29/2014	64.07	64.64	63.50	63.99	1242500	79576552.000
10/30/2014	63.00	64.20	62.51	63.35	1172744	74037168.000
10/31/2014	63.00	64.00	62.00	63.37	1515920	95461856.000
数据来源:通达信
