300030 阳普医疗 日线
      日期	    开盘	    最高	    最低	    收盘	    成交量	    成交额
10/08/2010	6.14	6.33	6.10	6.32	615988	15618958.000
10/11/2010	6.37	6.38	6.17	6.27	716531	18249950.000
10/12/2010	6.24	6.37	6.14	6.26	578897	14782604.000
10/13/2010	6.17	6.37	6.16	6.34	611904	15599642.000
10/14/2010	6.35	6.43	6.23	6.32	776668	19997898.000
10/15/2010	6.27	6.36	6.14	6.18	637579	16204120.000
10/18/2010	6.14	6.14	5.87	6.00	991010	23964120.000
10/19/2010	6.01	6.50	5.97	6.38	2086856	53925388.000
10/20/2010	6.35	6.60	6.24	6.41	1772817	46443652.000
10/21/2010	6.39	6.43	6.24	6.41	838452	21560088.000
10/25/2010	6.54	6.67	6.49	6.61	1676193	44881696.000
10/26/2010	6.64	6.64	6.48	6.59	897701	23923472.000
10/27/2010	6.64	6.77	6.54	6.57	1024175	27773132.000
10/28/2010	6.54	6.62	6.48	6.61	617647	16491736.000
10/29/2010	6.63	6.78	6.57	6.76	1163202	31805946.000
11/01/2010	6.78	7.07	6.78	6.93	1520359	42959512.000
11/02/2010	6.93	6.98	6.62	6.73	1086381	29901430.000
11/03/2010	6.64	6.72	6.49	6.51	672261	17972456.000
11/04/2010	6.51	6.72	6.49	6.71	512655	13686396.000
11/05/2010	6.74	6.76	6.61	6.71	667836	18101538.000
11/08/2010	6.71	6.87	6.68	6.85	711030	19591022.000
11/09/2010	6.93	7.01	6.75	7.00	1085974	30425944.000
11/10/2010	7.01	7.14	6.93	7.04	1293771	37252368.000
11/11/2010	7.01	7.19	6.94	7.02	1295963	37347108.000
11/12/2010	7.02	7.06	6.68	6.79	1332957	37277308.000
11/15/2010	6.79	7.38	6.75	7.33	1473666	42841092.000
11/16/2010	7.23	7.63	6.99	7.24	1748452	52395008.000
11/17/2010	7.15	7.49	7.02	7.15	1253177	37179704.000
11/18/2010	7.22	7.55	7.21	7.55	1297285	38983732.000
11/19/2010	7.55	7.75	7.49	7.70	1334549	41400328.000
11/22/2010	7.69	8.00	7.64	7.90	1026760	32767472.000
11/23/2010	7.88	7.94	7.72	7.87	772477	24405532.000
11/24/2010	7.79	7.97	7.69	7.87	702273	22258190.000
11/25/2010	7.89	7.94	7.52	7.62	795093	24770554.000
11/26/2010	7.59	7.69	7.39	7.47	600607	18420992.000
11/29/2010	7.48	8.04	7.37	8.00	998986	31525210.000
11/30/2010	7.97	8.39	7.52	7.96	1179910	37920996.000
12/01/2010	7.99	8.07	7.67	7.92	346139	11047597.000
12/02/2010	7.92	8.03	7.82	7.87	467948	15020673.000
12/03/2010	7.79	7.98	7.79	7.83	570826	18243470.000
12/06/2010	7.83	7.94	7.54	7.62	390008	12143209.000
12/07/2010	7.47	7.78	7.47	7.69	183239	5693927.500
12/08/2010	7.74	7.78	7.62	7.77	569082	17850332.000
12/09/2010	7.70	7.76	7.59	7.64	243539	7552783.500
12/10/2010	7.68	7.72	7.44	7.71	165088	5107827.500
12/13/2010	7.64	8.07	7.64	7.93	290031	9333906.000
12/14/2010	7.84	8.07	7.84	7.96	231669	7491250.000
12/15/2010	8.00	8.24	7.82	7.97	559163	18261128.000
12/16/2010	7.97	7.99	7.83	7.90	383980	12309279.000
12/17/2010	7.90	8.05	7.89	7.95	287346	9234342.000
12/20/2010	7.90	8.01	7.67	7.77	465402	14733689.000
12/21/2010	7.78	7.78	7.67	7.72	194525	6087911.500
12/22/2010	7.76	7.76	7.42	7.43	556413	17062010.000
12/23/2010	7.43	7.63	7.34	7.34	476224	14413355.000
12/24/2010	7.30	7.43	6.99	6.99	414818	12160565.000
12/27/2010	7.04	7.39	7.04	7.06	588757	17223158.000
12/28/2010	6.92	7.34	6.92	7.30	1471956	42573872.000
12/29/2010	7.28	7.51	7.23	7.48	772709	23228090.000
12/30/2010	7.48	7.58	7.38	7.45	659634	19983670.000
12/31/2010	7.38	7.56	7.35	7.52	379273	11525816.000
01/04/2011	7.52	7.95	7.44	7.86	677145	21364784.000
01/05/2011	7.87	7.93	7.80	7.85	353001	11240477.000
01/06/2011	7.77	7.97	7.77	7.86	251276	8044501.500
01/07/2011	7.81	7.96	7.77	7.81	237240	7555385.000
01/10/2011	7.67	7.81	7.58	7.64	157818	4921629.000
01/11/2011	7.64	7.64	7.04	7.21	752326	22251272.000
01/12/2011	7.19	7.28	7.09	7.19	434209	12660505.000
01/13/2011	7.19	7.24	7.07	7.11	294722	8543074.000
01/14/2011	7.17	7.17	6.94	7.14	282657	8050637.500
01/18/2011	6.86	7.21	6.81	7.19	433976	12377495.000
01/19/2011	7.22	7.30	7.09	7.27	176650	5185393.500
01/20/2011	7.26	7.29	7.05	7.16	155278	4532797.000
01/21/2011	7.01	7.52	7.01	7.46	327333	9757474.000
01/24/2011	7.45	7.61	7.31	7.46	164540	4981189.500
01/25/2011	7.38	7.39	7.06	7.29	182059	5371250.000
01/26/2011	7.32	7.59	7.21	7.58	370199	11267510.000
01/27/2011	7.59	7.76	7.49	7.74	309999	9595161.000
01/28/2011	7.59	7.76	7.59	7.73	218427	6791672.500
01/31/2011	7.69	7.84	7.59	7.78	124197	3899188.750
02/01/2011	7.76	7.85	7.64	7.79	194036	6115798.000
02/09/2011	7.67	7.87	7.67	7.74	75800	2389986.750
02/10/2011	7.73	7.94	7.70	7.94	302082	9671818.000
02/11/2011	7.94	7.94	7.67	7.84	405205	12856763.000
02/14/2011	7.84	7.94	7.77	7.93	341183	10857428.000
02/15/2011	7.88	8.00	7.79	7.93	323244	10321404.000
02/16/2011	7.97	7.98	7.87	7.94	136210	4377206.500
02/17/2011	7.92	7.95	7.81	7.89	183763	5871090.000
02/18/2011	7.72	8.22	7.72	8.22	639619	21057762.000
02/21/2011	8.22	8.62	8.22	8.50	814740	28119688.000
02/22/2011	8.40	8.64	8.27	8.55	850320	29238044.000
02/23/2011	8.47	8.96	8.42	8.95	1785048	63428132.000
02/24/2011	8.79	8.97	8.17	8.27	1445351	49704568.000
02/25/2011	8.36	8.36	7.89	8.00	1393321	45124432.000
02/28/2011	8.00	8.18	7.90	8.08	1029644	33668340.000
03/01/2011	8.07	8.14	7.96	7.98	806446	26329238.000
03/02/2011	7.98	7.99	7.82	7.95	612928	19629912.000
03/03/2011	7.97	8.02	7.69	7.71	904383	28785926.000
03/04/2011	7.71	7.73	7.59	7.72	536433	16648936.000
03/07/2011	7.71	7.87	7.70	7.82	534709	16904098.000
03/08/2011	7.83	7.96	7.78	7.86	717414	22928068.000
03/09/2011	7.86	8.00	7.85	7.99	950247	30520344.000
03/10/2011	7.99	8.16	7.86	7.87	1386728	45082784.000
03/11/2011	7.87	8.14	7.82	7.92	1129273	36628628.000
03/14/2011	7.94	8.05	7.94	8.05	772926	25054026.000
03/15/2011	8.04	8.04	7.74	7.85	687410	21921100.000
03/16/2011	7.88	7.88	7.77	7.82	626352	19850872.000
03/17/2011	7.86	7.86	7.70	7.70	524100	16571757.000
03/18/2011	7.79	7.82	7.64	7.73	280982	8836535.000
03/21/2011	7.71	7.71	7.54	7.59	407039	12518675.000
03/22/2011	7.59	7.63	7.44	7.60	317193	9698187.000
03/23/2011	7.67	7.68	7.49	7.62	367040	11338932.000
03/24/2011	7.63	7.64	7.53	7.54	258710	7958232.000
03/25/2011	7.55	7.59	7.50	7.56	549911	16859720.000
03/28/2011	7.57	7.63	7.42	7.43	527135	16067854.000
03/29/2011	7.43	7.43	7.14	7.20	537096	15912772.000
03/30/2011	7.20	7.27	7.12	7.18	269950	7870429.500
03/31/2011	7.18	7.25	7.00	7.04	571962	16498676.000
04/01/2011	7.04	7.14	7.02	7.11	376219	10799998.000
04/06/2011	7.02	7.24	6.93	6.98	806369	22874178.000
04/07/2011	6.98	7.13	6.88	7.12	1201077	33939024.000
04/11/2011	7.19	7.34	7.10	7.14	1421949	41656940.000
04/12/2011	7.12	7.12	6.93	6.94	661737	18760692.000
04/13/2011	6.94	7.00	6.87	6.99	948356	26794812.000
04/14/2011	6.99	6.99	6.87	6.87	1107189	31070540.000
04/15/2011	6.89	6.93	6.70	6.72	1049821	28897376.000
04/18/2011	6.72	6.72	6.63	6.67	766206	20738624.000
04/19/2011	6.66	6.79	6.64	6.76	690527	18850486.000
04/20/2011	6.75	6.88	6.72	6.86	778859	21529692.000
04/21/2011	6.84	7.04	6.82	6.99	1276567	36152132.000
04/22/2011	6.99	7.01	6.89	6.93	487119	13704511.000
04/25/2011	6.93	6.98	6.74	6.80	517373	14369407.000
04/26/2011	6.79	6.79	6.60	6.67	437463	11864095.000
04/27/2011	6.71	6.71	6.47	6.49	375679	10097318.000
04/28/2011	6.54	6.64	6.20	6.30	687910	17846244.000
04/29/2011	6.29	6.39	6.26	6.37	300401	7747882.000
05/03/2011	6.39	6.50	6.32	6.50	361084	9399790.000
05/04/2011	6.46	6.48	6.27	6.37	300135	7782311.500
05/05/2011	6.39	6.65	6.39	6.65	719489	19242014.000
05/06/2011	6.61	6.68	6.54	6.66	401402	10839201.000
05/09/2011	6.67	6.74	6.64	6.69	342918	9316614.000
05/10/2011	6.71	6.71	6.59	6.62	270571	7297197.000
05/11/2011	6.62	6.67	6.54	6.67	415372	11134540.000
05/12/2011	6.66	6.66	6.46	6.47	380743	10209981.000
05/13/2011	6.47	6.49	6.24	6.36	675296	8688620.000
05/16/2011	6.28	6.39	6.28	6.31	363729	4662619.000
05/17/2011	6.29	6.33	6.13	6.29	532546	6743902.000
05/18/2011	6.23	6.32	6.23	6.27	327429	4170515.500
05/19/2011	6.37	6.37	6.23	6.29	336000	4294099.000
05/20/2011	6.29	6.30	6.19	6.20	272092	3439329.500
05/23/2011	6.21	6.21	5.89	5.89	573100	6962115.000
05/24/2011	5.92	6.19	5.78	6.18	1099420	13516931.000
05/25/2011	6.14	6.19	5.83	5.92	569662	6982840.500
05/26/2011	5.92	6.01	5.84	5.88	532078	6375483.500
05/27/2011	5.92	5.96	5.77	5.85	419667	4979303.000
05/30/2011	5.84	6.01	5.77	5.93	690251	8324266.500
05/31/2011	5.87	6.05	5.87	6.03	429981	5214675.500
06/01/2011	6.01	6.06	5.96	6.06	452951	5540139.000
06/02/2011	5.98	5.98	5.79	5.87	534543	6358349.000
06/03/2011	5.87	6.01	5.84	5.94	576781	6914379.000
06/07/2011	5.96	5.99	5.87	5.94	424802	5119020.500
06/08/2011	5.95	5.95	5.84	5.92	351119	4189390.750
06/09/2011	5.92	5.92	5.72	5.72	690488	8120760.000
06/10/2011	5.73	5.74	5.42	5.61	765253	8686227.000
06/13/2011	5.52	5.63	5.45	5.59	405794	4563640.000
06/14/2011	5.57	5.68	5.55	5.65	563635	6432657.500
06/15/2011	5.64	5.66	5.52	5.52	358744	4058044.500
06/16/2011	5.53	5.53	5.39	5.41	335190	3698341.750
06/17/2011	5.36	5.47	5.24	5.26	372320	4049067.500
06/20/2011	5.31	5.31	5.16	5.27	332000	3513413.000
06/21/2011	5.27	5.37	5.20	5.35	457623	4927406.000
06/22/2011	5.37	5.39	5.29	5.33	278100	3016091.500
06/23/2011	5.34	5.56	5.22	5.51	807050	8950447.000
06/24/2011	5.47	5.81	5.45	5.63	902467	10324675.000
06/27/2011	5.82	6.10	5.78	5.78	2367781	28342010.000
06/28/2011	5.71	6.03	5.68	5.95	2023540	24300986.000
06/29/2011	5.95	5.96	5.80	5.82	1000334	11934858.000
06/30/2011	5.82	5.89	5.81	5.81	1075501	12738529.000
07/01/2011	5.82	5.94	5.82	5.84	1051179	12539131.000
07/04/2011	5.89	6.01	5.89	6.01	1577001	19070284.000
07/05/2011	6.04	6.05	5.95	6.00	1353317	16454704.000
07/06/2011	6.00	6.16	5.95	6.15	1511970	18601104.000
07/07/2011	6.11	6.24	6.05	6.13	1714253	21381978.000
07/08/2011	6.07	6.15	6.01	6.04	1061619	13009487.000
07/11/2011	6.03	6.06	5.98	6.03	1019732	12446918.000
07/12/2011	5.97	6.03	5.85	5.85	1196091	14415785.000
07/13/2011	5.91	5.99	5.88	5.99	974664	11769480.000
07/14/2011	5.99	6.59	5.99	6.59	5139398	66321316.000
07/15/2011	6.56	6.99	6.46	6.83	6530674	88616432.000
07/18/2011	6.81	7.19	6.79	6.92	5371774	76006592.000
07/19/2011	6.97	7.16	6.69	6.77	4671840	65290268.000
07/20/2011	6.78	6.83	6.57	6.72	2742028	37054252.000
07/21/2011	6.72	6.73	6.52	6.56	1824759	24391084.000
07/22/2011	6.57	6.75	6.57	6.68	2015985	27277042.000
07/25/2011	6.68	6.71	6.27	6.27	2271143	29512474.000
07/26/2011	6.27	6.40	6.24	6.33	1487628	19057848.000
07/27/2011	6.27	6.51	6.19	6.46	1540452	20013644.000
07/28/2011	6.31	6.60	6.31	6.59	1887392	24802784.000
07/29/2011	6.59	6.66	6.37	6.37	1788101	23492384.000
08/01/2011	6.37	6.76	6.32	6.74	3260376	43946636.000
08/02/2011	6.63	6.89	6.54	6.87	3137987	42626100.000
08/03/2011	6.73	7.03	6.72	6.79	3719612	51960500.000
08/04/2011	6.80	6.97	6.61	6.71	2375361	32507602.000
08/05/2011	6.43	6.62	6.38	6.45	1825005	24013476.000
08/08/2011	6.46	6.61	5.82	6.14	2474774	31543004.000
08/09/2011	5.92	6.16	5.76	6.06	1855306	22472692.000
08/10/2011	6.17	6.29	6.12	6.15	1628197	20468170.000
08/11/2011	6.04	6.46	5.96	6.46	2115271	26858614.000
08/12/2011	6.52	6.64	6.44	6.53	2215702	29274310.000
08/15/2011	6.56	6.67	6.53	6.67	2241353	30046100.000
08/16/2011	6.67	6.67	6.46	6.50	1824061	24183524.000
08/17/2011	6.48	6.49	6.32	6.36	1582758	20462652.000
08/18/2011	6.36	6.40	6.13	6.17	1025838	13043260.000
08/19/2011	5.93	6.19	5.92	6.14	1045096	12816063.000
08/22/2011	6.15	6.27	6.10	6.13	1013047	12689071.000
08/23/2011	6.19	6.36	6.14	6.35	1265188	16075462.000
08/24/2011	6.36	6.57	6.32	6.38	1915448	25088128.000
08/25/2011	6.48	6.48	6.28	6.45	1755248	22669750.000
08/26/2011	6.37	6.60	6.37	6.58	2086226	27529262.000
08/29/2011	6.58	6.64	6.46	6.47	1716403	22746786.000
08/30/2011	6.54	6.56	6.28	6.28	1427682	18549994.000
08/31/2011	6.28	6.31	6.06	6.17	939144	11770551.000
09/01/2011	6.19	6.32	6.15	6.22	681474	8599288.000
09/02/2011	6.17	6.22	6.03	6.07	645720	7975668.500
09/05/2011	6.15	6.15	5.96	5.98	622270	7596773.000
09/06/2011	5.89	6.03	5.84	5.87	595726	7155640.500
09/07/2011	5.91	6.07	5.89	6.05	615773	7506389.500
09/08/2011	6.08	6.13	6.04	6.04	731280	9025093.000
09/09/2011	6.04	6.11	5.85	5.91	502495	6092809.000
09/13/2011	5.86	5.87	5.74	5.86	413702	4883873.500
09/14/2011	5.92	6.01	5.88	6.01	655474	7899788.000
09/15/2011	6.03	6.06	5.98	5.98	475720	5794388.500
09/16/2011	5.98	6.04	5.95	5.96	295538	3590622.250
09/19/2011	5.97	6.07	5.84	5.92	427046	5120732.000
09/20/2011	5.92	6.04	5.81	5.93	318204	3834445.250
09/21/2011	5.92	6.11	5.89	6.08	710633	8719268.000
09/22/2011	6.10	6.10	5.82	5.82	776898	9331894.000
09/23/2011	5.75	5.82	5.66	5.71	559813	6514319.500
09/26/2011	5.71	5.79	5.64	5.65	283599	3280039.000
09/27/2011	5.79	5.79	5.62	5.69	223795	2581637.250
09/28/2011	5.74	5.75	5.52	5.53	240899	2766246.500
09/29/2011	5.53	5.53	5.29	5.29	514300	5598206.000
09/30/2011	5.39	5.39	5.24	5.24	340699	3667835.250
10/10/2011	5.36	5.36	5.18	5.27	386511	4108741.000
10/11/2011	5.42	5.48	5.19	5.27	303674	3294576.250
10/12/2011	5.28	5.47	5.22	5.45	496137	5434889.500
10/13/2011	5.43	5.60	5.43	5.53	674550	7595242.500
10/14/2011	5.54	5.54	5.43	5.47	354319	3936791.750
10/17/2011	5.43	5.51	5.43	5.49	289816	3215367.500
10/18/2011	5.48	5.48	5.32	5.32	268599	2948366.000
10/19/2011	5.32	5.40	5.26	5.29	258024	2786642.250
10/20/2011	5.30	5.30	5.03	5.10	576728	5996096.000
10/21/2011	5.08	5.10	4.87	4.97	361092	3664002.000
10/24/2011	4.97	5.04	4.82	4.97	353313	3559448.500
10/25/2011	5.01	5.19	4.94	5.18	599964	6185706.500
10/26/2011	5.14	5.31	5.09	5.23	677869	7185623.500
10/27/2011	5.22	5.41	5.21	5.28	778462	8385143.500
10/28/2011	5.37	5.46	5.29	5.37	878420	9556961.000
10/31/2011	5.37	5.56	5.33	5.49	965125	10716841.000
11/01/2011	5.48	5.56	5.38	5.55	1221143	13598435.000
11/02/2011	5.45	5.66	5.37	5.66	1386645	15620098.000
11/03/2011	5.78	5.78	5.63	5.63	1508196	17435238.000
11/04/2011	5.65	5.70	5.58	5.65	793365	9084663.000
11/07/2011	5.63	5.74	5.62	5.64	526550	6064886.500
11/08/2011	5.64	5.68	5.53	5.54	546250	6215871.000
11/09/2011	5.60	5.71	5.47	5.71	1151886	13032051.000
11/10/2011	5.62	6.29	5.59	6.29	5903266	73164688.000
11/11/2011	6.58	6.92	6.58	6.92	17233046	237780496.000
11/14/2011	6.92	7.24	6.83	7.11	14721381	208829536.000
11/15/2011	7.05	7.70	7.02	7.32	14759405	218682960.000
11/16/2011	7.27	7.41	7.12	7.34	11778874	173348800.000
11/17/2011	7.34	7.36	7.12	7.26	7529528	110283696.000
11/18/2011	7.18	7.33	7.06	7.16	8359534	121662192.000
11/21/2011	7.18	7.27	6.54	6.71	9011398	124644968.000
11/22/2011	6.59	6.80	6.51	6.77	5875242	79467544.000
11/23/2011	6.75	6.82	6.59	6.72	4724113	64389940.000
11/24/2011	6.62	6.86	6.57	6.85	8421033	115091048.000
11/25/2011	6.75	6.76	6.35	6.39	8198210	108991616.000
11/28/2011	6.39	6.67	6.28	6.57	6755822	88429696.000
11/29/2011	6.53	6.55	6.31	6.55	6711513	87606872.000
11/30/2011	6.51	6.51	5.89	5.89	6317057	78721144.000
12/01/2011	6.12	6.30	5.98	6.03	5508573	68573696.000
12/02/2011	6.01	6.03	5.77	5.79	3933807	46794696.000
12/05/2011	5.77	5.77	5.40	5.45	3698246	41874544.000
12/06/2011	5.49	5.70	5.43	5.62	3674595	41523560.000
12/07/2011	5.57	5.75	5.48	5.74	4140967	47434340.000
12/08/2011	5.67	5.96	5.52	5.80	4695832	54953444.000
12/09/2011	5.66	5.79	5.61	5.66	2505665	28892218.000
12/12/2011	5.67	5.77	5.61	5.61	1668101	19237272.000
12/13/2011	5.46	5.56	5.32	5.49	3272288	35987428.000
12/14/2011	5.42	5.63	5.39	5.49	2144628	24152540.000
12/15/2011	5.46	5.84	5.39	5.65	5034506	58180880.000
12/16/2011	5.59	6.04	5.52	6.01	5355489	62697396.000
12/19/2011	5.87	6.24	5.76	6.20	5568435	67596272.000
12/20/2011	6.12	6.24	6.01	6.01	3572988	44270848.000
12/21/2011	6.05	6.16	5.59	5.60	3609683	43277472.000
12/22/2011	5.44	5.66	5.24	5.51	3523030	38767708.000
12/23/2011	5.41	5.65	5.40	5.49	2261906	25450794.000
12/26/2011	5.48	5.62	5.42	5.49	1984094	22306290.000
12/27/2011	5.42	5.47	4.94	5.00	3518453	37244264.000
12/28/2011	4.87	5.04	4.86	5.03	1511119	15144880.000
12/29/2011	5.01	5.11	4.98	5.07	1211057	12440513.000
12/30/2011	5.16	5.20	5.07	5.15	1743651	18194590.000
01/04/2012	5.15	5.26	4.87	4.88	1821517	18792638.000
01/05/2012	4.85	4.91	4.53	4.58	1599553	15349760.000
01/06/2012	4.56	4.73	4.47	4.69	1043432	9708929.000
01/09/2012	4.64	4.93	4.62	4.91	1791138	17519120.000
01/10/2012	4.91	5.16	4.88	5.11	2456560	25157702.000
01/11/2012	5.10	5.41	4.99	5.17	2513466	26670430.000
01/12/2012	5.16	5.26	5.09	5.13	1731549	18111696.000
01/13/2012	5.07	5.14	4.75	4.76	2059118	20463226.000
01/16/2012	4.73	4.76	4.50	4.53	1095797	10304667.000
01/17/2012	4.55	4.84	4.54	4.81	1290733	12386382.000
01/18/2012	4.83	4.86	4.51	4.57	1619270	15453862.000
01/19/2012	4.54	5.02	4.54	4.98	3815920	37891144.000
01/20/2012	4.92	4.97	4.78	4.88	2107421	20860798.000
01/30/2012	4.91	5.01	4.82	4.93	1946509	19481970.000
01/31/2012	4.86	4.94	4.76	4.84	1460516	14334179.000
02/01/2012	4.84	4.91	4.72	4.76	1351281	13283394.000
02/02/2012	4.76	4.86	4.74	4.85	938617	9176130.000
02/03/2012	4.85	5.07	4.82	5.01	2165433	21935532.000
02/06/2012	5.02	5.12	4.92	5.10	2642270	26990424.000
02/07/2012	5.02	5.04	4.89	4.93	1746306	17572908.000
02/08/2012	4.92	5.31	4.90	5.18	3412706	35557036.000
02/09/2012	5.14	5.33	5.11	5.22	2799138	29749550.000
02/10/2012	5.21	5.24	5.09	5.17	2302336	24110762.000
02/13/2012	5.16	5.35	5.08	5.28	3163294	33867736.000
02/14/2012	5.26	5.34	5.19	5.21	2287262	24377414.000
02/15/2012	5.20	5.46	5.14	5.35	3584696	38496676.000
02/16/2012	5.34	5.39	5.26	5.30	2281750	24673714.000
02/17/2012	5.30	5.36	5.21	5.25	1437545	15421597.000
02/20/2012	5.32	5.34	5.23	5.23	2100039	22593008.000
02/21/2012	5.24	5.52	5.23	5.52	4886814	53716336.000
02/22/2012	5.52	5.57	5.46	5.56	4214265	47198952.000
02/23/2012	5.54	5.63	5.42	5.51	3827121	42972556.000
02/24/2012	5.47	5.63	5.47	5.55	3799756	42799896.000
02/27/2012	5.56	5.63	5.51	5.54	3709885	41889732.000
02/28/2012	5.52	5.56	5.33	5.40	3075885	33867896.000
02/29/2012	5.38	5.46	5.32	5.36	1480459	16204826.000
03/01/2012	5.32	5.41	5.32	5.38	1564553	17050836.000
03/02/2012	5.40	5.56	5.39	5.52	2603337	29089552.000
03/05/2012	5.55	5.57	5.41	5.43	2426665	27004708.000
03/06/2012	5.40	5.43	5.23	5.27	2003866	21594666.000
03/07/2012	5.22	5.32	5.15	5.22	1770807	18816312.000
03/08/2012	5.22	5.34	5.22	5.31	1612187	17344530.000
03/09/2012	5.33	5.43	5.33	5.43	1949697	21314400.000
03/12/2012	5.44	5.54	5.39	5.53	2558236	28349948.000
03/13/2012	5.51	5.54	5.47	5.52	1917704	21444160.000
03/14/2012	5.55	5.64	5.12	5.20	4533635	50581556.000
03/15/2012	5.18	5.30	4.99	5.22	2679050	27994032.000
03/16/2012	5.20	5.34	5.13	5.33	2126293	22680614.000
03/19/2012	5.33	5.48	5.29	5.46	2409274	26474016.000
03/20/2012	5.42	5.46	5.23	5.24	2017295	21752606.000
03/21/2012	5.25	5.31	5.15	5.27	1430821	15221106.000
03/22/2012	5.27	5.29	5.20	5.23	913351	9727046.000
03/23/2012	5.20	5.24	5.08	5.09	1193772	12425264.000
03/26/2012	5.12	5.15	5.03	5.08	614695	6338150.500
03/27/2012	5.11	5.12	5.02	5.04	728321	7523746.500
03/28/2012	4.95	5.01	4.67	4.71	1587946	15537324.000
03/29/2012	4.67	4.76	4.60	4.73	965092	9247778.000
03/30/2012	4.79	4.80	4.66	4.68	503614	4819447.000
04/05/2012	4.68	4.81	4.66	4.80	1100425	10666463.000
04/06/2012	4.81	4.83	4.77	4.80	836872	8169222.000
04/09/2012	4.80	4.81	4.72	4.72	484690	4696882.000
04/10/2012	4.65	4.77	4.57	4.76	636024	6031755.500
04/11/2012	4.67	4.76	4.62	4.76	811476	7770093.000
04/12/2012	4.75	4.85	4.74	4.85	1150933	11238876.000
04/13/2012	4.85	4.91	4.81	4.86	1394588	13764876.000
04/16/2012	4.88	5.11	4.88	5.01	2508712	25722444.000
04/17/2012	4.97	5.04	4.89	4.89	1209828	12138456.000
04/18/2012	4.93	5.02	4.87	4.97	1166721	11728525.000
04/19/2012	4.97	5.06	4.96	5.00	1129655	11509279.000
04/20/2012	4.98	5.03	4.97	5.02	1207029	12273893.000
04/23/2012	4.98	4.98	4.62	4.64	2456597	23784180.000
04/24/2012	4.62	4.69	4.41	4.65	1573453	14664483.000
04/25/2012	4.65	4.69	4.55	4.66	888077	8400450.000
04/26/2012	4.67	4.69	4.59	4.64	730590	6909630.500
04/27/2012	4.64	4.73	4.63	4.69	976261	9328061.000
05/02/2012	4.72	4.78	4.70	4.73	1025833	9897813.000
05/03/2012	4.73	4.81	4.69	4.79	910245	8813611.000
05/04/2012	4.80	4.85	4.77	4.84	1179722	11559514.000
05/07/2012	4.80	4.96	4.79	4.94	1260938	12438896.000
05/08/2012	4.94	4.96	4.83	4.85	953869	9441910.000
05/09/2012	4.82	4.82	4.62	4.64	1444341	13727291.000
05/10/2012	4.62	5.12	4.62	5.12	7750772	79776536.000
05/11/2012	5.04	5.14	4.98	5.01	4245001	43662448.000
05/14/2012	5.02	5.06	4.87	4.89	3510908	35246440.000
05/15/2012	4.84	4.90	4.69	4.88	2078293	20269726.000
05/16/2012	4.84	4.95	4.73	4.73	1720855	16917518.000
05/17/2012	4.74	4.80	4.71	4.78	1680140	16296107.000
05/18/2012	4.75	4.79	4.69	4.73	1371515	13213168.000
05/21/2012	4.71	4.82	4.69	4.77	1043378	10087190.000
05/22/2012	4.85	4.89	4.77	4.82	1570497	15383835.000
05/23/2012	4.80	4.89	4.73	4.86	2078373	20359772.000
05/24/2012	4.82	4.83	4.73	4.76	1253750	12195071.000
05/25/2012	4.74	4.79	4.56	4.59	1759779	16534484.000
05/28/2012	4.58	4.70	4.51	4.65	960990	8956203.000
05/29/2012	4.65	4.73	4.61	4.72	1118605	10611847.000
05/30/2012	4.77	4.79	4.71	4.74	1152855	11093132.000
05/31/2012	4.70	4.79	4.67	4.74	794502	7599152.500
06/01/2012	4.79	4.79	4.70	4.70	718399	6874120.500
06/04/2012	4.63	4.67	4.57	4.58	921306	8595411.000
06/05/2012	4.55	4.67	4.55	4.61	800617	7477972.000
06/06/2012	4.62	4.66	4.60	4.63	758127	7111129.500
06/07/2012	4.67	4.69	4.58	4.59	547701	5127883.500
06/08/2012	4.65	4.65	4.55	4.55	407565	3786519.250
06/11/2012	4.55	4.65	4.55	4.64	553542	5161850.000
06/12/2012	4.61	4.84	4.60	4.70	1543561	14876184.000
06/13/2012	4.70	4.78	4.68	4.78	1155224	11076149.000
06/14/2012	4.77	4.82	4.70	4.78	1146250	11028256.000
06/15/2012	4.83	4.94	4.76	4.79	1735520	16969930.000
06/18/2012	4.77	4.90	4.77	4.87	1779917	17467518.000
06/19/2012	4.84	5.00	4.82	4.91	3502854	34872096.000
06/20/2012	4.89	4.92	4.79	4.80	1569112	15344668.000
06/21/2012	4.78	4.80	4.68	4.74	1173410	11218515.000
06/25/2012	4.73	4.81	4.63	4.63	1073526	10261338.000
06/26/2012	4.63	4.67	4.58	4.66	910409	8531474.000
06/27/2012	4.71	4.83	4.65	4.73	1918445	18459660.000
06/28/2012	4.72	4.79	4.61	4.62	1021583	9671779.000
06/29/2012	4.59	4.73	4.58	4.72	858504	8132324.500
07/02/2012	4.75	4.86	4.73	4.82	1696095	16511719.000
07/03/2012	4.79	4.88	4.73	4.77	2267593	22032466.000
07/04/2012	4.80	4.86	4.75	4.83	1546923	15045212.000
07/05/2012	4.87	4.95	4.66	4.71	2432241	23753762.000
07/06/2012	4.72	4.72	4.49	4.70	2544197	23739322.000
07/09/2012	4.65	4.69	4.50	4.50	1217319	11349807.000
07/10/2012	4.50	4.50	4.43	4.45	1213075	10951197.000
07/11/2012	4.45	4.51	4.45	4.48	601032	5438297.500
07/12/2012	4.50	4.61	4.50	4.58	1016207	9379005.000
07/13/2012	4.58	4.61	4.54	4.55	803911	7426892.000
07/16/2012	4.55	4.57	4.26	4.29	1190883	10659008.000
07/17/2012	4.26	4.44	4.26	4.41	893957	7925759.000
07/18/2012	4.40	4.40	4.24	4.38	898479	7888510.000
07/19/2012	4.35	4.46	4.35	4.42	610168	5464936.000
07/20/2012	4.41	4.44	4.37	4.37	460320	4093726.000
07/23/2012	4.35	4.39	4.28	4.34	508288	4463954.500
07/24/2012	4.36	4.40	4.31	4.38	440315	3889497.750
07/25/2012	4.36	4.46	4.35	4.40	774559	6934959.500
07/26/2012	4.43	4.50	4.40	4.41	1016353	9156356.000
07/27/2012	4.46	4.47	4.31	4.40	934729	8305762.000
07/30/2012	4.40	4.40	4.31	4.33	369320	3256182.750
07/31/2012	4.32	4.37	4.20	4.25	425342	3672887.500
08/01/2012	4.25	4.35	4.25	4.32	336323	2940152.250
08/02/2012	4.38	4.38	4.29	4.32	301000	2630861.750
08/03/2012	4.31	4.46	4.31	4.43	721709	6424700.000
08/06/2012	4.41	4.59	4.41	4.57	1511641	13768783.000
08/07/2012	4.55	4.61	4.52	4.58	1374139	12696336.000
08/08/2012	4.54	4.58	4.50	4.54	1042786	9568844.000
08/09/2012	4.51	4.58	4.50	4.57	1148630	10572129.000
08/10/2012	4.57	4.58	4.50	4.54	653700	6005411.000
08/13/2012	4.51	4.55	4.42	4.45	713318	6483065.500
08/14/2012	4.45	4.50	4.38	4.47	505944	4546003.500
08/15/2012	4.47	4.47	4.38	4.41	442589	3956618.750
08/16/2012	4.36	4.45	4.35	4.42	484946	4340882.000
08/17/2012	4.40	4.45	4.37	4.43	347151	3097762.000
08/20/2012	4.40	4.57	4.35	4.54	2311177	21073282.000
08/21/2012	4.55	4.75	4.51	4.65	2512417	23550616.000
08/22/2012	4.62	4.67	4.56	4.60	1950168	18138500.000
08/23/2012	4.61	4.75	4.57	4.72	3974102	37652184.000
08/24/2012	4.68	4.77	4.63	4.69	3507279	33361310.000
08/27/2012	4.65	4.69	4.52	4.58	2596562	24139068.000
08/28/2012	4.58	4.71	4.54	4.67	2717674	25460888.000
08/29/2012	4.67	4.82	4.64	4.73	3449230	33016346.000
08/30/2012	4.72	4.74	4.46	4.57	2128380	19799916.000
08/31/2012	4.56	4.63	4.52	4.57	2077732	19233334.000
09/03/2012	4.52	4.62	4.47	4.60	2168902	20036926.000
09/04/2012	4.63	4.73	4.55	4.59	3046780	28550486.000
09/05/2012	4.55	4.66	4.49	4.63	2202710	20410774.000
09/06/2012	4.65	4.76	4.62	4.72	2017571	19141436.000
09/07/2012	4.77	4.87	4.71	4.81	3649631	35326804.000
09/10/2012	4.79	4.80	4.73	4.79	1852891	17874646.000
09/11/2012	4.78	4.84	4.74	4.77	1731420	16762419.000
09/12/2012	4.77	4.81	4.68	4.77	1671610	16049935.000
09/13/2012	4.78	4.79	4.68	4.68	1380716	13217854.000
09/14/2012	4.73	4.78	4.61	4.68	1603458	15175540.000
09/17/2012	4.66	4.68	4.42	4.43	2072232	19002804.000
09/18/2012	4.40	4.45	4.39	4.40	662750	5929433.000
09/19/2012	4.44	4.47	4.40	4.47	779016	7007431.500
09/20/2012	4.47	4.54	4.42	4.53	2687133	24395466.000
09/21/2012	4.52	4.52	4.36	4.42	1253109	11253907.000
09/24/2012	4.35	4.41	4.30	4.37	623500	5505251.500
09/25/2012	4.39	4.39	4.27	4.27	488482	4263304.000
09/26/2012	4.29	4.36	4.13	4.13	610621	5246615.500
09/27/2012	4.17	4.24	4.15	4.21	913520	7776170.000
09/28/2012	4.19	4.26	4.17	4.25	1044971	8944355.000
10/08/2012	4.25	4.26	4.19	4.20	521772	4465322.500
10/09/2012	4.24	4.37	4.21	4.35	1121333	9807817.000
10/10/2012	4.36	4.50	4.35	4.43	1703804	15319926.000
10/11/2012	4.40	4.47	4.35	4.40	1033119	9247376.000
10/12/2012	4.42	4.44	4.30	4.37	444490	3931518.000
10/15/2012	4.39	4.39	4.27	4.31	587661	5124334.000
10/16/2012	4.31	4.40	4.30	4.37	493502	4358564.500
10/17/2012	4.39	4.63	4.39	4.47	2082429	19074948.000
10/18/2012	4.45	4.58	4.36	4.50	1690411	15417543.000
10/19/2012	4.50	4.52	4.46	4.49	870640	7914431.000
10/22/2012	4.47	4.51	4.42	4.51	974737	8842140.000
10/23/2012	4.54	4.70	4.47	4.48	976101	8922932.000
10/24/2012	4.45	4.48	4.42	4.45	781400	7046584.000
10/25/2012	4.46	4.48	4.33	4.35	1339657	11918331.000
10/26/2012	4.35	4.37	4.29	4.29	785337	6873198.500
10/29/2012	4.29	4.39	4.29	4.38	816704	7200598.000
10/30/2012	4.38	4.47	4.35	4.47	1191148	10687339.000
10/31/2012	4.49	4.49	4.37	4.41	2254262	20167242.000
11/01/2012	4.41	4.46	4.39	4.44	1837086	16482104.000
11/02/2012	4.43	4.46	4.41	4.44	1024809	9196826.000
11/05/2012	4.44	4.45	4.41	4.42	759556	6814313.000
11/06/2012	4.41	4.41	4.24	4.32	1209315	10534267.000
11/07/2012	4.31	4.33	4.24	4.28	703463	6089184.500
11/08/2012	4.25	4.27	4.17	4.18	687650	5868411.500
11/09/2012	4.22	4.22	4.17	4.19	380398	3228260.750
11/12/2012	4.20	4.24	4.20	4.23	412960	3530501.500
11/13/2012	4.24	4.24	4.13	4.17	480069	4054905.500
11/14/2012	4.17	4.19	4.14	4.17	367380	3093630.250
11/15/2012	4.17	4.19	4.11	4.11	536204	4512353.000
11/16/2012	4.10	4.10	4.04	4.07	402322	3309933.250
11/19/2012	4.07	4.07	4.03	4.07	277059	2273166.250
11/20/2012	4.09	4.09	4.01	4.01	474572	3891627.750
11/21/2012	4.01	4.19	4.01	4.09	933121	7724638.000
11/22/2012	4.07	4.07	4.01	4.02	486502	3976213.250
11/23/2012	4.03	4.06	4.02	4.04	282785	2317692.500
11/26/2012	4.04	4.06	4.01	4.01	284500	2320714.000
11/27/2012	4.01	4.01	3.81	3.81	649896	5122160.500
11/28/2012	3.77	3.84	3.70	3.70	589506	4458066.500
11/29/2012	3.70	3.75	3.45	3.53	518193	3803795.250
11/30/2012	3.51	3.60	3.45	3.54	536279	3842695.500
12/03/2012	3.51	3.55	3.43	3.45	448650	3178804.000
12/04/2012	3.47	3.54	3.40	3.53	564679	3973634.750
12/05/2012	3.53	3.68	3.48	3.65	894154	6560995.000
12/06/2012	3.67	3.67	3.59	3.65	389090	2872606.250
12/07/2012	3.66	3.73	3.63	3.72	724116	5414602.500
12/10/2012	3.74	3.94	3.70	3.88	1371045	10558737.000
12/11/2012	3.82	4.09	3.81	4.01	2205650	17681878.000
12/12/2012	4.01	4.01	3.91	3.96	702101	5614777.500
12/13/2012	4.01	4.02	3.91	4.00	2305584	18638468.000
12/14/2012	4.00	4.29	4.00	4.22	4979581	41975756.000
12/17/2012	4.23	4.48	4.16	4.30	4331994	37471300.000
12/18/2012	4.28	4.28	4.21	4.25	1282375	11006918.000
12/19/2012	4.17	4.37	4.17	4.21	2269604	19562740.000
12/20/2012	4.19	4.22	4.14	4.21	1126284	9528312.000
12/21/2012	4.22	4.30	4.17	4.24	1966340	16854852.000
12/24/2012	4.23	4.44	4.21	4.34	6844614	59879232.000
12/25/2012	4.30	4.41	4.28	4.34	5473883	47993748.000
12/26/2012	4.32	4.53	4.28	4.46	8018476	71393848.000
12/27/2012	4.45	4.52	4.30	4.38	6187126	55257388.000
12/28/2012	4.40	4.51	4.30	4.44	7515115	67069204.000
12/31/2012	4.46	4.60	4.44	4.51	9060700	82931568.000
01/04/2013	4.52	4.54	4.36	4.42	6498290	58171348.000
01/07/2013	4.45	4.51	4.36	4.41	6078696	54414932.000
01/08/2013	4.39	4.42	4.31	4.35	6557332	57844056.000
01/09/2013	4.35	4.43	4.32	4.35	3313557	29382902.000
01/10/2013	4.33	4.37	4.31	4.34	2303218	20225840.000
01/11/2013	4.35	4.38	4.18	4.20	2628522	22852306.000
01/14/2013	4.19	4.35	4.17	4.34	3116863	26962708.000
01/15/2013	4.34	4.42	4.32	4.39	3824467	33950812.000
01/16/2013	4.41	4.44	4.27	4.32	2707564	23868768.000
01/17/2013	4.32	4.50	4.30	4.46	5194189	46382612.000
01/18/2013	4.49	4.82	4.49	4.80	9484120	89240760.000
01/21/2013	4.75	4.84	4.65	4.81	5729326	55206028.000
01/22/2013	4.77	4.84	4.60	4.60	3483635	33129208.000
01/23/2013	4.55	4.61	4.48	4.55	2769366	25420266.000
01/24/2013	4.51	4.57	4.34	4.39	2388001	21508906.000
01/25/2013	4.35	4.47	4.34	4.36	2217168	19764196.000
01/28/2013	4.42	4.48	4.30	4.48	2519050	22463650.000
01/29/2013	4.49	4.74	4.47	4.64	6225535	58182024.000
01/30/2013	4.71	4.76	4.51	4.61	3828444	35675464.000
01/31/2013	4.59	4.88	4.49	4.71	5247330	49984108.000
02/01/2013	4.67	4.85	4.63	4.78	5087753	49094124.000
02/04/2013	4.78	4.83	4.61	4.67	3687261	34992944.000
02/05/2013	4.62	4.67	4.54	4.62	2219581	20659740.000
02/06/2013	4.64	4.71	4.57	4.64	1635533	15393951.000
02/07/2013	4.65	4.74	4.60	4.71	1708595	16123464.000
02/08/2013	4.71	4.77	4.68	4.73	1517454	14521946.000
02/18/2013	4.73	4.80	4.70	4.79	2091329	20127594.000
02/19/2013	4.79	4.81	4.54	4.54	3174980	29728842.000
02/20/2013	4.55	4.78	4.54	4.78	3745961	35416796.000
02/21/2013	4.76	4.99	4.70	4.83	7034797	69174944.000
02/22/2013	4.84	5.10	4.80	4.98	6719796	67337944.000
02/25/2013	4.95	5.04	4.89	4.96	4029993	40369808.000
02/26/2013	4.93	5.15	4.92	5.02	5554830	56649804.000
02/27/2013	5.01	5.07	4.86	4.95	2864997	28675066.000
02/28/2013	4.95	5.07	4.88	5.05	3034822	30659002.000
03/01/2013	5.07	5.14	4.99	5.14	3878859	39661276.000
03/04/2013	5.22	5.34	4.98	5.05	4686931	48822704.000
03/05/2013	5.05	5.28	5.01	5.25	3613278	37683404.000
03/06/2013	5.27	5.52	5.22	5.30	4468611	48507020.000
03/07/2013	5.35	5.50	5.23	5.43	5304203	57474768.000
03/08/2013	5.38	5.49	5.29	5.29	4521564	49297704.000
03/11/2013	5.29	5.37	5.15	5.24	2049968	21741310.000
03/12/2013	5.24	5.33	4.95	5.05	2966428	30687566.000
03/13/2013	5.05	5.05	4.89	5.01	2151190	21528128.000
03/14/2013	4.96	5.04	4.91	5.04	1635380	16533052.000
03/15/2013	5.02	5.14	4.94	5.01	1999274	20420024.000
03/18/2013	4.98	5.10	4.95	4.97	1665013	16873908.000
03/19/2013	4.98	5.01	4.70	4.81	2761028	26905954.000
03/20/2013	4.81	5.03	4.78	4.99	2084029	20672356.000
03/21/2013	5.00	5.21	4.95	5.20	3222664	33253760.000
03/22/2013	5.16	5.31	5.11	5.26	3009518	31794494.000
03/25/2013	5.25	5.34	5.17	5.27	2103462	22283222.000
03/26/2013	5.23	5.30	5.16	5.16	1502340	15804517.000
03/27/2013	5.16	5.21	5.13	5.18	1300562	13574880.000
03/28/2013	5.16	5.20	4.96	5.09	1999520	20550750.000
04/01/2013	4.78	4.78	4.58	4.58	4742746	44826256.000
04/02/2013	4.57	4.63	4.36	4.39	3213023	29256288.000
04/03/2013	4.42	4.46	4.38	4.39	1320497	11798460.000
04/08/2013	4.39	4.52	4.26	4.49	1349370	12127027.000
04/09/2013	4.48	4.58	4.46	4.51	1014577	9292808.000
04/10/2013	4.49	4.52	4.40	4.43	760798	6854919.500
04/11/2013	4.46	4.48	4.39	4.39	506803	4535227.500
04/12/2013	4.35	4.39	4.25	4.26	1025500	8953672.000
04/15/2013	4.26	4.28	4.07	4.10	1476856	12418675.000
04/16/2013	4.00	4.18	4.00	4.17	1269110	10600615.000
04/17/2013	4.16	4.21	4.15	4.20	761634	6456814.000
04/18/2013	4.20	4.24	4.19	4.24	566294	4834080.500
04/19/2013	4.25	4.28	4.20	4.28	1803709	15536181.000
04/22/2013	4.29	4.35	4.26	4.35	1447971	12645803.000
04/23/2013	4.32	4.34	4.15	4.22	1507128	12864068.000
04/24/2013	4.21	4.33	4.17	4.32	1240225	10723518.000
04/25/2013	4.33	4.40	4.26	4.31	1455686	12776077.000
04/26/2013	4.32	4.37	4.22	4.24	550605	4764866.000
05/02/2013	4.17	4.24	4.15	4.24	509574	4328798.000
05/03/2013	4.24	4.37	4.24	4.35	989639	8653175.000
05/06/2013	4.34	4.44	4.30	4.40	1055028	9402538.000
05/07/2013	4.41	4.45	4.37	4.40	732039	6528232.000
05/08/2013	4.39	4.45	4.32	4.44	1567223	13923864.000
05/09/2013	4.42	4.49	4.37	4.49	1480230	13319834.000
05/10/2013	4.47	4.50	4.35	4.45	2110824	18799454.000
05/13/2013	4.47	4.81	4.47	4.65	5861789	55184080.000
05/14/2013	4.64	4.80	4.58	4.72	2942670	27985598.000
05/15/2013	4.70	4.79	4.69	4.75	2019437	19347958.000
05/16/2013	4.76	4.84	4.67	4.70	2504597	24075024.000
05/17/2013	4.67	4.80	4.63	4.80	2432443	23260516.000
05/20/2013	4.78	4.85	4.73	4.83	2028928	19659512.000
05/21/2013	4.83	4.90	4.81	4.89	2147609	21088442.000
05/22/2013	4.86	5.09	4.83	5.00	3584356	36149204.000
05/23/2013	5.00	5.37	4.94	5.19	4846951	50985064.000
05/24/2013	5.19	5.32	5.11	5.27	2114771	22330140.000
05/27/2013	5.25	5.34	5.10	5.27	2503473	26370650.000
05/28/2013	5.27	5.32	5.03	5.08	2171373	22502080.000
05/29/2013	5.00	5.22	4.94	5.15	2438051	25146614.000
05/30/2013	5.13	5.60	5.10	5.48	5335477	58387484.000
05/31/2013	5.43	5.67	5.41	5.43	4031112	44923004.000
06/03/2013	5.38	5.46	5.21	5.25	2521532	26915416.000
06/04/2013	5.28	5.32	4.98	5.23	2083455	21328266.000
06/05/2013	5.18	5.28	5.10	5.23	905891	9437954.000
06/06/2013	5.13	5.22	5.08	5.17	1071174	11075840.000
06/07/2013	5.15	5.29	5.08	5.25	1392103	14522480.000
06/13/2013	5.20	5.30	4.89	5.30	1879537	19423140.000
06/14/2013	5.22	5.48	5.22	5.43	2925647	31814734.000
06/17/2013	5.39	5.54	5.21	5.27	2615639	28336532.000
06/18/2013	5.13	5.27	4.98	5.08	1950121	19878062.000
06/19/2013	5.07	5.11	4.92	5.04	1000463	10087780.000
06/20/2013	5.01	5.18	4.88	4.95	1315815	13298671.000
06/21/2013	4.86	4.93	4.59	4.88	1384015	13275972.000
06/24/2013	4.85	4.89	4.49	4.78	1501287	14254122.000
06/25/2013	4.65	5.21	4.30	5.00	2158156	20532758.000
06/26/2013	4.95	5.24	4.86	5.24	3247003	33364612.000
06/27/2013	5.24	5.27	4.87	4.98	2470182	25311600.000
06/28/2013	4.87	4.96	4.71	4.90	1955440	18939376.000
07/01/2013	4.90	5.01	4.83	4.99	1653656	16403595.000
07/02/2013	4.99	5.14	4.95	5.14	1964913	19996202.000
07/03/2013	5.10	5.20	4.94	5.19	1600586	16305829.000
07/04/2013	5.14	5.23	5.08	5.14	1518095	15685960.000
07/05/2013	5.14	5.26	5.01	5.01	1754077	18225586.000
07/08/2013	4.81	4.92	4.50	4.90	3234561	30488948.000
07/09/2013	4.85	4.88	4.71	4.75	1020020	9821956.000
07/10/2013	4.72	4.87	4.72	4.85	603763	5829537.500
07/11/2013	4.82	4.97	4.81	4.95	1044273	10282131.000
07/12/2013	4.95	5.11	4.90	4.98	1492356	15009160.000
07/15/2013	5.00	5.25	4.93	5.20	2232224	22989560.000
07/16/2013	5.21	5.40	5.18	5.34	3061391	32797446.000
07/17/2013	5.29	5.40	5.15	5.39	2674206	28348196.000
07/18/2013	5.35	5.54	5.25	5.27	3690622	39889780.000
07/19/2013	5.23	5.80	5.21	5.80	11414664	130517184.000
07/22/2013	5.80	6.39	5.70	6.36	12285734	148429616.000
07/23/2013	6.15	6.43	6.10	6.35	6958957	87471880.000
07/24/2013	6.23	6.49	6.18	6.38	5799576	73769344.000
07/25/2013	6.38	6.41	5.88	5.88	4878236	59214452.000
07/26/2013	5.89	6.09	5.88	5.96	3513591	42062696.000
07/29/2013	5.90	6.20	5.83	5.88	2832042	34252272.000
07/30/2013	5.78	5.96	5.47	5.72	2880958	32565320.000
07/31/2013	5.67	5.90	5.59	5.74	1934791	22374850.000
08/01/2013	5.71	6.06	5.68	6.02	2483389	29740270.000
08/02/2013	6.05	6.15	5.95	5.96	3177322	38372580.000
08/05/2013	5.90	6.40	5.88	6.28	4443238	54909144.000
08/06/2013	6.27	6.30	6.08	6.23	2636768	32707076.000
08/07/2013	6.16	6.22	5.83	5.88	3417086	41047556.000
08/08/2013	5.78	6.05	5.78	5.81	3431492	40730388.000
08/09/2013	5.80	6.02	5.57	5.94	4765274	55945128.000
08/12/2013	5.95	6.16	5.85	6.03	4030231	48653916.000
08/13/2013	5.98	6.41	5.98	6.27	3825963	47765272.000
08/14/2013	6.23	6.60	6.23	6.36	5098879	65985272.000
08/15/2013	6.29	6.60	6.20	6.27	3179628	40762172.000
08/16/2013	6.18	6.41	6.05	6.05	2687525	33670348.000
08/19/2013	6.05	6.44	6.04	6.44	2922025	36797424.000
08/20/2013	6.48	6.58	6.23	6.27	2844677	36472124.000
08/21/2013	6.18	6.53	6.18	6.53	4122174	53023604.000
08/22/2013	6.47	6.56	6.35	6.38	2244091	28978558.000
08/23/2013	6.38	6.43	6.12	6.36	2404317	30494334.000
08/26/2013	6.28	6.50	6.25	6.44	2231835	28732338.000
08/27/2013	6.40	6.54	6.23	6.47	2685549	34268468.000
08/28/2013	6.41	6.70	6.29	6.50	5350136	70477768.000
08/29/2013	6.54	6.73	6.45	6.67	5297765	70245424.000
08/30/2013	6.64	6.75	6.33	6.33	4191515	54567036.000
09/02/2013	6.22	6.48	6.22	6.37	1879445	23917092.000
09/03/2013	6.38	6.57	6.31	6.48	2086598	27134890.000
09/04/2013	6.48	6.78	6.43	6.78	4401983	58837000.000
09/05/2013	6.68	7.10	6.63	7.07	4422289	61144648.000
09/06/2013	7.04	7.52	6.93	6.98	4164862	60286692.000
09/09/2013	6.98	7.10	6.78	6.90	2951098	40842080.000
09/10/2013	6.90	7.17	6.67	6.97	2405543	33645624.000
09/11/2013	6.88	6.94	6.42	6.57	3765362	49793340.000
09/12/2013	6.57	6.66	6.39	6.59	1950013	25458296.000
09/13/2013	6.50	6.59	6.32	6.55	1690478	21872488.000
09/16/2013	6.49	6.86	6.48	6.84	3273354	44331388.000
09/17/2013	6.83	7.06	6.68	6.85	2499861	34539392.000
09/18/2013	6.85	7.10	6.82	7.05	2878051	40596904.000
09/23/2013	7.10	7.23	6.94	7.14	2635636	37619368.000
09/24/2013	7.16	7.53	7.03	7.45	4254894	62483292.000
09/25/2013	7.43	7.48	7.29	7.32	3707727	55115940.000
09/26/2013	7.32	7.57	7.18	7.46	3285470	48945696.000
09/27/2013	7.43	7.58	7.32	7.36	2256232	33635240.000
09/30/2013	7.23	7.29	7.08	7.19	2184295	31367954.000
10/08/2013	7.24	7.28	7.04	7.07	2085469	29894996.000
10/09/2013	7.10	7.78	7.04	7.78	3641150	54211792.000
10/10/2013	7.78	7.93	7.57	7.68	2929334	45216284.000
10/11/2013	7.67	7.90	7.48	7.87	2726273	41943264.000
10/14/2013	7.86	8.24	7.71	8.14	2547756	41082976.000
10/15/2013	8.33	8.64	7.94	8.03	3902478	64900232.000
10/16/2013	8.02	8.06	7.48	7.77	2680553	41523312.000
10/17/2013	7.77	8.19	7.64	8.13	2525189	40147804.000
10/18/2013	8.13	8.28	7.89	7.95	2398236	38863456.000
10/21/2013	7.91	8.42	7.85	8.38	3398520	55930560.000
10/22/2013	8.38	8.46	8.13	8.35	2715447	45137984.000
10/23/2013	8.34	8.45	7.53	7.74	3218753	50927260.000
10/24/2013	7.67	7.82	7.38	7.50	2542063	38653488.000
10/25/2013	7.70	7.97	7.58	7.60	3410669	53067356.000
10/28/2013	7.60	8.22	7.42	8.16	3457196	55133860.000
10/29/2013	8.00	8.63	7.68	8.48	4158894	68662472.000
10/30/2013	8.42	8.55	8.28	8.49	2259376	38154320.000
10/31/2013	8.48	8.77	7.98	8.08	2425027	40093680.000
11/01/2013	8.04	8.28	7.73	8.23	2608192	41795584.000
11/04/2013	8.19	8.30	7.94	8.26	2261653	36854960.000
11/05/2013	8.20	8.30	8.08	8.23	1437311	23713360.000
11/06/2013	8.16	8.23	7.83	7.89	2301235	37088904.000
11/07/2013	7.88	7.89	7.63	7.64	2083136	32178918.000
11/08/2013	7.64	7.64	7.45	7.54	1444895	21840922.000
11/11/2013	7.48	7.80	7.48	7.73	1376426	21171004.000
11/12/2013	7.73	8.31	7.73	8.25	3537564	57701684.000
11/13/2013	8.18	8.50	8.08	8.31	4836839	81428264.000
11/14/2013	8.31	8.59	8.27	8.58	3131596	53520600.000
11/15/2013	8.56	8.56	8.33	8.37	4236299	71436544.000
11/18/2013	8.35	8.50	8.28	8.40	3286986	55317764.000
11/19/2013	8.33	8.77	8.29	8.58	3036404	52040912.000
11/20/2013	8.63	8.63	8.33	8.41	1857954	31417936.000
11/21/2013	8.40	8.65	8.33	8.61	2627211	44719664.000
11/22/2013	8.57	8.96	8.33	8.36	3618607	63157384.000
11/25/2013	8.33	8.48	8.16	8.38	2105534	35297548.000
11/26/2013	8.39	8.77	8.31	8.72	4011397	69093216.000
11/27/2013	8.72	8.94	8.58	8.69	2160418	37848724.000
11/28/2013	8.67	8.88	8.44	8.82	2569806	44649864.000
11/29/2013	8.85	8.96	8.59	8.77	2345395	41275644.000
12/02/2013	8.36	8.36	7.89	7.89	4223184	68068064.000
12/03/2013	7.58	8.22	7.43	8.03	4288581	67454112.000
12/04/2013	8.16	8.16	7.95	7.95	2387337	38595632.000
12/05/2013	7.94	7.95	7.61	7.63	2222689	34700192.000
12/06/2013	7.60	7.69	7.43	7.63	2262083	34239756.000
12/09/2013	7.63	8.11	7.61	8.10	2546201	40151716.000
12/10/2013	8.03	8.16	7.98	8.12	2357543	38299200.000
12/11/2013	8.09	8.17	8.01	8.14	811679	13165420.000
12/12/2013	8.14	8.26	8.07	8.10	886834	14517517.000
12/13/2013	8.07	8.16	7.96	7.98	1125120	18065036.000
12/16/2013	7.99	8.18	7.96	7.98	1231288	19922398.000
12/17/2013	7.99	8.05	7.68	7.78	1877772	29357436.000
12/18/2013	7.78	8.08	7.75	8.04	1554921	24711512.000
12/19/2013	8.00	8.28	7.99	8.20	1999989	32822456.000
12/20/2013	8.18	8.30	8.08	8.13	1286161	21187398.000
12/23/2013	8.13	8.59	8.13	8.35	2255028	37929824.000
12/24/2013	8.40	8.70	8.26	8.61	1855397	31870922.000
12/25/2013	8.60	8.80	8.50	8.71	2269695	39486988.000
12/26/2013	8.68	8.91	8.51	8.53	1651333	28824656.000
12/27/2013	8.59	8.90	8.49	8.76	1485074	25937842.000
12/30/2013	8.78	8.96	8.69	8.83	1124063	19976534.000
12/31/2013	8.76	8.88	8.58	8.78	1134708	19812082.000
01/02/2014	8.79	9.23	8.66	9.18	2763763	50025172.000
01/03/2014	9.22	10.08	9.04	10.02	3702773	71783552.000
01/06/2014	9.94	10.42	9.82	9.87	3888563	79296600.000
01/07/2014	9.67	10.58	9.63	10.54	2568302	52548756.000
01/08/2014	10.70	10.70	9.95	10.06	6190987	127264176.000
01/09/2014	10.23	10.57	10.02	10.08	3927033	80797216.000
01/10/2014	9.93	10.20	9.65	9.73	1726183	34287924.000
01/13/2014	9.57	9.90	9.13	9.23	2221663	42138232.000
01/14/2014	9.31	9.80	9.13	9.62	1554823	29688210.000
01/15/2014	9.62	10.03	9.48	9.78	1107743	21726540.000
01/16/2014	9.69	9.87	9.40	9.48	1169621	22599718.000
01/17/2014	9.48	9.69	9.30	9.55	1580312	30057236.000
01/20/2014	9.58	9.96	9.18	9.25	1720755	33021820.000
01/21/2014	9.08	9.58	9.08	9.48	1719010	32445864.000
01/22/2014	9.58	10.13	9.50	9.86	4865335	95836192.000
01/23/2014	9.83	10.41	9.73	10.28	5004546	102037984.000
01/24/2014	10.31	10.38	10.10	10.19	4766854	97901232.000
01/27/2014	10.20	11.21	10.19	11.03	8256858	177919360.000
01/28/2014	10.98	11.14	10.73	10.92	3098152	67809320.000
01/29/2014	10.87	11.38	10.70	11.34	4609876	102346960.000
01/30/2014	11.23	12.18	11.14	11.54	2649435	61753432.000
02/07/2014	11.62	12.61	11.62	12.23	2726208	66397592.000
02/10/2014	12.23	12.67	12.12	12.43	2539074	63057852.000
02/11/2014	12.47	12.47	11.73	11.83	3234721	78336952.000
02/12/2014	11.78	12.13	11.48	12.13	3621511	86170576.000
02/13/2014	11.93	12.04	11.55	11.56	2573341	60742656.000
02/14/2014	11.60	11.97	11.26	11.87	3497288	81420952.000
02/17/2014	11.77	12.47	11.77	12.33	4142478	101285592.000
02/18/2014	12.27	12.92	12.04	12.72	3289361	83148072.000
02/19/2014	12.70	12.83	12.23	12.37	1778407	44532644.000
02/20/2014	12.27	12.43	11.83	11.98	2659322	64068684.000
02/21/2014	11.91	11.98	11.48	11.73	3952649	92872592.000
02/24/2014	11.67	12.88	11.45	12.57	5326373	129499728.000
02/25/2014	12.45	12.60	11.31	11.31	6187257	149079168.000
02/26/2014	11.03	11.40	10.58	11.33	2521049	56053368.000
02/27/2014	11.33	11.47	10.47	10.74	3171580	69685368.000
02/28/2014	10.67	10.73	10.08	10.72	3342882	70208320.000
03/03/2014	10.77	11.45	10.73	11.38	2734533	61361088.000
03/04/2014	11.38	11.96	11.22	11.88	3169831	73653552.000
03/05/2014	11.87	12.02	11.68	11.90	2032552	48192800.000
03/06/2014	11.83	11.98	11.39	11.60	2234559	52181108.000
03/07/2014	11.61	12.49	11.48	12.25	3780117	91834968.000
03/10/2014	12.05	13.23	11.38	11.63	2710809	64456868.000
03/11/2014	11.43	11.59	10.83	11.13	2892617	65204232.000
03/12/2014	11.08	11.48	10.62	11.13	2215074	49071176.000
03/13/2014	11.12	11.46	11.08	11.38	1826284	41369104.000
03/14/2014	11.34	12.15	11.24	11.72	2476104	58596892.000
03/17/2014	11.79	12.90	11.62	12.90	4942958	123376920.000
03/18/2014	13.15	14.19	12.99	14.19	5028222	139404656.000
03/19/2014	14.48	14.66	13.58	14.25	8727053	246130032.000
03/20/2014	14.10	15.33	13.73	14.33	7315231	213958336.000
03/21/2014	14.13	14.31	13.42	14.16	4223913	117716920.000
03/24/2014	14.13	14.44	13.63	13.97	3323087	92683640.000
03/25/2014	13.64	13.88	13.28	13.51	3259231	88144696.000
03/26/2014	13.71	14.41	13.58	13.98	3746814	105016648.000
03/27/2014	13.73	13.81	13.28	13.29	2659375	72199728.000
03/28/2014	13.43	13.47	12.38	12.71	4163873	107560160.000
03/31/2014	12.49	12.91	12.13	12.51	2537421	63642032.000
04/01/2014	12.51	13.71	12.50	13.52	4700572	123767496.000
04/02/2014	13.39	13.63	13.04	13.42	3529176	94167776.000
04/03/2014	13.33	13.72	12.93	13.28	2874363	76859736.000
04/04/2014	13.08	13.64	12.99	13.27	2076232	55279384.000
04/08/2014	13.29	13.29	12.73	12.94	2729305	71106768.000
04/09/2014	13.02	13.98	12.98	13.98	6167103	167717952.000
04/10/2014	13.83	14.03	13.30	13.33	5154907	141339856.000
04/11/2014	13.11	13.22	12.03	12.78	6408229	161542304.000
04/14/2014	12.67	12.81	12.40	12.70	3571071	90015984.000
04/15/2014	12.70	13.18	12.63	12.92	4862741	126075712.000
04/16/2014	12.81	13.02	12.64	12.89	2158887	55541236.000
04/17/2014	12.89	12.97	12.65	12.73	1191199	30515176.000
04/18/2014	12.64	13.21	12.64	13.20	2384380	62191916.000
04/21/2014	13.24	13.68	13.20	13.21	4038163	108753512.000
04/22/2014	13.09	13.20	12.57	12.79	2944721	76031520.000
04/23/2014	12.82	13.08	12.54	12.67	1898314	48911916.000
04/24/2014	12.68	12.78	11.45	11.91	5595280	134808320.000
04/25/2014	11.95	12.09	10.90	10.90	6678511	77728728.000
04/28/2014	10.95	10.95	9.91	10.31	9135668	93614120.000
04/29/2014	10.18	11.05	10.18	11.00	9248465	98120464.000
04/30/2014	10.90	11.31	10.70	11.10	7559727	83405304.000
05/05/2014	11.05	11.28	10.75	11.00	5274258	57831948.000
05/06/2014	11.00	11.27	10.90	11.27	7845752	87180088.000
05/07/2014	11.35	11.35	10.56	10.61	6943853	75228760.000
05/08/2014	10.49	10.77	10.17	10.30	5682387	59464860.000
05/09/2014	10.29	10.36	9.70	9.91	6089764	61135684.000
05/12/2014	9.97	10.15	9.23	10.12	9713113	94351256.000
05/13/2014	9.96	10.15	9.70	9.83	5243614	52128820.000
05/14/2014	9.83	10.06	9.76	9.98	4335548	43107972.000
05/15/2014	9.99	10.31	9.70	9.71	6969746	70052184.000
05/16/2014	9.60	9.80	9.40	9.73	3509122	33710076.000
05/19/2014	9.61	9.80	9.52	9.71	2104212	20331360.000
05/20/2014	9.95	10.25	9.95	10.08	7388694	74368880.000
05/21/2014	10.02	10.18	9.96	10.10	2959859	29833952.000
05/22/2014	10.15	10.68	10.02	10.44	10690568	111698224.000
05/23/2014	10.35	10.94	10.32	10.93	7906081	84303944.000
05/26/2014	11.11	11.42	10.96	11.36	9660273	108490424.000
05/27/2014	11.32	11.35	11.04	11.22	6119072	68218840.000
05/28/2014	11.20	11.53	11.10	11.39	6182336	70412552.000
05/29/2014	11.40	11.75	11.10	11.27	6658706	76178472.000
05/30/2014	11.32	11.39	11.03	11.26	3164883	35551960.000
06/03/2014	11.30	11.37	11.04	11.09	3807682	42506096.000
06/04/2014	11.08	11.17	10.65	10.92	4016887	43795600.000
06/05/2014	10.88	11.28	10.84	11.26	4945323	55191960.000
06/06/2014	11.55	11.94	11.49	11.69	9894109	115819912.000
06/09/2014	11.70	12.19	11.60	11.77	6930221	82761704.000
06/10/2014	11.65	11.95	11.46	11.81	5339160	62454708.000
06/11/2014	11.81	12.28	11.78	12.06	5594291	67448568.000
06/12/2014	11.92	12.07	11.80	11.96	2864408	34215496.000
06/13/2014	11.93	12.56	11.87	12.37	6916822	85146464.000
06/16/2014	12.36	12.95	12.31	12.82	6897116	87610368.000
06/17/2014	12.80	12.97	12.42	12.53	6578457	82929192.000
06/18/2014	12.50	12.62	12.00	12.08	5405608	66033912.000
06/19/2014	12.04	12.49	11.60	12.02	6961776	83958632.000
06/20/2014	12.08	12.40	11.77	12.34	4606937	56264708.000
06/23/2014	12.45	12.78	12.30	12.66	4979060	62962732.000
06/24/2014	12.62	12.77	12.50	12.72	3576853	45094704.000
06/25/2014	12.66	12.74	12.42	12.53	2477960	31093136.000
06/26/2014	12.58	12.75	12.53	12.63	3904759	49425928.000
06/27/2014	12.64	12.65	12.30	12.46	4812122	59877332.000
06/30/2014	12.46	12.55	12.27	12.45	4039657	50158628.000
07/01/2014	12.44	12.53	11.63	11.80	21974806	264202448.000
07/02/2014	11.60	11.84	11.46	11.71	8638410	100546616.000
07/03/2014	11.71	12.88	11.61	12.88	22075207	273844256.000
07/04/2014	12.93	12.93	12.45	12.56	20472967	258065984.000
07/07/2014	12.50	12.52	12.10	12.12	9939916	121934472.000
07/08/2014	12.13	12.59	12.11	12.43	8399101	104250320.000
07/09/2014	12.60	12.74	11.99	12.00	9077549	112177224.000
07/10/2014	11.96	12.13	11.78	11.90	6015236	71742464.000
07/11/2014	11.82	12.09	11.80	11.98	4456781	53164256.000
07/14/2014	11.99	11.99	11.55	11.78	7440959	87149272.000
07/15/2014	11.78	11.86	11.35	11.40	8560827	98998928.000
07/16/2014	11.42	11.51	10.88	10.99	7734770	86377968.000
07/17/2014	10.96	11.10	10.91	11.09	3493254	38494492.000
07/18/2014	11.05	11.17	10.86	10.98	4429468	48746060.000
07/21/2014	11.03	11.03	10.55	10.70	5420469	58050952.000
07/22/2014	10.65	10.95	10.63	10.84	4188419	45421244.000
07/23/2014	10.84	11.00	10.37	10.42	6418275	68150432.000
07/24/2014	10.39	10.51	10.04	10.20	6233036	63393360.000
07/25/2014	10.17	10.39	10.17	10.30	4520540	46475708.000
07/28/2014	10.34	10.83	10.30	10.77	7103902	75563008.000
07/29/2014	10.77	11.04	10.75	10.91	5354238	58491736.000
07/30/2014	10.89	10.94	10.61	10.88	7087810	76363504.000
07/31/2014	10.87	11.30	10.78	11.23	7344426	81433592.000
08/01/2014	11.18	11.45	11.04	11.10	6782413	76245784.000
08/04/2014	11.08	11.22	10.99	11.12	3808476	42296988.000
08/05/2014	11.12	11.88	11.04	11.76	13050061	150799296.000
08/06/2014	11.55	11.73	11.50	11.64	9131361	106134688.000
08/07/2014	11.60	11.78	11.53	11.57	5779892	67265256.000
08/08/2014	11.58	11.75	11.55	11.65	4611098	53632948.000
08/11/2014	11.70	11.85	11.70	11.77	5857282	68992320.000
08/12/2014	11.75	11.77	11.57	11.62	7166040	83355928.000
08/13/2014	11.61	11.81	11.56	11.71	6390636	74643488.000
08/14/2014	11.71	12.38	11.65	12.14	18596366	224037968.000
08/15/2014	12.03	12.54	12.01	12.50	19480077	240845008.000
08/18/2014	12.58	12.65	12.31	12.47	16797826	209033472.000
08/19/2014	12.50	12.68	12.30	12.49	16348460	204282288.000
08/20/2014	12.44	12.52	12.28	12.35	9723955	120423344.000
08/21/2014	12.35	12.50	12.26	12.44	8668604	107272480.000
08/22/2014	12.46	12.68	12.41	12.65	12393361	156007168.000
08/25/2014	12.60	12.63	12.28	12.35	9242663	114773200.000
08/26/2014	12.32	12.35	11.77	11.90	10548717	126721712.000
08/27/2014	11.80	12.08	11.80	12.00	4236067	50767648.000
08/28/2014	12.02	12.07	11.83	11.87	4115150	49091788.000
08/29/2014	11.87	12.02	11.83	11.95	3913808	46675388.000
09/01/2014	11.95	12.25	11.95	12.23	4713279	57172092.000
09/02/2014	12.28	12.45	12.20	12.36	7465829	92069240.000
09/03/2014	12.36	12.54	12.27	12.50	10267331	127435888.000
09/04/2014	12.51	12.57	12.38	12.53	10819004	134963776.000
09/05/2014	12.56	13.28	12.47	13.14	23208126	299205408.000
09/09/2014	13.16	13.26	12.83	13.25	15593005	204113648.000
09/10/2014	13.25	13.48	13.08	13.31	11294685	150211136.000
09/11/2014	13.32	13.90	13.20	13.45	17410844	235961200.000
09/12/2014	13.45	13.85	13.40	13.80	12894211	176932544.000
09/15/2014	13.90	13.96	13.70	13.85	10824660	149737968.000
09/16/2014	13.85	13.88	12.94	12.95	16831871	225425792.000
09/17/2014	12.95	13.44	12.71	13.26	9663054	126993664.000
09/18/2014	13.19	13.49	13.10	13.33	6199809	82649472.000
09/19/2014	13.34	13.50	13.26	13.44	6133051	82150408.000
09/22/2014	13.46	13.50	12.99	13.06	7153817	93934208.000
09/23/2014	13.06	13.24	13.03	13.16	5406118	71055840.000
09/24/2014	13.10	13.44	13.06	13.37	7427943	98832760.000
09/25/2014	13.40	13.72	13.40	13.59	12364802	167842800.000
09/26/2014	13.59	13.70	13.50	13.69	7702310	105006544.000
09/29/2014	13.71	13.97	13.69	13.79	8898280	123271000.000
09/30/2014	13.82	13.93	13.70	13.84	8406039	116110008.000
10/08/2014	14.01	14.60	14.00	14.52	14951246	215000224.000
10/09/2014	14.50	14.53	14.13	14.36	11229333	161082896.000
10/10/2014	14.41	14.90	14.24	14.52	11819400	172293216.000
10/13/2014	14.41	14.42	14.00	14.26	10097300	142837664.000
10/14/2014	14.30	14.68	14.30	14.58	12247837	177944400.000
10/15/2014	14.60	15.15	14.36	15.14	18308808	272370656.000
10/16/2014	15.05	16.00	14.88	15.23	21187246	327235328.000
10/17/2014	15.24	15.47	14.37	14.61	15049952	222167424.000
10/20/2014	14.61	15.50	14.60	15.35	14188340	215465232.000
10/21/2014	15.35	15.58	15.02	15.24	11628954	178046512.000
10/22/2014	15.11	15.20	14.42	14.46	12879461	190089040.000
10/23/2014	14.38	14.42	13.80	13.88	12047296	169120704.000
10/24/2014	13.78	14.09	13.65	13.78	6162706	85762352.000
10/27/2014	13.71	14.21	13.40	14.20	6882243	95962840.000
10/28/2014	14.22	14.59	14.21	14.59	8323390	120168328.000
10/29/2014	14.60	14.89	14.52	14.66	9148428	134182576.000
10/30/2014	14.66	14.89	14.50	14.53	8315908	122145280.000
10/31/2014	14.47	14.68	14.00	14.21	8323268	118833680.000
数据来源:通达信
