300041 回天新材 日线
      日期	    开盘	    最高	    最低	    收盘	    成交量	    成交额
10/08/2010	24.07	24.18	23.56	24.13	508364	32046576.000
10/11/2010	24.22	24.22	23.09	23.66	385191	24048732.000
10/12/2010	23.48	23.70	22.90	23.64	468353	28813650.000
10/13/2010	23.49	23.50	23.21	23.48	195503	12061554.000
10/14/2010	23.48	24.06	22.93	23.40	301679	18788648.000
10/15/2010	23.11	23.57	22.35	22.39	561010	33820740.000
10/18/2010	22.15	22.36	21.22	22.07	660091	37555188.000
10/19/2010	22.07	23.48	21.96	23.09	666615	40531660.000
10/20/2010	22.39	23.43	22.38	23.35	657636	40108916.000
10/21/2010	23.08	23.16	22.36	22.71	331061	19895146.000
10/22/2010	22.69	24.03	22.43	24.01	563532	34877944.000
10/25/2010	23.95	25.18	23.72	24.93	1178702	76964936.000
10/26/2010	25.04	25.04	24.44	24.73	587737	38116316.000
10/27/2010	24.88	25.78	24.66	25.28	469670	31094084.000
10/28/2010	25.28	25.61	24.46	24.64	455249	29662056.000
10/29/2010	24.52	25.43	24.52	25.43	964026	63369848.000
11/01/2010	25.63	26.16	25.43	25.91	902190	61272712.000
11/02/2010	25.90	25.90	25.06	25.08	562209	37479872.000
11/03/2010	24.77	24.77	23.87	24.22	593083	37832760.000
11/04/2010	24.09	24.65	23.72	24.61	570348	36222796.000
11/05/2010	24.61	24.93	24.19	24.91	714497	46271292.000
11/08/2010	24.97	26.06	24.75	26.02	690819	46486816.000
11/09/2010	25.93	26.18	25.52	26.06	338028	23030466.000
11/10/2010	25.93	27.52	25.68	26.72	716467	50838732.000
11/11/2010	26.61	27.24	26.02	26.32	409032	28612340.000
11/12/2010	26.22	26.41	24.85	25.31	419067	28158792.000
11/15/2010	25.43	27.10	25.43	27.10	1180041	82774296.000
11/16/2010	27.23	27.73	25.46	26.02	910459	63820916.000
11/18/2010	25.43	25.92	24.85	25.73	441446	29447434.000
11/19/2010	25.54	26.94	25.54	26.94	538643	37136796.000
11/22/2010	27.08	27.73	26.68	27.43	1153461	82654776.000
11/23/2010	27.30	27.72	26.54	27.23	698875	49541536.000
11/24/2010	27.07	27.97	27.00	27.66	567754	41171736.000
11/25/2010	27.77	27.89	26.65	26.87	676359	48107044.000
11/26/2010	26.61	26.80	26.25	26.66	523274	36587176.000
11/29/2010	26.66	27.08	26.22	26.72	934138	65409096.000
11/30/2010	26.88	26.88	23.98	24.98	1569566	103382888.000
12/01/2010	24.66	24.96	24.34	24.61	798816	51850076.000
12/02/2010	24.93	25.04	24.26	24.38	817118	52885712.000
12/03/2010	24.38	24.81	24.26	24.69	633994	41040948.000
12/06/2010	24.69	25.19	24.34	24.61	528744	34521244.000
12/07/2010	24.52	25.54	24.46	25.32	683383	45220412.000
12/08/2010	25.29	25.79	25.13	25.55	824266	55663464.000
12/09/2010	25.43	25.77	25.05	25.16	514777	34435908.000
12/10/2010	25.04	25.35	24.78	25.19	497048	32908578.000
12/13/2010	25.39	26.29	25.24	26.26	1092150	74159416.000
12/14/2010	26.26	26.29	25.89	26.08	588380	40338380.000
12/15/2010	26.02	26.72	25.86	26.16	685517	47551420.000
12/16/2010	26.16	26.79	25.96	26.57	705067	49104904.000
12/17/2010	26.49	26.64	26.06	26.29	569773	39513504.000
12/20/2010	26.34	26.34	24.85	25.43	850589	57152392.000
12/22/2010	25.74	25.80	25.09	25.20	394440	26300690.000
12/23/2010	25.16	25.16	23.88	24.26	1073013	68947120.000
12/24/2010	24.18	24.38	23.89	24.18	649324	41350256.000
12/27/2010	24.48	24.65	23.13	23.28	514800	32357964.000
12/28/2010	23.13	23.29	22.90	22.93	379858	23131250.000
12/29/2010	22.93	23.38	22.93	23.25	415130	25395696.000
12/30/2010	23.17	23.48	23.10	23.38	284873	17539752.000
12/31/2010	23.68	23.86	23.41	23.66	312995	19507030.000
01/04/2011	23.64	24.52	23.52	24.26	780522	49604132.000
01/05/2011	24.22	24.72	23.87	24.61	1453283	93227592.000
01/06/2011	24.46	24.68	23.66	23.70	487930	30907512.000
01/07/2011	23.71	23.87	23.09	23.23	464694	28715540.000
01/10/2011	23.40	24.45	23.13	23.23	992408	62604284.000
01/11/2011	23.01	23.29	22.39	22.78	485812	29235216.000
01/12/2011	23.09	23.35	22.73	23.08	254384	15505910.000
01/13/2011	22.97	23.50	22.97	23.38	254443	15680359.000
01/14/2011	23.40	23.40	22.45	22.47	309950	18659734.000
01/17/2011	22.05	22.60	21.18	21.25	615549	35658276.000
01/18/2011	21.27	21.66	21.25	21.47	547346	31194810.000
01/19/2011	21.48	22.41	21.25	22.11	890905	51561304.000
01/20/2011	22.04	22.28	21.29	21.36	814400	47084160.000
01/21/2011	21.53	22.50	21.39	22.30	679689	39575272.000
01/24/2011	22.15	22.46	20.78	20.98	687395	39108420.000
01/25/2011	20.77	21.02	20.00	20.47	569665	30998098.000
01/26/2011	20.55	20.94	20.47	20.86	321160	17645700.000
01/27/2011	20.67	21.33	20.36	21.14	310350	17276122.000
01/28/2011	21.14	21.60	21.06	21.39	268902	15222060.000
01/31/2011	21.31	21.62	21.14	21.62	304200	17290928.000
02/01/2011	21.64	21.72	21.42	21.54	229263	13101299.000
02/09/2011	21.64	21.64	20.63	20.74	580127	32421220.000
02/10/2011	20.59	21.68	20.57	21.67	732191	41196932.000
02/11/2011	21.67	22.39	21.63	22.23	693687	40433180.000
02/14/2011	22.22	22.66	21.90	22.45	798312	47001088.000
02/15/2011	22.41	22.61	22.15	22.26	510218	30151758.000
02/16/2011	22.26	23.24	22.23	23.07	620491	37505456.000
02/17/2011	23.19	23.32	22.93	23.18	438756	26794276.000
02/18/2011	23.09	23.27	22.70	22.94	374435	22668318.000
02/21/2011	22.39	23.40	22.39	23.30	460173	28095050.000
02/22/2011	23.17	23.35	22.45	22.50	596909	35837340.000
02/23/2011	22.34	23.65	22.32	23.13	759590	46389424.000
02/24/2011	23.17	23.63	22.50	22.66	819775	49712436.000
02/25/2011	22.67	22.77	22.26	22.26	520675	31066214.000
02/28/2011	22.31	22.55	21.76	22.25	660393	38498784.000
03/01/2011	22.25	22.61	22.23	22.41	491309	29133142.000
03/02/2011	22.32	22.38	21.53	21.72	603628	34849400.000
03/03/2011	21.75	21.88	21.53	21.80	672647	38676640.000
03/04/2011	21.87	21.95	21.63	21.85	269554	15541746.000
03/07/2011	21.91	22.57	21.91	22.38	517514	30659908.000
03/08/2011	22.37	22.63	22.35	22.56	375771	22335010.000
03/09/2011	22.56	22.70	22.22	22.43	298055	17644110.000
03/10/2011	22.47	23.39	22.47	22.93	854223	51898960.000
03/11/2011	22.89	23.34	22.70	23.06	754991	45966920.000
03/14/2011	22.97	23.47	22.95	23.18	430829	26336242.000
03/15/2011	23.19	23.19	21.92	22.50	508762	30180494.000
03/16/2011	22.62	23.17	22.34	22.88	568882	34340248.000
03/17/2011	22.85	23.05	22.25	22.27	409603	24445672.000
03/18/2011	22.41	22.84	22.34	22.56	256698	15264987.000
03/21/2011	22.47	22.88	22.47	22.60	227182	13613540.000
03/22/2011	22.63	23.16	22.52	23.14	435211	26332986.000
03/23/2011	23.14	23.19	22.89	23.07	406690	24781912.000
03/24/2011	23.10	23.28	22.62	22.84	389098	23497576.000
03/25/2011	22.85	23.05	21.53	21.95	1458204	85711472.000
03/28/2011	22.14	22.48	21.47	21.47	1146039	66816960.000
03/29/2011	21.18	21.48	20.36	20.43	910138	50253316.000
03/30/2011	20.32	20.58	20.05	20.24	456274	24589222.000
03/31/2011	20.28	20.82	20.28	20.38	416133	22645040.000
04/01/2011	20.39	20.56	20.29	20.55	284373	15366703.000
04/06/2011	20.50	20.66	20.05	20.10	462170	24953894.000
04/07/2011	20.04	20.79	20.04	20.75	441567	24123104.000
04/08/2011	20.75	21.00	20.67	20.93	277492	15341126.000
04/11/2011	21.03	21.04	20.52	20.62	281562	15406840.000
04/12/2011	20.45	20.61	20.28	20.36	240654	13023374.000
04/13/2011	20.36	20.66	20.20	20.64	270273	14745043.000
04/14/2011	20.55	20.94	20.52	20.63	189113	10367335.000
04/15/2011	20.63	20.82	20.13	20.40	225477	12173185.000
04/18/2011	20.38	20.38	19.76	19.77	508368	26856358.000
04/19/2011	19.77	19.88	19.31	19.45	551839	28587066.000
04/21/2011	19.59	20.43	19.50	20.33	1080168	56977444.000
04/22/2011	20.20	20.35	20.09	20.23	473148	25333462.000
04/25/2011	20.28	20.35	19.66	19.67	496630	26233856.000
04/26/2011	19.79	19.79	19.53	19.72	421106	21952364.000
04/27/2011	19.96	19.97	19.12	19.33	325820	16960168.000
04/28/2011	19.33	19.50	18.41	18.63	578498	28938486.000
04/29/2011	18.47	18.93	18.23	18.76	353434	10791865.000
05/03/2011	18.75	19.23	18.56	19.17	348213	10853415.000
05/04/2011	18.91	19.35	18.90	18.91	418078	13112918.000
05/05/2011	18.93	19.23	18.93	19.12	271315	8521273.000
05/06/2011	18.85	19.90	18.75	19.78	501687	16228594.000
05/09/2011	19.81	20.25	19.62	20.15	312176	10281325.000
05/10/2011	19.86	20.15	19.80	19.89	257028	8372428.000
05/11/2011	19.81	20.03	19.72	19.85	224846	7321135.500
05/12/2011	19.86	19.87	19.50	19.73	152433	4941237.000
05/13/2011	19.62	19.92	19.50	19.87	167208	5399637.000
05/16/2011	20.11	20.30	19.70	19.87	174687	5700172.000
05/17/2011	19.78	19.95	19.53	19.85	254256	8248595.000
05/18/2011	19.60	19.87	19.55	19.80	215161	6969930.500
05/19/2011	19.81	19.81	19.50	19.62	264805	8529474.000
05/20/2011	19.62	19.68	19.37	19.62	312483	10011738.000
05/23/2011	19.28	19.75	19.06	19.18	338483	10741765.000
05/24/2011	19.62	19.80	19.12	19.35	580754	18450196.000
05/25/2011	19.34	19.34	18.68	18.93	346376	10773557.000
05/26/2011	18.87	18.89	18.52	18.68	458722	14061063.000
05/27/2011	18.62	18.86	18.25	18.81	226218	6913043.500
05/30/2011	18.78	18.98	18.67	18.75	272595	8422901.000
05/31/2011	18.75	18.97	18.68	18.94	186242	5768476.000
06/01/2011	18.93	19.12	18.93	19.08	207383	6486837.000
06/02/2011	19.04	19.04	18.68	18.81	415206	12842477.000
06/03/2011	18.84	19.75	18.84	19.50	256475	8134742.500
06/07/2011	19.75	20.06	19.49	19.98	361174	11772945.000
06/08/2011	19.93	20.00	19.64	19.77	225786	7364985.500
06/09/2011	19.81	19.93	19.58	19.62	124700	4044042.250
06/10/2011	20.07	20.32	19.62	20.12	432497	14226091.000
06/13/2011	19.84	20.40	19.84	20.38	321866	10636812.000
06/14/2011	20.33	20.50	20.12	20.37	115116	3842191.000
06/15/2011	20.55	20.55	20.12	20.31	177724	5922614.500
06/16/2011	20.25	20.37	19.99	20.06	212998	7031920.000
06/17/2011	20.03	20.30	20.03	20.28	260100	8607760.000
06/20/2011	20.25	20.83	20.25	20.43	637448	21456388.000
06/21/2011	20.40	20.62	19.59	19.88	334506	10972168.000
06/22/2011	19.90	19.94	19.43	19.62	418707	13450656.000
06/23/2011	19.53	19.87	19.43	19.62	258096	8350983.500
06/24/2011	19.62	20.43	19.62	20.40	456830	15093317.000
06/27/2011	20.34	20.56	20.01	20.09	529134	17578608.000
06/28/2011	20.12	20.35	19.97	20.06	162851	5356646.000
06/29/2011	20.03	20.12	19.80	19.85	677348	22111814.000
06/30/2011	19.90	20.43	19.90	20.38	359150	11942205.000
07/01/2011	20.34	20.50	20.12	20.31	267739	8920526.000
07/04/2011	20.30	20.73	20.06	20.73	706334	23608868.000
07/05/2011	20.72	21.36	20.55	20.72	394000	13498878.000
07/06/2011	20.75	20.75	20.32	20.61	209812	7046387.500
07/07/2011	20.44	21.12	20.44	21.07	877800	30059538.000
07/08/2011	20.99	21.26	20.65	21.23	286918	9831759.000
07/11/2011	21.00	21.06	20.12	20.40	998293	33370114.000
07/12/2011	20.20	20.39	19.67	19.80	1049520	34198156.000
07/13/2011	19.80	20.12	19.80	20.00	713417	23398752.000
07/14/2011	20.00	20.13	19.16	19.49	2382820	76108608.000
07/15/2011	19.43	19.93	19.31	19.84	1155180	37452856.000
07/18/2011	19.87	20.18	19.76	19.85	927018	30385808.000
07/19/2011	19.68	19.70	19.00	19.37	1038216	32730878.000
07/20/2011	19.50	19.67	19.12	19.38	471588	14918945.000
07/21/2011	19.50	19.86	19.29	19.78	1249915	40263744.000
07/22/2011	19.79	20.60	19.68	20.33	1670181	55391808.000
07/25/2011	20.31	20.32	19.12	19.19	1470954	47210040.000
07/26/2011	19.20	19.65	19.20	19.48	739749	23620134.000
07/27/2011	19.56	20.27	19.28	20.20	1230194	39765196.000
07/28/2011	19.98	20.18	19.84	20.13	481779	15776664.000
07/29/2011	20.43	20.43	19.84	20.00	262994	8635878.000
08/01/2011	20.00	20.20	19.53	19.93	396128	12972932.000
08/02/2011	19.57	19.86	19.50	19.70	332011	10679072.000
08/03/2011	19.57	20.93	19.53	20.50	1336372	44889732.000
08/04/2011	20.44	20.60	20.13	20.30	1116832	37236736.000
08/05/2011	19.93	19.93	19.53	19.83	782067	25268232.000
08/08/2011	19.56	20.62	19.19	20.06	1124035	36454820.000
08/09/2011	19.56	20.20	19.19	20.12	643491	20894370.000
08/10/2011	20.25	20.48	19.85	20.30	605361	20089252.000
08/11/2011	19.92	20.43	19.81	20.25	510771	16906016.000
08/12/2011	20.42	20.83	19.97	20.59	969711	32540558.000
08/15/2011	20.58	22.00	20.46	21.87	2307901	80759216.000
08/16/2011	21.78	21.85	21.28	21.42	872062	30821844.000
08/17/2011	21.38	21.73	21.23	21.37	535698	18827536.000
08/18/2011	20.87	21.05	20.17	20.62	1766576	59501200.000
08/19/2011	20.25	21.17	20.00	21.10	980275	33071026.000
08/22/2011	21.05	21.06	20.62	20.67	506370	17228206.000
08/23/2011	20.68	20.82	20.57	20.77	331856	11260225.000
08/24/2011	20.80	21.12	20.37	20.43	606289	20601606.000
08/25/2011	20.47	20.47	19.90	20.28	1175087	38817632.000
08/26/2011	20.28	20.62	20.17	20.37	755943	25167360.000
08/29/2011	20.34	20.74	20.34	20.65	804129	27089442.000
08/30/2011	20.62	20.71	20.26	20.27	384162	12882121.000
08/31/2011	20.36	20.47	19.43	19.67	1230097	39645636.000
09/01/2011	19.50	19.68	19.12	19.45	635545	20302084.000
09/02/2011	19.34	19.38	18.56	19.04	603519	18679500.000
09/05/2011	18.78	18.78	17.95	18.75	722907	21714664.000
09/06/2011	18.38	18.38	17.81	17.82	536096	15845042.000
09/07/2011	17.85	18.15	17.44	18.09	680767	19902852.000
09/08/2011	18.16	18.24	17.64	17.66	377405	11170705.000
09/09/2011	17.68	17.81	17.50	17.65	168700	4888169.500
09/13/2011	17.50	17.50	16.70	16.87	257902	7223925.000
09/14/2011	16.87	17.30	16.78	17.29	256598	7205048.500
09/15/2011	17.30	17.39	17.05	17.05	218871	6212525.000
09/16/2011	17.06	17.37	17.01	17.21	215687	6096120.500
09/19/2011	17.20	17.31	16.78	16.86	137800	3866387.500
09/20/2011	16.79	16.85	16.41	16.85	160766	4415255.500
09/21/2011	16.97	17.34	16.63	17.09	887798	24987540.000
09/22/2011	17.06	17.10	16.37	16.37	376796	10376187.000
09/23/2011	15.94	16.18	15.82	16.04	268154	7059755.000
09/26/2011	16.03	16.16	15.44	15.68	218232	5693016.000
09/27/2011	15.72	15.93	15.58	15.87	295247	7713940.000
09/28/2011	16.11	16.11	15.82	15.92	619423	16239492.000
09/29/2011	15.51	16.17	15.51	15.87	232371	6101564.000
09/30/2011	15.90	16.14	15.45	15.86	626224	16175130.000
10/10/2011	15.71	15.95	15.50	15.65	47743	1235205.875
10/11/2011	16.12	16.34	15.53	15.68	124291	3268113.500
10/12/2011	15.53	16.15	15.18	16.15	294405	7750126.500
10/13/2011	16.14	17.05	16.09	16.87	668992	18526888.000
10/14/2011	16.87	17.03	16.50	16.80	164206	4527770.000
10/17/2011	16.65	16.93	16.56	16.65	106905	2935245.000
10/18/2011	16.59	16.75	16.25	16.37	125049	3383237.500
10/19/2011	16.34	16.62	16.03	16.03	169254	4523935.500
10/20/2011	16.17	16.62	15.86	16.08	346080	9235873.000
10/21/2011	16.37	16.37	14.81	15.28	346211	8735311.000
10/24/2011	14.98	15.75	14.32	14.56	597177	14472597.000
10/25/2011	14.65	15.06	14.43	14.81	293101	7167230.000
10/26/2011	15.15	15.55	14.87	15.30	960456	24130706.000
10/27/2011	15.23	15.45	14.98	15.31	855641	21701168.000
10/28/2011	15.52	15.78	15.14	15.45	1102114	27987140.000
10/31/2011	15.37	15.62	15.37	15.61	850186	21773264.000
11/01/2011	15.50	16.18	15.12	16.07	1383221	36228668.000
11/02/2011	15.75	16.33	15.51	16.25	875055	22969962.000
11/03/2011	16.47	16.59	16.12	16.25	1012110	27337756.000
11/04/2011	16.25	16.47	16.06	16.37	758255	20349124.000
11/07/2011	16.37	16.47	16.17	16.20	297826	7996440.000
11/08/2011	16.20	16.24	15.62	15.63	415569	10914145.000
11/09/2011	15.73	15.97	15.53	15.95	247039	6419712.500
11/10/2011	15.68	16.33	15.59	16.18	1064773	28187140.000
11/11/2011	16.18	16.48	15.90	16.42	1034093	27793180.000
11/14/2011	16.67	16.81	16.50	16.80	1242529	34164864.000
11/15/2011	16.75	17.16	16.60	16.87	1093963	30477892.000
11/16/2011	16.81	17.17	16.15	16.32	966208	26345038.000
11/17/2011	16.12	16.85	16.12	16.63	944980	25821368.000
11/18/2011	16.56	17.00	16.37	16.90	1202451	33140434.000
11/21/2011	16.90	16.91	16.40	16.70	487581	13355527.000
11/22/2011	16.67	17.33	16.41	16.99	1844290	51572868.000
11/23/2011	16.87	17.50	16.83	17.15	1604619	45488984.000
11/24/2011	17.12	17.37	16.69	17.23	880800	24755418.000
11/25/2011	17.05	17.54	17.05	17.35	772648	22033510.000
11/28/2011	17.35	17.50	16.75	16.97	634979	17767910.000
11/29/2011	17.11	17.15	16.75	17.07	771862	21560280.000
11/30/2011	16.87	16.98	15.31	16.18	1351153	35590524.000
12/01/2011	16.52	16.67	15.82	16.30	731065	19698278.000
12/02/2011	15.92	16.11	15.34	15.54	375484	9654158.000
12/05/2011	15.56	15.56	14.31	14.45	455324	11052303.000
12/06/2011	14.44	14.46	13.90	14.43	642582	15066981.000
12/07/2011	14.25	14.50	14.17	14.43	160001	3810537.500
12/08/2011	14.28	14.28	13.60	14.11	875776	20155926.000
12/09/2011	13.80	14.00	13.50	13.67	492222	11186477.000
12/12/2011	13.56	13.71	13.45	13.58	165564	3739412.000
12/13/2011	13.50	13.58	13.25	13.53	364001	8088218.000
12/14/2011	13.45	13.91	13.41	13.75	351206	7953058.000
12/15/2011	13.51	13.92	13.45	13.46	354730	8059411.500
12/16/2011	13.38	14.05	13.33	13.87	267861	6044716.500
12/19/2011	13.87	13.87	13.37	13.63	693067	15561980.000
12/20/2011	13.50	13.67	13.35	13.42	434495	9741624.000
12/21/2011	13.48	13.55	12.03	12.12	1029172	21732488.000
12/22/2011	11.93	12.28	11.13	11.85	1450417	27728420.000
12/23/2011	11.62	11.92	11.40	11.67	520868	10112815.000
12/26/2011	11.38	11.53	11.25	11.32	430144	8198126.500
12/27/2011	11.32	11.34	10.91	11.12	336097	6274765.000
12/28/2011	10.97	11.14	10.52	10.86	611966	10993861.000
12/29/2011	10.75	11.15	10.75	11.10	482023	8810052.000
12/30/2011	11.10	11.49	11.10	11.32	197003	3714928.250
01/04/2012	11.61	11.61	10.81	10.81	109520	2044228.000
01/05/2012	10.58	10.93	9.91	10.31	303013	5294184.500
01/06/2012	10.35	10.43	9.98	10.39	270609	4643968.000
01/09/2012	10.31	10.72	10.06	10.72	608669	10763437.000
01/10/2012	10.62	11.30	10.62	11.22	787666	14504830.000
01/11/2012	11.22	11.34	11.00	11.23	711134	13299735.000
01/12/2012	11.32	11.93	11.09	11.34	1071285	20626354.000
01/13/2012	11.13	11.30	10.16	10.27	2114674	36815688.000
01/16/2012	10.06	10.24	9.43	9.51	726049	12082812.000
01/17/2012	9.50	10.03	9.31	9.95	977452	15969094.000
01/18/2012	9.96	10.10	9.41	9.43	678558	11159870.000
01/19/2012	9.49	9.78	9.34	9.55	1265791	20312270.000
01/20/2012	9.68	10.56	9.65	10.22	1968396	33718668.000
01/30/2012	10.06	10.62	9.84	10.43	1875076	31929572.000
01/31/2012	10.25	10.35	9.87	10.02	1396296	23408878.000
02/01/2012	9.91	10.11	9.76	9.87	934129	15637723.000
02/02/2012	9.89	10.10	9.83	10.10	778863	13050685.000
02/03/2012	10.12	10.45	10.06	10.36	1550870	26830210.000
02/06/2012	10.40	10.70	10.31	10.51	1353126	23812492.000
02/07/2012	10.44	10.48	10.18	10.19	838033	14484210.000
02/08/2012	10.28	10.98	10.19	10.91	1945111	34787884.000
02/09/2012	10.93	11.29	10.73	11.10	2110786	39050088.000
02/10/2012	10.98	11.10	10.85	10.99	1326630	24380242.000
02/13/2012	10.87	11.27	10.84	11.14	1504071	27924526.000
02/14/2012	11.14	11.74	11.14	11.45	2148574	41130288.000
02/15/2012	11.48	11.65	11.22	11.65	1386010	26535012.000
02/16/2012	11.67	11.68	11.32	11.48	1403920	26957414.000
02/17/2012	11.43	11.61	10.95	10.98	2674702	49873444.000
02/20/2012	11.07	11.26	11.00	11.07	2778383	51674796.000
02/21/2012	11.07	11.25	10.95	11.24	1703568	31677368.000
02/22/2012	11.29	11.67	11.28	11.64	2516901	48572016.000
02/23/2012	11.58	11.93	11.36	11.65	5014349	97410160.000
02/24/2012	11.67	11.87	11.62	11.86	2653356	51908204.000
02/27/2012	11.89	12.00	11.37	11.68	3084287	60341128.000
02/28/2012	11.57	11.57	11.18	11.36	2280481	43335076.000
02/29/2012	11.25	11.52	11.25	11.28	1275583	24215506.000
03/01/2012	11.27	11.52	11.25	11.38	799529	15213895.000
03/02/2012	11.37	11.61	11.32	11.61	1263384	24285316.000
03/05/2012	11.68	11.92	11.52	11.55	1565332	30588988.000
03/06/2012	11.56	11.57	10.75	11.25	1995918	37387884.000
03/07/2012	11.08	11.35	10.97	11.22	1160847	21748274.000
03/08/2012	11.30	11.67	11.14	11.64	1643254	31462604.000
03/09/2012	11.65	11.87	11.52	11.82	1935599	37920796.000
03/12/2012	11.87	11.87	11.63	11.74	1535654	30006716.000
03/13/2012	11.74	12.55	11.68	12.32	4235123	85869752.000
03/14/2012	12.43	12.43	11.37	11.52	3194068	63640084.000
03/15/2012	11.40	11.65	10.88	10.98	1663213	31046140.000
03/16/2012	10.98	11.28	10.97	11.27	1307063	24345818.000
03/19/2012	11.27	11.68	11.03	11.68	1193625	22714268.000
03/20/2012	11.70	11.72	11.20	11.22	1189998	22655414.000
03/21/2012	11.25	11.37	10.78	11.00	1097656	20272324.000
03/22/2012	10.98	10.98	10.55	10.67	1322074	23722458.000
03/23/2012	10.70	10.81	10.39	10.55	988032	17537368.000
03/26/2012	10.55	10.60	10.12	10.29	949952	16508135.000
03/27/2012	10.31	10.43	10.18	10.27	554359	9592675.000
03/28/2012	10.29	10.29	9.72	9.72	978983	16385025.000
03/29/2012	9.63	9.82	9.50	9.78	686977	11174175.000
03/30/2012	9.77	9.80	9.47	9.50	593854	9580939.000
04/05/2012	9.62	9.91	9.50	9.80	760378	12441348.000
04/06/2012	9.80	9.89	9.72	9.83	753468	12416294.000
04/09/2012	9.83	9.83	9.56	9.57	558064	9069115.000
04/10/2012	9.57	9.60	9.20	9.52	1140840	17999268.000
04/11/2012	9.40	9.50	9.32	9.50	882045	13997314.000
04/12/2012	9.74	9.87	9.54	9.80	1558599	25496150.000
04/13/2012	9.77	9.86	9.70	9.85	1533953	25214272.000
04/16/2012	9.85	9.85	9.59	9.68	897738	14638633.000
04/17/2012	9.72	9.80	9.60	9.60	917084	14951913.000
04/19/2012	9.78	10.61	9.78	10.61	7809114	136175632.000
04/20/2012	10.60	10.65	10.37	10.61	5863971	103427184.000
04/23/2012	10.62	11.12	10.22	10.26	5869084	105173856.000
04/24/2012	9.94	10.15	9.35	9.93	3940106	64283512.000
04/25/2012	9.75	9.90	9.63	9.71	2573480	42190236.000
04/26/2012	9.81	10.73	9.68	10.73	3711036	64119428.000
04/27/2012	11.12	11.48	10.91	11.12	7481513	137598720.000
05/02/2012	11.14	12.00	10.86	11.48	5519671	104387760.000
05/03/2012	11.28	11.72	11.17	11.48	3500053	65808936.000
05/04/2012	11.34	12.05	11.34	11.41	4135778	79140272.000
05/07/2012	11.32	11.67	11.11	11.65	3141807	58609064.000
05/08/2012	11.63	11.73	11.38	11.45	2677535	50889128.000
05/09/2012	11.28	11.35	11.02	11.08	2263429	41572432.000
05/10/2012	11.08	11.36	11.07	11.13	1927639	35510164.000
05/11/2012	11.17	11.48	11.05	11.39	2486276	46163264.000
05/14/2012	11.48	11.87	11.22	11.23	3679161	70301632.000
05/15/2012	10.93	11.00	10.70	10.87	2344963	41790152.000
05/16/2012	10.87	10.97	10.61	10.78	1120477	19895522.000
05/17/2012	10.72	11.02	10.61	10.92	1379568	24688588.000
05/18/2012	10.93	11.01	10.22	10.22	1957439	34205476.000
05/21/2012	10.22	10.60	10.22	10.39	1346781	23164624.000
05/22/2012	10.47	10.54	10.31	10.52	1064252	18315922.000
05/23/2012	10.44	10.50	9.89	10.42	2284151	38498272.000
05/24/2012	10.31	10.65	10.25	10.42	1228575	21177652.000
05/25/2012	10.42	10.55	10.16	10.18	1097322	18744290.000
05/28/2012	10.13	10.60	9.90	10.60	1714905	29113010.000
05/29/2012	10.59	10.86	10.52	10.77	1919042	33920292.000
05/30/2012	10.75	10.98	10.63	10.78	1446774	25897688.000
05/31/2012	10.73	11.03	10.56	10.79	1308676	23391284.000
06/01/2012	10.79	10.93	10.56	10.67	1200726	21188572.000
06/04/2012	10.37	10.38	9.97	9.97	1740444	29211532.000
06/05/2012	9.97	10.09	9.69	9.87	983450	16094200.000
06/06/2012	9.97	9.99	9.82	9.89	664475	10844853.000
06/07/2012	10.01	10.09	9.81	9.81	717698	11775833.000
06/08/2012	9.91	10.30	9.81	9.97	1206623	19924642.000
06/11/2012	9.98	10.31	9.87	10.28	1255808	21148816.000
06/12/2012	10.17	10.43	10.13	10.37	949716	16054695.000
06/13/2012	10.37	10.62	10.21	10.49	1259539	21623264.000
06/14/2012	10.42	10.52	10.23	10.30	1106664	18898406.000
06/15/2012	10.37	10.46	10.03	10.28	870832	14716136.000
06/18/2012	10.41	10.48	10.19	10.45	1303544	22332548.000
06/19/2012	10.38	10.46	10.24	10.44	873304	14911555.000
06/20/2012	10.43	10.67	10.42	10.50	1416867	24636108.000
06/21/2012	10.53	10.53	10.08	10.13	1056118	17798880.000
06/25/2012	10.13	10.13	9.66	9.66	1142556	18565902.000
06/26/2012	9.65	9.73	9.42	9.55	1028302	16240116.000
06/27/2012	9.56	9.73	9.39	9.46	1188757	18752486.000
06/28/2012	9.51	9.67	9.37	9.37	615109	9661228.000
06/29/2012	9.29	9.54	8.95	9.54	1334520	20425996.000
07/02/2012	9.49	9.75	9.48	9.58	898005	14261696.000
07/03/2012	9.68	9.73	9.51	9.59	841840	13393065.000
07/04/2012	9.62	9.68	9.47	9.51	628365	9944244.000
07/05/2012	9.56	9.56	8.53	8.53	4247870	61505416.000
07/06/2012	8.54	8.62	8.10	8.35	3657359	50288476.000
07/09/2012	8.32	8.32	8.02	8.03	1589237	21587654.000
07/10/2012	8.00	8.13	7.98	8.08	776179	10399301.000
07/11/2012	8.17	8.36	8.12	8.25	1357171	18605960.000
07/12/2012	8.22	8.42	8.16	8.35	1149277	15865175.000
07/13/2012	8.35	8.40	7.84	7.92	2370565	31834478.000
07/16/2012	7.95	7.95	7.45	7.51	1935386	24554082.000
07/17/2012	7.53	7.67	7.47	7.58	1252822	15792746.000
07/18/2012	7.57	7.70	7.45	7.69	1098194	13851618.000
07/19/2012	7.69	7.97	7.63	7.84	1848420	24191030.000
07/20/2012	7.81	7.89	7.72	7.72	1108847	14368553.000
07/23/2012	7.67	7.81	7.57	7.74	890057	11424096.000
07/24/2012	7.76	7.99	7.75	7.85	1185218	15535549.000
07/25/2012	7.87	8.06	7.81	7.92	1585424	21018316.000
07/26/2012	7.98	8.06	7.82	7.84	1078818	14189096.000
07/27/2012	7.90	7.96	7.76	7.83	728143	9518521.000
07/30/2012	7.90	7.94	7.62	7.65	690894	8944022.000
07/31/2012	7.57	7.71	7.44	7.54	613647	7693240.500
08/01/2012	7.57	7.77	7.54	7.70	681027	8730326.000
08/02/2012	7.73	7.73	7.60	7.65	389627	4973085.000
08/03/2012	7.67	8.03	7.63	8.02	1338452	17539656.000
08/06/2012	7.94	8.23	7.92	8.15	1378507	18531518.000
08/07/2012	8.16	8.23	8.08	8.18	982681	13325070.000
08/08/2012	8.20	8.23	8.03	8.09	899860	12115004.000
08/09/2012	8.07	8.32	8.02	8.25	1410032	19264092.000
08/10/2012	8.62	8.62	8.30	8.32	2511454	35200504.000
08/13/2012	8.23	8.47	8.09	8.29	1688175	23419634.000
08/14/2012	8.29	8.32	7.95	8.24	1311722	17698164.000
08/15/2012	8.20	8.28	8.09	8.17	732041	9919039.000
08/16/2012	8.12	8.28	8.11	8.14	743512	10130862.000
08/17/2012	8.12	8.20	8.06	8.12	397820	5373909.500
08/20/2012	8.02	8.15	7.95	8.13	696559	9303648.000
08/21/2012	8.12	8.34	8.08	8.30	705931	9695384.000
08/22/2012	8.33	8.51	8.28	8.40	1920521	26830194.000
08/23/2012	8.32	8.72	8.29	8.60	1932139	27503244.000
08/24/2012	8.53	8.73	8.28	8.32	1571580	22141522.000
08/27/2012	8.25	8.25	8.00	8.08	1194935	16064463.000
08/28/2012	8.06	8.44	8.00	8.35	931337	12704778.000
08/29/2012	8.37	8.67	8.22	8.52	1525350	21540282.000
08/30/2012	8.51	8.62	8.12	8.37	1742755	24313914.000
08/31/2012	8.33	8.51	8.30	8.45	763778	10659596.000
09/03/2012	8.41	8.60	8.41	8.50	974637	13793930.000
09/04/2012	8.44	8.58	8.31	8.32	954500	13321729.000
09/05/2012	8.24	8.55	8.18	8.42	815820	11381835.000
09/06/2012	8.50	8.72	8.50	8.66	1383832	19755292.000
09/07/2012	8.68	9.04	8.63	8.92	3420473	50203812.000
09/10/2012	8.89	8.99	8.75	8.91	2029581	29868138.000
09/11/2012	8.84	9.06	8.82	8.95	1615319	23976872.000
09/12/2012	9.05	9.17	8.93	9.04	1705763	25487314.000
09/13/2012	8.88	9.00	8.68	8.68	1871202	27439354.000
09/14/2012	8.75	8.83	8.47	8.67	1465469	20978704.000
09/17/2012	8.73	8.73	8.35	8.35	1041671	14635852.000
09/18/2012	8.35	8.43	8.23	8.28	625310	8638661.000
09/19/2012	8.30	8.37	8.25	8.33	602835	8331394.500
09/20/2012	8.34	8.34	7.87	8.03	1312123	17546554.000
09/21/2012	8.03	8.06	7.57	7.65	1526442	19805946.000
09/24/2012	7.61	7.72	7.50	7.63	602790	7646745.500
09/25/2012	7.67	7.67	7.49	7.53	528332	6656236.500
09/26/2012	7.50	7.59	7.20	7.23	648349	7951669.000
09/27/2012	7.25	7.53	7.23	7.40	693328	8506740.000
09/28/2012	7.37	7.64	7.36	7.61	779803	9754042.000
10/08/2012	7.56	7.65	7.47	7.51	445984	5589744.000
10/09/2012	7.54	7.77	7.52	7.76	785514	10072523.000
10/10/2012	7.73	8.00	7.65	7.92	1225888	16002811.000
10/11/2012	7.83	7.93	7.68	7.68	900060	11695018.000
10/12/2012	7.77	7.97	7.56	7.62	590248	7558234.500
10/15/2012	7.76	7.76	7.40	7.47	762100	9522490.000
10/16/2012	7.49	7.63	7.47	7.52	494926	6226492.000
10/17/2012	7.53	7.72	7.43	7.67	519810	6574757.000
10/18/2012	7.62	7.86	7.61	7.81	970645	12554147.000
10/19/2012	7.81	7.83	7.73	7.81	516485	6690798.500
10/22/2012	7.73	7.92	7.73	7.89	602117	7864371.000
10/23/2012	7.89	7.95	7.78	7.83	633125	8279392.500
10/24/2012	7.77	7.86	7.72	7.73	702992	9096111.000
10/25/2012	7.73	7.83	7.65	7.68	715436	9221739.000
10/26/2012	7.68	7.68	7.43	7.43	699175	8751006.000
10/29/2012	7.47	7.47	7.39	7.43	260788	3228747.000
10/30/2012	7.42	7.57	7.42	7.50	246620	3076587.250
10/31/2012	7.46	7.64	7.38	7.57	439371	5524247.000
11/01/2012	7.67	7.73	7.53	7.72	474065	6067511.500
11/02/2012	7.75	7.75	7.63	7.70	374276	4798087.500
11/05/2012	7.68	7.80	7.65	7.76	303754	3902324.000
11/06/2012	7.77	7.78	7.52	7.63	457123	5788871.500
11/07/2012	7.63	7.69	7.57	7.61	446919	5670969.000
11/08/2012	7.55	7.60	7.25	7.27	648794	8011555.000
11/09/2012	7.27	7.33	7.12	7.13	698200	8403941.000
11/12/2012	7.13	7.30	7.10	7.28	643512	7710221.000
11/13/2012	7.28	7.28	7.05	7.05	562400	6680807.000
11/14/2012	7.07	7.10	6.99	7.05	321400	3784842.750
11/15/2012	7.04	7.08	6.88	6.88	338379	3947694.250
11/16/2012	6.90	6.91	6.77	6.87	314287	3594842.500
11/19/2012	6.86	7.02	6.82	6.94	210628	2429152.000
11/20/2012	6.95	7.07	6.89	6.92	719382	8401337.000
11/21/2012	6.98	7.02	6.80	6.98	438519	5066992.500
11/22/2012	6.98	7.05	6.90	6.96	534730	6233654.000
11/23/2012	7.02	7.03	6.93	6.97	392339	4574977.500
11/26/2012	6.95	6.98	6.72	6.76	1258767	14333054.000
11/27/2012	6.67	6.79	6.42	6.47	1150806	12569019.000
11/28/2012	6.42	6.47	6.25	6.47	967229	10279090.000
11/29/2012	6.42	6.48	6.21	6.48	1126206	12058404.000
11/30/2012	6.44	6.80	6.38	6.80	930301	10234655.000
12/03/2012	6.63	6.73	6.53	6.56	889072	9878204.000
12/04/2012	6.49	6.75	6.35	6.72	853146	9485539.000
12/05/2012	6.72	7.10	6.68	7.05	1923832	22331732.000
12/06/2012	7.00	7.06	6.93	7.04	812486	9500757.000
12/07/2012	6.97	7.22	6.94	7.22	1541492	18305670.000
12/10/2012	7.22	7.37	7.06	7.31	2090646	25178596.000
12/11/2012	7.28	7.28	7.09	7.11	1234682	14769592.000
12/12/2012	7.08	7.13	6.95	7.06	926771	10886007.000
12/13/2012	7.01	7.10	6.95	7.02	663218	7785195.000
12/14/2012	7.05	7.40	7.01	7.39	1912061	23189946.000
12/17/2012	7.42	7.42	7.25	7.32	1839265	22395524.000
12/18/2012	7.32	7.32	7.14	7.16	2040386	24628474.000
12/19/2012	7.16	7.22	7.08	7.18	893307	10693797.000
12/20/2012	7.18	7.48	7.12	7.43	3953248	48442984.000
12/21/2012	7.40	7.43	7.22	7.36	2551553	31217738.000
12/24/2012	7.32	7.50	7.28	7.48	2403325	29712602.000
12/25/2012	7.51	7.86	7.45	7.76	3687783	47154996.000
12/26/2012	7.72	8.11	7.70	8.07	3970245	52352344.000
12/27/2012	8.06	8.23	7.75	7.75	3612219	47393656.000
12/28/2012	7.75	8.56	7.75	8.56	8647851	119717536.000
12/31/2012	8.68	8.70	8.37	8.46	5999590	84532552.000
01/04/2013	8.55	8.58	8.23	8.38	3392772	47085220.000
01/07/2013	8.31	8.64	8.28	8.43	4234041	59586716.000
01/08/2013	8.32	8.67	8.32	8.46	3884039	54789044.000
01/09/2013	8.44	8.60	8.32	8.48	2799959	39252420.000
01/10/2013	8.49	8.57	8.36	8.44	1967503	27652556.000
01/11/2013	8.45	8.87	8.43	8.57	4906815	70560192.000
01/14/2013	8.57	9.05	8.56	9.03	4631072	68322192.000
01/15/2013	8.98	9.10	8.86	9.06	2928982	43566120.000
01/16/2013	9.06	9.43	8.75	8.80	4977037	74115024.000
01/17/2013	8.75	8.87	8.57	8.64	2240561	32353054.000
01/18/2013	8.71	8.78	8.49	8.77	2480537	35649452.000
01/21/2013	8.75	8.81	8.66	8.77	1214951	17578792.000
01/22/2013	8.78	9.07	8.57	8.62	2597149	38112144.000
01/23/2013	8.63	8.68	8.26	8.40	2410996	33780828.000
01/24/2013	8.40	8.55	8.00	8.40	2591938	35702852.000
01/25/2013	8.31	8.42	8.20	8.27	797165	10977711.000
01/28/2013	8.25	8.59	8.18	8.52	2060713	28848896.000
01/29/2013	8.50	8.67	8.49	8.65	1852880	26352180.000
01/30/2013	8.62	8.67	8.44	8.53	1264317	17862944.000
01/31/2013	8.53	8.61	8.47	8.55	916930	12968263.000
02/01/2013	8.59	8.61	8.49	8.59	935924	13270228.000
02/04/2013	8.63	8.65	8.25	8.33	1640921	22886928.000
02/05/2013	8.31	8.48	8.15	8.44	1164613	16084553.000
02/06/2013	8.51	8.68	8.45	8.62	1475087	21070918.000
02/07/2013	8.64	8.75	8.53	8.73	931563	13355216.000
02/08/2013	8.72	9.14	8.65	9.12	2183200	32421016.000
02/18/2013	9.18	9.29	9.05	9.12	1827552	27667762.000
02/19/2013	9.06	9.15	8.81	8.81	1382039	20373556.000
02/20/2013	8.77	9.01	8.77	8.97	1180001	17417102.000
02/21/2013	8.98	9.37	8.78	9.27	3015974	45322064.000
02/22/2013	9.20	9.98	9.18	9.80	6184387	99207752.000
02/25/2013	9.81	10.35	9.62	10.00	5605500	93194216.000
02/26/2013	10.06	10.30	9.87	10.08	3994370	66572560.000
02/27/2013	9.92	10.33	9.75	9.82	3623650	60193672.000
02/28/2013	9.85	10.01	9.75	9.85	2250768	36598988.000
03/01/2013	9.90	10.28	9.90	10.23	2222682	37239988.000
03/04/2013	10.03	10.84	9.98	10.31	4162378	72199000.000
03/05/2013	10.31	11.11	10.31	11.02	3128059	55750800.000
03/06/2013	11.06	11.12	10.72	11.08	2561771	46048228.000
03/07/2013	11.03	11.08	10.82	10.93	2490881	44829156.000
03/08/2013	10.92	11.43	10.50	10.57	2957003	53613712.000
03/11/2013	10.37	10.65	10.33	10.58	1190804	20622004.000
03/12/2013	10.50	10.70	9.87	9.92	1940417	32310142.000
03/13/2013	9.92	10.14	9.59	10.06	1854110	30000942.000
03/14/2013	10.06	10.65	9.85	10.46	1883558	32115322.000
03/15/2013	10.46	10.55	10.10	10.31	1597791	27156626.000
03/18/2013	10.18	10.29	9.95	10.12	858130	14269722.000
03/19/2013	10.05	10.18	9.63	9.98	1603242	25969172.000
03/20/2013	10.00	10.22	9.82	10.14	985126	16425653.000
03/21/2013	10.06	10.62	10.06	10.31	1607555	27550544.000
03/22/2013	10.33	10.57	10.25	10.43	1686867	29000624.000
03/25/2013	10.38	10.55	10.18	10.25	1007969	17096774.000
03/26/2013	10.19	10.56	10.18	10.52	1886703	32430330.000
03/27/2013	10.48	10.58	10.30	10.30	1244862	21393238.000
03/28/2013	10.25	10.25	9.43	9.43	3895877	62487332.000
03/29/2013	9.38	9.53	9.22	9.22	1278641	19770910.000
04/01/2013	9.20	9.27	8.91	9.23	1153843	17372344.000
04/02/2013	9.23	9.36	8.75	8.82	1525757	22769258.000
04/03/2013	8.82	8.93	8.78	8.90	525248	7698257.000
04/08/2013	8.70	9.25	8.65	9.11	1267051	18919248.000
04/09/2013	9.15	9.43	9.12	9.31	1178322	18086464.000
04/10/2013	9.39	9.39	9.10	9.29	391430	5969031.000
04/11/2013	9.27	9.35	9.06	9.14	556869	8442285.000
04/12/2013	9.20	9.20	8.73	8.93	1073090	15864683.000
04/15/2013	8.87	8.93	8.48	8.53	1088615	15584544.000
04/16/2013	8.52	8.70	8.40	8.67	698819	9905847.000
04/17/2013	8.64	8.80	8.61	8.80	945909	13685446.000
04/18/2013	8.70	8.97	8.69	8.94	1302033	19091446.000
04/19/2013	8.81	9.35	8.81	9.20	1926902	29285530.000
04/22/2013	9.12	9.38	9.12	9.37	1186426	18195844.000
04/23/2013	9.43	9.58	9.30	9.37	2033301	31832220.000
04/24/2013	9.37	9.82	9.37	9.73	1587923	25323176.000
04/25/2013	9.81	10.18	9.73	9.93	2566047	42452140.000
04/26/2013	9.90	10.18	9.53	9.59	1466527	23798752.000
05/02/2013	9.55	10.02	9.53	9.95	1467075	23956156.000
05/03/2013	9.98	10.55	9.98	10.46	2810639	47954344.000
05/06/2013	10.43	10.90	10.37	10.38	2911132	50984712.000
05/07/2013	10.28	10.47	10.20	10.28	1917212	32599786.000
05/08/2013	10.42	10.46	10.06	10.37	2793767	47288032.000
05/09/2013	10.37	10.55	10.12	10.31	2403366	41125636.000
05/10/2013	10.31	10.47	10.04	10.35	3410076	35580816.000
05/13/2013	10.37	11.13	10.35	11.02	5112222	56510416.000
05/14/2013	10.84	11.12	10.73	10.84	3074328	33984132.000
05/15/2013	10.84	11.02	10.57	10.92	3245312	35336212.000
05/16/2013	10.86	11.24	10.24	10.45	6639068	73372696.000
05/17/2013	10.65	10.80	10.44	10.57	6475292	69686120.000
05/20/2013	10.54	11.23	10.47	11.21	6925956	76662288.000
05/21/2013	11.14	11.78	11.00	11.58	6649011	76823144.000
05/22/2013	11.60	11.62	11.07	11.29	5226132	59854044.000
05/23/2013	11.22	11.56	11.04	11.26	3730940	42967820.000
05/24/2013	11.34	11.34	11.02	11.22	4059064	45857876.000
05/27/2013	11.29	11.50	11.16	11.34	4557748	52485888.000
05/28/2013	11.34	11.41	10.61	10.62	6784883	74696920.000
05/29/2013	10.61	10.93	10.37	10.49	5764290	61543940.000
05/30/2013	10.42	10.53	10.37	10.44	3823697	40504392.000
05/31/2013	10.51	10.66	10.43	10.45	3373553	36119304.000
06/03/2013	10.56	10.75	10.52	10.58	3939961	42550444.000
06/04/2013	10.59	10.60	10.12	10.14	4751560	49624680.000
06/05/2013	10.21	10.31	10.14	10.31	1736431	18063664.000
06/06/2013	10.23	10.23	10.04	10.05	2134680	21956226.000
06/07/2013	10.06	10.12	9.60	9.76	2952815	29401594.000
06/13/2013	9.64	9.75	9.26	9.67	2841938	27476026.000
06/14/2013	9.72	10.08	9.58	9.94	2257540	22691360.000
06/17/2013	10.12	10.12	9.71	9.90	1556770	15692658.000
06/18/2013	9.93	10.01	9.58	9.82	1545029	15381378.000
06/19/2013	9.78	9.78	9.52	9.69	1105463	10840325.000
06/20/2013	9.67	9.91	9.47	9.51	1617238	15966763.000
06/21/2013	9.34	9.70	9.06	9.57	1266553	12145489.000
06/24/2013	9.57	9.62	8.95	9.06	1584511	14808708.000
06/25/2013	9.06	9.20	8.21	9.15	2213438	19992602.000
06/26/2013	9.12	9.44	8.84	9.39	1972878	18663610.000
06/27/2013	9.39	9.61	9.22	9.27	2203676	21095262.000
06/28/2013	9.16	9.38	8.89	9.14	1336320	12427351.000
07/01/2013	9.10	9.31	8.96	9.29	1105837	10350472.000
07/02/2013	9.31	9.56	9.29	9.52	2034769	19531052.000
07/03/2013	9.52	9.66	9.30	9.58	2244012	21684028.000
07/04/2013	9.57	9.99	9.42	9.86	3678635	36642944.000
07/05/2013	9.89	9.95	9.61	9.61	2108993	20948530.000
07/08/2013	9.50	9.50	8.76	8.96	1935944	17989662.000
07/09/2013	8.95	9.13	8.86	9.04	936372	8557584.000
07/10/2013	9.04	9.35	8.97	9.34	1662911	15659612.000
07/11/2013	9.29	9.59	9.23	9.40	3506922	33629404.000
07/12/2013	9.39	9.62	9.34	9.36	2951007	28366194.000
07/15/2013	9.42	9.65	9.34	9.62	3628024	35075284.000
07/16/2013	9.65	9.82	9.52	9.74	3125914	30666452.000
07/17/2013	9.73	10.29	9.73	10.12	9831828	100425672.000
07/18/2013	10.04	10.43	9.88	10.34	5897998	61322204.000
07/19/2013	10.37	10.51	9.95	9.95	4247010	44205840.000
07/22/2013	9.86	10.35	9.77	10.31	3305774	34007772.000
07/23/2013	10.34	10.52	10.17	10.48	5087679	53739492.000
07/24/2013	10.47	10.74	10.23	10.68	4848826	51601424.000
07/25/2013	10.65	10.74	9.91	10.06	4212025	44172568.000
07/26/2013	10.02	10.19	9.79	10.00	3691737	37467388.000
07/29/2013	9.99	10.23	9.83	9.89	3246685	32996322.000
07/30/2013	9.89	10.03	9.53	9.71	1798302	17821602.000
07/31/2013	9.64	10.05	9.62	9.97	2157134	21648782.000
08/01/2013	10.06	10.42	10.00	10.39	3067282	32060684.000
08/02/2013	10.48	10.56	10.24	10.27	2965675	31311046.000
08/05/2013	10.29	10.68	10.29	10.62	3510188	37631380.000
08/06/2013	10.58	10.67	10.42	10.51	3606353	38414048.000
08/07/2013	10.53	10.54	9.93	9.96	5234020	53857780.000
08/08/2013	9.91	10.11	9.87	9.94	2913821	29563978.000
08/09/2013	9.96	10.18	9.72	10.13	4355502	44207980.000
08/12/2013	10.12	10.21	9.78	10.03	3991256	40449068.000
08/13/2013	10.03	10.60	9.95	10.49	7414894	77783184.000
08/14/2013	10.44	10.57	10.25	10.39	4582555	48459704.000
08/15/2013	10.44	10.58	10.24	10.24	3525543	37292508.000
08/16/2013	10.22	10.55	9.84	9.86	3871850	39990800.000
08/19/2013	9.79	10.14	9.75	10.14	2349478	23818518.000
08/20/2013	10.14	10.43	9.98	10.34	3700224	38695376.000
08/21/2013	10.32	10.47	10.24	10.34	2740648	28763386.000
08/22/2013	10.34	10.85	10.32	10.76	8613449	93295776.000
08/23/2013	10.77	10.80	10.37	10.67	5532052	59627712.000
08/26/2013	10.63	11.07	10.63	11.00	5470411	60651468.000
08/27/2013	10.93	10.98	10.73	10.94	3899676	42984156.000
08/28/2013	10.88	10.88	10.42	10.49	4793409	51810536.000
08/29/2013	10.46	10.65	10.34	10.53	2422184	25805160.000
08/30/2013	10.54	10.62	10.07	10.52	3743059	39305912.000
09/02/2013	10.51	10.62	10.25	10.52	1782479	19016526.000
09/03/2013	10.59	10.82	10.53	10.67	2054719	22220210.000
09/04/2013	10.59	10.73	10.46	10.61	1821214	19515474.000
09/05/2013	10.59	11.09	10.52	10.89	5065496	56104272.000
09/06/2013	10.88	11.73	10.75	11.59	8563922	99061912.000
09/09/2013	11.52	11.94	11.45	11.74	6849960	80983256.000
09/10/2013	11.72	11.81	11.45	11.76	3441755	40535172.000
09/11/2013	11.77	11.84	11.14	11.44	3865253	44732244.000
09/12/2013	11.48	12.44	11.37	12.09	6536433	79626888.000
09/13/2013	12.01	12.19	11.79	12.10	3496137	42507624.000
09/16/2013	12.21	12.33	11.68	11.73	4044799	49000616.000
09/17/2013	11.76	11.94	11.44	11.52	3146901	37229524.000
09/18/2013	11.36	12.29	11.36	12.29	5251061	64065696.000
09/23/2013	12.44	13.11	12.44	12.92	7037825	91471768.000
09/24/2013	12.92	12.94	12.45	12.84	5056952	64972984.000
09/25/2013	12.75	13.49	12.67	13.33	6371175	85490120.000
09/26/2013	13.03	13.67	12.88	13.00	3874404	52157728.000
09/27/2013	12.76	13.22	12.44	12.61	4892890	63208960.000
09/30/2013	12.61	13.23	12.61	13.02	2135392	27948000.000
10/08/2013	13.14	13.60	12.90	13.26	3434115	46239000.000
10/09/2013	12.96	13.29	12.69	13.03	3319304	43424592.000
10/10/2013	13.03	13.35	12.34	12.55	3397199	43792056.000
10/11/2013	12.64	12.93	12.33	12.56	3501024	44589300.000
10/14/2013	12.47	12.90	12.47	12.84	3434498	44110620.000
10/15/2013	12.87	12.87	11.84	12.21	5942012	73747624.000
10/16/2013	12.20	12.20	11.35	11.54	3986152	47169904.000
10/17/2013	11.55	11.76	11.40	11.53	2486371	29178162.000
10/18/2013	11.46	11.72	11.46	11.67	1286803	15099299.000
10/21/2013	11.69	12.00	11.62	11.99	2363417	28466650.000
10/22/2013	12.03	12.06	11.55	11.62	2941659	34870936.000
10/23/2013	11.58	11.63	10.99	11.26	3454371	39274804.000
10/24/2013	11.18	11.33	11.10	11.30	1253617	14280704.000
10/25/2013	11.36	11.38	10.99	11.12	1590167	18016472.000
10/28/2013	11.11	11.34	11.07	11.32	1378841	15656222.000
10/29/2013	11.24	11.45	10.51	11.18	2803994	31155212.000
10/30/2013	11.11	11.40	10.95	11.36	2371528	27111898.000
10/31/2013	11.26	11.81	11.24	11.60	3342733	39121032.000
11/01/2013	11.71	11.71	11.17	11.49	1679392	19416412.000
11/04/2013	11.50	11.63	11.25	11.42	1299153	15026383.000
11/05/2013	11.33	11.54	11.02	11.46	2033182	23311802.000
11/06/2013	11.41	11.50	11.22	11.35	1326859	15303517.000
11/07/2013	11.22	11.28	10.99	11.08	1208103	13574709.000
11/08/2013	11.02	11.13	10.69	10.89	1348908	14790731.000
11/11/2013	10.89	11.08	10.67	11.01	844565	9350098.000
11/12/2013	11.02	11.09	10.90	11.07	950047	10607488.000
11/13/2013	10.99	11.02	10.75	10.84	939824	10348597.000
11/14/2013	10.74	11.18	10.56	11.06	1082846	12072228.000
11/15/2013	11.03	11.51	11.01	11.30	2219079	25541628.000
11/18/2013	11.39	12.45	11.39	12.45	7305699	90944280.000
11/19/2013	12.79	13.04	12.45	12.79	7235259	93222104.000
11/20/2013	12.80	13.48	12.80	12.93	4741589	62921152.000
11/21/2013	13.10	13.10	12.34	12.55	3486650	44577164.000
11/22/2013	12.37	12.79	12.37	12.74	2430523	31061982.000
11/25/2013	12.80	13.51	12.44	13.44	5909314	77947000.000
11/26/2013	13.34	13.72	13.14	13.58	3652758	49711116.000
11/27/2013	13.44	14.34	13.44	13.94	5184650	73229408.000
11/28/2013	13.99	14.42	13.89	13.91	3791382	54341688.000
11/29/2013	13.84	14.42	13.66	14.24	4171966	59675836.000
12/02/2013	13.75	14.31	13.05	13.85	7215553	100641008.000
12/03/2013	13.84	15.25	13.50	15.19	7763387	115980056.000
12/04/2013	15.24	15.84	14.90	15.39	6387300	99404752.000
12/05/2013	15.25	15.98	14.89	15.05	5312820	82537064.000
12/06/2013	14.91	15.36	14.64	15.23	2502767	38077068.000
12/09/2013	15.09	15.43	15.00	15.03	2342269	35943228.000
12/10/2013	14.96	15.21	14.54	14.77	2751182	41354584.000
12/11/2013	14.54	14.87	13.96	14.09	2922863	42221460.000
12/12/2013	14.16	15.43	14.16	15.04	4165849	62871800.000
12/13/2013	15.04	15.14	14.52	14.59	2195286	32776904.000
12/16/2013	14.50	14.81	14.44	14.59	1743864	25772426.000
12/17/2013	14.68	14.69	14.35	14.35	962086	14085789.000
12/18/2013	14.39	14.70	14.05	14.47	1700556	24712236.000
12/19/2013	14.58	14.64	13.66	13.90	1401159	20131730.000
12/20/2013	13.85	13.95	13.34	13.72	2154758	29720788.000
12/23/2013	13.66	13.84	13.10	13.72	1868023	25726090.000
12/24/2013	13.69	14.13	13.34	13.71	1816475	25289638.000
12/25/2013	13.68	15.10	13.62	14.85	5452880	79976064.000
12/26/2013	14.79	15.26	14.63	14.89	4273822	64640304.000
12/27/2013	14.88	16.32	14.66	15.72	5819946	91450304.000
12/30/2013	15.73	16.15	15.55	16.01	3859627	61785196.000
12/31/2013	15.79	16.34	15.44	16.34	5298355	85062240.000
01/02/2014	16.10	16.62	15.71	16.49	4082966	66241632.000
01/03/2014	16.29	16.78	16.17	16.27	4918646	81742960.000
01/06/2014	16.04	16.20	15.42	15.64	3548079	56507304.000
01/07/2014	15.66	16.07	15.21	15.85	2468847	39207072.000
01/08/2014	15.85	16.26	15.72	15.93	3064722	49509072.000
01/09/2014	15.64	15.93	15.24	15.45	3841337	60186720.000
01/10/2014	15.25	15.52	15.07	15.26	1825586	28266298.000
01/13/2014	15.14	15.81	15.14	15.72	2921519	45902500.000
01/14/2014	15.63	16.47	15.35	16.35	4034311	65379240.000
01/15/2014	16.08	16.54	15.97	16.44	3748451	61717092.000
01/16/2014	16.47	16.47	15.73	16.04	3157443	51180860.000
01/17/2014	16.05	16.12	15.68	15.95	1449655	23240016.000
01/20/2014	15.84	16.33	15.75	16.33	3056021	49571848.000
01/21/2014	15.70	15.84	14.68	15.04	7490458	114010904.000
01/22/2014	14.84	15.22	14.52	15.14	4703383	70983040.000
01/23/2014	14.91	15.30	14.75	14.93	4167834	63203372.000
01/24/2014	14.85	15.17	14.72	14.86	4307990	64917064.000
01/27/2014	14.84	15.45	14.70	15.19	3818717	58591428.000
01/28/2014	15.14	15.39	14.85	14.86	2008039	30635326.000
01/29/2014	14.84	15.14	14.66	14.91	1813786	27273672.000
01/30/2014	14.91	15.08	14.77	14.80	1237750	18635634.000
02/07/2014	14.73	15.04	14.35	15.04	1822588	27244756.000
02/10/2014	15.10	15.74	15.10	15.71	3248149	50785568.000
02/11/2014	15.71	16.06	15.26	15.61	3013417	47547476.000
02/12/2014	15.46	15.94	15.37	15.93	2597184	41278116.000
02/13/2014	15.93	16.01	15.24	15.31	3308472	52056092.000
02/14/2014	15.26	15.49	15.01	15.46	2153095	33131160.000
02/17/2014	15.47	15.99	15.14	15.94	4264974	66903364.000
02/18/2014	15.85	15.94	15.34	15.44	4751905	75036352.000
02/19/2014	15.44	15.66	14.50	14.59	7742494	116521840.000
02/20/2014	14.54	14.71	13.34	13.90	6140261	86425936.000
02/21/2014	13.77	14.10	13.76	14.03	2275109	32071410.000
02/24/2014	14.17	15.04	14.06	14.86	5730518	84553792.000
02/25/2014	15.34	15.54	14.16	14.38	6283719	95157216.000
02/26/2014	14.05	14.56	13.62	14.24	4156848	59095280.000
02/27/2014	14.20	14.49	13.59	13.82	2903587	41243620.000
02/28/2014	13.80	14.13	13.55	13.94	2418035	33648784.000
03/03/2014	14.01	14.50	13.84	14.42	2443569	35363484.000
03/04/2014	14.39	14.61	14.14	14.40	2135098	31137468.000
03/05/2014	14.54	14.61	14.29	14.54	1544379	22499026.000
03/06/2014	14.69	15.02	14.39	14.90	3067695	45809784.000
03/07/2014	14.79	14.94	14.60	14.66	2049711	30557874.000
03/10/2014	14.38	14.44	13.65	13.84	1932865	27399822.000
03/11/2014	13.84	14.17	13.67	13.92	1276649	17988674.000
03/12/2014	13.99	14.26	13.85	14.09	1589956	22671354.000
03/13/2014	14.07	14.51	13.99	14.46	1620110	23425250.000
03/14/2014	14.44	14.47	14.14	14.23	1280880	18495228.000
03/17/2014	14.24	14.94	14.21	14.83	2065904	30694840.000
03/18/2014	14.84	14.99	14.64	14.67	2153782	32189140.000
03/19/2014	14.66	14.94	14.58	14.76	1812979	27021972.000
03/20/2014	14.92	14.92	13.90	14.00	2189872	31956520.000
03/21/2014	14.00	14.64	13.82	14.54	2091167	29987390.000
03/24/2014	14.44	14.69	14.24	14.59	2040290	29778250.000
03/25/2014	14.58	14.83	14.40	14.83	1477834	21778436.000
03/26/2014	14.54	14.54	14.08	14.40	3777263	54829380.000
03/27/2014	14.14	14.39	13.85	14.03	1638016	23426948.000
03/28/2014	13.92	14.09	13.43	13.60	2097084	29120928.000
03/31/2014	13.72	13.88	13.43	13.73	1191317	16480448.000
04/01/2014	13.71	13.81	13.62	13.78	668493	9292679.000
04/02/2014	13.78	13.83	13.34	13.48	1689155	23049872.000
04/03/2014	13.42	13.63	13.39	13.49	920939	12581223.000
04/04/2014	13.47	13.75	13.37	13.65	855056	11762006.000
04/08/2014	13.56	13.97	13.56	13.93	950606	13289628.000
04/09/2014	14.01	14.13	13.89	14.00	913553	12933839.000
04/10/2014	14.04	14.14	13.92	13.97	999887	14201229.000
04/11/2014	13.85	13.86	13.41	13.68	2150490	29511992.000
04/14/2014	13.69	13.74	13.52	13.67	1037922	14326053.000
04/15/2014	13.67	13.77	13.54	13.58	1367659	18847482.000
04/16/2014	13.61	13.97	13.54	13.87	1533613	21391524.000
04/17/2014	13.98	14.27	13.81	14.16	2025716	28792272.000
04/18/2014	14.09	14.15	13.85	14.03	1525439	21568502.000
04/21/2014	13.93	14.44	13.89	14.06	1876460	26996116.000
04/22/2014	14.04	14.19	13.84	14.00	1033149	14559526.000
04/23/2014	14.14	14.34	13.88	14.09	2311168	32958482.000
04/24/2014	14.22	14.22	13.86	14.04	1415322	20049350.000
04/25/2014	13.95	14.11	13.85	13.93	1206067	17013584.000
04/28/2014	13.84	13.84	12.85	13.00	2868104	38251872.000
04/29/2014	12.87	13.10	12.84	13.03	1135608	14891695.000
04/30/2014	13.10	13.41	13.00	13.31	1040329	13943081.000
05/05/2014	13.31	13.66	13.22	13.64	1260770	17285084.000
05/06/2014	13.54	13.83	13.54	13.77	1139204	15827523.000
05/07/2014	13.69	14.05	13.45	13.63	1691925	23679032.000
05/08/2014	13.55	13.82	13.55	13.63	628290	8713211.000
05/09/2014	13.80	13.83	13.29	13.60	946206	12735337.000
05/12/2014	13.60	13.84	13.44	13.72	814930	11139917.000
05/13/2014	13.80	13.94	13.64	13.80	800615	11055619.000
05/14/2014	13.74	14.23	13.67	14.18	3196259	44968732.000
05/15/2014	14.20	14.23	13.90	13.99	1690928	23843906.000
05/16/2014	13.83	14.07	13.53	13.90	2214006	30437290.000
05/19/2014	13.85	13.97	13.72	13.85	536351	7424144.000
05/20/2014	13.95	14.18	13.90	13.94	933846	13124702.000
05/21/2014	13.86	13.99	13.70	13.92	905652	12507210.000
05/22/2014	13.92	14.10	13.80	13.87	895349	12489176.000
05/23/2014	13.82	13.97	13.74	13.97	538108	7459246.500
05/26/2014	14.00	14.25	13.98	14.20	1430396	20213808.000
05/27/2014	14.20	14.25	14.10	14.15	1013688	14353912.000
05/28/2014	14.06	14.43	13.97	14.38	2147108	30475394.000
05/29/2014	14.40	14.45	14.12	14.19	1121978	16036005.000
05/30/2014	14.20	14.25	14.07	14.19	975883	13816530.000
06/03/2014	14.22	14.31	14.03	14.05	1129552	16024666.000
06/04/2014	13.99	14.17	13.74	14.06	1220978	16978034.000
06/05/2014	14.11	14.20	13.91	14.20	944945	13325098.000
06/06/2014	14.24	14.28	14.00	14.12	1110320	15667987.000
06/09/2014	14.16	14.16	13.88	13.97	666211	9311096.000
06/10/2014	13.91	14.09	13.86	14.08	1259216	17610584.000
06/11/2014	14.08	14.10	13.92	14.06	720818	10115765.000
06/12/2014	14.06	14.08	13.73	13.82	1360097	18827052.000
06/13/2014	13.76	14.16	13.60	14.12	2706055	37786192.000
06/16/2014	14.09	14.32	14.00	14.30	2563794	36352360.000
06/17/2014	14.28	14.30	14.06	14.08	1540453	21781404.000
06/18/2014	14.08	14.12	13.71	13.77	1562202	21666666.000
06/19/2014	13.79	13.82	13.44	13.64	1566001	21333916.000
06/20/2014	13.66	13.78	13.51	13.66	974811	13292917.000
06/23/2014	13.62	14.00	13.60	13.92	1693028	23561516.000
06/24/2014	13.97	14.05	13.86	13.97	716534	10011247.000
06/25/2014	13.99	14.26	13.98	14.16	1896124	26865956.000
06/26/2014	14.18	14.65	14.18	14.60	4015160	58207988.000
06/27/2014	14.50	15.38	14.50	15.00	4684969	70469896.000
06/30/2014	15.08	15.52	15.08	15.20	3501259	53397752.000
07/01/2014	15.38	15.38	14.89	15.04	3118398	46835472.000
08/06/2014	16.32	16.37	15.69	15.80	13866941	221488720.000
08/07/2014	15.74	17.38	15.74	16.80	11210810	186577952.000
08/08/2014	16.50	16.84	16.40	16.65	4694349	77927208.000
08/11/2014	16.74	17.60	16.61	17.00	4637473	79646376.000
08/12/2014	16.99	17.48	16.75	17.14	4246095	72373592.000
08/13/2014	17.10	17.17	16.71	17.01	2866733	48602544.000
08/14/2014	17.05	17.26	16.80	16.82	2035737	34620876.000
08/15/2014	16.81	16.90	16.58	16.69	2106362	35281676.000
08/18/2014	16.72	17.84	16.72	17.61	4224163	73627592.000
08/19/2014	17.62	17.85	17.35	17.39	2506891	44011216.000
08/20/2014	17.31	17.54	17.10	17.29	2181419	37683304.000
08/21/2014	17.30	17.54	17.15	17.43	1558086	26987836.000
08/22/2014	17.37	17.49	17.02	17.30	1650482	28459524.000
08/25/2014	17.32	17.32	16.82	16.91	1970578	33483248.000
08/26/2014	16.81	17.00	16.60	16.81	1497154	25087958.000
08/27/2014	16.85	17.06	16.72	16.83	1428440	24147934.000
08/28/2014	16.83	17.26	16.70	17.16	2581991	43936840.000
08/29/2014	17.16	17.54	17.14	17.32	1735850	30026542.000
09/01/2014	17.39	18.18	17.31	17.71	4876783	87216152.000
09/02/2014	17.73	18.07	17.73	17.95	2738224	49154480.000
09/03/2014	18.01	18.36	17.88	18.12	2211532	40076772.000
09/04/2014	18.08	18.70	18.08	18.70	2336214	42944748.000
09/05/2014	18.80	19.66	18.51	19.17	3517520	67604456.000
09/09/2014	19.23	19.33	18.59	18.86	2333070	44160552.000
09/10/2014	18.78	19.19	18.62	19.03	1623968	30784680.000
09/11/2014	19.16	19.88	18.99	19.05	3012451	58402624.000
09/12/2014	19.15	19.18	18.80	19.12	1620362	30716572.000
09/15/2014	19.18	19.62	18.92	19.60	2653500	51361360.000
09/16/2014	19.62	19.98	18.80	18.96	3496916	68031024.000
09/17/2014	18.95	19.09	18.69	18.89	2038713	38444276.000
09/18/2014	19.00	19.08	18.85	19.00	1148077	21776528.000
09/19/2014	19.14	19.14	18.51	18.76	2145301	40281516.000
09/22/2014	18.55	18.86	18.55	18.74	1015894	18974270.000
09/23/2014	18.61	18.82	18.52	18.70	1553909	28952960.000
09/24/2014	18.68	19.55	18.61	19.48	2563379	49363240.000
09/25/2014	19.45	19.58	19.08	19.20	1747866	33843932.000
09/26/2014	19.10	19.20	18.60	18.77	2890986	54226712.000
09/29/2014	18.75	19.26	18.73	19.26	2381210	45165404.000
09/30/2014	19.25	19.46	19.08	19.37	1235454	23866296.000
10/08/2014	19.56	20.28	19.30	20.13	3042010	60278368.000
10/09/2014	20.10	20.39	19.80	20.35	1646346	33033392.000
10/10/2014	20.20	21.50	19.92	21.35	4028900	84156752.000
10/13/2014	21.00	22.00	20.94	21.25	3626000	77846808.000
10/14/2014	21.37	21.55	20.22	20.50	3948326	81954880.000
10/15/2014	20.60	20.78	19.93	20.40	1862191	37690700.000
10/16/2014	20.16	20.39	19.75	19.80	2841287	57008504.000
10/17/2014	19.58	20.22	19.27	20.20	3098506	61446712.000
10/20/2014	20.30	20.39	19.93	20.29	1323485	26716984.000
10/21/2014	20.20	21.08	20.02	20.63	2528237	52487404.000
10/22/2014	20.83	20.84	20.39	20.53	1404825	28867398.000
10/23/2014	20.53	20.53	19.77	19.98	1959106	39287832.000
10/24/2014	19.99	20.45	19.84	20.12	1465596	29591766.000
10/27/2014	20.12	20.87	19.96	20.78	1416773	29257702.000
10/28/2014	20.78	21.50	20.78	21.47	1960731	41549192.000
10/29/2014	21.56	22.50	21.50	22.16	3381802	74653360.000
10/30/2014	22.31	22.45	21.60	21.75	2375152	52519728.000
10/31/2014	21.94	22.44	21.39	21.80	2859130	62874388.000
数据来源:通达信
