300087 荃银高科 日线
      日期	    开盘	    最高	    最低	    收盘	    成交量	    成交额
10/08/2010	13.47	13.77	13.22	13.75	905099	37410844.000
10/11/2010	14.13	15.06	14.13	14.60	2131469	94955840.000
10/12/2010	14.63	15.38	14.60	14.92	1543033	70418840.000
10/13/2010	14.71	15.04	14.47	14.63	780419	34950236.000
10/14/2010	14.57	14.73	14.18	14.34	717350	31655106.000
10/15/2010	14.07	14.19	12.88	13.12	1258705	52181012.000
10/18/2010	13.12	13.23	12.33	13.23	840178	32590044.000
10/19/2010	13.07	14.10	12.77	13.73	1243608	51850868.000
10/20/2010	13.63	14.73	13.40	14.57	1309619	56716784.000
10/21/2010	14.57	14.96	14.13	14.57	1052607	46699648.000
10/22/2010	14.57	15.27	14.24	14.86	982212	44648140.000
10/25/2010	15.03	16.33	15.03	15.96	1127454	54302896.000
10/26/2010	16.00	16.36	15.67	15.97	651552	31691298.000
10/27/2010	15.74	16.26	15.33	15.85	619400	30102130.000
10/28/2010	15.73	17.06	15.57	16.78	910088	46078484.000
10/29/2010	16.53	17.40	16.43	17.22	833134	43358296.000
11/01/2010	17.59	18.97	17.24	18.33	727362	40577880.000
11/02/2010	18.27	19.00	17.77	18.70	823189	46559540.000
11/03/2010	18.63	20.16	18.08	19.90	759091	44903472.000
11/04/2010	19.73	20.73	18.92	20.33	1117519	68452288.000
11/05/2010	20.03	20.56	19.50	19.73	561880	33908528.000
11/08/2010	19.73	20.97	19.48	20.72	469581	28910328.000
11/09/2010	20.90	20.96	20.15	20.25	674343	41726832.000
11/10/2010	20.24	20.67	19.73	20.57	663859	41104128.000
11/11/2010	20.68	20.70	19.93	19.93	603661	37246572.000
11/12/2010	19.81	20.47	18.94	19.50	996937	60177800.000
11/15/2010	19.72	19.93	19.41	19.82	459084	27475752.000
11/16/2010	19.87	21.37	19.67	20.13	704414	44056988.000
11/17/2010	19.73	20.39	19.02	19.67	399982	23768546.000
11/18/2010	19.63	20.47	19.57	20.36	216586	13147340.000
11/19/2010	20.69	21.40	20.13	21.40	412082	26056070.000
11/22/2010	21.43	22.55	21.43	22.20	419596	28261812.000
11/23/2010	22.13	22.47	21.53	22.07	336283	22404436.000
11/24/2010	22.07	22.07	21.63	21.91	355733	23636052.000
11/25/2010	21.94	21.95	20.80	21.29	438392	28254022.000
11/26/2010	21.14	21.95	21.14	21.95	300295	19794032.000
11/29/2010	22.63	23.73	22.03	23.70	353493	24670448.000
11/30/2010	23.07	25.83	22.73	25.40	414141	30071806.000
12/01/2010	25.40	26.36	24.75	25.40	405720	31435836.000
12/02/2010	25.56	26.27	24.72	25.74	264293	20379972.000
12/03/2010	25.58	26.73	25.08	26.63	295605	23150690.000
12/06/2010	26.55	26.72	24.90	25.23	363325	28250480.000
12/07/2010	24.90	25.22	24.27	25.07	250255	18765820.000
12/08/2010	24.60	25.72	24.60	24.86	124181	9480996.000
12/09/2010	24.63	24.73	23.27	23.27	378821	27244042.000
12/10/2010	23.23	24.69	22.74	24.57	179723	13056777.000
12/13/2010	24.65	25.13	24.44	24.85	391153	29335230.000
12/14/2010	24.72	25.39	24.27	24.73	611364	46246968.000
12/15/2010	24.74	25.73	24.48	25.57	421366	32421718.000
12/16/2010	25.41	25.73	24.73	24.93	339675	25862992.000
12/17/2010	24.74	25.26	24.23	25.26	196559	14692090.000
12/20/2010	25.29	26.03	24.74	25.57	358598	27687812.000
12/21/2010	26.07	26.07	24.50	25.26	527497	39957436.000
12/22/2010	25.07	25.07	24.54	24.73	181229	13592953.000
12/23/2010	24.73	24.83	23.56	23.56	280250	20326640.000
12/24/2010	22.90	23.07	21.40	21.60	412806	27486700.000
12/27/2010	21.97	21.97	20.33	20.73	374033	24034442.000
12/28/2010	20.57	21.33	20.40	20.96	229910	14608174.000
12/29/2010	21.06	21.33	20.93	21.18	79683	5119837.500
12/30/2010	21.23	21.67	21.20	21.47	205359	13339198.000
12/31/2010	21.73	21.83	21.50	21.73	210383	13867165.000
01/04/2011	20.27	22.65	20.27	21.87	374303	24966714.000
01/05/2011	21.74	21.92	21.44	21.70	143586	9462376.000
01/06/2011	21.77	21.90	21.40	21.60	105810	6968676.500
01/07/2011	21.80	21.80	20.57	21.10	239242	15284184.000
01/10/2011	21.37	22.26	20.67	20.89	229605	14868626.000
01/11/2011	20.89	20.89	20.07	20.23	209632	12913753.000
01/12/2011	20.37	20.53	20.06	20.30	138578	8543973.000
01/13/2011	20.57	20.57	20.07	20.37	51555	3181604.500
01/14/2011	20.10	20.59	20.10	20.27	89248	5535813.000
01/17/2011	20.10	20.70	18.97	19.73	152002	9147878.000
01/18/2011	20.49	21.38	20.10	21.07	585921	36836900.000
01/19/2011	21.03	21.36	20.34	21.22	379309	24253302.000
01/20/2011	21.17	22.89	20.90	21.84	829901	55641292.000
01/21/2011	21.18	22.80	21.17	21.90	1069417	71714672.000
01/24/2011	21.41	21.61	20.10	21.00	763804	47960156.000
01/25/2011	21.03	21.03	19.82	20.24	306897	18992642.000
01/26/2011	20.39	20.39	19.90	20.22	240088	14677335.000
01/27/2011	19.74	20.69	19.40	20.27	260943	16031501.000
01/28/2011	20.52	20.56	19.80	20.27	304329	18633574.000
01/31/2011	20.24	20.56	19.92	20.23	259023	15928278.000
02/01/2011	20.23	20.73	20.00	20.49	199272	12353425.000
02/09/2011	20.37	21.72	20.35	20.97	527546	33973452.000
02/10/2011	21.36	22.80	21.36	22.57	743864	49939376.000
02/11/2011	22.53	22.57	21.88	22.07	401340	26878606.000
02/14/2011	22.23	22.63	21.91	22.32	356844	24101116.000
02/15/2011	22.39	22.75	22.07	22.47	485773	33047386.000
02/16/2011	22.53	23.23	22.40	22.67	330007	22856618.000
02/17/2011	22.57	22.67	22.07	22.20	611638	41286836.000
02/18/2011	22.37	22.37	21.42	21.63	374185	24799868.000
02/21/2011	21.40	22.50	21.34	22.40	440708	29409574.000
02/22/2011	22.57	23.15	22.25	22.40	906342	62608948.000
02/23/2011	22.67	23.56	22.14	22.50	724417	49632768.000
02/24/2011	22.40	22.51	21.57	21.73	399454	26590994.000
02/25/2011	21.73	21.90	20.36	20.73	970450	61153696.000
02/28/2011	20.60	20.93	19.73	20.37	729609	45097764.000
03/01/2011	20.40	20.40	20.00	20.14	783271	48091728.000
03/02/2011	20.00	20.40	20.00	20.31	438198	26962992.000
03/03/2011	20.31	20.36	19.73	19.96	589167	35588608.000
03/04/2011	19.96	19.98	19.29	19.96	472248	28131276.000
03/07/2011	19.96	20.06	19.77	19.86	391912	23699564.000
03/08/2011	19.83	19.99	19.77	19.82	452567	27319322.000
03/09/2011	19.83	20.23	19.67	20.19	563878	34151836.000
03/10/2011	20.20	20.57	19.97	20.12	635102	39131304.000
03/11/2011	20.12	20.12	19.44	19.63	904230	54067524.000
03/14/2011	19.40	19.57	18.82	18.86	1052954	60844168.000
03/15/2011	18.83	18.96	18.20	18.56	756901	42768104.000
03/16/2011	18.41	18.97	18.41	18.78	464982	26376012.000
03/17/2011	18.63	18.63	18.09	18.23	562249	31419988.000
03/18/2011	18.30	18.60	18.30	18.43	283664	15915943.000
03/21/2011	18.39	18.62	18.33	18.39	259098	14547161.000
03/22/2011	18.38	18.40	18.00	18.15	309011	17083120.000
03/23/2011	18.16	18.29	18.09	18.28	255583	14177672.000
03/24/2011	18.26	18.56	18.26	18.43	324768	18236888.000
03/25/2011	18.43	18.60	18.43	18.50	389661	21961986.000
03/28/2011	18.50	18.63	16.77	16.95	1146884	61390004.000
03/29/2011	16.80	16.88	15.90	16.12	1051229	51939416.000
03/30/2011	16.10	16.10	15.40	15.49	903907	43005500.000
03/31/2011	15.63	16.59	15.63	16.50	1259879	62480516.000
04/01/2011	16.52	16.59	15.79	15.90	825842	40249336.000
04/07/2011	15.73	16.24	14.75	16.23	943832	45000708.000
04/08/2011	16.06	16.44	15.99	16.35	412188	20356626.000
04/11/2011	16.37	16.49	16.07	16.30	392277	19417712.000
04/12/2011	16.30	16.72	16.23	16.37	330692	16565455.000
04/13/2011	16.12	16.35	16.12	16.34	297606	14756782.000
04/14/2011	16.18	16.69	16.18	16.46	503515	25374052.000
04/15/2011	16.40	16.40	15.58	15.85	573589	27813240.000
04/18/2011	15.87	15.89	15.44	15.86	391944	18786784.000
04/19/2011	15.96	16.73	15.96	16.28	1048566	52641944.000
04/20/2011	16.13	16.14	15.66	15.72	644092	30972630.000
04/21/2011	15.72	15.88	15.23	15.32	776099	36425308.000
04/22/2011	15.32	15.33	14.83	15.00	770082	35240372.000
04/25/2011	14.60	14.60	13.57	13.96	931069	39960692.000
04/26/2011	13.96	14.01	13.57	13.63	494320	20725256.000
04/28/2011	13.60	13.66	12.40	12.69	882169	35150172.000
04/29/2011	12.63	12.90	12.43	12.76	346963	13506520.000
05/03/2011	12.88	12.97	12.74	12.91	376016	14821075.000
05/04/2011	12.92	12.99	12.50	12.70	387689	15180193.000
05/05/2011	12.63	13.19	12.46	13.02	576529	22791492.000
05/06/2011	12.87	13.39	12.85	13.18	595540	24044446.000
05/09/2011	13.23	13.32	13.10	13.26	555773	22520632.000
05/10/2011	13.30	13.30	12.93	13.28	542583	21803272.000
05/11/2011	13.63	13.73	13.07	13.07	747996	30569726.000
05/12/2011	12.98	12.98	12.53	12.56	435348	16937790.000
05/13/2011	12.47	12.79	12.40	12.69	267886	10357425.000
05/16/2011	12.79	12.84	12.57	12.69	229745	8939956.000
05/17/2011	12.79	12.86	12.46	12.61	360079	14015430.000
05/18/2011	12.30	12.67	12.18	12.23	675174	12675226.000
05/19/2011	12.27	12.36	11.97	12.29	782056	14465941.000
05/20/2011	12.29	12.29	11.81	11.83	682092	12367579.000
05/23/2011	11.53	12.09	11.16	11.23	1233274	21880842.000
05/24/2011	11.19	11.97	10.91	11.70	1668862	29238028.000
05/25/2011	11.57	11.91	11.38	11.40	1603776	28389246.000
05/26/2011	11.57	11.89	11.51	11.61	1347836	23976086.000
05/27/2011	11.75	11.75	10.95	10.97	1515792	25838514.000
05/30/2011	10.87	11.49	10.78	11.38	1528810	26293784.000
05/31/2011	11.38	11.80	11.09	11.67	1578014	27415176.000
06/01/2011	11.70	12.22	11.55	12.07	2794639	50984916.000
06/02/2011	11.84	11.90	11.52	11.67	1616227	28810828.000
06/03/2011	11.67	11.96	11.63	11.77	933368	16737497.000
06/07/2011	11.83	11.93	11.55	11.64	994055	17687626.000
06/08/2011	11.51	11.77	11.44	11.61	1019263	17904994.000
06/09/2011	11.57	11.59	11.17	11.17	824735	14181815.000
06/10/2011	11.03	11.17	10.77	11.08	843494	14074346.000
06/13/2011	10.95	11.51	10.95	11.31	814990	13974352.000
06/14/2011	11.23	11.42	11.19	11.41	740641	12801970.000
06/15/2011	11.49	11.63	11.21	11.23	667734	11586287.000
06/16/2011	11.03	11.06	10.82	10.89	665353	11096836.000
06/17/2011	10.88	11.03	10.57	10.58	682194	11225296.000
06/20/2011	10.39	10.55	10.09	10.12	1019571	15956176.000
06/21/2011	10.11	10.23	9.99	10.15	1120646	17199530.000
06/22/2011	10.23	10.23	9.90	10.00	808149	12348188.000
06/23/2011	9.91	10.70	9.78	10.62	2695096	42691704.000
06/24/2011	10.46	10.89	10.37	10.83	2422788	39345720.000
06/27/2011	10.83	11.53	10.75	11.35	3818588	65143044.000
06/28/2011	11.31	11.35	11.00	11.15	2529574	42916772.000
06/29/2011	11.15	11.21	10.87	10.89	1531958	25734336.000
06/30/2011	10.79	11.20	10.79	11.09	1377745	23222610.000
07/01/2011	11.10	11.36	11.05	11.23	2346313	40123792.000
07/04/2011	11.31	11.56	11.22	11.55	2451411	42705472.000
07/05/2011	11.57	11.59	11.41	11.53	2001509	34977836.000
07/06/2011	11.55	11.82	11.43	11.81	2540173	45230944.000
07/07/2011	11.81	12.17	11.65	11.97	3535829	64240248.000
07/08/2011	11.93	11.97	11.49	11.60	3043514	54154060.000
07/11/2011	11.61	11.73	11.43	11.64	1307800	23112688.000
07/12/2011	11.60	11.62	11.25	11.29	1410785	24585058.000
07/13/2011	11.42	11.69	11.24	11.63	1589205	27762966.000
07/14/2011	11.67	12.81	11.63	12.81	7016662	133139928.000
07/15/2011	12.55	13.69	12.39	13.40	9474382	186299792.000
07/18/2011	13.17	13.47	13.03	13.30	5112466	102662728.000
07/19/2011	13.17	13.21	12.89	13.03	3327011	65845676.000
07/20/2011	13.11	13.29	12.97	13.19	2538460	50688956.000
07/21/2011	13.19	13.20	12.61	12.61	2244721	43562912.000
07/22/2011	12.58	12.80	12.58	12.71	1303885	25136424.000
07/25/2011	12.69	12.69	11.97	12.03	1896540	35393920.000
07/26/2011	12.03	12.03	11.73	11.90	1466051	26415120.000
07/27/2011	11.88	12.24	11.65	12.17	1807038	33029306.000
07/28/2011	12.03	12.16	11.67	12.12	1477264	26846806.000
07/29/2011	12.13	12.25	11.77	11.89	1192263	21761358.000
08/01/2011	11.57	11.97	11.57	11.77	1286060	22959532.000
08/02/2011	11.82	12.79	11.78	12.61	4115864	77174408.000
08/03/2011	12.36	13.57	12.31	13.31	7497599	148825168.000
08/04/2011	13.25	13.25	12.63	12.83	4359475	85656392.000
08/05/2011	12.37	13.23	11.83	12.97	4625063	89221000.000
08/08/2011	12.71	14.15	12.51	13.87	11086867	226631248.000
08/09/2011	13.43	14.92	12.83	14.49	13676726	293949408.000
08/10/2011	14.48	15.76	14.20	15.35	11638753	262849776.000
08/11/2011	15.35	16.15	14.93	16.00	11452101	268144640.000
08/12/2011	15.83	16.01	15.37	15.37	9245929	219211920.000
08/15/2011	15.30	15.34	14.83	15.02	7600647	173646784.000
08/16/2011	15.02	15.31	14.63	15.15	6913163	157596544.000
08/17/2011	15.01	15.17	14.71	14.95	4528480	102609944.000
08/18/2011	14.94	15.28	14.50	14.53	5028450	114023720.000
08/19/2011	14.10	14.25	13.69	13.86	4746778	100377624.000
08/22/2011	13.78	14.35	13.78	13.99	4357640	93329728.000
08/23/2011	14.07	15.14	14.07	15.10	6554394	145663744.000
08/24/2011	15.17	15.30	14.43	14.49	5862730	132213528.000
08/26/2011	14.43	14.43	13.84	14.10	5765344	123037744.000
08/29/2011	14.03	15.13	13.90	14.65	5899951	130715792.000
08/30/2011	14.50	14.74	14.09	14.09	3982088	86642552.000
08/31/2011	14.00	14.63	13.80	14.11	3791528	82301144.000
09/01/2011	14.27	14.29	13.23	13.47	3654877	75871176.000
09/02/2011	13.37	13.47	12.97	13.05	2307983	45991732.000
09/05/2011	13.05	13.48	12.71	13.23	2690154	53553080.000
09/06/2011	13.15	13.37	13.00	13.27	1438272	28790444.000
09/07/2011	13.33	13.77	13.32	13.72	2602008	53671116.000
09/08/2011	13.74	13.80	13.17	13.17	2178231	44547624.000
09/09/2011	13.10	13.55	12.89	12.94	2295686	46239496.000
09/13/2011	12.51	12.63	11.87	11.95	3084514	56958064.000
09/14/2011	11.95	12.23	11.57	12.19	2367646	42663568.000
09/15/2011	12.10	12.33	11.93	12.00	1860116	34309308.000
09/16/2011	12.05	12.16	11.93	12.13	1488176	27317714.000
09/19/2011	12.17	12.27	11.57	11.63	1649988	29964006.000
09/20/2011	11.60	11.80	11.25	11.52	1813482	31709864.000
09/21/2011	11.50	11.99	11.43	11.96	2091321	37548528.000
09/22/2011	11.87	12.35	11.63	11.74	2813028	51654860.000
09/23/2011	11.43	11.56	11.14	11.33	1980515	34118272.000
09/26/2011	11.33	11.51	11.14	11.16	1531587	26289094.000
09/27/2011	11.25	11.37	10.83	11.18	2275816	38368992.000
09/28/2011	11.21	11.29	10.51	10.56	1948856	32273110.000
09/29/2011	10.38	10.49	9.97	9.99	1615663	25181486.000
09/30/2011	10.03	10.21	9.87	10.12	1253609	19161580.000
10/10/2011	10.10	10.20	9.85	10.00	948701	14496325.000
10/11/2011	10.31	10.31	9.90	10.03	1184284	18318842.000
10/12/2011	10.03	10.61	9.87	10.50	2445602	38518876.000
10/13/2011	10.53	11.03	10.43	10.83	3057773	50191656.000
10/14/2011	10.75	10.87	10.57	10.79	1668924	27356206.000
10/17/2011	10.81	10.87	10.59	10.67	1498496	24424558.000
10/18/2011	10.59	11.30	10.48	10.57	3599206	59826148.000
10/19/2011	10.49	10.59	10.21	10.22	1933934	30494392.000
10/20/2011	10.07	10.10	9.64	9.69	1797403	26925998.000
10/21/2011	9.70	9.92	9.57	9.67	1274104	18914214.000
10/24/2011	9.69	9.80	9.12	9.69	1746264	25135526.000
10/26/2011	10.03	10.67	10.03	10.51	5024352	79880560.000
10/27/2011	10.35	10.59	10.16	10.56	4220131	66495136.000
10/28/2011	10.64	11.29	10.50	11.13	5003386	82797912.000
10/31/2011	11.28	12.25	11.17	12.25	7771012	140303952.000
11/01/2011	12.37	13.20	12.37	12.87	10059006	195391072.000
11/02/2011	12.51	13.95	12.31	13.52	10642540	213094112.000
11/03/2011	13.50	14.42	13.18	13.27	9630969	202005344.000
11/04/2011	13.33	14.17	13.21	13.81	7631760	158744816.000
11/07/2011	13.55	13.83	13.35	13.59	3971482	81665784.000
11/08/2011	13.61	13.69	12.90	13.00	4242354	84903384.000
11/09/2011	13.03	13.74	12.98	13.70	5294662	107019272.000
11/10/2011	13.49	14.29	13.34	13.37	8812576	184657968.000
11/11/2011	13.37	13.48	12.77	12.96	4544014	90355752.000
11/14/2011	13.05	13.61	13.05	13.45	4592260	93202288.000
11/15/2011	13.31	13.93	13.31	13.60	4333664	89734824.000
11/16/2011	13.65	13.95	13.08	13.26	3912220	80259336.000
11/17/2011	13.19	13.97	13.18	13.82	4948041	102722144.000
11/18/2011	13.67	14.81	13.58	14.04	9123530	196862608.000
11/21/2011	14.06	14.15	13.27	13.83	3824404	79224408.000
11/22/2011	13.60	15.23	13.51	15.23	8860185	196608832.000
11/23/2011	15.37	15.69	14.79	15.19	7875667	181188768.000
11/24/2011	15.09	15.60	14.77	15.21	6258908	144881312.000
11/25/2011	15.02	15.15	14.61	14.99	5479277	124087056.000
11/28/2011	15.07	16.22	15.03	15.91	7878368	188059744.000
11/29/2011	15.93	16.03	15.55	15.95	5159304	123827232.000
11/30/2011	15.67	15.67	14.34	14.34	9044805	202037760.000
12/01/2011	14.55	14.82	13.62	13.93	8364676	179778848.000
12/02/2011	13.41	13.67	12.83	13.49	5681209	113430048.000
12/05/2011	13.31	13.46	12.88	13.03	3098675	61937204.000
12/06/2011	12.90	13.50	12.77	13.33	3673190	74063456.000
12/07/2011	13.21	13.62	13.21	13.55	2520770	51628768.000
12/08/2011	13.38	14.21	12.89	13.64	3857253	79239328.000
12/09/2011	13.29	13.83	13.29	13.59	2102616	43362124.000
12/12/2011	13.61	13.83	13.17	13.50	2062189	42283068.000
12/13/2011	13.33	13.39	12.77	12.89	2003925	39418256.000
12/14/2011	13.09	13.80	12.91	13.10	4173996	85073448.000
12/15/2011	13.10	13.10	11.77	11.77	4941120	91572432.000
12/16/2011	11.63	12.27	11.20	12.17	3157354	56622812.000
12/19/2011	11.83	12.80	11.77	12.70	3214386	59928364.000
12/20/2011	12.70	13.07	12.33	12.51	3082044	59818012.000
12/21/2011	12.63	12.85	12.14	12.14	2177997	41634040.000
12/22/2011	11.83	12.65	11.60	12.54	2535434	46823032.000
12/23/2011	12.43	13.09	12.30	13.06	3731659	72397296.000
12/26/2011	12.99	13.76	12.84	12.88	4441200	89726360.000
12/27/2011	12.68	13.05	12.27	12.34	2820119	54365724.000
12/28/2011	11.87	12.25	11.64	11.90	2477989	44769612.000
12/29/2011	12.65	12.65	11.55	11.57	2094955	37968956.000
12/30/2011	11.70	11.83	11.50	11.77	1632112	29008300.000
01/04/2012	11.93	12.35	11.77	11.95	2640042	48431732.000
01/05/2012	11.77	11.79	10.74	10.74	3313217	55759452.000
01/06/2012	10.57	10.57	9.70	10.23	2596050	39972336.000
01/09/2012	10.17	10.64	9.97	10.56	2867521	45500956.000
01/10/2012	10.80	11.47	10.67	11.11	4385562	74113880.000
01/11/2012	11.03	11.47	10.91	11.29	4584062	78456888.000
01/12/2012	11.13	11.42	10.93	10.93	3029926	51350164.000
01/13/2012	10.87	11.17	9.87	9.93	3404920	54094824.000
01/16/2012	9.83	10.26	9.43	9.47	2287083	34420284.000
01/17/2012	9.47	10.03	9.21	10.03	3322153	48932532.000
01/18/2012	10.06	10.21	9.13	9.23	3700383	54676136.000
01/19/2012	9.23	9.27	8.51	9.19	2756313	37942164.000
01/20/2012	9.21	10.12	9.17	10.12	3989502	59701216.000
01/30/2012	10.50	10.83	10.30	10.31	5958878	95975784.000
01/31/2012	10.35	10.97	9.95	10.97	4649888	74148896.000
02/01/2012	10.78	11.83	10.71	11.61	6840571	119649464.000
02/02/2012	12.01	12.07	11.17	11.57	8882272	156114640.000
02/03/2012	11.43	11.73	11.25	11.45	5369997	93730104.000
02/06/2012	11.32	11.55	11.14	11.51	5872815	101178304.000
02/07/2012	11.41	11.42	11.01	11.15	3293301	56396868.000
02/08/2012	11.04	11.43	11.04	11.40	4332474	74491720.000
02/09/2012	11.33	11.78	11.33	11.44	6038290	106063432.000
02/10/2012	11.34	12.27	11.15	11.97	8959783	159944928.000
02/13/2012	11.73	12.03	11.63	11.99	6105450	109851048.000
02/14/2012	12.11	12.22	11.61	11.71	4475663	80711176.000
02/15/2012	11.73	11.82	11.42	11.82	4644936	82402784.000
02/16/2012	11.81	12.17	11.70	11.84	5984311	108895968.000
02/17/2012	11.81	11.88	11.50	11.60	4217755	74762304.000
02/20/2012	11.79	11.89	11.57	11.61	3259607	57996932.000
02/21/2012	11.63	11.83	11.31	11.83	3993389	70408240.000
02/22/2012	11.97	12.38	11.82	12.26	7960031	146497072.000
02/23/2012	12.23	12.56	12.05	12.27	6314471	117655888.000
02/24/2012	12.28	12.55	12.03	12.45	6259408	116886176.000
02/27/2012	12.56	12.89	12.37	12.37	7223751	138455136.000
02/28/2012	12.40	13.07	12.15	12.77	8994663	172329488.000
02/29/2012	12.69	12.69	12.20	12.25	4736206	89530352.000
03/01/2012	12.17	12.39	12.14	12.29	2497970	46574888.000
03/02/2012	12.35	12.60	12.27	12.57	3905527	74093112.000
03/05/2012	12.63	12.67	12.37	12.45	4178570	79423696.000
03/06/2012	12.34	12.49	11.85	11.90	3321784	61203244.000
03/07/2012	11.50	11.87	11.50	11.51	3286864	58393236.000
03/08/2012	11.57	11.79	11.55	11.65	2737427	48513428.000
03/09/2012	11.92	12.13	11.71	11.87	3062280	55279652.000
03/12/2012	11.88	11.98	11.73	11.84	2361340	42474380.000
03/13/2012	11.83	12.01	11.83	12.00	2966328	53826268.000
03/14/2012	12.09	12.37	10.87	11.15	5295496	95490176.000
03/15/2012	11.07	11.15	10.44	10.57	3600168	58902492.000
03/16/2012	10.57	10.82	10.42	10.73	2458778	39857700.000
03/19/2012	10.83	11.09	10.71	11.07	2434404	40409000.000
03/20/2012	11.03	11.03	10.47	10.47	2742174	44592092.000
03/21/2012	10.50	10.67	10.44	10.60	2459968	39559904.000
03/22/2012	10.50	10.60	10.33	10.40	2024240	32237220.000
03/23/2012	10.36	10.36	10.13	10.16	1912076	29779658.000
03/26/2012	10.33	10.62	10.30	10.37	2180068	34670740.000
03/27/2012	10.39	10.60	10.31	10.32	1440185	22945006.000
03/28/2012	10.23	10.23	9.63	9.68	1979326	29749768.000
03/29/2012	9.66	9.75	9.38	9.72	1878000	27489578.000
03/30/2012	9.77	9.85	9.41	9.46	1492757	21898760.000
04/05/2012	9.63	9.82	9.47	9.72	1526986	22431310.000
04/06/2012	9.77	10.03	9.67	9.84	1822828	27422636.000
04/09/2012	9.82	9.99	9.59	9.86	2051484	30805094.000
04/10/2012	9.87	9.92	9.10	9.91	3537797	51177664.000
04/11/2012	9.70	10.15	9.59	10.15	3834642	58509564.000
04/12/2012	10.17	10.29	9.97	10.23	2930667	45323292.000
04/13/2012	10.26	10.31	10.10	10.28	2469477	38508204.000
04/16/2012	10.17	10.27	10.03	10.10	1564664	24209484.000
04/17/2012	10.10	10.38	10.05	10.15	2437237	38088808.000
04/18/2012	10.17	10.37	10.04	10.34	2348151	36647820.000
04/19/2012	10.32	10.47	10.25	10.34	1616671	25478970.000
04/20/2012	10.35	10.55	10.30	10.52	2749580	43743548.000
04/23/2012	10.22	10.22	9.45	9.45	5391910	79063808.000
04/24/2012	9.01	9.15	8.55	9.06	4204602	56781544.000
04/25/2012	8.97	9.06	8.87	9.03	2000321	27394704.000
04/26/2012	9.03	9.09	8.75	8.82	2103705	28531246.000
04/27/2012	8.84	9.16	8.82	9.04	2549146	35081084.000
05/02/2012	9.07	9.22	8.91	9.04	2144299	29571476.000
05/03/2012	9.05	9.05	8.90	8.98	1648268	22600322.000
05/04/2012	8.99	9.34	8.99	9.22	2293031	32261436.000
05/07/2012	9.14	9.45	9.03	9.39	2302408	32437496.000
05/08/2012	9.40	9.64	9.31	9.43	2687267	38885700.000
05/09/2012	9.33	9.37	9.02	9.03	1932057	27063716.000
05/10/2012	9.04	9.22	9.04	9.17	1215667	16967650.000
05/11/2012	9.13	9.42	9.10	9.25	1771190	25136930.000
05/14/2012	9.34	9.35	9.17	9.25	1428122	20170884.000
05/15/2012	9.19	9.50	9.00	9.45	2802292	39837168.000
05/16/2012	9.37	9.61	9.17	9.21	2334891	33324060.000
05/17/2012	9.19	9.33	9.05	9.22	1385337	19408202.000
05/18/2012	9.10	9.30	8.99	9.06	1188000	16598011.000
05/21/2012	9.10	9.43	9.07	9.22	1403010	19840252.000
05/22/2012	9.29	9.37	9.23	9.32	1181064	16748314.000
05/23/2012	9.31	9.31	8.91	9.09	1723116	23939084.000
05/24/2012	9.03	9.12	8.85	8.87	1598867	21847910.000
05/25/2012	8.87	8.92	8.60	8.61	1554749	20748392.000
05/28/2012	8.61	8.82	8.51	8.72	1300345	17280410.000
05/29/2012	8.72	8.86	8.57	8.81	1991716	26623628.000
05/30/2012	8.82	8.94	8.81	8.89	1547285	20973972.000
05/31/2012	8.85	9.07	8.77	8.97	1678284	22968282.000
06/01/2012	9.03	9.05	8.84	8.91	1174583	16041699.000
06/04/2012	8.77	8.77	8.51	8.53	1362519	18028988.000
06/05/2012	8.60	8.61	8.52	8.57	644525	8440321.000
06/06/2012	8.70	8.82	8.60	8.64	1013161	13474645.000
06/07/2012	8.77	9.52	8.73	9.52	4996441	70860256.000
06/08/2012	9.77	10.09	9.51	9.81	10205166	153082048.000
06/11/2012	9.63	10.23	9.57	10.03	6814428	102937176.000
06/12/2012	9.92	9.99	9.70	9.83	3661101	54930804.000
06/13/2012	9.88	9.92	9.70	9.89	4212467	63146680.000
06/14/2012	9.84	10.47	9.71	10.03	7655317	117823384.000
06/15/2012	9.94	9.94	9.57	9.75	4290330	63932404.000
06/18/2012	9.79	10.04	9.63	10.04	4242453	63729456.000
06/19/2012	10.03	10.04	9.83	9.88	2965492	44882276.000
06/20/2012	9.88	10.13	9.68	10.13	3587706	53796692.000
06/21/2012	10.05	10.09	9.62	9.62	3051155	45285212.000
06/25/2012	9.55	9.55	8.92	9.01	2627274	36825084.000
06/26/2012	8.97	9.36	8.83	9.17	2142569	29607804.000
06/27/2012	9.11	9.33	8.91	8.95	1944666	26874782.000
06/28/2012	9.03	9.15	8.81	8.81	1688008	22920836.000
06/29/2012	8.70	9.00	8.63	8.95	1370833	18462844.000
07/02/2012	9.07	9.27	8.98	9.14	1787959	24752756.000
07/03/2012	9.08	9.33	9.03	9.10	1938191	26981018.000
07/04/2012	9.11	9.35	9.10	9.25	1998721	28003100.000
07/05/2012	9.25	9.25	8.87	8.97	1766910	24117342.000
07/06/2012	8.97	9.27	8.77	9.26	2198103	30073156.000
07/09/2012	9.17	9.59	9.13	9.23	3631777	51644036.000
07/10/2012	9.19	10.16	9.15	9.55	5571190	82107576.000
07/11/2012	9.50	10.43	9.43	10.17	7347340	111814488.000
07/12/2012	10.16	10.30	9.87	10.24	6781793	103885352.000
07/13/2012	10.06	10.53	10.02	10.07	6336764	98554888.000
07/16/2012	10.14	10.81	10.03	10.37	8415195	131774128.000
07/17/2012	10.31	10.89	10.13	10.83	9387803	150454240.000
07/18/2012	10.72	11.17	10.50	11.10	6800731	111073704.000
07/19/2012	11.03	11.17	10.71	10.71	6144555	101255984.000
07/20/2012	10.59	10.67	10.43	10.44	4172446	66585808.000
07/23/2012	10.41	11.49	10.41	11.36	9298690	156953968.000
07/24/2012	11.04	11.25	10.95	11.20	5441438	91407592.000
07/25/2012	11.02	11.18	10.77	10.88	2961074	48956320.000
07/26/2012	10.97	11.00	10.10	10.15	3934799	63077300.000
07/27/2012	10.25	10.36	9.93	10.10	3563214	54715632.000
07/30/2012	10.09	10.23	9.54	9.77	3107517	46127780.000
07/31/2012	9.63	9.83	9.41	9.60	2533565	36849884.000
08/01/2012	9.69	9.91	9.62	9.87	3643330	53897352.000
08/02/2012	9.77	10.20	9.67	10.17	3944232	59327468.000
08/03/2012	10.05	10.29	9.95	10.20	3503678	53699416.000
08/06/2012	10.14	10.44	10.02	10.31	3181450	49554104.000
08/07/2012	10.33	10.69	10.20	10.65	7121188	112974312.000
08/08/2012	10.53	10.54	10.17	10.26	3738407	58566044.000
08/09/2012	10.23	10.47	10.20	10.37	3186408	49961180.000
08/10/2012	10.36	10.47	10.15	10.21	2369710	36809152.000
08/13/2012	10.25	11.01	10.23	10.49	7907256	127418136.000
08/14/2012	10.49	11.00	10.17	10.87	7907420	127476432.000
08/15/2012	10.70	10.87	10.57	10.58	3498625	56575020.000
08/16/2012	10.58	10.82	10.39	10.44	2769890	44511500.000
08/17/2012	10.44	10.57	9.89	10.12	2710933	41685936.000
08/20/2012	10.10	10.70	9.97	10.62	3836718	60609788.000
08/21/2012	10.57	10.82	10.42	10.76	4128337	66307788.000
08/22/2012	10.71	10.97	10.51	10.57	4286817	69774520.000
08/23/2012	10.57	10.65	10.30	10.47	2831361	44701948.000
08/24/2012	10.39	10.43	10.05	10.11	2519713	38810236.000
08/27/2012	10.11	10.29	9.93	10.07	2187737	33514254.000
08/28/2012	9.92	10.10	9.60	9.90	2555597	38107184.000
08/29/2012	9.77	10.06	9.64	9.65	1914474	28654816.000
08/30/2012	9.63	9.73	8.90	9.17	2741143	38599920.000
08/31/2012	9.03	9.33	9.03	9.26	1204335	16825588.000
09/03/2012	9.25	9.54	9.23	9.52	1718791	24573088.000
09/04/2012	9.56	9.56	9.11	9.27	1928190	27258400.000
09/05/2012	9.11	9.41	9.11	9.33	1138455	16100755.000
09/06/2012	9.30	9.50	9.27	9.43	1463118	20837510.000
09/07/2012	9.50	9.82	9.43	9.72	3138140	46008000.000
09/10/2012	9.75	9.85	9.57	9.79	2311751	34038912.000
09/11/2012	9.75	9.77	9.62	9.70	1634510	23971998.000
09/12/2012	9.68	9.80	9.57	9.73	1555100	22843762.000
09/13/2012	9.73	10.03	9.67	9.67	2999005	44850036.000
09/14/2012	9.83	9.83	9.55	9.61	1957944	28661630.000
09/17/2012	9.57	9.61	9.12	9.16	2060246	29241504.000
09/18/2012	9.11	9.30	9.04	9.25	823868	11491220.000
09/19/2012	9.14	9.32	9.13	9.30	597066	8383002.500
09/20/2012	9.30	9.30	8.84	8.89	1192961	16376486.000
09/21/2012	8.89	8.99	8.73	8.87	671708	9035849.000
09/24/2012	8.83	8.99	8.66	8.90	738552	9917249.000
09/25/2012	8.90	8.97	8.79	8.80	458106	6168832.500
09/26/2012	8.72	8.85	8.43	8.47	918209	11997333.000
09/27/2012	8.45	8.75	8.45	8.74	1184839	15521109.000
09/28/2012	8.83	9.09	8.74	8.99	1174519	15789451.000
10/08/2012	9.03	9.21	8.91	8.97	1167756	16022762.000
10/09/2012	9.05	9.20	9.05	9.15	1387476	19213578.000
10/10/2012	9.15	9.43	9.05	9.33	1713027	24032242.000
10/11/2012	9.25	9.33	9.00	9.00	1434541	19897586.000
10/12/2012	9.13	9.18	8.84	8.93	1072230	14642582.000
10/15/2012	9.07	9.34	9.02	9.23	2403357	33485182.000
10/16/2012	9.25	9.31	9.13	9.19	1329363	18587268.000
10/17/2012	9.19	9.37	8.98	9.33	1863173	25981206.000
10/18/2012	9.25	9.43	9.21	9.35	1994038	28238620.000
10/19/2012	9.34	9.42	9.26	9.34	1148653	16266397.000
10/22/2012	9.23	9.36	9.19	9.33	929074	13073462.000
10/23/2012	9.31	9.46	9.17	9.19	1494354	21114128.000
10/24/2012	9.11	9.19	9.05	9.05	956671	13206181.000
10/25/2012	9.06	9.19	9.03	9.09	914182	12614277.000
10/26/2012	9.21	9.32	8.93	8.93	1586854	21999796.000
10/29/2012	8.85	8.85	8.64	8.67	1204843	15903294.000
10/30/2012	8.70	8.77	8.65	8.69	436651	5767396.500
10/31/2012	8.69	8.72	8.61	8.69	640056	8403615.000
11/01/2012	8.70	8.93	8.68	8.89	1195712	16040775.000
11/02/2012	8.89	8.96	8.82	8.91	829244	11197721.000
11/05/2012	8.99	9.20	8.91	9.03	1105456	15157808.000
11/06/2012	8.97	9.11	8.85	8.94	885552	12021026.000
11/07/2012	8.97	9.08	8.93	9.05	1032173	14122439.000
11/08/2012	8.99	9.02	8.60	8.65	834943	11209026.000
11/09/2012	8.71	8.71	8.58	8.61	804486	10530250.000
11/12/2012	8.57	8.76	8.57	8.76	492637	6477047.000
11/13/2012	8.72	8.75	8.47	8.57	593650	7722256.500
11/14/2012	8.57	8.65	8.43	8.51	740592	9571502.000
11/15/2012	8.49	8.49	8.02	8.05	1341616	16900992.000
11/16/2012	8.05	8.09	7.72	7.89	1071759	12778323.000
11/19/2012	7.89	8.00	7.75	7.96	690282	8240846.000
11/20/2012	8.02	8.62	7.90	8.31	1926059	23985850.000
11/21/2012	8.17	8.37	8.09	8.36	1173242	14667529.000
11/22/2012	8.31	8.55	8.16	8.25	1338663	17032292.000
11/23/2012	8.25	8.42	8.24	8.34	981428	12414162.000
11/26/2012	8.31	8.37	7.91	7.97	869906	10797077.000
11/27/2012	7.85	7.93	7.55	7.55	1138491	13285619.000
11/28/2012	7.55	7.63	7.40	7.57	552239	6346129.500
11/29/2012	7.64	7.65	7.23	7.23	915409	10342172.000
11/30/2012	7.23	7.29	7.09	7.18	826683	9050972.000
12/03/2012	7.18	7.27	6.77	6.79	886456	9490425.000
12/04/2012	6.74	6.85	6.47	6.82	1381562	13907457.000
12/05/2012	6.70	7.18	6.70	7.11	1550096	16529735.000
12/06/2012	7.06	7.13	6.97	7.02	966604	10360385.000
12/07/2012	7.02	7.73	7.02	7.73	4311142	49770696.000
12/10/2012	7.82	8.07	7.80	7.97	5044708	60764220.000
12/11/2012	7.87	8.07	7.74	7.77	3177913	38059428.000
12/12/2012	7.69	7.83	7.53	7.71	2152095	25073318.000
12/13/2012	7.65	7.89	7.57	7.57	2139865	25119534.000
12/14/2012	7.57	8.24	7.54	8.02	3699184	44409108.000
12/17/2012	8.01	8.13	7.82	7.96	2465097	29731832.000
12/18/2012	8.00	8.60	7.85	8.14	4812657	60071524.000
12/19/2012	8.06	8.15	7.97	8.09	1867595	22885050.000
12/20/2012	8.01	8.22	7.91	8.15	2886498	35483020.000
12/21/2012	8.21	8.38	8.07	8.08	3873880	48268740.000
12/24/2012	8.09	8.15	7.93	8.07	2163469	26333032.000
12/25/2012	8.04	8.27	7.94	8.20	3010129	37268148.000
12/26/2012	8.24	8.40	8.17	8.39	3470055	43737784.000
12/27/2012	8.35	8.45	8.14	8.15	2354375	29526626.000
12/28/2012	8.26	8.39	8.16	8.38	2756628	34760188.000
12/31/2012	8.44	8.77	8.34	8.63	3811858	49467320.000
01/04/2013	9.17	9.17	8.43	8.44	3966799	52074844.000
01/07/2013	8.42	8.50	8.29	8.49	2553262	32538768.000
01/08/2013	8.43	8.60	8.35	8.59	2682022	34593808.000
01/09/2013	8.57	9.09	8.49	8.76	5557425	74316760.000
01/10/2013	8.71	8.81	8.61	8.71	2448637	32275488.000
01/11/2013	8.65	8.77	8.27	8.30	3045656	39329700.000
01/14/2013	8.27	8.73	8.27	8.70	3368194	43861044.000
01/15/2013	8.73	9.01	8.69	8.92	4437772	59940336.000
01/16/2013	8.92	9.30	8.64	8.95	4590006	62752152.000
01/17/2013	8.89	8.93	8.67	8.71	2292534	30489670.000
01/18/2013	8.77	9.17	8.77	9.13	4707780	64229232.000
01/21/2013	9.17	9.55	9.03	9.41	5272770	74258328.000
01/22/2013	9.37	10.03	9.05	9.85	6943138	99762744.000
01/23/2013	9.57	9.93	9.45	9.55	5443325	79387376.000
01/24/2013	9.63	9.77	9.02	9.14	3978629	56684176.000
01/25/2013	9.06	9.53	9.00	9.31	2804278	39500400.000
01/28/2013	9.31	9.57	9.27	9.53	2888377	41252820.000
01/29/2013	9.81	9.90	9.44	9.51	3946248	57797184.000
01/30/2013	9.54	9.55	9.25	9.38	2470839	35087240.000
01/31/2013	9.37	9.61	9.30	9.50	2080843	29797202.000
02/01/2013	9.53	9.80	9.29	9.30	4086867	59064188.000
02/04/2013	9.29	9.29	8.77	9.23	3972937	53908152.000
02/05/2013	8.95	9.12	8.87	9.05	2018613	27618538.000
02/06/2013	9.08	9.11	9.00	9.10	1194123	16405294.000
02/07/2013	9.04	9.16	9.02	9.13	1080943	14929840.000
02/08/2013	9.17	9.30	9.13	9.23	1393054	19505978.000
02/18/2013	9.28	9.50	9.28	9.38	1762932	25107468.000
02/19/2013	9.43	9.45	9.10	9.13	1457189	20383450.000
02/20/2013	9.19	9.41	9.11	9.36	1681601	23737956.000
02/21/2013	9.35	9.50	9.19	9.25	2034323	28779792.000
02/22/2013	9.15	9.28	9.03	9.05	1825535	25349224.000
02/25/2013	9.01	9.35	9.01	9.31	1914068	26748840.000
02/26/2013	9.32	9.52	9.09	9.14	2815205	39900608.000
02/27/2013	9.11	9.19	8.88	8.95	1728282	23616798.000
02/28/2013	8.97	9.23	8.91	9.15	1666086	22944718.000
03/01/2013	9.11	9.37	9.09	9.35	2626747	36902276.000
03/04/2013	9.37	9.61	9.06	9.15	3833439	54500976.000
03/05/2013	9.11	9.64	9.05	9.53	4207559	60024836.000
03/06/2013	9.50	9.65	9.37	9.65	4459605	64378324.000
03/07/2013	9.70	9.70	9.29	9.41	2697757	38712040.000
03/08/2013	9.40	9.45	9.18	9.25	1504608	21271688.000
03/11/2013	9.23	9.29	9.03	9.13	1104249	15311799.000
03/12/2013	9.07	9.24	8.59	8.66	2079577	27855582.000
03/13/2013	8.70	8.71	8.28	8.44	1510051	19295888.000
03/14/2013	8.30	8.36	8.05	8.21	2116369	26369566.000
03/15/2013	8.22	8.34	8.07	8.15	1341775	16699895.000
03/18/2013	8.14	8.21	7.97	7.99	1159720	14174510.000
03/19/2013	8.05	8.12	7.92	8.09	1004199	12249350.000
03/20/2013	8.11	8.28	8.02	8.28	1433057	17791146.000
03/21/2013	8.33	8.48	8.30	8.35	1861305	23670290.000
03/22/2013	8.36	8.39	8.23	8.27	1175279	14775884.000
03/25/2013	8.31	8.47	8.23	8.41	1175642	14879472.000
03/26/2013	8.45	8.69	8.04	8.59	3140890	40236572.000
03/27/2013	8.52	8.63	8.39	8.44	1786726	23129548.000
03/28/2013	8.39	8.39	8.15	8.25	1201596	15109964.000
03/29/2013	8.25	8.36	8.11	8.13	826653	10338081.000
04/01/2013	8.20	8.27	8.07	8.16	487225	6053568.500
04/02/2013	8.15	8.33	8.13	8.14	750749	9365067.000
04/03/2013	7.95	7.95	7.31	7.37	3204075	36332996.000
04/08/2013	7.23	7.23	6.71	7.17	2085200	21933170.000
04/09/2013	7.07	7.35	7.05	7.29	1270200	13903614.000
04/10/2013	7.17	7.27	7.13	7.21	983158	10742844.000
04/11/2013	7.21	7.37	7.21	7.22	1011381	11191316.000
04/12/2013	7.25	7.35	7.17	7.23	720818	7952412.500
04/15/2013	7.21	7.21	7.01	7.02	671920	7216499.000
04/16/2013	7.05	7.17	6.83	7.13	879493	9401831.000
04/17/2013	7.15	7.28	7.10	7.18	599575	6540860.500
04/18/2013	7.17	7.37	7.15	7.27	1028663	11418653.000
04/19/2013	7.23	7.41	7.23	7.36	1440823	16110475.000
04/22/2013	7.36	7.61	7.29	7.43	1486730	16770805.000
04/23/2013	7.37	7.39	7.11	7.11	1054397	11639715.000
04/24/2013	7.10	7.24	7.04	7.22	849786	9271289.000
04/25/2013	7.23	7.47	7.19	7.28	2297946	25742284.000
04/26/2013	7.31	7.33	6.90	6.95	1268339	13695551.000
05/02/2013	6.93	7.05	6.91	6.97	584423	6214525.000
05/03/2013	6.97	7.25	6.97	7.14	905952	9810611.000
05/06/2013	7.20	7.45	7.17	7.33	1244693	13906455.000
05/07/2013	7.38	7.53	7.30	7.40	1493346	16829776.000
05/08/2013	7.41	7.50	7.27	7.40	1377087	15447162.000
05/09/2013	7.43	7.61	7.37	7.51	1840317	20948618.000
05/10/2013	7.51	7.57	7.37	7.52	1386713	15775393.000
05/13/2013	7.53	7.69	7.47	7.65	1828187	21194590.000
05/14/2013	7.63	7.63	7.37	7.46	1396595	15824346.000
05/15/2013	7.62	7.80	7.58	7.63	2079184	24199256.000
05/16/2013	7.63	7.66	7.48	7.57	1861919	21392488.000
05/17/2013	7.57	7.73	7.51	7.67	2248755	26069294.000
05/20/2013	7.69	7.95	7.64	7.91	2727691	32494252.000
05/21/2013	7.89	8.02	7.77	7.97	2303043	27524150.000
05/22/2013	7.96	7.96	7.73	7.75	2121622	25206032.000
05/23/2013	7.80	7.86	7.67	7.67	1165688	13776058.000
05/24/2013	7.67	7.85	7.67	7.83	1667570	19731744.000
05/27/2013	7.80	8.00	7.77	7.91	1795980	21549440.000
05/28/2013	7.93	7.93	7.65	7.77	1916279	22553250.000
05/29/2013	7.77	7.87	7.70	7.82	1336191	15781239.000
05/30/2013	7.79	7.97	7.75	7.93	1921985	22999792.000
05/31/2013	7.93	8.13	7.86	7.95	2624901	31826458.000
06/03/2013	7.91	8.01	7.75	7.81	1238621	14837165.000
06/04/2013	7.77	7.84	7.44	7.49	1687238	19492806.000
06/05/2013	7.49	7.55	7.37	7.43	889155	10090468.000
06/06/2013	7.41	7.42	7.21	7.22	994671	11083108.000
06/07/2013	7.22	7.33	7.09	7.11	848070	9275736.000
06/13/2013	7.08	7.08	6.73	6.90	969334	10064000.000
06/14/2013	6.85	7.04	6.83	7.01	730275	7744010.500
06/17/2013	7.00	7.14	6.98	7.05	763499	8205414.000
06/18/2013	7.03	7.19	6.88	7.11	848152	9082628.000
06/19/2013	7.13	7.19	6.91	7.09	707478	7570068.500
06/20/2013	6.99	7.08	6.75	6.77	932042	9834767.000
06/21/2013	6.83	6.91	6.55	6.78	705969	7233520.500
06/24/2013	6.77	6.79	6.23	6.25	1042322	10329110.000
06/25/2013	6.12	6.29	5.61	6.17	1147912	10487338.000
06/26/2013	6.23	6.33	6.06	6.33	1229506	11628286.000
06/27/2013	6.26	6.38	6.04	6.04	1115235	10533967.000
06/28/2013	6.03	6.18	5.90	6.00	825497	7612664.000
07/01/2013	6.04	6.17	5.85	6.10	962604	8878198.000
07/02/2013	6.07	6.22	5.98	6.19	1293279	12099795.000
07/03/2013	6.08	6.17	5.91	6.05	1350463	12412005.000
07/04/2013	6.02	6.25	5.94	6.18	1985339	18540798.000
07/05/2013	6.13	6.22	6.02	6.04	1366393	12804085.000
07/08/2013	5.95	6.00	5.67	5.71	1250265	11067270.000
07/09/2013	5.59	5.61	5.49	5.55	1324492	11250285.000
07/10/2013	5.57	5.69	5.53	5.68	1338343	11480367.000
07/11/2013	5.68	5.88	5.64	5.82	1528864	13495083.000
07/12/2013	5.82	6.03	5.81	5.84	2242289	20224940.000
07/15/2013	5.82	5.97	5.80	5.95	1645412	14794639.000
07/16/2013	5.95	6.04	5.89	6.03	1801542	16374270.000
07/17/2013	5.97	6.09	5.91	5.97	1475782	13497552.000
07/18/2013	5.93	6.15	5.84	6.02	1903213	17403828.000
07/19/2013	6.00	6.07	5.69	5.73	1590609	14396812.000
07/22/2013	5.69	5.87	5.65	5.87	1077643	9472272.000
07/23/2013	5.91	6.10	5.90	6.06	2141992	19679086.000
07/24/2013	6.07	6.28	6.01	6.23	3461166	32575796.000
07/25/2013	6.23	6.23	5.97	6.01	1954658	18151596.000
07/26/2013	5.97	6.13	5.94	6.03	1061748	9774927.000
07/29/2013	6.01	6.02	5.87	5.87	1265584	11437401.000
07/30/2013	5.86	5.94	5.65	5.78	1273583	11245910.000
07/31/2013	5.75	5.91	5.75	5.81	864515	7695155.500
08/01/2013	5.80	6.12	5.80	6.07	2075549	18988676.000
08/02/2013	6.07	6.26	6.05	6.19	2794862	26324280.000
08/05/2013	6.19	6.70	6.14	6.47	5083432	49537096.000
08/06/2013	6.40	6.47	6.31	6.39	3251248	31630592.000
08/07/2013	6.38	6.43	6.20	6.24	2243498	21457134.000
08/08/2013	6.23	6.46	6.21	6.37	2334041	22537404.000
08/09/2013	6.31	6.43	6.23	6.33	2208493	21268118.000
08/12/2013	6.31	6.50	6.27	6.45	3167027	30841364.000
08/13/2013	6.42	6.58	6.35	6.58	3216825	31692014.000
08/14/2013	6.57	7.07	6.55	6.85	6442457	66589940.000
08/15/2013	6.80	6.80	6.65	6.65	3100625	31581786.000
08/16/2013	6.62	6.84	6.37	6.39	3058058	30725352.000
08/19/2013	6.39	6.54	6.35	6.50	1797649	17717020.000
08/20/2013	6.52	6.57	6.42	6.45	1796647	17751096.000
08/21/2013	6.43	6.59	6.41	6.56	1704576	16906846.000
08/22/2013	6.51	6.62	6.51	6.53	1761818	17594718.000
08/23/2013	6.50	6.81	6.50	6.65	4244907	42899284.000
08/26/2013	6.58	6.63	6.42	6.61	3106023	30893732.000
08/27/2013	6.60	6.65	6.54	6.63	2224720	22371256.000
08/28/2013	6.57	6.60	6.39	6.39	2421143	24058198.000
08/29/2013	6.47	6.48	6.37	6.37	1924734	18781896.000
08/30/2013	6.37	6.38	6.13	6.14	2422454	23181320.000
09/02/2013	6.08	6.63	6.08	6.48	3813920	37252248.000
09/03/2013	6.46	6.88	6.40	6.62	4931638	50289508.000
09/04/2013	6.62	6.65	6.41	6.53	3103990	30705320.000
09/05/2013	6.50	6.57	6.45	6.53	1605042	15902677.000
09/06/2013	6.55	6.63	6.49	6.59	1962951	19629464.000
09/09/2013	6.57	6.65	6.51	6.57	1608544	16058042.000
09/10/2013	6.57	6.69	6.55	6.58	1932763	19435068.000
09/11/2013	6.62	6.85	6.47	6.73	4422916	44872344.000
09/12/2013	6.73	6.73	6.56	6.58	2707687	27283568.000
09/13/2013	6.62	6.65	6.57	6.57	2122090	21367752.000
09/16/2013	6.61	6.66	6.58	6.65	1725600	17378916.000
09/17/2013	6.67	6.69	6.47	6.49	1657838	16562084.000
09/18/2013	6.53	6.53	6.46	6.47	1166420	11534823.000
09/23/2013	6.53	6.62	6.51	6.60	1810795	18125566.000
09/24/2013	6.61	6.61	6.53	6.58	1858926	18610372.000
09/25/2013	6.59	6.77	6.58	6.67	3578930	36480444.000
09/26/2013	6.69	7.35	6.67	7.01	7615446	81439528.000
09/27/2013	7.00	7.00	6.63	6.82	3730234	38612948.000
09/30/2013	6.89	7.06	6.82	7.05	3737280	39638556.000
10/08/2013	7.09	7.30	7.09	7.18	3567142	39037172.000
10/09/2013	7.13	7.29	7.05	7.23	2983765	32404110.000
10/10/2013	7.30	7.30	7.01	7.03	3412603	37241148.000
10/11/2013	7.04	7.11	6.97	7.11	2528515	27086270.000
10/14/2013	7.11	7.53	6.91	7.43	6220385	68905760.000
10/15/2013	7.49	7.56	7.20	7.41	5911434	66795132.000
10/16/2013	7.33	7.34	6.92	6.99	3363340	36371712.000
10/17/2013	7.12	7.19	7.00	7.01	2183043	23550700.000
10/18/2013	7.10	7.10	6.90	6.97	1288033	13696792.000
10/21/2013	7.03	7.14	6.91	7.13	1592405	17134690.000
10/22/2013	7.15	7.52	7.12	7.29	4634709	51730596.000
10/23/2013	7.29	7.29	7.02	7.06	2191094	23794794.000
10/24/2013	7.13	7.13	6.89	6.96	1924763	20369148.000
10/25/2013	7.00	7.00	6.79	6.90	1835816	19219928.000
10/28/2013	6.90	6.99	6.77	6.77	1489326	15538537.000
10/29/2013	6.88	6.88	6.30	6.48	1996782	19933726.000
10/30/2013	6.57	6.67	6.45	6.66	1228619	12284371.000
10/31/2013	6.74	7.01	6.71	6.80	2206979	22997498.000
11/01/2013	6.87	6.89	6.65	6.79	1267245	12996210.000
11/04/2013	6.83	6.89	6.74	6.86	913382	9467025.000
11/05/2013	6.88	6.95	6.77	6.93	1556831	16272448.000
11/06/2013	6.97	7.21	6.87	6.87	2093050	22410452.000
11/07/2013	6.91	7.19	6.86	7.07	2307409	24708748.000
11/08/2013	7.07	7.07	6.73	6.85	1794556	18671466.000
11/11/2013	6.89	6.89	6.67	6.79	1545938	15917877.000
11/12/2013	6.82	6.93	6.71	6.87	1135885	11802910.000
11/13/2013	6.87	6.91	6.71	6.72	1546986	16047638.000
11/14/2013	6.93	7.40	6.93	7.40	3459294	38499632.000
11/15/2013	7.63	8.15	7.57	7.89	15776218	187834928.000
11/18/2013	7.86	8.37	7.71	8.07	12600439	153460736.000
11/19/2013	7.97	8.31	7.83	8.20	9446981	114732352.000
11/20/2013	8.09	8.22	8.00	8.12	5731279	70672864.000
11/21/2013	8.23	8.25	8.00	8.16	6646109	82262856.000
11/22/2013	8.05	8.28	8.00	8.01	5643638	69412928.000
11/25/2013	7.95	8.24	7.85	8.15	4477073	54698496.000
11/26/2013	8.09	8.77	8.04	8.56	6925160	89054960.000
11/27/2013	8.60	8.93	8.37	8.64	5445428	71243552.000
11/28/2013	8.63	8.89	8.51	8.59	4938483	65353356.000
11/29/2013	8.77	9.13	8.62	8.93	5429245	72765792.000
12/02/2013	8.16	8.62	8.03	8.03	5324292	66526032.000
12/03/2013	7.83	8.03	7.30	7.87	5173145	59680720.000
12/04/2013	7.75	8.09	7.74	7.77	4534166	54413884.000
12/05/2013	7.69	7.77	7.41	7.51	4839753	55467544.000
12/06/2013	7.61	7.61	7.41	7.53	2270421	25828568.000
12/09/2013	7.55	7.97	7.53	7.89	4557714	54034088.000
12/10/2013	7.94	7.97	7.70	7.86	2595536	30891784.000
01/07/2014	7.27	7.46	7.07	7.19	6513634	70647752.000
01/08/2014	7.09	7.32	7.04	7.29	5087445	55901908.000
01/09/2014	7.29	7.29	6.81	6.90	3676250	39666208.000
01/10/2014	6.81	6.96	6.67	6.76	2707375	28123288.000
01/13/2014	6.79	6.87	6.57	6.67	2282010	23359442.000
01/14/2014	6.71	6.92	6.69	6.91	2538294	26366374.000
01/15/2014	6.83	7.08	6.83	7.07	3101222	32852450.000
01/16/2014	7.25	7.40	7.01	7.03	4303114	46883988.000
01/17/2014	6.99	7.13	6.88	7.06	2988444	31788502.000
01/20/2014	7.77	7.77	7.21	7.37	9100528	103828736.000
01/21/2014	7.39	7.87	7.27	7.51	8111505	92853496.000
01/22/2014	7.52	7.54	7.30	7.52	5183173	58617704.000
01/23/2014	7.50	7.60	7.47	7.54	3844550	44022396.000
01/24/2014	7.54	7.63	7.49	7.57	3415197	39229680.000
01/27/2014	7.56	7.62	7.43	7.49	2540679	29014926.000
01/28/2014	7.51	7.56	7.32	7.36	2341317	26405934.000
01/29/2014	7.38	7.43	7.34	7.41	1539562	17276414.000
01/30/2014	7.40	7.45	7.23	7.31	1589815	17813606.000
02/07/2014	7.36	7.67	7.32	7.67	3827560	44030340.000
02/10/2014	7.77	7.85	7.68	7.83	3951108	46779992.000
02/11/2014	7.83	7.88	7.67	7.75	3847853	45350532.000
02/12/2014	7.76	8.05	7.69	8.00	4297857	51535164.000
02/13/2014	7.97	7.99	7.71	7.72	3366462	40232288.000
02/14/2014	7.75	7.89	7.69	7.89	2624499	31176966.000
02/17/2014	7.91	8.20	7.86	8.18	5193566	63737764.000
02/18/2014	8.17	8.54	8.10	8.23	4807844	60526840.000
02/19/2014	8.22	8.69	8.03	8.58	4518175	56640904.000
02/20/2014	8.60	8.90	8.17	8.23	7323075	94391072.000
02/21/2014	8.26	8.33	7.95	8.03	3235736	39761856.000
02/24/2014	8.07	8.13	7.87	8.12	2313636	28262570.000
02/25/2014	8.10	8.21	7.50	7.55	4693096	56391332.000
02/26/2014	7.57	7.67	7.33	7.67	2469302	28145020.000
02/27/2014	7.67	7.81	7.45	7.55	2473833	28879898.000
02/28/2014	7.53	7.59	7.27	7.55	2115373	23865350.000
03/03/2014	7.55	7.79	7.53	7.76	2115915	24704356.000
03/04/2014	7.71	7.87	7.60	7.78	2403985	28258906.000
03/05/2014	7.87	7.87	7.70	7.79	2663844	31493938.000
03/06/2014	7.76	7.77	7.63	7.73	2123396	24865770.000
03/07/2014	7.77	7.87	7.68	7.75	1945659	22949526.000
03/10/2014	7.71	7.71	7.35	7.43	2377804	27107586.000
03/11/2014	7.63	7.69	7.46	7.60	2102534	24126350.000
03/12/2014	7.56	7.70	7.52	7.64	2068133	23930838.000
03/13/2014	7.63	7.73	7.61	7.69	1842844	21500222.000
03/14/2014	7.72	7.81	7.63	7.76	1962736	23126564.000
03/17/2014	7.74	8.00	7.73	7.97	2305962	27604696.000
03/18/2014	7.97	8.20	7.91	8.00	2935326	36009824.000
03/19/2014	8.04	8.14	7.94	8.05	2339603	28520038.000
03/20/2014	8.07	8.11	7.87	7.92	2508446	30501966.000
03/21/2014	7.85	8.03	7.70	7.94	2735243	32510166.000
03/24/2014	7.93	7.97	7.87	7.97	1572265	18946528.000
03/25/2014	7.97	8.05	7.91	7.97	1515157	18335212.000
03/26/2014	7.97	8.04	7.93	8.02	1996950	24226632.000
03/27/2014	8.01	8.04	7.80	7.83	1957004	23525522.000
03/28/2014	7.84	7.84	7.54	7.56	2220396	25994566.000
03/31/2014	7.59	7.75	7.51	7.65	1143228	13226089.000
04/01/2014	7.68	7.71	7.62	7.71	1026948	11975819.000
04/02/2014	7.69	7.79	7.57	7.61	1488681	17286204.000
04/03/2014	7.63	7.73	7.62	7.66	1125833	13144147.000
04/04/2014	7.68	7.88	7.65	7.87	1904118	22508662.000
04/08/2014	7.91	8.09	7.89	8.03	2001205	24289788.000
04/09/2014	8.05	8.10	7.97	8.05	1687766	20594412.000
04/10/2014	8.04	8.10	7.99	8.01	1713580	20923316.000
04/11/2014	8.00	8.00	7.90	7.95	1731517	20894368.000
04/14/2014	7.95	8.29	7.95	8.25	3061602	38019756.000
04/15/2014	8.24	8.40	8.22	8.27	3757687	47330504.000
04/16/2014	8.28	8.36	8.11	8.32	2124518	26578120.000
04/17/2014	8.31	8.53	8.31	8.47	2905076	37270004.000
04/18/2014	8.48	8.51	8.35	8.41	2122767	27141294.000
04/21/2014	8.41	8.52	8.25	8.32	2236862	28461600.000
04/22/2014	8.35	8.35	8.05	8.13	2790421	34555816.000
04/23/2014	8.14	8.35	8.14	8.25	2038320	25483500.000
04/24/2014	8.25	8.33	8.11	8.27	2269155	28350342.000
04/25/2014	8.25	8.25	7.83	7.93	2476310	29966098.000
04/28/2014	7.90	7.90	7.61	7.65	1090532	12774658.000
04/29/2014	7.65	7.79	7.49	7.77	1332748	15477679.000
04/30/2014	7.74	7.83	7.67	7.75	1030924	12126343.000
05/05/2014	7.73	7.83	7.69	7.79	1160358	13679635.000
05/06/2014	7.75	7.92	7.75	7.87	1795888	21426416.000
05/07/2014	7.85	7.85	7.59	7.60	1794548	21031180.000
05/08/2014	7.55	7.72	7.55	7.57	1268717	14726509.000
05/09/2014	7.60	7.61	7.44	7.49	1038934	11869707.000
05/12/2014	7.56	7.67	7.53	7.66	974893	11282179.000
05/13/2014	7.63	7.74	7.63	7.67	754982	8819209.000
05/14/2014	7.69	7.71	7.62	7.69	734620	8569634.000
05/15/2014	7.70	7.83	7.57	7.60	1294579	15179430.000
05/16/2014	7.60	7.61	7.45	7.56	1219211	13964482.000
05/19/2014	7.55	7.68	7.50	7.68	1089353	12552599.000
05/20/2014	7.67	7.77	7.67	7.75	1333806	15632847.000
05/21/2014	7.74	7.79	7.67	7.79	1203304	14191413.000
05/22/2014	7.78	7.89	7.75	7.82	2042670	24266162.000
05/23/2014	7.77	7.90	7.70	7.87	2295001	17943998.000
05/26/2014	7.85	8.01	7.83	8.01	2665460	21089796.000
05/27/2014	7.98	7.98	7.82	7.85	2141184	16945160.000
05/28/2014	7.86	7.94	7.81	7.93	2339244	18441190.000
05/29/2014	7.90	7.94	7.82	7.83	2138743	16853938.000
05/30/2014	7.82	7.92	7.73	7.88	1959105	15358064.000
06/03/2014	7.88	7.96	7.88	7.93	1729318	13692216.000
06/04/2014	7.91	7.92	7.80	7.85	1374955	10801930.000
06/05/2014	7.82	8.01	7.80	7.98	1930438	15285416.000
06/06/2014	8.02	8.08	7.92	8.04	2427184	19435614.000
06/09/2014	8.04	8.11	7.93	7.95	2190033	17590928.000
06/10/2014	7.95	8.09	7.94	8.09	1892987	15203659.000
06/11/2014	8.07	8.16	7.99	8.12	3412716	27598042.000
06/12/2014	8.10	8.12	8.01	8.06	1727631	13933428.000
06/13/2014	8.06	8.16	8.00	8.15	2643595	21483382.000
06/16/2014	8.17	8.30	8.14	8.17	3173738	26053004.000
06/17/2014	8.15	8.16	8.05	8.06	2292198	18539576.000
06/18/2014	8.10	8.10	8.00	8.04	2395910	19272122.000
06/19/2014	8.08	8.08	7.58	7.61	2428770	19070256.000
06/20/2014	7.62	7.72	7.60	7.70	1123345	8608806.000
06/23/2014	7.71	8.47	7.71	8.47	7937443	66317648.000
07/25/2014	8.53	9.32	8.53	9.32	19104957	172454112.000
07/28/2014	9.40	10.25	9.33	9.94	20080340	197681600.000
07/29/2014	9.82	10.40	9.65	10.38	17023981	169098448.000
07/30/2014	10.02	10.28	9.81	10.09	13897269	139703872.000
07/31/2014	10.00	10.27	9.90	10.06	6375425	64179488.000
08/01/2014	10.02	10.30	9.96	10.05	7472933	75705712.000
08/04/2014	10.08	10.35	10.00	10.22	6725787	68590200.000
08/05/2014	10.15	11.19	10.05	10.94	11956721	128632904.000
08/06/2014	10.80	11.17	10.66	10.79	10096254	110102992.000
08/07/2014	10.83	10.93	10.58	10.62	6069890	65159468.000
08/08/2014	10.59	10.83	10.38	10.67	4542423	47925876.000
08/11/2014	10.44	10.48	9.97	10.34	9395441	96264464.000
08/12/2014	10.30	10.34	10.06	10.15	7312021	74182120.000
08/13/2014	10.10	10.27	10.05	10.26	8531753	86541224.000
08/14/2014	10.23	10.40	10.10	10.16	5147237	52565976.000
08/15/2014	10.13	10.53	10.09	10.49	6142490	63344204.000
08/18/2014	10.75	11.16	10.49	10.65	12621395	135742256.000
08/19/2014	10.53	10.64	10.40	10.52	7288996	76330336.000
08/20/2014	10.48	10.63	10.37	10.41	3679485	38519400.000
08/21/2014	10.46	10.62	10.35	10.60	3781694	39699480.000
08/22/2014	10.59	10.65	10.43	10.60	3745975	39504536.000
08/25/2014	10.60	10.60	10.15	10.19	3626169	37549680.000
08/26/2014	10.35	10.43	10.03	10.10	3246107	33027416.000
08/27/2014	10.06	10.45	10.06	10.31	3450111	35279352.000
08/28/2014	10.22	10.25	10.04	10.04	1958145	19816530.000
08/29/2014	10.05	10.29	10.05	10.15	1267361	12900658.000
09/01/2014	10.25	10.45	10.19	10.44	2276792	23612880.000
09/02/2014	10.48	10.60	10.40	10.53	2877804	30199078.000
09/03/2014	10.58	11.01	10.49	10.94	9184531	98900456.000
09/04/2014	10.86	11.29	10.74	11.29	7931531	87839256.000
09/05/2014	11.34	11.41	11.11	11.17	3404909	38201392.000
09/09/2014	11.18	11.22	10.91	11.19	2907227	32203952.000
09/10/2014	11.09	11.28	10.95	11.28	3878946	43308572.000
09/11/2014	11.30	11.40	10.95	11.09	4882916	54888852.000
09/12/2014	11.04	11.18	10.99	11.14	3454607	38319940.000
09/15/2014	11.16	12.25	11.14	11.76	12120204	143682256.000
09/16/2014	11.69	11.96	11.20	11.36	6488813	75008080.000
09/17/2014	11.32	11.82	11.11	11.66	5605479	64339712.000
09/18/2014	11.67	11.90	11.35	11.44	4800248	55263900.000
09/19/2014	11.47	11.88	11.37	11.70	4502313	52332868.000
09/22/2014	11.60	11.77	11.38	11.42	2937733	34013888.000
09/23/2014	11.45	12.48	11.37	12.11	11034851	132372968.000
09/24/2014	11.98	13.25	11.88	13.00	10177341	129641808.000
09/25/2014	13.00	13.69	12.75	12.80	6298880	82631984.000
09/26/2014	12.86	13.89	12.38	13.30	10820642	143300848.000
09/29/2014	13.38	14.03	13.36	13.66	9125426	125663976.000
09/30/2014	13.67	13.78	13.08	13.28	7636948	101472816.000
10/08/2014	13.28	13.37	13.00	13.27	5498050	72478992.000
10/09/2014	13.23	13.85	12.82	13.68	14141139	188637600.000
10/10/2014	13.60	13.82	13.19	13.56	8203800	110762320.000
10/13/2014	14.01	14.92	13.35	13.56	20224300	286866752.000
10/14/2014	13.20	13.39	13.10	13.18	7876217	104081480.000
10/15/2014	13.10	13.29	12.81	13.22	4761083	62053100.000
10/16/2014	13.05	13.48	13.00	13.00	2877211	37949032.000
10/17/2014	13.01	13.04	12.21	12.46	3784081	47713168.000
10/20/2014	12.45	12.75	12.36	12.71	1564458	19818836.000
10/21/2014	12.61	12.81	12.61	12.61	1312587	16685093.000
10/22/2014	12.57	12.73	12.37	12.43	2428749	30542340.000
10/23/2014	12.35	12.50	11.85	11.91	3086388	37347204.000
10/24/2014	11.82	12.04	11.70	11.80	2351688	27942856.000
10/27/2014	11.94	12.19	11.83	12.07	1493921	17967654.000
10/28/2014	12.10	12.68	12.00	12.68	2530784	31477742.000
10/29/2014	12.75	13.21	12.52	12.98	3293196	42679248.000
10/30/2014	13.10	13.20	12.78	12.98	1935742	24999908.000
10/31/2014	12.98	13.07	12.70	12.83	2003702	25818024.000
数据来源:通达信
