300123 太阳鸟 日线
      日期	    开盘	    最高	    最低	    收盘	    成交量	    成交额
10/08/2010	10.61	10.79	10.26	10.60	3384842	119460464.000
10/11/2010	10.38	10.52	9.93	10.30	3325514	112466008.000
10/12/2010	10.22	10.47	10.12	10.12	1892000	64831288.000
10/13/2010	10.03	10.09	9.76	9.93	1750358	57685528.000
10/14/2010	9.95	10.24	9.85	10.11	1444360	48558072.000
10/15/2010	10.00	10.18	9.09	9.76	1932525	62473444.000
10/18/2010	9.51	9.60	9.12	9.36	1659159	51376480.000
10/20/2010	10.31	10.31	10.31	10.31	601000	20626320.000
10/21/2010	11.13	11.36	10.93	11.36	4158707	155642064.000
10/22/2010	11.82	12.48	11.44	11.88	3871066	154498720.000
10/25/2010	11.69	12.21	11.59	11.90	2158616	85618992.000
10/26/2010	11.77	11.89	11.44	11.79	2613832	101195408.000
10/27/2010	11.80	12.99	11.80	12.99	2077241	86498496.000
10/28/2010	13.38	13.72	12.87	13.53	2548152	112895080.000
10/29/2010	13.26	14.17	13.02	13.41	1680816	75297168.000
11/01/2010	13.27	13.99	13.27	13.77	1421539	64396804.000
11/02/2010	13.86	13.87	12.78	12.81	2259096	98738504.000
11/03/2010	12.48	12.95	12.17	12.44	1421183	58896300.000
11/04/2010	12.52	12.85	12.31	12.74	834675	34995088.000
11/05/2010	12.82	13.25	12.74	13.02	834189	36002616.000
11/08/2010	13.41	14.33	13.26	13.43	1416843	65045400.000
11/09/2010	13.38	14.64	13.21	14.47	1985577	92460976.000
11/10/2010	14.33	14.63	14.19	14.45	1189622	56891976.000
11/11/2010	14.38	15.64	14.29	14.64	1290438	64739764.000
11/12/2010	14.63	14.99	13.77	13.96	1882425	88957296.000
11/15/2010	14.17	14.75	13.87	14.42	1332252	63216000.000
11/16/2010	14.60	15.09	13.87	14.03	1211586	58243836.000
11/17/2010	13.87	14.14	12.61	12.61	1422740	63633540.000
11/18/2010	12.94	13.17	12.61	13.00	872579	37311192.000
11/19/2010	13.00	13.72	12.81	13.72	1305433	57606920.000
11/22/2010	13.68	14.41	13.68	14.12	1361340	63851264.000
11/23/2010	14.09	14.63	14.01	14.62	1401237	66670204.000
11/24/2010	15.09	15.64	14.65	15.31	1427497	71916760.000
11/25/2010	15.38	15.63	14.85	15.01	1245473	62453332.000
11/26/2010	15.00	15.49	14.86	15.30	867377	43772500.000
11/29/2010	15.35	15.40	14.90	15.24	990100	49809724.000
11/30/2010	15.30	15.39	14.18	14.61	1214673	58974872.000
12/01/2010	14.48	14.86	14.21	14.84	565188	27317022.000
12/02/2010	15.02	15.24	14.78	14.80	528162	26298758.000
12/03/2010	14.79	14.79	14.24	14.24	585811	27936974.000
12/06/2010	14.02	14.22	13.50	14.16	992617	45365788.000
12/07/2010	13.88	14.37	13.88	14.22	499177	23379734.000
12/08/2010	14.32	14.32	13.81	13.88	378695	17541970.000
12/09/2010	13.87	13.87	13.51	13.55	356031	16065896.000
12/10/2010	13.54	13.81	13.42	13.77	334507	15154381.000
12/13/2010	13.87	14.60	13.80	14.45	725740	34441944.000
12/14/2010	14.45	14.48	14.16	14.33	477931	22705536.000
12/15/2010	14.19	14.33	14.02	14.18	373076	17577114.000
12/16/2010	14.18	14.38	14.01	14.07	317511	14906229.000
12/17/2010	14.04	14.08	13.62	13.87	519994	23835248.000
12/20/2010	14.36	14.97	13.77	13.87	2088547	98025376.000
12/21/2010	13.77	13.93	13.50	13.72	831035	37595988.000
12/23/2010	13.59	13.59	12.96	13.17	929939	40729204.000
12/24/2010	13.01	13.47	12.98	13.29	470111	20645966.000
12/27/2010	13.33	13.40	12.46	12.53	633672	27288360.000
12/28/2010	12.53	12.53	11.94	12.02	751331	30375376.000
12/29/2010	11.98	12.64	11.43	12.52	3227106	127072152.000
12/30/2010	12.28	12.49	12.16	12.38	1018109	41682200.000
12/31/2010	12.35	12.91	12.28	12.80	1096749	46154876.000
01/04/2011	12.73	12.96	12.53	12.82	746259	31548210.000
01/05/2011	12.71	13.26	12.41	13.11	1277978	54875440.000
01/06/2011	12.93	13.37	12.90	13.34	797428	34740644.000
01/07/2011	13.17	13.55	12.74	13.02	800144	35160664.000
01/10/2011	12.96	13.17	12.29	12.36	864897	36593904.000
01/11/2011	12.38	12.38	11.80	12.16	860524	34513064.000
01/12/2011	12.09	12.49	12.09	12.48	361983	14856197.000
01/13/2011	12.49	12.73	12.21	12.59	310897	12915733.000
01/14/2011	12.38	12.56	12.12	12.23	219966	8973661.000
01/17/2011	12.23	12.24	11.68	11.83	342407	13502657.000
01/18/2011	11.59	11.83	11.59	11.74	292126	11345112.000
01/19/2011	11.74	12.09	11.63	11.98	255182	10092146.000
01/20/2011	11.98	12.03	11.43	11.43	379592	14768586.000
01/21/2011	11.43	11.84	11.43	11.49	359813	13856482.000
01/24/2011	11.55	11.55	10.63	10.64	562554	20554376.000
01/25/2011	10.67	10.70	10.22	10.50	485795	16887672.000
01/26/2011	10.58	10.92	10.43	10.79	548509	19684642.000
01/27/2011	10.67	11.40	10.58	11.13	402169	14787217.000
01/28/2011	11.23	11.24	11.07	11.14	175517	6502375.500
01/31/2011	11.13	11.25	10.98	11.10	332033	12254131.000
02/01/2011	11.13	11.83	11.13	11.22	408903	15471927.000
02/09/2011	11.13	11.47	11.13	11.32	180472	6755465.500
02/10/2011	11.30	11.58	11.28	11.56	362345	13797745.000
02/11/2011	11.59	11.89	11.49	11.57	335251	13043662.000
02/14/2011	11.59	11.65	11.28	11.52	985082	37458120.000
02/15/2011	11.52	11.74	11.43	11.52	820085	31494760.000
02/16/2011	11.52	11.73	11.45	11.69	476031	18342460.000
02/17/2011	11.71	11.98	11.71	11.86	590517	23225210.000
02/18/2011	11.75	11.76	11.36	11.40	507065	19438906.000
02/21/2011	11.37	11.67	11.31	11.65	527594	20182142.000
02/22/2011	11.62	11.70	10.89	10.94	788960	29440234.000
02/23/2011	10.91	11.25	10.86	11.16	437771	16050445.000
02/24/2011	11.15	11.24	10.98	11.12	277284	10240786.000
02/25/2011	11.12	11.20	10.98	11.19	194563	7156675.000
02/28/2011	11.20	11.70	11.19	11.53	767479	29314274.000
03/01/2011	11.59	11.66	11.22	11.31	673966	25594656.000
03/02/2011	11.31	11.40	11.04	11.14	312039	11560028.000
03/03/2011	11.23	11.29	10.57	10.80	562406	20434008.000
03/04/2011	10.81	10.91	10.67	10.91	314592	11294589.000
03/07/2011	10.91	10.97	10.82	10.93	381245	13812325.000
03/08/2011	11.06	11.09	10.89	11.01	409968	15026565.000
03/09/2011	11.06	11.49	10.98	11.43	785507	29440406.000
03/10/2011	11.42	11.61	11.29	11.43	834329	31785060.000
03/11/2011	11.43	11.43	10.88	11.06	934076	34784056.000
03/14/2011	11.08	11.27	11.01	11.27	458051	16934202.000
03/15/2011	11.25	11.25	10.92	11.19	388915	14301730.000
03/16/2011	11.19	11.30	11.16	11.26	379439	14197882.000
03/17/2011	11.13	11.27	10.73	10.90	513137	18800568.000
03/18/2011	10.92	11.06	10.84	10.92	416456	15113566.000
03/21/2011	11.04	11.22	10.82	11.16	701421	25873688.000
03/22/2011	11.16	11.21	10.92	11.01	342880	12564352.000
03/23/2011	11.02	11.28	10.93	11.25	633746	23545022.000
03/24/2011	11.25	11.31	11.16	11.22	326147	12154664.000
03/25/2011	10.91	11.30	10.91	11.21	300315	11118229.000
03/28/2011	11.23	11.51	11.22	11.26	949252	35870384.000
03/30/2011	11.04	11.13	10.58	10.66	901852	32135406.000
03/31/2011	10.67	10.75	10.48	10.52	277859	9825882.000
04/01/2011	10.55	10.66	10.52	10.56	343230	12074936.000
04/06/2011	10.53	10.60	9.94	10.12	1198179	40362668.000
04/07/2011	10.21	10.21	10.00	10.00	665615	22350984.000
04/08/2011	10.01	10.24	10.01	10.21	492496	16609211.000
04/11/2011	10.21	10.24	10.02	10.06	481491	16178392.000
04/12/2011	10.11	10.47	10.04	10.33	469955	16094385.000
04/13/2011	10.33	10.91	10.23	10.84	839908	30003274.000
04/14/2011	10.84	10.91	10.70	10.77	329271	11813837.000
04/15/2011	10.75	10.82	10.51	10.55	353160	12457946.000
04/18/2011	10.54	10.82	10.52	10.73	359006	12787616.000
04/19/2011	10.52	10.74	10.43	10.58	285794	10000727.000
04/21/2011	10.60	10.90	10.60	10.76	292210	10482381.000
04/22/2011	10.91	10.99	10.67	10.75	290881	10468129.000
04/25/2011	10.85	10.94	10.52	10.82	458611	16445036.000
04/26/2011	10.71	10.82	10.26	10.36	571425	20056376.000
04/27/2011	10.36	10.62	10.30	10.40	209394	7251326.500
04/28/2011	10.40	10.40	9.57	9.60	500244	16360601.000
04/29/2011	9.63	9.70	9.57	9.67	264759	8494917.000
05/03/2011	9.67	9.74	9.60	9.70	129148	4153015.500
05/04/2011	9.76	9.76	9.55	9.63	222000	7105404.000
05/05/2011	9.63	9.69	9.52	9.65	167219	5367540.000
05/06/2011	9.60	9.74	9.52	9.66	142695	4581697.500
05/09/2011	9.76	9.90	9.76	9.81	194223	6352713.000
05/10/2011	9.83	9.85	9.73	9.81	125616	4098781.500
05/11/2011	9.80	10.09	9.77	10.08	234562	7796228.500
05/12/2011	10.04	10.66	9.94	10.18	567069	19592250.000
05/13/2011	10.13	10.39	9.89	10.13	371703	7741387.000
05/16/2011	10.02	10.13	9.82	9.91	391011	8064512.500
05/17/2011	9.83	9.89	9.15	9.68	597726	11924004.000
05/18/2011	9.53	9.53	9.16	9.39	930597	17916642.000
05/19/2011	9.36	9.36	9.19	9.30	343031	6595688.500
05/20/2011	9.24	9.36	9.24	9.34	210676	4069618.250
05/23/2011	9.33	9.33	8.90	8.95	294515	5521454.000
05/24/2011	9.05	9.39	8.80	9.28	421046	7986897.000
05/25/2011	9.25	9.25	8.98	9.00	160457	3025919.250
05/26/2011	9.01	9.10	8.81	8.90	183500	3422585.000
05/27/2011	8.71	8.85	8.53	8.53	318893	5731522.000
05/30/2011	8.41	8.72	8.26	8.43	188202	3340877.000
05/31/2011	8.56	8.70	8.41	8.64	168129	3001622.250
06/01/2011	8.56	8.71	8.56	8.66	209119	3759508.000
06/02/2011	8.56	8.60	8.29	8.50	208020	3650285.500
06/03/2011	8.44	8.70	8.44	8.66	193567	3468298.000
06/07/2011	8.65	8.68	8.49	8.60	167570	2990584.750
06/08/2011	8.60	9.14	8.54	9.03	682109	12709377.000
06/09/2011	9.03	9.03	8.75	8.75	399781	7354184.000
06/10/2011	8.76	9.15	8.71	8.86	429110	7965019.000
06/13/2011	8.82	9.14	8.68	8.99	398944	7435719.000
06/14/2011	8.98	9.04	8.85	9.01	284676	5305976.000
06/15/2011	9.03	9.23	8.95	9.00	394480	7435857.000
06/16/2011	9.00	9.22	8.90	9.01	337554	6349065.000
06/17/2011	8.90	9.20	8.90	9.05	373153	7055616.500
06/20/2011	9.11	9.32	9.06	9.27	638807	12235377.000
06/21/2011	9.39	9.53	9.16	9.33	674044	13099717.000
06/22/2011	9.38	9.38	9.05	9.15	404842	7722551.500
06/23/2011	9.02	9.33	8.93	9.23	481843	9235093.000
06/24/2011	9.43	9.88	9.10	9.71	1340925	26888216.000
06/27/2011	9.84	10.69	9.84	10.49	2010003	43223420.000
06/28/2011	10.39	10.39	10.08	10.31	1241626	26364274.000
06/29/2011	10.27	10.65	10.22	10.25	868568	18733530.000
06/30/2011	10.23	10.37	10.12	10.26	638920	13619232.000
07/01/2011	10.29	10.41	10.20	10.25	579421	12398118.000
07/04/2011	10.27	10.48	10.20	10.41	971110	20857212.000
07/05/2011	10.41	10.86	10.27	10.50	1127986	24773714.000
07/06/2011	10.47	10.55	10.34	10.49	747967	16209393.000
07/07/2011	10.42	10.81	10.40	10.53	900611	19851740.000
07/08/2011	10.57	10.85	10.38	10.76	1682782	36967896.000
07/11/2011	10.80	10.84	10.50	10.70	1067596	23635350.000
07/12/2011	10.61	10.61	10.12	10.21	1070168	23083612.000
07/13/2011	10.20	10.43	10.17	10.35	594034	12730272.000
07/14/2011	10.37	10.55	10.14	10.51	821538	17734074.000
07/15/2011	10.41	10.80	10.41	10.72	1189334	26361278.000
07/18/2011	10.72	10.83	10.44	10.52	718219	15805431.000
07/19/2011	10.42	10.54	10.28	10.36	508670	10939196.000
07/20/2011	10.39	10.51	10.32	10.46	402029	8698606.000
07/21/2011	10.46	10.48	10.01	10.04	634010	13342477.000
07/22/2011	10.29	10.29	9.93	9.97	381291	7937270.000
07/25/2011	9.97	9.97	9.31	9.36	1009371	20163974.000
07/26/2011	9.37	9.44	9.09	9.24	764619	14581333.000
07/27/2011	9.24	9.55	9.10	9.45	815421	15978368.000
07/28/2011	9.48	10.27	9.38	10.21	1904084	38680560.000
07/29/2011	10.12	10.24	9.70	9.88	1264456	26103848.000
08/01/2011	9.83	10.06	9.73	9.88	555969	11381981.000
08/02/2011	9.80	9.88	9.48	9.88	520686	10483626.000
08/03/2011	9.80	10.19	9.64	9.99	773928	16098399.000
08/04/2011	10.01	10.09	9.89	9.93	471255	9732584.000
08/05/2011	9.59	9.81	9.46	9.55	741129	14793944.000
08/08/2011	9.41	9.54	8.70	8.81	878443	16650625.000
08/09/2011	8.59	8.95	8.17	8.77	639260	11473166.000
08/10/2011	9.04	9.14	8.82	9.02	706444	13179227.000
08/11/2011	8.69	9.38	8.69	9.31	559096	10658721.000
08/12/2011	9.39	9.48	9.31	9.33	395522	7712655.500
08/15/2011	9.33	9.78	9.33	9.63	494356	9804717.000
08/16/2011	9.73	9.84	9.46	9.49	358538	7118235.000
08/17/2011	9.46	9.63	9.39	9.51	276125	5468882.500
08/18/2011	9.46	9.58	9.18	9.23	332932	6492973.500
08/19/2011	9.00	9.16	8.95	9.16	343783	6453675.000
08/23/2011	9.17	9.53	9.17	9.51	440578	8603740.000
08/24/2011	9.65	10.27	9.64	9.95	1889355	39479916.000
08/25/2011	9.94	10.20	9.79	10.12	1523154	31750550.000
08/26/2011	10.12	10.45	10.12	10.44	1696082	36294404.000
08/29/2011	10.50	10.60	10.26	10.49	1192412	25797298.000
08/30/2011	10.49	10.57	10.26	10.27	1240080	26762926.000
08/31/2011	10.26	10.37	9.89	10.37	709105	14908214.000
09/01/2011	10.39	10.39	10.02	10.11	498634	10523451.000
09/02/2011	10.02	10.17	9.73	9.85	520173	10686960.000
09/05/2011	9.71	9.71	9.46	9.52	337321	6699845.500
09/06/2011	9.46	9.78	9.37	9.46	294942	5827704.000
09/07/2011	9.62	9.78	9.48	9.76	354036	7091807.000
09/08/2011	9.83	9.97	9.51	9.53	336031	6760696.500
09/09/2011	9.53	9.77	9.39	9.44	431643	8555344.000
09/13/2011	9.15	9.62	9.15	9.30	276347	5348396.000
09/14/2011	9.28	9.41	9.16	9.38	365489	7065363.500
09/15/2011	9.40	9.46	9.23	9.34	236725	4601936.500
09/16/2011	9.32	9.44	9.20	9.24	164533	3183528.750
09/19/2011	9.27	9.27	9.01	9.01	233744	4414385.500
09/20/2011	9.02	9.09	8.90	8.99	176316	3296212.250
09/21/2011	9.00	9.27	8.95	9.27	435389	8280803.000
09/22/2011	9.23	9.23	8.90	8.90	361296	6792049.000
09/23/2011	8.85	8.90	8.56	8.60	529854	9528870.000
09/26/2011	8.53	8.73	8.29	8.41	561536	9916078.000
09/27/2011	8.50	8.50	8.34	8.41	653440	11436079.000
09/28/2011	8.45	8.45	8.22	8.25	396294	6881689.500
09/29/2011	8.40	8.73	8.18	8.34	909360	16213758.000
09/30/2011	8.33	8.49	8.18	8.42	556855	9661143.000
10/10/2011	8.51	8.56	8.23	8.25	586106	10112015.000
10/11/2011	8.43	8.56	8.08	8.17	767371	13231531.000
10/12/2011	8.17	8.46	8.12	8.46	1622175	28174116.000
10/13/2011	8.40	8.66	8.40	8.62	1379053	24636398.000
10/14/2011	8.66	8.70	8.43	8.52	638953	11325058.000
10/18/2011	8.90	9.39	8.84	8.93	5757021	109329336.000
10/19/2011	8.76	8.85	8.52	8.61	2789929	50381404.000
10/20/2011	8.51	8.51	7.98	8.05	1497778	25714526.000
10/21/2011	7.99	8.10	7.71	7.78	902667	14824234.000
10/24/2011	7.73	8.04	7.54	7.96	1233592	20101676.000
10/25/2011	8.00	8.16	7.87	8.13	1418128	23712896.000
10/26/2011	7.96	8.31	7.87	8.15	2835232	47809312.000
10/27/2011	8.15	8.17	7.98	8.01	1228226	20628520.000
10/28/2011	8.06	8.34	8.06	8.20	1860515	31502272.000
10/31/2011	8.08	8.41	8.08	8.33	1293099	22294858.000
11/01/2011	8.24	8.39	7.99	8.25	1294694	22237024.000
11/02/2011	8.01	8.60	8.01	8.54	2309832	40344608.000
11/03/2011	8.61	8.95	8.39	8.41	2429183	43369868.000
11/04/2011	8.43	8.60	8.32	8.56	2288085	40423272.000
11/07/2011	8.51	8.61	8.38	8.38	1167252	20630306.000
11/08/2011	8.38	8.51	8.11	8.12	1678321	29024620.000
11/09/2011	8.13	8.34	8.13	8.34	1131849	19322598.000
11/10/2011	8.27	8.70	8.18	8.42	2562579	45226032.000
11/11/2011	8.37	8.82	8.37	8.65	3122964	56090844.000
11/14/2011	8.69	8.87	8.66	8.80	3195601	58215924.000
11/15/2011	8.80	8.80	8.60	8.69	4291507	77172720.000
11/16/2011	8.65	8.76	8.46	8.49	3110978	55756492.000
11/17/2011	8.42	8.79	8.42	8.66	2333083	41802612.000
11/18/2011	8.59	8.60	8.33	8.37	1809692	31678710.000
11/21/2011	8.36	8.41	8.02	8.19	1034910	17548634.000
11/22/2011	8.14	8.15	7.91	8.07	717339	11973783.000
11/23/2011	8.10	8.16	7.95	7.95	645279	10802010.000
11/24/2011	7.88	8.01	7.76	7.85	679288	11125833.000
11/25/2011	7.85	7.97	7.80	7.90	647570	10634460.000
11/28/2011	7.93	7.93	7.49	7.54	1769059	28181662.000
11/29/2011	7.58	7.92	7.43	7.81	2884920	45985728.000
11/30/2011	7.71	7.74	7.15	7.21	1893503	29348162.000
12/01/2011	7.44	7.51	7.27	7.27	1969009	30340464.000
12/02/2011	7.27	7.28	6.71	6.85	1750189	25465074.000
12/05/2011	6.84	6.84	6.44	6.49	1405329	19328666.000
12/06/2011	6.63	6.84	6.49	6.66	1505137	21040074.000
12/07/2011	6.61	6.78	6.47	6.69	996631	13871070.000
12/08/2011	6.67	6.82	6.54	6.75	1023054	14338365.000
12/09/2011	6.71	6.77	6.59	6.63	516788	7197788.500
12/12/2011	6.63	6.71	6.61	6.65	575760	8010736.500
12/13/2011	6.61	6.61	6.25	6.27	815525	10860480.000
12/14/2011	6.26	6.30	5.94	5.97	1239964	15825509.000
12/15/2011	5.93	6.11	5.86	5.98	1049567	13113987.000
12/16/2011	5.99	6.19	5.95	6.18	1136249	14402166.000
12/19/2011	6.17	6.29	6.00	6.24	902115	11556780.000
12/20/2011	6.23	6.34	6.10	6.12	804338	10497222.000
12/21/2011	6.22	6.22	6.02	6.12	671306	8604794.000
12/22/2011	6.01	6.22	5.79	6.11	881579	10977768.000
12/23/2011	6.08	6.25	6.02	6.22	801648	10374907.000
12/26/2011	6.13	6.28	6.13	6.20	337393	4373265.000
12/27/2011	6.20	6.27	5.96	5.98	918219	11722974.000
12/28/2011	5.88	6.02	5.64	5.99	771097	9384529.000
12/29/2011	5.93	6.03	5.89	5.98	508579	6345824.000
12/30/2011	6.00	6.10	5.98	6.06	400588	5070521.000
01/04/2012	6.11	6.15	5.88	5.98	438199	5528105.500
01/05/2012	5.83	5.90	5.60	5.71	643080	7711888.000
01/06/2012	5.70	5.71	5.44	5.67	494794	5758470.000
01/09/2012	5.63	5.93	5.57	5.90	1117693	13520992.000
01/10/2012	5.90	6.20	5.86	6.19	1519963	19282612.000
01/11/2012	6.16	6.20	6.07	6.15	1217554	15576261.000
01/13/2012	6.37	6.56	5.93	5.95	2146254	27899170.000
01/16/2012	5.73	5.76	5.45	5.47	1007868	11814465.000
01/17/2012	5.46	5.82	5.33	5.70	1227945	14402129.000
01/18/2012	5.72	5.78	5.29	5.34	1437134	16614504.000
01/19/2012	5.34	5.43	5.16	5.35	1471600	16473566.000
01/20/2012	5.51	5.59	5.35	5.56	1159029	13278016.000
01/30/2012	5.54	5.65	5.44	5.54	734082	8530488.000
01/31/2012	5.53	5.57	5.42	5.49	518661	5942858.500
02/01/2012	5.51	5.62	5.44	5.52	995922	11580509.000
02/02/2012	5.62	5.62	5.50	5.59	1413828	16461032.000
02/03/2012	5.60	5.80	5.56	5.74	1495808	17841138.000
02/06/2012	5.74	5.80	5.67	5.79	1663830	19974828.000
02/07/2012	5.78	5.98	5.69	5.87	3363308	41223956.000
02/08/2012	5.88	5.99	5.78	5.99	2438431	30044734.000
02/09/2012	5.97	6.05	5.91	5.95	2397490	30013784.000
02/10/2012	5.94	6.04	5.93	5.98	1717212	21488366.000
02/13/2012	5.97	6.10	5.91	6.04	1582792	19933402.000
02/14/2012	6.04	6.06	5.94	5.99	1266546	15862394.000
02/15/2012	6.01	6.11	5.98	6.08	1429001	18087394.000
02/16/2012	6.09	6.20	5.99	6.05	1571136	20035472.000
02/17/2012	6.04	6.10	5.95	6.00	1142324	14357119.000
02/20/2012	6.08	6.12	6.02	6.09	1970898	25025044.000
02/21/2012	6.09	6.20	5.98	6.19	2158302	27389914.000
02/22/2012	6.17	6.37	6.17	6.35	2791928	36666060.000
02/23/2012	6.34	6.49	6.27	6.47	3555098	47637516.000
02/24/2012	6.49	6.60	6.39	6.56	2874122	38811672.000
02/27/2012	6.53	6.55	6.42	6.47	2403728	32589754.000
02/28/2012	6.46	6.46	6.27	6.41	1860588	24696798.000
02/29/2012	6.40	6.40	6.29	6.36	789312	10458743.000
03/01/2012	6.32	6.44	6.32	6.37	872531	11628284.000
03/02/2012	6.38	6.53	6.38	6.50	1237820	16691780.000
03/05/2012	6.49	6.68	6.47	6.55	2135290	29315502.000
03/06/2012	6.54	6.54	6.41	6.53	2222545	30010976.000
03/07/2012	6.45	6.78	6.42	6.63	3339735	46183684.000
03/08/2012	6.65	6.70	6.57	6.66	1336957	18517660.000
03/09/2012	6.71	6.83	6.62	6.77	2849018	40074980.000
03/12/2012	6.75	7.06	6.68	7.03	4625047	66023348.000
03/13/2012	7.00	7.01	6.90	6.99	2365588	34247220.000
03/14/2012	7.00	7.00	6.36	6.46	3087722	43585980.000
03/15/2012	6.54	6.54	6.26	6.33	1740364	23183034.000
03/16/2012	6.40	6.66	6.32	6.66	1364980	18348508.000
03/19/2012	6.57	6.75	6.51	6.73	1246118	17222508.000
03/20/2012	6.69	6.70	6.45	6.49	1400370	19069844.000
03/21/2012	6.48	6.56	6.26	6.40	1028079	13707589.000
03/22/2012	6.42	6.49	6.35	6.48	1827406	24510928.000
03/23/2012	6.44	6.44	6.15	6.24	1329068	17401838.000
03/26/2012	6.22	6.22	6.13	6.17	886254	11431477.000
03/27/2012	6.20	6.31	6.20	6.25	1282764	16743330.000
03/28/2012	6.20	6.24	5.85	5.89	1117505	14078981.000
03/29/2012	5.84	5.89	5.70	5.81	1397317	16924838.000
03/30/2012	5.88	6.00	5.82	5.96	1076080	13290974.000
04/05/2012	5.95	6.16	5.90	6.12	1436474	18175030.000
04/06/2012	6.09	6.17	6.02	6.09	964518	12304382.000
04/09/2012	6.05	6.07	5.89	5.97	1133470	14193324.000
04/10/2012	5.88	6.01	5.78	6.01	1079620	13293942.000
04/11/2012	5.92	6.02	5.90	6.02	777600	9726658.000
04/12/2012	6.02	6.20	6.02	6.20	1499001	19240514.000
04/13/2012	6.15	6.26	6.15	6.20	1222642	15849335.000
04/16/2012	6.20	6.22	6.08	6.20	751339	9693805.000
04/17/2012	6.12	6.26	6.07	6.19	947027	12138224.000
04/18/2012	6.22	6.38	6.12	6.36	2146195	28211724.000
04/19/2012	6.37	6.40	6.27	6.30	901912	11918907.000
04/23/2012	6.22	6.31	5.98	6.07	2322124	29549558.000
04/24/2012	6.02	6.07	5.67	5.80	1778500	21720946.000
04/25/2012	5.81	5.87	5.74	5.84	841260	10205481.000
04/26/2012	5.84	5.96	5.78	5.96	920392	11303038.000
04/27/2012	5.94	6.00	5.86	5.95	654100	8117729.000
05/02/2012	6.02	6.06	5.94	6.05	1042519	13118010.000
05/03/2012	6.04	6.06	5.98	6.02	491732	6189600.000
05/04/2012	6.00	6.13	6.00	6.10	1299565	16521693.000
05/07/2012	6.08	6.11	6.00	6.09	1168021	14780534.000
05/08/2012	6.09	6.26	6.09	6.20	1671908	21644512.000
05/09/2012	6.21	6.66	6.13	6.32	5627089	75269696.000
05/10/2012	6.37	6.43	6.20	6.29	2273093	29753110.000
05/11/2012	6.22	6.29	6.12	6.17	1769217	22890906.000
05/14/2012	6.17	6.21	6.12	6.14	1190907	15324507.000
05/15/2012	6.11	6.11	5.98	6.06	1012889	12755292.000
05/16/2012	6.03	6.11	5.93	5.95	892187	11172493.000
05/17/2012	5.98	6.09	5.98	6.06	604505	7574209.000
05/18/2012	6.02	6.06	5.97	5.98	466317	5801599.500
05/21/2012	5.99	6.02	5.96	6.01	332887	4133812.750
05/22/2012	6.02	6.10	6.02	6.08	639740	8053420.000
05/23/2012	6.08	6.08	5.89	5.90	926168	11446317.000
05/24/2012	5.86	6.02	5.85	5.91	729667	8997470.000
05/25/2012	5.87	5.93	5.78	5.84	570704	6919667.500
05/28/2012	5.79	5.95	5.79	5.92	719785	8761919.000
05/29/2012	5.88	5.99	5.87	5.98	1299638	16015507.000
05/30/2012	5.98	6.08	5.95	6.03	882628	11022722.000
05/31/2012	5.94	6.05	5.94	6.01	658637	8200162.500
06/01/2012	6.01	6.05	5.98	6.01	376705	4695166.500
06/04/2012	5.90	5.99	5.88	5.90	923035	11334502.000
06/05/2012	5.92	6.25	5.92	6.10	2437163	30756856.000
06/06/2012	6.10	6.12	5.98	6.02	1089707	13710129.000
06/07/2012	6.03	6.30	6.03	6.25	2861928	36732312.000
06/08/2012	6.33	6.40	6.20	6.26	3095539	40527476.000
06/11/2012	6.22	6.40	6.19	6.38	2087762	27290852.000
06/12/2012	6.34	6.46	6.27	6.27	2001474	26453654.000
06/13/2012	6.35	6.49	6.31	6.40	1783463	23649468.000
06/14/2012	6.37	6.44	6.33	6.40	1763397	23346778.000
06/15/2012	6.60	6.75	6.32	6.36	3707377	50059840.000
06/18/2012	6.42	6.65	6.34	6.57	2744249	37131820.000
06/19/2012	6.57	6.73	6.51	6.59	2810611	38731772.000
06/20/2012	6.62	6.63	6.51	6.60	1263494	17218074.000
06/21/2012	6.60	6.60	6.42	6.45	1277328	17121502.000
06/25/2012	6.44	6.48	6.32	6.34	1062700	14070583.000
06/26/2012	6.34	6.90	6.32	6.82	3352408	46024460.000
06/27/2012	6.80	6.85	6.63	6.65	3902646	54672520.000
06/28/2012	6.61	6.94	6.60	6.78	4878233	68751368.000
06/29/2012	6.69	6.92	6.69	6.88	3236519	45684168.000
07/02/2012	6.92	7.01	6.81	6.97	2928158	41986956.000
07/03/2012	6.93	7.37	6.90	7.18	5744757	85617992.000
07/04/2012	7.15	7.17	6.99	7.02	2897073	42206292.000
07/05/2012	6.99	6.99	6.79	6.87	2070856	29450012.000
07/06/2012	6.88	6.99	6.67	6.97	2736598	38733808.000
07/09/2012	6.90	6.93	6.69	6.69	1987973	28041910.000
07/10/2012	6.61	6.69	6.38	6.44	2459760	32989684.000
07/11/2012	6.41	6.60	6.39	6.57	1222988	16467545.000
07/12/2012	6.58	6.67	6.46	6.63	1572152	21472042.000
07/13/2012	6.62	6.69	6.40	6.44	1804009	24390394.000
07/16/2012	6.46	6.59	6.37	6.45	1631004	21953256.000
07/17/2012	6.50	6.70	6.49	6.66	2738347	37408852.000
07/18/2012	6.64	6.98	6.60	6.95	3968748	56252452.000
07/19/2012	6.95	6.95	6.81	6.85	2259318	32135198.000
07/20/2012	6.85	6.99	6.80	6.85	1868095	26627010.000
07/23/2012	6.84	6.84	6.54	6.65	3377114	46383920.000
07/24/2012	6.57	6.80	6.49	6.75	2088990	28870076.000
07/25/2012	6.71	6.92	6.63	6.83	1996783	28147738.000
07/26/2012	6.84	6.89	6.57	6.57	1951186	27080140.000
07/27/2012	6.58	6.63	6.39	6.42	1524666	20463674.000
07/30/2012	6.45	6.53	6.37	6.42	1135926	15190468.000
07/31/2012	6.39	6.42	6.01	6.01	1996390	25656428.000
08/01/2012	6.01	6.18	5.99	6.05	1290116	16281861.000
08/02/2012	6.06	6.07	5.95	6.03	1072308	13380467.000
08/03/2012	6.03	6.55	6.01	6.44	2857985	37382556.000
08/06/2012	6.33	6.59	6.29	6.57	2626295	35266656.000
08/07/2012	6.54	6.70	6.50	6.65	2827959	38810648.000
08/08/2012	6.60	6.60	6.45	6.46	1780356	24005670.000
08/09/2012	6.44	6.60	6.41	6.59	1980862	26839470.000
08/10/2012	6.60	6.60	6.47	6.50	1027019	13891229.000
08/13/2012	6.49	6.57	6.40	6.40	808679	10860470.000
08/14/2012	6.39	6.45	6.22	6.43	1160601	15225050.000
08/15/2012	6.29	6.44	6.27	6.29	740274	9718712.000
08/16/2012	6.27	6.49	6.22	6.34	1096290	14503022.000
08/17/2012	6.28	6.36	6.21	6.30	862426	11188931.000
08/20/2012	6.22	6.30	6.16	6.26	1093685	14057467.000
08/21/2012	6.26	6.57	6.26	6.55	1741549	23298884.000
08/22/2012	6.56	6.70	6.55	6.57	3070257	42104084.000
08/23/2012	6.55	6.65	6.48	6.60	1321808	18035048.000
08/24/2012	6.60	6.74	6.54	6.71	2553651	35308600.000
08/27/2012	6.66	6.66	6.37	6.44	2179038	29243120.000
08/28/2012	6.40	6.49	6.26	6.39	1420246	18711232.000
08/29/2012	6.37	6.63	6.33	6.59	1794780	24296066.000
08/30/2012	6.55	6.62	6.27	6.43	1486530	19864450.000
08/31/2012	6.38	6.52	6.28	6.49	794070	10550918.000
09/03/2012	6.47	6.66	6.37	6.65	1593624	21736676.000
09/04/2012	6.61	6.79	6.58	6.61	2516974	34903392.000
09/05/2012	6.71	6.80	6.63	6.67	1804672	25098822.000
09/06/2012	6.66	6.80	6.62	6.75	1371028	19064404.000
09/07/2012	6.83	7.00	6.76	6.88	4333987	61923044.000
09/10/2012	6.85	7.07	6.79	7.05	2845966	41113000.000
09/11/2012	7.12	7.42	6.95	6.96	4358595	64500620.000
09/12/2012	6.93	7.07	6.85	7.02	2914101	41961100.000
09/13/2012	6.96	7.39	6.96	7.22	5933657	88806592.000
09/14/2012	7.24	7.42	7.09	7.21	4247089	63789488.000
09/17/2012	7.21	7.21	6.88	7.01	3522763	51233332.000
09/18/2012	6.95	7.07	6.75	6.79	1930804	27636702.000
09/19/2012	6.79	6.89	6.74	6.84	1199768	16938618.000
09/20/2012	6.90	7.38	6.76	6.76	4578576	66847152.000
09/21/2012	6.70	6.72	6.32	6.39	4040987	53766848.000
09/24/2012	6.38	6.46	6.28	6.40	1091157	14466830.000
09/25/2012	6.41	6.46	6.34	6.39	680435	9022602.000
09/26/2012	6.40	6.40	6.09	6.22	1792773	23046128.000
09/27/2012	6.18	6.37	6.10	6.37	1261968	16356114.000
09/28/2012	6.31	6.43	6.26	6.41	1138144	14974843.000
10/08/2012	6.38	6.44	6.33	6.36	456998	6039902.500
10/09/2012	6.39	6.53	6.37	6.48	1926198	25822202.000
10/10/2012	6.47	6.66	6.45	6.64	1980970	26997642.000
10/11/2012	6.64	6.64	6.49	6.54	1073540	14599111.000
10/12/2012	6.54	6.61	6.34	6.46	1296106	17315974.000
10/15/2012	6.50	6.50	6.37	6.45	585605	7773624.500
10/16/2012	6.44	6.57	6.39	6.51	741411	9993466.000
10/17/2012	6.53	6.60	6.45	6.58	659849	8921418.000
10/18/2012	6.58	6.66	6.53	6.63	799643	10990924.000
10/19/2012	6.63	6.87	6.63	6.68	1224258	17098152.000
10/22/2012	6.64	6.80	6.61	6.78	781662	10890318.000
10/23/2012	6.78	6.78	6.63	6.67	961174	13316569.000
10/24/2012	6.62	6.69	6.62	6.63	594114	8186741.000
10/25/2012	6.62	6.65	6.49	6.51	650144	8854674.000
10/26/2012	6.50	6.54	6.32	6.44	780510	10353348.000
10/29/2012	6.44	6.49	6.37	6.46	474638	6325966.000
10/30/2012	6.46	6.54	6.41	6.49	434052	5830660.500
10/31/2012	6.49	6.55	6.41	6.54	322612	4328623.000
11/01/2012	6.55	6.76	6.55	6.69	1531117	21222918.000
11/02/2012	6.74	6.74	6.65	6.72	579725	8052315.500
11/05/2012	6.84	7.09	6.76	6.95	3319298	47644924.000
11/06/2012	6.83	6.97	6.75	6.93	2535183	35919252.000
11/07/2012	6.88	6.95	6.64	6.66	2256479	31671994.000
11/08/2012	6.64	7.10	6.42	6.66	7322049	103615432.000
11/09/2012	6.48	6.63	6.41	6.56	4653021	62738396.000
11/12/2012	6.51	6.60	6.49	6.56	1728137	23444302.000
11/13/2012	6.59	6.61	6.45	6.58	1970186	26702006.000
11/14/2012	6.89	7.07	6.66	6.80	5798519	82222680.000
11/15/2012	6.75	7.09	6.59	6.87	5682708	80500352.000
11/16/2012	6.73	6.86	6.71	6.74	2633369	36997208.000
11/19/2012	6.74	6.97	6.68	6.89	4282610	61055028.000
11/20/2012	6.87	6.95	6.66	6.66	4217564	59356336.000
11/21/2012	6.59	6.70	6.49	6.65	3394145	46356824.000
11/22/2012	6.66	6.66	6.39	6.39	2858860	38515316.000
11/23/2012	6.36	6.48	6.32	6.42	2004725	26676516.000
11/26/2012	6.42	6.53	6.37	6.42	1596321	21386978.000
11/27/2012	6.34	6.40	6.14	6.19	2584752	33308644.000
11/28/2012	6.17	6.17	5.85	5.95	1806233	22503074.000
11/29/2012	5.92	6.07	5.79	5.79	1159178	14167989.000
11/30/2012	5.79	5.95	5.78	5.86	1206269	14603905.000
12/03/2012	5.86	5.90	5.43	5.44	1388969	16381363.000
12/04/2012	5.49	5.68	5.32	5.62	1900240	21557516.000
12/05/2012	5.68	5.89	5.57	5.82	2254002	26974104.000
12/06/2012	5.85	5.90	5.75	5.80	1224622	14772046.000
12/07/2012	5.91	5.97	5.82	5.97	1873540	22991508.000
12/10/2012	5.93	6.07	5.93	6.05	1949651	24284806.000
12/11/2012	5.97	6.16	5.96	6.03	1851397	23224118.000
12/12/2012	5.98	6.07	5.92	5.99	1240710	15378060.000
12/13/2012	6.01	6.02	5.84	5.86	1022537	12562037.000
12/14/2012	5.89	6.11	5.85	6.08	2331368	29043208.000
12/17/2012	6.10	6.10	6.01	6.05	1443438	18134756.000
12/18/2012	5.99	6.09	5.98	6.01	1308944	16363555.000
12/19/2012	5.99	6.08	5.95	6.05	1137913	14244708.000
12/20/2012	6.01	6.10	5.92	6.09	1903307	23806158.000
12/21/2012	6.09	6.25	6.01	6.15	2081612	26516578.000
12/24/2012	6.10	6.22	6.08	6.19	1291627	16540887.000
12/25/2012	6.36	6.48	6.27	6.40	3050884	40315776.000
12/26/2012	6.41	6.56	6.37	6.51	2170726	29151388.000
12/27/2012	6.51	6.55	6.34	6.37	2059014	27354590.000
12/28/2012	6.32	6.75	6.32	6.67	3312748	45198880.000
12/31/2012	6.67	6.80	6.58	6.65	2904940	40226904.000
01/04/2013	6.73	6.75	6.47	6.60	2425063	33200930.000
01/07/2013	6.56	6.79	6.52	6.75	2540431	35134020.000
01/08/2013	6.78	6.87	6.69	6.74	2422961	33980216.000
01/09/2013	6.69	6.88	6.66	6.76	3002014	42212808.000
01/10/2013	6.77	6.87	6.72	6.81	2738200	38504848.000
01/11/2013	6.86	7.05	6.72	6.80	4543650	64887064.000
01/14/2013	6.85	7.19	6.70	7.13	4826930	70102512.000
01/15/2013	7.10	7.39	7.05	7.14	4821366	71538120.000
01/16/2013	7.37	7.56	7.12	7.44	6856352	104118808.000
01/17/2013	7.29	7.32	7.08	7.16	4488276	66724920.000
01/18/2013	7.20	7.29	7.12	7.18	2669923	39796408.000
01/21/2013	7.23	7.26	7.09	7.13	2463536	36558788.000
01/22/2013	7.13	7.20	6.89	6.90	3420264	49933260.000
01/23/2013	6.87	7.04	6.86	6.98	2702882	39060308.000
01/24/2013	7.04	7.23	6.74	6.74	3793395	55098436.000
01/25/2013	6.80	6.90	6.75	6.89	1662136	23438612.000
01/28/2013	6.84	7.10	6.82	7.10	2673365	38839784.000
01/29/2013	7.07	7.20	7.03	7.12	1845529	27245740.000
01/30/2013	7.21	7.29	7.08	7.17	2458672	36490648.000
01/31/2013	7.19	7.19	7.02	7.09	1791124	26249156.000
02/01/2013	7.09	7.46	7.05	7.35	4659403	70663872.000
02/04/2013	7.36	7.68	7.25	7.56	4750651	73927568.000
02/05/2013	7.45	7.88	7.43	7.79	4423954	70554056.000
02/06/2013	7.73	7.81	7.60	7.62	2478241	39478860.000
02/07/2013	7.62	7.68	7.52	7.60	1619872	25467858.000
02/08/2013	7.60	7.87	7.59	7.82	2594300	41656352.000
02/18/2013	7.86	7.97	7.69	7.76	1973172	31880122.000
02/19/2013	7.78	7.80	7.41	7.48	3544575	55363812.000
02/20/2013	7.48	7.59	7.35	7.55	3077007	47739696.000
02/21/2013	7.51	7.62	7.41	7.48	3208753	50000604.000
02/22/2013	7.48	7.68	7.40	7.46	2840678	44242004.000
02/25/2013	7.40	7.57	7.29	7.52	2805737	43159472.000
02/26/2013	7.44	7.59	7.39	7.42	1931720	29932560.000
02/27/2013	7.51	7.52	7.28	7.47	2922989	44824196.000
02/28/2013	7.49	7.65	7.35	7.63	2276190	35466372.000
03/01/2013	7.61	7.72	7.59	7.67	2303053	36437096.000
03/04/2013	7.63	7.66	7.24	7.34	3761767	58117700.000
03/05/2013	7.34	7.44	7.29	7.44	1803232	27605466.000
03/06/2013	7.43	7.54	7.39	7.54	2110337	32649494.000
03/07/2013	7.54	7.90	7.53	7.70	5254338	83990280.000
03/08/2013	7.73	7.77	7.53	7.58	1815042	28618792.000
03/11/2013	7.56	7.62	7.47	7.59	1326075	20706810.000
03/12/2013	7.63	7.82	7.24	7.38	3951898	61603944.000
03/13/2013	7.32	7.32	7.08	7.09	2011238	29790430.000
03/14/2013	7.08	7.18	7.05	7.10	1078949	15906628.000
03/15/2013	7.14	7.22	7.02	7.03	1602648	23671466.000
03/18/2013	7.00	7.20	6.94	6.98	1377081	20148926.000
03/19/2013	7.00	7.04	6.85	7.00	870872	12543620.000
03/20/2013	7.00	7.19	6.95	7.17	1479697	21840922.000
03/21/2013	7.17	7.28	7.12	7.24	1597207	23850666.000
03/22/2013	7.20	7.24	7.11	7.19	1224213	18183204.000
03/25/2013	7.18	7.19	7.05	7.06	1301361	19133634.000
03/26/2013	7.03	7.05	6.84	6.89	1645084	23521074.000
03/27/2013	6.89	6.99	6.87	6.91	1192383	17128528.000
03/28/2013	6.93	6.93	6.76	6.77	1250565	17724346.000
03/29/2013	6.77	6.85	6.72	6.78	658944	9276519.000
04/01/2013	6.77	6.92	6.77	6.86	1061095	15130359.000
04/02/2013	6.85	6.91	6.59	6.61	1898579	26450962.000
04/03/2013	6.66	6.70	6.60	6.63	910599	12554491.000
04/08/2013	6.54	6.54	6.39	6.51	1321232	17721080.000
04/09/2013	6.49	6.60	6.46	6.56	1081009	14691725.000
04/10/2013	6.56	6.78	6.54	6.69	1612152	22246344.000
04/11/2013	6.68	6.80	6.68	6.68	1108842	15500077.000
04/12/2013	6.68	6.75	6.64	6.68	724647	10041611.000
04/15/2013	6.64	6.80	6.64	6.74	656849	9147593.000
04/16/2013	6.66	6.93	6.63	6.91	994462	14051506.000
04/17/2013	6.91	6.96	6.83	6.90	940187	13462843.000
04/18/2013	6.71	6.87	6.68	6.85	1381179	19480140.000
04/19/2013	6.86	6.96	6.83	6.94	1272341	18229056.000
04/22/2013	6.93	6.93	6.81	6.88	1020277	14494848.000
04/23/2013	6.89	6.89	6.63	6.67	1219870	17029504.000
04/24/2013	6.71	6.82	6.67	6.79	966736	13520740.000
04/25/2013	6.80	7.09	6.77	6.91	2320343	33530908.000
04/26/2013	6.94	6.97	6.76	6.85	882162	12592921.000
05/02/2013	6.88	6.88	6.67	6.80	1091087	15307022.000
05/03/2013	6.82	7.00	6.80	6.96	1262355	18134076.000
05/06/2013	6.95	7.10	6.95	7.06	1571511	22965456.000
05/07/2013	7.00	7.17	6.96	7.16	1508318	22205474.000
05/08/2013	7.15	7.21	7.10	7.13	1092822	16172130.000
05/09/2013	7.22	7.46	7.22	7.28	3828140	58116972.000
05/10/2013	7.25	7.31	7.11	7.18	1737959	25893346.000
05/13/2013	7.15	7.29	7.10	7.20	1130840	16897464.000
05/14/2013	7.22	7.29	6.95	6.98	1650305	24051450.000
05/15/2013	6.98	7.08	6.95	6.99	2160547	31360512.000
05/16/2013	7.02	7.13	6.98	7.05	2233634	32675818.000
05/17/2013	7.04	7.18	6.99	7.17	1684933	24759522.000
05/20/2013	7.22	7.32	7.11	7.28	2671432	40146652.000
05/21/2013	7.29	7.34	7.19	7.34	2646997	39807680.000
05/22/2013	7.34	7.34	7.18	7.23	2290179	34322104.000
05/23/2013	7.23	7.39	7.19	7.26	2990047	45097128.000
05/24/2013	7.21	7.37	7.20	7.37	2334104	35228112.000
05/30/2013	7.44	7.46	7.24	7.38	3083575	46384316.000
05/31/2013	7.37	7.45	7.29	7.36	2290031	34683348.000
06/03/2013	7.35	7.38	7.23	7.29	2244640	33598592.000
06/04/2013	7.25	7.25	6.92	6.99	2213481	32174336.000
06/05/2013	6.96	7.03	6.84	6.91	1179541	16790370.000
06/06/2013	6.83	6.99	6.83	6.87	970538	13754832.000
06/07/2013	6.88	6.92	6.73	6.75	1638780	22976520.000
06/13/2013	6.66	6.74	6.38	6.41	1213910	16145194.000
06/14/2013	6.36	6.51	6.36	6.50	915907	12202332.000
06/17/2013	6.52	6.83	6.46	6.62	2017078	27839652.000
06/18/2013	6.58	6.73	6.37	6.52	2692491	35934920.000
06/19/2013	6.42	6.50	6.35	6.50	1054530	13939258.000
06/20/2013	6.56	6.56	6.28	6.31	1041588	13725878.000
06/21/2013	6.17	6.27	6.11	6.24	1149830	14609170.000
06/24/2013	6.22	6.29	5.76	5.87	1523860	18786906.000
06/25/2013	5.68	5.83	5.36	5.67	2913089	33207406.000
06/26/2013	5.73	5.80	5.59	5.80	1653488	19376150.000
06/27/2013	5.81	5.85	5.60	5.63	1468241	17322302.000
06/28/2013	5.63	5.72	5.52	5.64	823050	9530241.000
07/01/2013	5.65	6.02	5.63	5.92	1517195	18172188.000
07/02/2013	5.91	6.02	5.82	5.99	1360543	16645658.000
07/03/2013	6.06	6.07	5.88	6.06	1410285	17354158.000
07/04/2013	6.02	6.10	5.95	5.99	1205835	14950247.000
07/05/2013	5.97	6.01	5.88	5.89	965824	11844346.000
07/08/2013	5.76	5.76	5.52	5.55	1344362	15500611.000
07/09/2013	5.54	5.60	5.51	5.60	654882	7506305.500
07/10/2013	5.60	5.74	5.58	5.74	715222	8350503.000
07/11/2013	5.75	5.96	5.70	5.86	1037561	12513187.000
07/12/2013	5.89	6.00	5.85	5.86	997635	12150323.000
07/15/2013	5.84	6.00	5.84	5.97	969682	11872043.000
07/16/2013	5.98	6.10	5.91	6.08	1326767	16445904.000
07/17/2013	6.05	6.12	5.97	5.97	1324140	16437278.000
07/18/2013	5.97	6.11	5.89	5.98	1046416	12856896.000
07/19/2013	5.97	6.12	5.86	5.86	1222523	15055153.000
07/22/2013	5.83	5.98	5.74	5.98	993299	12028915.000
07/23/2013	6.04	6.32	6.02	6.30	2577157	33031324.000
07/24/2013	6.28	6.36	6.16	6.31	1486051	19085242.000
07/25/2013	6.31	6.43	6.07	6.09	1638288	21070708.000
07/26/2013	6.07	6.12	5.98	6.09	1161935	14437381.000
07/29/2013	6.11	6.11	5.83	5.84	988630	12102578.000
07/30/2013	5.83	5.88	5.72	5.88	697418	8356602.000
07/31/2013	5.97	5.97	5.84	5.90	999861	12133209.000
08/01/2013	5.97	6.15	5.97	6.12	1667420	20867340.000
08/02/2013	6.12	6.43	6.11	6.26	3535697	45826156.000
08/05/2013	6.32	6.62	6.24	6.54	4276164	56851216.000
08/06/2013	6.50	6.54	6.39	6.45	2320163	30842256.000
08/07/2013	6.43	6.58	6.38	6.39	2374139	31695572.000
08/08/2013	6.33	6.39	6.24	6.36	1389516	18074442.000
08/09/2013	6.37	6.41	6.17	6.27	1425050	18414408.000
08/12/2013	6.25	6.37	6.23	6.36	1177670	15298729.000
08/13/2013	6.36	6.42	6.32	6.40	1070650	14051740.000
08/14/2013	6.41	6.43	6.34	6.40	1031273	13554414.000
08/15/2013	6.41	6.43	6.23	6.26	1149200	14925283.000
08/16/2013	6.25	6.31	6.08	6.11	1979075	25161030.000
08/19/2013	6.07	6.25	6.05	6.24	877706	11144321.000
08/20/2013	6.20	6.27	6.16	6.21	1086837	13894245.000
08/21/2013	6.18	6.27	6.15	6.24	1072711	13683870.000
08/22/2013	6.27	6.37	6.21	6.36	1717816	22151490.000
08/23/2013	6.36	6.37	6.04	6.20	1911197	24548954.000
08/26/2013	6.18	6.36	6.15	6.32	1948377	25034880.000
08/27/2013	6.32	6.47	6.27	6.43	2915592	38361748.000
08/28/2013	6.37	6.53	6.34	6.42	2688410	35595060.000
08/29/2013	6.38	6.46	6.30	6.33	1632332	21409974.000
08/30/2013	6.34	6.36	6.15	6.18	1710124	21981648.000
09/02/2013	6.18	6.27	6.09	6.23	973376	12412304.000
09/03/2013	6.26	6.34	6.18	6.34	1061773	13711732.000
09/04/2013	6.34	6.39	6.26	6.28	1126737	14604508.000
09/05/2013	6.28	6.37	6.22	6.28	1096659	14206749.000
09/06/2013	6.28	6.45	6.23	6.45	2454859	32147294.000
09/09/2013	6.46	6.76	6.46	6.69	5123020	70144048.000
09/10/2013	6.70	7.02	6.62	6.98	6140342	86677720.000
09/11/2013	7.01	7.38	6.78	6.82	5388636	78204640.000
09/12/2013	6.85	6.85	6.57	6.73	2058578	28298652.000
09/13/2013	6.71	6.97	6.62	6.93	2468476	34537388.000
09/16/2013	6.91	7.28	6.88	7.18	3830951	55996292.000
09/17/2013	7.16	7.20	6.93	6.94	1905456	27523376.000
09/18/2013	6.94	7.13	6.90	6.91	1056277	15148890.000
09/23/2013	6.91	7.17	6.89	7.11	1592883	23056924.000
09/24/2013	7.06	7.14	6.94	7.01	1157916	16755452.000
09/25/2013	7.00	7.27	6.96	7.10	2226076	32831186.000
09/26/2013	7.10	7.25	6.85	6.90	1651975	24145260.000
09/27/2013	6.87	7.14	6.85	6.97	2018455	29252248.000
09/30/2013	7.10	7.34	7.01	7.25	2312883	34444772.000
10/08/2013	7.41	7.72	7.40	7.63	3241516	50379424.000
10/09/2013	7.71	7.77	7.59	7.72	2595622	41012208.000
10/10/2013	7.72	7.96	7.55	7.58	3129804	50061740.000
10/11/2013	7.55	7.87	7.54	7.71	2217641	35329256.000
10/14/2013	7.71	8.00	7.71	7.82	2003596	32486314.000
10/15/2013	7.89	7.89	7.52	7.54	3657653	57443228.000
10/16/2013	7.49	7.53	7.12	7.15	3067042	45801120.000
10/17/2013	7.14	7.34	7.12	7.25	1441894	21452864.000
10/18/2013	7.25	7.35	7.16	7.29	858837	12808732.000
10/21/2013	7.29	7.51	7.18	7.48	1915386	29030162.000
10/22/2013	7.48	7.48	7.01	7.12	2981430	44215160.000
10/23/2013	7.13	7.17	6.80	6.98	1697702	24404826.000
10/24/2013	7.01	7.09	6.93	7.02	531806	7672536.500
10/25/2013	7.00	7.11	6.95	7.09	1312309	19043160.000
10/28/2013	7.09	7.32	7.04	7.05	1556243	22871364.000
10/29/2013	7.05	7.21	6.52	6.76	1918933	26782330.000
10/30/2013	6.76	6.90	6.60	6.84	1375232	19169632.000
10/31/2013	6.81	7.17	6.78	6.98	2283880	32874004.000
11/01/2013	6.98	7.10	6.80	6.88	975779	13926008.000
11/04/2013	6.96	6.96	6.79	6.93	991402	13981800.000
11/05/2013	6.88	7.10	6.82	7.03	1136740	16381788.000
11/06/2013	7.05	7.18	6.96	7.06	1450022	21173204.000
11/07/2013	7.02	7.09	6.91	7.00	726561	10470100.000
11/08/2013	6.91	7.05	6.68	6.89	1354234	18966080.000
11/11/2013	6.75	6.97	6.73	6.94	527000	7435658.500
11/12/2013	6.96	7.07	6.92	7.04	695413	10010233.000
11/13/2013	7.04	7.09	6.91	6.98	777200	11182823.000
11/14/2013	6.95	7.26	6.93	7.23	1855065	27289254.000
11/15/2013	7.22	7.42	7.18	7.32	2278672	34280732.000
11/18/2013	7.30	7.48	7.26	7.40	2448487	37169200.000
11/19/2013	7.39	7.39	7.19	7.23	3233475	48327256.000
11/20/2013	7.20	7.50	7.20	7.43	2536694	38531072.000
11/21/2013	7.40	7.42	7.20	7.31	1825624	27376686.000
11/22/2013	7.35	7.53	7.31	7.44	2042758	31193322.000
11/25/2013	7.46	7.77	7.45	7.64	3960444	62482340.000
11/26/2013	7.58	8.40	7.52	8.39	8928571	148648464.000
11/27/2013	8.21	8.31	8.15	8.26	5062583	85693872.000
11/28/2013	8.24	8.46	8.16	8.41	4453795	76050896.000
11/29/2013	8.41	8.84	8.35	8.55	4739610	83939424.000
12/02/2013	8.01	8.29	7.69	7.69	6209067	101250880.000
12/03/2013	7.54	7.86	7.39	7.74	3295621	51613924.000
12/04/2013	7.63	7.89	7.60	7.72	3615926	57942868.000
12/05/2013	7.64	7.89	7.57	7.78	2499124	39931200.000
12/06/2013	7.80	8.05	7.80	7.88	2441767	39738184.000
12/09/2013	7.88	8.01	7.81	7.98	1940758	31605932.000
12/10/2013	8.00	8.01	7.79	7.86	1800993	29081160.000
12/11/2013	7.79	7.88	7.64	7.73	1429529	22808668.000
12/12/2013	7.78	7.97	7.68	7.94	1709659	27664816.000
12/13/2013	7.90	8.26	7.86	8.12	1976872	32911850.000
12/16/2013	8.07	8.20	7.87	7.93	1402500	23097100.000
12/17/2013	8.00	8.04	7.78	7.83	1009310	16298884.000
12/18/2013	7.83	7.95	7.78	7.87	548511	8875511.000
12/19/2013	7.90	7.92	7.63	7.76	1298838	20727488.000
12/20/2013	7.69	7.77	7.55	7.63	961271	15096359.000
12/23/2013	7.61	7.76	7.56	7.72	1019615	16125441.000
12/24/2013	7.73	8.11	7.71	7.98	2724038	44765056.000
12/25/2013	8.02	8.33	8.02	8.27	3341557	56475176.000
12/26/2013	8.20	8.34	8.08	8.14	1917704	32327308.000
12/27/2013	8.10	8.48	8.10	8.38	2785409	47779608.000
12/30/2013	8.35	8.44	8.30	8.41	1903020	32795522.000
12/31/2013	8.41	8.41	8.10	8.34	2250620	38258080.000
01/02/2014	8.31	8.57	8.17	8.54	2307082	40055448.000
01/03/2014	8.45	8.54	8.36	8.41	1421830	24590736.000
01/06/2014	8.41	8.45	8.10	8.15	1939938	32848332.000
01/07/2014	8.10	8.31	8.10	8.24	1233579	20832634.000
01/08/2014	8.24	8.74	8.24	8.54	3127606	55083928.000
01/09/2014	8.51	8.69	8.13	8.23	2500064	43608020.000
01/10/2014	8.18	8.36	8.12	8.31	1656352	28007796.000
01/13/2014	8.26	8.43	8.21	8.34	1192630	20454578.000
01/14/2014	8.30	8.36	7.98	8.22	2555386	42497696.000
01/15/2014	8.18	8.41	8.12	8.37	2136479	36350140.000
01/16/2014	8.41	8.43	8.23	8.29	1540646	26345368.000
01/17/2014	8.24	8.50	8.18	8.47	2781406	47927472.000
01/20/2014	8.45	8.98	8.42	8.77	4226526	76426752.000
01/21/2014	8.74	9.09	8.62	8.90	2732975	49575884.000
01/22/2014	8.85	8.95	8.78	8.89	2415590	44033144.000
01/23/2014	8.88	9.17	8.84	9.15	3876981	71743704.000
01/24/2014	9.11	9.47	9.03	9.36	4406011	84129608.000
01/27/2014	9.67	9.73	9.05	9.20	6763912	130534064.000
01/28/2014	9.15	9.32	8.90	9.09	3106201	57759228.000
01/29/2014	9.07	9.17	9.00	9.12	3030116	56535460.000
01/30/2014	9.10	9.20	8.98	9.20	2099575	39234840.000
02/07/2014	9.19	9.30	9.05	9.29	2959972	56087356.000
02/10/2014	9.33	9.48	9.30	9.39	4224984	81627400.000
02/11/2014	9.39	9.69	9.34	9.50	3169554	62039452.000
02/12/2014	9.54	9.61	9.32	9.59	2587197	50300468.000
02/13/2014	9.57	9.57	9.07	9.07	3209041	61354988.000
02/14/2014	9.07	9.31	9.05	9.28	2320015	43850528.000
02/17/2014	9.34	9.57	9.26	9.57	2583366	50099712.000
02/18/2014	9.63	9.97	9.54	9.88	3936745	79680792.000
02/19/2014	9.95	9.95	9.60	9.75	2757101	55146292.000
02/20/2014	9.73	9.75	9.34	9.36	2996593	58307860.000
02/21/2014	9.36	9.53	9.33	9.52	1535181	29756472.000
02/24/2014	9.49	9.82	9.39	9.79	2119742	42030112.000
02/25/2014	9.83	9.92	8.86	9.17	3455929	66800000.000
02/26/2014	9.09	9.12	8.71	8.73	3192456	57994772.000
02/27/2014	8.78	9.03	8.58	8.65	2297130	41379956.000
02/28/2014	8.64	8.84	8.52	8.83	1309741	23330912.000
03/03/2014	8.80	8.93	8.73	8.90	1208156	21953252.000
03/04/2014	8.85	8.90	8.73	8.84	1194051	21627498.000
03/05/2014	8.91	8.99	8.79	8.88	1015538	18576734.000
03/06/2014	8.83	9.00	8.72	8.97	1169759	21304300.000
03/07/2014	8.97	9.03	8.82	8.84	1047981	19213282.000
03/10/2014	8.76	8.76	8.35	8.39	1366167	23937706.000
03/11/2014	8.45	8.49	8.31	8.44	901646	15563081.000
03/12/2014	8.44	8.48	8.23	8.35	791958	13581150.000
03/13/2014	8.27	8.45	8.27	8.35	963077	16627712.000
03/14/2014	8.31	8.45	8.30	8.41	850568	14664449.000
03/17/2014	8.37	8.68	8.34	8.67	1477781	25837246.000
03/18/2014	8.63	8.74	8.56	8.66	1219671	21652118.000
03/19/2014	8.57	8.68	8.41	8.59	1204265	21071702.000
03/20/2014	8.55	8.62	8.18	8.22	1864378	32180742.000
03/21/2014	8.18	8.41	8.09	8.38	1346165	22818644.000
03/24/2014	8.33	8.36	8.23	8.25	1232344	20989646.000
03/25/2014	8.24	8.29	8.16	8.25	965637	16332923.000
03/26/2014	8.24	8.38	8.23	8.35	1001040	17132712.000
03/27/2014	8.37	8.37	8.16	8.21	1020795	17247038.000
03/28/2014	8.17	8.24	7.80	7.87	1027462	16953686.000
03/31/2014	7.88	7.91	7.75	7.77	691765	11132513.000
04/01/2014	7.83	7.95	7.83	7.94	1091836	17697854.000
04/02/2014	7.97	8.01	7.65	7.69	1420579	22575492.000
04/03/2014	7.70	7.78	7.59	7.67	975718	15467519.000
04/04/2014	7.65	7.78	7.63	7.77	1191838	18875698.000
04/08/2014	7.73	7.90	7.62	7.89	1403669	22432406.000
04/09/2014	7.88	8.16	7.88	8.10	1870705	30972816.000
04/10/2014	8.10	8.13	7.96	7.98	1881022	31176544.000
04/11/2014	7.97	8.06	7.83	8.05	1351496	22038306.000
04/14/2014	7.99	8.16	7.99	8.15	988479	16430366.000
04/15/2014	8.10	8.19	8.03	8.05	1641653	27432174.000
04/16/2014	8.04	8.16	7.98	8.09	579511	9615116.000
04/17/2014	8.16	8.27	8.10	8.22	1267307	21366610.000
04/18/2014	8.21	8.30	8.14	8.18	1222822	20651498.000
04/21/2014	8.25	8.25	7.88	7.93	1543905	25544116.000
04/22/2014	7.88	7.97	7.66	7.97	2327756	37213088.000
04/23/2014	7.93	8.05	7.77	8.00	826671	13422216.000
04/24/2014	7.93	7.96	7.77	7.91	1105800	17813278.000
04/25/2014	7.86	7.88	7.74	7.81	716580	11477850.000
04/28/2014	7.72	7.79	7.44	7.51	1140856	17739114.000
04/29/2014	7.49	7.59	7.40	7.54	752018	11581186.000
04/30/2014	7.56	7.65	7.49	7.62	651268	10181880.000
05/05/2014	7.62	7.76	7.57	7.76	649638	10253714.000
05/06/2014	7.73	7.87	7.65	7.81	766591	12329563.000
05/07/2014	7.78	7.78	7.62	7.75	533599	8455187.000
05/08/2014	7.68	7.81	7.65	7.68	473227	7500892.500
05/09/2014	7.68	7.71	7.52	7.68	369495	5779532.500
05/12/2014	7.69	7.81	7.67	7.80	881572	14064604.000
05/13/2014	7.78	7.90	7.77	7.85	588771	9493043.000
05/14/2014	7.85	7.89	7.74	7.82	528708	8501872.000
05/15/2014	7.83	7.89	7.68	7.70	594837	9514713.000
05/16/2014	7.66	7.68	7.59	7.67	512209	8037106.000
05/19/2014	7.67	7.70	7.60	7.66	414714	6521193.500
05/20/2014	7.74	7.84	7.70	7.74	564742	9032119.000
05/21/2014	7.67	7.83	7.64	7.82	569555	9064660.000
05/22/2014	7.82	7.95	7.78	7.90	1091321	17714744.000
05/23/2014	7.91	8.00	7.83	7.99	850830	13861569.000
05/26/2014	7.98	8.05	7.92	8.02	1082572	17797180.000
05/27/2014	8.02	8.04	7.94	8.04	852553	14002642.000
05/28/2014	8.03	8.07	7.95	8.05	981223	16170743.000
05/29/2014	8.15	8.20	8.03	8.05	1541672	25716792.000
05/30/2014	8.01	8.06	7.88	8.05	1055945	17300530.000
06/03/2014	8.07	8.09	7.99	8.04	783234	12942698.000
06/04/2014	8.02	8.03	7.87	7.96	945809	15403827.000
06/05/2014	7.96	8.15	7.95	8.13	1185149	19622542.000
06/06/2014	8.15	8.17	8.02	8.07	1348551	22401174.000
06/09/2014	8.03	8.14	7.93	7.99	1372773	10997984.000
06/10/2014	7.95	8.02	7.76	7.96	2300279	18158656.000
06/11/2014	7.88	8.03	7.80	7.94	3316843	26224068.000
06/12/2014	7.94	7.94	7.80	7.84	2156124	16946562.000
06/13/2014	7.86	8.09	7.70	8.04	3217980	25571726.000
06/16/2014	8.04	8.26	8.01	8.20	4859131	39571544.000
06/17/2014	8.19	8.19	8.04	8.08	2247896	18247314.000
06/18/2014	8.07	8.15	7.86	7.88	2259079	17972824.000
06/19/2014	7.88	7.90	7.45	7.58	3079250	23641182.000
06/20/2014	7.58	7.68	7.50	7.64	1731721	13107816.000
06/23/2014	7.60	7.75	7.60	7.68	1819778	13980922.000
06/24/2014	7.68	7.73	7.60	7.71	1518030	11655070.000
06/25/2014	7.70	7.70	7.50	7.68	1977653	14971312.000
06/26/2014	7.66	7.90	7.62	7.87	3975968	30937510.000
06/27/2014	7.87	8.11	7.80	8.01	3925733	31405158.000
06/30/2014	8.20	8.81	8.15	8.81	8782351	75049088.000
07/01/2014	9.15	9.27	8.66	8.70	19590830	175507072.000
07/02/2014	8.61	9.08	8.52	8.92	15233717	134903328.000
07/03/2014	8.80	8.82	8.62	8.71	8425050	73441160.000
07/04/2014	8.72	8.79	8.56	8.75	5519668	47849628.000
07/07/2014	8.66	8.82	8.60	8.75	3757009	32768048.000
07/08/2014	8.73	8.84	8.61	8.80	3680532	32107172.000
07/09/2014	8.77	9.06	8.70	8.77	7397218	65949912.000
07/10/2014	8.70	8.97	8.68	8.76	4476144	39579828.000
07/11/2014	8.73	8.96	8.70	8.87	4362363	38704124.000
07/14/2014	8.87	8.92	8.65	8.70	5407786	47397960.000
07/15/2014	8.69	8.69	8.37	8.51	5624206	47800632.000
07/16/2014	8.50	8.50	8.25	8.37	3337461	27908152.000
07/17/2014	8.37	8.46	8.31	8.38	1961969	16432480.000
07/18/2014	8.31	8.43	8.29	8.35	2214444	18491562.000
07/21/2014	8.32	8.37	8.16	8.26	1656544	13656044.000
07/22/2014	8.26	8.32	8.19	8.27	2163087	17881758.000
07/23/2014	8.28	8.28	7.98	8.02	3297776	26747452.000
07/24/2014	8.03	8.07	7.78	7.86	3180810	25091548.000
07/25/2014	7.86	7.96	7.84	7.91	1876094	14811931.000
07/28/2014	7.93	8.07	7.93	8.07	2432717	19487284.000
07/29/2014	8.13	8.27	8.11	8.25	2989593	24535296.000
07/30/2014	8.25	8.68	8.15	8.49	4938628	41636388.000
07/31/2014	8.44	8.45	8.35	8.43	2741318	23018928.000
08/01/2014	8.40	8.53	8.29	8.31	3014556	25431116.000
08/04/2014	8.31	8.50	8.28	8.46	2225654	18800554.000
08/05/2014	8.46	8.57	8.36	8.53	3232006	27407142.000
08/06/2014	8.54	8.54	8.40	8.49	2442986	20711730.000
08/07/2014	8.49	8.74	8.48	8.52	4885092	41945816.000
08/08/2014	8.51	8.60	8.42	8.51	2489840	21174830.000
08/11/2014	8.56	8.77	8.51	8.72	5712972	49580924.000
08/12/2014	8.66	8.77	8.66	8.74	3994785	34737952.000
08/13/2014	8.72	8.74	8.56	8.67	3258857	28175544.000
08/14/2014	8.64	8.87	8.59	8.69	5386681	46999352.000
08/15/2014	8.66	8.89	8.66	8.84	4785479	42141308.000
08/18/2014	8.90	9.04	8.85	9.03	5526296	49417932.000
08/19/2014	9.03	9.10	8.85	8.98	5892858	52788200.000
08/20/2014	8.92	8.98	8.84	8.85	5065037	45100424.000
08/21/2014	8.85	8.98	8.75	8.96	4953443	44073884.000
08/22/2014	8.95	9.14	8.95	9.02	8039606	72713264.000
08/25/2014	9.01	9.02	8.80	8.88	4311300	38315272.000
08/26/2014	8.79	8.88	8.52	8.58	4690472	40723508.000
08/27/2014	8.55	8.75	8.52	8.68	2940824	25441558.000
08/28/2014	8.73	8.73	8.43	8.48	3594618	30672318.000
08/29/2014	8.43	8.71	8.43	8.64	3131994	26799824.000
09/01/2014	8.63	8.97	8.61	8.94	6472771	57513468.000
09/02/2014	8.94	9.11	8.89	9.08	8439079	76121232.000
09/03/2014	9.09	9.44	9.02	9.33	17058625	157103536.000
09/04/2014	9.30	9.41	9.17	9.31	10775640	99781672.000
09/05/2014	9.34	9.64	9.19	9.49	12701313	119557280.000
09/09/2014	9.43	9.56	9.26	9.41	7909627	74452840.000
09/10/2014	9.36	9.49	9.26	9.48	6506944	61169996.000
09/11/2014	9.45	9.77	9.42	9.55	10349437	99244936.000
09/12/2014	9.56	10.23	9.55	10.08	15078161	149852016.000
10/08/2014	11.09	11.09	11.09	11.09	1325391	14698586.000
10/09/2014	11.86	12.15	11.26	11.64	31172407	366254112.000
10/10/2014	11.61	12.80	11.42	12.80	29191273	366586944.000
10/13/2014	12.69	13.10	12.51	12.75	15907300	202679440.000
10/14/2014	12.74	13.78	12.56	13.20	18435777	243525072.000
10/15/2014	13.27	13.38	12.65	12.92	12051651	155608592.000
10/16/2014	12.71	13.10	12.31	12.33	9139661	116444448.000
10/17/2014	12.25	12.59	12.12	12.46	7906375	97736440.000
10/20/2014	12.38	13.16	12.38	13.10	9798905	126883688.000
10/21/2014	13.18	13.25	12.71	12.90	7619443	97982112.000
10/22/2014	12.82	13.90	12.78	13.34	16354618	219977248.000
10/23/2014	13.28	13.80	13.10	13.30	10443333	139944576.000
10/24/2014	13.34	14.08	13.34	13.78	12107999	166733648.000
10/27/2014	13.55	13.55	12.50	13.16	11404568	149496112.000
10/28/2014	13.05	13.75	13.03	13.54	8017789	107977744.000
10/29/2014	13.58	13.76	13.43	13.59	8712689	118135208.000
10/30/2014	13.60	13.66	13.22	13.29	6391497	85742824.000
10/31/2014	13.25	13.35	12.88	13.04	5735495	74699088.000
数据来源:通达信
