300228 富瑞特装 日线
      日期	    开盘	    最高	    最低	    收盘	    成交量	    成交额
06/08/2011	13.61	15.33	13.47	14.76	12208937	357357184.000
06/09/2011	14.41	14.75	13.92	14.15	6261853	182934144.000
06/10/2011	14.05	14.06	13.00	13.61	4328281	119934568.000
06/13/2011	13.51	14.30	13.41	13.94	2536549	72422952.000
06/14/2011	13.68	13.97	13.49	13.82	1249735	35086140.000
06/15/2011	13.86	14.41	13.73	13.76	1777071	51021112.000
06/16/2011	13.65	13.69	13.05	13.36	1085237	29624448.000
06/17/2011	13.29	13.58	13.21	13.35	810673	22263524.000
06/20/2011	13.41	13.65	13.30	13.52	516157	14201960.000
06/21/2011	13.60	14.26	13.52	14.11	1304258	37317772.000
06/22/2011	14.11	14.46	13.86	14.30	1087488	31629394.000
06/23/2011	14.21	15.50	14.05	15.18	1828891	55700652.000
06/24/2011	15.00	15.96	14.99	15.71	1461863	45622140.000
06/27/2011	15.71	16.95	15.57	16.71	1643191	54587968.000
06/28/2011	16.46	17.33	16.38	16.93	1247537	42638716.000
06/29/2011	16.93	16.96	16.42	16.52	703453	23809824.000
06/30/2011	16.57	17.44	16.46	16.71	1062284	36491500.000
07/01/2011	16.71	17.61	16.57	17.16	1030660	35690932.000
07/04/2011	17.44	17.94	17.16	17.36	1148185	40617944.000
07/05/2011	17.26	17.46	17.06	17.36	761828	26690282.000
07/06/2011	17.36	17.95	16.99	17.76	856597	30548412.000
07/07/2011	17.91	18.41	17.54	17.54	1091258	39776628.000
07/08/2011	17.65	17.79	16.96	17.40	633791	22352180.000
07/11/2011	18.20	18.20	17.09	17.41	783952	27789032.000
07/12/2011	17.21	17.34	16.48	16.71	828466	28441672.000
07/13/2011	16.74	17.21	16.29	17.21	3157005	107043624.000
07/14/2011	17.01	17.31	16.64	17.06	2489907	85821216.000
07/15/2011	17.11	18.11	16.94	17.50	1610667	57544104.000
07/18/2011	17.46	17.71	16.97	17.52	996197	35036312.000
07/19/2011	17.48	19.10	17.11	18.96	1789576	66412632.000
07/20/2011	18.46	18.91	17.97	18.53	1432854	53513568.000
07/21/2011	18.32	18.65	17.97	18.26	536182	19994426.000
07/22/2011	18.32	19.46	18.32	19.15	1097350	42258620.000
07/25/2011	18.95	19.44	18.01	18.11	902698	33880536.000
07/26/2011	18.20	18.30	17.21	17.70	1249185	44458752.000
07/27/2011	17.55	19.00	17.34	18.98	1173534	43304104.000
07/28/2011	18.71	19.43	18.51	18.85	1819553	70480464.000
07/29/2011	18.84	18.84	17.89	18.15	1151921	42833540.000
08/01/2011	18.15	18.89	18.05	18.66	1026671	38957644.000
08/02/2011	18.37	19.34	17.57	19.24	2140334	78889904.000
08/03/2011	18.82	20.45	18.77	19.84	1488356	59527668.000
08/04/2011	19.80	20.44	19.36	19.61	718849	28749896.000
08/08/2011	19.25	19.60	18.76	19.34	1544778	60259060.000
08/09/2011	18.82	20.96	18.81	20.32	1088490	43927052.000
08/10/2011	20.36	21.68	20.36	21.46	1151777	49681224.000
08/11/2011	21.22	21.94	20.97	21.29	1089012	47109880.000
08/12/2011	21.34	21.70	20.67	20.81	1220311	52472464.000
08/15/2011	20.96	22.31	20.96	22.23	1836453	80683664.000
08/16/2011	22.16	22.69	21.93	22.40	1043213	47023036.000
08/17/2011	22.26	22.86	22.00	22.41	912259	41751440.000
08/18/2011	22.44	23.04	21.69	21.81	859364	38887952.000
08/19/2011	21.64	22.66	21.47	22.20	745179	33363136.000
08/22/2011	22.55	23.71	22.51	23.37	846992	39809984.000
08/23/2011	23.71	23.86	22.71	23.71	722421	34138028.000
08/24/2011	23.61	23.76	22.79	23.14	908121	42648208.000
08/25/2011	23.06	23.21	22.01	22.61	897601	40877424.000
08/26/2011	22.61	23.25	22.58	22.86	601506	27939916.000
08/30/2011	23.11	23.12	21.81	21.81	626727	28364044.000
08/31/2011	21.83	22.15	20.74	21.47	950987	41108808.000
09/01/2011	21.29	21.91	20.87	21.21	486770	21126402.000
09/02/2011	21.38	21.38	20.76	21.19	525337	22345522.000
09/05/2011	20.86	20.95	20.26	20.45	570545	23857828.000
09/06/2011	20.29	20.31	19.24	20.21	1541158	62092740.000
09/07/2011	19.97	21.15	19.97	20.89	956533	39957472.000
09/08/2011	20.89	20.96	19.56	19.71	1911375	78813584.000
09/09/2011	19.59	20.31	19.31	19.91	859923	34789632.000
09/13/2011	19.59	20.09	19.42	19.86	875076	35024524.000
09/14/2011	19.94	20.00	19.51	20.00	546944	21934088.000
09/15/2011	20.06	20.86	19.82	20.58	1027751	42895364.000
09/16/2011	20.70	20.90	20.31	20.33	314031	13086029.000
09/19/2011	19.96	20.29	19.46	19.60	918476	36672820.000
09/20/2011	19.56	19.94	19.26	19.66	378875	15082093.000
09/21/2011	19.71	20.45	19.50	20.39	774979	31578012.000
09/22/2011	20.20	20.54	19.67	19.71	535705	21797912.000
09/23/2011	19.22	19.44	18.79	19.15	1044542	40461212.000
09/26/2011	19.12	19.34	18.47	18.61	749701	28884434.000
09/27/2011	18.71	19.19	18.56	19.10	684302	26345844.000
09/28/2011	19.61	19.70	18.93	19.16	702989	27614510.000
09/29/2011	19.01	19.06	18.56	18.81	315197	12041212.000
09/30/2011	18.61	18.93	18.21	18.64	409460	15452301.000
10/10/2011	18.86	19.09	18.52	18.91	446800	17104544.000
10/11/2011	19.66	19.66	18.52	19.06	497492	19223072.000
10/12/2011	18.73	20.54	18.73	20.21	614516	24811030.000
10/13/2011	20.21	20.69	20.03	20.61	1042993	43195548.000
10/14/2011	20.61	21.14	20.46	21.07	997387	42103416.000
10/17/2011	21.42	21.56	20.73	21.01	474008	20288624.000
10/18/2011	20.72	20.92	20.16	20.21	413990	17151012.000
10/19/2011	20.22	20.61	19.78	19.91	309352	12759490.000
10/20/2011	19.84	19.90	18.88	19.36	580053	22615338.000
10/21/2011	18.96	19.46	18.46	18.66	673571	25867316.000
10/24/2011	18.67	19.26	18.27	19.11	475888	18255732.000
10/25/2011	19.21	20.20	18.89	19.64	546784	21735512.000
10/26/2011	19.36	19.93	19.36	19.58	441522	17633256.000
10/27/2011	19.69	20.19	19.33	19.51	458674	18348856.000
10/28/2011	19.66	19.91	19.35	19.67	352627	14048172.000
10/31/2011	19.77	20.43	19.67	20.36	752015	30557352.000
11/01/2011	20.19	20.94	20.16	20.41	463572	19285538.000
11/02/2011	19.94	20.81	19.91	20.70	499568	20634440.000
11/03/2011	20.65	22.15	20.65	21.25	949376	41280300.000
11/04/2011	21.36	21.93	21.07	21.36	342844	14879903.000
11/07/2011	21.36	21.89	20.97	21.86	455770	20001612.000
11/08/2011	21.85	22.07	20.83	21.13	278795	12167583.000
11/09/2011	21.15	21.46	20.96	21.40	490928	21044262.000
11/10/2011	21.20	22.71	20.96	22.49	1189563	53509324.000
11/11/2011	22.22	22.63	22.08	22.29	396483	18016530.000
11/14/2011	22.51	23.03	22.34	22.82	348428	16052922.000
11/15/2011	22.57	22.88	22.47	22.62	227781	10480130.000
11/16/2011	22.60	22.68	21.24	21.78	552346	24471836.000
11/17/2011	21.66	23.48	21.62	22.71	890595	40288700.000
11/18/2011	22.35	22.56	21.67	21.86	497923	22109056.000
11/21/2011	21.74	21.77	20.91	21.31	585102	25136124.000
11/22/2011	20.97	21.71	20.72	21.51	288449	12427872.000
11/23/2011	21.50	22.11	21.39	21.51	331315	14595059.000
11/24/2011	21.24	21.75	20.92	21.38	340305	14720209.000
11/25/2011	21.39	22.00	21.21	21.43	443018	19399182.000
11/28/2011	21.41	21.49	19.96	20.41	826650	34392980.000
11/29/2011	20.56	20.74	19.96	20.61	769760	31680966.000
11/30/2011	20.37	20.80	19.46	19.91	839833	34114068.000
12/01/2011	20.31	21.01	20.21	20.49	509757	21279758.000
12/02/2011	20.09	20.51	19.96	20.44	224658	9185053.000
12/05/2011	20.46	20.51	19.76	20.21	280260	11458480.000
12/06/2011	19.96	20.46	19.96	20.35	360519	14866008.000
12/07/2011	20.21	22.10	20.21	22.01	627374	27161718.000
12/08/2011	21.81	22.10	21.47	21.71	596109	26343104.000
12/09/2011	21.46	22.13	21.37	21.69	366994	16114477.000
12/12/2011	21.92	21.98	20.48	20.79	661948	28561864.000
12/13/2011	20.37	20.58	19.91	20.26	360932	14760171.000
12/14/2011	20.21	20.46	19.51	19.71	294000	11927038.000
12/15/2011	19.75	19.75	18.99	18.99	661214	25837756.000
12/16/2011	19.00	19.80	19.00	19.76	479813	18927906.000
12/20/2011	20.09	20.94	19.73	20.57	600453	24977490.000
12/21/2011	20.56	20.74	20.04	20.16	232528	9604526.000
12/22/2011	19.77	20.21	18.85	19.86	360362	14373784.000
12/23/2011	19.77	20.79	19.77	20.64	393988	16354616.000
12/26/2011	20.91	20.95	20.22	20.27	291767	12184941.000
12/27/2011	20.21	20.21	19.21	19.60	401095	15856298.000
12/28/2011	19.16	19.54	18.89	19.54	728064	28124446.000
12/29/2011	19.59	19.85	19.39	19.64	123772	4929074.500
12/30/2011	19.79	20.19	19.66	20.06	178415	7242678.000
01/04/2012	20.21	20.46	19.21	19.21	174538	7042324.000
01/05/2012	19.03	19.85	18.99	19.78	2804440	109881144.000
01/06/2012	19.48	19.50	18.91	19.22	778755	30348020.000
01/09/2012	19.25	19.96	19.19	19.89	568191	22664208.000
01/10/2012	19.84	20.78	19.71	20.51	517696	21240876.000
01/11/2012	20.25	21.00	20.25	20.67	437973	18380976.000
01/12/2012	20.34	20.68	19.63	20.21	650725	26392474.000
01/13/2012	20.14	20.14	18.16	19.21	1681428	63106504.000
01/16/2012	18.65	18.65	17.26	17.26	387800	14077478.000
01/17/2012	16.69	17.96	16.63	17.80	575093	20187654.000
01/18/2012	17.91	17.95	15.99	16.20	517287	17643430.000
01/19/2012	16.16	16.85	16.16	16.70	478942	16235637.000
01/20/2012	16.57	17.06	16.56	16.79	123306	4228489.000
01/30/2012	17.04	17.64	16.77	17.27	309565	10895569.000
01/31/2012	17.45	17.45	16.81	17.26	92591	3207073.750
02/01/2012	17.31	17.85	17.17	17.52	260324	9324161.000
02/02/2012	17.34	17.79	17.34	17.62	182040	6524800.000
02/03/2012	17.48	18.46	17.48	18.36	262297	9600932.000
02/06/2012	18.36	18.46	18.09	18.26	179066	6643691.500
02/07/2012	18.12	18.28	17.92	18.16	60721	2228679.250
02/08/2012	18.20	18.56	17.86	18.56	103381	3841105.750
02/09/2012	18.62	18.96	18.48	18.96	263045	10031783.000
02/10/2012	18.90	19.20	18.56	18.95	117936	4525415.000
02/13/2012	18.76	19.21	18.64	19.04	188775	7292952.500
02/14/2012	19.15	19.61	18.89	19.15	343175	13326561.000
02/15/2012	19.15	19.46	18.74	19.20	131048	5094669.500
02/16/2012	19.45	19.45	18.67	18.69	264815	10123690.000
02/17/2012	18.94	18.94	17.96	18.16	450496	16633166.000
02/20/2012	18.29	18.68	18.07	18.62	426575	15875808.000
02/21/2012	18.49	19.05	18.37	19.02	307526	11674942.000
02/22/2012	19.02	19.42	18.72	19.19	459832	17870420.000
02/23/2012	19.20	19.36	18.89	18.92	532073	20639642.000
02/24/2012	19.16	20.84	19.01	20.66	1199130	49221268.000
02/27/2012	20.61	20.88	20.27	20.51	925110	38633776.000
02/28/2012	20.46	20.46	19.71	19.89	683545	27665320.000
02/29/2012	19.89	21.21	19.52	19.87	362765	14649910.000
03/01/2012	19.71	20.20	19.61	20.01	252687	10228561.000
03/02/2012	20.16	20.46	19.94	20.33	271819	11143030.000
03/05/2012	20.22	20.55	20.08	20.51	439264	18146800.000
03/06/2012	20.51	21.56	20.21	21.34	771311	32530028.000
03/07/2012	21.11	21.43	20.97	21.01	362450	15556455.000
03/08/2012	21.01	21.30	20.89	21.20	362614	15551043.000
03/09/2012	21.20	21.48	21.04	21.41	2382689	102856544.000
03/12/2012	21.38	21.38	20.65	21.01	1552202	66057652.000
03/13/2012	20.81	21.26	20.71	21.12	738698	31194162.000
03/14/2012	21.20	21.20	19.97	20.16	1309964	54801088.000
03/15/2012	19.92	20.43	19.76	20.24	614576	25149094.000
03/16/2012	20.21	20.87	20.11	20.87	570110	23853094.000
03/19/2012	20.89	21.87	20.73	21.79	1963276	85648112.000
03/20/2012	21.81	22.05	21.21	21.77	1571015	68929176.000
03/21/2012	21.79	21.89	20.71	21.66	946521	41219132.000
03/22/2012	21.37	21.96	21.14	21.64	648797	28430432.000
03/23/2012	21.37	21.46	20.76	20.83	739007	31561996.000
03/26/2012	20.73	21.21	20.51	20.82	331761	14046618.000
03/27/2012	20.84	21.76	20.83	21.37	547473	23797712.000
03/28/2012	21.26	21.41	20.47	20.49	554275	23401206.000
03/29/2012	20.03	20.46	19.56	20.16	951027	38412980.000
03/30/2012	20.11	20.46	19.58	20.36	417225	17002182.000
04/05/2012	20.07	21.01	20.07	20.91	241177	10127850.000
04/06/2012	20.80	21.34	20.77	21.21	719592	30833406.000
04/09/2012	21.16	22.46	20.89	22.04	1282240	57109460.000
04/10/2012	21.71	22.31	20.73	22.18	938311	40848084.000
04/11/2012	21.76	22.18	21.36	21.51	445492	19639456.000
04/12/2012	21.51	22.11	21.44	21.89	573478	25433528.000
04/13/2012	21.96	22.04	21.36	21.84	401570	17701412.000
04/16/2012	21.81	21.89	21.32	21.46	253993	11092545.000
04/17/2012	21.37	21.59	20.76	20.82	245490	10446056.000
04/18/2012	21.13	21.69	20.82	21.39	352419	15214027.000
04/19/2012	21.41	22.11	21.21	21.73	395515	17474510.000
04/20/2012	21.70	22.11	21.61	21.81	296078	13093212.000
04/23/2012	21.53	21.70	20.85	21.36	301913	13004347.000
04/24/2012	21.15	21.45	20.76	21.19	379726	16202092.000
04/25/2012	21.20	21.31	20.92	21.23	216348	9282544.000
04/26/2012	21.01	21.30	20.54	20.91	545369	22903356.000
04/27/2012	20.68	20.95	20.31	20.59	243464	10139454.000
05/02/2012	20.71	21.31	20.54	21.17	227608	9745131.000
05/03/2012	21.10	21.46	21.07	21.31	233193	10072959.000
05/04/2012	21.29	22.09	21.26	21.91	432222	19053648.000
05/07/2012	21.86	24.13	21.72	23.61	740599	34313188.000
05/08/2012	23.61	24.60	23.47	23.65	603644	29085176.000
05/09/2012	23.69	23.69	22.82	23.06	559955	26185570.000
05/10/2012	23.20	23.55	22.97	23.41	362178	17077462.000
05/11/2012	23.46	23.46	22.70	22.86	261478	12218978.000
05/14/2012	22.89	22.92	22.36	22.49	522401	23933584.000
05/15/2012	22.48	22.80	22.11	22.55	500641	22809764.000
05/16/2012	22.44	22.56	21.98	22.01	310871	13965430.000
05/17/2012	22.14	22.14	19.79	21.11	707634	30838308.000
05/18/2012	21.02	21.02	20.33	20.64	625827	26155304.000
05/21/2012	20.60	21.10	20.47	20.59	262750	11083557.000
05/22/2012	20.35	20.84	20.35	20.74	273142	11472802.000
05/23/2012	20.66	21.29	20.49	21.26	299333	12709115.000
05/24/2012	21.16	21.25	20.81	20.81	217851	9236373.000
05/25/2012	20.72	20.94	20.21	20.39	289154	12081209.000
05/28/2012	20.59	20.72	20.08	20.71	184006	7604192.000
05/29/2012	20.86	21.28	20.59	21.21	190771	8132995.000
05/30/2012	21.21	21.21	20.88	21.03	210938	8978629.000
05/31/2012	20.71	21.26	20.71	21.03	241848	10309039.000
06/01/2012	20.88	21.58	20.88	21.40	207247	8922437.000
06/04/2012	20.73	21.35	20.73	21.03	340125	14628032.000
06/05/2012	20.89	21.26	20.89	21.05	222346	9456951.000
06/06/2012	21.06	21.55	21.05	21.31	338607	14620015.000
06/07/2012	21.31	21.36	20.61	20.81	343758	14554593.000
06/08/2012	20.69	20.97	20.55	20.81	109666	4608949.000
06/11/2012	21.11	22.92	21.11	22.92	1445962	65668116.000
06/12/2012	23.51	24.01	22.71	23.01	3118588	74126056.000
06/13/2012	22.96	23.70	22.73	23.25	1719918	40664964.000
06/14/2012	23.14	23.14	22.53	22.79	1639803	37834348.000
06/15/2012	22.78	22.96	22.35	22.95	1550388	35664888.000
06/18/2012	23.03	23.07	22.61	22.95	1717119	39750512.000
06/19/2012	22.92	22.95	22.26	22.39	1645096	37536072.000
06/20/2012	22.48	23.58	22.48	22.99	3241839	75489280.000
06/21/2012	22.71	22.80	22.21	22.65	2217669	50590312.000
06/25/2012	22.72	22.96	22.53	22.77	2558149	59096276.000
06/26/2012	22.59	22.70	22.13	22.26	2821319	63945240.000
06/27/2012	22.41	24.52	22.41	23.91	5354194	128253680.000
06/28/2012	23.36	23.86	23.04	23.56	4279859	101543608.000
06/29/2012	23.59	23.80	23.22	23.79	3193311	75964512.000
07/02/2012	24.42	24.66	23.56	24.43	5706640	139375520.000
07/03/2012	24.46	26.18	24.46	25.65	4762148	122291176.000
07/04/2012	25.41	26.86	25.31	26.04	4740316	125066224.000
07/05/2012	25.73	26.09	25.46	25.88	2463501	64212644.000
07/06/2012	25.77	26.04	24.93	25.39	5099949	131030768.000
07/09/2012	25.41	26.91	25.39	26.11	3973596	105758680.000
07/10/2012	25.61	26.37	25.31	26.36	2392167	62275980.000
07/11/2012	26.11	26.49	25.51	26.17	1593719	41850164.000
07/12/2012	26.18	26.96	25.56	26.64	2781520	74158000.000
07/13/2012	26.79	28.49	26.34	28.13	3072548	85793896.000
07/16/2012	28.11	29.41	26.99	27.17	3445317	97741816.000
07/17/2012	26.69	27.56	25.66	27.32	1817786	48824268.000
07/18/2012	27.19	28.09	25.80	26.59	2717467	73424744.000
07/19/2012	26.11	26.99	26.11	26.81	1652597	44455308.000
07/20/2012	26.79	27.81	26.48	26.84	1317499	36284512.000
07/23/2012	26.69	26.69	25.84	26.24	1198303	31680366.000
07/24/2012	25.91	26.98	25.81	26.72	940310	25180868.000
07/25/2012	26.60	27.68	26.39	26.86	1272272	34912984.000
07/26/2012	26.56	28.09	26.53	27.81	2129021	59571792.000
07/27/2012	28.01	28.11	27.11	27.86	1805718	50257244.000
07/30/2012	27.86	28.26	27.09	27.41	1897140	52779072.000
07/31/2012	26.71	27.01	25.73	25.86	2630224	69531248.000
08/01/2012	25.80	26.43	25.33	25.97	1100948	29006084.000
08/02/2012	25.99	26.94	25.80	26.70	965581	25853832.000
08/03/2012	26.66	27.48	26.44	27.18	853865	23416324.000
08/06/2012	27.18	28.47	27.01	28.12	2196384	61687164.000
08/07/2012	28.21	29.89	27.89	29.56	3189591	93876472.000
08/08/2012	29.20	29.47	28.27	29.03	1709044	49567704.000
08/09/2012	28.78	31.06	28.78	30.83	2756509	84530464.000
08/10/2012	30.51	32.11	30.32	31.33	2468100	77330016.000
08/13/2012	31.21	32.61	30.76	31.51	2339577	75503904.000
08/14/2012	31.31	32.43	30.11	32.31	3296227	104023832.000
08/15/2012	32.07	32.07	30.41	30.41	2236542	70173736.000
08/16/2012	30.31	31.11	30.12	30.51	1062131	32710574.000
08/17/2012	30.47	31.07	30.04	30.88	1161483	35881272.000
08/20/2012	30.41	31.89	30.41	31.45	1227409	38521116.000
08/21/2012	31.51	32.99	31.31	32.39	1844723	60457224.000
08/22/2012	32.31	33.24	32.06	32.89	2335061	77051584.000
08/23/2012	32.60	33.50	32.41	32.44	1605166	53171864.000
08/24/2012	32.17	32.37	31.06	31.66	1455591	46349132.000
08/27/2012	31.51	32.21	30.71	31.42	807290	25757352.000
08/28/2012	31.30	31.89	30.71	31.79	1393213	44088920.000
08/29/2012	31.81	32.19	31.11	31.11	1019914	32632590.000
08/30/2012	31.01	31.11	27.97	29.96	2659626	79545736.000
08/31/2012	29.91	30.16	29.42	29.88	1045568	31483708.000
09/03/2012	29.88	30.70	29.32	30.41	1334813	40736472.000
09/04/2012	30.41	31.30	30.21	30.31	1051571	32647138.000
09/05/2012	30.12	31.04	30.12	30.71	835967	25880772.000
09/06/2012	30.71	33.31	30.71	33.01	3159828	104138584.000
09/10/2012	36.21	36.21	33.31	34.21	3816832	133375888.000
09/11/2012	33.98	35.71	33.96	34.68	2575900	90776440.000
09/12/2012	34.65	35.31	34.23	34.71	1851245	64779464.000
09/13/2012	34.65	35.13	34.21	34.21	1544740	53869712.000
09/14/2012	34.41	34.77	32.92	33.88	1404096	47641936.000
09/17/2012	33.96	34.06	33.21	33.44	700117	23659618.000
09/18/2012	33.01	33.74	32.51	33.55	1082613	36248728.000
09/19/2012	33.56	33.59	32.77	33.25	816419	27293564.000
09/20/2012	33.16	33.75	32.86	33.05	1238544	41497456.000
09/21/2012	32.75	33.45	31.49	31.78	1511439	49314352.000
09/24/2012	31.29	31.60	30.83	31.15	1237321	38915284.000
09/25/2012	30.85	31.92	30.76	31.34	855525	27119554.000
09/26/2012	31.01	31.53	29.43	29.55	1122821	34165432.000
09/27/2012	29.39	30.75	29.39	29.74	1545674	46969428.000
09/28/2012	29.70	30.65	29.27	30.45	2098778	63374992.000
10/08/2012	30.44	31.03	29.61	29.64	2742065	82790304.000
10/09/2012	30.14	31.50	30.14	31.38	2210595	69266752.000
10/10/2012	31.58	32.62	30.95	32.25	2192291	70944864.000
10/11/2012	32.25	32.39	31.47	31.75	1259296	40597896.000
10/12/2012	31.91	32.21	31.34	31.47	826897	26396046.000
10/15/2012	31.43	32.23	31.13	31.45	1262892	40290704.000
10/16/2012	31.35	32.85	31.19	32.66	1657859	54077936.000
10/17/2012	32.64	33.00	31.95	32.75	1770415	57746408.000
10/18/2012	32.75	33.59	32.51	33.52	1858640	62205568.000
10/19/2012	33.36	34.05	33.25	33.79	1404858	47749084.000
10/22/2012	33.55	34.15	33.36	34.05	1059909	36137256.000
10/23/2012	33.94	34.23	32.65	33.04	1431820	48060236.000
10/24/2012	32.75	33.11	31.95	32.35	1050884	34377152.000
10/25/2012	32.41	32.93	32.09	32.45	739988	24307862.000
10/26/2012	32.35	33.38	31.85	33.38	1114732	36594772.000
10/29/2012	33.40	33.63	32.58	33.15	622565	20787006.000
10/30/2012	33.07	33.71	33.06	33.58	815640	27507270.000
10/31/2012	33.60	35.60	33.31	35.28	2121511	73843416.000
11/01/2012	34.70	35.55	32.78	33.74	7919251	271692064.000
11/02/2012	33.09	33.64	32.75	33.50	2933989	97970640.000
11/05/2012	33.22	33.43	31.45	31.51	2700110	87085040.000
11/06/2012	31.70	32.18	30.78	31.96	2449641	77615336.000
11/07/2012	31.75	32.22	31.60	32.04	1005352	32280550.000
11/08/2012	31.63	31.85	31.38	31.63	726448	23145488.000
11/09/2012	31.36	31.71	30.55	30.62	1451930	45210204.000
11/12/2012	30.63	31.05	29.50	30.45	1321127	40171716.000
11/13/2012	30.56	30.72	30.07	30.63	726918	22332852.000
11/14/2012	30.65	31.50	30.36	31.50	1017323	31943770.000
11/15/2012	31.44	32.09	31.27	31.33	1514296	48398996.000
11/16/2012	31.16	31.47	29.87	30.45	964326	29462250.000
11/19/2012	30.00	30.94	30.00	30.65	874784	26843930.000
11/20/2012	30.65	31.51	30.38	31.08	1188730	37402804.000
11/21/2012	31.23	31.79	30.97	31.08	1126387	35524256.000
11/22/2012	30.88	31.35	30.75	30.75	218265	6823500.500
11/23/2012	30.72	30.72	29.74	29.78	1709085	51776496.000
11/26/2012	29.72	29.75	28.14	28.25	1495816	43383448.000
11/27/2012	28.25	28.55	27.87	27.93	1326392	37609484.000
11/28/2012	27.91	28.04	27.35	27.44	1026960	28781120.000
11/29/2012	27.40	28.22	27.40	27.78	659622	18536950.000
11/30/2012	27.80	28.12	27.66	28.07	257397	7250794.500
12/03/2012	28.07	28.75	28.05	28.25	1022437	29394150.000
12/04/2012	28.30	28.76	27.35	28.24	1082962	30494792.000
12/05/2012	28.24	30.33	28.22	29.76	2067003	61604724.000
12/06/2012	29.75	30.43	29.49	30.35	852829	25748638.000
12/07/2012	30.55	30.72	29.96	30.60	759308	23283400.000
12/10/2012	30.60	30.70	30.15	30.66	788401	24159642.000
12/11/2012	30.66	31.48	30.26	31.26	920706	28939054.000
12/12/2012	31.53	31.53	30.36	31.05	644955	20100566.000
12/13/2012	30.69	30.94	30.16	30.16	394812	12128793.000
12/14/2012	30.15	31.40	30.15	31.05	1282106	40014280.000
12/17/2012	31.06	31.52	30.80	31.47	1065538	33567600.000
12/18/2012	31.35	31.74	30.95	31.15	438002	13807589.000
12/19/2012	31.15	32.43	30.85	32.10	925973	29467830.000
12/20/2012	31.98	32.60	31.59	32.12	712033	23115510.000
12/21/2012	32.12	33.55	32.01	33.00	1222477	40682488.000
12/24/2012	33.20	33.40	32.35	32.72	751893	24956876.000
12/25/2012	32.35	33.67	32.35	33.09	1019387	34264356.000
12/26/2012	33.34	34.02	32.85	33.70	1086440	36730072.000
12/27/2012	33.57	33.95	32.90	33.10	1133992	37939276.000
12/28/2012	33.10	33.74	32.94	33.55	961198	32258170.000
12/31/2012	33.94	34.05	32.87	33.75	1619470	54697040.000
01/04/2013	33.72	34.02	32.07	32.60	1450452	47990464.000
01/07/2013	32.60	33.20	32.09	33.19	852249	28122320.000
01/08/2013	34.20	35.40	34.20	35.15	3063929	107451184.000
01/09/2013	34.75	35.59	34.65	35.00	1130286	40060408.000
01/10/2013	35.00	35.49	34.20	34.75	1520943	53396024.000
01/11/2013	34.28	35.16	34.24	34.75	1163950	40806692.000
01/14/2013	34.75	36.92	34.74	36.82	2924661	107019904.000
01/15/2013	36.73	37.38	36.48	37.12	2075211	77254048.000
01/16/2013	37.12	37.30	36.35	37.12	1359235	50461088.000
01/17/2013	37.07	37.85	36.67	37.67	1795572	67867928.000
01/18/2013	37.85	39.20	37.47	38.90	1188301	45925324.000
01/21/2013	39.04	39.30	38.64	39.10	1206459	47246876.000
01/22/2013	39.09	39.23	37.12	37.63	1459525	56391328.000
01/23/2013	37.76	38.17	37.16	37.85	688213	26086390.000
01/24/2013	37.52	38.13	34.71	35.30	2002121	72795400.000
01/25/2013	35.24	37.13	35.24	36.55	2124175	78160736.000
01/28/2013	36.62	38.75	36.51	38.75	3122578	117270928.000
01/29/2013	38.45	38.83	38.05	38.55	784831	30498246.000
01/30/2013	38.54	38.73	37.08	37.56	894947	33949360.000
01/31/2013	37.66	37.96	36.77	37.30	847748	31884648.000
02/01/2013	37.30	38.64	36.85	38.46	1255351	48218172.000
02/04/2013	38.46	38.75	36.76	37.05	1527185	57101044.000
02/05/2013	37.07	37.87	36.85	37.15	1229131	46103104.000
02/06/2013	37.17	37.90	36.93	37.45	1079608	40725556.000
02/07/2013	37.50	39.60	37.45	39.54	2411274	94772592.000
02/08/2013	39.46	41.04	39.26	40.43	1650808	66679420.000
02/18/2013	40.44	41.05	39.91	40.75	1403561	57366868.000
02/19/2013	40.56	40.85	39.43	40.58	933823	37862336.000
02/20/2013	40.05	42.80	39.75	42.74	2443221	103536200.000
02/21/2013	42.74	42.87	40.25	41.81	2067468	86337400.000
02/22/2013	41.72	43.75	41.09	42.45	1812163	78471392.000
02/25/2013	42.15	43.19	42.15	42.80	528104	22728650.000
02/26/2013	42.76	44.73	42.27	44.35	1838127	81567032.000
02/27/2013	44.15	44.63	42.35	43.05	929418	40412808.000
02/28/2013	43.22	44.03	42.44	43.62	483844	21038936.000
03/01/2013	43.73	45.54	43.34	45.34	1293525	58599764.000
03/04/2013	45.40	46.93	44.43	45.14	1357040	61970724.000
03/05/2013	44.55	48.03	44.55	48.03	1054976	49730316.000
03/06/2013	47.75	49.70	47.11	48.24	1017953	49447804.000
03/07/2013	47.72	48.44	46.26	47.10	1138107	53904476.000
03/08/2013	47.00	47.04	44.52	44.84	1886781	86892816.000
03/11/2013	44.45	46.33	42.76	45.75	1409198	64576216.000
03/12/2013	45.74	47.49	44.76	46.11	1417257	65553692.000
03/13/2013	45.79	46.85	44.02	45.84	1308953	59843176.000
03/14/2013	45.44	47.09	44.96	46.72	1149415	53618560.000
03/15/2013	47.05	48.64	46.39	47.75	1522435	72788992.000
03/18/2013	47.45	48.70	46.85	48.63	1547374	75118784.000
03/19/2013	48.63	48.70	46.55	47.07	1505607	71954168.000
03/20/2013	47.00	48.71	46.76	48.65	997915	48519192.000
03/21/2013	48.70	50.20	48.45	50.20	1843789	91462880.000
03/22/2013	50.19	51.25	49.87	50.21	1210045	61565876.000
03/25/2013	50.42	51.97	50.42	51.97	1237000	63927032.000
03/26/2013	51.70	52.30	51.25	52.04	905489	46941548.000
03/27/2013	52.11	54.73	51.53	54.46	1062588	56955524.000
03/28/2013	54.65	57.02	51.55	54.19	2916954	159921392.000
03/29/2013	53.35	57.74	53.35	57.74	2550502	145169232.000
04/01/2013	57.60	60.33	55.73	57.75	3019700	176914656.000
04/02/2013	57.03	57.63	53.50	54.21	2682856	148874016.000
04/03/2013	53.95	55.25	51.30	53.12	2917006	154037184.000
04/08/2013	52.24	58.46	51.35	56.95	3501735	196949936.000
04/09/2013	57.03	58.15	55.85	57.22	1359742	77932808.000
04/10/2013	57.18	57.63	54.47	54.76	1809111	100318576.000
04/11/2013	54.81	56.19	53.55	55.74	1458043	79850176.000
04/12/2013	55.75	57.65	55.09	55.27	1257510	71473928.000
04/15/2013	54.72	55.73	53.35	54.25	1016820	55299712.000
04/16/2013	53.75	55.65	53.12	54.69	1068099	58013460.000
04/17/2013	54.60	57.54	54.31	57.54	1200176	67842360.000
04/18/2013	57.00	58.10	56.55	57.25	1180446	67741936.000
04/19/2013	57.25	61.37	57.25	60.43	2459930	147610256.000
04/22/2013	60.44	65.26	59.65	64.75	1936705	122492512.000
04/23/2013	64.73	64.75	61.65	64.22	2104811	134212152.000
04/24/2013	64.24	68.14	63.47	64.70	2314345	153805744.000
04/25/2013	64.65	66.52	60.75	61.01	2795833	178307312.000
04/26/2013	60.45	62.23	59.76	60.20	1754479	106849736.000
05/02/2013	60.20	65.86	60.17	65.71	2020381	129112600.000
05/03/2013	65.76	69.35	65.36	68.33	1843740	124564104.000
05/06/2013	68.15	69.70	66.85	68.23	1647296	113072560.000
05/07/2013	67.81	69.18	66.55	67.45	1150174	78088056.000
05/08/2013	67.44	68.75	66.63	68.74	1289093	87884488.000
05/09/2013	68.95	69.65	65.80	67.65	2134407	144125232.000
05/10/2013	66.85	71.16	66.85	70.93	2692969	189071936.000
05/13/2013	71.24	72.04	69.93	70.74	968438	68832336.000
05/14/2013	71.00	71.31	68.47	69.91	1167572	81485344.000
05/15/2013	71.10	73.35	70.08	73.32	1350534	97649096.000
05/16/2013	73.31	74.93	71.55	71.76	2152630	157541232.000
05/17/2013	71.55	74.63	70.91	71.95	1390274	100940056.000
05/20/2013	71.75	75.24	70.75	73.25	2134416	157285920.000
05/21/2013	72.75	74.85	72.20	74.45	1408206	104013824.000
05/22/2013	74.35	75.65	72.75	75.33	1793416	134193776.000
05/23/2013	75.33	81.95	74.77	79.00	2363349	186881840.000
05/24/2013	79.74	86.92	79.55	86.92	2685904	226316416.000
05/27/2013	87.60	91.85	85.60	90.20	2854884	250785696.000
05/28/2013	89.45	89.71	83.96	84.58	2568885	221994656.000
05/29/2013	84.99	87.70	83.18	86.49	1757080	150653184.000
05/30/2013	86.30	86.30	82.35	83.30	2417532	202724736.000
05/31/2013	82.97	84.43	82.23	83.34	1517375	126754528.000
06/03/2013	83.85	83.85	78.00	79.85	2221903	179134752.000
06/04/2013	79.29	81.01	78.05	78.71	2301346	182892992.000
06/05/2013	79.30	84.03	79.30	83.24	2888660	238586320.000
06/06/2013	81.85	83.82	80.35	82.47	1779343	146975984.000
06/07/2013	82.83	86.70	82.83	85.75	2187593	186869920.000
06/13/2013	84.80	86.35	79.85	86.35	1981214	165839792.000
06/14/2013	86.00	88.98	84.63	88.45	1842838	162231680.000
06/17/2013	88.85	89.79	85.35	85.83	2131487	186724272.000
06/18/2013	85.43	90.83	83.38	90.23	2568204	224602240.000
06/19/2013	88.85	92.23	88.01	92.22	2118614	191246048.000
06/20/2013	92.21	92.85	87.62	88.75	1941595	176575200.000
06/21/2013	85.45	88.65	82.85	86.84	1873089	161607664.000
06/24/2013	86.88	86.88	78.14	78.14	2714710	221252128.000
06/25/2013	76.65	80.65	70.45	78.65	5737564	434160800.000
06/26/2013	78.83	86.53	77.65	85.87	4508693	366191744.000
06/27/2013	85.85	87.73	80.85	81.55	3054002	258257616.000
06/28/2013	79.93	84.42	77.90	79.85	1708652	138212576.000
07/01/2013	78.41	82.84	76.30	82.73	2243141	181603968.000
07/02/2013	82.65	89.85	81.85	89.56	2700869	232825808.000
07/03/2013	88.84	92.15	86.73	89.83	2378658	212381152.000
07/04/2013	89.48	90.74	87.35	88.00	1460258	130209088.000
07/05/2013	88.25	90.85	85.55	86.15	1353124	119261360.000
07/08/2013	84.05	86.75	81.85	82.28	1671313	140068608.000
07/09/2013	82.11	88.74	81.84	87.94	1808339	154860960.000
07/10/2013	88.85	88.87	83.85	86.85	2631008	226899648.000
07/11/2013	85.16	88.35	83.86	86.20	1854796	159776720.000
07/12/2013	85.81	93.18	84.87	87.37	2806042	251761552.000
07/15/2013	88.13	91.15	84.86	90.85	2869059	252903968.000
07/16/2013	90.10	91.35	88.36	90.13	1173143	105674632.000
07/17/2013	90.53	94.95	87.65	88.45	1550539	140846208.000
07/18/2013	87.71	88.84	86.71	86.83	1093301	95804112.000
07/19/2013	86.95	90.35	85.84	86.30	1551304	136405488.000
07/22/2013	85.25	87.24	84.41	86.63	1415345	121639136.000
07/23/2013	86.83	88.85	85.85	87.41	1953908	170578496.000
07/24/2013	87.65	89.82	86.95	87.65	1898879	167818832.000
07/25/2013	87.84	88.43	80.42	81.08	3890286	323026336.000
07/26/2013	78.94	78.94	72.96	73.35	7601665	571317824.000
07/29/2013	72.74	72.83	67.05	68.45	8741247	611074240.000
07/30/2013	69.45	70.25	67.18	69.05	3812519	263133968.000
07/31/2013	69.85	72.82	69.55	72.05	3031663	216561024.000
08/01/2013	71.95	75.70	71.00	75.42	3354130	249035520.000
08/02/2013	75.85	75.85	69.91	70.24	6052623	437238976.000
08/05/2013	69.45	69.57	65.93	69.31	5494310	374539936.000
08/06/2013	68.35	71.81	67.75	71.55	4039952	283224352.000
08/07/2013	70.85	72.53	68.70	69.53	3189138	223688832.000
08/08/2013	70.73	74.03	69.45	73.05	4394656	316534912.000
08/09/2013	72.45	76.42	72.45	75.92	4135356	310319040.000
08/12/2013	74.55	77.03	73.98	76.65	3388060	256936384.000
08/13/2013	75.88	76.55	74.84	75.25	1615869	122343224.000
08/14/2013	75.59	75.59	72.80	74.20	1962832	145207760.000
08/15/2013	73.82	73.83	69.35	69.35	2390250	170737600.000
08/16/2013	68.85	71.85	67.96	68.25	1883249	131944192.000
08/19/2013	67.55	69.85	67.13	68.19	2256422	154178448.000
08/20/2013	68.55	68.95	66.87	68.91	2411275	163704128.000
08/21/2013	68.48	68.49	65.66	66.64	3287537	220244128.000
08/22/2013	66.70	67.10	65.91	67.10	1908481	127404760.000
08/23/2013	67.35	71.75	67.31	69.85	4211355	294035680.000
08/26/2013	69.79	71.23	68.54	69.10	2138577	148605120.000
08/27/2013	69.11	69.84	68.05	68.90	1393862	95813096.000
08/28/2013	68.85	70.40	66.54	70.02	3800202	260410864.000
08/29/2013	70.02	73.15	68.93	72.15	2712187	192804512.000
08/30/2013	71.61	72.85	68.37	68.37	1903714	135356288.000
09/02/2013	67.85	68.73	66.45	67.85	1339989	90782480.000
09/03/2013	68.25	69.34	67.36	67.85	1472536	100835112.000
09/04/2013	67.55	68.02	66.25	66.73	1985859	133059080.000
09/05/2013	66.73	66.85	65.05	66.57	2332772	154100288.000
09/06/2013	66.45	68.84	65.95	68.24	2154941	146484608.000
09/09/2013	68.33	69.00	66.11	68.75	2291061	155154480.000
09/10/2013	68.65	69.83	67.37	68.97	1540290	106322432.000
09/11/2013	68.45	68.65	66.28	66.52	1519991	102528496.000
09/12/2013	65.86	67.83	65.85	66.18	884684	59004268.000
09/13/2013	66.68	66.85	65.86	66.51	687465	45667128.000
09/16/2013	66.52	70.05	66.52	68.45	2463210	170067536.000
09/17/2013	67.83	71.18	67.83	70.72	2487203	175140240.000
09/18/2013	70.22	71.35	68.75	69.80	1463556	102551424.000
09/23/2013	69.95	74.23	69.95	73.22	2648494	193551104.000
09/24/2013	73.85	78.59	73.85	78.34	3584751	276490432.000
09/25/2013	77.99	80.15	76.45	79.86	2404511	190215952.000
09/26/2013	79.13	80.05	76.63	77.35	1838337	143508480.000
09/27/2013	77.43	78.60	76.23	77.30	795759	61741216.000
09/30/2013	76.85	78.17	75.55	77.44	823761	63345004.000
10/08/2013	77.51	78.75	76.45	77.59	994575	76985288.000
10/09/2013	77.00	77.58	74.86	76.52	1076160	82534168.000
10/10/2013	75.88	81.18	75.85	78.02	1838341	145859680.000
10/11/2013	78.85	79.84	76.51	76.56	1129601	87563952.000
10/14/2013	75.92	75.92	73.03	73.66	1302747	96509288.000
10/15/2013	73.82	75.65	73.15	75.20	976563	72662496.000
10/16/2013	74.65	75.20	69.90	70.73	1119662	80611496.000
10/17/2013	70.98	71.38	66.15	67.84	2286255	155146192.000
10/18/2013	67.37	68.83	67.36	68.05	1088427	74154440.000
10/21/2013	68.65	70.85	68.65	69.81	1305601	91450240.000
10/22/2013	70.09	72.16	66.86	66.95	1659043	114747552.000
10/23/2013	67.30	68.15	62.28	63.96	2387071	155584464.000
10/24/2013	64.55	66.13	62.75	64.02	1767229	113951008.000
10/25/2013	65.34	65.80	64.19	64.65	1589498	103431928.000
10/28/2013	64.65	70.45	64.65	69.35	2590389	177352464.000
10/29/2013	68.85	72.35	66.45	72.35	3196426	223217168.000
10/30/2013	72.35	75.15	72.35	74.55	2701784	200507184.000
10/31/2013	74.85	74.85	71.85	72.15	973234	71200320.000
11/01/2013	72.66	72.85	68.65	72.15	1530103	108297944.000
11/04/2013	71.40	74.45	71.40	74.11	1462546	108269088.000
11/05/2013	74.11	74.53	72.85	74.10	1257146	92861704.000
11/06/2013	73.91	78.08	73.66	75.87	2399259	184410432.000
11/07/2013	76.10	76.10	73.46	74.41	1187789	88858328.000
11/08/2013	74.24	74.24	70.00	70.23	1409923	101309544.000
11/11/2013	69.65	74.33	68.71	73.94	1430784	103173312.000
11/12/2013	73.73	75.14	72.65	74.05	957249	71083280.000
11/13/2013	73.28	75.25	72.90	73.06	578638	42826872.000
11/14/2013	72.05	74.95	72.05	74.95	740889	54860032.000
11/15/2013	74.65	76.85	74.18	75.85	1070243	81487352.000
11/18/2013	75.73	78.32	75.45	77.22	1358246	105761624.000
11/19/2013	77.73	78.53	74.48	74.55	1422471	108485240.000
11/20/2013	74.26	75.55	72.65	73.31	1147298	84474320.000
11/21/2013	73.33	74.23	72.91	73.64	827723	61120768.000
11/22/2013	74.05	74.05	72.02	72.33	809128	58923088.000
11/25/2013	72.43	75.05	71.86	73.91	696161	51724328.000
11/26/2013	73.82	76.69	73.45	75.65	1161262	88338576.000
11/27/2013	75.65	77.21	74.85	76.74	1187897	91138368.000
11/28/2013	76.77	77.73	76.05	76.86	1131342	87010424.000
11/29/2013	77.00	80.14	77.00	80.10	2305150	182307968.000
12/02/2013	74.85	77.65	72.90	73.80	2701900	203662096.000
12/03/2013	72.69	75.55	71.35	74.87	1366619	100684584.000
12/04/2013	74.85	76.32	72.35	72.37	1795869	133631528.000
12/05/2013	71.41	71.41	66.64	66.64	3089725	211553008.000
12/06/2013	66.35	69.66	66.15	67.73	1677360	115116752.000
12/09/2013	68.75	71.30	68.75	70.85	1014701	71851840.000
12/10/2013	71.24	71.41	69.13	70.08	761800	53444340.000
12/11/2013	70.33	71.02	69.75	70.23	507280	35804368.000
12/12/2013	69.98	73.43	69.94	72.35	864974	62679844.000
12/13/2013	72.18	73.15	71.03	71.44	560540	40352968.000
12/16/2013	70.66	72.15	69.25	71.85	772987	54458472.000
12/17/2013	71.18	71.85	70.35	70.40	514457	36435256.000
12/18/2013	70.74	71.10	68.85	69.05	693340	48557244.000
12/19/2013	69.17	71.13	69.17	70.09	469644	33106772.000
12/20/2013	69.95	71.44	69.41	70.86	599911	42598120.000
12/23/2013	71.55	75.17	71.55	73.25	1424244	105113200.000
12/24/2013	73.25	76.00	73.15	75.65	1882645	141524288.000
12/25/2013	76.94	78.45	75.10	77.82	2331886	179917152.000
12/26/2013	76.85	78.85	76.25	77.64	2305827	180143168.000
12/27/2013	78.85	80.09	76.65	77.92	2241203	175086720.000
12/30/2013	77.25	80.14	77.15	80.07	2829717	223808000.000
12/31/2013	79.85	79.85	77.05	78.85	2010412	158321776.000
01/02/2014	79.73	85.00	78.99	83.80	3936472	323245536.000
01/03/2014	83.15	84.85	82.55	83.80	1866382	156633152.000
01/06/2014	83.25	85.75	82.35	82.36	1729096	146261136.000
01/07/2014	82.65	84.17	81.85	84.06	1600321	133354024.000
01/08/2014	84.73	86.08	83.35	84.40	2532859	215319536.000
01/09/2014	84.39	85.33	82.05	84.13	1438977	120917568.000
01/10/2014	82.65	83.65	78.51	79.15	1748453	141927264.000
01/13/2014	79.35	80.66	77.86	78.90	1260975	100313536.000
01/14/2014	78.85	85.40	78.85	85.40	1394672	115378704.000
01/15/2014	85.55	86.85	84.53	86.85	1574300	135635056.000
01/16/2014	86.85	87.74	84.90	87.05	1315751	114060736.000
01/17/2014	86.05	87.35	84.75	84.98	697639	59879256.000
01/20/2014	84.57	85.75	81.85	83.85	925903	77897760.000
01/21/2014	83.35	86.57	82.36	84.35	1000125	84330648.000
01/22/2014	84.35	85.45	82.75	83.65	1212151	101846728.000
01/23/2014	83.85	86.54	82.85	83.85	1268315	107511368.000
01/24/2014	83.85	88.85	83.15	88.85	2441363	211954960.000
01/27/2014	88.62	89.07	87.23	88.68	1511737	133552736.000
01/28/2014	88.95	89.25	86.90	88.65	1136312	100612000.000
01/29/2014	87.86	91.58	84.35	84.85	2447680	217695248.000
01/30/2014	82.85	83.85	76.35	78.41	4354997	347219296.000
02/07/2014	77.85	80.45	75.42	79.53	2034619	159743680.000
02/10/2014	79.53	81.63	77.16	79.76	1802146	143575264.000
02/11/2014	79.85	82.35	79.18	80.05	1391629	112233344.000
02/12/2014	79.86	80.74	77.76	78.80	1395744	110029784.000
02/13/2014	78.85	79.14	74.80	74.85	1749419	134355168.000
02/14/2014	75.18	76.02	71.45	75.78	3080313	226799376.000
02/17/2014	75.73	78.04	74.35	76.83	2768019	211380304.000
02/18/2014	76.80	77.12	75.65	76.55	2119203	161587936.000
02/19/2014	76.55	77.81	75.96	77.14	1250724	96599712.000
02/20/2014	77.15	77.64	73.64	73.65	1694201	127508840.000
02/21/2014	72.65	74.27	72.34	72.85	1676257	122384440.000
02/24/2014	74.05	74.05	71.17	72.15	1926803	139222432.000
02/25/2014	72.29	73.23	68.35	69.61	1863228	132223464.000
02/26/2014	69.48	70.65	68.85	70.30	1202610	84040016.000
02/27/2014	70.25	70.85	66.51	66.83	1624861	111522136.000
02/28/2014	66.87	69.33	66.47	69.33	1417427	96226872.000
03/03/2014	69.35	70.53	68.36	70.50	998164	69521944.000
03/04/2014	70.24	70.24	67.72	69.03	817194	56544872.000
03/05/2014	69.03	69.74	68.82	68.83	644387	44756996.000
03/06/2014	68.35	69.21	66.55	67.35	1044907	70525104.000
03/07/2014	67.85	67.85	62.90	63.15	3065177	199190560.000
03/10/2014	63.21	63.43	59.88	60.85	2360057	145864368.000
03/11/2014	61.33	62.05	60.40	61.27	1785882	109658176.000
03/12/2014	61.27	62.35	59.47	61.35	1554303	95157272.000
03/13/2014	61.66	64.40	61.66	63.53	2258438	143284000.000
03/14/2014	64.96	68.83	64.96	66.20	2802836	187080800.000
03/17/2014	66.05	67.23	64.73	66.05	2340494	154163984.000
03/18/2014	66.15	67.45	65.35	65.70	1545058	103074104.000
03/19/2014	65.11	65.15	62.36	63.20	1736559	110275912.000
03/20/2014	62.75	64.35	61.65	61.83	2199817	138973712.000
03/21/2014	60.93	63.29	59.98	62.94	1491820	91702744.000
03/24/2014	62.55	62.64	61.37	61.61	1104531	68535328.000
03/25/2014	61.35	62.41	60.71	61.20	1018101	62819196.000
03/26/2014	61.65	63.23	60.76	63.23	1323545	82562960.000
03/27/2014	62.87	63.30	61.46	62.34	1077799	67389488.000
03/28/2014	62.24	63.07	60.35	61.28	1018775	63041508.000
03/31/2014	61.65	61.70	60.47	60.70	674798	41210620.000
04/01/2014	61.25	62.65	60.90	62.55	823394	51059728.000
04/02/2014	62.31	62.80	60.86	61.01	906891	55871572.000
04/03/2014	61.01	62.05	60.45	61.65	997824	61566176.000
04/04/2014	61.10	63.45	61.05	63.01	1008184	63296412.000
04/08/2014	62.74	64.45	62.30	64.34	1137413	72203264.000
04/09/2014	64.08	65.57	64.08	64.30	994440	64445680.000
04/10/2014	64.97	64.97	63.65	63.70	899201	57615496.000
04/11/2014	63.60	63.60	62.00	62.05	1268665	79164944.000
04/14/2014	62.00	62.68	61.01	61.48	1448959	89113000.000
04/15/2014	61.79	61.92	61.02	61.29	803545	49425376.000
04/16/2014	60.50	61.51	60.50	61.50	592474	36174120.000
04/17/2014	61.45	61.98	61.36	61.43	521503	32164460.000
04/18/2014	61.27	62.78	61.26	62.77	787647	48857892.000
04/21/2014	62.00	62.90	61.30	62.00	1134466	70496584.000
04/22/2014	61.55	62.59	60.35	61.11	1080687	65924976.000
04/23/2014	61.00	61.47	60.40	61.23	1291017	78795720.000
04/24/2014	61.20	61.20	55.11	55.70	5349899	299402368.000
04/25/2014	54.99	55.99	54.50	54.53	2241608	123630032.000
04/28/2014	54.44	54.44	51.51	52.50	1286665	67985752.000
04/29/2014	52.00	53.50	51.91	53.14	1588227	83775696.000
04/30/2014	53.25	54.19	52.90	53.70	1033223	55447376.000
05/05/2014	53.80	53.95	52.91	53.75	992686	52870836.000
05/06/2014	53.80	56.50	53.60	55.70	1858056	102885304.000
05/07/2014	55.30	55.58	53.80	54.02	820308	44868152.000
05/08/2014	54.02	54.59	53.20	53.47	627421	33775216.000
05/09/2014	53.48	53.59	52.60	52.95	398787	21104540.000
05/12/2014	53.30	54.20	52.91	53.95	921894	49389324.000
05/13/2014	53.95	55.22	53.75	53.95	856781	46544892.000
05/14/2014	53.77	53.88	52.52	52.91	1256103	66478652.000
05/15/2014	52.91	53.00	50.28	50.35	1945154	99798432.000
05/16/2014	50.11	50.42	48.04	48.80	2492942	121386296.000
05/19/2014	48.75	49.95	48.12	48.93	1809784	89125904.000
05/20/2014	49.86	50.58	49.71	49.84	1479593	74168368.000
05/21/2014	49.50	50.17	49.34	50.17	1016961	50659108.000
05/22/2014	51.25	54.54	51.20	52.11	3846047	203420848.000
05/23/2014	52.01	52.19	50.90	52.18	1704277	87698416.000
05/26/2014	52.89	53.18	52.38	52.60	1827612	96395448.000
05/27/2014	52.93	54.29	52.60	53.45	2266334	121785000.000
05/28/2014	53.44	54.17	52.81	54.04	1454105	78036456.000
05/29/2014	54.37	54.37	52.31	52.50	2074898	109934160.000
05/30/2014	52.49	52.68	51.66	51.81	1321357	68723312.000
06/03/2014	51.97	53.20	51.52	52.00	1485982	78119224.000
06/04/2014	51.99	52.36	50.21	50.36	1926104	97761976.000
06/05/2014	50.38	50.85	50.01	50.82	2039161	102641608.000
06/06/2014	50.98	51.47	49.79	50.28	1887772	95450888.000
06/09/2014	50.28	50.28	48.18	48.28	2507378	122236240.000
06/10/2014	48.13	48.47	46.38	48.20	3529124	167020864.000
06/11/2014	48.00	49.28	47.78	49.04	2594776	126683048.000
06/12/2014	48.98	49.75	48.60	49.18	2375387	117014432.000
06/13/2014	49.25	50.64	48.70	50.36	3091262	153649456.000
06/16/2014	50.39	50.74	49.40	49.60	4164137	207224992.000
06/17/2014	49.55	49.55	48.45	48.50	3456219	168952880.000
06/18/2014	48.75	48.95	47.09	47.27	3285319	157535392.000
06/19/2014	47.48	47.48	45.60	45.80	3080254	143469856.000
06/20/2014	46.19	47.63	45.50	47.49	3077734	144630288.000
06/23/2014	47.93	48.46	47.56	47.85	3591241	172531872.000
06/24/2014	48.44	49.43	47.70	47.99	3937137	190152720.000
06/25/2014	47.99	48.00	46.53	46.80	3900204	183645840.000
06/26/2014	46.50	49.71	46.50	49.71	6482320	314179040.000
06/27/2014	49.70	51.70	49.20	50.75	7443475	377640480.000
06/30/2014	50.56	51.50	50.38	51.16	4226120	214800848.000
07/01/2014	51.00	51.00	49.85	50.40	4478946	225284592.000
07/02/2014	50.70	50.73	49.31	50.20	4703214	234483248.000
07/03/2014	50.01	51.47	49.61	50.33	6702388	340181920.000
07/04/2014	50.32	50.35	49.00	49.33	5652765	279887456.000
07/07/2014	49.20	49.22	46.88	47.87	6222424	298672064.000
07/08/2014	48.10	49.18	47.88	48.85	4129641	201224240.000
07/09/2014	48.86	48.88	46.95	46.99	5577623	266153120.000
07/10/2014	46.90	47.30	46.39	46.48	3835177	179456896.000
07/11/2014	46.56	47.42	46.28	47.40	2960999	138882016.000
07/14/2014	46.87	46.87	45.06	46.02	5999028	274588192.000
07/15/2014	46.20	47.23	45.80	47.22	3860678	179649312.000
07/16/2014	47.30	47.45	46.46	47.00	3090865	145171360.000
07/17/2014	47.06	47.20	46.34	46.65	1863203	86978264.000
07/18/2014	46.01	46.80	45.64	45.80	2844287	131349456.000
07/21/2014	45.85	46.18	44.50	44.88	3493585	157533648.000
07/22/2014	46.58	49.37	46.51	49.37	9473062	456705120.000
07/23/2014	50.95	50.96	47.89	49.13	13596619	675839168.000
07/24/2014	49.48	50.98	48.71	49.57	8303797	414269184.000
07/25/2014	49.59	49.97	47.85	48.45	5752475	279155040.000
07/28/2014	48.45	49.64	47.02	49.19	8239864	397043488.000
07/29/2014	48.91	52.75	48.71	51.43	11237268	574878272.000
07/30/2014	51.43	53.23	51.11	51.99	7990478	418015776.000
07/31/2014	52.18	53.69	51.31	53.02	7859658	414537504.000
08/01/2014	52.47	52.95	51.40	51.50	5744742	300092704.000
08/04/2014	51.30	52.99	51.18	51.82	4533885	236752240.000
08/05/2014	52.10	54.50	51.26	54.14	8486728	452973408.000
08/06/2014	54.12	54.68	53.30	54.00	5728181	309368000.000
08/07/2014	53.80	54.47	52.50	52.71	5597596	298921312.000
08/08/2014	52.23	53.24	52.23	52.85	3078594	162442848.000
08/11/2014	52.72	53.19	52.66	53.00	3593594	190276896.000
08/12/2014	52.98	53.27	51.70	52.48	5000411	261821504.000
08/13/2014	52.20	52.48	51.01	51.20	7031967	361648096.000
08/14/2014	51.28	51.87	51.01	51.16	3260666	167894272.000
08/15/2014	51.15	51.74	50.61	51.62	3228864	165709696.000
08/18/2014	51.66	52.68	51.65	52.63	5105825	266281072.000
08/19/2014	52.86	53.48	52.00	52.33	5917508	312724000.000
08/20/2014	52.26	52.26	51.46	51.51	4677510	242115600.000
08/21/2014	51.65	51.90	50.61	51.43	3617940	185289568.000
08/22/2014	51.69	52.55	51.38	52.48	4353108	226703872.000
08/25/2014	52.60	53.20	52.02	52.11	3810004	199993104.000
08/26/2014	51.68	51.68	49.88	50.18	5267176	267418640.000
08/27/2014	49.92	50.50	49.92	50.11	2526776	126891224.000
08/28/2014	50.08	51.10	48.81	49.46	3735411	186535856.000
08/29/2014	49.30	49.84	49.28	49.70	1920326	95279632.000
09/01/2014	49.90	50.69	49.71	50.56	2250169	113408552.000
09/02/2014	50.57	51.32	50.57	51.29	3693315	188595152.000
09/03/2014	51.57	51.87	50.99	51.82	4585155	235934816.000
09/04/2014	51.90	52.46	51.25	52.30	5584391	290358112.000
09/05/2014	52.41	52.65	51.77	52.37	4772009	248594848.000
09/09/2014	52.35	53.87	51.84	53.70	7282431	386034688.000
09/10/2014	53.69	58.20	53.44	56.25	12441796	696737280.000
09/11/2014	56.70	56.88	54.98	55.21	8832546	494160128.000
09/12/2014	55.00	56.82	54.80	55.90	5068839	284040448.000
09/15/2014	56.50	60.00	56.50	59.40	12743974	750378752.000
09/16/2014	59.00	59.99	57.70	57.99	10058283	593778432.000
09/17/2014	57.79	58.58	55.88	56.30	6441564	367389632.000
09/18/2014	56.69	59.28	56.23	58.86	5980754	349045632.000
09/19/2014	59.04	60.35	58.56	60.00	5811283	345428160.000
09/22/2014	59.87	59.88	57.51	57.65	4489379	260916672.000
09/23/2014	57.80	58.35	56.45	57.96	4049074	232651312.000
09/24/2014	57.70	58.27	57.28	58.00	2858663	165523680.000
09/25/2014	58.20	59.89	57.40	57.68	3761706	221071600.000
09/26/2014	57.48	58.28	56.86	57.03	3112599	178697664.000
09/29/2014	57.49	58.88	56.90	58.81	3070570	177456320.000
09/30/2014	58.79	58.79	58.03	58.20	2534307	147774816.000
10/08/2014	58.21	58.53	57.50	58.22	3192563	185141440.000
10/09/2014	58.15	58.81	57.90	58.29	3181219	185589184.000
10/10/2014	58.30	58.33	57.15	57.21	3336000	192009184.000
10/13/2014	56.85	56.85	54.60	55.27	4403900	244301856.000
10/14/2014	55.40	55.79	54.76	55.32	3291373	182063040.000
10/15/2014	55.55	56.38	55.55	55.93	2966693	165954576.000
10/16/2014	55.90	55.90	54.92	54.93	2743743	151494160.000
10/17/2014	55.15	55.68	54.03	55.33	3390518	186577664.000
10/20/2014	55.46	56.49	55.42	56.05	2330390	130449784.000
10/21/2014	56.15	56.25	55.14	55.29	2045809	113648592.000
10/22/2014	55.40	56.00	55.03	55.17	1746564	97085232.000
10/23/2014	54.40	54.67	52.84	52.91	3926742	210942080.000
10/24/2014	52.79	53.23	52.61	52.66	1485618	78562056.000
10/27/2014	52.51	53.63	52.00	53.18	1473952	78028720.000
10/28/2014	53.39	54.15	53.21	54.08	2410070	129624808.000
10/29/2014	54.22	54.70	53.74	54.00	2933823	159061328.000
10/30/2014	54.09	54.15	53.00	53.28	2581988	138109168.000
10/31/2014	53.40	53.48	52.20	52.90	2721584	143502848.000
数据来源:通达信
