300200 高盟新材 日线
      日期	    开盘	    最高	    最低	    收盘	    成交量	    成交额
04/07/2011	10.39	10.49	9.80	9.87	6074517	128651352.000
04/08/2011	9.79	10.14	9.63	9.96	2933354	61122760.000
04/11/2011	9.95	9.95	9.69	9.70	1825860	37624612.000
04/12/2011	9.61	9.80	9.60	9.80	892462	18303636.000
04/13/2011	9.74	9.92	9.71	9.86	1154330	24028050.000
04/14/2011	9.85	9.92	9.71	9.73	830865	17134026.000
04/15/2011	9.71	9.78	9.66	9.71	494232	10125915.000
04/18/2011	9.71	9.85	9.65	9.81	787377	16242342.000
04/19/2011	9.79	9.79	9.45	9.52	1225377	24844456.000
04/20/2011	9.55	9.59	9.48	9.56	414229	8363029.000
04/21/2011	9.57	9.61	9.53	9.54	488669	9875760.000
04/22/2011	9.52	9.55	9.48	9.48	428541	8619881.000
04/25/2011	9.48	9.52	9.36	9.37	488643	9718020.000
04/26/2011	9.31	9.38	9.14	9.14	479900	9385771.000
04/27/2011	9.14	9.24	8.95	8.95	397400	7641012.500
04/28/2011	8.97	9.05	8.73	8.74	382950	7203062.000
04/29/2011	8.76	8.92	8.74	8.87	222525	4176729.750
05/03/2011	8.88	8.92	8.81	8.91	186807	3517989.500
05/04/2011	8.92	8.92	8.67	8.67	281662	5239715.000
05/05/2011	8.66	8.74	8.48	8.67	503991	9230380.000
05/06/2011	8.56	8.67	8.51	8.62	244931	4474020.500
05/09/2011	8.62	8.71	8.62	8.66	224617	4140367.250
05/10/2011	8.67	8.71	8.55	8.66	184662	3384369.500
05/11/2011	8.61	8.69	8.60	8.66	210227	3871977.000
05/12/2011	8.60	8.69	8.60	8.63	193190	3551107.250
05/13/2011	8.63	8.83	8.61	8.81	333871	6187931.500
05/16/2011	8.81	9.14	8.81	9.09	868579	16607139.000
05/17/2011	9.01	9.04	8.83	8.86	310390	5869044.500
05/18/2011	8.85	8.91	8.80	8.82	244391	4597385.000
05/19/2011	8.81	8.85	8.75	8.75	278100	5200264.000
05/20/2011	8.73	8.75	8.59	8.59	238600	4388441.000
05/23/2011	8.53	8.58	8.37	8.37	261900	4718175.500
05/24/2011	8.28	8.52	8.16	8.46	305753	5447847.000
05/25/2011	8.45	8.50	8.18	8.18	194300	3442005.000
05/26/2011	8.23	8.35	8.16	8.18	154150	2707442.000
05/27/2011	8.11	8.20	8.03	8.05	220465	3814214.750
05/30/2011	8.00	8.13	7.97	7.98	147387	2539623.000
05/31/2011	7.99	8.11	7.98	8.10	161625	2775280.750
06/01/2011	8.09	8.20	8.09	8.15	152288	2646368.750
06/02/2011	8.09	8.09	7.84	7.89	302814	5131058.000
06/03/2011	7.89	8.02	7.89	7.98	130865	2228037.500
06/07/2011	7.98	8.03	7.91	8.02	115545	1972446.750
06/08/2011	7.95	8.01	7.86	7.95	116343	1970688.875
06/09/2011	7.98	7.99	7.88	7.89	86833	1471973.375
06/13/2011	7.76	7.95	7.71	7.86	102642	1714702.750
06/14/2011	7.94	8.03	7.93	8.00	189496	3239589.750
06/15/2011	8.00	8.00	7.91	7.91	108216	1841515.125
06/16/2011	7.88	7.88	7.73	7.74	118649	1973436.000
06/17/2011	7.73	7.78	7.66	7.67	113630	1875809.250
06/20/2011	7.68	7.70	7.49	7.50	91800	1493562.500
06/21/2011	7.51	7.58	7.48	7.56	94599	1527565.000
06/22/2011	7.58	7.63	7.50	7.53	81800	1322969.000
06/23/2011	7.48	7.80	7.48	7.76	274641	4526536.000
06/24/2011	7.66	7.95	7.66	7.95	344686	5803640.000
06/27/2011	7.97	8.11	7.93	7.99	360580	6169453.500
06/28/2011	8.05	8.05	7.92	8.03	198692	3390449.750
06/29/2011	7.98	8.03	7.80	7.83	131700	2236291.000
06/30/2011	7.83	7.98	7.81	7.88	225991	3822787.750
07/01/2011	7.94	8.03	7.90	7.96	226357	3860186.750
07/04/2011	7.97	8.17	7.96	8.14	360859	6248230.000
07/05/2011	8.14	8.16	8.08	8.15	316603	5486569.500
07/06/2011	8.15	8.35	8.10	8.32	572754	10080974.000
07/07/2011	8.23	8.79	8.21	8.60	1595602	29201900.000
07/08/2011	8.60	8.69	8.42	8.49	577266	10436206.000
07/11/2011	8.48	8.53	8.39	8.49	482259	8685064.000
07/12/2011	8.43	8.43	8.19	8.20	753622	13305245.000
07/13/2011	8.20	8.63	8.20	8.60	1616124	28923490.000
07/14/2011	8.58	8.78	8.53	8.75	1329757	24581734.000
07/15/2011	8.75	8.94	8.71	8.86	1094019	20584764.000
07/18/2011	8.85	9.10	8.73	8.79	896526	16990928.000
07/19/2011	8.79	8.79	8.55	8.64	718271	13180427.000
07/20/2011	8.74	8.85	8.63	8.77	673664	12517865.000
07/21/2011	8.77	8.79	8.40	8.43	1133975	20581106.000
07/22/2011	8.46	8.59	8.46	8.50	538473	9772539.000
07/25/2011	8.45	8.50	8.20	8.22	463385	8205919.000
07/26/2011	8.23	8.33	8.17	8.29	326769	5740711.500
07/27/2011	8.24	8.55	8.22	8.55	477543	8601720.000
07/28/2011	8.40	8.72	8.20	8.70	773716	14115317.000
07/29/2011	8.66	8.78	8.48	8.51	465286	8517518.000
08/01/2011	8.45	8.77	8.40	8.74	825613	15241073.000
08/02/2011	8.73	8.95	8.63	8.93	1653397	30992136.000
08/03/2011	8.85	9.03	8.76	8.89	1128924	21366792.000
08/04/2011	8.92	9.00	8.61	8.73	963507	17919786.000
08/05/2011	8.45	8.56	8.35	8.40	694317	12515459.000
08/08/2011	8.35	8.35	7.86	8.19	818020	14245410.000
08/09/2011	8.00	8.29	7.90	8.25	451001	7832157.000
08/10/2011	8.28	8.48	8.28	8.42	456160	8158230.500
08/11/2011	8.36	8.58	8.24	8.58	523933	9441693.000
08/12/2011	8.63	8.70	8.58	8.67	665870	12242942.000
08/15/2011	8.65	8.83	8.60	8.82	529280	9835343.000
08/16/2011	8.83	8.89	8.68	8.84	732432	13672823.000
08/17/2011	8.76	8.85	8.62	8.80	546988	10206628.000
08/18/2011	8.80	8.80	8.57	8.64	334242	6165765.000
08/19/2011	8.39	8.54	8.38	8.52	299565	5391340.500
08/22/2011	8.55	8.78	8.53	8.74	552810	10193545.000
08/23/2011	8.73	9.15	8.73	9.15	2097709	40060916.000
08/24/2011	9.21	9.33	9.00	9.00	1577719	30661520.000
08/25/2011	9.05	9.14	8.82	9.10	964798	18359034.000
08/26/2011	9.04	9.44	8.96	9.38	1867858	36597216.000
08/29/2011	9.33	9.55	9.25	9.36	2013829	40092092.000
08/30/2011	9.36	9.38	8.90	8.92	1351461	26123446.000
08/31/2011	8.94	8.95	8.70	8.83	831536	15556154.000
09/01/2011	8.85	8.95	8.58	8.73	931776	17341464.000
09/02/2011	8.70	8.81	8.65	8.79	533973	9915716.000
09/05/2011	8.73	8.77	8.41	8.45	619638	11216943.000
09/06/2011	8.38	8.45	8.08	8.19	664965	11641196.000
09/07/2011	8.26	8.45	8.19	8.45	660940	11742950.000
09/08/2011	8.48	8.53	8.27	8.30	447150	8011581.500
09/09/2011	8.30	8.43	8.10	8.18	389547	6828868.500
09/13/2011	7.78	8.08	7.78	7.94	368176	6231981.000
09/14/2011	7.99	8.05	7.85	8.05	387483	6571112.500
09/15/2011	8.06	8.09	8.00	8.04	322477	5545701.000
09/16/2011	8.05	8.09	7.95	8.00	252647	4329454.000
09/19/2011	7.95	7.95	7.69	7.75	378738	6307732.000
09/20/2011	7.83	7.83	7.70	7.79	291753	4836230.000
09/21/2011	7.80	8.07	7.76	8.04	506860	8635760.000
09/22/2011	7.99	8.03	7.78	7.83	399643	6745809.000
09/23/2011	7.75	7.76	7.65	7.75	379940	6276102.000
09/26/2011	7.77	7.82	7.71	7.75	255760	4247611.000
09/27/2011	7.79	7.82	7.68	7.76	246466	4085098.000
09/28/2011	7.81	7.84	7.47	7.58	384679	6340778.000
09/29/2011	7.48	7.54	7.31	7.33	399318	6365191.500
09/30/2011	7.39	7.45	7.00	7.05	495840	7678141.000
10/10/2011	7.10	7.19	7.06	7.13	167848	2571023.750
10/11/2011	7.23	7.31	7.13	7.20	242798	3776743.750
10/12/2011	7.15	7.45	7.01	7.43	317116	5009395.500
10/13/2011	7.36	7.63	7.36	7.56	395984	6413309.000
10/14/2011	7.51	7.59	7.41	7.59	263709	4242540.000
10/17/2011	7.51	7.68	7.51	7.67	281878	4603993.500
10/18/2011	7.63	7.63	7.33	7.33	328823	5279067.000
10/19/2011	7.37	7.48	7.37	7.40	166265	2650353.500
10/20/2011	7.50	7.50	7.16	7.27	250377	3911634.250
10/21/2011	7.15	7.28	7.06	7.17	213356	3293652.500
10/24/2011	7.17	7.30	6.95	7.28	285054	4380029.000
10/25/2011	7.28	7.53	7.19	7.53	421600	6710623.500
10/26/2011	7.48	7.67	7.40	7.60	442648	7193757.000
10/27/2011	7.53	7.62	7.51	7.55	281123	4562836.500
10/28/2011	7.56	7.69	7.55	7.69	297933	4866259.500
10/31/2011	7.69	7.78	7.61	7.72	401819	6616104.000
11/01/2011	7.63	7.73	7.54	7.65	328093	5363438.000
11/02/2011	7.49	7.88	7.49	7.84	517137	8557494.000
11/03/2011	7.89	7.97	7.83	7.84	698549	11811849.000
11/04/2011	7.88	7.89	7.75	7.84	315627	5278754.500
11/07/2011	7.85	7.90	7.77	7.84	225019	3773554.750
11/08/2011	7.78	7.87	7.70	7.71	222800	3712661.500
11/09/2011	7.78	7.84	7.62	7.82	525576	8678931.000
11/10/2011	7.71	8.00	7.71	7.86	966370	16268858.000
11/11/2011	7.84	7.99	7.81	7.90	584263	9851194.000
11/14/2011	7.92	8.19	7.92	8.18	976866	16903376.000
11/15/2011	8.13	8.17	8.03	8.10	547729	9463002.000
11/16/2011	8.15	8.15	7.81	7.89	493929	8397123.000
11/17/2011	7.85	8.13	7.85	7.98	426758	7293518.500
11/18/2011	7.93	7.93	7.66	7.68	377208	6289958.500
11/21/2011	7.68	7.78	7.58	7.66	197190	3230106.750
11/22/2011	7.55	7.70	7.47	7.57	268323	4348667.000
11/23/2011	7.61	7.73	7.57	7.63	189110	3095734.500
11/24/2011	7.60	7.66	7.41	7.58	146741	2372882.500
11/25/2011	7.58	7.64	7.46	7.53	107259	1737032.250
11/28/2011	7.46	7.60	7.46	7.57	154429	2496012.500
11/29/2011	7.60	7.68	7.60	7.68	175710	2874160.750
11/30/2011	7.66	7.66	7.16	7.34	350900	5574350.000
12/01/2011	7.49	7.64	7.42	7.55	383244	6185599.500
12/02/2011	7.53	7.53	7.33	7.35	151280	2401449.500
12/05/2011	7.29	7.41	7.09	7.09	111900	1740768.000
12/06/2011	7.06	7.25	7.05	7.22	131128	2021938.125
12/07/2011	7.22	7.26	7.12	7.17	131802	2035436.500
12/08/2011	7.12	7.24	7.07	7.16	143869	2217402.750
12/09/2011	7.19	7.19	7.08	7.08	119800	1833823.000
12/12/2011	7.06	7.13	7.05	7.10	93428	1425828.375
12/13/2011	7.05	7.05	6.84	6.91	215698	3216032.000
12/14/2011	6.88	6.95	6.80	6.85	78700	1166991.250
12/15/2011	6.86	6.86	6.67	6.72	105077	1530630.250
12/16/2011	6.75	6.90	6.73	6.90	100796	1481984.250
12/19/2011	6.93	6.93	6.67	6.88	133768	1962046.625
12/20/2011	6.87	6.98	6.84	6.86	72824	1083587.375
12/21/2011	6.90	6.95	6.72	6.72	101100	1497164.000
12/22/2011	6.70	6.70	6.45	6.55	121099	1720930.750
12/23/2011	6.55	6.65	6.52	6.60	158199	2258219.750
12/26/2011	6.57	6.64	6.57	6.58	51700	737922.000
12/27/2011	6.50	6.66	6.25	6.28	139791	1950651.750
12/28/2011	6.25	6.29	5.90	6.00	221901	2915148.000
12/29/2011	5.91	6.00	5.75	5.87	542354	6956485.000
12/30/2011	5.87	5.96	5.83	5.91	608975	7842333.500
01/04/2012	5.95	5.98	5.61	5.62	316231	4042386.000
01/05/2012	5.60	5.60	5.21	5.26	309336	3663225.250
01/06/2012	5.32	5.33	5.13	5.28	201601	2330369.750
01/09/2012	5.31	5.53	5.21	5.51	283953	3378323.500
01/10/2012	5.50	5.76	5.45	5.75	433406	5373723.000
01/11/2012	5.70	5.84	5.70	5.76	223750	2822750.750
01/12/2012	5.74	5.80	5.65	5.73	215779	2696593.250
01/13/2012	5.69	5.70	5.36	5.40	250870	3036118.500
01/16/2012	5.34	5.35	5.11	5.18	116226	1347228.000
01/17/2012	5.13	5.53	5.13	5.49	161486	1899844.625
01/18/2012	5.43	5.53	5.25	5.26	196508	2346863.750
01/19/2012	5.40	5.42	5.23	5.41	114643	1355788.500
01/20/2012	5.42	5.63	5.42	5.56	189677	2312304.750
01/30/2012	5.58	5.70	5.46	5.55	176154	2160448.750
01/31/2012	5.50	5.53	5.47	5.51	141399	1708997.500
02/01/2012	5.50	5.59	5.48	5.49	211750	2571999.500
02/02/2012	5.53	5.55	5.44	5.55	260997	3153285.750
02/03/2012	5.56	5.70	5.52	5.67	313414	3864378.750
02/06/2012	5.67	5.76	5.65	5.73	318271	3986124.000
02/07/2012	5.74	5.84	5.70	5.82	697562	8844638.000
02/08/2012	5.97	6.40	5.91	6.10	1107072	14807102.000
02/09/2012	6.02	6.18	6.02	6.08	688888	9164154.000
02/10/2012	6.05	6.20	5.95	6.09	448817	5962547.500
02/13/2012	6.08	6.22	6.00	6.18	522979	7006741.000
02/14/2012	6.23	6.23	6.11	6.15	251460	3366655.000
02/15/2012	6.11	6.24	6.09	6.23	374768	5044939.500
02/16/2012	6.22	6.36	6.22	6.34	549439	7509894.500
02/17/2012	6.34	6.40	6.24	6.33	292174	4009265.750
02/20/2012	6.50	6.53	6.26	6.30	451926	6275106.000
02/21/2012	6.21	6.35	6.13	6.33	405399	5508331.500
02/22/2012	6.29	6.53	6.29	6.51	641630	8983995.000
02/23/2012	6.51	6.73	6.50	6.67	799971	11514084.000
02/24/2012	6.66	6.71	6.60	6.68	494857	7136162.500
02/27/2012	6.65	6.72	6.61	6.61	527259	7603474.500
02/28/2012	6.61	6.63	6.46	6.54	432409	6140456.500
02/29/2012	6.50	6.67	6.50	6.59	385189	5518309.500
03/01/2012	6.59	6.64	6.51	6.58	257260	3673777.250
03/02/2012	6.61	6.80	6.61	6.79	470005	6857244.000
03/05/2012	6.79	6.82	6.71	6.81	407133	5969729.500
03/06/2012	6.81	6.82	6.61	6.68	628614	9118424.000
03/07/2012	6.68	6.83	6.59	6.70	276817	4028038.000
03/08/2012	6.83	7.03	6.79	7.00	807568	12124743.000
03/09/2012	7.05	7.09	6.89	7.08	463777	7039515.500
03/12/2012	7.07	7.24	7.04	7.21	704255	10892243.000
03/13/2012	7.18	7.25	7.16	7.22	468202	7263062.500
03/14/2012	7.25	7.30	6.76	6.84	936913	14267925.000
03/15/2012	6.80	7.55	6.80	7.41	1816080	28233980.000
03/16/2012	6.90	7.12	6.62	7.12	2858142	42728488.000
03/19/2012	7.09	7.09	6.84	6.93	1224872	18304486.000
03/20/2012	6.86	6.92	6.50	6.51	1390571	20051414.000
03/21/2012	6.54	6.60	6.31	6.48	680040	9491803.000
03/22/2012	6.48	6.54	6.41	6.49	354423	4981386.000
03/23/2012	6.41	6.50	6.40	6.44	277800	3885637.000
03/26/2012	6.44	6.49	6.33	6.44	277928	3876660.250
03/27/2012	6.49	6.49	6.34	6.41	353167	4927414.500
03/28/2012	6.40	6.48	6.01	6.08	434640	5900785.000
03/29/2012	6.08	6.13	6.00	6.07	201042	2656881.000
03/30/2012	6.05	6.39	6.01	6.02	232752	3093100.750
04/05/2012	6.13	6.18	5.95	6.18	260769	3459733.750
04/06/2012	6.18	6.24	6.15	6.23	226360	3051616.500
04/10/2012	6.00	6.18	5.93	6.14	273310	3596700.000
04/11/2012	6.06	6.18	5.99	6.16	139752	1870102.875
04/12/2012	6.15	6.34	6.15	6.30	233927	3188255.750
04/13/2012	6.34	6.42	6.30	6.37	262029	3627145.000
04/16/2012	6.29	6.37	6.16	6.29	128010	1753867.250
04/17/2012	6.24	6.33	6.20	6.21	145406	1973419.000
04/18/2012	6.24	6.43	6.24	6.42	273000	3775415.250
04/19/2012	6.45	6.45	6.38	6.45	186252	2594238.750
04/20/2012	6.45	6.51	6.35	6.50	193000	2706792.750
04/23/2012	6.49	6.49	6.23	6.31	331951	4550264.000
04/24/2012	6.40	6.40	6.05	6.20	252499	3398296.500
04/25/2012	6.06	6.28	6.06	6.25	209468	2839374.250
04/26/2012	6.31	6.34	6.13	6.26	166643	2254786.750
04/27/2012	6.34	6.34	6.13	6.27	110791	1509183.000
05/02/2012	6.33	6.38	6.26	6.37	199560	2749478.250
05/03/2012	6.37	6.50	6.33	6.50	272609	3800953.000
05/04/2012	6.55	6.70	6.50	6.56	319107	4533864.000
05/07/2012	6.54	6.60	6.49	6.60	279261	3964636.250
05/08/2012	6.61	6.67	6.54	6.64	280386	4011747.500
05/09/2012	6.64	6.64	6.52	6.56	289345	4111244.750
05/10/2012	6.65	6.76	6.54	6.59	310399	4363758.500
05/11/2012	6.54	6.71	6.50	6.53	218667	3038127.000
05/14/2012	6.54	6.58	6.41	6.49	233588	3230664.500
05/15/2012	6.43	6.52	6.31	6.52	241799	3285616.500
05/16/2012	6.53	6.53	6.40	6.43	163001	2227029.500
05/17/2012	6.47	6.53	6.41	6.53	253194	3484002.000
05/18/2012	6.53	6.53	6.37	6.44	234302	3211558.000
05/21/2012	6.45	6.51	6.31	6.44	234304	3190464.000
05/22/2012	6.46	6.52	6.39	6.48	203001	2777862.750
05/23/2012	6.47	6.49	6.31	6.43	176456	2391354.000
05/24/2012	6.44	6.47	6.33	6.40	256153	3476596.000
05/25/2012	6.40	6.43	6.22	6.31	146160	1967763.250
05/28/2012	6.30	6.33	6.11	6.30	242579	3212729.250
05/29/2012	6.25	6.35	6.22	6.33	480701	6431240.000
05/30/2012	6.31	6.36	6.27	6.36	228593	3069641.000
05/31/2012	6.35	6.47	6.28	6.42	340033	4620939.000
06/01/2012	6.45	6.48	6.38	6.48	360886	4927651.000
06/04/2012	6.35	6.46	6.30	6.30	202899	2745948.250
06/05/2012	6.26	6.33	6.21	6.28	132500	1769366.000
06/06/2012	6.28	6.31	6.22	6.27	126900	1687739.000
06/07/2012	6.32	6.32	6.23	6.26	97000	1294065.750
06/08/2012	6.31	6.31	6.23	6.24	110689	1478463.875
06/11/2012	6.26	6.30	6.13	6.30	210888	2785629.500
06/12/2012	6.30	6.30	6.22	6.25	103000	1368024.000
06/13/2012	6.30	6.35	6.22	6.33	168436	2253291.500
06/14/2012	6.31	6.43	6.31	6.42	338600	4584585.500
06/15/2012	6.42	6.47	6.34	6.45	265390	3605863.000
06/18/2012	6.48	6.52	6.42	6.46	320034	4389431.000
06/19/2012	6.46	6.46	6.32	6.42	169470	2301580.000
06/20/2012	6.43	6.51	6.42	6.49	311559	4280774.000
06/21/2012	6.45	6.46	6.28	6.36	207708	2807188.750
06/25/2012	6.45	6.45	6.15	6.23	135900	1812580.250
06/26/2012	6.18	6.24	6.15	6.21	157581	2075625.500
06/27/2012	6.23	6.24	6.15	6.20	223280	2944562.750
06/28/2012	6.20	6.24	6.12	6.12	212300	2782370.000
06/29/2012	6.08	6.22	6.08	6.19	124595	1628095.875
07/02/2012	6.23	6.25	6.17	6.21	98250	1298281.750
07/03/2012	6.23	6.32	6.20	6.30	240045	3209489.500
07/04/2012	6.31	6.41	6.31	6.37	235872	3190100.000
07/05/2012	6.36	6.40	6.28	6.39	275794	3720309.500
07/06/2012	6.40	6.48	6.30	6.47	285804	3875742.500
07/09/2012	6.47	6.49	6.31	6.35	208626	2837431.000
07/10/2012	6.28	6.49	6.28	6.48	342560	4669001.000
07/11/2012	6.50	6.58	6.43	6.50	370201	5120332.500
07/12/2012	6.51	6.56	6.40	6.55	373678	5160733.000
07/13/2012	6.50	6.58	6.44	6.53	228949	3167083.500
07/16/2012	6.58	6.79	6.27	6.27	1081072	15049690.000
07/17/2012	6.22	6.23	5.60	6.12	417705	5352895.500
07/18/2012	6.06	6.13	5.93	6.13	246098	3154990.000
07/19/2012	6.05	6.25	6.04	6.24	295048	3882903.250
07/20/2012	6.24	6.25	6.16	6.23	106750	1408821.000
07/23/2012	6.15	6.28	6.15	6.24	163050	2154017.250
07/24/2012	6.15	6.38	6.14	6.30	178950	2375790.500
07/25/2012	6.30	6.35	6.19	6.25	166720	2218864.000
07/26/2012	6.26	6.27	6.16	6.21	184000	2436818.000
07/27/2012	6.25	6.25	6.16	6.21	100400	1323789.000
07/30/2012	6.24	6.27	6.10	6.18	132350	1741681.000
07/31/2012	6.21	6.23	5.97	6.07	108914	1410864.625
08/01/2012	6.13	6.20	6.04	6.11	126372	1647294.250
08/02/2012	6.16	6.16	6.05	6.10	107700	1400034.000
08/03/2012	6.13	6.26	6.08	6.25	195168	2573231.750
08/06/2012	6.25	6.43	6.20	6.42	250717	3374477.000
08/07/2012	6.43	6.58	6.38	6.49	353394	4872527.000
08/08/2012	6.53	6.53	6.40	6.49	179978	2465004.750
08/09/2012	6.42	6.58	6.40	6.55	241125	3342029.500
08/10/2012	6.54	6.57	6.46	6.52	150385	2080862.250
08/13/2012	6.45	6.51	6.40	6.45	120750	1656247.000
08/14/2012	6.46	6.67	6.43	6.66	410281	5735888.500
08/15/2012	6.65	6.71	6.52	6.59	192953	2699619.750
08/16/2012	6.47	7.20	6.35	7.20	2270940	33208396.000
08/17/2012	6.96	6.96	6.54	6.74	1456317	20931300.000
08/20/2012	6.63	6.71	6.44	6.58	1004343	13877604.000
08/21/2012	6.55	6.75	6.50	6.62	976791	13710587.000
08/22/2012	6.66	6.68	6.53	6.55	491488	6864542.000
08/23/2012	6.59	6.72	6.50	6.70	630928	8880801.000
08/24/2012	6.69	6.72	6.56	6.58	472023	6660035.000
08/27/2012	6.58	6.58	6.43	6.45	408150	5615813.000
08/28/2012	6.43	6.56	6.41	6.56	296670	4095072.500
08/29/2012	6.59	6.60	6.49	6.57	243610	3388162.750
08/30/2012	6.61	6.69	6.43	6.65	640074	8953120.000
08/31/2012	6.58	6.70	6.55	6.65	334260	4707791.500
09/03/2012	6.60	6.74	6.50	6.73	527374	7433615.500
09/04/2012	6.75	6.89	6.73	6.76	480048	6926356.000
09/05/2012	6.74	6.83	6.65	6.83	296277	4237240.000
09/06/2012	6.85	6.93	6.80	6.81	355895	5161794.000
09/07/2012	6.85	7.03	6.81	6.98	736860	10827488.000
09/10/2012	6.95	7.14	6.91	7.06	588980	8753824.000
09/11/2012	7.09	7.14	7.02	7.13	639324	9590644.000
09/12/2012	7.11	7.16	6.93	7.05	412411	6119847.500
09/13/2012	7.05	7.05	6.90	6.91	306100	4491426.000
09/14/2012	6.91	6.94	6.79	6.93	311066	4531125.000
09/17/2012	6.83	6.93	6.71	6.73	171202	2457095.000
09/18/2012	6.71	6.84	6.68	6.73	147350	2113445.000
09/19/2012	6.74	6.89	6.72	6.79	118159	1706300.625
09/20/2012	6.76	6.80	6.65	6.67	245097	3478664.750
09/21/2012	6.66	6.70	6.60	6.62	154701	2175655.750
09/24/2012	6.74	6.74	6.53	6.69	66104	926208.938
09/25/2012	6.67	6.75	6.60	6.66	88191	1241013.500
09/26/2012	6.59	6.69	6.27	6.30	162269	2208486.250
09/27/2012	6.31	6.44	6.25	6.35	133478	1803191.000
09/28/2012	6.33	6.52	6.33	6.51	92841	1272205.000
10/08/2012	6.55	6.66	6.51	6.62	140119	1954693.875
10/09/2012	6.65	6.79	6.59	6.79	219185	3123580.750
10/10/2012	6.78	6.82	6.67	6.82	144648	2068295.000
10/11/2012	6.73	6.81	6.73	6.79	137229	1961951.250
10/12/2012	6.80	6.80	6.63	6.74	124222	1767413.000
10/15/2012	6.82	6.83	6.60	6.68	241816	3436719.250
10/16/2012	6.73	6.93	6.68	6.92	429321	6196329.500
10/17/2012	6.91	6.95	6.83	6.87	261571	3809259.500
10/18/2012	6.84	6.98	6.84	6.95	360796	5287465.000
10/19/2012	6.96	7.00	6.86	6.89	175566	2567430.000
10/22/2012	6.88	6.91	6.79	6.91	114006	1650290.250
10/23/2012	6.92	6.93	6.77	6.79	159550	2304215.250
10/24/2012	6.90	6.90	6.77	6.78	131190	1890956.000
10/25/2012	6.76	6.92	6.76	6.85	166100	2410153.000
10/26/2012	6.80	6.92	6.61	6.73	182119	2604353.000
10/29/2012	6.63	6.72	6.55	6.60	163389	2290221.000
10/30/2012	6.61	6.70	6.58	6.64	166382	2340069.750
10/31/2012	6.63	6.72	6.60	6.67	58777	827713.125
11/01/2012	6.65	6.85	6.65	6.83	246021	3518071.250
11/02/2012	6.84	6.85	6.78	6.82	106284	1532927.625
11/05/2012	6.83	6.90	6.74	6.84	202199	2914883.250
11/06/2012	6.85	6.88	6.70	6.79	128865	1845772.750
11/07/2012	6.80	6.85	6.76	6.85	139847	2018925.000
11/08/2012	6.83	6.83	6.65	6.70	142509	2031354.250
11/09/2012	6.70	6.74	6.61	6.68	83288	1176099.125
11/12/2012	6.77	6.77	6.64	6.68	79398	1122925.500
11/13/2012	6.64	6.70	6.59	6.59	96200	1351213.750
11/14/2012	6.55	6.63	6.54	6.59	103812	1445900.875
11/15/2012	6.58	6.59	6.36	6.43	92241	1269367.500
11/16/2012	6.40	6.40	6.23	6.38	109911	1475280.500
11/19/2012	6.25	6.45	6.25	6.40	74863	1007284.938
11/20/2012	6.43	6.43	6.33	6.34	46900	633044.000
11/21/2012	6.39	6.48	6.29	6.47	67731	917565.313
11/22/2012	6.41	6.64	6.41	6.48	73244	1011806.500
11/23/2012	6.43	6.54	6.42	6.48	61028	837049.063
11/26/2012	6.45	6.46	6.38	6.38	33900	461779.000
11/27/2012	6.34	6.34	6.08	6.10	145226	1907412.875
11/28/2012	6.01	6.05	5.99	5.99	66200	848055.000
11/29/2012	6.00	6.04	6.00	6.04	70624	907132.250
11/30/2012	6.04	6.49	6.04	6.19	135924	1829458.625
12/03/2012	6.13	6.19	5.95	5.95	112300	1441697.000
12/04/2012	5.94	5.94	5.81	5.93	70566	885793.750
12/05/2012	5.97	6.16	5.93	6.11	156019	2020777.875
12/06/2012	6.18	6.20	6.06	6.19	153648	2011549.125
12/07/2012	6.21	6.76	6.20	6.38	252100	3432588.000
12/10/2012	6.26	6.44	6.24	6.42	249935	3369989.000
12/11/2012	6.34	6.40	6.32	6.40	96267	1301187.750
12/12/2012	6.33	6.45	6.31	6.36	138351	1867531.625
12/13/2012	6.38	6.42	6.18	6.26	161267	2151045.000
12/14/2012	6.25	6.52	6.19	6.51	350662	4767592.500
12/17/2012	6.49	6.52	6.42	6.52	213452	2927053.500
12/18/2012	6.53	6.57	6.45	6.57	349818	4838891.500
12/19/2012	6.62	6.62	6.51	6.59	249101	3468688.000
12/20/2012	6.60	6.63	6.54	6.60	325006	4539333.500
12/21/2012	6.56	6.74	6.51	6.66	465297	6557971.500
12/24/2012	6.65	6.78	6.60	6.74	417942	5947176.000
12/25/2012	6.71	6.86	6.71	6.84	482753	6960213.500
12/26/2012	6.84	7.05	6.66	7.04	739178	10853185.000
12/27/2012	7.04	7.08	6.86	6.89	625141	9199105.000
12/28/2012	6.88	6.96	6.80	6.89	528035	7680741.500
12/31/2012	6.90	6.94	6.83	6.85	449108	6535024.500
01/04/2013	6.99	7.02	6.85	6.94	466003	6829698.000
01/07/2013	6.94	7.68	6.90	7.54	2794544	44119940.000
01/08/2013	7.45	7.52	7.30	7.41	1513598	23582540.000
01/09/2013	7.34	7.45	7.10	7.40	744783	11547317.000
01/10/2013	7.44	7.44	7.28	7.39	515235	7998484.500
01/11/2013	7.38	7.59	7.33	7.38	1130335	17791782.000
01/14/2013	7.35	7.57	7.31	7.56	980996	15511294.000
01/15/2013	7.60	7.66	7.53	7.58	903296	14415390.000
01/16/2013	7.55	7.67	7.38	7.46	886416	14030887.000
01/17/2013	7.49	7.65	7.41	7.50	669611	10585227.000
01/18/2013	7.53	7.58	7.25	7.45	691593	10797627.000
01/21/2013	7.48	7.54	7.39	7.49	534585	8386850.000
01/22/2013	7.50	7.52	7.24	7.26	505161	7838834.500
01/23/2013	7.21	7.32	7.13	7.28	358822	5474495.000
01/24/2013	7.32	7.34	7.08	7.11	551452	8389749.000
01/25/2013	7.86	7.86	7.84	7.86	7913508	130725496.000
01/28/2013	7.80	8.48	7.72	8.32	7586646	127862512.000
01/29/2013	8.10	8.30	8.06	8.25	4610280	79071128.000
01/30/2013	8.20	8.24	7.96	8.03	2789319	47256380.000
01/31/2013	8.01	8.16	7.99	8.06	1701696	28816574.000
02/01/2013	8.05	8.17	7.98	8.02	2022504	34188120.000
02/04/2013	8.02	8.07	7.80	7.90	1716264	28472526.000
02/05/2013	7.81	8.23	7.79	8.20	2379069	40320916.000
02/06/2013	8.17	8.28	8.07	8.19	1340322	22975428.000
02/07/2013	8.13	8.24	7.99	8.19	1535763	26148026.000
02/08/2013	8.10	8.77	8.09	8.61	3336975	59835908.000
02/18/2013	8.70	8.73	8.45	8.58	2188932	39329480.000
02/19/2013	8.52	8.68	8.30	8.38	1993493	35348172.000
02/20/2013	8.38	8.56	8.36	8.54	1560872	27746776.000
02/21/2013	8.50	8.52	8.10	8.20	1896988	33154936.000
02/22/2013	8.20	8.40	8.18	8.24	1332246	23116146.000
02/25/2013	8.25	8.33	8.14	8.28	1625091	28031992.000
02/26/2013	8.20	8.34	8.16	8.19	1338742	23167624.000
02/27/2013	8.23	8.24	7.99	8.10	1566721	26591970.000
02/28/2013	8.10	8.15	7.94	8.15	1481604	25034764.000
03/01/2013	8.16	8.38	8.13	8.33	1933576	33607004.000
03/04/2013	8.24	8.37	8.03	8.08	1462954	25158890.000
03/05/2013	8.10	8.24	8.05	8.23	1171837	20030752.000
03/06/2013	8.27	8.56	8.25	8.50	2223920	39270184.000
03/07/2013	8.46	8.58	8.13	8.25	1875837	32984000.000
03/08/2013	8.25	8.29	8.05	8.05	1147399	19649488.000
03/11/2013	8.00	8.14	8.00	8.06	504009	8544744.000
03/12/2013	8.08	8.20	7.64	7.74	1246251	20594028.000
03/13/2013	7.67	7.76	7.58	7.73	549043	8855326.000
03/14/2013	7.77	7.79	7.70	7.74	396084	6448426.500
03/15/2013	7.71	7.87	7.60	7.73	662559	10804636.000
03/18/2013	7.70	7.76	7.60	7.60	534778	8626914.000
03/19/2013	7.61	7.68	7.40	7.61	530466	8437713.000
03/20/2013	7.52	7.84	7.52	7.83	654659	10703912.000
03/21/2013	7.82	7.93	7.78	7.90	657266	10891407.000
03/22/2013	7.94	7.97	7.79	7.97	695076	11531171.000
03/25/2013	7.95	7.99	7.88	7.95	556078	9266995.000
03/26/2013	7.96	8.09	7.89	8.06	902992	15153921.000
03/27/2013	8.06	8.14	7.99	8.05	777129	13167828.000
03/28/2013	8.00	8.00	7.73	7.79	927236	15341114.000
03/29/2013	7.76	7.76	7.23	7.23	2082958	32368440.000
04/01/2013	7.20	7.27	7.19	7.24	654982	9993501.000
04/02/2013	7.25	7.31	7.11	7.13	606653	9231055.000
04/03/2013	7.13	7.17	7.01	7.03	514900	7700006.500
04/08/2013	6.95	7.07	6.83	7.06	484745	7101706.000
04/09/2013	7.05	7.22	7.02	7.19	394684	5945816.000
04/10/2013	7.19	7.19	7.04	7.14	321659	4834468.500
04/11/2013	7.19	7.23	7.06	7.08	239520	3606289.000
04/12/2013	7.14	7.14	6.98	7.01	220590	3287996.500
04/15/2013	7.01	7.02	6.86	6.90	196953	2890997.000
04/16/2013	6.90	7.08	6.87	7.04	300052	4420762.500
04/17/2013	7.01	7.15	7.00	7.12	278564	4152663.750
04/18/2013	7.10	7.24	7.06	7.19	356444	5397834.000
04/19/2013	7.20	7.38	7.20	7.33	745677	11491345.000
04/22/2013	7.28	7.38	7.28	7.36	559959	8674505.000
04/23/2013	7.40	7.40	7.15	7.19	596978	9105813.000
04/24/2013	7.18	7.40	7.10	7.36	679831	10474030.000
04/25/2013	7.36	7.55	7.30	7.38	1001273	15697613.000
04/26/2013	7.35	7.42	7.20	7.26	433751	6675837.000
05/02/2013	7.26	7.34	7.16	7.30	240300	3700542.750
05/03/2013	7.31	7.54	7.31	7.46	549419	8629765.000
05/06/2013	7.48	7.58	7.44	7.55	743068	11789752.000
05/07/2013	7.53	7.56	7.47	7.53	470474	7447751.500
05/08/2013	7.54	7.68	7.54	7.68	687287	11029328.000
05/09/2013	7.68	7.85	7.63	7.75	938646	15262997.000
05/10/2013	7.73	7.88	7.71	7.80	710733	11653698.000
05/13/2013	7.91	7.95	7.80	7.95	747450	12403110.000
05/14/2013	7.95	7.95	7.66	7.74	624818	10221000.000
05/15/2013	7.78	8.02	7.72	8.00	786692	13053693.000
05/16/2013	8.14	8.17	7.89	7.97	1805147	30465494.000
05/17/2013	7.95	8.15	7.89	8.15	1290040	21837776.000
05/20/2013	8.16	8.42	8.10	8.40	1911382	33194964.000
05/21/2013	8.45	8.46	8.34	8.44	1289525	22708414.000
05/22/2013	8.45	8.49	8.19	8.30	1607947	28233416.000
05/23/2013	8.28	8.56	8.27	8.30	3177164	55964604.000
05/24/2013	8.20	8.28	7.96	8.19	3529192	29226052.000
05/27/2013	8.14	8.21	8.01	8.20	2766727	23001236.000
05/28/2013	8.20	8.21	7.83	7.92	2552964	20893606.000
05/29/2013	7.84	7.94	7.74	7.91	2756137	22146502.000
05/30/2013	7.84	8.11	7.84	8.05	3632754	29774074.000
05/31/2013	8.03	8.22	7.95	7.97	2905589	24149868.000
06/03/2013	7.97	7.98	7.64	7.66	3316362	26410658.000
06/04/2013	7.62	7.68	7.41	7.46	1955592	15114512.000
06/05/2013	7.52	7.77	7.44	7.66	1453740	11346753.000
06/06/2013	7.69	7.69	7.47	7.53	712590	5523188.500
06/07/2013	7.42	7.57	7.27	7.28	904950	6874506.500
06/13/2013	7.26	7.26	7.01	7.06	1405808	10284720.000
06/14/2013	7.28	7.79	7.28	7.79	8401218	66955972.000
06/17/2013	7.83	8.48	7.73	8.23	12711399	104732240.000
06/18/2013	8.03	8.08	7.86	8.02	5517520	45096284.000
06/19/2013	8.02	8.02	7.67	7.95	3424556	27509430.000
06/20/2013	7.93	7.93	7.35	7.35	2965007	23376894.000
06/21/2013	7.05	7.18	6.82	6.98	2643473	19069462.000
06/24/2013	6.99	7.30	6.52	6.71	2405387	17243542.000
06/25/2013	6.70	6.84	6.02	6.69	2770929	18355922.000
06/26/2013	6.60	7.13	6.45	7.12	3347861	23390694.000
06/27/2013	7.00	7.19	6.63	6.71	2804533	20001626.000
06/28/2013	6.72	6.81	6.33	6.42	1714560	11529418.000
07/01/2013	6.50	6.58	6.31	6.55	1631658	10830171.000
07/02/2013	6.46	6.73	6.46	6.63	1589220	10781276.000
07/03/2013	6.63	6.64	6.40	6.54	1403574	9414162.000
07/04/2013	6.50	6.63	6.38	6.50	1656348	11111221.000
07/05/2013	6.50	6.52	6.38	6.38	1521453	10096502.000
07/08/2013	6.33	6.33	6.04	6.09	1454571	9214272.000
07/09/2013	6.08	6.14	6.02	6.11	554509	3483482.000
07/10/2013	6.13	6.26	6.08	6.26	1696550	10844380.000
07/11/2013	6.32	6.45	6.22	6.41	1360042	8923079.000
07/12/2013	6.35	6.55	6.35	6.42	1234735	8232405.500
07/15/2013	6.40	6.48	6.35	6.44	2033203	13430922.000
07/16/2013	6.40	6.58	6.40	6.58	1768604	11864846.000
07/17/2013	6.58	6.77	6.48	6.50	1934186	13191126.000
07/18/2013	6.48	6.58	6.41	6.50	995061	6658859.500
07/19/2013	6.47	6.62	6.25	6.28	1459522	9758778.000
07/22/2013	6.20	6.29	6.10	6.29	1165853	7458451.500
07/23/2013	6.31	6.90	6.31	6.76	3063891	21197902.000
07/24/2013	6.73	6.92	6.55	6.92	3004083	20864170.000
07/25/2013	6.83	6.92	6.61	6.69	2152815	14945426.000
07/26/2013	6.70	6.75	6.50	6.64	975327	6656818.500
07/29/2013	6.54	6.90	6.50	6.81	2498528	17252962.000
07/30/2013	6.80	6.87	6.55	6.85	1969873	13620270.000
07/31/2013	6.85	7.05	6.70	6.92	2535414	18076724.000
08/01/2013	6.92	7.55	6.86	7.31	4995391	37180820.000
08/02/2013	7.25	7.41	7.13	7.14	4037147	30084084.000
08/05/2013	7.22	7.22	7.01	7.16	2567208	18793148.000
08/06/2013	7.16	7.19	7.07	7.13	1818057	13322235.000
08/07/2013	7.11	7.16	6.89	6.91	2208996	15873041.000
08/08/2013	6.95	7.05	6.90	7.00	1192409	8548004.000
08/09/2013	6.97	7.06	6.85	6.93	1165937	8321068.000
08/12/2013	6.92	7.02	6.89	7.00	1693871	12113726.000
08/13/2013	7.00	7.26	6.94	7.26	1856668	13503832.000
08/14/2013	7.19	7.57	7.19	7.35	5312991	40364568.000
08/15/2013	7.38	7.39	7.05	7.10	2279559	16825000.000
08/16/2013	7.05	7.13	6.82	6.83	2127540	15338655.000
08/19/2013	6.82	6.98	6.80	6.97	833043	5922168.500
08/20/2013	6.98	7.11	6.95	7.05	1129026	8176498.500
08/21/2013	7.06	7.09	6.80	7.06	1157754	8329374.500
08/22/2013	7.02	7.09	6.98	7.03	1123875	8143139.500
08/23/2013	7.11	7.26	6.91	7.08	1885409	13796975.000
08/26/2013	7.05	7.15	7.05	7.15	1353043	9887473.000
08/27/2013	7.15	7.19	7.08	7.19	1423351	10441105.000
08/28/2013	7.16	7.16	6.98	7.01	1343209	9758125.000
08/29/2013	7.00	7.05	6.88	6.93	1226262	8772866.000
08/30/2013	6.92	6.93	6.60	6.67	1910941	13343586.000
09/02/2013	6.65	6.78	6.62	6.76	559005	3857872.000
09/03/2013	6.73	6.89	6.73	6.88	656515	4619664.500
09/04/2013	6.88	6.89	6.80	6.83	568844	3999734.000
09/05/2013	6.87	6.88	6.80	6.85	661490	4669059.500
09/06/2013	6.88	6.88	6.78	6.85	685488	4818450.000
09/09/2013	6.84	6.89	6.80	6.86	919421	6473854.000
09/10/2013	6.86	6.89	6.83	6.89	1059354	7484505.000
09/11/2013	6.91	6.97	6.84	6.95	1246396	8856176.000
09/12/2013	6.96	6.98	6.86	6.96	953700	6804162.500
09/13/2013	6.91	6.98	6.90	6.97	803690	5742398.000
09/16/2013	6.94	7.02	6.92	6.98	959870	6881648.500
09/17/2013	6.98	6.98	6.82	6.83	764668	5410521.500
09/18/2013	6.84	6.88	6.81	6.85	403009	2836029.500
09/23/2013	6.85	7.03	6.85	7.02	1111485	7981664.500
09/24/2013	7.02	7.02	6.90	6.95	985131	7045090.000
09/25/2013	6.96	7.07	6.95	7.04	1376367	9939331.000
09/26/2013	7.04	7.17	7.00	7.07	1814305	13216753.000
09/27/2013	7.10	7.10	6.90	6.96	965694	6910012.500
09/30/2013	6.99	7.08	6.95	6.96	791499	5695603.500
10/08/2013	6.97	7.04	6.93	7.02	933066	6703786.500
10/09/2013	7.03	7.12	6.98	7.10	1250839	9093669.000
10/10/2013	7.11	7.17	7.03	7.04	1183961	8648146.000
10/11/2013	7.04	7.14	7.02	7.13	1307441	9515089.000
10/14/2013	7.30	7.86	7.28	7.86	14257852	114466672.000
10/15/2013	7.80	8.67	7.65	8.67	22556387	192882464.000
10/16/2013	8.90	9.56	8.90	9.56	26871523	259072384.000
10/17/2013	9.85	10.06	9.10	9.48	24345232	239056288.000
10/18/2013	9.08	9.18	8.51	9.10	16781549	151129472.000
10/21/2013	9.00	10.03	8.81	10.03	17345176	169906400.000
10/22/2013	10.22	10.93	9.61	9.73	25288333	266411408.000
10/23/2013	9.48	9.67	8.88	8.97	13199349	124051200.000
10/24/2013	9.11	9.89	9.01	9.89	11479210	112467520.000
10/25/2013	10.19	10.90	10.06	10.60	32303655	351710080.000
10/28/2013	10.61	11.68	10.50	11.68	13687717	158426512.000
10/29/2013	12.48	12.50	10.96	11.45	31377513	378274848.000
10/30/2013	10.95	12.25	10.51	12.04	23930124	278833504.000
10/31/2013	11.71	13.00	10.82	10.94	24767973	300782400.000
11/01/2013	10.55	10.77	9.83	9.83	18469769	191088256.000
11/04/2013	9.79	10.83	9.62	10.83	18904445	196114032.000
11/05/2013	11.06	11.93	10.95	11.93	19717542	230912000.000
11/06/2013	12.10	12.58	11.60	11.65	24771525	303747296.000
11/07/2013	11.65	12.32	11.21	12.32	21482745	258312736.000
11/08/2013	11.98	12.30	11.30	11.34	14603040	175613920.000
11/11/2013	11.56	12.49	11.45	12.49	22786466	284537216.000
11/12/2013	12.89	12.89	12.05	12.44	21029602	265149472.000
11/13/2013	12.14	12.25	11.68	11.92	14825876	179832144.000
11/14/2013	11.61	11.86	11.09	11.65	14216534	166269984.000
11/15/2013	11.45	12.30	11.30	11.50	17890573	214313824.000
11/18/2013	11.16	11.57	10.98	11.39	14648796	168268528.000
11/19/2013	11.49	12.00	11.38	11.65	15851014	188338976.000
11/20/2013	11.44	11.60	11.10	11.40	12434224	142959040.000
11/21/2013	11.26	11.26	10.80	10.95	11976428	133905504.000
11/22/2013	11.00	11.24	10.92	11.05	8508715	95943376.000
11/25/2013	11.10	11.12	10.52	10.66	9398799	102708440.000
11/26/2013	10.68	11.09	10.68	10.74	8145052	90282416.000
11/27/2013	10.76	11.83	10.68	11.83	10599320	124688208.000
11/28/2013	12.20	13.03	12.11	12.89	31835576	409204352.000
11/29/2013	12.63	12.85	12.42	12.50	19445213	248732224.000
12/02/2013	11.40	11.68	11.23	11.23	10902547	125212384.000
12/03/2013	10.10	10.92	10.09	10.56	16005151	168534128.000
12/04/2013	10.47	10.89	10.17	10.23	12876696	138947856.000
12/05/2013	10.01	10.22	9.83	10.11	7952583	81270536.000
12/06/2013	10.13	10.65	10.00	10.30	8341456	87970296.000
12/09/2013	10.30	10.55	10.29	10.51	6163205	65334784.000
12/10/2013	10.48	10.64	10.14	10.20	6181314	64853268.000
12/11/2013	10.08	10.28	10.00	10.20	3634892	37588020.000
12/12/2013	10.27	10.69	10.20	10.50	8081559	86609432.000
12/13/2013	10.35	10.50	10.18	10.26	5855590	61371156.000
12/16/2013	10.14	10.36	9.96	10.03	4469050	46189524.000
12/17/2013	10.10	10.47	9.98	10.35	5562351	57961492.000
12/18/2013	10.29	10.30	9.90	10.08	3930872	40453112.000
12/19/2013	10.05	10.19	9.60	9.61	5191902	52304916.000
12/20/2013	9.57	9.57	9.23	9.28	4454220	42728720.000
12/23/2013	9.38	9.65	9.03	9.45	4089540	39054596.000
12/24/2013	9.45	9.65	9.32	9.47	3145141	30445120.000
12/25/2013	9.56	9.96	9.46	9.92	6095776	60610116.000
12/26/2013	10.09	10.09	9.44	9.45	4589449	45398252.000
12/27/2013	9.32	9.76	9.32	9.64	3613005	35510324.000
12/30/2013	9.83	10.22	9.79	9.89	5135784	52352284.000
12/31/2013	9.71	9.99	9.60	9.66	3433140	34028544.000
01/02/2014	9.66	10.15	9.61	10.00	6073543	61772876.000
01/03/2014	10.08	10.14	9.84	10.02	5305319	54039392.000
01/06/2014	10.09	10.09	9.12	9.17	5665654	55242788.000
01/07/2014	9.16	9.35	9.00	9.35	2849864	26857354.000
01/08/2014	9.32	9.99	9.32	9.81	6079747	60370344.000
01/09/2014	9.78	9.78	9.30	9.30	4091639	39906324.000
01/10/2014	9.27	9.40	9.09	9.16	2429600	22855330.000
01/13/2014	9.16	9.33	9.13	9.18	1836680	17258450.000
01/14/2014	9.21	9.54	9.05	9.47	3267577	31086672.000
01/15/2014	9.40	10.25	9.36	9.94	8756386	87795832.000
01/16/2014	9.82	9.86	9.66	9.73	5170511	51403036.000
01/17/2014	9.72	9.98	9.62	9.78	4214547	42233176.000
01/20/2014	9.78	9.87	9.28	9.46	3416736	33401838.000
01/21/2014	9.45	9.92	9.38	9.84	3572740	35312836.000
01/22/2014	9.78	10.05	9.78	10.03	5999842	60725676.000
01/23/2014	10.01	10.30	9.89	10.09	7807361	80587016.000
01/24/2014	10.09	10.28	9.96	10.15	6551553	67528824.000
01/27/2014	10.08	10.18	9.88	9.99	4483158	45814816.000
01/28/2014	9.85	9.99	9.38	9.56	5647387	55379588.000
01/29/2014	9.57	9.80	9.46	9.72	3319739	32713840.000
01/30/2014	9.65	9.72	9.41	9.51	2646811	25805264.000
02/07/2014	9.40	9.94	9.38	9.91	3681100	36624396.000
02/10/2014	9.92	10.92	9.83	10.92	9195800	97841304.000
02/11/2014	11.23	11.23	10.51	10.62	12596464	138978928.000
02/12/2014	10.53	11.04	10.52	10.87	8912760	98416184.000
02/13/2014	10.78	11.03	10.56	10.60	8195427	90602744.000
02/14/2014	10.47	10.95	10.33	10.79	5980190	64954872.000
02/17/2014	10.81	11.09	10.67	11.01	7856824	87547328.000
02/18/2014	11.02	11.08	10.83	10.92	6035666	67210376.000
02/19/2014	10.80	11.55	10.71	11.26	10972994	126076632.000
02/20/2014	11.24	11.65	10.66	11.39	11956169	135868544.000
02/21/2014	11.25	11.29	10.80	10.95	5312511	59694204.000
02/24/2014	10.93	10.93	10.44	10.73	4620192	50106540.000
02/25/2014	10.70	10.90	9.65	9.71	6669129	70024224.000
02/26/2014	9.45	9.79	9.36	9.73	3005508	29425976.000
02/27/2014	9.78	9.94	9.35	9.36	3632383	35864804.000
02/28/2014	9.37	9.43	9.06	9.42	2911029	27464048.000
03/03/2014	9.45	9.72	9.38	9.71	2426672	23661902.000
03/04/2014	9.63	9.65	9.36	9.51	2556136	24778198.000
03/05/2014	9.52	9.99	9.49	9.68	3743025	37236128.000
03/06/2014	9.54	9.75	9.36	9.62	2379763	23221676.000
03/07/2014	9.64	9.87	9.58	9.62	1858998	18369100.000
03/10/2014	9.58	9.58	9.00	9.05	2560371	24215028.000
03/11/2014	9.37	9.37	8.96	9.12	1937662	18044480.000
03/12/2014	9.12	9.15	8.61	8.77	2404355	21803556.000
03/13/2014	8.78	9.60	8.74	9.33	3568387	33189136.000
03/14/2014	9.37	9.37	9.00	9.06	2626307	24575742.000
03/17/2014	9.03	9.33	9.03	9.32	2200417	20699890.000
03/18/2014	9.40	9.58	9.35	9.42	2491131	24041932.000
03/19/2014	9.40	10.38	9.36	10.38	12427600	129677696.000
03/20/2014	10.06	10.79	10.03	10.38	17318752	185581568.000
03/21/2014	10.07	10.38	9.90	10.33	7086942	73388184.000
03/24/2014	10.18	10.66	10.04	10.48	8148874	86139776.000
03/25/2014	10.30	10.39	9.91	10.07	6146074	63535204.000
03/26/2014	9.98	10.27	9.98	10.04	4289827	44262364.000
03/27/2014	9.98	9.98	9.10	9.20	7139421	69337920.000
03/28/2014	9.17	9.27	8.79	8.85	4741812	43408784.000
03/31/2014	8.87	9.28	8.87	9.12	3107429	28881230.000
04/01/2014	9.09	9.40	9.08	9.33	2599364	24655174.000
04/02/2014	9.34	9.50	9.18	9.40	3107425	29590438.000
04/03/2014	10.36	10.36	10.28	10.36	12110993	127866696.000
04/04/2014	10.38	10.46	10.08	10.08	11705253	122072608.000
04/08/2014	9.85	10.05	9.70	9.85	7453975	74874096.000
04/09/2014	9.95	10.66	9.88	10.37	11246236	117962504.000
04/10/2014	10.26	10.64	10.16	10.36	9129802	96844192.000
04/11/2014	10.21	10.21	9.89	10.09	4219664	43288256.000
04/14/2014	9.97	10.38	9.97	10.03	4587904	47442500.000
04/15/2014	10.00	10.29	9.98	10.16	3848487	39805220.000
04/16/2014	10.06	10.17	9.70	9.79	4850317	48685860.000
04/17/2014	9.79	9.88	9.73	9.80	2354192	23491886.000
04/18/2014	9.79	9.79	9.57	9.60	3363127	33084690.000
04/21/2014	9.30	9.83	9.30	9.66	3027010	29865198.000
04/22/2014	9.66	9.73	9.35	9.57	2155620	20942636.000
04/23/2014	9.54	9.67	9.25	9.49	2703881	26214032.000
04/24/2014	9.44	9.85	9.40	9.55	2259894	22179584.000
04/25/2014	9.65	9.68	9.05	9.05	2700812	25516550.000
04/28/2014	9.05	9.08	8.63	8.85	2104273	19005214.000
04/29/2014	8.84	9.14	8.79	9.07	1533639	14068553.000
04/30/2014	9.07	9.30	8.99	9.21	2284035	21387776.000
05/05/2014	10.15	10.15	9.79	10.00	11284229	115113112.000
05/06/2014	10.50	10.79	9.91	10.08	12692140	133085496.000
05/07/2014	9.77	11.11	9.73	11.11	14180030	152163232.000
05/08/2014	11.68	11.85	11.11	11.40	27493507	321212064.000
05/09/2014	11.10	11.25	10.59	10.59	16722185	185634864.000
05/12/2014	10.71	10.88	10.36	10.72	12161453	131529792.000
05/13/2014	10.54	10.68	10.24	10.50	12672504	134939504.000
05/14/2014	10.49	10.73	10.41	10.54	11503317	124111960.000
05/15/2014	10.55	10.56	9.80	9.85	10952961	112876072.000
05/16/2014	9.78	9.86	9.48	9.64	6374190	62735432.000
05/19/2014	9.66	9.79	9.38	9.74	4666656	45900124.000
05/20/2014	9.79	9.98	9.58	9.63	5663593	56638492.000
05/21/2014	9.52	9.76	9.32	9.76	4416375	43169004.000
05/22/2014	9.72	9.98	9.70	9.83	6991016	70348224.000
05/23/2014	9.85	9.88	9.61	9.77	5294068	52474704.000
05/26/2014	9.80	10.22	9.80	10.20	8805256	90560848.000
05/27/2014	10.09	10.19	10.00	10.13	5351404	54984952.000
05/28/2014	10.15	10.35	10.02	10.26	7206307	74951592.000
05/29/2014	10.28	10.32	9.76	9.76	6333272	64569156.000
05/30/2014	9.70	9.80	9.46	9.78	5069323	49878044.000
06/03/2014	9.75	9.86	9.61	9.77	3427302	34053896.000
06/04/2014	9.76	9.77	9.48	9.69	3273624	32220440.000
06/05/2014	9.65	9.83	9.63	9.83	3587468	35684768.000
06/06/2014	9.82	10.04	9.74	9.96	5134580	51848144.000
06/09/2014	10.01	10.01	9.71	9.71	3522723	34597388.000
06/10/2014	9.69	9.88	9.63	9.88	3068700	30029162.000
06/11/2014	9.91	10.09	9.91	10.02	4428687	44255808.000
06/12/2014	9.95	10.66	9.92	10.32	11608685	119793424.000
06/13/2014	10.40	11.35	10.36	10.88	23022857	251905936.000
06/16/2014	10.66	11.27	10.63	11.23	15218327	167105648.000
06/17/2014	11.04	11.23	10.80	11.06	10932249	120489896.000
06/18/2014	11.00	11.00	10.21	10.35	15695584	164308848.000
06/19/2014	10.40	11.39	10.34	11.39	33029694	373044896.000
06/20/2014	10.99	11.29	10.84	11.13	26694771	294270336.000
06/23/2014	11.05	11.27	10.74	11.10	17364041	191133728.000
06/24/2014	10.90	11.08	10.66	11.02	15530334	168748656.000
06/25/2014	10.95	11.58	10.89	11.25	23377512	264318992.000
06/26/2014	11.10	11.60	10.85	11.60	22138458	248496576.000
06/27/2014	11.40	11.57	11.14	11.21	17570364	199335008.000
06/30/2014	11.10	11.90	11.01	11.42	20754183	238629552.000
07/01/2014	11.42	11.86	11.20	11.67	19238177	222802048.000
07/02/2014	11.60	12.25	11.53	12.10	21844616	260870736.000
07/03/2014	12.04	12.13	11.71	11.94	15225762	181530432.000
07/04/2014	12.18	12.59	11.61	11.69	16896636	203033376.000
07/07/2014	12.00	12.86	11.82	12.57	30145155	379094688.000
07/08/2014	12.30	12.94	12.17	12.88	23510840	295319936.000
07/09/2014	13.00	13.50	12.40	12.62	23694793	307721184.000
07/10/2014	12.42	13.77	12.35	13.32	22384968	292142080.000
07/11/2014	13.20	13.87	13.06	13.36	20664823	278609888.000
07/14/2014	13.50	13.75	13.09	13.40	13699731	183508128.000
07/15/2014	13.32	13.35	12.72	13.00	14428119	187272896.000
07/16/2014	12.90	13.07	12.15	12.37	12843038	160265824.000
07/17/2014	12.50	12.77	12.21	12.59	11129123	139440176.000
07/18/2014	12.38	12.47	11.92	11.99	11296769	138060448.000
07/21/2014	11.91	12.05	11.36	11.79	9097937	106599520.000
07/22/2014	11.71	12.10	11.68	11.95	7134108	85129856.000
07/23/2014	11.85	12.48	11.80	12.16	10946638	133047248.000
07/24/2014	11.92	12.08	11.40	11.46	8921686	103967248.000
07/25/2014	11.46	11.68	11.20	11.50	6897344	78684704.000
07/28/2014	11.55	11.95	11.48	11.88	7155223	83996464.000
07/29/2014	11.94	12.10	11.75	11.93	7760698	92564480.000
07/30/2014	11.84	12.11	11.76	12.02	6859242	81917256.000
07/31/2014	12.45	12.73	12.18	12.26	11077566	137089744.000
08/01/2014	12.10	12.46	11.96	12.06	8103210	98811160.000
08/04/2014	12.15	12.85	12.15	12.59	14055173	176741648.000
08/05/2014	12.59	12.85	12.30	12.63	10688115	134472848.000
08/06/2014	12.60	12.60	12.39	12.44	6402295	79782400.000
08/07/2014	12.48	12.53	11.90	11.91	8642933	105498144.000
08/08/2014	11.90	12.05	11.90	11.92	4306879	51534988.000
08/11/2014	11.93	12.26	11.93	12.16	4692883	56900504.000
08/12/2014	12.15	12.32	12.08	12.29	5207859	63716048.000
08/13/2014	12.29	12.30	11.85	12.06	6734279	80919696.000
08/14/2014	12.01	12.17	11.92	11.96	5054479	60864560.000
08/15/2014	11.93	12.17	11.90	12.08	4437581	53598700.000
08/18/2014	12.11	12.42	12.11	12.40	7982635	98259352.000
08/19/2014	12.45	12.77	12.23	12.72	12718121	158784944.000
08/20/2014	12.63	12.63	12.36	12.44	8825865	110145808.000
08/21/2014	12.43	13.20	12.33	12.90	17559962	224645232.000
08/22/2014	12.80	12.91	12.64	12.84	10151664	129659272.000
08/25/2014	12.99	13.15	12.52	12.58	9763564	125435280.000
08/26/2014	12.53	12.58	12.00	12.11	7535438	92300704.000
08/27/2014	12.13	12.21	12.00	12.20	4520859	54791352.000
08/28/2014	12.18	12.25	11.90	11.96	3206761	38666720.000
08/29/2014	11.96	12.21	11.93	12.19	3328667	40351176.000
09/01/2014	12.24	12.54	12.16	12.47	4838915	59782208.000
09/02/2014	12.46	12.63	12.42	12.55	6387547	79916704.000
09/03/2014	12.56	12.70	12.47	12.61	6216333	78210568.000
09/04/2014	12.63	12.86	12.55	12.78	8412415	107018976.000
09/05/2014	12.76	12.87	12.51	12.78	6949011	87988000.000
09/09/2014	12.81	13.10	12.58	13.02	14117882	182335392.000
09/10/2014	13.09	13.53	13.01	13.16	16572477	219704336.000
09/11/2014	13.10	13.23	12.73	12.89	12040185	156596992.000
09/12/2014	12.83	13.11	12.79	13.05	6316819	81795880.000
09/15/2014	13.05	13.27	12.93	13.22	7522820	98599200.000
09/16/2014	13.24	13.25	12.55	12.59	8730565	112810736.000
09/17/2014	12.63	12.75	12.42	12.63	4404068	55377312.000
09/18/2014	12.60	12.78	12.55	12.66	3929329	49767740.000
09/19/2014	12.63	12.93	12.58	12.87	5371956	68711480.000
09/22/2014	12.80	12.80	12.40	12.42	4238095	53209692.000
09/23/2014	12.45	12.60	12.41	12.58	3685736	46124964.000
09/24/2014	12.64	12.93	12.60	12.92	6987772	89625984.000
09/25/2014	12.92	13.20	12.74	12.83	7468851	96881744.000
09/26/2014	12.81	12.91	12.70	12.86	3462390	44342452.000
09/29/2014	12.91	13.11	12.91	13.04	5902577	76793440.000
09/30/2014	13.00	13.49	12.93	13.36	11079292	146524128.000
10/08/2014	13.30	13.48	13.15	13.45	8148360	108597120.000
10/09/2014	13.44	13.58	13.07	13.30	8181690	108694872.000
10/10/2014	13.28	13.28	13.05	13.08	5442400	71547240.000
10/13/2014	13.08	13.77	13.06	13.62	14124100	190157392.000
10/14/2014	13.62	13.66	13.22	13.30	8784625	117967280.000
10/15/2014	13.25	13.30	12.89	13.09	7184192	93868680.000
10/16/2014	13.00	14.23	12.89	13.44	17098545	234288944.000
10/17/2014	13.44	13.58	12.52	12.89	10658359	139189792.000
10/20/2014	12.80	12.98	12.75	12.91	5307583	68297352.000
10/21/2014	12.91	13.09	12.83	12.91	4885329	63458760.000
10/22/2014	12.83	13.27	12.74	12.97	6156227	80070160.000
10/23/2014	12.83	13.80	12.82	13.38	16070916	214357488.000
10/24/2014	13.25	14.55	13.23	13.72	22061836	306871040.000
10/27/2014	13.60	14.96	13.44	14.69	22258228	318223104.000
10/28/2014	14.70	16.10	14.31	15.87	29194899	443149088.000
10/29/2014	15.57	16.88	15.56	15.72	31655563	508693728.000
10/30/2014	15.60	16.43	15.43	15.78	18835138	299430368.000
10/31/2014	15.69	15.92	14.90	15.24	15368979	235149536.000
数据来源:通达信
