300020 银江股份 日线
      日期	    开盘	    最高	    最低	    收盘	    成交量	    成交额
10/08/2010	15.38	15.48	15.14	15.29	1082798	25182426.000
10/11/2010	15.22	15.28	14.70	15.12	1758369	40093092.000
10/12/2010	14.99	15.24	14.86	14.93	1172156	26810168.000
10/13/2010	15.02	15.29	14.74	15.27	1653361	37705860.000
10/14/2010	15.38	16.36	15.26	15.75	3232845	78175912.000
10/15/2010	15.59	16.65	15.49	16.32	3125512	76268936.000
10/18/2010	16.32	16.45	15.03	15.34	2689330	63670060.000
10/19/2010	15.42	16.90	15.20	16.90	9457487	239437856.000
10/20/2010	16.73	17.70	16.12	16.72	11920152	308001824.000
10/21/2010	16.37	16.66	15.76	16.11	3727446	91955392.000
10/22/2010	16.12	17.02	15.93	16.38	4437271	111426632.000
10/25/2010	16.47	17.19	16.47	17.02	4850041	124623320.000
10/26/2010	17.11	17.24	16.59	16.99	3100726	79212032.000
10/27/2010	16.86	18.32	16.79	17.27	5237247	140366736.000
10/28/2010	17.42	18.24	16.84	18.11	5202145	138009648.000
10/29/2010	18.43	19.94	18.43	19.94	10901047	324802144.000
11/01/2010	19.94	21.96	19.80	21.18	10320149	332045696.000
11/02/2010	21.16	21.19	19.66	19.82	9338518	285500832.000
11/03/2010	19.12	19.37	18.24	18.26	6630583	188773664.000
11/04/2010	18.26	18.88	18.00	18.59	4550231	127762280.000
11/05/2010	18.86	19.02	18.32	18.49	3532147	99104944.000
11/08/2010	18.57	20.26	18.56	19.72	5226113	154053808.000
11/09/2010	19.79	19.96	19.24	19.58	2825967	83532664.000
11/10/2010	19.46	20.05	19.42	19.57	2766672	82590016.000
11/11/2010	19.26	19.54	18.76	18.84	4063673	118025424.000
11/12/2010	18.52	18.72	17.12	17.26	4123379	112401320.000
11/15/2010	17.79	18.44	17.54	18.32	3557245	97921808.000
11/16/2010	18.86	19.52	17.66	18.35	6229708	177318896.000
11/17/2010	18.42	19.42	18.42	18.98	5992335	173396080.000
11/18/2010	19.02	19.79	18.59	19.62	5791715	170362112.000
11/19/2010	19.98	20.08	19.30	19.93	5884917	176371680.000
11/22/2010	19.51	21.18	19.44	20.20	9700555	296118528.000
11/23/2010	19.86	19.99	18.20	19.12	6875498	198329248.000
11/24/2010	18.79	19.49	18.66	19.31	4154504	121143624.000
11/25/2010	19.31	19.44	18.40	18.92	4738136	135488240.000
11/26/2010	18.92	19.22	18.62	18.96	2853876	82043168.000
11/29/2010	18.92	19.46	18.85	19.46	3052002	89199032.000
11/30/2010	19.46	19.46	17.79	18.19	4315183	120604296.000
12/01/2010	18.13	18.37	17.83	17.92	1678771	45960868.000
12/02/2010	18.19	18.32	17.89	17.97	1783451	48819456.000
12/03/2010	17.96	17.96	17.45	17.53	2629442	70133736.000
12/06/2010	17.71	17.74	16.92	17.04	2226229	58244676.000
12/07/2010	17.28	17.94	17.14	17.88	2879459	76878176.000
12/08/2010	17.76	18.56	17.55	18.34	5248953	145781600.000
12/09/2010	18.00	18.32	17.64	17.66	2499073	67793728.000
12/10/2010	17.79	18.44	17.72	18.16	2822025	77975304.000
12/13/2010	18.22	18.90	18.16	18.79	3555942	101131904.000
12/14/2010	19.13	19.71	19.06	19.49	5041422	147884448.000
12/15/2010	19.65	19.65	18.92	18.99	2862459	83251136.000
12/16/2010	18.84	19.42	18.82	19.03	1814521	52823508.000
12/17/2010	18.80	19.20	18.80	19.16	1559702	45149080.000
12/20/2010	19.16	19.29	17.71	18.32	2723604	76296216.000
12/21/2010	18.39	18.40	17.92	18.36	1962322	54092124.000
12/22/2010	18.44	18.56	18.03	18.51	1739062	48285820.000
12/23/2010	18.58	18.58	17.86	17.98	1286737	35634280.000
12/24/2010	17.90	18.12	17.30	18.07	1538782	41454952.000
12/27/2010	17.99	18.32	17.14	17.38	1685181	45411380.000
12/28/2010	17.16	17.36	16.53	16.53	1959160	50510316.000
12/29/2010	16.66	17.44	16.53	17.38	1678926	43829368.000
12/30/2010	17.26	18.08	17.26	17.96	2941135	79675776.000
12/31/2010	17.92	18.25	17.80	18.16	1239008	33998180.000
01/04/2011	18.31	18.38	17.95	18.22	1581317	43610540.000
01/05/2011	18.18	19.12	17.99	19.03	3544974	100665136.000
01/06/2011	19.03	19.32	18.59	18.62	2159345	62047852.000
01/07/2011	18.56	18.91	18.28	18.71	1489183	42005048.000
01/10/2011	18.59	18.72	17.46	17.66	1785220	49034496.000
01/11/2011	17.46	17.72	17.39	17.52	1438570	38366420.000
01/12/2011	17.66	18.03	17.12	17.62	1313165	35059716.000
01/13/2011	17.85	18.03	17.63	17.77	1157364	31229274.000
01/14/2011	17.74	17.96	17.53	17.71	979339	26400394.000
01/17/2011	17.59	17.79	16.11	16.12	1839642	47571052.000
01/18/2011	16.12	16.19	15.68	15.92	1914764	46136592.000
01/19/2011	16.12	16.68	15.93	16.38	1315732	32867270.000
01/20/2011	16.26	16.52	16.00	16.02	1550643	38279044.000
01/21/2011	15.81	16.31	15.79	15.87	915484	22304952.000
01/24/2011	15.88	15.99	15.12	15.48	1402639	32834494.000
01/25/2011	15.59	15.66	14.86	15.66	825835	19043582.000
01/26/2011	15.48	15.92	15.42	15.82	462586	11091188.000
01/27/2011	15.82	16.10	15.52	16.01	838537	20261542.000
01/28/2011	15.92	16.25	15.80	16.08	900157	21903356.000
01/31/2011	16.06	16.06	15.64	15.77	1564369	37480808.000
02/01/2011	15.79	15.99	15.75	15.81	1045800	25196824.000
02/09/2011	15.78	15.94	15.52	15.78	791255	18973140.000
02/10/2011	16.12	16.46	16.03	16.45	1987297	49103376.000
02/11/2011	16.46	16.83	16.32	16.52	1744764	43823420.000
02/14/2011	16.52	16.78	16.33	16.72	1853085	46648436.000
02/15/2011	16.74	16.92	16.52	16.55	2286216	58007284.000
02/16/2011	16.55	16.70	16.32	16.65	1922222	48330944.000
02/17/2011	16.68	17.04	16.66	16.85	2640932	67454360.000
02/21/2011	16.44	16.62	16.34	16.62	2993751	74971040.000
02/22/2011	16.70	16.70	15.51	15.56	3098350	75476136.000
02/23/2011	15.54	15.77	15.45	15.68	1577377	37376608.000
02/24/2011	15.62	16.06	15.50	15.79	1565897	37680024.000
02/25/2011	16.05	16.12	15.74	16.03	1639206	39854176.000
02/28/2011	16.09	16.36	16.09	16.16	1663589	41001064.000
03/01/2011	16.13	16.75	16.07	16.45	3151099	78446016.000
03/02/2011	16.49	16.66	16.12	16.28	1873220	46578420.000
03/03/2011	16.28	16.46	15.59	15.65	1732054	42090060.000
03/04/2011	15.67	15.85	15.24	15.83	2630516	61845964.000
03/07/2011	15.82	15.82	15.44	15.58	2469929	58567844.000
03/08/2011	15.64	15.97	15.62	15.95	2216251	53273576.000
03/09/2011	15.92	15.98	15.66	15.74	1843243	44181012.000
03/10/2011	15.77	16.64	15.74	16.34	4106189	101890904.000
03/11/2011	16.20	16.62	16.18	16.36	2905015	72324256.000
03/14/2011	16.07	16.54	16.07	16.46	1830279	45580640.000
03/15/2011	16.46	16.59	15.79	16.18	2116793	51774260.000
03/16/2011	16.16	16.63	16.16	16.56	2289173	57237644.000
03/17/2011	16.56	16.72	16.23	16.42	2338406	58606208.000
03/18/2011	16.58	16.66	16.39	16.57	1357435	34112924.000
03/21/2011	16.52	16.64	16.12	16.12	1549534	38483572.000
03/22/2011	16.18	16.24	15.72	15.79	2464531	59390904.000
03/23/2011	15.88	15.99	15.61	15.85	2309302	55334280.000
03/24/2011	15.84	15.84	15.59	15.72	2796091	66562508.000
03/25/2011	15.69	15.86	15.52	15.83	1430448	34266768.000
03/28/2011	15.83	15.91	15.25	15.27	2757230	64804528.000
03/29/2011	15.30	15.46	14.93	15.02	2440285	56365728.000
03/30/2011	14.92	15.12	14.80	14.84	1289665	29402480.000
03/31/2011	14.99	15.11	14.53	14.85	1856495	41829508.000
04/01/2011	14.85	14.99	14.66	14.97	911638	20513272.000
04/06/2011	15.02	15.11	14.33	14.51	2102073	46696028.000
04/07/2011	14.51	14.79	14.43	14.76	880143	19550590.000
04/08/2011	14.72	15.12	14.56	14.94	1300859	29508230.000
04/11/2011	14.94	15.06	14.67	14.68	1033720	23286236.000
04/12/2011	14.78	14.98	14.67	14.79	1073987	24206614.000
04/13/2011	14.88	15.10	14.78	15.06	1604416	36546304.000
04/14/2011	15.10	15.10	14.74	14.78	1131210	25590608.000
04/15/2011	14.79	14.84	14.33	14.76	1201173	26724780.000
04/18/2011	14.72	14.74	14.52	14.66	831410	18464532.000
04/19/2011	14.59	14.59	14.20	14.28	1143687	24895002.000
04/21/2011	14.49	14.72	14.48	14.58	1330381	29507692.000
04/22/2011	14.55	14.62	14.29	14.44	1060661	23282506.000
04/25/2011	14.49	14.51	13.60	13.61	1857797	39424024.000
04/26/2011	13.62	13.67	13.12	13.13	1800000	36375940.000
04/27/2011	13.14	13.32	13.06	13.16	1188336	23825360.000
04/28/2011	13.19	13.19	12.46	12.58	1518100	29525606.000
04/29/2011	12.60	13.00	12.60	12.96	984663	19189362.000
05/03/2011	12.98	13.10	12.88	13.06	422701	8380434.500
05/04/2011	13.06	13.09	12.78	12.96	501397	9899098.000
05/05/2011	12.91	13.21	12.91	13.08	775865	15465591.000
05/06/2011	13.02	13.32	12.79	13.22	1035817	20797832.000
05/09/2011	13.23	13.56	13.13	13.23	1170429	15700379.000
05/10/2011	13.23	13.34	12.95	13.22	885308	11681615.000
05/11/2011	13.18	13.25	12.99	13.08	795815	10560515.000
05/12/2011	13.08	13.08	12.58	12.74	1944875	25021116.000
05/13/2011	12.75	13.07	12.62	13.06	1029446	13321915.000
05/17/2011	13.74	13.96	12.71	13.09	4510014	60221548.000
05/18/2011	12.76	13.18	12.76	12.91	2780903	36581788.000
05/19/2011	12.91	13.04	12.52	12.61	1847549	23841188.000
05/20/2011	12.63	12.79	12.16	12.48	1575307	19845194.000
05/23/2011	12.39	12.52	12.06	12.18	1572537	19395188.000
05/24/2011	12.09	12.75	11.78	12.56	2646905	33091566.000
05/25/2011	12.59	12.59	12.03	12.07	1366959	16929690.000
05/26/2011	12.07	12.31	12.07	12.12	1311819	16183787.000
05/27/2011	11.94	12.35	11.94	12.07	1236613	15249146.000
05/30/2011	12.01	12.66	11.76	12.35	2790367	34837648.000
05/31/2011	12.44	12.55	12.16	12.33	2686332	33542130.000
06/01/2011	12.51	12.51	12.28	12.41	1568500	19655176.000
06/02/2011	12.24	12.24	11.92	12.06	1574913	19206790.000
06/03/2011	12.07	12.48	12.01	12.36	1460464	18171254.000
06/07/2011	12.21	12.51	12.21	12.35	975840	12227205.000
06/08/2011	12.36	12.41	12.06	12.25	942907	11652058.000
06/09/2011	12.25	12.33	11.76	11.78	1804398	21854082.000
06/10/2011	11.78	11.84	11.50	11.63	997208	11711719.000
06/13/2011	11.63	11.79	11.40	11.71	787550	9255549.000
06/15/2011	12.03	12.27	11.85	11.87	3967257	48071752.000
06/16/2011	11.66	11.72	11.36	11.56	980768	11516304.000
06/17/2011	11.46	11.56	11.27	11.39	779484	9011175.000
06/20/2011	11.21	11.40	11.18	11.23	826887	9422444.000
06/21/2011	11.36	11.43	11.03	11.16	1745845	19754260.000
06/22/2011	11.19	11.41	11.08	11.26	3508961	40063940.000
06/23/2011	11.27	11.59	10.86	11.51	3057200	35071408.000
06/24/2011	11.40	11.90	11.37	11.84	3588985	42511956.000
06/27/2011	11.78	12.15	11.78	11.84	2587872	31250422.000
06/28/2011	11.88	12.53	11.83	12.38	6798074	84439936.000
06/29/2011	12.30	12.61	12.16	12.17	3419646	42932116.000
06/30/2011	12.30	12.51	12.18	12.41	1934248	24171430.000
07/01/2011	12.61	12.92	12.44	12.71	4479567	57724808.000
07/04/2011	12.80	12.93	12.66	12.93	3595978	46503368.000
07/05/2011	12.96	13.44	12.96	13.26	5613547	75234552.000
07/06/2011	13.52	13.73	13.26	13.73	4891454	66753384.000
07/07/2011	13.74	14.23	13.49	13.97	4841894	68041544.000
07/08/2011	13.87	14.01	13.72	13.74	2647466	36934584.000
07/11/2011	13.63	14.13	13.51	14.03	2472522	34577884.000
07/12/2011	13.87	13.91	13.57	13.60	3157990	43817012.000
07/13/2011	13.60	13.93	13.60	13.87	1806575	25103610.000
07/14/2011	13.87	14.21	13.87	14.16	3274799	46659668.000
07/15/2011	14.16	14.55	14.07	14.54	4155214	60408060.000
07/18/2011	14.54	14.54	13.98	14.11	3920529	56230340.000
07/19/2011	13.89	14.16	13.66	14.00	2426746	34036116.000
07/20/2011	14.10	14.31	13.86	14.05	1517160	21570254.000
07/21/2011	14.00	14.17	13.79	13.87	1891857	26734436.000
07/22/2011	13.92	14.02	13.71	13.93	1531575	21437488.000
07/25/2011	13.86	14.34	13.27	13.33	2887165	40523416.000
07/26/2011	13.21	13.33	12.87	13.14	1863722	24717208.000
07/27/2011	13.15	14.19	13.04	14.03	3718768	51729216.000
07/28/2011	13.96	14.81	13.89	14.74	7960947	116272680.000
07/29/2011	14.65	15.13	14.46	14.86	8566559	128973048.000
08/01/2011	14.68	14.94	14.52	14.77	3311165	49285084.000
08/02/2011	14.56	15.06	14.12	15.04	4160755	61354016.000
08/03/2011	14.90	15.52	14.76	14.91	4232906	65069384.000
08/04/2011	14.91	15.15	14.56	15.05	3297256	49388808.000
08/05/2011	14.64	14.94	14.34	14.69	2210206	32929288.000
08/08/2011	14.36	14.49	13.32	13.82	3387934	47744076.000
08/09/2011	13.36	13.94	12.99	13.78	3384176	46469552.000
08/10/2011	14.00	14.29	13.88	14.12	1827794	25989186.000
08/11/2011	13.77	14.60	13.62	14.54	3102423	44995692.000
08/12/2011	14.66	14.90	14.49	14.61	1902995	28204602.000
08/15/2011	14.58	15.97	14.58	15.72	8252375	128683312.000
08/16/2011	15.57	16.09	15.44	15.66	5041705	80349864.000
08/17/2011	15.58	16.36	15.52	15.67	6291562	101145888.000
08/18/2011	15.54	15.96	14.92	15.32	3916129	61034708.000
08/19/2011	14.87	15.78	14.86	15.61	3958010	61257976.000
08/22/2011	16.16	16.34	15.19	15.21	5897107	93575328.000
08/23/2011	15.39	15.94	15.26	15.66	5016068	79260464.000
08/24/2011	15.84	16.64	15.84	16.36	8742943	143869968.000
08/25/2011	16.29	16.61	15.96	16.36	4466852	73124432.000
08/26/2011	16.36	16.46	16.06	16.21	4002518	65577528.000
08/29/2011	16.21	16.21	15.69	15.69	3655565	58543292.000
08/30/2011	15.86	16.04	15.51	15.54	3661379	58205880.000
09/01/2011	15.66	15.83	15.29	15.57	2619828	40789908.000
09/02/2011	15.56	15.56	14.85	14.96	3214495	48806412.000
09/05/2011	14.76	14.76	14.01	14.50	3502620	50850144.000
09/06/2011	14.36	14.46	13.86	14.19	2653889	37930700.000
09/07/2011	14.34	14.71	14.26	14.67	3480207	50862556.000
09/08/2011	14.76	15.11	14.51	14.75	3001637	44898740.000
09/09/2011	14.75	14.96	14.39	14.66	1702218	25203744.000
09/13/2011	14.57	14.57	14.16	14.20	1587455	22888786.000
09/14/2011	14.32	14.73	14.30	14.73	1912015	28008592.000
09/15/2011	14.75	14.84	14.47	14.60	1775805	26311822.000
09/16/2011	14.65	14.74	14.51	14.60	1422963	20995258.000
09/19/2011	14.58	14.58	14.06	14.25	1524757	22111048.000
09/20/2011	14.14	14.30	13.96	14.13	872640	12458853.000
09/21/2011	14.21	14.66	14.11	14.51	1973811	28784000.000
09/22/2011	14.46	14.81	14.26	14.26	2279149	33491842.000
09/23/2011	13.76	14.15	13.57	13.86	1762614	24615156.000
09/26/2011	13.78	14.06	13.46	13.51	1729672	24137848.000
09/27/2011	13.72	14.08	13.56	13.66	2993871	41984488.000
09/28/2011	13.86	13.93	13.61	13.63	1140976	15839003.000
09/29/2011	13.63	13.63	13.01	13.16	1415473	19093480.000
09/30/2011	13.54	13.54	12.77	13.21	1152666	15182452.000
10/10/2011	13.36	13.36	12.71	13.00	1520427	19835184.000
10/11/2011	13.39	13.46	12.77	12.95	1506663	19895642.000
10/12/2011	12.95	13.60	12.54	13.50	2384607	31470936.000
10/13/2011	13.46	13.96	13.46	13.79	1901939	26498874.000
10/14/2011	13.79	13.79	13.41	13.79	1324939	18119962.000
10/17/2011	13.76	13.96	13.66	13.74	1358792	18974922.000
10/18/2011	13.76	13.83	13.28	13.32	1164622	15989563.000
10/19/2011	13.49	14.21	13.32	13.91	4207441	58477876.000
10/20/2011	13.66	13.90	13.24	13.49	2255387	30916098.000
10/21/2011	13.73	13.73	12.13	12.76	3441097	43845896.000
10/24/2011	12.62	12.86	12.23	12.66	2398054	30451954.000
10/25/2011	12.76	13.21	12.54	13.14	2697451	35128428.000
10/26/2011	13.19	13.63	12.84	13.36	4042099	54056604.000
10/27/2011	13.45	13.85	13.27	13.66	2886066	39761692.000
10/28/2011	13.76	13.91	13.36	13.87	5271382	72728984.000
10/31/2011	13.92	14.68	13.86	14.62	4784491	69479688.000
11/01/2011	14.56	14.93	14.28	14.54	4643276	68942528.000
11/02/2011	14.32	15.12	14.25	15.05	5199931	77986312.000
11/03/2011	15.35	16.06	15.20	15.20	7717952	121518320.000
11/04/2011	15.16	15.61	15.10	15.22	2502942	38571896.000
11/07/2011	15.33	15.33	14.74	14.91	2935743	44260520.000
11/08/2011	14.81	14.98	14.59	14.66	1408682	21027852.000
11/09/2011	14.68	15.14	14.30	15.14	3058374	45584636.000
11/10/2011	14.92	15.61	14.91	15.11	4725922	73233176.000
11/11/2011	15.17	15.29	14.76	14.95	2193360	33310092.000
11/14/2011	15.11	15.48	15.07	15.36	2702406	41744444.000
11/15/2011	15.56	15.64	15.36	15.44	2865119	44781080.000
11/16/2011	15.54	15.54	14.78	14.86	2703284	41108700.000
11/17/2011	14.98	15.26	14.95	14.95	2176829	33171712.000
11/18/2011	14.91	14.95	14.38	14.47	1489449	21969582.000
11/21/2011	14.47	14.64	14.08	14.23	1665140	23974982.000
11/22/2011	14.17	14.38	13.88	14.24	2282087	32673616.000
11/23/2011	14.36	14.36	14.00	14.11	1222101	17485866.000
11/24/2011	13.91	14.24	13.77	14.01	2413273	34018304.000
11/25/2011	13.96	14.20	13.77	13.84	1391979	19612384.000
11/28/2011	13.66	13.92	13.24	13.47	2068138	28338644.000
11/29/2011	13.71	14.11	13.66	14.04	2183023	30674446.000
11/30/2011	13.96	14.04	13.39	13.54	1710422	23628054.000
12/01/2011	14.21	14.26	13.82	13.87	1783469	25365928.000
12/02/2011	13.86	13.91	13.61	13.66	1438489	19939924.000
12/05/2011	13.64	13.64	12.92	13.22	1589004	21340366.000
12/06/2011	13.06	13.76	13.03	13.76	2446420	33203898.000
12/07/2011	13.62	14.16	13.61	13.86	1322904	18662120.000
12/08/2011	13.96	14.21	13.61	13.96	982133	13864475.000
12/09/2011	14.04	14.26	13.88	13.91	909014	12923143.000
12/12/2011	13.94	14.31	13.79	14.04	1783859	25404268.000
12/13/2011	13.93	14.01	13.37	13.37	1397909	19142540.000
12/14/2011	13.47	13.59	13.04	13.17	707813	9492396.000
12/15/2011	12.98	13.20	12.36	12.36	1281018	16639123.000
12/16/2011	12.46	13.04	12.39	13.00	1320615	16946004.000
12/19/2011	12.96	13.32	12.84	13.28	1061569	14055540.000
12/20/2011	13.26	13.38	13.13	13.17	751025	10061052.000
12/21/2011	13.33	13.42	12.86	12.86	1727826	22958376.000
12/22/2011	12.55	12.85	11.99	12.67	2167573	27134918.000
12/23/2011	12.85	13.24	12.59	12.77	1514205	19787768.000
12/26/2011	12.87	12.96	12.67	12.75	1067034	13851917.000
12/27/2011	12.74	12.74	11.86	12.14	1915403	23623872.000
12/28/2011	12.09	12.13	11.41	11.83	1756865	20772596.000
12/29/2011	11.74	11.99	11.35	11.66	1932379	22700940.000
12/30/2011	11.71	11.86	11.46	11.61	2511140	29600182.000
01/04/2012	11.68	11.85	11.11	11.13	1475152	17187574.000
01/05/2012	10.95	11.10	10.26	10.31	1841927	19885518.000
01/06/2012	10.26	10.46	9.74	10.36	2607046	26422172.000
01/09/2012	10.35	10.77	10.19	10.72	2648192	28187200.000
01/11/2012	11.25	11.45	10.94	11.10	5245750	59423700.000
01/12/2012	10.93	11.12	10.75	10.77	3300250	36338100.000
01/13/2012	10.84	10.92	9.68	9.82	4833650	49404216.000
01/16/2012	9.61	9.61	8.82	8.82	6239670	56978436.000
01/17/2012	8.56	9.21	8.27	9.18	9118945	81203224.000
01/18/2012	9.09	9.22	8.52	8.59	5553881	49890516.000
01/19/2012	8.46	9.03	8.34	8.88	4425314	39683024.000
01/20/2012	8.87	9.29	8.87	9.23	3478444	32209792.000
01/30/2012	9.27	9.42	9.12	9.17	3044962	28694314.000
01/31/2012	9.17	9.17	8.75	9.07	1708751	15553081.000
02/01/2012	9.01	9.39	8.99	9.13	2311266	21707246.000
02/02/2012	9.21	9.41	9.13	9.37	1901587	17952750.000
02/03/2012	9.40	9.75	9.33	9.61	3315480	32255958.000
02/06/2012	9.66	10.22	9.66	9.99	4658683	47027972.000
02/07/2012	9.99	10.16	9.79	10.14	4216619	42767516.000
02/08/2012	10.11	10.29	9.99	10.26	2814408	29062626.000
02/09/2012	10.26	10.37	10.08	10.16	2593627	26923556.000
02/10/2012	10.22	10.35	10.08	10.09	2345488	24163696.000
02/13/2012	9.97	10.65	9.90	10.53	4055013	42738268.000
02/14/2012	10.60	10.61	10.29	10.44	2597157	27501790.000
02/15/2012	10.45	10.96	10.45	10.74	6599048	71381584.000
02/16/2012	10.66	11.72	10.61	11.13	8990875	101172104.000
02/17/2012	11.01	11.12	10.74	10.87	5592822	61643120.000
02/20/2012	11.06	11.09	10.92	10.97	3836709	42708900.000
02/21/2012	10.89	10.98	10.56	10.96	4138353	45084468.000
02/22/2012	11.05	11.24	10.96	11.22	4832862	54514244.000
02/23/2012	11.19	11.34	10.90	11.06	4638228	52137532.000
02/24/2012	11.03	11.22	11.00	11.11	3478766	39130180.000
02/27/2012	11.13	11.31	11.04	11.06	4217201	47692396.000
02/28/2012	10.97	11.06	10.45	10.53	8746173	94129256.000
02/29/2012	10.54	10.60	10.13	10.32	5445983	56937632.000
03/01/2012	10.30	10.61	10.25	10.50	4715520	49918212.000
03/02/2012	10.54	10.89	10.49	10.87	4886889	53318532.000
03/05/2012	10.96	11.02	10.77	10.82	3189246	35041944.000
03/06/2012	10.79	11.12	10.48	11.04	4841880	53090556.000
03/07/2012	10.88	11.07	10.72	10.74	3875560	43013440.000
03/08/2012	10.73	10.92	10.70	10.80	3669178	40138704.000
03/09/2012	10.80	11.09	10.76	11.05	3776446	41934452.000
03/12/2012	11.16	11.27	11.06	11.25	3612204	40879156.000
03/13/2012	11.25	11.30	11.00	11.24	3632371	40951920.000
03/14/2012	11.33	11.40	10.58	10.62	6210248	69944664.000
03/15/2012	10.62	10.72	10.09	10.27	3732530	39266684.000
03/16/2012	10.28	10.53	10.17	10.51	3766032	39594872.000
03/19/2012	10.51	10.64	10.41	10.59	2660488	28426288.000
03/20/2012	10.58	10.64	10.12	10.12	3179666	33182940.000
03/21/2012	10.15	10.25	9.75	9.98	3087824	31221422.000
03/22/2012	9.98	10.07	9.82	9.86	2419307	24335086.000
03/23/2012	9.92	9.92	9.71	9.77	2204636	21906172.000
03/26/2012	9.74	9.90	9.73	9.79	2100703	20875520.000
03/27/2012	9.87	10.05	9.62	9.66	3678134	36757476.000
03/28/2012	9.57	9.63	8.91	9.08	3798343	35812964.000
03/29/2012	8.91	9.40	8.91	9.31	5107110	47446900.000
03/30/2012	9.22	9.53	9.21	9.49	4636231	44344560.000
04/05/2012	9.50	9.87	9.35	9.79	3641533	35857604.000
04/06/2012	9.74	10.04	9.74	9.84	3353689	33707580.000
04/09/2012	9.77	10.03	9.75	9.78	2453918	24606846.000
04/10/2012	9.67	9.89	9.47	9.81	2919201	28717582.000
04/11/2012	9.64	9.97	9.64	9.76	3467775	34408052.000
04/12/2012	9.72	10.19	9.72	10.15	4391383	44531804.000
04/13/2012	10.19	10.31	10.07	10.25	4349677	45017604.000
04/16/2012	10.09	10.39	10.06	10.29	4330717	45107052.000
04/17/2012	10.26	10.35	10.06	10.06	3328779	34428660.000
04/19/2012	10.30	10.90	10.19	10.58	9244457	98418512.000
04/20/2012	10.44	10.83	10.44	10.66	5632026	60700116.000
04/23/2012	10.57	10.73	9.91	10.08	7713723	79884320.000
04/24/2012	9.99	10.08	9.46	9.76	5743875	56873468.000
04/25/2012	9.73	10.04	9.66	9.97	3015151	30093632.000
04/26/2012	9.96	9.96	9.41	9.54	5392571	52657548.000
04/27/2012	9.54	9.74	9.44	9.58	2856151	27824046.000
05/02/2012	9.72	9.76	9.52	9.64	4076119	39798916.000
05/03/2012	9.69	9.75	9.48	9.63	2905416	28312050.000
05/04/2012	9.69	10.03	9.68	9.96	5493745	55178992.000
05/07/2012	9.85	10.17	9.85	10.16	4545811	46109596.000
05/08/2012	10.18	10.22	10.01	10.09	3144509	31989758.000
05/09/2012	10.01	10.02	9.71	9.82	3079283	30616472.000
05/10/2012	9.86	9.98	9.78	9.87	2274580	22693366.000
05/11/2012	9.87	10.05	9.78	9.79	2352734	23550010.000
05/14/2012	9.91	10.00	9.73	9.82	2601281	25902192.000
05/15/2012	9.74	10.09	9.67	10.07	4166525	41700704.000
05/16/2012	10.06	10.07	9.89	9.94	2304151	23156958.000
05/17/2012	9.91	10.12	9.76	10.06	3141151	31515966.000
05/18/2012	9.93	10.01	9.78	9.82	1918213	19130452.000
05/21/2012	9.90	10.24	9.86	10.13	4364971	44432288.000
05/22/2012	10.19	10.60	10.06	10.51	6735897	70527272.000
05/23/2012	10.52	10.77	10.44	10.60	6199551	66274428.000
05/24/2012	10.58	10.88	10.41	10.50	4688086	50258468.000
05/25/2012	10.45	10.84	10.45	10.60	4648273	50152024.000
05/28/2012	10.52	10.96	10.33	10.93	5879213	63347144.000
05/29/2012	11.01	11.29	10.89	11.16	7557441	84599432.000
05/30/2012	11.11	11.21	10.94	11.07	3585087	40023324.000
05/31/2012	10.98	11.36	10.96	11.15	4675172	52773448.000
06/01/2012	11.26	11.29	11.09	11.13	3291018	37090736.000
06/04/2012	10.91	10.96	10.57	10.63	5397890	58483280.000
06/05/2012	10.63	10.77	10.44	10.58	1789179	19144442.000
06/06/2012	10.60	11.18	10.60	10.81	6341598	69920824.000
06/07/2012	10.91	11.17	10.76	10.78	4670413	51624760.000
06/08/2012	10.83	10.91	10.57	10.70	1898011	20566454.000
06/11/2012	10.71	11.27	10.71	11.26	4962586	55478692.000
06/12/2012	11.22	11.37	11.15	11.21	2907853	32993528.000
06/13/2012	11.26	11.39	11.16	11.36	4466277	50824756.000
06/14/2012	11.31	11.36	10.80	10.80	4946016	55148776.000
06/19/2012	10.95	11.26	10.35	10.41	12191527	132213936.000
06/20/2012	10.29	10.49	10.13	10.21	6226793	64559444.000
06/21/2012	10.22	10.36	10.09	10.28	2984949	30809144.000
06/25/2012	10.56	10.71	10.23	10.29	6023684	63606016.000
06/26/2012	10.09	10.10	9.31	9.77	5860426	57201972.000
06/27/2012	9.69	9.94	9.61	9.73	2603235	25713134.000
06/28/2012	9.73	10.19	9.71	9.91	7895680	79233584.000
06/29/2012	9.86	9.97	9.62	9.91	3446889	34227248.000
07/02/2012	9.98	10.27	9.88	10.15	4221176	43140976.000
07/03/2012	10.19	10.88	10.06	10.68	7907369	84906192.000
07/04/2012	10.64	10.75	10.44	10.70	3247235	34675644.000
07/05/2012	10.61	10.96	10.41	10.47	3002276	32239026.000
07/06/2012	10.58	10.71	10.06	10.61	4091382	42748332.000
07/09/2012	10.53	10.83	10.43	10.53	3909850	41966260.000
07/10/2012	10.52	10.99	10.51	10.79	6437834	70273872.000
07/11/2012	10.74	11.21	10.73	11.03	4183530	46615560.000
07/12/2012	11.41	11.69	11.02	11.15	9727163	110955200.000
07/13/2012	11.11	11.57	11.07	11.51	5468015	62834192.000
07/16/2012	11.49	11.89	11.27	11.46	8011309	93477048.000
07/17/2012	11.35	11.45	11.06	11.40	4142209	47140216.000
07/18/2012	11.41	11.70	11.11	11.53	4683166	53566896.000
07/19/2012	11.59	12.09	11.47	11.82	9556066	114348648.000
07/20/2012	11.79	12.05	11.66	11.79	4675997	55805964.000
07/23/2012	11.69	11.99	11.48	11.84	3853448	45779756.000
07/24/2012	11.76	12.11	11.32	11.41	7308819	86289032.000
07/25/2012	11.46	11.79	11.26	11.61	4680170	54545692.000
07/26/2012	11.62	11.98	11.49	11.82	4826784	57127240.000
07/27/2012	11.82	11.96	11.20	11.29	7066465	82130648.000
07/30/2012	11.37	11.49	11.03	11.32	3945416	44998740.000
07/31/2012	11.21	11.36	11.00	11.17	2364041	26623844.000
08/01/2012	11.26	11.66	11.21	11.55	3409481	39574812.000
08/02/2012	11.50	11.80	11.46	11.78	3896037	45712772.000
08/03/2012	11.81	12.27	11.72	12.24	6216881	75331104.000
08/06/2012	12.16	12.85	12.11	12.83	8572455	108142088.000
08/07/2012	12.71	12.99	12.68	12.83	7002810	90640624.000
08/08/2012	12.76	12.98	12.56	12.90	5141944	66336788.000
08/09/2012	12.91	13.46	12.73	13.41	7488396	99530624.000
08/10/2012	13.27	13.52	13.12	13.46	5054157	68106928.000
08/13/2012	13.45	13.46	12.92	13.05	4221407	56099708.000
08/14/2012	13.05	13.53	12.75	13.50	6456252	85241456.000
08/15/2012	13.39	13.96	13.23	13.41	5904357	80877384.000
08/16/2012	13.22	13.60	13.12	13.26	1987879	26703298.000
08/17/2012	13.21	13.32	12.53	13.04	4922697	63455608.000
08/20/2012	12.85	13.36	12.63	13.33	2950429	38786288.000
08/21/2012	13.43	13.86	13.24	13.69	4838899	66355352.000
08/22/2012	13.69	14.11	13.47	13.49	4453726	61973032.000
08/23/2012	13.42	14.30	13.42	13.81	4765442	65983312.000
08/24/2012	13.79	14.07	13.59	13.69	3177227	44081836.000
08/27/2012	13.68	13.68	13.04	13.46	3871990	51951028.000
08/28/2012	13.36	13.74	13.16	13.31	3180266	43115964.000
08/29/2012	13.32	14.06	13.25	13.96	5097500	70853040.000
08/30/2012	13.88	13.99	12.82	13.42	6516497	87479496.000
08/31/2012	13.22	13.40	12.68	13.17	3054861	40128196.000
09/03/2012	13.11	14.11	12.94	13.42	2296962	31069494.000
09/04/2012	13.46	13.77	13.27	13.35	2578967	35070900.000
09/05/2012	13.69	14.10	13.44	13.91	6506602	90565888.000
09/06/2012	14.10	14.24	13.56	13.89	5383636	74892664.000
09/07/2012	13.97	14.41	13.76	14.24	9405596	133068552.000
09/10/2012	14.56	15.11	14.31	14.56	10371122	153094800.000
09/11/2012	14.61	15.05	14.53	14.76	6075409	90256784.000
09/12/2012	14.86	14.91	14.51	14.77	3467618	51184272.000
09/13/2012	14.65	14.79	14.23	14.26	3039356	44376924.000
09/14/2012	14.41	14.79	14.07	14.56	5499624	80081616.000
09/17/2012	14.40	14.61	13.71	13.85	3436551	48908116.000
09/18/2012	13.81	13.88	13.12	13.31	4692755	63810920.000
09/19/2012	13.31	13.58	13.21	13.31	2416491	32581440.000
09/20/2012	13.32	13.36	12.81	12.83	3006655	39614052.000
09/21/2012	12.82	13.06	12.62	12.62	2781680	35945144.000
09/24/2012	12.63	12.81	12.40	12.68	3186386	40537068.000
09/25/2012	12.67	12.72	11.91	11.93	4088837	50732904.000
09/26/2012	11.99	12.11	11.57	11.73	3805586	45310728.000
09/27/2012	11.82	12.61	11.82	12.41	6129647	75304064.000
09/28/2012	12.29	13.11	12.25	13.01	6097008	78690976.000
10/08/2012	13.05	13.28	12.87	13.06	2684187	35196152.000
10/09/2012	13.00	13.49	12.99	13.46	3907507	52393576.000
10/10/2012	13.41	13.66	13.21	13.48	3863306	52367100.000
10/11/2012	13.63	13.94	13.31	13.31	5830132	80243336.000
10/12/2012	13.51	13.56	12.87	13.43	5586460	74268976.000
10/15/2012	13.30	13.45	13.11	13.31	3021165	40356160.000
10/16/2012	13.14	13.83	13.14	13.60	3386539	46406788.000
10/17/2012	13.62	13.98	13.61	13.91	3901419	54252020.000
10/18/2012	13.89	14.19	13.82	14.01	3570890	50165752.000
10/19/2012	13.99	14.05	13.66	13.91	2297722	32026254.000
10/22/2012	13.87	14.21	13.71	14.19	1575617	22150324.000
10/23/2012	13.99	14.19	13.41	13.41	3708895	51175272.000
10/24/2012	13.31	13.39	12.87	13.13	5742880	75792432.000
10/25/2012	13.11	13.19	12.49	12.60	4183634	53754868.000
10/26/2012	12.57	12.75	12.41	12.65	3355171	42656064.000
10/29/2012	12.61	12.89	12.43	12.86	2719034	34807836.000
10/30/2012	12.87	12.87	12.59	12.75	1683429	21563706.000
10/31/2012	12.75	12.81	12.26	12.63	3093691	38858176.000
11/01/2012	12.56	12.79	12.41	12.66	3944443	50052360.000
11/02/2012	12.62	12.81	12.44	12.54	2182513	27741422.000
11/05/2012	12.59	12.61	11.91	12.25	4925021	60092012.000
11/06/2012	12.19	12.27	11.91	12.23	1983100	24157000.000
11/07/2012	12.21	12.81	12.12	12.77	5206674	65924308.000
11/08/2012	12.61	12.79	12.51	12.66	2830616	36109568.000
11/09/2012	12.58	12.73	12.01	12.02	4396105	54392004.000
11/12/2012	12.53	12.53	11.91	12.11	1802436	21945142.000
11/13/2012	11.96	12.04	11.42	11.61	2612410	30893790.000
11/14/2012	11.71	11.71	10.88	10.92	7492758	83731416.000
11/15/2012	10.90	11.14	10.73	10.79	2951852	32542156.000
11/16/2012	10.84	10.96	10.70	10.91	1240325	13575254.000
11/19/2012	10.85	11.07	10.79	11.07	764125	8415538.000
11/20/2012	11.12	11.12	10.69	10.74	1604972	17555052.000
11/21/2012	10.72	11.02	10.47	10.96	3452410	37311908.000
11/22/2012	10.91	10.92	10.61	10.71	1199296	12956503.000
11/23/2012	10.72	10.82	10.56	10.71	934757	10107432.000
11/26/2012	10.66	10.81	10.53	10.75	1100423	11849254.000
11/27/2012	10.68	10.91	10.21	10.41	2178639	23373134.000
11/28/2012	10.48	10.59	10.26	10.41	1093340	11523305.000
11/29/2012	10.48	10.53	10.01	10.11	1208611	12460475.000
11/30/2012	10.11	10.91	10.11	10.28	1307768	13685724.000
12/03/2012	10.29	10.41	9.91	9.97	773440	7924711.000
12/04/2012	9.99	10.18	9.79	10.16	1462812	14698364.000
12/05/2012	10.11	11.01	10.09	11.00	3525200	38194728.000
12/06/2012	11.40	11.60	10.93	11.14	5657343	64100896.000
12/07/2012	11.25	11.46	11.01	11.42	4804779	54409528.000
12/10/2012	11.51	11.70	11.30	11.56	4213967	48963768.000
12/11/2012	11.51	11.53	11.34	11.39	2554752	29428252.000
12/12/2012	11.37	11.42	10.93	11.28	3468573	38994740.000
12/13/2012	11.03	11.58	11.03	11.26	3582837	40680940.000
12/14/2012	11.21	12.04	11.21	11.93	6211103	73126968.000
12/17/2012	11.99	12.15	11.71	11.86	4430320	53295204.000
12/18/2012	11.81	11.98	11.39	11.48	5683602	66891908.000
12/19/2012	11.44	11.98	11.33	11.86	4587231	54504828.000
12/20/2012	11.63	11.99	11.63	11.97	3142976	37526796.000
12/21/2012	11.97	12.27	11.71	11.88	4591428	55473424.000
12/24/2012	11.84	12.46	11.79	12.43	4990570	61284528.000
12/25/2012	12.35	12.91	12.26	12.79	5710426	72867472.000
12/26/2012	12.71	13.04	12.49	12.94	5333269	68828504.000
12/27/2012	12.91	13.10	12.49	12.51	5006475	64245396.000
12/28/2012	12.40	12.51	12.03	12.40	5631052	69883560.000
12/31/2012	12.32	12.88	12.32	12.69	6304177	80487848.000
01/04/2013	12.80	13.29	12.46	13.06	5706912	74348696.000
01/07/2013	13.16	13.50	13.06	13.41	6196955	83030664.000
01/08/2013	13.52	13.78	13.32	13.39	9091867	123607328.000
01/09/2013	13.40	14.09	13.31	13.95	7972578	111097016.000
01/10/2013	13.78	14.19	13.78	14.01	6840187	96232128.000
01/11/2013	13.99	14.01	13.53	13.59	7750535	107087360.000
01/14/2013	13.51	14.16	13.46	14.14	5680608	79564824.000
01/15/2013	14.14	14.51	13.73	13.97	9658063	135691264.000
01/16/2013	14.00	14.16	13.63	14.07	5754711	79986216.000
01/17/2013	13.92	14.07	13.80	13.81	3934219	55150464.000
01/18/2013	13.81	14.50	13.81	14.48	6344690	90768016.000
01/21/2013	14.49	15.08	14.24	15.01	7111741	105659704.000
01/22/2013	14.96	14.99	14.41	14.75	4284877	63417396.000
01/23/2013	14.57	15.01	14.53	14.91	3700373	55103048.000
01/24/2013	14.91	15.05	13.92	14.11	5697315	83088056.000
01/25/2013	14.11	14.44	13.85	13.91	4618712	65599868.000
01/28/2013	13.91	14.44	13.91	14.31	3874814	55684652.000
01/29/2013	14.46	15.00	14.44	14.68	4372888	64954884.000
01/30/2013	15.20	15.40	14.63	14.70	5786813	86679920.000
01/31/2013	14.70	14.80	14.27	14.56	3544055	51635632.000
02/01/2013	14.57	14.76	14.39	14.67	3785012	55506924.000
02/04/2013	14.61	14.71	13.96	14.09	4023511	57393812.000
02/05/2013	14.06	14.44	13.81	14.44	2429044	34936132.000
02/06/2013	14.43	14.56	14.31	14.41	4173800	60591164.000
02/07/2013	14.44	14.68	14.01	14.60	5997829	85915048.000
02/08/2013	14.41	14.50	13.47	14.46	9539467	135809088.000
02/18/2013	14.36	15.89	14.36	15.81	10349302	159346736.000
02/19/2013	15.78	16.19	15.66	16.01	9152981	146599296.000
02/20/2013	15.86	16.81	15.60	16.57	7729311	127027152.000
02/21/2013	16.51	16.70	15.92	16.39	5711987	94082656.000
02/22/2013	16.39	16.79	15.97	16.25	3486357	57370356.000
02/25/2013	16.22	16.81	16.19	16.69	4154008	69309440.000
02/26/2013	16.62	17.46	16.47	17.01	6226395	106726672.000
02/27/2013	16.93	17.16	16.49	16.67	3865438	65155796.000
02/28/2013	16.79	17.24	16.66	16.79	3928668	66878484.000
03/01/2013	16.65	17.59	16.65	17.46	5045220	87867872.000
03/04/2013	17.20	17.76	16.96	17.49	3292154	57312992.000
03/05/2013	17.37	18.16	17.22	18.10	3932823	70120864.000
03/06/2013	18.13	18.61	17.81	18.41	2904728	53372680.000
03/07/2013	18.53	18.53	17.61	17.61	3788082	68222096.000
03/08/2013	17.61	17.96	16.59	17.01	5665790	97219336.000
03/11/2013	16.91	17.16	16.56	16.77	4091118	69471352.000
03/12/2013	16.90	17.01	15.98	16.30	4010394	66273204.000
03/13/2013	16.29	16.80	16.14	16.66	4927185	81443296.000
03/14/2013	16.64	16.86	16.48	16.79	2205363	36965300.000
03/15/2013	16.85	17.49	16.51	17.22	4328829	74543568.000
03/18/2013	17.20	17.21	16.75	16.93	2661936	45357804.000
03/19/2013	16.91	17.09	15.94	16.06	4325802	70549360.000
03/20/2013	16.19	17.25	16.06	17.19	3843382	63799368.000
03/21/2013	17.11	18.03	16.93	17.88	7297042	130220160.000
03/22/2013	17.91	18.60	17.89	18.25	4365446	80221808.000
03/25/2013	18.21	19.41	18.21	19.38	5878638	112205208.000
03/26/2013	19.21	19.39	18.32	19.01	4168056	78860512.000
03/27/2013	19.02	19.59	18.88	19.56	3794587	73204064.000
03/28/2013	19.31	19.81	18.79	18.86	3436743	66306764.000
03/29/2013	18.89	19.17	18.41	18.72	2646733	49553572.000
04/01/2013	18.65	19.61	18.41	19.40	3201006	61119836.000
04/02/2013	19.36	19.95	18.31	18.49	2937703	56520556.000
04/03/2013	18.50	18.66	17.90	18.10	2543514	46603108.000
04/08/2013	17.90	18.89	17.62	18.84	3105153	57607216.000
04/09/2013	18.85	19.14	18.46	18.86	2461297	46277676.000
04/10/2013	18.85	19.12	18.31	18.46	2357619	44187532.000
04/11/2013	18.52	18.67	17.94	18.01	2197527	40143084.000
04/12/2013	18.01	18.99	17.96	18.68	3888593	73000152.000
04/15/2013	18.51	18.99	18.41	18.71	2302411	43381388.000
04/16/2013	18.51	19.11	18.29	19.09	3091481	58185068.000
04/17/2013	18.99	19.87	18.79	19.82	2792886	54321324.000
04/18/2013	19.69	19.95	19.62	19.70	2055359	40866064.000
04/19/2013	19.63	20.02	19.61	20.01	2129604	42580768.000
04/22/2013	19.97	20.86	19.58	20.84	4403633	89731384.000
04/23/2013	20.82	20.90	19.79	19.85	4838277	97844544.000
04/24/2013	19.76	20.76	19.76	20.60	4345689	88928824.000
04/25/2013	20.51	20.69	19.32	19.33	4819360	96519720.000
04/26/2013	19.33	19.41	18.39	18.53	3907225	74142528.000
05/02/2013	18.52	19.37	18.22	19.35	3421589	64925796.000
05/03/2013	19.40	20.10	19.20	19.74	1980140	39374924.000
05/06/2013	19.80	20.62	19.79	20.24	2891468	58704796.000
05/07/2013	20.12	20.34	19.59	19.71	2156415	42828484.000
05/08/2013	19.81	20.07	19.27	20.04	2623153	52132608.000
05/09/2013	20.04	20.04	19.46	19.91	2153166	42560028.000
05/10/2013	20.11	20.74	19.96	20.46	3542228	72106680.000
05/13/2013	20.47	20.56	20.03	20.56	2464650	50168504.000
05/14/2013	20.47	20.60	19.81	19.98	2363710	47494512.000
05/15/2013	20.01	20.43	19.89	20.40	2541475	51424940.000
05/16/2013	20.42	21.93	20.27	21.64	7444820	158533232.000
05/17/2013	21.46	22.12	21.08	21.68	3370687	73225976.000
05/20/2013	21.81	22.83	21.79	22.42	3289370	74010928.000
05/21/2013	22.51	22.71	21.81	22.31	3066974	68203992.000
05/22/2013	22.25	22.25	20.63	21.50	6162026	132036864.000
05/23/2013	21.43	21.88	20.81	21.29	4636876	98614392.000
05/24/2013	21.26	22.29	21.26	22.12	3796086	83427288.000
05/27/2013	22.01	22.76	21.91	22.61	3793111	84762896.000
05/28/2013	22.42	22.62	20.95	20.95	4051409	87673592.000
05/29/2013	21.03	21.69	21.02	21.22	2429876	52070724.000
05/30/2013	21.07	21.93	20.89	21.84	2682663	58095728.000
05/31/2013	21.99	23.22	21.98	22.63	5355816	122292872.000
09/06/2013	24.90	24.90	24.90	24.90	180678	4506109.500
09/09/2013	27.39	27.39	26.73	27.39	23295451	636710656.000
09/10/2013	27.31	27.66	26.76	27.24	9171611	249433376.000
09/11/2013	27.02	27.05	24.52	25.56	8031434	206137648.000
09/12/2013	25.33	25.96	24.26	24.76	8086622	202121424.000
09/13/2013	24.56	25.81	24.01	25.41	5944513	148880640.000
09/16/2013	25.21	25.72	24.88	25.18	3769557	95382696.000
09/17/2013	25.04	25.18	23.46	23.65	6101914	147412800.000
09/18/2013	23.91	24.77	23.76	24.06	5172139	124966752.000
09/23/2013	24.06	25.21	23.98	24.79	4559831	112804880.000
09/24/2013	24.75	24.75	24.07	24.26	3876241	94564968.000
09/25/2013	24.26	24.26	23.51	23.66	3967528	95054512.000
09/26/2013	23.64	24.05	22.91	22.99	4361045	102141024.000
09/27/2013	22.98	23.42	22.43	22.96	3846820	88130280.000
09/30/2013	23.18	24.05	23.18	23.84	3758983	89148832.000
10/08/2013	23.85	25.55	23.84	25.21	6374859	158624464.000
10/09/2013	25.24	26.24	24.81	24.95	6656643	169987600.000
10/10/2013	25.14	25.29	23.47	23.68	6332831	153430016.000
10/11/2013	24.15	24.39	23.26	23.87	3782883	90309912.000
10/14/2013	23.95	25.34	23.95	24.96	4411313	109841888.000
10/15/2013	25.30	25.30	23.83	24.09	4230242	103275568.000
10/16/2013	24.09	24.11	22.84	23.37	3479713	81270840.000
10/17/2013	23.27	23.71	22.97	23.18	2723856	63544472.000
10/18/2013	23.18	23.84	22.96	23.67	2046262	48238268.000
10/21/2013	23.76	25.30	23.76	24.84	4139681	102782408.000
10/22/2013	24.81	25.19	23.61	23.96	3367393	81779576.000
10/23/2013	23.68	23.81	22.49	23.71	3958947	91570216.000
10/24/2013	23.51	23.85	22.96	23.19	1483698	34668940.000
10/25/2013	23.26	23.69	22.02	22.47	3601879	82455192.000
10/28/2013	22.47	22.68	21.71	22.08	3385051	74588320.000
10/29/2013	22.08	22.18	20.20	21.30	4947730	104428080.000
10/30/2013	21.16	21.44	20.86	21.23	2205608	46626512.000
10/31/2013	21.35	21.39	20.48	20.61	1756079	36571772.000
11/01/2013	20.48	21.21	20.39	21.08	1255257	26214662.000
11/04/2013	20.87	21.39	20.87	21.19	854405	18108988.000
11/05/2013	21.21	21.30	20.62	21.28	2095174	44036040.000
11/06/2013	21.15	21.38	20.26	20.26	2029393	42485512.000
11/07/2013	20.21	20.21	18.69	18.92	3985811	77574584.000
11/08/2013	18.90	19.16	18.66	18.95	1789407	33951464.000
11/11/2013	19.00	19.34	18.06	19.26	2870423	53711632.000
11/12/2013	18.99	21.19	18.99	21.19	5380964	112493720.000
11/13/2013	21.68	21.68	20.88	21.16	3892742	82667160.000
11/14/2013	21.33	22.25	21.26	21.70	4601829	100176272.000
11/15/2013	21.96	22.68	21.72	22.48	3272099	72793816.000
11/18/2013	22.43	23.19	22.26	23.05	2537304	57836372.000
11/19/2013	22.88	23.04	22.36	22.65	1633757	36992944.000
11/20/2013	22.56	23.06	22.41	23.06	1213057	27748898.000
11/28/2013	24.06	24.31	23.19	23.62	4334375	102799920.000
11/29/2013	23.62	24.51	23.46	24.11	3168330	76310272.000
12/02/2013	21.81	22.96	21.70	21.70	3572630	79132392.000
12/03/2013	20.81	21.69	19.76	21.62	3415217	70854104.000
12/04/2013	21.32	22.30	20.84	21.05	2470211	53163640.000
12/05/2013	20.93	21.35	20.26	21.26	2373545	49537712.000
12/06/2013	21.24	21.76	20.97	21.24	1294487	27753918.000
12/09/2013	21.02	21.92	21.02	21.51	1237411	26920400.000
12/10/2013	21.51	21.89	20.76	21.11	1598635	34156056.000
12/11/2013	21.01	21.34	20.80	21.10	1154534	24454000.000
12/12/2013	21.01	22.46	20.99	21.76	2391464	52553916.000
12/13/2013	21.59	22.26	21.39	22.15	1650473	36371160.000
12/16/2013	22.28	22.94	22.07	22.70	1897822	43033524.000
12/17/2013	22.64	23.15	22.36	22.64	1073925	24439608.000
12/18/2013	22.64	22.74	21.87	22.14	1076660	23940738.000
12/19/2013	22.14	22.62	22.09	22.13	789094	17657352.000
12/20/2013	22.83	23.46	22.81	23.11	2831206	65481152.000
12/23/2013	22.66	23.94	21.86	23.69	2660212	61847500.000
12/24/2013	23.47	24.16	23.47	23.86	2662786	63799624.000
12/25/2013	24.03	24.26	23.68	24.00	2500493	60075768.000
12/26/2013	24.06	24.41	23.56	23.67	2053811	49252636.000
12/27/2013	23.67	24.38	23.66	24.27	1852212	44800764.000
12/30/2013	24.44	25.20	24.28	24.89	2835400	70849968.000
12/31/2013	24.89	25.33	24.40	24.96	2257574	56208348.000
01/02/2014	24.76	25.50	24.61	25.40	1882288	47421384.000
01/03/2014	25.30	25.51	24.66	24.84	1763104	44291504.000
01/06/2014	24.71	24.95	24.06	24.15	1537780	37760800.000
01/07/2014	23.71	23.99	22.71	23.76	7682836	178977104.000
01/08/2014	24.07	24.46	23.65	24.06	7820420	188226080.000
01/09/2014	23.96	25.31	23.66	24.32	6371252	157492160.000
01/10/2014	24.02	24.54	23.14	23.65	1735864	41654800.000
01/13/2014	23.42	24.04	23.31	23.51	2291789	54155268.000
01/14/2014	23.45	24.85	23.42	24.66	4920579	119854992.000
01/15/2014	24.88	26.46	24.56	25.66	5014334	129022472.000
01/16/2014	25.46	25.76	24.92	24.96	2546515	64536464.000
01/17/2014	24.84	26.26	24.84	25.92	3813280	98259160.000
01/20/2014	25.95	26.94	25.46	25.74	2589990	68433872.000
01/21/2014	25.73	26.16	25.18	25.76	2736756	70121024.000
01/22/2014	25.78	26.95	25.66	26.86	2867041	75907968.000
01/23/2014	26.57	28.26	26.57	27.77	5169925	142868496.000
01/24/2014	27.66	29.95	27.61	29.70	3460859	99111816.000
01/27/2014	29.46	29.51	28.46	28.66	3723186	107852072.000
01/28/2014	28.47	29.36	27.57	28.34	2278039	64197032.000
01/29/2014	28.56	30.94	28.16	30.56	3203090	96385856.000
01/30/2014	30.06	31.16	29.96	30.64	2977762	90998880.000
02/07/2014	30.26	31.52	29.99	31.36	3309216	103282464.000
02/10/2014	31.01	32.53	31.01	31.56	3320726	105473912.000
02/11/2014	31.74	31.76	29.56	30.06	5407177	163943136.000
02/12/2014	30.11	30.32	28.95	29.63	3348383	98870712.000
02/13/2014	29.76	30.23	27.96	28.11	5330430	153003984.000
02/14/2014	28.17	28.86	27.89	28.63	5411430	153023936.000
02/17/2014	28.96	30.22	28.38	29.96	5375812	157356576.000
02/18/2014	29.97	31.04	29.67	30.41	3531607	107466504.000
02/19/2014	30.19	30.60	28.96	29.46	2706674	80494424.000
02/20/2014	29.36	29.58	27.89	28.02	3707073	105230368.000
02/21/2014	28.02	28.26	26.33	27.85	4237573	116636392.000
02/24/2014	27.56	28.46	27.48	28.28	2593978	72888464.000
02/25/2014	28.31	29.44	26.26	26.56	3601770	101138592.000
02/26/2014	25.96	26.54	25.33	25.81	4882618	126356936.000
02/27/2014	25.96	26.64	23.96	24.81	4570520	116598376.000
02/28/2014	24.76	26.46	23.99	26.46	3497464	88259816.000
03/03/2014	26.86	27.95	26.41	27.76	3484136	95678712.000
03/04/2014	27.41	28.70	26.36	26.96	5307138	145238608.000
03/05/2014	26.97	29.34	26.96	28.56	6030646	169638592.000
03/06/2014	28.96	30.20	28.76	29.71	7334797	216989984.000
03/07/2014	29.26	29.66	28.75	29.49	2495681	73188160.000
03/10/2014	29.14	29.14	26.61	26.82	3985246	111793104.000
03/11/2014	26.57	27.76	25.89	26.26	4449426	118563520.000
03/12/2014	26.39	27.83	25.96	27.61	3340346	91228952.000
03/13/2014	27.59	29.51	27.59	29.49	2814193	81098432.000
03/14/2014	29.30	29.79	28.85	29.36	1922627	56251048.000
03/17/2014	29.45	32.30	29.11	32.30	5152001	161048304.000
03/18/2014	32.46	33.44	32.02	32.56	3660750	120020112.000
03/19/2014	32.50	33.26	31.59	33.06	3523701	113857800.000
03/20/2014	32.76	36.36	32.51	34.37	7284575	253787568.000
03/21/2014	33.57	37.26	32.86	35.47	5830681	207347040.000
03/24/2014	35.47	37.19	32.58	33.62	4899526	167927680.000
03/25/2014	32.96	34.23	32.26	32.67	2937258	96839336.000
03/26/2014	32.73	33.35	31.97	32.76	1959178	64609248.000
03/27/2014	32.88	33.36	31.27	31.56	1999524	64009944.000
03/28/2014	31.58	31.90	30.17	31.46	2212043	68624504.000
03/31/2014	31.60	32.09	30.46	31.54	3028497	94790568.000
04/01/2014	31.31	32.67	31.05	32.19	2362658	75974104.000
04/02/2014	32.24	32.37	28.97	29.16	5550548	164600208.000
04/03/2014	28.96	29.46	28.59	29.08	2420648	70414928.000
04/04/2014	29.12	30.26	28.67	30.18	3342854	98587864.000
04/08/2014	29.96	30.24	28.84	30.04	2524872	74546160.000
04/09/2014	31.11	32.54	30.92	31.41	4106862	130052432.000
04/14/2014	34.56	34.56	32.36	32.76	4481376	148562960.000
04/15/2014	33.16	33.73	32.35	32.74	2681335	88762960.000
04/16/2014	32.30	32.94	31.71	32.50	1055052	34162024.000
04/17/2014	32.57	33.62	32.33	32.71	1792755	59331204.000
04/18/2014	32.52	34.46	32.26	34.18	2539263	85921224.000
04/21/2014	33.97	33.97	32.76	32.95	2007582	66882664.000
04/22/2014	32.81	33.16	30.27	31.21	3494061	109067080.000
04/23/2014	31.04	31.32	30.13	30.66	1463876	44998144.000
04/24/2014	30.43	30.94	29.84	29.89	1558384	47141408.000
04/25/2014	29.61	29.91	27.99	29.16	4258831	123553192.000
04/28/2014	28.71	29.15	27.66	28.86	2120947	60468660.000
04/29/2014	28.67	29.56	28.57	29.46	2004325	58760596.000
04/30/2014	29.55	29.72	27.86	28.26	2906256	82969976.000
05/05/2014	28.13	28.68	27.97	28.62	1101717	31363198.000
05/06/2014	28.79	29.61	28.61	29.56	1955107	57086936.000
05/07/2014	29.36	29.36	28.16	28.33	1409509	40479004.000
05/08/2014	28.04	28.46	26.29	26.79	3947167	107811696.000
05/09/2014	26.84	26.84	26.03	26.20	1602928	42288212.000
05/12/2014	26.47	27.44	25.87	27.17	2322012	62464740.000
05/13/2014	27.11	28.05	27.01	27.36	2006925	55459672.000
05/14/2014	27.55	28.14	27.28	27.89	1425520	39879980.000
05/15/2014	27.76	28.11	26.64	26.66	1818744	49966916.000
05/16/2014	26.46	26.62	25.43	26.13	2125917	55216504.000
05/19/2014	25.93	27.11	25.86	26.46	1046973	27895190.000
05/20/2014	27.09	28.16	27.09	27.51	2408978	67106260.000
05/21/2014	27.36	28.31	27.27	28.02	1240287	34766268.000
05/22/2014	28.40	29.34	28.06	28.75	2793462	81001656.000
05/23/2014	28.83	29.56	28.30	29.39	1618263	47084288.000
05/26/2014	29.71	30.46	29.26	30.06	3813885	114665504.000
05/27/2014	30.02	30.04	29.36	29.76	1560985	46527764.000
05/28/2014	29.76	31.23	29.39	31.06	2742593	83891056.000
05/29/2014	31.20	31.20	29.68	29.79	1903839	57795148.000
05/30/2014	29.85	30.53	28.81	30.00	2030865	60237936.000
06/03/2014	30.00	31.43	29.90	30.75	3693274	114502896.000
06/04/2014	30.52	30.68	29.71	30.00	2449849	73691544.000
06/05/2014	29.85	31.40	29.70	31.36	3016836	93663632.000
06/06/2014	31.68	31.85	30.60	31.55	2245426	70463720.000
06/09/2014	32.07	32.07	30.50	30.53	1850820	57873224.000
06/10/2014	30.66	31.55	30.28	31.30	2008988	62447888.000
06/11/2014	31.29	32.76	31.28	32.09	3050232	98122496.000
06/12/2014	32.00	32.55	31.62	31.92	1706240	54759332.000
06/13/2014	31.90	32.95	31.75	32.65	1810055	58794852.000
06/16/2014	32.87	33.38	32.06	32.83	1979195	65121220.000
06/17/2014	32.89	32.95	31.74	32.00	1581959	50944516.000
06/18/2014	32.00	32.34	30.60	30.63	2125654	66382100.000
06/19/2014	30.77	31.38	28.32	28.92	3804859	112761784.000
06/20/2014	28.81	30.36	28.81	30.28	2806930	83368320.000
06/23/2014	30.31	31.19	30.30	30.74	2246350	69422128.000
06/24/2014	30.74	31.15	30.30	30.74	1635287	50181744.000
06/25/2014	31.30	31.50	30.32	30.70	1075305	33140238.000
06/26/2014	30.88	31.70	30.80	31.54	1730285	54301036.000
06/27/2014	31.65	31.87	31.13	31.34	1737824	54620216.000
06/30/2014	31.46	31.49	30.32	30.60	3870130	118403336.000
07/01/2014	30.65	31.17	30.44	31.09	2377880	73598760.000
07/02/2014	31.50	31.72	30.61	30.95	2583123	80431048.000
07/03/2014	30.83	30.85	30.15	30.27	2822899	86011472.000
07/04/2014	30.16	30.39	29.25	29.66	3210925	95357408.000
07/07/2014	29.70	29.77	28.12	28.17	6530570	186500208.000
07/08/2014	28.23	29.00	28.11	29.00	3644298	104050440.000
07/09/2014	28.86	29.50	27.86	28.00	3970046	113766680.000
07/10/2014	28.35	28.50	27.70	27.86	2318032	64840008.000
07/11/2014	27.91	28.15	26.50	26.80	4690948	127156544.000
07/14/2014	26.92	27.62	26.30	27.60	5816519	155065904.000
07/15/2014	27.38	27.38	26.60	26.94	3706408	99608256.000
07/16/2014	26.95	27.60	26.80	27.50	3704801	100855376.000
07/17/2014	27.30	27.66	27.11	27.60	2523742	69253736.000
07/18/2014	27.40	28.25	27.24	27.95	2643472	73710304.000
07/21/2014	27.80	28.18	27.46	27.48	1753855	48725372.000
07/22/2014	27.28	27.64	26.82	26.87	4083258	110259928.000
07/23/2014	26.87	26.96	25.45	25.70	5221541	135497328.000
07/24/2014	25.78	25.78	24.71	25.62	3701991	93735024.000
07/25/2014	25.56	26.15	25.51	25.86	1937374	50054384.000
07/28/2014	26.01	26.83	25.86	26.57	2969047	78398080.000
07/29/2014	26.58	26.86	26.40	26.64	3349269	89215904.000
07/30/2014	26.64	27.50	26.51	27.26	3775689	102753976.000
07/31/2014	27.20	27.34	26.65	26.81	3206850	85911568.000
08/01/2014	26.68	26.80	25.84	25.90	4155700	108949064.000
08/04/2014	25.88	26.36	25.88	26.26	2371793	62089100.000
08/05/2014	26.31	26.85	25.84	26.80	4074751	108087648.000
08/06/2014	26.85	27.50	26.72	27.27	4904629	133477136.000
08/07/2014	27.36	27.90	27.00	27.35	4417572	121365536.000
08/08/2014	27.38	27.66	27.06	27.35	2967938	80968448.000
08/11/2014	27.46	28.05	27.40	27.90	4290619	119473296.000
08/12/2014	28.18	28.24	27.35	27.48	4304514	119104904.000
08/13/2014	27.45	27.45	26.45	26.71	6683905	178997952.000
08/14/2014	26.76	26.95	26.50	26.58	5130938	136977280.000
08/15/2014	26.52	26.98	26.52	26.93	3315133	88764344.000
08/18/2014	27.06	28.27	26.93	28.20	9093208	252174448.000
08/19/2014	28.01	29.39	27.93	28.44	10946291	314894528.000
08/20/2014	28.61	28.72	27.99	28.13	5585173	157479056.000
08/21/2014	28.35	28.45	27.52	27.96	6597392	183785248.000
08/22/2014	27.93	29.49	27.85	29.04	7036260	201619488.000
08/25/2014	29.02	29.88	28.70	29.27	7100042	207247440.000
08/26/2014	29.06	29.25	28.00	28.70	4525736	129161888.000
08/27/2014	28.50	29.05	28.32	28.40	3339320	95546232.000
08/28/2014	28.50	28.50	27.60	27.97	3055708	85403160.000
08/29/2014	27.91	29.10	27.62	29.02	5723485	163770416.000
09/01/2014	28.96	29.66	28.76	29.60	6514153	191248016.000
09/02/2014	29.76	29.84	29.30	29.61	5421144	160153104.000
09/03/2014	29.65	30.21	29.30	29.65	5517659	164256256.000
09/04/2014	29.79	30.22	29.65	29.82	5114471	153032640.000
09/05/2014	29.84	29.84	28.58	28.74	12321646	355687040.000
09/09/2014	28.74	28.87	28.42	28.84	6974829	199458272.000
09/10/2014	28.81	29.13	28.55	29.04	4903754	141350736.000
09/11/2014	29.04	29.67	28.65	28.86	7561542	221136720.000
09/12/2014	28.78	29.25	28.44	29.16	5938511	171022480.000
09/15/2014	28.91	29.33	28.80	29.20	5241838	152416064.000
09/16/2014	29.17	29.19	27.78	27.78	7927508	225838720.000
09/17/2014	27.80	27.99	27.07	27.36	6028328	165252384.000
09/18/2014	28.00	28.15	27.50	27.78	5023355	139579792.000
09/19/2014	27.85	27.88	27.48	27.70	3508917	97131544.000
09/22/2014	27.80	28.30	27.75	27.88	5172819	144808672.000
09/23/2014	27.92	28.19	27.75	28.12	4139034	115912304.000
09/24/2014	28.12	29.14	28.08	28.96	7222729	207893632.000
09/25/2014	29.18	29.33	28.77	28.95	6346278	183902592.000
09/26/2014	28.85	29.08	28.73	28.94	3073906	88920984.000
09/29/2014	29.12	29.28	28.80	28.96	3879088	112528176.000
09/30/2014	29.00	30.85	28.98	30.65	13198053	395975744.000
10/08/2014	31.78	33.72	31.78	33.72	9126788	305555616.000
10/09/2014	34.88	34.88	32.60	33.35	14040905	470757088.000
10/10/2014	33.00	33.90	32.58	33.10	8202300	272704736.000
10/13/2014	32.93	33.43	32.23	32.93	6752600	220563616.000
10/14/2014	33.00	33.83	32.08	32.30	8487714	279083008.000
10/15/2014	32.44	32.60	31.90	32.40	5477067	176716704.000
10/16/2014	32.18	32.50	31.65	31.75	5646951	181435936.000
10/17/2014	31.66	31.99	30.70	31.19	5334277	166105472.000
10/20/2014	31.19	32.11	31.19	31.76	4274038	135842640.000
10/21/2014	32.02	32.45	31.55	31.83	4976341	159330816.000
10/22/2014	32.05	32.20	30.88	30.90	4896090	153502816.000
10/23/2014	30.70	30.99	29.60	30.05	5124518	154827664.000
10/24/2014	29.90	30.59	29.87	30.20	3485039	105245152.000
10/27/2014	30.21	31.00	30.05	30.79	3359927	103036272.000
10/28/2014	30.88	31.56	30.71	31.51	4984865	155034736.000
10/29/2014	31.35	32.20	31.35	31.80	6439628	204572864.000
10/30/2014	31.86	31.97	31.12	31.30	5070344	159292384.000
10/31/2014	31.25	31.39	30.02	30.38	5064834	154831456.000
数据来源:通达信
