300100 双林股份 日线
      日期	    开盘	    最高	    最低	    收盘	    成交量	    成交额
10/08/2010	11.28	11.63	11.28	11.48	1110159	40467208.000
10/11/2010	11.46	11.64	11.42	11.58	1258771	46107792.000
10/12/2010	11.58	11.92	11.48	11.61	1213798	45280900.000
10/13/2010	11.58	11.65	11.31	11.56	990766	36065640.000
10/14/2010	11.53	11.72	11.31	11.36	1059910	38722048.000
10/15/2010	11.37	11.41	11.07	11.11	1130424	40353792.000
10/19/2010	11.10	11.91	11.02	11.70	1922877	71137408.000
10/20/2010	11.48	11.91	11.45	11.65	1590744	59046716.000
10/21/2010	11.65	11.83	11.46	11.76	1084279	40260620.000
10/22/2010	11.81	12.14	11.68	11.92	1737867	66032148.000
10/25/2010	11.98	12.15	11.94	12.04	1983352	75698648.000
10/26/2010	12.04	12.10	11.72	12.01	1471480	55475072.000
10/27/2010	12.01	12.51	11.90	12.33	2144632	83427968.000
10/28/2010	12.35	12.45	11.96	12.20	1924577	73948688.000
10/29/2010	12.11	12.38	12.02	12.27	1747468	67565304.000
11/01/2010	12.30	12.67	12.27	12.60	2034858	80815552.000
11/02/2010	12.61	12.64	11.98	12.01	2253704	87581104.000
11/03/2010	11.75	11.91	11.58	11.61	1309975	48950396.000
11/04/2010	11.64	11.91	11.57	11.83	789153	29459072.000
11/05/2010	11.95	11.98	11.73	11.93	1015814	38230140.000
11/08/2010	11.97	12.65	11.74	12.48	4986232	191831664.000
11/09/2010	12.34	12.64	12.32	12.59	2447649	96809944.000
11/10/2010	12.55	13.26	12.49	12.91	3092893	126586520.000
11/11/2010	12.88	13.15	12.51	12.51	2536245	103313672.000
11/12/2010	12.61	12.72	11.88	12.01	2601772	101346480.000
11/15/2010	12.08	12.74	12.06	12.72	2097245	82523272.000
11/16/2010	12.81	13.07	12.13	12.36	2633324	105374496.000
11/17/2010	12.31	12.64	11.98	12.26	1536878	60339452.000
11/18/2010	12.31	12.71	12.15	12.65	1643396	65003376.000
11/19/2010	12.78	13.05	12.45	13.03	2425718	98180536.000
11/22/2010	12.94	13.38	12.67	12.97	2854117	118238760.000
11/23/2010	12.97	13.47	12.84	13.45	3351544	140210736.000
11/24/2010	13.30	13.73	13.27	13.50	2739381	116896448.000
11/25/2010	13.53	13.61	13.12	13.21	2161983	90877656.000
11/30/2010	13.64	13.86	12.71	13.60	3773831	159130208.000
12/01/2010	13.40	13.57	13.14	13.26	1318520	55436396.000
12/02/2010	13.43	13.48	13.12	13.28	1326982	55626200.000
12/03/2010	13.36	13.44	12.81	12.98	1364063	56442828.000
12/06/2010	12.98	13.09	12.55	12.58	1545498	62018116.000
12/07/2010	12.56	12.86	12.49	12.76	952337	38305696.000
12/08/2010	12.75	12.88	12.58	12.61	774091	31147558.000
12/09/2010	12.57	12.61	12.32	12.32	848936	33439818.000
12/10/2010	12.26	12.61	12.26	12.54	719567	28387112.000
12/13/2010	12.64	12.96	12.63	12.93	1072034	43523256.000
12/14/2010	13.04	13.05	12.86	12.93	983838	40220604.000
12/15/2010	12.87	12.98	12.75	12.80	1058182	43070624.000
12/16/2010	12.81	13.08	12.81	12.91	919147	37671788.000
12/17/2010	13.06	13.44	13.05	13.33	1678556	70327312.000
12/20/2010	13.34	13.60	12.73	13.10	1675516	69656144.000
12/21/2010	13.13	13.63	13.13	13.55	1954841	82842576.000
12/22/2010	13.50	13.60	13.21	13.23	978563	41193636.000
12/23/2010	13.25	13.29	12.73	12.81	1064075	43670572.000
12/24/2010	12.67	12.73	12.41	12.41	941260	37337576.000
12/27/2010	12.58	12.67	12.05	12.08	924720	36140640.000
12/28/2010	12.08	12.28	12.01	12.19	733073	28264134.000
12/29/2010	12.21	12.41	12.13	12.38	459327	17857234.000
12/30/2010	12.38	12.38	12.01	12.24	464848	18028662.000
12/31/2010	12.23	12.51	12.18	12.46	587991	23039512.000
01/04/2011	12.46	12.63	12.40	12.63	745003	29569556.000
01/05/2011	12.61	12.70	12.50	12.59	538663	21426828.000
01/06/2011	12.70	12.70	12.28	12.31	605165	23953428.000
01/07/2011	12.31	12.45	12.08	12.17	759078	29492876.000
01/10/2011	12.18	12.30	12.06	12.10	407965	15727038.000
01/11/2011	12.09	12.21	12.02	12.08	498617	19123332.000
01/12/2011	12.10	12.38	12.08	12.36	753422	29083146.000
01/13/2011	12.41	12.44	12.22	12.23	353600	13776214.000
01/14/2011	12.23	12.25	11.72	11.73	652324	24626124.000
01/17/2011	11.73	11.73	11.11	11.16	697386	25193054.000
01/18/2011	11.06	11.25	11.06	11.20	254354	9049410.000
01/19/2011	11.13	11.38	11.13	11.37	462421	16632440.000
01/20/2011	11.35	11.35	10.81	10.81	602823	21276652.000
01/21/2011	10.81	11.07	10.78	10.98	384746	13425103.000
01/24/2011	10.98	11.31	10.94	10.99	473554	16820028.000
01/25/2011	10.98	11.04	10.80	10.95	258200	8950847.000
01/26/2011	10.95	11.20	10.86	11.15	255396	9040714.000
01/27/2011	11.05	11.31	11.05	11.18	717638	25646662.000
01/28/2011	11.18	11.31	11.13	11.25	376880	13449553.000
01/31/2011	11.35	11.35	11.21	11.32	381782	13706973.000
02/01/2011	11.32	11.36	11.24	11.27	307812	11042872.000
02/09/2011	11.15	11.29	11.05	11.05	272951	9720773.000
02/10/2011	10.98	11.43	10.98	11.41	514130	18474164.000
02/11/2011	11.48	11.56	11.37	11.49	504937	18457108.000
02/14/2011	11.51	11.66	11.47	11.62	830969	30540290.000
02/16/2011	11.58	11.83	11.42	11.76	699248	25870352.000
02/17/2011	11.72	11.87	11.59	11.75	647201	24064224.000
02/18/2011	11.68	11.74	11.48	11.54	784592	28872836.000
02/21/2011	11.47	11.71	11.45	11.70	519023	19196070.000
02/22/2011	11.70	11.77	11.32	11.32	755230	27577942.000
02/23/2011	11.31	11.49	11.31	11.43	486350	17649360.000
02/24/2011	11.38	11.64	11.38	11.57	748564	27458460.000
02/25/2011	11.75	12.13	11.75	11.97	1675669	63526372.000
02/28/2011	11.97	12.01	11.78	12.00	684305	25801270.000
03/01/2011	12.01	12.04	11.85	11.85	696416	26298936.000
03/02/2011	11.83	11.94	11.66	11.74	513349	19192240.000
03/03/2011	11.73	11.90	11.64	11.65	525961	19611142.000
03/04/2011	11.65	11.80	11.63	11.77	297884	11077503.000
03/07/2011	11.84	11.87	11.72	11.83	476114	17832344.000
03/08/2011	11.78	11.92	11.77	11.87	421316	15847414.000
03/09/2011	11.91	11.91	11.73	11.79	398844	14917222.000
03/10/2011	11.78	12.08	11.78	11.90	706992	26773264.000
03/11/2011	11.88	12.09	11.78	11.98	1006961	38138512.000
03/14/2011	11.68	12.27	11.68	12.20	771270	29602270.000
03/15/2011	12.13	12.18	11.78	12.00	891063	33728700.000
03/16/2011	12.00	12.08	11.91	12.01	500487	19035408.000
03/17/2011	11.98	11.98	11.69	11.72	555418	20863966.000
03/18/2011	11.93	11.93	11.76	11.86	273038	10265101.000
03/21/2011	11.85	12.09	11.85	11.91	443300	16869708.000
03/22/2011	11.98	12.05	11.75	11.87	237071	8931927.000
03/23/2011	11.88	12.04	11.85	11.99	297729	11264620.000
03/24/2011	12.06	12.07	11.96	11.97	312162	11887622.000
03/25/2011	12.04	12.04	11.89	11.95	443116	16801586.000
03/28/2011	11.96	12.03	11.76	11.78	485460	18342450.000
03/29/2011	11.78	11.78	11.29	11.30	655011	23874242.000
03/30/2011	11.30	11.38	11.07	11.18	313801	11200490.000
03/31/2011	11.27	11.47	11.15	11.29	366066	13163499.000
04/01/2011	11.43	11.47	11.16	11.45	180094	6507209.000
04/06/2011	11.38	11.60	11.33	11.38	322755	11765648.000
04/07/2011	11.38	11.57	11.38	11.52	204527	7466247.000
04/08/2011	11.53	11.68	11.52	11.68	394769	14565698.000
04/12/2011	11.51	11.77	11.32	11.58	1254831	46264316.000
04/13/2011	11.57	11.69	11.45	11.64	407113	14989805.000
04/14/2011	11.61	11.71	11.37	11.37	378626	13838653.000
04/15/2011	11.32	11.43	11.21	11.26	404148	14527457.000
04/18/2011	11.31	11.31	11.15	11.22	342244	12210628.000
04/19/2011	11.17	11.17	10.99	11.06	369983	13048692.000
04/20/2011	11.05	11.31	11.03	11.17	342810	12153228.000
04/21/2011	11.24	11.37	11.22	11.26	315233	11331403.000
04/22/2011	11.26	11.31	11.06	11.09	239055	8494579.000
04/25/2011	11.07	11.07	10.31	10.45	555915	18964840.000
04/26/2011	10.45	10.45	9.98	10.26	358280	11775022.000
04/27/2011	10.34	10.58	10.21	10.36	435089	14555907.000
04/28/2011	10.52	10.57	10.31	10.36	323091	10782187.000
04/29/2011	10.48	10.54	10.40	10.49	143563	4809363.000
05/03/2011	10.45	10.62	10.45	10.58	223163	7527544.500
05/04/2011	10.58	10.58	10.09	10.17	277641	9146517.000
05/05/2011	10.10	10.23	10.07	10.18	227999	7415101.500
05/06/2011	10.12	10.16	9.99	10.08	205516	6626293.500
05/10/2011	10.08	10.24	10.07	10.23	243302	7896994.000
05/11/2011	10.15	10.30	10.15	10.21	148661	4863990.500
05/12/2011	10.29	10.29	10.05	10.05	182910	5970059.500
05/13/2011	10.17	10.22	9.99	10.16	199792	6466520.000
05/16/2011	10.18	10.18	10.02	10.09	236881	7653883.500
05/17/2011	10.08	10.26	10.00	10.20	422471	13748683.000
05/18/2011	10.20	10.24	10.11	10.14	295523	9612865.000
05/19/2011	10.14	10.14	9.66	9.68	534547	11094943.000
05/20/2011	9.63	9.63	9.24	9.28	704417	13908939.000
05/23/2011	9.23	9.30	8.72	8.79	531930	10056485.000
05/24/2011	8.64	9.33	8.64	9.14	625368	11960232.000
05/25/2011	9.19	9.23	8.67	8.75	342310	6476980.500
05/26/2011	8.91	8.91	8.50	8.54	398550	7336778.500
05/27/2011	8.54	8.71	8.49	8.55	334080	6070420.500
05/30/2011	8.55	8.75	8.55	8.60	480460	8827576.000
05/31/2011	8.62	8.76	8.54	8.73	494236	9079782.000
06/01/2011	8.74	8.85	8.68	8.78	316252	5878768.500
06/02/2011	8.71	8.71	8.49	8.54	368563	6687838.500
06/03/2011	8.50	8.68	8.50	8.67	282123	5164412.500
06/07/2011	8.66	8.70	8.59	8.66	511998	9376039.000
06/08/2011	8.68	8.68	8.51	8.63	274225	4991017.500
06/09/2011	8.63	8.63	8.39	8.42	425278	7656313.000
06/10/2011	8.39	8.42	7.94	8.10	1023625	17557376.000
06/13/2011	8.01	8.07	7.78	7.99	469298	7927225.500
06/14/2011	7.98	8.12	7.95	8.06	541665	9290991.000
06/15/2011	8.07	8.07	7.90	7.91	390442	6637493.000
06/16/2011	7.83	7.85	7.65	7.65	447133	7398885.000
06/17/2011	7.68	7.73	7.55	7.56	263774	4323694.500
06/20/2011	7.49	7.60	7.36	7.42	480793	7674651.000
06/21/2011	7.50	7.62	7.42	7.58	636012	10185608.000
06/22/2011	7.58	7.58	7.47	7.51	257787	4146563.750
06/23/2011	7.52	7.77	7.39	7.75	736417	12071940.000
06/24/2011	7.70	8.08	7.66	7.98	1197596	20265070.000
06/27/2011	7.99	8.23	7.95	8.02	912105	15677516.000
06/28/2011	8.01	8.13	7.93	8.11	883789	15166023.000
06/29/2011	8.28	8.52	8.14	8.17	1396223	24667480.000
06/30/2011	8.23	8.29	8.12	8.20	691451	12058184.000
07/01/2011	8.19	8.48	8.13	8.26	914835	16137235.000
07/04/2011	8.38	8.58	8.29	8.48	1097121	19683026.000
07/05/2011	8.47	8.53	8.35	8.52	963071	17285408.000
07/06/2011	8.50	8.71	8.34	8.70	1213368	21952124.000
07/07/2011	8.72	8.97	8.69	8.90	2081550	38987408.000
07/08/2011	8.91	8.96	8.69	8.83	1273442	23752826.000
07/11/2011	8.74	8.96	8.69	8.81	982216	18300770.000
07/12/2011	8.80	8.80	8.42	8.51	1347477	24411208.000
07/13/2011	8.50	8.71	8.41	8.68	969551	17655094.000
07/14/2011	8.77	9.07	8.69	9.02	1559463	29206590.000
07/15/2011	9.20	9.98	9.16	9.73	4064338	82791688.000
07/18/2011	9.73	9.78	9.38	9.45	2122579	42641044.000
07/19/2011	9.68	9.68	9.11	9.19	1264918	24909440.000
07/20/2011	9.38	9.57	9.25	9.48	1516975	30123828.000
07/21/2011	9.44	9.47	9.16	9.28	763482	14903347.000
07/22/2011	9.33	9.35	9.11	9.23	737943	14373888.000
07/25/2011	9.23	9.23	8.49	8.61	1421973	26355206.000
07/26/2011	8.73	8.73	8.48	8.60	734889	13375575.000
07/27/2011	8.39	8.77	8.34	8.68	1052975	19300514.000
07/28/2011	8.56	8.68	8.46	8.66	928287	16852836.000
07/29/2011	8.66	8.72	8.43	8.49	774860	14087309.000
08/01/2011	8.53	8.69	8.43	8.62	710428	12932493.000
08/02/2011	8.58	8.58	8.32	8.55	739979	13217397.000
08/03/2011	8.44	8.93	8.35	8.92	1756805	32627666.000
08/04/2011	8.92	9.00	8.71	8.74	994725	18544712.000
08/05/2011	8.41	8.53	8.33	8.36	971067	17315248.000
08/08/2011	8.28	8.28	7.58	7.65	1025817	17202358.000
08/09/2011	7.45	7.82	7.28	7.72	999132	16072443.000
08/10/2011	7.88	7.99	7.79	7.86	972521	16377766.000
08/11/2011	7.67	8.05	7.60	7.98	926286	15625095.000
08/12/2011	8.10	8.33	8.06	8.11	938590	16335280.000
08/15/2011	8.21	8.38	8.07	8.33	703004	12335089.000
08/16/2011	8.33	8.43	8.21	8.23	644411	11367760.000
08/17/2011	8.18	9.11	8.18	9.11	5920293	113498656.000
08/18/2011	9.12	9.16	8.71	8.72	3859220	72757296.000
08/19/2011	8.43	8.67	8.36	8.67	1976271	35683636.000
08/22/2011	8.73	8.96	8.53	8.88	2210784	41273444.000
08/23/2011	8.89	9.13	8.71	9.06	2753434	52253016.000
08/24/2011	9.12	9.23	8.81	8.82	2454614	46723140.000
08/25/2011	8.76	9.06	8.69	9.02	1599391	29983696.000
08/26/2011	8.95	9.13	8.91	9.05	1563155	29869856.000
08/29/2011	9.11	9.16	8.98	9.02	1301738	24979322.000
08/30/2011	9.06	9.08	8.65	8.65	1228682	23113064.000
08/31/2011	8.58	8.76	8.41	8.48	890812	16105388.000
09/01/2011	8.49	8.63	8.32	8.33	772617	13829647.000
09/02/2011	8.35	8.40	8.18	8.33	673399	11836432.000
09/05/2011	8.23	8.23	8.02	8.04	644440	11098378.000
09/06/2011	8.02	8.08	7.89	7.99	416256	7079546.500
09/07/2011	8.07	8.26	8.04	8.26	621341	10800645.000
09/08/2011	8.38	8.41	8.13	8.13	587205	10319390.000
09/09/2011	8.21	8.23	8.05	8.06	298678	5153913.000
09/13/2011	7.89	7.99	7.79	7.83	329528	5508661.000
09/14/2011	7.92	8.03	7.79	8.01	408404	6880548.500
09/15/2011	8.03	8.11	8.01	8.01	444930	7621894.000
09/16/2011	7.99	8.12	7.99	8.00	322782	5526835.000
09/19/2011	7.99	7.99	7.71	7.71	372932	6182273.000
09/20/2011	7.71	7.80	7.63	7.75	259636	4277140.500
09/21/2011	7.73	8.03	7.71	8.02	474863	8025994.000
09/22/2011	7.98	7.98	7.73	7.76	416626	6973176.500
09/23/2011	7.66	7.71	7.50	7.70	326412	5307420.500
09/26/2011	7.68	7.91	7.57	7.60	241292	3946712.250
09/27/2011	7.69	7.72	7.57	7.71	218444	3571410.750
09/28/2011	7.74	7.88	7.54	7.62	246952	4069312.000
09/29/2011	7.60	7.60	7.39	7.39	348008	5562478.500
09/30/2011	7.40	7.52	7.32	7.41	242599	3829761.000
10/10/2011	7.41	7.47	7.36	7.47	165866	2632081.000
10/11/2011	7.86	7.86	7.43	7.57	374260	6076968.000
10/12/2011	7.58	8.07	7.39	8.06	1361831	22841134.000
10/13/2011	8.18	8.18	7.92	8.03	813125	13900644.000
10/14/2011	8.05	8.08	7.89	8.03	416958	7078464.500
10/17/2011	7.98	8.16	7.89	8.03	399550	6812669.500
10/18/2011	8.01	8.13	7.88	7.89	629282	10723731.000
10/19/2011	8.03	8.03	7.79	7.97	395346	6646429.000
10/20/2011	7.92	7.98	7.43	7.78	631087	10237013.000
10/21/2011	7.68	7.73	7.51	7.54	263945	4272672.000
10/24/2011	7.60	7.60	7.31	7.50	663056	10542223.000
10/25/2011	7.53	7.71	7.46	7.66	584515	9491802.000
10/26/2011	7.66	7.96	7.59	7.82	857601	14229732.000
10/27/2011	7.82	7.90	7.64	7.68	628987	10412442.000
10/28/2011	7.78	7.96	7.71	7.94	862478	14434947.000
10/31/2011	7.94	8.04	7.88	8.01	695349	11803363.000
11/01/2011	7.96	8.06	7.88	7.97	637890	10806667.000
11/02/2011	7.79	8.63	7.76	8.43	1360172	23364836.000
11/03/2011	8.42	8.57	8.24	8.29	1521909	27093440.000
11/04/2011	8.35	8.38	8.20	8.30	736708	12981479.000
11/07/2011	8.36	8.37	8.04	8.30	547236	9645703.000
11/08/2011	8.23	8.35	8.16	8.19	429869	7533147.500
11/09/2011	8.21	8.49	8.13	8.45	1137605	20184592.000
11/10/2011	8.34	8.73	8.31	8.54	1874026	34052736.000
11/11/2011	8.54	8.88	8.43	8.83	2036991	37488676.000
11/14/2011	8.85	9.01	8.72	9.00	2389128	44826804.000
11/15/2011	8.98	9.57	8.89	9.30	3578478	69568584.000
11/16/2011	9.23	9.23	8.57	8.65	4258392	79239640.000
11/17/2011	8.69	8.78	8.43	8.57	2120313	38592372.000
11/18/2011	8.48	8.51	8.23	8.26	1187759	21072986.000
11/21/2011	8.21	8.38	8.04	8.27	1046393	18281696.000
11/22/2011	8.16	8.28	8.08	8.20	683542	11883504.000
11/23/2011	8.18	8.26	8.04	8.04	764547	13214777.000
11/24/2011	7.93	8.32	7.84	8.13	1436389	24816330.000
11/25/2011	8.10	8.25	8.06	8.16	756287	13095834.000
11/28/2011	8.12	8.21	8.04	8.12	364792	6305225.500
11/29/2011	8.22	8.33	8.12	8.27	1438699	25047458.000
11/30/2011	8.25	8.25	7.61	7.93	1825408	30813450.000
12/01/2011	8.13	8.21	7.98	8.08	1384323	23850494.000
12/02/2011	8.09	8.09	7.74	7.91	853212	14346353.000
12/05/2011	7.73	7.78	7.48	7.48	352944	5752384.000
12/06/2011	7.42	7.57	7.34	7.51	286760	4590220.500
12/07/2011	7.59	7.59	7.48	7.51	186682	3004691.250
12/08/2011	7.53	7.63	7.33	7.55	365025	5843120.500
12/09/2011	7.48	7.53	7.43	7.46	231057	3698885.000
12/12/2011	7.46	7.53	7.42	7.45	112574	1796588.500
12/13/2011	7.36	7.38	6.79	6.89	885471	13446215.000
12/14/2011	6.86	6.94	6.76	6.77	297750	4397101.000
12/15/2011	6.68	6.72	6.52	6.56	412661	5882678.000
12/16/2011	6.58	6.77	6.56	6.75	539928	7715382.000
12/19/2011	6.69	6.77	6.48	6.74	580471	8301972.000
12/20/2011	6.69	6.90	6.69	6.73	549140	8022498.000
12/21/2011	6.82	6.84	6.49	6.51	486440	6992863.000
12/22/2011	6.47	6.48	6.14	6.31	428371	5821803.500
12/23/2011	6.32	6.45	6.25	6.35	320080	4406745.000
12/26/2011	6.30	6.41	6.24	6.25	247530	3401788.500
12/27/2011	6.31	6.33	6.02	6.02	438380	5852325.500
12/28/2011	5.97	5.98	5.77	5.85	857500	10935159.000
12/29/2011	5.83	5.88	5.78	5.84	376750	4796758.500
12/30/2011	5.88	5.98	5.84	5.90	353880	4552736.000
01/04/2012	5.99	6.06	5.70	5.77	512970	6570651.500
01/05/2012	5.68	5.74	5.48	5.49	421480	5186233.000
01/06/2012	5.43	5.61	5.34	5.57	546136	6520682.000
01/09/2012	5.56	5.79	5.46	5.79	672144	8385083.500
01/10/2012	5.79	6.07	5.78	6.07	886323	11463788.000
01/11/2012	6.04	6.14	5.93	6.01	713481	9347866.000
01/12/2012	5.98	6.11	5.95	6.01	576799	7554417.000
01/13/2012	5.96	6.03	5.59	5.69	635821	8051027.000
01/16/2012	5.60	5.69	5.49	5.52	417940	5091245.000
01/17/2012	5.62	5.92	5.54	5.90	604945	7578564.500
01/18/2012	5.84	6.08	5.75	5.81	642853	8290137.500
01/19/2012	5.79	6.28	5.79	6.19	1338859	17687468.000
01/20/2012	6.19	6.32	6.15	6.19	1046392	14079109.000
01/30/2012	6.21	6.41	6.19	6.24	906229	12353173.000
01/31/2012	6.19	6.23	6.07	6.18	531124	7080830.500
02/01/2012	6.12	6.29	6.09	6.15	448439	6005359.000
02/02/2012	6.16	6.32	6.09	6.28	633559	8539667.000
02/03/2012	6.28	6.50	6.24	6.43	872450	12060984.000
02/06/2012	6.43	6.51	6.39	6.47	858398	11952217.000
02/07/2012	6.47	6.47	6.29	6.29	594959	8163940.000
02/08/2012	6.18	6.51	6.18	6.46	1094470	15156771.000
02/09/2012	6.45	6.60	6.41	6.48	1375171	19289538.000
02/10/2012	6.50	6.53	6.40	6.44	713341	9943516.000
02/13/2012	6.38	6.57	6.36	6.53	919145	12907338.000
02/14/2012	6.56	6.57	6.44	6.48	545784	7642345.500
02/15/2012	6.44	6.75	6.40	6.74	1305317	18580634.000
02/16/2012	6.74	6.83	6.60	6.83	958416	13799513.000
02/17/2012	6.77	6.80	6.66	6.71	491559	7119559.000
02/20/2012	6.78	6.82	6.67	6.71	394567	5733755.500
02/21/2012	6.68	6.75	6.62	6.75	909353	13090351.000
02/22/2012	6.75	6.91	6.71	6.91	904805	13347285.000
02/23/2012	6.92	6.96	6.84	6.93	874882	13002438.000
02/24/2012	6.93	7.20	6.90	7.01	1566625	23705948.000
02/27/2012	7.03	7.13	6.95	6.95	2090291	31507742.000
02/28/2012	6.93	6.93	6.66	6.82	1528029	22338236.000
02/29/2012	6.88	6.97	6.82	6.82	1104609	16334809.000
03/01/2012	6.78	6.88	6.71	6.81	614589	9030590.000
03/02/2012	6.86	6.98	6.83	6.98	991242	14737562.000
03/05/2012	6.99	7.11	6.93	7.10	1336356	20158692.000
03/06/2012	7.08	7.11	6.88	6.96	900357	13482046.000
03/07/2012	6.91	7.01	6.78	6.90	711389	10605190.000
03/08/2012	6.89	7.06	6.88	6.99	765391	11489247.000
03/09/2012	7.02	7.11	6.98	7.10	1182590	17905566.000
03/12/2012	7.11	7.14	7.02	7.11	1161506	17645572.000
03/13/2012	7.12	7.24	7.05	7.20	1307820	20055896.000
03/14/2012	7.19	7.30	6.63	6.70	2018630	30541764.000
03/15/2012	6.70	6.78	6.53	6.59	784529	11214625.000
03/16/2012	6.59	6.88	6.59	6.83	1017198	14770500.000
03/19/2012	6.78	6.88	6.71	6.88	687876	10078471.000
03/20/2012	6.85	6.85	6.61	6.63	613032	8840597.000
03/21/2012	6.68	6.75	6.59	6.68	675771	9682682.000
03/22/2012	6.75	7.00	6.64	6.83	1068179	15642755.000
03/23/2012	6.74	6.86	6.63	6.85	734237	10707898.000
03/26/2012	6.83	6.84	6.68	6.73	392137	5704907.000
03/27/2012	6.75	6.81	6.69	6.72	293120	4269902.500
03/28/2012	6.81	6.84	6.30	6.31	854159	11986164.000
03/29/2012	6.27	6.44	6.15	6.38	1299165	17758480.000
03/30/2012	6.22	6.83	6.13	6.62	1596271	21968126.000
04/05/2012	6.52	6.76	6.37	6.57	1394027	19625118.000
04/06/2012	6.53	6.60	6.39	6.50	677019	9482508.000
04/09/2012	6.41	6.71	6.38	6.48	647358	9158421.000
04/10/2012	6.42	6.48	6.20	6.43	516992	7113996.000
04/11/2012	6.34	6.48	6.29	6.42	304777	4221435.000
04/12/2012	6.38	6.58	6.30	6.51	1085322	15072758.000
04/13/2012	6.52	6.59	6.49	6.54	758778	10712737.000
04/16/2012	6.51	6.60	6.49	6.53	734567	10401689.000
04/17/2012	6.53	6.55	6.39	6.40	486169	6788569.500
04/18/2012	6.41	6.57	6.38	6.56	548472	7691853.000
04/19/2012	6.54	6.56	6.44	6.48	574081	8056954.000
04/20/2012	6.45	6.59	6.44	6.58	574514	8087525.500
04/23/2012	6.56	6.56	6.18	6.21	906778	12434758.000
04/24/2012	6.13	6.38	6.02	6.17	687442	9110244.000
04/25/2012	6.11	6.27	6.11	6.17	538044	7182358.500
04/26/2012	6.17	6.21	6.13	6.15	286962	3832009.000
04/27/2012	6.17	6.28	6.14	6.22	369865	4986897.000
05/02/2012	6.31	6.36	6.23	6.31	468281	6384374.500
05/03/2012	6.25	6.48	6.25	6.42	662265	9196553.000
05/04/2012	6.40	6.47	6.39	6.45	844244	11742465.000
05/07/2012	6.42	6.48	6.38	6.44	545207	7567947.000
05/08/2012	6.45	6.50	6.40	6.45	447095	6225037.500
05/09/2012	6.41	6.43	6.28	6.28	410320	5617120.000
05/10/2012	6.29	6.81	6.23	6.48	1248761	17494494.000
05/11/2012	6.36	6.48	6.31	6.33	696036	9607335.000
05/14/2012	6.36	6.40	6.24	6.24	406773	5559070.500
05/15/2012	6.23	6.26	6.14	6.26	380732	5113812.000
05/16/2012	6.25	6.29	6.22	6.25	318251	4315539.000
05/17/2012	6.19	6.36	6.19	6.35	468663	6391898.000
05/18/2012	6.37	6.37	6.27	6.30	317149	4235937.000
05/21/2012	6.27	6.30	6.23	6.25	283900	3769876.000
05/22/2012	6.26	6.31	6.26	6.29	230280	3063287.250
05/23/2012	6.29	6.34	6.13	6.21	365450	4818071.500
05/24/2012	6.21	6.22	6.02	6.05	581621	7537343.500
05/25/2012	6.01	6.08	5.91	5.93	253912	3233017.500
05/28/2012	5.91	6.07	5.73	6.07	573687	7205623.500
05/29/2012	6.08	6.51	6.07	6.41	1758200	23711774.000
05/30/2012	6.38	6.61	6.38	6.58	1665603	22892264.000
05/31/2012	6.46	6.60	6.46	6.52	768312	10628870.000
06/01/2012	6.52	6.58	6.46	6.46	346392	4759207.000
06/04/2012	6.39	6.48	6.23	6.23	539191	7269478.000
06/05/2012	6.24	6.35	6.22	6.31	459813	6135419.500
06/06/2012	6.33	6.41	6.32	6.35	426169	5746303.500
06/07/2012	6.41	6.43	6.23	6.28	213804	2861849.500
06/08/2012	6.32	6.33	6.23	6.24	175549	2330956.750
06/11/2012	6.29	6.37	6.24	6.34	267766	3574042.750
06/12/2012	6.31	6.31	6.22	6.27	259596	3443431.000
06/13/2012	6.32	6.34	6.23	6.30	413212	5494727.000
06/14/2012	6.31	6.47	6.30	6.42	691283	9364907.000
06/15/2012	6.46	6.51	6.34	6.44	422519	5724092.500
06/18/2012	6.44	6.53	6.39	6.46	688674	9401529.000
06/19/2012	6.42	6.53	6.42	6.46	321826	4397441.500
06/20/2012	6.49	6.49	6.41	6.44	348518	4749144.500
06/21/2012	6.42	6.43	6.27	6.27	249200	3342112.000
06/25/2012	6.23	6.23	6.00	6.00	405800	5263608.500
06/26/2012	5.92	6.12	5.90	6.04	243960	3112526.750
06/27/2012	6.07	6.08	6.00	6.03	117600	1506343.750
06/28/2012	5.91	6.05	5.91	6.01	154714	1967303.250
06/29/2012	6.02	6.11	5.95	6.08	201270	2579727.500
07/02/2012	6.08	6.11	6.00	6.04	368364	4717571.000
07/03/2012	5.96	6.17	5.93	6.12	703265	9073087.000
07/04/2012	6.10	6.11	5.82	5.93	686276	8640526.000
07/05/2012	5.87	5.92	5.65	5.65	417555	5106737.000
07/06/2012	5.69	5.75	5.61	5.73	345700	4174750.500
07/09/2012	5.64	5.71	5.57	5.57	209100	2511202.500
07/10/2012	5.57	5.62	5.50	5.53	176825	2090678.125
07/11/2012	5.57	5.63	5.48	5.63	179877	2140819.000
07/12/2012	5.49	5.69	5.49	5.64	215359	2566282.500
07/13/2012	5.54	5.68	5.51	5.52	249477	2960455.750
07/16/2012	5.43	5.61	5.16	5.18	323270	3662817.250
07/17/2012	5.19	5.68	5.13	5.57	404106	4586569.500
07/18/2012	5.48	5.48	5.24	5.34	789253	9026045.000
07/19/2012	5.31	5.63	5.31	5.44	1049721	12078626.000
07/20/2012	5.40	5.56	5.35	5.39	508249	5878614.500
07/23/2012	5.46	5.46	5.24	5.26	226682	2574274.500
07/24/2012	5.23	5.33	5.23	5.28	193648	2188079.000
07/25/2012	5.23	5.31	5.23	5.28	155701	1760330.000
07/26/2012	5.26	5.33	5.24	5.26	122578	1386430.750
07/27/2012	5.24	5.35	5.14	5.33	246605	2791705.250
07/30/2012	5.38	5.38	4.99	5.05	534983	5908484.500
07/31/2012	5.06	5.22	4.83	4.92	689647	7344746.000
08/01/2012	4.92	5.05	4.92	4.98	301223	3226844.250
08/02/2012	4.99	5.05	4.89	4.96	202513	2151493.250
08/03/2012	5.01	5.10	4.95	5.08	258874	2800873.500
08/06/2012	5.04	5.20	5.02	5.19	377442	4150831.500
08/07/2012	5.19	5.24	5.15	5.21	346595	3861103.500
08/08/2012	5.25	5.25	5.16	5.21	239442	2664737.500
08/09/2012	5.17	5.29	5.13	5.28	438847	4905928.500
08/10/2012	5.24	5.28	5.20	5.22	335704	3758918.750
08/13/2012	5.22	5.25	5.13	5.13	411070	4589498.500
08/14/2012	5.14	5.27	5.10	5.23	179796	1991644.500
08/15/2012	5.17	5.22	5.13	5.16	168681	1871751.000
08/16/2012	5.12	5.21	5.08	5.09	307172	3382586.750
08/17/2012	5.06	5.12	5.01	5.09	170795	1854620.250
08/20/2012	5.07	5.07	4.96	4.96	619838	6639046.500
08/21/2012	4.97	5.11	4.97	5.10	555326	6035090.500
08/22/2012	5.09	5.25	5.05	5.23	1033699	11425904.000
08/23/2012	5.21	5.37	5.13	5.36	1299093	14567060.000
08/24/2012	5.27	5.33	5.17	5.30	911830	10231353.000
08/27/2012	5.27	5.27	5.00	5.05	656070	7209780.000
08/28/2012	5.00	5.26	5.00	5.26	711219	7846051.500
08/29/2012	5.23	5.30	5.17	5.18	415263	4653057.000
08/30/2012	5.22	5.26	5.03	5.04	617906	6767883.000
08/31/2012	5.00	5.12	5.00	5.08	191399	2082389.625
09/03/2012	5.05	5.20	5.04	5.20	348445	3847618.500
09/04/2012	5.23	5.43	5.19	5.22	473879	5322136.500
09/05/2012	5.19	5.37	5.16	5.36	851972	9648588.000
09/06/2012	5.34	5.46	5.32	5.35	731367	8384422.500
09/07/2012	5.38	5.62	5.37	5.48	932644	10911990.000
09/10/2012	5.51	5.51	5.42	5.46	436548	5091975.000
09/11/2012	5.44	5.47	5.41	5.46	333129	3864215.000
09/12/2012	5.55	5.55	5.37	5.45	452493	5254038.000
09/13/2012	5.50	5.70	5.48	5.49	1098859	13089859.000
09/14/2012	5.61	5.61	5.43	5.49	492180	5756022.500
09/17/2012	5.49	5.49	5.24	5.24	465300	5314115.000
09/18/2012	5.28	5.31	5.19	5.22	197810	2222810.250
09/19/2012	5.27	5.36	5.23	5.36	275082	3110761.750
09/20/2012	5.34	5.46	5.13	5.23	333547	3765621.000
09/21/2012	5.23	5.23	5.03	5.06	370100	4077363.000
09/24/2012	5.06	5.09	4.98	5.06	159533	1722735.125
09/25/2012	5.08	5.09	4.93	4.95	284701	3055704.250
09/26/2012	4.98	4.98	4.80	4.81	220700	2301826.000
09/27/2012	4.84	4.98	4.80	4.89	258181	2717906.500
09/28/2012	4.89	5.00	4.89	4.97	231086	2458689.500
10/08/2012	4.98	5.00	4.88	4.97	282661	3003479.250
10/09/2012	4.97	5.13	4.97	5.13	346938	3782014.500
10/10/2012	5.08	5.22	5.08	5.21	324502	3608818.500
10/11/2012	5.21	5.24	5.08	5.12	389440	4288959.500
10/12/2012	5.11	5.18	5.03	5.07	360621	3931919.000
10/15/2012	5.10	5.10	4.92	4.94	295268	3155388.000
10/16/2012	5.03	5.03	4.92	5.00	252817	2707312.500
10/17/2012	4.98	5.13	4.95	5.12	346260	3755921.250
10/18/2012	5.12	5.25	5.07	5.23	549864	6114495.000
10/19/2012	5.11	5.28	5.11	5.17	198685	2206436.250
10/22/2012	5.17	5.25	5.12	5.23	225697	2512938.500
10/23/2012	5.27	5.27	5.14	5.15	178100	1976922.000
10/24/2012	5.23	5.32	5.19	5.31	710160	8019433.500
10/25/2012	5.26	5.32	5.18	5.21	415249	4670095.000
10/26/2012	5.13	5.28	5.03	5.07	419850	4600399.000
10/29/2012	5.05	5.13	5.05	5.07	151085	1648761.750
10/30/2012	5.14	5.14	5.04	5.07	117800	1283235.000
10/31/2012	5.05	5.09	5.01	5.07	114758	1243491.625
11/01/2012	5.12	5.22	5.08	5.18	422008	4678079.000
11/02/2012	5.20	5.24	5.17	5.22	322351	3585760.000
11/05/2012	5.17	5.22	5.13	5.19	244735	2707206.500
11/06/2012	5.16	5.18	5.07	5.12	157150	1721959.625
11/07/2012	5.14	5.22	5.09	5.22	268090	2977398.500
11/08/2012	5.20	5.21	5.12	5.13	221709	2446639.250
11/09/2012	5.15	5.20	4.99	5.02	335739	3645068.000
11/12/2012	5.05	5.13	4.95	5.02	341259	3670249.750
11/13/2012	5.01	5.02	4.90	4.93	174284	1850003.375
11/14/2012	4.91	4.96	4.84	4.96	188679	1984707.000
11/15/2012	4.93	4.93	4.81	4.82	196650	2060939.000
11/16/2012	4.82	4.85	4.76	4.83	135142	1399760.000
11/19/2012	4.77	4.86	4.75	4.86	123796	1284533.250
11/20/2012	4.86	4.88	4.83	4.85	83504	872036.938
11/21/2012	4.88	4.95	4.78	4.93	115518	1210412.250
11/22/2012	4.87	4.93	4.85	4.90	144746	1518778.375
11/23/2012	4.88	4.94	4.83	4.92	115382	1215453.125
11/26/2012	4.88	4.93	4.79	4.85	124811	1310200.500
11/27/2012	4.80	4.80	4.63	4.67	329165	3330519.750
11/28/2012	4.68	4.71	4.53	4.63	144884	1443604.500
11/29/2012	4.58	4.66	4.51	4.57	93122	926995.313
11/30/2012	4.53	4.65	4.53	4.64	97503	967606.313
12/03/2012	4.63	4.63	4.48	4.51	152500	1501354.000
12/04/2012	4.44	4.57	4.42	4.56	193309	1878951.250
12/05/2012	4.56	4.74	4.56	4.70	848841	8576661.000
12/06/2012	4.70	4.72	4.56	4.61	878652	8758736.000
12/07/2012	4.54	4.76	4.54	4.75	714094	7192421.000
12/10/2012	4.75	4.86	4.70	4.85	837628	8637737.000
12/11/2012	4.80	4.83	4.66	4.74	1093588	11141403.000
12/12/2012	4.70	4.75	4.68	4.75	584755	5943753.500
12/13/2012	4.73	4.78	4.65	4.69	384065	3898827.000
12/14/2012	4.71	4.91	4.67	4.89	970833	10087599.000
12/17/2012	4.89	5.06	4.89	4.98	1339238	14304961.000
12/18/2012	4.93	5.13	4.93	5.10	1776518	19262740.000
12/19/2012	5.08	5.09	5.01	5.08	1270037	13772211.000
12/20/2012	5.08	5.37	5.02	5.36	2175004	24195246.000
12/21/2012	5.32	5.52	5.30	5.52	2956799	34264768.000
12/24/2012	5.50	5.52	5.35	5.48	1536457	17873136.000
12/25/2012	5.44	5.63	5.40	5.63	2268347	26916130.000
12/26/2012	5.62	5.72	5.55	5.72	1921832	23079446.000
12/27/2012	5.73	5.82	5.57	5.72	2807718	33804916.000
12/28/2012	5.63	5.71	5.52	5.66	3118339	37429264.000
12/31/2012	5.61	5.61	5.28	5.33	6786210	77735872.000
01/04/2013	5.35	5.40	5.28	5.36	1980999	22620816.000
01/07/2013	5.35	5.41	5.28	5.41	2080907	23794058.000
01/08/2013	5.42	5.46	5.34	5.43	2991320	34575564.000
01/09/2013	5.42	5.50	5.35	5.48	2860809	33093206.000
01/10/2013	5.45	5.51	5.39	5.49	2660771	30960950.000
01/11/2013	5.46	5.49	5.29	5.32	5516118	63398196.000
01/14/2013	5.28	5.50	5.28	5.50	4076224	47191240.000
01/15/2013	5.53	5.66	5.49	5.56	3743076	44428104.000
01/16/2013	5.56	5.59	5.37	5.47	2878829	33642136.000
01/17/2013	5.49	5.52	5.35	5.39	1801320	20853130.000
01/18/2013	5.38	5.49	5.37	5.46	1500126	17412452.000
01/21/2013	5.47	5.56	5.44	5.56	2461604	28956880.000
01/22/2013	5.55	5.55	5.36	5.39	1878203	21908502.000
01/23/2013	5.33	5.42	5.27	5.36	1555135	17745204.000
01/24/2013	5.34	5.41	5.19	5.21	2287179	25985848.000
01/25/2013	5.25	5.25	5.18	5.21	736073	8204126.500
01/28/2013	5.21	5.37	5.19	5.35	1404160	15883361.000
01/29/2013	5.32	5.38	5.32	5.36	1295761	14834543.000
01/30/2013	5.36	5.38	5.29	5.33	1126013	12814240.000
01/31/2013	5.32	5.38	5.27	5.35	1158014	13195368.000
02/01/2013	5.33	5.43	5.29	5.42	1257924	14457754.000
02/04/2013	5.42	5.58	5.39	5.42	1337111	15521428.000
02/05/2013	5.35	5.47	5.35	5.46	1003763	11620758.000
02/06/2013	6.05	6.05	6.05	6.05	1763350	22623780.000
02/07/2013	6.63	6.69	6.53	6.69	10151198	142598768.000
02/08/2013	6.83	7.39	6.74	7.26	14323744	214364160.000
02/18/2013	7.33	7.83	7.23	7.38	11038732	173781024.000
02/19/2013	7.28	7.55	7.24	7.48	7083992	110260592.000
02/20/2013	7.43	7.52	7.29	7.51	5108342	79678400.000
02/21/2013	7.45	7.76	7.33	7.33	7371685	116419224.000
02/22/2013	7.18	7.28	7.08	7.12	5844815	88294552.000
02/25/2013	7.13	7.20	7.01	7.20	2966408	44380400.000
02/26/2013	7.12	7.28	7.02	7.02	3001437	45120716.000
02/27/2013	7.06	7.11	6.87	6.97	2445674	35915300.000
02/28/2013	7.02	7.18	6.94	7.17	3250587	48340296.000
03/01/2013	7.22	7.34	7.15	7.22	3462927	52662552.000
03/04/2013	7.14	7.15	6.90	6.95	2421643	35704488.000
03/05/2013	6.91	7.16	6.91	7.15	1674367	24970904.000
03/06/2013	7.15	7.34	7.09	7.28	2508311	38182264.000
03/07/2013	7.30	7.30	7.06	7.09	2253653	33986476.000
03/08/2013	7.10	7.18	7.00	7.08	1567152	23372140.000
03/11/2013	7.08	7.11	6.99	7.08	916111	13617059.000
03/12/2013	7.08	7.12	6.69	6.82	2199472	31868172.000
03/13/2013	6.80	6.83	6.67	6.75	1031481	14704531.000
03/14/2013	6.75	6.86	6.74	6.76	660740	9474605.000
03/15/2013	6.76	6.91	6.68	6.83	1061312	15261675.000
03/18/2013	6.74	6.93	6.73	6.81	682428	9847605.000
03/19/2013	6.81	6.88	6.73	6.84	624964	8971142.000
03/20/2013	6.83	7.04	6.83	7.03	1368759	20040490.000
03/21/2013	7.11	7.12	6.99	7.05	1559832	23125742.000
03/22/2013	7.04	7.12	7.00	7.06	993314	14763153.000
03/25/2013	7.07	7.09	6.97	6.99	978744	14453156.000
03/26/2013	6.93	6.98	6.80	6.89	1107720	16013930.000
03/27/2013	6.89	6.97	6.88	6.97	812898	11861154.000
03/28/2013	6.91	6.91	6.73	6.73	916977	13139549.000
03/29/2013	6.75	6.81	6.59	6.62	886358	12538997.000
04/01/2013	6.62	6.89	6.56	6.82	902641	12881143.000
04/02/2013	6.79	6.86	6.69	6.69	491058	7000975.000
04/03/2013	6.73	6.78	6.68	6.71	506662	7176073.000
04/08/2013	6.63	6.77	6.57	6.75	556082	7833404.500
04/09/2013	6.75	7.06	6.74	7.03	1895382	27818498.000
04/10/2013	6.98	7.13	6.96	7.01	978397	14474058.000
04/11/2013	7.07	7.08	6.92	6.95	794465	11667847.000
04/12/2013	6.95	7.00	6.87	6.91	647928	9466945.000
04/15/2013	6.88	7.02	6.86	6.96	734457	10744995.000
04/16/2013	6.88	6.90	6.69	6.84	1093611	15626991.000
04/17/2013	6.85	6.88	6.80	6.88	494287	7128731.000
04/18/2013	6.77	6.98	6.77	6.97	905355	13202821.000
04/19/2013	6.94	7.16	6.94	7.12	2213493	33039320.000
04/22/2013	7.08	7.26	7.04	7.26	2289282	34616012.000
04/23/2013	7.33	7.33	6.98	7.03	2067926	30987728.000
04/24/2013	7.01	7.31	6.98	7.29	2720777	41230000.000
04/25/2013	7.31	7.45	7.22	7.22	3636531	56142176.000
04/26/2013	7.22	7.30	6.99	7.01	1809911	27016018.000
05/02/2013	6.96	7.11	6.90	7.06	543705	8042779.000
05/03/2013	7.06	7.26	7.06	7.24	1359523	20622238.000
05/06/2013	7.24	7.43	7.24	7.39	2273871	35222828.000
05/07/2013	7.37	7.48	7.30	7.42	2086343	32322074.000
05/08/2013	7.43	7.47	7.36	7.44	1914066	29779450.000
05/09/2013	7.44	7.57	7.34	7.49	2362078	36953444.000
05/10/2013	7.49	7.56	7.38	7.48	2048443	32122424.000
05/13/2013	7.54	7.67	7.49	7.65	2231991	35618200.000
05/14/2013	7.71	7.71	7.35	7.37	2212902	34587164.000
05/15/2013	7.38	7.48	7.32	7.48	1444136	22419530.000
05/16/2013	7.48	7.58	7.37	7.41	2263109	35495992.000
05/17/2013	7.46	7.64	7.36	7.56	2342609	36922696.000
05/20/2013	7.63	7.81	7.56	7.79	2950401	47601060.000
05/21/2013	7.84	8.32	7.84	8.15	4428264	75013360.000
05/22/2013	8.16	8.22	7.92	7.96	2562512	42920648.000
05/23/2013	8.00	8.10	7.94	8.01	2199571	36980412.000
05/24/2013	7.95	8.08	7.95	8.05	1502100	25184090.000
05/27/2013	8.13	8.23	8.08	8.18	1967445	33556024.000
05/28/2013	8.18	8.18	7.80	7.96	2888993	47922020.000
05/29/2013	8.18	8.23	8.02	8.14	3484044	59311692.000
05/30/2013	8.07	8.12	7.99	8.05	1736089	29206864.000
05/31/2013	8.02	8.23	8.01	8.17	1800650	30625740.000
06/03/2013	8.23	8.30	7.93	8.01	2219682	37765152.000
06/04/2013	8.01	8.10	7.49	7.78	2610622	42415160.000
06/05/2013	7.80	7.82	7.50	7.59	2232560	35685620.000
06/06/2013	7.49	7.50	6.88	6.97	4748849	34391600.000
06/07/2013	6.99	7.03	6.71	6.78	3254130	22592204.000
06/13/2013	6.44	6.67	6.28	6.36	2664908	17381126.000
06/14/2013	6.39	6.54	6.38	6.46	2448642	16103816.000
06/17/2013	6.47	6.50	6.26	6.33	2690149	17435972.000
06/18/2013	6.36	6.39	6.17	6.30	1785387	11410606.000
06/19/2013	6.28	6.35	6.09	6.35	2012660	12788361.000
06/20/2013	6.30	6.30	6.07	6.08	2119182	13365175.000
06/21/2013	5.90	6.03	5.80	5.93	2153510	12993481.000
06/24/2013	5.88	5.91	5.43	5.45	3007690	17351830.000
06/25/2013	5.41	5.57	5.09	5.54	2943630	16248759.000
06/26/2013	5.53	5.65	5.43	5.62	2347819	13357841.000
06/27/2013	5.66	5.70	5.38	5.40	3059245	17395038.000
06/28/2013	5.39	5.51	5.14	5.25	3100368	16875076.000
07/01/2013	5.23	5.45	5.18	5.44	2086422	11417303.000
07/02/2013	5.47	5.63	5.44	5.63	3214067	18315138.000
07/03/2013	5.58	5.61	5.41	5.53	2409700	13578432.000
07/04/2013	5.49	5.63	5.42	5.51	2718633	15402526.000
07/05/2013	5.61	5.61	5.45	5.45	2468974	13926394.000
07/08/2013	5.44	5.44	5.13	5.21	2332533	12456754.000
07/09/2013	5.16	5.25	5.13	5.19	1346355	7129553.000
07/10/2013	5.22	5.37	5.17	5.36	2195914	11874175.000
07/11/2013	5.34	5.64	5.31	5.53	3246679	18276582.000
07/12/2013	5.54	5.78	5.50	5.57	3640346	20922346.000
07/15/2013	5.65	5.72	5.56	5.72	3475747	20063476.000
07/16/2013	5.69	5.90	5.64	5.84	4502769	26546138.000
07/17/2013	5.80	5.95	5.61	5.67	4501849	26576488.000
07/18/2013	5.63	5.72	5.54	5.67	2284164	13158694.000
07/19/2013	5.63	5.72	5.46	5.50	3742017	21394600.000
07/22/2013	5.46	5.54	5.38	5.52	2381222	13283946.000
07/23/2013	5.52	5.87	5.50	5.85	4980157	29116014.000
07/24/2013	5.83	6.13	5.79	6.10	7082101	43137332.000
07/25/2013	6.08	6.10	5.81	5.84	4612035	27889168.000
07/26/2013	5.78	5.84	5.67	5.80	2674453	15725472.000
07/29/2013	5.75	5.88	5.69	5.78	2259794	13331072.000
07/30/2013	5.75	5.81	5.60	5.78	2009878	11728651.000
07/31/2013	5.81	5.85	5.74	5.76	1776363	10498421.000
08/01/2013	5.75	5.94	5.73	5.94	4151596	24939022.000
08/02/2013	5.97	6.30	5.90	6.17	8338866	51889076.000
08/05/2013	6.10	6.21	6.05	6.16	5152514	32209676.000
08/06/2013	6.13	6.15	5.98	6.08	5810447	35970888.000
08/07/2013	6.07	6.11	5.93	5.98	4169269	25440990.000
08/08/2013	5.97	6.17	5.95	6.07	3403609	21091458.000
08/09/2013	6.07	6.18	5.94	6.14	4432746	27416410.000
08/12/2013	6.17	6.18	6.07	6.11	4417455	27500180.000
08/13/2013	6.12	6.16	6.05	6.15	3707429	23142340.000
08/14/2013	6.17	6.78	6.17	6.78	18055006	122923240.000
08/15/2013	6.88	7.40	6.81	7.09	23575527	170434304.000
08/16/2013	6.94	7.08	6.66	6.78	10082065	70175736.000
08/19/2013	6.78	6.88	6.57	6.84	6178564	42490332.000
08/20/2013	6.77	6.84	6.67	6.75	4730764	32528442.000
08/21/2013	6.73	6.84	6.60	6.78	4078316	27913542.000
08/22/2013	6.78	7.03	6.74	6.84	5482116	38379788.000
08/23/2013	6.83	6.91	6.54	6.74	4349581	29786260.000
08/26/2013	6.71	6.84	6.68	6.84	3868184	26570938.000
08/27/2013	6.85	6.88	6.70	6.73	4055469	27886810.000
08/28/2013	6.73	6.73	6.58	6.65	3720708	25130506.000
08/29/2013	6.63	6.70	6.54	6.59	2634960	17679982.000
08/30/2013	6.59	6.59	6.27	6.30	4753146	31064840.000
09/02/2013	6.24	6.41	6.24	6.41	1892132	12203786.000
09/03/2013	6.36	6.54	6.35	6.54	1647911	10852752.000
09/04/2013	6.53	6.54	6.37	6.43	2249039	14739520.000
09/05/2013	6.41	6.56	6.38	6.53	2291047	15183297.000
09/06/2013	6.55	6.56	6.44	6.48	1973439	13049014.000
09/09/2013	6.50	6.55	6.46	6.53	2279294	15084436.000
09/10/2013	6.55	6.56	6.35	6.46	4411549	28987338.000
09/11/2013	6.43	6.44	6.28	6.32	3720783	24030888.000
09/12/2013	6.28	6.39	6.28	6.35	1495977	9672275.000
09/13/2013	6.39	6.41	6.29	6.41	2232258	14435122.000
09/16/2013	6.44	6.44	6.30	6.32	2269092	14688109.000
09/17/2013	6.32	6.34	6.17	6.17	2267351	14417028.000
09/18/2013	6.18	6.29	6.16	6.28	1318477	8378244.500
09/23/2013	6.28	6.36	6.25	6.35	1711860	11035781.000
09/24/2013	6.33	6.42	6.31	6.37	2003273	12981030.000
09/25/2013	6.37	6.37	6.28	6.29	1752610	11283180.000
09/26/2013	6.29	6.30	6.19	6.19	1546508	9837369.000
09/27/2013	6.20	6.31	6.20	6.26	1053953	6716998.500
09/30/2013	6.31	6.46	6.28	6.43	2781001	18112282.000
10/08/2013	6.46	6.47	6.37	6.45	2452567	16045355.000
10/09/2013	6.43	6.67	6.40	6.63	5305372	35567264.000
10/10/2013	6.65	6.66	6.41	6.45	3383493	22450520.000
10/11/2013	6.43	6.53	6.42	6.50	2847078	18773520.000
10/14/2013	6.50	6.54	6.43	6.54	3083004	20357894.000
10/15/2013	6.54	6.56	6.44	6.51	2065135	13657057.000
10/16/2013	6.45	6.50	6.28	6.33	2538799	16421027.000
10/17/2013	6.33	6.56	6.33	6.46	3137016	20715924.000
10/18/2013	6.46	6.67	6.42	6.64	5013707	33691848.000
10/21/2013	6.63	6.83	6.59	6.76	5501503	37715604.000
10/22/2013	6.77	7.12	6.72	6.90	8373120	59154520.000
10/23/2013	6.91	6.96	6.58	6.68	4348795	29761502.000
10/24/2013	6.65	6.73	6.54	6.66	2331823	15767313.000
10/25/2013	6.58	6.74	6.58	6.68	2379266	16144422.000
10/28/2013	6.69	7.12	6.64	7.12	8028697	56651304.000
10/29/2013	7.13	7.84	7.01	7.42	20296006	153717136.000
10/30/2013	7.28	8.04	7.13	8.01	16423144	129854552.000
10/31/2013	7.88	7.90	7.38	7.41	10829910	83802632.000
11/01/2013	7.28	7.29	6.93	6.96	7455213	53389284.000
11/04/2013	6.96	7.21	6.68	7.18	6269505	44468096.000
11/05/2013	7.09	7.27	6.96	7.15	5290888	38243852.000
11/06/2013	7.16	7.52	6.99	7.20	8156557	60477680.000
11/07/2013	7.19	7.45	7.06	7.26	5615595	41492688.000
11/08/2013	7.25	7.36	6.85	6.86	5767281	41382244.000
11/11/2013	6.84	7.09	6.71	6.96	3846146	27231458.000
11/12/2013	6.97	7.00	6.86	6.96	3789902	26705950.000
11/13/2013	6.97	6.97	6.68	6.68	3257792	22645606.000
11/14/2013	6.60	6.68	6.37	6.62	5132090	34123392.000
11/15/2013	6.62	6.90	6.59	6.76	4644027	32115356.000
11/18/2013	6.77	7.16	6.77	7.13	5132044	36511920.000
11/20/2013	7.35	7.68	7.18	7.29	8424598	63154556.000
11/21/2013	7.21	7.23	7.03	7.13	5203103	37558972.000
11/22/2013	7.13	7.27	7.07	7.15	3758187	27388830.000
11/25/2013	7.13	7.27	7.13	7.21	3563091	26162300.000
11/26/2013	7.15	7.24	7.02	7.08	3120199	22472300.000
11/27/2013	7.07	7.20	7.04	7.18	3226062	23417220.000
11/28/2013	7.18	7.28	7.14	7.16	4783181	35049716.000
11/29/2013	7.16	7.25	7.09	7.25	5355934	39144244.000
12/02/2013	7.05	7.06	6.51	6.53	6607140	45469592.000
12/03/2013	6.42	6.65	6.27	6.65	3344157	21972884.000
12/04/2013	6.64	6.80	6.59	6.68	2990093	20463282.000
12/05/2013	6.67	6.72	6.58	6.65	2614165	17638172.000
12/06/2013	6.65	6.70	6.62	6.69	1754876	11891801.000
12/09/2013	6.68	6.80	6.67	6.80	2252462	15506331.000
12/10/2013	6.80	6.80	6.67	6.75	1477804	10130582.000
12/11/2013	6.71	6.77	6.67	6.68	1497400	10224658.000
12/12/2013	6.68	6.81	6.68	6.76	2071927	14253510.000
12/13/2013	6.77	6.95	6.72	6.88	3436076	24040128.000
12/16/2013	6.84	7.08	6.80	7.03	4969912	35333252.000
12/17/2013	7.03	7.13	6.91	7.10	4593549	32900960.000
12/18/2013	7.06	7.25	7.02	7.24	5288541	38552256.000
12/19/2013	7.30	7.31	6.91	6.93	5316319	38424156.000
12/20/2013	6.94	7.01	6.65	6.69	3722473	25664504.000
12/23/2013	6.66	6.71	6.47	6.61	1768237	11896308.000
12/24/2013	6.67	6.82	6.61	6.73	1964638	13436175.000
12/25/2013	6.70	6.97	6.68	6.97	2630334	18352366.000
12/26/2013	7.03	7.03	6.76	6.79	2597747	18270308.000
12/27/2013	6.74	7.13	6.74	7.08	3985704	28399280.000
12/30/2013	7.15	7.31	7.03	7.26	6074661	44401492.000
12/31/2013	7.18	7.23	7.04	7.19	3609361	26193968.000
01/02/2014	7.21	7.30	7.14	7.21	4154270	30582990.000
01/03/2014	7.13	7.21	7.03	7.11	4575216	33047378.000
01/06/2014	7.16	7.16	6.90	6.90	3063228	21803708.000
01/07/2014	6.88	7.25	6.74	7.24	3741926	26711626.000
01/08/2014	7.22	7.56	7.20	7.44	9288112	70160424.000
01/09/2014	7.32	7.48	7.05	7.08	4843040	35862008.000
01/10/2014	7.02	7.44	7.01	7.36	5672470	41943188.000
01/13/2014	7.36	7.53	7.29	7.48	5806756	43787504.000
01/14/2014	7.52	7.60	7.36	7.58	6470947	49294484.000
01/15/2014	7.54	7.63	7.40	7.51	5580979	42331864.000
01/16/2014	7.47	7.49	7.34	7.38	4520729	34013456.000
01/17/2014	7.38	7.45	7.17	7.45	4581578	34064784.000
01/20/2014	7.41	7.47	7.22	7.22	3512370	26176868.000
01/21/2014	7.19	7.44	7.19	7.44	3296556	24565624.000
01/22/2014	7.45	7.58	7.40	7.53	5824843	44295472.000
01/23/2014	7.53	7.84	7.46	7.72	8000737	62326884.000
01/24/2014	7.66	7.82	7.62	7.69	5104810	39956208.000
01/27/2014	7.66	7.69	7.46	7.49	4903966	37689420.000
01/28/2014	7.52	7.65	7.43	7.62	3532902	27128926.000
01/29/2014	7.62	7.83	7.54	7.77	4613036	36080516.000
01/30/2014	7.77	7.83	7.65	7.68	2809678	22082338.000
02/07/2014	7.66	8.06	7.56	7.91	5174372	41180624.000
02/10/2014	7.91	8.41	7.90	8.25	7893617	65645112.000
02/11/2014	8.25	8.51	8.01	8.21	7466378	62662956.000
02/12/2014	8.16	8.73	8.10	8.65	9772416	84750696.000
02/13/2014	8.68	8.68	8.29	8.30	6910975	59718392.000
02/14/2014	8.26	8.49	8.19	8.36	6942104	58843368.000
02/17/2014	8.36	8.58	8.21	8.55	7829290	66471316.000
02/18/2014	8.58	9.18	8.38	8.91	11137843	99433384.000
02/19/2014	8.91	9.08	8.68	8.84	7349521	66284100.000
02/20/2014	8.74	8.88	8.48	8.60	5728911	50009344.000
02/21/2014	8.56	8.74	8.08	8.35	4585441	39204836.000
02/24/2014	8.31	8.55	8.23	8.54	3299534	28070924.000
02/25/2014	8.54	8.56	7.67	7.69	7807666	64504080.000
02/26/2014	7.67	7.67	7.28	7.60	4679024	35613600.000
02/27/2014	7.57	7.83	7.48	7.51	3246970	25317634.000
02/28/2014	7.51	7.80	7.38	7.77	2686592	20719084.000
03/03/2014	7.79	7.96	7.71	7.86	2915462	23214464.000
03/04/2014	7.81	7.90	7.61	7.73	2467085	19425790.000
03/05/2014	7.76	7.94	7.73	7.79	2620191	20877924.000
03/06/2014	7.74	7.93	7.74	7.92	3264940	26028362.000
03/07/2014	7.90	8.03	7.81	7.85	2742418	22107768.000
03/10/2014	7.60	7.83	7.40	7.52	2697052	20836070.000
03/11/2014	7.48	7.58	7.24	7.33	2301468	17364688.000
03/12/2014	7.26	7.39	7.12	7.27	2573998	18983952.000
03/13/2014	7.25	7.40	7.22	7.40	1980543	14761306.000
03/14/2014	7.38	7.48	7.28	7.34	1768417	13228618.000
03/17/2014	7.38	7.54	7.34	7.54	2521686	19131790.000
03/18/2014	7.51	7.63	7.48	7.55	1783496	13691412.000
03/19/2014	7.53	7.54	7.40	7.53	2076276	15741186.000
03/20/2014	7.50	7.61	7.30	7.30	2121005	16143618.000
03/21/2014	7.23	7.43	7.09	7.43	2105292	15469592.000
03/24/2014	7.40	7.46	7.35	7.41	1959728	14739131.000
03/25/2014	7.42	7.53	7.34	7.40	1574863	11890913.000
03/26/2014	7.39	7.49	7.37	7.46	1931407	14602789.000
03/27/2014	7.44	7.46	7.23	7.23	2412668	17936036.000
03/28/2014	7.22	7.24	6.94	6.99	2702755	19464748.000
03/31/2014	6.98	7.03	6.88	6.96	1396466	9883069.000
04/01/2014	6.95	7.16	6.92	7.12	1220959	8808217.000
04/02/2014	7.17	7.18	7.03	7.10	1078610	7761819.500
04/03/2014	7.10	7.17	7.04	7.10	930865	6733716.000
04/04/2014	7.08	7.17	7.03	7.16	831013	6030121.500
04/08/2014	7.18	7.33	7.11	7.30	1329405	9819082.000
04/09/2014	7.30	7.41	7.29	7.36	1346080	10054931.000
04/10/2014	7.38	7.42	7.32	7.32	1615378	12091012.000
04/11/2014	7.30	7.30	7.20	7.25	1311032	9652722.000
04/14/2014	7.24	7.32	7.20	7.32	1525808	11241391.000
04/15/2014	7.29	7.32	7.23	7.26	1023061	7548075.500
04/16/2014	7.26	7.28	7.19	7.26	762468	5608336.000
04/17/2014	7.26	7.30	7.22	7.28	1176692	8687546.000
04/18/2014	7.28	7.37	7.24	7.35	1384752	10300983.000
04/21/2014	7.34	7.42	7.25	7.25	1536405	11465465.000
04/22/2014	7.20	7.25	6.98	7.08	2120201	15256090.000
04/23/2014	7.06	7.11	7.03	7.09	633796	4557170.000
04/24/2014	7.10	7.10	7.00	7.04	1095283	7841636.000
04/25/2014	7.07	7.07	6.89	6.90	1205712	8556156.000
04/28/2014	6.89	6.89	6.58	6.59	1349348	9175706.000
04/29/2014	6.59	6.68	6.48	6.65	1319330	8855041.000
04/30/2014	6.63	6.71	6.58	6.69	1392997	9435515.000
08/05/2014	7.36	7.36	7.36	7.36	73949	544264.625
08/06/2014	8.10	8.10	8.10	8.10	302373	2449221.250
08/07/2014	8.91	8.91	8.91	8.91	538524	4798249.000
08/08/2014	9.80	9.80	8.81	8.82	27934333	258580800.000
08/11/2014	8.69	9.18	8.52	8.91	14582434	128580792.000
08/12/2014	8.85	9.00	8.73	8.85	7928861	70138160.000
08/13/2014	8.82	8.97	8.76	8.91	5086278	45163880.000
08/14/2014	8.90	8.97	8.75	8.75	4519908	40118052.000
08/15/2014	8.74	8.82	8.66	8.80	3782977	33124746.000
08/18/2014	8.75	9.25	8.73	9.20	8680046	77970680.000
08/19/2014	9.12	9.30	8.96	9.09	5546834	50506684.000
08/20/2014	9.04	9.59	8.94	9.36	9813569	90937880.000
08/21/2014	9.21	9.50	8.99	9.14	6656958	61135716.000
08/22/2014	9.15	9.17	9.01	9.12	3401665	30905896.000
08/25/2014	9.07	9.09	8.76	8.77	6023124	53433320.000
08/26/2014	8.77	8.90	8.52	8.62	3268622	28356754.000
08/27/2014	8.62	8.72	8.57	8.67	1841061	15950046.000
08/28/2014	8.67	8.74	8.59	8.67	1794001	15565242.000
08/29/2014	8.61	8.79	8.57	8.79	1844413	16017777.000
09/01/2014	8.79	8.99	8.76	8.93	2277092	20311100.000
09/02/2014	8.96	9.05	8.90	9.04	3412382	30703504.000
09/03/2014	9.05	9.07	8.94	9.04	3670128	33064736.000
09/04/2014	9.04	9.15	8.97	9.08	4299601	38919196.000
09/05/2014	9.07	9.09	8.88	9.00	3318594	29764806.000
09/09/2014	9.02	9.14	8.90	9.10	2776818	25093232.000
09/10/2014	9.07	9.09	8.98	9.06	3420453	30891716.000
09/11/2014	9.05	9.22	9.01	9.10	4708918	42993644.000
09/12/2014	9.04	9.15	9.01	9.13	3122627	28390208.000
09/15/2014	9.50	9.94	9.46	9.72	11067274	107638696.000
09/16/2014	9.60	9.80	9.13	9.21	7632163	72455032.000
09/17/2014	9.12	9.25	8.92	9.14	4141366	37704240.000
09/18/2014	9.11	9.33	9.07	9.30	3442578	31652324.000
09/19/2014	9.27	9.59	9.22	9.50	4789370	45096764.000
09/22/2014	9.50	9.51	9.17	9.20	3287327	30639644.000
09/23/2014	9.24	9.46	9.23	9.38	2428199	22735802.000
09/24/2014	9.38	9.67	9.34	9.56	4318213	41150268.000
09/25/2014	9.63	9.75	9.50	9.63	4641125	44662624.000
09/26/2014	9.68	9.72	9.52	9.67	3514570	33842284.000
09/29/2014	9.72	9.86	9.68	9.83	4502990	44037032.000
09/30/2014	9.90	10.64	9.90	10.35	8294852	85479312.000
10/08/2014	10.30	11.08	10.18	10.94	7926464	84839080.000
10/09/2014	11.00	11.43	10.70	10.95	9288257	103053880.000
10/10/2014	11.00	11.00	10.66	10.89	4560900	49466220.000
10/13/2014	10.78	11.98	10.43	11.77	15661400	182023744.000
10/14/2014	11.50	11.82	11.23	11.33	8629416	99691112.000
10/15/2014	11.35	11.64	10.91	11.50	7036020	79768072.000
10/16/2014	11.38	11.46	10.80	10.80	6294078	70196280.000
10/17/2014	10.86	10.93	10.36	10.62	4412751	47157332.000
10/20/2014	10.69	11.55	10.65	11.54	8568952	97302240.000
10/21/2014	11.40	12.69	11.33	12.45	12192781	150696864.000
10/22/2014	12.40	12.79	12.11	12.35	5530886	68536952.000
10/23/2014	12.10	12.44	11.71	11.91	3680787	44328188.000
10/24/2014	11.91	12.32	11.71	11.72	3056975	36625380.000
10/27/2014	11.53	12.16	11.53	12.00	3218593	38566016.000
10/28/2014	12.09	12.49	12.09	12.45	3183174	39173840.000
数据来源:通达信
