300066 三川股份 日线
      日期	    开盘	    最高	    最低	    收盘	    成交量	    成交额
10/08/2010	8.80	9.02	8.76	8.96	376795	16709987.000
10/11/2010	8.99	8.99	8.81	8.94	415087	18335960.000
10/12/2010	8.94	9.12	8.91	8.97	412672	18509746.000
10/13/2010	8.97	9.05	8.88	9.04	383919	17110220.000
10/14/2010	9.06	9.18	8.95	8.96	481361	21701500.000
10/15/2010	8.97	8.97	8.76	8.92	433446	19054186.000
10/18/2010	8.85	8.86	8.60	8.82	433148	18748832.000
10/19/2010	8.80	9.65	8.74	9.44	1131453	52372964.000
10/20/2010	9.16	9.59	9.16	9.40	903369	42257952.000
10/21/2010	9.40	9.45	9.15	9.21	525491	24031594.000
10/22/2010	9.32	9.58	9.23	9.35	663087	30964288.000
10/25/2010	9.36	9.56	9.27	9.54	700786	33046572.000
10/26/2010	9.81	10.51	9.81	9.93	1321760	65538404.000
10/27/2010	9.82	9.93	9.66	9.67	825757	40054632.000
10/28/2010	9.65	9.92	9.64	9.89	648973	31449518.000
10/29/2010	9.91	10.20	9.90	10.05	1100033	54813900.000
11/01/2010	10.20	10.61	10.11	10.54	1515804	78584568.000
11/02/2010	10.55	10.61	10.09	10.09	1314796	67003732.000
11/03/2010	10.02	10.07	9.75	9.78	775920	37959096.000
11/04/2010	9.80	9.97	9.72	9.97	444476	21684658.000
11/05/2010	10.09	10.09	9.89	10.04	654787	32411492.000
11/08/2010	10.02	10.44	9.96	10.39	936002	47543608.000
11/09/2010	10.40	10.51	10.30	10.43	812325	41807972.000
11/10/2010	10.44	10.79	10.30	10.72	1212705	64098964.000
11/11/2010	10.70	10.92	10.41	10.45	1255121	66660848.000
11/12/2010	10.47	10.67	9.74	9.92	1259027	63892476.000
11/15/2010	9.97	10.94	9.97	10.94	1544890	80680280.000
11/16/2010	11.09	11.73	10.76	11.09	2877442	161080112.000
11/17/2010	10.93	11.40	10.82	10.97	1857220	102904112.000
11/18/2010	11.12	11.30	10.61	11.13	1196824	64731928.000
11/19/2010	11.14	11.88	11.14	11.82	1986301	113882280.000
11/22/2010	11.82	12.30	11.57	11.80	1743532	103050840.000
11/23/2010	11.72	12.49	11.49	12.43	1382442	81198840.000
11/24/2010	12.26	12.75	12.23	12.54	1176548	72583528.000
11/25/2010	12.56	12.57	11.97	12.18	1257857	76018856.000
11/26/2010	12.11	12.49	11.91	12.18	1101973	66346156.000
11/29/2010	12.06	12.99	12.06	12.82	1185577	73057392.000
11/30/2010	12.90	12.90	11.53	12.30	1464064	88232504.000
12/01/2010	12.09	12.31	11.88	12.03	636318	37905772.000
12/02/2010	12.26	12.30	11.88	11.90	707022	42081472.000
12/03/2010	11.85	11.97	11.50	11.65	658936	37948984.000
12/06/2010	11.65	11.73	11.12	11.18	840952	46970396.000
12/07/2010	11.14	11.59	11.09	11.55	580022	32654110.000
12/08/2010	11.49	11.69	11.45	11.51	405625	23142906.000
12/09/2010	11.47	11.57	11.24	11.24	385998	21636352.000
12/10/2010	11.23	11.63	11.15	11.58	442857	25107362.000
12/13/2010	11.73	12.15	11.63	12.04	714404	42119080.000
12/14/2010	12.05	12.17	11.92	12.01	483357	28688150.000
12/16/2010	11.90	12.54	11.89	12.36	843202	51262936.000
12/17/2010	12.31	12.49	12.28	12.40	452012	27534424.000
12/20/2010	12.40	12.46	11.70	12.03	858202	51085620.000
12/21/2010	12.09	12.13	11.83	11.94	481005	28402860.000
12/22/2010	11.97	12.18	11.91	11.94	416073	24710772.000
12/23/2010	11.95	12.01	11.50	11.51	533754	30678364.000
12/24/2010	11.42	11.42	11.11	11.14	473018	26181358.000
12/27/2010	11.19	11.41	10.72	10.80	468377	25637236.000
12/28/2010	10.74	11.11	10.73	10.95	322038	17384070.000
12/29/2010	10.95	11.31	10.93	11.26	289065	15906089.000
12/30/2010	11.16	11.39	11.15	11.28	192434	10708196.000
12/31/2010	11.34	11.54	11.34	11.49	291361	16498678.000
01/04/2011	11.55	11.68	11.41	11.64	402988	23044844.000
01/05/2011	11.55	11.64	11.40	11.50	362339	20566412.000
01/06/2011	11.42	11.54	11.31	11.35	254067	14351831.000
01/10/2011	11.23	11.23	10.72	10.74	517238	27928848.000
01/11/2011	10.72	10.74	10.43	10.59	305599	15969714.000
01/12/2011	10.59	10.83	10.59	10.75	191952	10154241.000
01/13/2011	10.76	11.04	10.76	10.91	198614	10706234.000
01/14/2011	10.82	10.83	10.47	10.52	227439	11889878.000
01/17/2011	10.41	10.55	10.12	10.14	301474	15317317.000
01/18/2011	10.10	10.20	10.01	10.05	216640	10827361.000
01/19/2011	10.09	10.29	10.01	10.21	173130	8749034.000
01/20/2011	10.23	10.36	9.95	9.99	255440	12878157.000
01/21/2011	9.84	10.16	9.84	10.04	161699	8030161.500
01/24/2011	10.40	10.44	9.99	10.00	306862	15546599.000
01/25/2011	9.92	10.04	9.59	9.72	260220	12531805.000
01/26/2011	9.80	10.02	9.76	9.90	156040	7655922.500
01/27/2011	9.89	10.09	9.76	10.03	170203	8398294.000
01/28/2011	10.05	10.23	10.02	10.23	190531	9559530.000
01/31/2011	10.24	10.51	10.24	10.34	267767	13795963.000
02/01/2011	10.26	10.44	10.21	10.30	145154	7384305.500
02/09/2011	10.10	10.26	10.05	10.11	156211	7845104.000
02/10/2011	10.15	10.46	10.01	10.46	259221	13270136.000
02/11/2011	10.44	10.57	10.44	10.55	249896	12999314.000
02/14/2011	10.57	10.69	10.49	10.66	341911	17935796.000
02/15/2011	10.57	10.82	10.57	10.64	322331	17063170.000
02/16/2011	10.69	11.21	10.64	11.21	592986	32384232.000
02/17/2011	11.23	11.45	11.14	11.23	492982	27449124.000
02/18/2011	11.22	11.30	11.02	11.03	381899	21009926.000
02/21/2011	10.95	11.30	10.93	11.30	311600	17200974.000
02/22/2011	11.30	11.50	10.82	10.84	416658	22797794.000
02/23/2011	10.84	11.13	10.83	11.03	268048	14550272.000
02/24/2011	10.94	11.22	10.93	11.11	267351	14638926.000
02/25/2011	10.93	11.08	10.68	10.72	507220	27102010.000
02/28/2011	10.74	10.81	10.59	10.71	315200	16645701.000
03/01/2011	10.78	10.86	10.72	10.76	231311	12311349.000
03/02/2011	10.77	10.77	10.49	10.54	371843	19407914.000
03/03/2011	10.61	10.61	10.16	10.24	410928	21119476.000
03/04/2011	10.18	10.41	10.18	10.39	187120	9534370.000
03/07/2011	10.40	10.50	10.39	10.42	305314	15749833.000
03/08/2011	10.50	10.62	10.38	10.62	294414	15257129.000
03/09/2011	10.65	10.65	10.43	10.55	269788	14004037.000
03/10/2011	10.54	10.71	10.44	10.62	399843	21021098.000
03/11/2011	10.62	10.87	10.59	10.76	417856	22239262.000
03/14/2011	10.76	10.93	10.68	10.88	297914	15977147.000
03/15/2011	10.89	10.91	10.54	10.69	306367	16187893.000
03/16/2011	10.72	10.84	10.70	10.80	194138	10328869.000
03/17/2011	10.72	10.78	10.46	10.46	275330	14446658.000
03/18/2011	10.57	10.59	10.46	10.52	112889	5881062.000
03/21/2011	10.53	10.59	10.36	10.43	146960	7588648.500
03/22/2011	10.45	10.45	10.29	10.36	226040	11574274.000
03/23/2011	10.34	10.54	10.34	10.53	181310	9396630.000
03/24/2011	10.55	10.78	10.54	10.66	290619	15371864.000
03/25/2011	10.68	10.77	10.57	10.70	334359	17699962.000
03/28/2011	10.75	10.92	10.71	10.86	713254	38195008.000
03/29/2011	10.68	10.68	10.16	10.16	1002271	51061372.000
03/30/2011	10.10	10.15	9.73	9.73	499506	24502162.000
03/31/2011	9.80	9.92	9.71	9.76	327847	15904144.000
04/01/2011	9.84	9.87	9.76	9.87	207858	10115235.000
04/06/2011	9.89	9.89	9.65	9.72	212684	10293507.000
04/07/2011	9.70	9.88	9.70	9.87	178259	8669101.000
04/08/2011	9.87	10.07	9.84	10.05	200294	9910310.000
04/11/2011	10.05	10.09	9.86	9.89	198722	9782707.000
04/12/2011	9.89	9.92	9.76	9.76	144880	7054310.500
04/13/2011	9.73	9.95	9.73	9.94	162351	7936321.000
04/14/2011	9.90	9.95	9.79	9.82	143214	6981248.000
04/15/2011	9.82	9.88	9.74	9.84	133306	6463456.000
04/18/2011	9.74	9.85	9.73	9.76	160238	7779587.000
04/20/2011	9.84	9.84	9.56	9.78	273309	13090042.000
04/21/2011	9.74	9.84	9.69	9.79	185470	8973354.000
04/22/2011	9.73	9.73	9.40	9.40	467700	22093156.000
04/25/2011	9.47	9.47	8.97	8.99	385567	17551186.000
04/26/2011	8.99	9.16	8.94	9.11	214489	9630856.000
04/27/2011	9.11	9.17	8.94	8.95	184225	8290748.500
04/28/2011	8.93	8.99	8.52	8.58	204188	8866500.000
04/29/2011	8.59	8.59	8.30	8.39	361656	7493711.000
05/03/2011	8.18	8.54	8.18	8.43	190725	3954440.000
05/04/2011	8.43	8.65	8.24	8.28	259952	5433881.000
05/05/2011	8.28	8.42	8.19	8.25	126050	2586828.750
05/06/2011	8.25	8.32	8.18	8.31	187714	3830182.500
05/09/2011	8.36	8.51	8.23	8.44	303277	6275860.500
05/10/2011	8.44	8.50	8.33	8.45	195561	4051842.250
05/11/2011	8.45	8.46	8.32	8.34	212541	4399827.500
05/12/2011	8.38	8.38	8.05	8.09	311121	6299507.000
05/13/2011	8.18	8.18	7.91	8.11	313291	6241223.500
05/16/2011	8.11	8.11	7.93	7.93	220068	4348543.000
05/17/2011	7.93	7.93	7.67	7.80	328416	6336722.500
05/18/2011	7.76	7.86	7.68	7.80	188343	3626389.250
05/19/2011	7.86	7.86	7.68	7.69	253287	4856742.000
05/20/2011	7.69	7.73	7.45	7.53	331891	6200053.500
05/23/2011	7.28	7.51	6.85	7.01	632186	11137961.000
05/24/2011	6.89	7.38	6.88	7.26	442650	7871067.000
05/25/2011	7.20	7.23	6.85	6.86	306340	5352518.500
05/26/2011	6.99	7.00	6.86	6.86	183284	3149415.000
05/27/2011	6.89	7.02	6.87	6.91	303739	5222080.000
05/30/2011	6.91	7.09	6.77	6.94	407822	7064050.000
05/31/2011	6.96	7.24	6.86	7.14	363279	6391947.500
06/01/2011	7.14	7.20	7.04	7.15	301843	5349275.500
06/02/2011	7.09	7.09	6.84	6.98	354172	6104891.000
06/03/2011	6.91	7.13	6.91	7.06	174532	3056773.500
06/07/2011	7.06	7.16	7.03	7.09	172511	3025795.250
06/08/2011	7.09	7.23	7.01	7.16	412670	7308831.000
06/09/2011	7.10	7.13	6.95	6.97	219591	3837277.000
06/10/2011	6.95	6.97	6.80	6.97	248983	4259249.500
06/13/2011	6.95	7.11	6.84	7.08	338288	5886884.500
06/14/2011	6.99	7.21	6.99	7.14	283636	5019443.500
06/15/2011	7.13	7.20	7.07	7.09	311060	5508225.500
06/16/2011	6.99	7.12	6.95	6.99	162177	2831114.750
06/17/2011	6.94	7.01	6.86	6.94	251072	4309134.500
06/20/2011	6.89	6.94	6.80	6.84	147312	2504867.000
06/21/2011	6.92	6.94	6.84	6.94	96332	1649886.125
06/22/2011	6.94	6.95	6.89	6.91	147501	2537987.250
06/23/2011	6.81	7.20	6.68	7.16	473329	8345816.000
06/24/2011	7.13	7.34	7.13	7.29	654935	11756248.000
06/27/2011	7.34	7.53	7.29	7.45	525963	9687984.000
06/28/2011	7.49	7.49	7.32	7.39	337940	6170895.000
06/29/2011	7.37	7.46	7.29	7.29	457203	8313409.000
06/30/2011	7.29	7.36	7.24	7.36	545779	9903125.000
07/01/2011	7.36	7.45	7.33	7.34	538835	9835132.000
07/04/2011	7.43	7.44	7.34	7.44	787851	14423145.000
07/05/2011	7.44	7.58	7.39	7.49	479994	8896652.000
07/06/2011	7.48	7.58	7.41	7.57	686475	12702975.000
07/07/2011	7.52	7.82	7.52	7.66	903006	17206620.000
07/08/2011	7.64	7.78	7.56	7.66	378886	7166878.000
07/11/2011	7.66	7.74	7.56	7.71	372167	7077831.000
07/12/2011	7.64	7.64	7.41	7.41	669959	12445056.000
07/13/2011	7.39	7.57	7.39	7.54	510097	9456794.000
07/14/2011	7.62	7.86	7.53	7.83	1104333	21063118.000
07/15/2011	7.83	8.06	7.75	8.05	1132931	22289656.000
07/18/2011	8.04	8.16	7.88	7.91	780802	15390306.000
07/19/2011	7.89	7.89	7.72	7.78	411860	7916360.500
07/20/2011	7.79	7.88	7.61	7.81	267600	5142948.000
07/21/2011	7.86	7.86	7.64	7.64	258100	4915873.000
07/25/2011	7.47	7.71	7.18	7.20	505559	9265940.000
07/26/2011	7.18	7.29	7.15	7.26	197350	3531869.500
07/27/2011	7.26	7.37	7.22	7.34	291402	5277050.000
07/28/2011	7.33	7.51	7.26	7.51	367518	6720213.000
07/29/2011	7.49	7.54	7.40	7.43	281564	5195987.000
08/01/2011	7.41	7.66	7.38	7.55	420159	7859804.000
08/02/2011	7.54	7.55	7.27	7.54	387071	7121108.000
08/03/2011	7.48	7.96	7.43	7.92	1155654	22460236.000
08/04/2011	7.92	7.92	7.73	7.80	774392	14927207.000
08/05/2011	7.48	7.81	7.05	7.61	640772	12056353.000
08/08/2011	7.43	7.55	7.01	7.11	636540	11460987.000
08/09/2011	6.84	7.32	6.44	7.26	709317	12234211.000
08/10/2011	7.27	7.62	7.27	7.46	964963	17949596.000
08/11/2011	7.30	7.66	7.22	7.65	785053	14639153.000
08/12/2011	7.75	7.88	7.67	7.80	839534	16191639.000
08/15/2011	7.88	7.96	7.79	7.85	1211802	23553290.000
08/16/2011	7.83	7.88	7.72	7.73	573180	11031267.000
08/17/2011	7.75	7.96	7.64	7.88	649901	12564902.000
08/18/2011	7.82	7.94	7.71	7.78	487054	9411585.000
08/19/2011	7.57	7.80	7.47	7.77	345267	6523619.000
08/22/2011	7.86	7.86	7.52	7.65	386884	7386854.000
08/23/2011	7.75	8.05	7.64	8.05	733417	14275596.000
08/24/2011	8.07	8.37	8.01	8.20	1923143	39025296.000
08/25/2011	8.16	8.27	7.96	8.19	1143674	23027510.000
08/26/2011	8.18	8.47	8.10	8.43	1354514	27712052.000
08/29/2011	8.44	8.50	8.19	8.28	1234404	25512706.000
08/30/2011	8.26	8.34	8.08	8.08	696104	14127933.000
08/31/2011	8.09	8.17	8.02	8.14	381288	7620472.500
09/01/2011	8.21	8.42	8.11	8.34	702149	14310739.000
09/02/2011	8.30	8.71	8.28	8.57	1996695	42081748.000
09/05/2011	8.57	8.64	8.42	8.59	1154296	24382582.000
09/06/2011	8.54	8.54	8.06	8.06	1274793	26002424.000
09/07/2011	8.09	8.30	8.07	8.21	682375	13806273.000
09/08/2011	8.29	8.29	8.09	8.11	788890	15859967.000
09/09/2011	8.09	8.17	7.80	7.92	684896	13470531.000
09/13/2011	7.68	7.91	7.68	7.69	468142	8955271.000
09/14/2011	7.73	7.76	7.55	7.76	380564	7219736.500
09/15/2011	7.76	7.80	7.72	7.75	255508	4899421.000
09/16/2011	7.76	7.78	7.36	7.36	846112	15836321.000
09/19/2011	7.35	7.36	7.06	7.12	395091	7019242.000
09/20/2011	7.10	7.21	7.01	7.08	383049	6731556.000
09/21/2011	7.09	7.45	7.05	7.43	511783	9206716.000
09/22/2011	7.26	7.34	7.11	7.14	261319	4682838.500
09/23/2011	7.14	7.14	6.89	7.01	216861	3768545.500
09/26/2011	6.99	7.09	6.89	6.90	131379	2285328.500
09/27/2011	6.94	7.09	6.93	7.02	112007	1942905.750
09/28/2011	7.09	7.09	6.93	6.99	129400	2247249.000
09/29/2011	6.97	6.98	6.73	6.92	350884	5979117.000
09/30/2011	6.94	6.99	6.82	6.97	210605	3626627.250
10/10/2011	6.98	6.99	6.84	6.89	134154	2298940.500
10/11/2011	7.21	7.22	6.85	6.91	184740	3182704.750
10/12/2011	6.65	7.08	6.65	7.06	225223	3896200.000
10/13/2011	6.99	7.22	6.99	7.11	251276	4446185.000
10/14/2011	7.16	7.16	7.01	7.09	131833	2317979.000
10/17/2011	7.21	7.21	6.96	6.98	342450	5972994.500
10/18/2011	6.98	6.99	6.69	6.70	258039	4369866.000
10/19/2011	6.83	6.83	6.66	6.70	112900	1880024.750
10/20/2011	6.66	6.66	6.36	6.37	252921	4076590.750
10/21/2011	6.34	6.38	6.30	6.34	102961	1624820.125
10/24/2011	6.37	6.37	5.95	6.28	257251	3922245.250
10/25/2011	6.26	6.55	6.20	6.39	297108	4710904.500
10/26/2011	6.23	6.55	6.23	6.54	540357	8710099.000
10/27/2011	6.54	6.61	6.49	6.53	220959	3600265.250
10/28/2011	6.62	6.74	6.51	6.66	487761	7967209.000
10/31/2011	6.66	6.74	6.60	6.72	560857	9303414.000
11/01/2011	6.64	6.76	6.59	6.75	435708	7236520.000
11/02/2011	6.66	6.93	6.55	6.92	751456	12611475.000
11/03/2011	7.21	7.21	6.89	6.89	734876	12806307.000
11/04/2011	6.96	7.00	6.86	6.94	480813	8269949.000
11/07/2011	6.94	7.04	6.92	7.00	342153	5921704.000
11/08/2011	7.02	7.02	6.78	6.79	375690	6445256.000
11/09/2011	6.82	6.97	6.70	6.96	473601	8040471.500
11/10/2011	6.89	7.27	6.84	7.06	1072450	18926904.000
11/11/2011	7.34	7.79	7.34	7.79	866059	16574633.000
11/14/2011	8.17	8.32	8.00	8.32	4654819	93620208.000
11/15/2011	8.19	8.50	8.09	8.26	4182858	85808552.000
11/16/2011	8.22	8.25	7.79	7.89	2076603	41132700.000
11/17/2011	7.81	8.01	7.68	7.84	1647637	31868196.000
11/18/2011	7.68	7.91	7.51	7.56	1141395	21720028.000
11/21/2011	7.51	7.74	7.46	7.74	991925	18676342.000
11/22/2011	7.64	7.72	7.33	7.55	994489	18544710.000
11/23/2011	7.70	7.99	7.60	7.69	2200642	42626360.000
11/24/2011	7.47	7.59	7.30	7.55	1198230	22098300.000
11/25/2011	7.47	7.56	7.18	7.19	1027278	18717706.000
11/28/2011	7.10	7.24	7.09	7.11	645214	11435484.000
11/29/2011	7.23	7.26	7.10	7.23	707664	12602959.000
11/30/2011	7.24	7.24	6.49	6.52	1361119	22801212.000
12/01/2011	6.83	6.83	6.64	6.64	1043160	17470742.000
12/02/2011	6.59	6.64	6.49	6.53	419892	6834481.500
12/05/2011	6.53	6.53	6.22	6.23	430992	6795059.000
12/06/2011	6.19	6.34	6.18	6.26	378961	5911790.000
12/08/2011	6.27	6.57	6.14	6.51	754084	12009761.000
12/09/2011	6.43	6.51	6.35	6.37	432668	6909182.000
12/12/2011	6.34	6.48	6.29	6.37	288065	4586894.000
12/13/2011	6.25	6.34	6.01	6.05	405748	6199494.000
12/14/2011	6.02	6.14	5.97	6.00	240664	3641763.500
12/15/2011	5.97	6.06	5.68	5.73	758502	11127701.000
12/16/2011	5.74	5.92	5.71	5.91	466398	6787114.500
12/19/2011	5.91	6.01	5.76	6.01	639919	9371219.000
12/20/2011	6.01	6.07	5.89	5.90	489235	7311312.500
12/21/2011	5.93	6.05	5.77	5.78	616764	9121832.000
12/22/2011	5.75	5.75	5.43	5.51	764175	10619392.000
12/23/2011	5.53	5.66	5.47	5.55	426083	5912901.500
12/26/2011	5.51	5.64	5.51	5.52	171608	2390908.750
12/27/2011	5.52	5.55	5.22	5.26	342372	4578741.000
12/28/2011	5.26	5.26	5.12	5.21	474479	6148046.000
12/29/2011	5.21	5.24	5.18	5.19	281383	3676469.250
12/30/2011	5.30	5.30	4.99	5.26	243171	3202551.750
01/04/2012	5.26	5.37	5.09	5.09	242801	3193839.750
01/05/2012	5.09	5.10	4.79	4.84	348269	4320045.000
01/06/2012	4.75	5.03	4.74	4.99	324815	3981089.250
01/09/2012	4.92	5.24	4.89	5.24	405502	5200366.000
01/10/2012	5.16	5.79	5.14	5.76	1547387	21331912.000
01/11/2012	5.71	5.75	5.53	5.66	557292	7862940.000
01/12/2012	5.66	5.70	5.52	5.62	407293	5730754.000
01/13/2012	5.60	5.64	5.24	5.25	450772	6082546.500
01/16/2012	5.29	5.29	5.04	5.07	208460	2704362.500
01/17/2012	5.05	5.60	5.05	5.59	603203	8255850.500
01/18/2012	5.56	5.62	5.39	5.41	275108	3773287.000
01/19/2012	5.30	5.89	5.19	5.76	669160	9480560.000
01/20/2012	5.61	5.76	5.61	5.67	324236	4611073.000
01/30/2012	5.50	5.75	5.50	5.65	127247	1805395.500
01/31/2012	5.55	5.65	5.46	5.56	169328	2342489.250
02/01/2012	5.52	5.74	5.44	5.54	190496	2652449.000
02/02/2012	5.54	5.63	5.47	5.62	173405	2418664.500
02/03/2012	5.64	5.75	5.57	5.74	322547	4587888.000
02/06/2012	5.75	5.82	5.66	5.79	375966	5397310.000
02/07/2012	5.66	5.75	5.52	5.60	271377	3823179.500
02/08/2012	5.68	5.80	5.58	5.80	359163	5138586.000
02/09/2012	5.77	5.95	5.77	5.84	647129	9491776.000
02/10/2012	5.89	5.89	5.77	5.81	322987	4709170.000
02/13/2012	5.76	5.94	5.66	5.91	428815	6268071.000
02/14/2012	5.92	5.92	5.82	5.87	253380	3708883.250
02/15/2012	5.84	6.01	5.77	6.01	382920	5682538.500
02/16/2012	5.97	6.06	5.85	6.01	487342	7244006.500
02/17/2012	5.96	6.07	5.90	6.06	426059	6378437.500
02/20/2012	6.13	6.16	5.97	5.98	439987	6646922.500
02/21/2012	5.95	6.04	5.81	6.01	466420	6896891.000
02/22/2012	6.01	6.17	5.97	6.16	730872	11139304.000
02/23/2012	6.14	6.32	6.14	6.21	765919	11882163.000
02/24/2012	6.26	6.45	6.17	6.30	651510	10262305.000
02/27/2012	6.42	6.42	6.23	6.24	670108	10518459.000
02/28/2012	6.19	6.24	6.06	6.14	577064	8845313.000
02/29/2012	6.10	6.17	6.01	6.02	268575	4069485.000
03/01/2012	6.02	6.10	5.99	6.09	322550	4871157.500
03/02/2012	6.08	6.18	6.08	6.18	256972	3938416.750
03/05/2012	6.18	6.26	6.09	6.20	351422	5423770.500
03/06/2012	6.19	6.76	6.19	6.49	1545179	25030666.000
03/07/2012	6.26	6.39	6.13	6.24	935044	14614398.000
03/08/2012	6.24	6.41	6.18	6.26	566139	8861684.000
03/09/2012	6.26	6.41	6.26	6.41	693711	10974088.000
03/12/2012	6.39	6.46	6.28	6.37	396912	6275850.000
03/13/2012	6.38	6.66	6.29	6.59	949521	15371543.000
03/14/2012	6.60	6.62	6.04	6.24	861554	13642656.000
03/15/2012	6.24	6.43	6.01	6.09	600042	9184564.000
03/16/2012	6.09	6.17	6.03	6.17	502935	7662946.000
03/19/2012	6.11	6.25	6.06	6.25	382044	5894576.500
03/20/2012	6.22	6.22	6.09	6.11	348321	5328973.500
03/21/2012	6.00	6.12	5.87	6.09	272860	4112374.500
03/22/2012	6.04	6.11	5.97	6.02	328970	4931540.000
03/23/2012	6.02	6.09	5.78	5.82	385848	5680978.000
03/26/2012	5.83	5.88	5.69	5.82	165399	2396694.250
03/27/2012	5.89	6.15	5.89	5.96	539061	8127302.000
03/28/2012	5.90	5.94	5.59	5.62	540828	7741729.500
03/29/2012	5.59	5.59	5.34	5.38	505936	6915534.000
03/30/2012	5.37	5.43	5.30	5.37	170342	2290867.750
04/05/2012	5.38	5.54	5.37	5.51	163830	2246107.500
04/06/2012	5.52	5.62	5.48	5.59	180035	2508832.500
04/09/2012	5.59	5.64	5.49	5.51	122608	1705724.500
04/10/2012	5.51	5.61	5.41	5.60	153505	2123385.000
04/11/2012	5.56	5.66	5.48	5.65	170586	2389035.000
04/12/2012	5.72	5.75	5.56	5.74	240754	3421251.250
04/13/2012	5.71	5.84	5.71	5.79	263980	3818983.500
04/16/2012	5.76	5.79	5.70	5.76	177555	2549837.250
04/18/2012	5.78	5.89	5.72	5.89	294134	4266006.500
04/19/2012	5.89	5.97	5.84	5.86	219802	3229873.250
04/20/2012	5.93	5.93	5.82	5.90	352659	5170402.000
04/23/2012	5.86	5.87	5.48	5.48	536199	7529323.500
04/24/2012	5.51	5.58	5.30	5.47	311178	4236278.000
04/25/2012	5.47	5.53	5.40	5.52	364366	4986152.500
04/26/2012	5.53	5.57	5.43	5.48	163099	2250118.250
04/27/2012	5.48	5.66	5.48	5.60	254782	3561996.750
05/02/2012	5.67	5.73	5.60	5.71	230625	3284877.500
05/03/2012	5.74	5.74	5.54	5.69	194291	2750652.250
05/04/2012	5.69	5.76	5.61	5.72	431544	4043561.250
05/07/2012	5.72	5.78	5.66	5.76	441983	4162809.500
05/08/2012	5.72	5.83	5.72	5.82	564107	5357217.500
05/09/2012	5.80	5.80	5.63	5.69	443854	4172454.250
05/10/2012	5.66	5.80	5.64	5.79	604455	5701678.500
05/11/2012	5.81	5.83	5.69	5.69	366424	3463938.500
05/14/2012	5.75	5.79	5.64	5.70	366384	3445681.500
05/15/2012	5.66	5.73	5.64	5.73	399599	3721766.000
05/16/2012	5.76	5.82	5.65	5.65	479198	4527246.000
05/17/2012	5.59	5.74	5.59	5.72	330704	3096662.250
05/18/2012	5.69	5.77	5.66	5.73	351302	3306921.250
05/21/2012	5.72	5.77	5.64	5.66	396315	3710705.500
05/22/2012	5.66	5.77	5.66	5.75	424513	3994393.250
05/23/2012	5.76	5.76	5.60	5.63	280500	2612313.500
05/24/2012	5.61	5.69	5.52	5.54	359768	3306964.250
05/25/2012	5.54	5.57	5.47	5.52	389093	3524062.500
05/28/2012	5.71	5.89	5.47	5.74	759805	7190347.500
05/29/2012	5.57	5.74	5.57	5.72	535070	4994632.000
05/30/2012	5.74	5.83	5.70	5.77	489100	4637444.500
05/31/2012	5.75	5.87	5.69	5.87	715179	6834435.500
06/01/2012	5.86	5.87	5.79	5.81	350942	3355715.750
06/04/2012	5.75	5.75	5.55	5.57	347918	3229174.000
06/05/2012	5.54	5.59	5.53	5.58	232007	2122173.250
06/06/2012	5.58	5.63	5.56	5.57	97801	899803.750
06/07/2012	5.66	5.66	5.51	5.53	121700	1118093.250
06/08/2012	5.54	5.61	5.53	5.55	139120	1271158.875
06/11/2012	5.54	6.12	5.54	5.88	1636685	15918194.000
06/12/2012	5.83	6.07	5.79	5.98	1942304	19114616.000
06/13/2012	6.00	6.04	5.79	6.04	1523628	14878900.000
06/14/2012	6.03	6.03	5.86	5.91	1044622	10175483.000
06/15/2012	5.90	5.93	5.79	5.90	712952	6862150.000
06/18/2012	5.95	6.09	5.89	6.05	1224097	12090631.000
06/19/2012	6.14	6.14	5.86	5.87	817569	7974755.000
06/20/2012	5.87	6.15	5.87	6.13	1709430	16969054.000
06/21/2012	6.08	6.25	6.00	6.04	1786090	17976060.000
06/25/2012	5.97	5.97	5.66	5.71	916831	8821671.000
06/26/2012	5.67	5.72	5.54	5.68	635861	5893486.000
06/27/2012	5.67	5.81	5.66	5.66	464842	4380302.500
06/28/2012	5.64	5.65	5.16	5.26	1362189	11985330.000
06/29/2012	5.17	5.37	5.16	5.25	800649	6903867.500
07/02/2012	5.23	5.36	5.23	5.29	511937	4463801.500
07/03/2012	5.31	5.43	5.31	5.42	709616	6293082.500
07/04/2012	5.41	5.41	5.19	5.23	937309	8184566.000
07/05/2012	5.24	5.24	4.92	5.04	747118	6280988.500
07/06/2012	5.05	5.21	4.75	5.17	778318	6413673.500
07/09/2012	5.09	5.11	4.86	4.91	406924	3353755.500
07/10/2012	4.92	4.92	4.76	4.89	416990	3349694.250
07/11/2012	4.87	4.98	4.86	4.96	250534	2037219.375
07/12/2012	5.03	5.04	4.92	5.04	474078	3907488.750
07/13/2012	5.11	5.22	5.06	5.06	579119	4907898.500
07/16/2012	5.02	5.06	4.74	4.77	567050	4558493.500
07/17/2012	4.70	4.81	4.65	4.77	837798	6519996.000
07/18/2012	4.72	4.77	4.59	4.76	598436	4654101.500
07/19/2012	4.76	4.89	4.69	4.84	552282	4406829.500
07/20/2012	4.85	4.96	4.81	4.87	633533	5123309.000
07/23/2012	4.87	4.89	4.79	4.89	238651	1912554.125
07/24/2012	4.97	4.97	4.84	4.89	790083	6384361.500
07/25/2012	4.85	4.92	4.81	4.89	537067	4328764.500
07/26/2012	4.89	4.94	4.42	4.81	573300	4528729.500
07/27/2012	4.79	4.84	4.73	4.73	324100	2559594.000
07/30/2012	4.74	4.81	4.62	4.64	445470	3473814.000
07/31/2012	4.71	4.76	4.53	4.53	354354	2686399.750
08/01/2012	4.58	4.64	4.56	4.60	360615	2745471.750
08/02/2012	4.62	4.62	4.54	4.57	259325	1969170.875
08/03/2012	4.57	4.67	4.56	4.67	457410	3499208.500
08/06/2012	4.67	4.80	4.64	4.79	422668	3308448.000
08/07/2012	4.77	4.87	4.76	4.83	418617	3339943.500
08/08/2012	4.84	4.87	4.78	4.82	431382	3437460.500
08/09/2012	4.82	4.94	4.79	4.91	581653	4684125.500
08/10/2012	4.90	4.95	4.87	4.91	496378	4023286.750
08/13/2012	4.91	4.91	4.77	4.79	436157	3483633.250
08/14/2012	4.78	4.85	4.69	4.85	543380	4290896.500
08/15/2012	4.84	4.87	4.73	4.75	410890	3254019.250
08/16/2012	4.74	4.81	4.72	4.73	366179	2880141.750
08/17/2012	4.75	4.78	4.71	4.76	220749	1731183.750
08/20/2012	4.78	4.90	4.75	4.89	643138	5131328.500
08/21/2012	4.87	4.99	4.87	4.99	842657	6886477.500
08/22/2012	5.01	5.01	4.92	4.95	526440	4304511.500
08/23/2012	4.96	5.03	4.94	5.02	699632	5763220.000
08/24/2012	4.98	5.06	4.87	4.91	870454	7141607.000
08/27/2012	4.89	4.91	4.80	4.84	432466	3455737.750
08/28/2012	4.84	4.96	4.80	4.95	362124	2919647.000
08/29/2012	4.91	5.01	4.91	4.98	439305	3600904.500
08/30/2012	4.96	5.01	4.74	4.82	584937	4702870.500
08/31/2012	4.83	4.95	4.79	4.90	442974	3571195.000
09/03/2012	5.00	5.00	4.90	4.97	473114	3867572.000
09/04/2012	4.96	5.27	4.94	5.07	1388813	11697266.000
09/05/2012	5.07	5.18	5.03	5.16	944197	7957367.000
09/06/2012	5.18	5.20	5.11	5.16	794625	6745579.000
09/07/2012	5.17	5.37	5.17	5.28	1959593	17005106.000
09/10/2012	5.31	5.37	5.27	5.33	1846541	16171470.000
09/11/2012	5.27	5.30	5.20	5.26	1739368	15018101.000
09/12/2012	5.28	5.29	5.19	5.26	761869	6583186.000
09/13/2012	5.24	5.32	5.16	5.17	1123207	9733370.000
09/14/2012	5.19	5.24	5.12	5.20	740351	6326935.500
09/17/2012	5.17	5.21	4.99	4.99	420175	3517597.750
09/18/2012	4.99	5.02	4.96	4.96	282288	2323954.250
09/19/2012	5.01	5.02	4.96	4.96	335580	2756472.000
09/20/2012	5.00	5.00	4.66	4.69	756381	5988644.500
09/21/2012	4.71	4.71	4.60	4.62	593130	4565268.500
09/24/2012	4.62	4.67	4.57	4.65	283104	2164162.000
09/25/2012	4.63	4.70	4.61	4.61	183800	1411724.000
09/26/2012	4.66	4.66	4.45	4.45	464004	3480492.500
09/27/2012	4.42	4.63	4.41	4.61	486588	3647030.250
09/28/2012	4.56	4.74	4.56	4.71	952791	7383364.000
10/08/2012	4.71	4.77	4.59	4.62	483749	3704069.750
10/09/2012	4.67	4.94	4.62	4.91	941267	7445363.000
10/10/2012	4.93	5.09	4.88	5.03	1709808	14024618.000
10/11/2012	5.04	5.04	4.87	4.89	962217	7844275.500
10/12/2012	4.91	4.97	4.79	4.88	541470	4385547.500
10/15/2012	4.96	5.02	4.81	4.94	960416	7797486.000
10/16/2012	4.96	5.01	4.91	4.96	531216	4360551.000
10/17/2012	4.95	4.99	4.91	4.98	463399	3792313.250
10/18/2012	5.00	5.13	4.97	5.09	1221885	10264302.000
10/19/2012	5.05	5.18	5.04	5.09	565834	4789087.000
10/22/2012	5.14	5.28	5.12	5.17	1102315	9453400.000
10/23/2012	5.14	5.21	5.13	5.19	735049	6263422.000
10/24/2012	5.15	5.24	5.11	5.13	649263	5524177.000
10/25/2012	5.14	5.18	5.02	5.02	646677	5454383.000
10/26/2012	5.05	5.05	4.93	4.97	578101	4758031.500
10/29/2012	4.95	5.06	4.95	5.01	359720	2983124.500
10/30/2012	4.99	5.07	4.98	5.01	182265	1514285.125
10/31/2012	5.03	5.06	4.97	4.99	272847	2251105.750
11/01/2012	5.04	5.15	5.03	5.14	511857	4316264.000
11/02/2012	5.22	5.31	5.16	5.28	1045901	9062526.000
11/05/2012	5.22	5.33	5.22	5.29	590949	5143883.000
11/06/2012	5.28	5.31	5.17	5.22	544664	4685185.000
11/07/2012	5.28	5.28	5.17	5.19	290992	2506958.500
11/08/2012	5.19	5.28	5.04	5.16	623919	5337435.500
11/09/2012	5.16	5.22	5.09	5.14	413291	3523740.750
11/12/2012	5.14	5.31	5.14	5.31	501805	4329301.000
11/13/2012	5.31	5.31	5.08	5.08	344483	2954813.500
11/14/2012	5.09	5.19	4.99	5.04	219418	1834209.875
11/15/2012	5.01	5.12	4.97	4.97	180700	1500554.000
11/16/2012	4.97	4.99	4.79	4.84	234113	1885939.500
11/19/2012	4.84	4.92	4.82	4.91	113113	910621.438
11/20/2012	4.91	4.97	4.90	4.93	118701	967557.563
11/21/2012	4.91	5.05	4.87	5.04	135681	1113256.750
11/22/2012	4.97	5.07	4.94	5.07	133241	1103679.375
11/23/2012	5.01	5.24	5.01	5.13	505362	4316446.000
11/26/2012	5.10	5.27	5.10	5.14	332539	2839869.750
11/27/2012	5.11	5.20	4.81	4.87	267126	2192509.750
11/28/2012	4.82	4.89	4.69	4.72	326503	2573261.000
11/29/2012	4.83	4.84	4.59	4.59	189130	1469097.750
11/30/2012	4.54	4.67	4.54	4.57	252418	1923083.250
12/03/2012	4.57	4.62	4.52	4.53	99619	751852.313
12/04/2012	4.51	4.61	4.42	4.61	251121	1870403.875
12/05/2012	4.58	4.81	4.58	4.78	271831	2131868.250
12/06/2012	4.82	4.82	4.69	4.72	226560	1776372.500
12/07/2012	4.73	4.86	4.72	4.83	387488	3081692.000
12/10/2012	4.84	4.94	4.83	4.94	343163	2772326.000
12/11/2012	4.91	4.94	4.78	4.85	264700	2127753.500
12/12/2012	4.94	4.94	4.79	4.87	199950	1601593.000
12/13/2012	4.92	5.38	4.91	5.38	3239767	28535916.000
12/14/2012	5.39	5.56	5.29	5.50	6679221	59718492.000
12/17/2012	5.48	5.48	5.34	5.45	3076248	27359792.000
12/18/2012	5.45	5.49	5.33	5.40	2025815	17994516.000
12/19/2012	5.39	5.46	5.34	5.39	1488012	13234082.000
12/20/2012	5.39	5.41	5.25	5.33	1319991	11598198.000
12/21/2012	5.34	5.49	5.30	5.36	1691257	15041032.000
12/24/2012	5.33	5.49	5.33	5.39	1564666	13951385.000
12/25/2012	5.36	5.65	5.36	5.52	2955814	26936454.000
12/26/2012	5.54	5.59	5.42	5.58	3580087	32489548.000
12/27/2012	5.62	5.65	5.33	5.34	3126114	28240110.000
12/28/2012	5.32	5.42	5.29	5.39	1814195	16003955.000
12/31/2012	5.41	5.45	5.36	5.42	1340421	11943376.000
01/04/2013	5.47	5.52	5.29	5.31	2699953	23804926.000
01/07/2013	5.34	5.50	5.29	5.50	2281837	20273012.000
01/08/2013	5.47	5.62	5.44	5.56	5022131	45799040.000
01/09/2013	5.58	6.02	5.53	5.69	5834739	55260656.000
01/10/2013	5.69	5.78	5.61	5.72	3177565	29682754.000
01/11/2013	5.67	5.75	5.46	5.48	2859447	26388036.000
01/14/2013	5.59	5.71	5.48	5.68	2920893	27075946.000
01/15/2013	5.91	5.91	5.73	5.81	3408099	32496186.000
01/16/2013	5.80	5.86	5.62	5.72	2625505	24810152.000
01/17/2013	5.72	5.84	5.65	5.77	1929788	18236566.000
01/18/2013	5.88	5.88	5.71	5.80	2000418	19016712.000
01/21/2013	5.79	5.87	5.77	5.86	2125222	20288984.000
01/22/2013	6.08	6.08	5.66	5.69	3564603	34550524.000
01/23/2013	5.75	5.75	5.51	5.62	1915655	17668638.000
01/24/2013	5.60	5.69	5.38	5.38	1977113	17942022.000
01/25/2013	5.41	5.47	5.34	5.44	1149627	10274387.000
01/28/2013	5.45	5.62	5.41	5.59	1209054	10970761.000
01/29/2013	5.59	5.68	5.56	5.62	1321594	12189521.000
01/30/2013	5.72	5.77	5.58	5.64	2124052	19779082.000
01/31/2013	5.66	5.66	5.53	5.59	1518378	13931130.000
02/01/2013	5.56	5.63	5.51	5.61	1645287	15097000.000
02/04/2013	5.64	5.65	5.54	5.59	1063319	9766636.000
02/05/2013	5.59	5.66	5.54	5.65	1264992	11672399.000
02/06/2013	5.58	5.74	5.58	5.70	1584626	14845482.000
02/07/2013	5.70	5.76	5.67	5.76	1290420	12156005.000
02/08/2013	5.74	5.86	5.74	5.81	1490322	14248976.000
02/18/2013	5.82	5.92	5.80	5.85	1600555	15398824.000
02/19/2013	5.88	5.88	5.72	5.74	1588683	15075373.000
02/20/2013	5.69	5.94	5.67	5.94	1956012	18765362.000
02/21/2013	5.89	5.93	5.76	5.83	1633848	15679944.000
02/22/2013	5.81	5.92	5.78	5.81	1474157	14169375.000
02/25/2013	5.81	5.92	5.81	5.92	2030843	19582926.000
02/26/2013	5.89	6.08	5.86	5.87	3213582	31535784.000
02/27/2013	5.87	5.92	5.67	5.71	2375687	22530870.000
02/28/2013	5.72	5.82	5.63	5.82	1420447	13436446.000
03/01/2013	5.82	6.40	5.79	6.23	6312179	63857428.000
03/04/2013	6.17	6.39	6.06	6.16	4734919	48381128.000
03/05/2013	6.17	6.51	6.16	6.42	4388974	45927076.000
03/06/2013	6.38	6.67	6.35	6.64	4270633	45542348.000
03/07/2013	6.65	6.87	6.53	6.64	5212068	57498340.000
03/08/2013	6.63	6.84	6.54	6.56	3069478	33501298.000
03/11/2013	6.48	6.58	6.26	6.46	1933343	20403834.000
03/12/2013	6.44	6.45	6.12	6.24	1854109	19045660.000
03/13/2013	6.22	6.33	6.16	6.32	1262654	12950587.000
03/14/2013	6.28	6.42	6.26	6.32	1481980	15371684.000
03/15/2013	6.29	6.47	6.20	6.32	1421121	14798019.000
03/18/2013	6.22	6.38	6.19	6.34	1060950	11003461.000
03/19/2013	6.32	6.57	6.29	6.51	2077600	21849926.000
03/20/2013	6.47	6.69	6.47	6.56	1885441	20288482.000
03/21/2013	6.48	6.69	6.48	6.66	2176958	23550964.000
03/22/2013	6.67	6.67	6.54	6.57	1263713	13632565.000
03/25/2013	6.54	6.54	6.24	6.29	3447408	35778156.000
03/26/2013	6.29	6.46	6.23	6.46	2068523	21506196.000
03/27/2013	6.44	6.49	6.25	6.31	2618201	27252874.000
03/28/2013	6.27	6.27	6.02	6.05	2019815	20151316.000
03/29/2013	6.09	6.09	5.86	5.95	2757843	26848912.000
04/01/2013	5.94	6.11	5.94	6.05	2102350	20773472.000
04/02/2013	6.24	6.50	5.97	6.15	7042356	72791216.000
04/03/2013	6.04	6.36	5.94	6.22	5780676	57868368.000
04/08/2013	6.09	6.37	5.94	6.28	1411632	14380308.000
04/09/2013	6.36	6.57	6.28	6.57	2744384	28890466.000
04/10/2013	6.46	6.64	6.42	6.44	2306227	24517672.000
04/11/2013	6.47	6.59	6.41	6.54	2965816	31549846.000
04/12/2013	6.58	6.58	6.28	6.29	1771364	18613452.000
04/15/2013	6.28	6.28	6.11	6.21	919380	9328313.000
04/16/2013	6.13	6.34	6.09	6.27	1161537	11887056.000
04/17/2013	6.27	6.44	6.24	6.44	1521773	15893203.000
04/18/2013	6.39	6.51	6.25	6.31	2324783	24314062.000
04/19/2013	6.29	6.59	6.16	6.57	3410070	35985288.000
04/22/2013	6.52	6.69	6.47	6.67	2962584	31966226.000
04/23/2013	6.62	6.70	6.34	6.38	2095254	22250698.000
04/24/2013	6.41	6.80	6.34	6.77	4236947	45616660.000
04/25/2013	6.72	6.86	6.54	6.64	4035151	44319648.000
04/26/2013	6.66	6.82	6.54	6.62	3200038	35026024.000
05/02/2013	6.60	6.78	6.53	6.72	1736102	19036146.000
05/03/2013	6.81	7.09	6.81	6.95	4518167	51390468.000
05/06/2013	6.94	7.06	6.82	7.00	3863888	43895920.000
05/07/2013	6.97	7.26	6.87	7.25	4123014	48036768.000
05/08/2013	7.22	7.28	7.08	7.21	2975252	34906100.000
05/09/2013	7.19	7.19	6.92	7.05	3850832	44336380.000
05/10/2013	7.06	7.09	6.83	6.89	2958992	33634880.000
05/13/2013	6.93	7.21	6.93	7.05	3310323	38205668.000
05/14/2013	7.06	7.06	6.74	6.80	2222985	24882162.000
05/15/2013	6.79	7.02	6.75	6.97	2318940	26306646.000
05/16/2013	7.08	7.21	6.77	6.83	3505950	39880596.000
05/17/2013	6.78	6.94	6.62	6.84	3396179	37786784.000
05/20/2013	6.80	7.26	6.80	7.21	4046322	47001312.000
05/21/2013	7.16	7.44	7.14	7.37	3588215	42784288.000
05/22/2013	7.37	7.44	7.26	7.36	3312378	39754696.000
05/23/2013	7.34	7.38	7.14	7.22	2278943	26975692.000
05/24/2013	7.28	7.46	7.10	7.46	2748080	32752788.000
05/27/2013	7.46	7.93	7.41	7.75	5009842	63045996.000
05/28/2013	7.77	7.89	7.53	7.72	3272160	41243320.000
05/29/2013	7.72	8.00	7.59	7.97	3235526	41683868.000
05/30/2013	7.97	8.03	7.82	8.00	1839031	23832924.000
05/31/2013	8.09	8.28	7.94	8.12	2067910	27061752.000
06/03/2013	8.05	8.05	7.44	7.74	3019232	37775196.000
06/04/2013	7.69	7.72	7.34	7.56	2002916	24121638.000
06/05/2013	7.52	7.77	7.34	7.71	1630590	19932922.000
06/06/2013	7.64	7.71	7.46	7.49	1324493	16147723.000
06/07/2013	7.44	7.56	7.22	7.23	1004831	11923291.000
06/13/2013	7.12	7.23	6.64	7.22	1453329	16461349.000
06/14/2013	7.22	7.46	7.17	7.41	1187477	14123742.000
06/17/2013	7.41	7.61	7.31	7.47	1167385	14120339.000
06/18/2013	7.50	7.53	7.09	7.41	1208311	14287045.000
06/19/2013	7.37	7.37	7.19	7.25	878952	10304743.000
06/20/2013	7.24	7.24	6.94	6.97	926740	10568219.000
06/21/2013	6.83	6.91	6.53	6.77	1298323	14185802.000
06/24/2013	6.69	6.69	6.28	6.50	1058556	11166598.000
06/25/2013	6.42	6.77	6.19	6.66	1844386	19587932.000
06/26/2013	6.67	6.94	6.59	6.81	1883516	20607632.000
06/27/2013	6.82	6.90	6.52	6.70	1408982	15311931.000
06/28/2013	6.58	6.68	6.04	6.37	2020251	20858020.000
07/01/2013	6.34	6.48	6.15	6.44	1016613	10411162.000
07/02/2013	6.46	6.55	6.27	6.38	2274397	23524950.000
07/03/2013	6.40	6.42	6.12	6.25	2841956	28676098.000
07/04/2013	6.24	6.28	6.13	6.17	1860055	18690682.000
07/05/2013	6.22	6.28	6.03	6.03	1848275	18388426.000
07/08/2013	5.95	5.95	5.51	5.57	1905843	17528738.000
07/09/2013	5.51	5.61	5.47	5.61	637039	5737499.500
07/10/2013	5.60	5.74	5.54	5.72	1968102	17874442.000
07/11/2013	5.71	5.91	5.67	5.88	1817815	17046768.000
07/12/2013	6.06	6.28	6.03	6.10	3702333	36793080.000
07/15/2013	6.12	6.34	6.07	6.30	2294238	23089664.000
07/16/2013	6.30	6.39	6.26	6.32	1710409	17451978.000
07/17/2013	6.28	6.31	6.08	6.09	2347187	23422658.000
07/18/2013	6.06	6.19	6.05	6.13	1445368	14281311.000
07/19/2013	6.13	6.22	5.92	5.92	1910032	18829654.000
07/22/2013	5.86	5.97	5.72	5.95	2377446	22428728.000
07/23/2013	5.94	6.31	5.94	6.30	3086078	30773432.000
07/24/2013	6.30	6.53	6.21	6.51	3502092	36281336.000
07/25/2013	6.51	6.56	6.22	6.29	2466436	25361424.000
07/26/2013	6.29	6.37	6.14	6.31	1559806	15793167.000
07/29/2013	6.29	6.41	6.20	6.27	1511891	15415827.000
07/30/2013	6.24	6.30	6.01	6.11	1176785	11693870.000
07/31/2013	6.25	6.32	6.19	6.19	1174081	11872842.000
08/01/2013	6.19	6.50	6.19	6.46	2305282	23808078.000
08/02/2013	6.46	6.73	6.42	6.52	3342640	35348848.000
08/05/2013	6.52	6.76	6.47	6.71	3901230	41792620.000
08/06/2013	6.71	6.74	6.61	6.63	2244667	24161202.000
08/07/2013	6.63	6.74	6.37	6.44	2134097	22434048.000
08/08/2013	6.42	6.66	6.41	6.57	2512218	26663080.000
08/09/2013	6.57	6.64	6.39	6.49	1509807	15863116.000
08/12/2013	6.54	6.62	6.45	6.58	1792117	18913466.000
08/13/2013	6.57	6.69	6.54	6.69	1869448	20037922.000
08/14/2013	6.71	6.99	6.62	6.86	4752376	52488868.000
08/15/2013	6.81	6.87	6.68	6.68	2341605	25590872.000
08/16/2013	6.66	6.81	6.50	6.50	1928521	20657854.000
08/19/2013	6.42	6.63	6.42	6.63	1391272	14733851.000
08/20/2013	6.59	6.79	6.59	6.77	2607956	28326130.000
08/21/2013	6.75	6.87	6.71	6.83	1565042	17190310.000
08/22/2013	6.81	6.84	6.72	6.73	2715340	29726210.000
08/23/2013	6.84	6.94	6.62	6.81	3024097	33190292.000
08/26/2013	6.83	7.19	6.76	7.16	6849129	77675696.000
08/27/2013	7.09	7.22	7.06	7.19	2860075	32943940.000
08/28/2013	7.12	7.16	7.02	7.11	3248467	37154104.000
08/29/2013	7.09	7.16	6.97	7.05	1735602	19797612.000
08/30/2013	7.03	7.09	6.67	6.73	3929840	43565296.000
09/02/2013	6.71	6.96	6.64	6.92	1235195	13626503.000
09/03/2013	6.93	7.06	6.85	7.01	1602657	18020942.000
09/04/2013	6.97	7.02	6.83	6.89	1278471	14277515.000
09/05/2013	7.01	7.19	6.89	7.09	2553555	29245742.000
09/06/2013	7.13	7.29	7.11	7.25	2013284	23420450.000
09/09/2013	7.25	7.32	7.12	7.19	2137589	24889136.000
09/10/2013	7.21	7.31	7.10	7.16	1482019	17199652.000
09/11/2013	7.16	7.17	6.89	7.04	2022224	22765712.000
09/12/2013	7.04	7.09	6.94	6.94	1226376	13862207.000
09/13/2013	6.94	7.07	6.91	7.04	1053768	11919860.000
09/16/2013	7.04	7.20	6.99	7.12	1173275	13436114.000
09/17/2013	7.13	7.18	6.85	6.87	1091915	12313589.000
09/18/2013	6.94	6.97	6.86	6.93	557060	6223022.500
09/23/2013	6.92	7.17	6.89	7.16	1279040	14559324.000
09/24/2013	7.18	7.25	7.03	7.23	1837496	21156320.000
09/25/2013	7.21	7.22	7.06	7.12	1514431	17377022.000
09/26/2013	7.11	7.17	7.01	7.06	1223024	14033520.000
09/27/2013	7.05	7.12	7.02	7.06	573948	6540269.000
09/30/2013	7.06	7.12	6.92	7.11	1342406	15177596.000
10/08/2013	7.11	7.37	7.03	7.25	1611506	18848618.000
10/09/2013	7.25	7.42	7.20	7.41	1805402	21376842.000
10/10/2013	7.41	7.44	7.13	7.20	2057685	24155328.000
10/11/2013	7.21	7.27	7.12	7.23	1224696	14235968.000
10/14/2013	7.31	7.31	7.15	7.23	2809287	32714396.000
10/15/2013	7.43	7.62	7.38	7.50	3782020	45699196.000
10/16/2013	7.50	7.55	7.25	7.40	2111979	25115178.000
10/17/2013	7.40	7.72	7.40	7.59	2760528	33753280.000
10/18/2013	7.62	7.75	7.54	7.61	2388493	29529036.000
10/21/2013	7.69	7.97	7.60	7.94	3128096	39518260.000
10/22/2013	8.06	8.06	7.66	7.72	3284408	41360696.000
10/23/2013	7.67	7.74	7.32	7.36	2807366	33874536.000
10/24/2013	7.40	7.56	7.35	7.51	1504942	18103520.000
10/25/2013	7.54	7.61	7.25	7.39	2006155	23913660.000
10/28/2013	7.46	7.92	7.44	7.82	4283221	53525740.000
10/29/2013	7.87	7.89	7.25	7.47	3661270	44699740.000
10/30/2013	7.52	8.16	7.52	8.08	4823436	61305688.000
10/31/2013	7.97	8.10	7.81	7.94	3619847	46352872.000
11/01/2013	7.94	8.09	7.75	8.07	2418325	30952770.000
11/04/2013	8.07	8.16	7.78	7.86	2990567	38147076.000
11/05/2013	7.87	8.00	7.75	7.96	1531513	19478574.000
11/06/2013	7.96	7.99	7.63	7.67	3133975	39515952.000
11/07/2013	7.67	7.72	7.49	7.49	1925503	23500802.000
11/08/2013	7.49	7.62	7.26	7.30	1948829	23338994.000
11/11/2013	7.26	7.49	7.17	7.36	1777632	21035126.000
11/12/2013	7.41	7.46	7.28	7.31	1842836	21876476.000
11/13/2013	7.32	7.32	7.01	7.01	3787509	43425420.000
11/14/2013	6.95	7.26	6.95	7.19	2497204	28789150.000
11/15/2013	7.20	7.79	7.20	7.71	4843234	59025596.000
11/18/2013	7.69	7.89	7.62	7.81	4147913	51761676.000
11/19/2013	7.69	7.84	7.61	7.75	3916585	48512032.000
11/20/2013	7.70	7.77	7.55	7.66	3337967	41224348.000
11/21/2013	7.66	8.27	7.59	8.18	7258110	93624720.000
11/22/2013	8.47	8.99	8.26	8.49	10106310	139583248.000
11/25/2013	8.28	9.31	8.20	9.12	11750577	168542976.000
11/26/2013	8.99	9.22	8.87	9.11	5796152	84554400.000
11/27/2013	8.98	9.49	8.89	9.09	4451157	65684328.000
11/28/2013	9.12	9.42	8.94	9.01	9641141	142280768.000
11/29/2013	8.94	9.82	8.94	9.72	9043965	136035312.000
12/02/2013	9.25	9.45	8.74	8.81	8877131	128507320.000
12/03/2013	8.70	9.25	8.41	9.12	4562238	65695856.000
12/04/2013	9.17	9.94	9.01	9.29	4521084	69020272.000
12/05/2013	9.32	9.61	8.93	9.29	3045122	45411464.000
12/06/2013	9.17	9.40	9.00	9.12	2016016	29710814.000
12/09/2013	9.19	9.27	9.00	9.19	1611990	23743170.000
12/10/2013	9.19	10.02	9.17	9.81	4828535	74948928.000
12/11/2013	9.67	10.14	9.58	10.08	3817816	61223520.000
12/12/2013	10.24	10.52	9.84	9.95	3189902	52389724.000
12/13/2013	9.85	10.67	9.82	10.52	4008858	66871132.000
12/16/2013	10.56	10.87	10.32	10.75	4220314	72248208.000
12/17/2013	10.76	10.77	10.04	10.06	4791813	79389632.000
12/18/2013	10.03	10.24	9.81	10.07	2791293	44884772.000
12/19/2013	10.06	10.17	9.83	10.05	1310583	21141778.000
12/20/2013	10.03	10.03	9.50	9.53	2149324	33490834.000
12/23/2013	9.46	9.86	9.25	9.54	1478209	22653842.000
12/24/2013	9.54	9.98	9.51	9.78	1518069	23934630.000
12/25/2013	9.81	10.77	9.70	10.77	3030840	51481584.000
12/26/2013	11.11	11.69	10.95	11.11	6208311	112282864.000
12/27/2013	11.23	11.69	10.88	11.55	5504395	100218544.000
12/30/2013	11.30	11.41	10.97	11.03	4284461	77022464.000
12/31/2013	10.96	11.36	10.50	11.01	3435654	60436124.000
01/02/2014	10.88	11.24	10.75	11.18	1942313	34604076.000
01/03/2014	11.12	12.31	11.07	12.31	6359623	121520080.000
01/06/2014	12.62	12.67	11.69	11.89	5841063	115359656.000
01/07/2014	11.97	13.09	11.50	13.09	6370075	127858240.000
01/08/2014	13.12	13.44	12.74	13.12	5807778	122272272.000
01/09/2014	13.07	13.21	11.81	11.84	6686458	133308016.000
01/10/2014	11.86	12.19	11.28	11.54	4012957	75534280.000
01/13/2014	11.42	12.69	11.42	12.55	4685897	91780416.000
01/14/2014	12.58	13.03	12.20	12.75	3908488	79960608.000
01/15/2014	12.52	13.89	12.52	13.71	4660791	99819824.000
01/16/2014	13.56	13.59	13.11	13.24	3146448	67251104.000
01/17/2014	13.17	13.87	12.85	13.21	3144950	67798144.000
01/20/2014	13.03	13.48	12.50	12.72	2810574	58384180.000
01/21/2014	12.69	13.32	12.69	13.06	2424621	51127344.000
01/22/2014	12.92	13.18	12.65	12.95	3054398	62992692.000
01/23/2014	13.00	13.49	12.69	13.10	4279074	89733640.000
01/24/2014	13.06	13.06	12.64	12.91	3138363	64800968.000
01/27/2014	12.77	13.28	12.31	12.99	4776604	98201864.000
01/28/2014	12.88	13.04	12.44	12.62	2002787	40878184.000
01/29/2014	12.67	12.84	12.44	12.56	2384882	48175692.000
01/30/2014	12.50	12.56	11.99	11.99	2501486	48934996.000
02/07/2014	11.91	12.52	11.81	12.49	2481585	49058344.000
02/10/2014	12.49	13.18	12.42	13.12	4125607	84464408.000
02/11/2014	13.01	13.22	12.56	12.75	3142050	64839020.000
02/12/2014	12.68	12.84	12.37	12.77	2096402	42420812.000
02/13/2014	12.70	13.12	12.50	12.54	2918906	60246060.000
02/14/2014	12.54	13.37	12.54	13.32	4976467	104489040.000
02/17/2014	13.16	13.71	13.16	13.56	3696374	80479640.000
02/18/2014	13.66	14.29	13.56	13.64	4219399	94328440.000
02/19/2014	13.69	13.79	13.05	13.21	3146190	66995240.000
02/20/2014	13.18	13.20	12.44	12.51	3018034	61391480.000
02/21/2014	12.44	12.66	11.95	12.17	2623964	51855812.000
02/24/2014	12.07	12.71	11.96	12.67	2158369	42786260.000
02/25/2014	12.67	12.78	11.39	11.56	3082111	59579808.000
02/26/2014	11.56	11.56	10.87	11.48	1803430	32472018.000
02/27/2014	11.48	11.79	10.87	10.94	2167430	39316488.000
02/28/2014	10.94	11.18	10.56	11.07	1728089	30111834.000
03/03/2014	11.07	11.44	10.96	11.43	1350625	24440766.000
03/04/2014	11.44	11.55	11.01	11.34	1714099	31203770.000
03/05/2014	11.34	11.67	11.32	11.62	1313850	24319714.000
03/06/2014	11.60	11.69	11.36	11.47	2421551	44632812.000
03/07/2014	11.37	11.50	11.30	11.36	978976	17952124.000
03/10/2014	11.36	11.36	10.47	10.69	2054795	35459576.000
03/11/2014	10.62	10.94	10.47	10.94	1552187	26752526.000
03/12/2014	10.87	11.30	10.76	11.06	1815226	32081628.000
03/13/2014	11.00	11.66	10.94	11.55	2027882	37510128.000
03/14/2014	11.42	11.62	11.19	11.52	1513321	27742624.000
03/17/2014	11.30	11.87	11.30	11.81	1704290	31973488.000
03/18/2014	11.78	11.92	11.53	11.72	1909694	35908904.000
03/19/2014	11.75	11.75	11.31	11.47	1138589	21036524.000
03/20/2014	11.49	11.68	11.09	11.09	927496	17111530.000
03/21/2014	11.04	11.56	10.70	11.49	1508076	27356798.000
03/24/2014	11.40	11.56	10.86	10.97	2212832	39486172.000
03/25/2014	10.94	11.04	10.75	10.99	707519	12392248.000
03/26/2014	10.97	11.19	10.97	11.00	809306	14413470.000
03/27/2014	11.00	11.00	10.63	10.65	724528	12556292.000
03/28/2014	10.66	10.74	9.96	10.25	1304739	21602650.000
03/31/2014	10.27	10.37	10.12	10.36	695094	11452738.000
04/01/2014	10.32	10.52	10.19	10.52	515668	8686303.000
04/02/2014	10.55	10.67	10.33	10.50	509128	8521659.000
04/03/2014	10.47	11.11	10.44	10.78	1467192	25654278.000
04/04/2014	10.78	11.08	10.72	11.08	1028686	18174206.000
04/08/2014	11.12	11.36	11.04	11.21	1932360	34857744.000
04/09/2014	11.26	11.62	11.26	11.46	1018951	18828704.000
04/10/2014	11.52	11.59	11.25	11.28	1012140	18556502.000
04/11/2014	11.21	11.21	10.94	11.01	756024	13425270.000
04/14/2014	11.17	11.42	11.04	11.16	494142	8947433.000
04/15/2014	11.16	11.56	11.16	11.39	943813	17349106.000
04/16/2014	11.44	11.49	11.19	11.31	374515	6806960.500
04/17/2014	11.35	11.45	11.24	11.28	306866	5578146.000
04/18/2014	11.31	11.66	11.30	11.59	1003296	18607432.000
04/21/2014	11.59	11.85	11.44	11.55	970008	18169214.000
04/22/2014	11.54	11.65	11.19	11.49	610077	11181583.000
04/23/2014	11.44	11.53	11.07	11.24	316203	5765139.500
04/24/2014	11.11	11.37	11.01	11.31	437255	7902683.500
04/25/2014	11.17	11.37	11.08	11.08	249478	4502298.000
04/28/2014	11.31	11.31	10.42	10.50	968417	16626703.000
04/29/2014	10.50	10.81	10.16	10.78	636274	10665591.000
04/30/2014	10.77	11.14	10.66	11.06	502074	8895467.000
05/05/2014	11.06	11.16	10.97	11.09	391415	6965224.000
05/06/2014	11.05	11.16	10.94	10.97	682711	12160604.000
05/07/2014	11.06	11.06	10.61	10.63	461458	8052748.000
05/08/2014	10.67	11.31	10.54	10.91	653507	11516059.000
05/09/2014	10.91	10.98	10.76	10.76	294861	5149436.500
05/12/2014	10.94	11.31	10.85	11.29	728416	12991815.000
05/13/2014	11.39	11.39	11.19	11.26	400547	7290901.000
05/14/2014	11.26	11.42	11.06	11.39	429980	7817445.000
05/15/2014	11.48	11.48	11.02	11.03	435414	7855138.000
05/16/2014	10.98	12.00	10.70	10.95	1126158	12484791.000
05/19/2014	10.92	10.95	10.43	10.81	679903	7289646.000
05/20/2014	10.91	11.41	10.90	11.26	1376307	15511336.000
05/21/2014	11.20	11.35	11.08	11.33	652560	7341668.000
05/22/2014	11.28	11.48	11.14	11.18	738356	8365667.000
05/23/2014	11.17	11.33	11.11	11.33	410230	4603468.000
05/26/2014	11.35	11.79	11.35	11.67	1097147	12745790.000
05/27/2014	11.70	12.01	11.70	11.95	1984195	23615892.000
05/28/2014	12.02	12.04	11.72	11.98	1374139	16392561.000
05/29/2014	11.88	12.06	11.50	11.60	1189594	13959676.000
05/30/2014	11.65	11.75	11.40	11.57	813100	9391239.000
06/03/2014	11.58	11.68	11.41	11.46	848305	9736974.000
06/04/2014	11.50	11.50	10.98	11.26	1097179	12253274.000
06/05/2014	11.14	11.48	11.13	11.38	916815	10426315.000
06/06/2014	11.38	11.58	11.32	11.39	824173	9411736.000
06/09/2014	11.38	11.52	11.23	11.27	542687	6164659.500
06/10/2014	11.28	11.48	11.18	11.42	840159	9517465.000
06/11/2014	11.42	11.50	11.35	11.50	684260	7817099.500
06/12/2014	11.52	11.85	11.47	11.63	1620697	18936788.000
06/13/2014	11.63	12.20	11.61	12.18	3016703	36187592.000
06/16/2014	12.20	12.37	12.02	12.18	1388477	16877538.000
06/17/2014	12.12	12.15	11.93	12.03	1289620	15490874.000
06/18/2014	12.12	12.14	11.69	11.75	1591977	18912322.000
06/19/2014	11.69	11.90	11.33	11.56	1123384	13020428.000
06/20/2014	11.68	11.75	11.40	11.67	1052920	12195942.000
06/23/2014	11.70	12.06	11.66	11.96	1328887	15840950.000
06/24/2014	11.89	12.07	11.80	11.92	1030118	12284057.000
06/25/2014	11.88	11.88	11.60	11.80	1386879	16274423.000
06/26/2014	11.93	12.33	11.87	12.27	2224423	27216878.000
06/27/2014	12.21	12.48	12.09	12.28	1365775	16827806.000
06/30/2014	12.25	12.56	12.11	12.50	1457234	17991586.000
07/01/2014	12.52	12.62	12.32	12.55	1300326	16209052.000
07/02/2014	12.55	12.55	12.20	12.47	1176192	14557064.000
07/03/2014	12.50	13.07	12.26	13.03	2889111	37088640.000
07/04/2014	12.90	13.20	12.90	13.18	2121378	27760134.000
07/07/2014	13.19	13.44	12.88	13.08	1651126	21555568.000
07/08/2014	13.00	13.19	12.71	13.16	1416721	18482618.000
07/09/2014	13.25	13.63	13.08	13.40	2756296	36982172.000
07/10/2014	13.40	13.68	12.80	13.03	3512064	46562568.000
08/18/2014	12.55	13.58	12.55	13.17	6105367	79573016.000
08/19/2014	13.07	13.16	12.80	12.89	3596068	46604044.000
08/20/2014	12.96	12.96	12.72	12.86	2339441	30095112.000
08/21/2014	12.86	12.99	12.76	12.95	1811440	23349758.000
08/22/2014	12.98	13.46	12.86	13.46	4173288	55063748.000
08/25/2014	13.60	14.27	13.60	14.10	4867406	68365608.000
08/26/2014	14.20	14.35	13.63	13.71	2844178	39619960.000
08/27/2014	13.60	14.16	13.60	14.04	2032839	28152522.000
08/28/2014	14.06	14.40	13.88	13.95	2758503	38966468.000
08/29/2014	13.90	14.15	13.66	13.82	1717460	23711692.000
09/01/2014	13.88	14.09	13.80	14.04	2345526	32700678.000
09/02/2014	14.18	14.46	14.06	14.29	3146571	44819476.000
09/03/2014	14.29	14.49	14.14	14.30	2948894	42311544.000
09/04/2014	14.30	14.49	14.18	14.43	2887727	41490916.000
09/05/2014	14.53	14.54	14.23	14.34	2477371	35460028.000
09/09/2014	14.38	14.39	14.08	14.25	3008524	42662632.000
09/10/2014	14.19	14.19	13.80	14.16	2326834	32661798.000
09/11/2014	14.17	14.23	13.90	14.00	3062247	43148956.000
09/12/2014	14.00	14.18	13.91	14.17	2609655	36625648.000
10/14/2014	15.59	15.59	15.59	15.59	328057	5114408.500
10/15/2014	16.40	16.75	15.88	16.17	14567866	237632944.000
10/16/2014	16.00	16.29	15.40	15.40	6068013	96087960.000
10/17/2014	15.21	15.90	15.13	15.60	5618575	87570400.000
10/20/2014	15.80	15.80	15.31	15.56	2945462	45752128.000
10/21/2014	15.44	15.75	15.25	15.29	2776816	42934032.000
10/22/2014	15.31	15.43	14.66	14.85	3892675	58142088.000
10/23/2014	14.80	14.83	14.20	14.52	3732440	53924184.000
10/24/2014	14.51	14.70	14.31	14.55	2418659	35172280.000
10/27/2014	14.35	14.86	14.35	14.66	2525055	36998104.000
10/28/2014	14.80	15.47	14.71	15.33	3658195	55272976.000
10/29/2014	15.34	15.60	15.23	15.45	2475832	38234440.000
10/30/2014	15.36	16.53	15.35	16.00	4787780	77037456.000
10/31/2014	15.88	16.16	15.83	16.01	1854026	29643696.000
数据来源:通达信
