300111 向日葵 日线
      日期	    开盘	    最高	    最低	    收盘	    成交量	    成交额
10/08/2010	11.15	11.15	10.59	10.78	3996664	96396080.000
10/11/2010	10.85	10.98	10.41	10.68	3297801	78278344.000
10/12/2010	10.72	10.85	10.50	10.56	2930617	69894336.000
10/13/2010	10.65	10.95	10.43	10.73	2648255	63159420.000
10/14/2010	10.73	10.80	10.36	10.37	2811090	66094120.000
10/15/2010	10.27	10.64	10.13	10.14	2975595	68833232.000
10/18/2010	10.02	10.20	9.57	9.66	3385077	73747592.000
10/19/2010	9.68	10.47	9.68	10.24	4613328	105080208.000
10/21/2010	10.09	10.36	9.91	9.99	3237342	73340560.000
10/22/2010	9.95	10.30	9.95	10.13	2211293	50194112.000
10/25/2010	10.13	10.91	10.10	10.77	5749035	135900432.000
10/26/2010	10.86	10.86	10.39	10.58	3790504	89511864.000
10/27/2010	10.50	10.81	10.45	10.63	3354899	80193424.000
10/28/2010	10.63	10.78	10.50	10.72	2362078	56178240.000
10/29/2010	10.81	11.07	10.70	10.87	4584263	111516024.000
11/01/2010	10.95	11.27	10.90	11.20	4452510	110536496.000
11/02/2010	11.43	11.62	10.80	10.83	5744111	144217552.000
11/03/2010	10.64	10.68	10.23	10.30	3115675	72822440.000
11/04/2010	10.36	10.72	10.22	10.55	2554797	59667544.000
11/05/2010	10.68	10.82	10.56	10.67	2211501	52884468.000
11/08/2010	10.73	11.09	10.69	10.95	2751924	67235608.000
11/09/2010	10.95	11.14	10.73	10.91	2491117	60518524.000
11/10/2010	10.91	11.27	10.83	11.18	4039761	100532928.000
11/11/2010	11.18	11.35	10.92	10.93	4954408	123879232.000
11/12/2010	10.92	11.18	10.28	10.36	4187666	100644376.000
11/15/2010	10.50	10.92	10.45	10.92	3160273	75846648.000
11/16/2010	10.96	11.30	10.64	11.00	5258074	130006520.000
11/17/2010	10.89	10.99	10.51	10.55	2475187	59512060.000
11/18/2010	10.63	10.80	10.55	10.75	1841303	43977680.000
11/19/2010	10.83	11.23	10.80	11.21	4933080	122123976.000
11/22/2010	11.27	11.57	11.11	11.30	6056420	154001584.000
11/23/2010	11.19	11.55	11.09	11.54	5133041	130466584.000
11/24/2010	11.48	11.80	11.30	11.66	5460514	141638848.000
11/25/2010	11.66	11.70	11.14	11.25	5338476	135702960.000
11/26/2010	11.24	11.63	11.16	11.47	4145772	106142936.000
11/29/2010	11.32	11.58	10.95	11.49	7267087	182581680.000
11/30/2010	11.44	11.46	10.73	11.05	5322639	131809512.000
12/01/2010	11.04	11.18	10.92	11.05	2453936	60709416.000
12/02/2010	11.18	11.25	10.98	11.01	2293985	56858864.000
12/03/2010	11.48	11.63	11.09	11.22	6894226	174894656.000
12/06/2010	11.17	11.27	10.70	10.71	3901963	95034800.000
12/07/2010	10.64	10.76	10.41	10.74	3301369	77980384.000
12/08/2010	10.74	10.83	10.50	10.56	2286985	54426236.000
12/09/2010	10.41	10.60	10.28	10.28	2279112	52939912.000
12/10/2010	10.23	10.45	10.14	10.40	1833427	42416008.000
12/13/2010	10.49	10.77	10.40	10.76	2611676	62316248.000
12/14/2010	10.77	10.95	10.66	10.79	2561677	62005628.000
12/15/2010	10.85	11.01	10.70	10.72	2281258	55370316.000
12/16/2010	10.69	10.91	10.65	10.78	2017031	48682756.000
12/17/2010	10.92	11.31	10.90	11.25	4852453	120747504.000
12/20/2010	11.24	11.36	10.64	11.08	4843089	119738128.000
12/21/2010	11.11	11.47	11.05	11.43	5450032	138234272.000
12/22/2010	11.37	11.52	11.15	11.18	2666587	67164720.000
12/23/2010	11.13	11.21	10.75	10.79	2580566	63157228.000
12/24/2010	10.74	10.76	10.46	10.68	1688480	40119448.000
12/27/2010	10.74	10.86	10.30	10.32	1992428	47207724.000
12/28/2010	10.32	10.51	10.18	10.34	1499879	34697828.000
12/29/2010	10.40	10.65	10.34	10.61	1142186	26860534.000
12/30/2010	10.57	10.64	10.48	10.60	1098114	25972498.000
12/31/2010	10.60	10.89	10.60	10.74	1936293	46611804.000
01/04/2011	10.90	11.21	10.85	11.13	3180997	78988432.000
01/05/2011	11.12	11.18	10.92	11.08	2199238	54242864.000
01/06/2011	11.15	11.17	10.92	11.01	1719202	42421928.000
01/07/2011	11.00	11.11	10.71	10.77	2516113	61614360.000
01/10/2011	10.73	10.73	10.39	10.44	2067020	48771756.000
01/11/2011	10.36	10.54	10.34	10.52	1139844	26668072.000
01/12/2011	10.56	10.99	10.56	10.80	2325802	56220052.000
01/13/2011	10.80	10.80	10.45	10.49	1810252	42882428.000
01/14/2011	10.48	10.48	10.30	10.38	1243257	28889020.000
01/17/2011	10.27	10.40	9.95	9.96	1504276	34242636.000
01/18/2011	9.95	10.00	9.78	9.99	958849	21329662.000
01/19/2011	10.08	10.16	9.90	10.12	1127851	25416998.000
01/20/2011	10.12	10.12	9.45	9.49	1888442	41215172.000
01/21/2011	9.50	9.68	9.45	9.60	1135970	24340876.000
01/25/2011	9.48	9.48	8.95	9.13	1520022	30982798.000
01/26/2011	9.16	9.33	9.11	9.26	808927	16750493.000
01/27/2011	9.18	9.40	9.09	9.35	1038508	21697844.000
01/28/2011	9.36	9.49	9.36	9.47	948934	20065996.000
01/31/2011	9.48	9.53	9.37	9.49	914276	19410902.000
02/01/2011	9.45	9.55	9.45	9.50	669804	14273120.000
02/09/2011	9.36	9.51	9.27	9.27	1053272	22142058.000
02/10/2011	9.31	9.85	9.19	9.71	1585936	34118780.000
02/11/2011	9.68	9.77	9.68	9.73	1089634	23760382.000
02/14/2011	9.78	10.09	9.73	9.97	1476336	32707952.000
02/15/2011	10.02	10.30	9.90	9.97	1810472	40817160.000
02/16/2011	9.91	10.26	9.91	10.20	1625632	36979896.000
02/17/2011	10.20	10.41	10.02	10.31	2098249	47842708.000
02/18/2011	10.31	10.45	10.12	10.14	1529068	35092940.000
02/21/2011	10.14	10.38	10.14	10.33	1503121	34499024.000
02/22/2011	10.32	10.40	9.92	9.93	2029408	45843204.000
02/23/2011	10.04	10.30	9.96	10.23	1838373	41774068.000
02/24/2011	10.24	10.58	10.23	10.52	3315813	77765616.000
02/25/2011	10.52	10.95	10.52	10.73	4177260	100670472.000
02/28/2011	10.81	10.95	10.48	10.62	3073179	73852152.000
03/01/2011	10.86	11.31	10.86	11.06	5768198	142883152.000
03/02/2011	10.95	11.18	10.73	11.17	2846757	69677024.000
03/03/2011	11.08	11.23	10.64	10.75	2237718	54413612.000
03/04/2011	10.80	11.25	10.80	11.20	4906118	122095848.000
03/07/2011	11.32	11.34	11.10	11.18	2827226	70734408.000
03/08/2011	11.18	11.18	10.88	11.02	2336214	57247764.000
03/09/2011	11.05	11.10	10.79	11.04	2360890	57623940.000
03/10/2011	11.02	11.02	10.73	10.75	2126513	51493012.000
03/11/2011	10.73	10.99	10.71	10.78	2290206	55561960.000
03/14/2011	10.90	11.04	10.78	10.98	1640272	40125656.000
03/15/2011	10.99	11.40	10.76	11.30	4931612	122781808.000
03/16/2011	11.29	12.32	11.29	11.86	7632633	203007184.000
03/17/2011	11.82	12.45	11.78	12.13	7756423	211078096.000
03/18/2011	12.18	12.75	12.05	12.59	7568379	210085008.000
03/21/2011	12.58	12.59	12.09	12.14	3973825	108881288.000
03/22/2011	12.07	12.22	11.73	12.20	3496244	93670304.000
03/23/2011	12.06	12.95	12.06	12.63	3916152	110037568.000
03/24/2011	12.45	12.75	12.43	12.61	2599141	72994928.000
03/25/2011	12.61	12.72	12.11	12.12	2775990	76664904.000
03/28/2011	12.09	12.49	12.07	12.13	2538315	69404280.000
03/29/2011	12.00	12.20	11.55	11.60	2996666	79104576.000
03/30/2011	11.85	11.85	11.41	11.64	1235209	32027924.000
03/31/2011	11.74	11.90	11.23	11.27	1682103	43362108.000
04/01/2011	11.25	11.48	11.10	11.42	1632154	41414216.000
04/06/2011	11.41	11.70	10.89	11.10	2553956	63785404.000
04/07/2011	11.00	11.54	11.00	11.40	1663071	41739144.000
04/08/2011	11.39	11.50	11.23	11.37	932452	23723788.000
04/11/2011	11.30	11.40	10.94	10.95	1550322	38619900.000
04/12/2011	10.95	11.07	10.77	10.94	1146787	27959422.000
04/13/2011	10.94	11.20	10.85	11.19	916562	22773506.000
04/14/2011	11.27	11.28	10.95	10.96	807044	19959650.000
04/15/2011	10.99	11.07	10.79	10.95	891120	21759166.000
04/18/2011	10.96	10.97	10.57	10.58	1599818	38259452.000
04/19/2011	10.55	10.68	9.91	10.68	1893883	43600928.000
04/20/2011	10.54	10.82	10.45	10.75	1112977	26586504.000
04/21/2011	10.69	10.86	10.55	10.64	996666	23881272.000
04/25/2011	10.58	10.73	10.25	10.64	1177474	27579734.000
04/26/2011	10.72	11.14	10.64	11.00	2262159	55028264.000
04/27/2011	11.23	11.60	11.14	11.36	3135987	79664432.000
04/28/2011	11.55	11.86	10.75	10.94	3969967	100492384.000
04/29/2011	10.80	11.22	10.32	10.70	2191839	53074856.000
05/03/2011	10.70	11.21	10.36	11.01	2423855	58554280.000
05/04/2011	10.95	10.95	10.50	10.51	1426568	34240324.000
05/05/2011	10.45	10.87	10.45	10.70	1582466	37895308.000
05/06/2011	10.65	11.28	10.55	11.09	3722795	91994440.000
05/09/2011	11.12	11.53	11.11	11.32	2717975	68809848.000
05/10/2011	11.32	11.38	11.08	11.27	2046038	51130084.000
05/11/2011	11.29	11.54	11.14	11.49	2682550	68032928.000
05/12/2011	11.41	11.41	10.73	10.75	3897655	96972232.000
05/13/2011	10.73	10.85	10.45	10.67	2932971	69634320.000
05/16/2011	10.67	10.84	10.36	10.47	2898030	68684344.000
05/17/2011	10.41	10.51	9.95	10.05	4427859	100359712.000
05/18/2011	10.08	10.19	9.99	10.07	1837714	41510660.000
05/19/2011	10.16	10.26	10.05	10.11	1203532	27363914.000
05/20/2011	10.06	10.22	9.79	9.83	2158021	48333440.000
05/23/2011	9.80	9.80	9.00	9.45	3587408	75653696.000
05/24/2011	9.45	10.05	9.30	9.76	3079866	67272376.000
05/25/2011	9.68	9.80	9.45	9.47	1256372	27087994.000
05/26/2011	9.50	9.65	9.28	9.30	1084716	23033680.000
05/27/2011	9.19	9.50	9.07	9.33	1316421	27412260.000
05/30/2011	9.27	9.59	9.17	9.39	1355802	28756818.000
05/31/2011	9.48	9.68	9.40	9.65	1829613	39364256.000
06/01/2011	9.60	9.90	9.60	9.75	2215783	48551720.000
06/02/2011	9.55	9.62	9.17	9.45	2589153	54462532.000
06/03/2011	9.49	9.82	9.46	9.69	1842104	39191304.000
06/07/2011	9.67	9.76	9.58	9.73	1404659	29950340.000
06/08/2011	9.69	9.74	9.55	9.65	1177496	24937856.000
06/09/2011	9.60	9.65	9.27	9.31	2428957	50203256.000
06/10/2011	9.24	9.32	9.04	9.17	1713781	34375252.000
06/13/2011	9.05	9.08	8.76	9.00	1619902	31747920.000
06/14/2011	8.95	9.16	8.95	9.12	1202216	24074166.000
06/15/2011	9.12	9.18	8.86	8.89	1207160	23926922.000
06/16/2011	8.80	8.84	8.50	8.54	2092489	39840412.000
06/17/2011	8.46	8.86	8.45	8.53	1410645	26823398.000
06/20/2011	8.45	8.60	8.32	8.35	969355	17975956.000
06/21/2011	8.38	8.50	8.36	8.47	768264	14236569.000
06/22/2011	8.50	8.55	8.41	8.47	838636	15641680.000
06/23/2011	8.45	8.73	8.23	8.68	1878157	35503064.000
06/24/2011	8.64	9.08	8.55	9.00	2401106	46905424.000
06/27/2011	8.95	9.23	8.86	8.99	2084500	41548980.000
06/28/2011	9.05	9.05	8.89	8.98	1109023	21841566.000
06/29/2011	9.04	9.30	8.97	8.97	1984841	39957144.000
06/30/2011	9.04	9.25	9.00	9.20	1901554	38393612.000
07/01/2011	9.24	9.41	9.14	9.32	1955705	40102016.000
07/04/2011	9.36	9.54	9.30	9.51	2021522	41982768.000
07/05/2011	9.62	9.80	9.43	9.51	2200644	46381072.000
07/06/2011	9.36	9.50	9.30	9.46	1847923	38194596.000
07/08/2011	9.36	9.81	9.33	9.50	1610970	33977700.000
07/11/2011	9.45	9.69	9.36	9.65	1705344	36012548.000
07/12/2011	9.53	9.65	9.31	9.33	1466500	30411576.000
07/13/2011	9.25	9.68	9.25	9.62	1918523	40078268.000
07/14/2011	9.56	9.81	9.56	9.78	2240454	47799764.000
07/15/2011	9.77	9.97	9.73	9.81	2190428	47452564.000
07/18/2011	9.91	10.10	9.77	9.77	1893273	41321948.000
07/19/2011	9.68	9.77	9.36	9.58	2199084	46232736.000
07/20/2011	9.63	9.85	9.46	9.60	1509529	32152292.000
07/21/2011	9.62	9.62	9.37	9.39	1203818	24993620.000
07/22/2011	9.36	9.47	9.36	9.39	789989	16367188.000
07/25/2011	9.33	9.38	8.77	8.80	1545861	30823702.000
07/26/2011	8.81	8.91	8.77	8.90	933618	18124204.000
07/27/2011	8.86	9.08	8.78	9.04	1107534	21823590.000
07/28/2011	8.97	8.97	8.78	8.91	1036767	20251156.000
07/29/2011	8.93	8.98	8.77	8.77	1099189	21417408.000
08/01/2011	8.74	9.14	8.72	8.94	1901518	37527360.000
08/02/2011	8.95	9.84	8.95	9.84	8820182	186175440.000
08/03/2011	9.77	10.07	9.60	9.96	8947605	193772864.000
08/04/2011	9.85	9.95	9.64	9.67	3995570	85663600.000
08/05/2011	9.18	9.55	9.15	9.33	3457988	71296520.000
08/08/2011	9.16	9.32	8.55	8.82	3718703	73217576.000
08/09/2011	8.46	9.18	8.45	9.04	3144104	61358524.000
08/10/2011	9.19	9.54	9.08	9.39	3688278	75598320.000
08/11/2011	9.10	9.80	9.09	9.65	3862769	81279648.000
08/12/2011	9.76	10.02	9.57	9.58	3532227	75802000.000
08/15/2011	9.65	9.95	9.65	9.84	2825788	60939412.000
08/16/2011	9.78	9.87	9.55	9.60	2639680	56159088.000
08/17/2011	9.60	9.87	9.56	9.73	2641723	56714508.000
08/18/2011	9.71	9.76	9.49	9.52	1908461	40419288.000
08/19/2011	9.27	9.45	9.04	9.20	2336522	47375004.000
08/22/2011	9.16	9.40	9.16	9.26	1372924	28046674.000
08/23/2011	9.33	9.66	9.23	9.65	2342965	48889744.000
08/24/2011	9.65	9.77	9.47	9.50	4268246	90366376.000
08/25/2011	9.55	9.55	9.06	9.42	3928695	80345400.000
08/26/2011	9.32	9.65	9.29	9.65	3541423	73588184.000
08/29/2011	9.62	9.80	9.49	9.51	3252518	68849848.000
08/30/2011	9.62	9.65	9.16	9.17	2541925	52626016.000
08/31/2011	9.18	9.27	8.95	9.05	1539662	30696356.000
09/01/2011	9.10	9.15	9.00	9.05	781888	15627651.000
09/02/2011	9.15	9.20	9.01	9.10	1090503	21812890.000
09/05/2011	8.95	8.95	8.55	8.57	1780241	34095608.000
09/06/2011	8.55	8.63	8.42	8.45	1001518	18744384.000
09/07/2011	8.58	8.74	8.50	8.74	1140267	21649526.000
09/08/2011	8.82	8.83	8.50	8.50	1098750	20940692.000
09/09/2011	8.50	8.67	8.49	8.50	680931	12791335.000
09/13/2011	8.41	8.41	8.25	8.36	645806	11842090.000
09/14/2011	8.45	8.59	8.31	8.56	792467	14753449.000
09/15/2011	8.57	8.65	8.48	8.50	898528	16944506.000
09/16/2011	8.58	8.59	8.50	8.51	603682	11348072.000
09/19/2011	8.52	8.52	8.29	8.29	544851	9998787.000
09/20/2011	8.27	8.36	8.20	8.25	779908	14189250.000
09/21/2011	8.25	8.54	8.20	8.48	1100075	20387528.000
09/22/2011	8.42	8.49	8.11	8.12	1156487	21081952.000
09/23/2011	7.90	8.04	7.84	7.94	767119	13394736.000
09/26/2011	7.89	8.01	7.73	7.76	537224	9308292.000
09/27/2011	7.85	7.91	7.77	7.83	426486	7340181.000
09/28/2011	7.94	7.99	7.74	7.75	503685	8701851.000
09/29/2011	7.68	7.73	7.23	7.26	1210151	19678504.000
09/30/2011	7.28	7.43	7.15	7.31	557301	8920118.000
10/10/2011	7.36	7.36	7.15	7.16	489144	7778025.500
10/11/2011	7.27	7.40	6.93	7.01	923832	14681003.000
10/12/2011	6.95	7.33	6.86	7.29	1195674	18792122.000
10/13/2011	7.26	7.44	7.23	7.41	1226765	19917710.000
10/14/2011	7.33	7.44	7.20	7.31	962770	15490310.000
10/17/2011	7.33	7.39	7.26	7.35	828612	13361709.000
10/18/2011	7.26	7.29	6.92	6.92	1126761	17580198.000
10/19/2011	6.96	7.13	6.94	6.99	736400	11394211.000
10/20/2011	6.95	6.95	6.55	6.62	1210958	17746872.000
10/21/2011	6.64	6.65	6.45	6.45	577857	8282759.000
10/24/2011	6.43	6.54	6.18	6.49	1357731	19005576.000
10/25/2011	6.49	6.68	6.40	6.66	1412207	20392056.000
10/26/2011	6.41	6.86	6.20	6.66	3535611	50898672.000
10/27/2011	6.55	6.70	6.42	6.52	1907134	27543456.000
10/28/2011	6.55	6.92	6.46	6.82	3005825	44046092.000
10/31/2011	6.77	7.02	6.73	6.88	2214382	33445290.000
11/01/2011	6.82	6.88	6.70	6.83	1690325	25266274.000
11/02/2011	6.68	6.98	6.59	6.98	2594562	38849996.000
11/03/2011	7.03	7.23	7.00	7.20	4072217	63955492.000
11/04/2011	7.25	7.89	7.08	7.59	4386168	71909432.000
11/07/2011	7.30	7.50	7.29	7.36	2373620	38636780.000
11/08/2011	7.35	7.40	7.05	7.06	1583998	25157468.000
11/09/2011	7.13	7.26	6.95	7.23	1578382	24729504.000
11/10/2011	7.13	7.55	7.07	7.27	2982676	48287712.000
11/11/2011	7.27	7.56	7.23	7.32	1720743	27951686.000
11/14/2011	7.32	7.82	7.32	7.68	3356701	56365820.000
11/15/2011	7.61	7.70	7.50	7.63	1874303	31304636.000
11/16/2011	7.71	7.86	7.40	7.42	2452988	41083752.000
11/17/2011	7.40	7.58	7.28	7.45	1637823	26756400.000
11/18/2011	7.34	7.45	6.87	6.91	1994085	31241588.000
11/21/2011	6.86	6.91	6.62	6.81	968031	14373203.000
11/22/2011	6.64	6.81	6.55	6.75	897608	13269486.000
11/23/2011	6.77	6.85	6.73	6.74	772631	11525235.000
11/24/2011	6.73	6.78	6.55	6.68	716013	10463543.000
11/25/2011	6.62	6.74	6.46	6.50	855689	12406257.000
11/28/2011	6.50	6.58	6.46	6.50	458539	6565094.500
11/29/2011	6.60	6.68	6.50	6.67	866708	12595082.000
11/30/2011	6.65	6.76	6.36	6.46	1556590	22616854.000
12/01/2011	6.68	6.94	6.55	6.74	1693159	25218408.000
12/02/2011	6.64	6.93	6.63	6.87	1634062	24576940.000
12/05/2011	6.85	6.85	6.43	6.43	1022570	14877534.000
12/06/2011	6.37	6.50	6.18	6.36	756826	10554600.000
12/07/2011	6.27	6.53	6.27	6.46	594410	8455720.000
12/08/2011	6.46	7.05	6.36	6.73	1221808	17956042.000
12/09/2011	6.65	6.73	6.51	6.53	693820	10101927.000
12/13/2011	6.27	6.36	5.91	5.95	1109815	14770228.000
12/14/2011	5.84	5.97	5.71	5.71	516840	6620624.500
12/15/2011	5.73	5.86	5.64	5.69	597851	7539519.000
12/16/2011	5.70	6.13	5.70	6.02	1510745	19841876.000
12/19/2011	6.00	6.47	6.00	6.43	3513281	48486104.000
12/20/2011	6.40	6.40	6.13	6.14	1888893	25938026.000
12/21/2011	6.17	6.25	5.69	5.85	1231159	16494613.000
12/22/2011	5.82	6.16	5.45	6.04	1507376	19170786.000
12/23/2011	5.95	6.05	5.84	5.92	910864	11905763.000
12/26/2011	5.92	6.08	5.90	5.95	830964	10944102.000
12/27/2011	6.09	6.25	5.75	5.85	1055178	13973370.000
12/28/2011	5.60	5.73	5.55	5.70	691255	8587314.000
12/29/2011	5.70	5.84	5.63	5.70	537002	6795450.500
12/30/2011	5.70	5.80	5.69	5.76	509118	6441130.000
01/04/2012	5.80	5.98	5.57	5.57	445930	5632706.500
01/05/2012	5.57	5.57	5.14	5.27	903129	10611122.000
01/06/2012	5.35	5.35	4.93	5.14	814422	9089552.000
01/09/2012	5.13	5.35	4.97	5.34	912065	10457554.000
01/10/2012	5.35	5.61	5.27	5.57	1315215	15840074.000
01/11/2012	5.53	5.69	5.46	5.60	1594426	19615096.000
01/12/2012	5.66	6.13	5.63	5.64	1576067	20071792.000
01/13/2012	5.56	5.64	5.18	5.35	1184539	14057817.000
01/16/2012	5.23	5.55	5.18	5.27	1210477	14258625.000
01/17/2012	5.40	5.54	5.23	5.50	3808545	44834148.000
01/18/2012	5.40	5.42	5.00	5.03	2992749	34609240.000
01/19/2012	5.04	5.15	4.96	5.12	1313956	14666844.000
01/20/2012	5.16	5.20	5.08	5.15	1135305	12829084.000
01/30/2012	5.18	5.20	5.09	5.11	920959	10439148.000
01/31/2012	5.01	5.02	4.63	4.66	2057088	21343314.000
02/01/2012	4.66	4.73	4.57	4.65	1056644	10817812.000
02/02/2012	4.67	4.72	4.61	4.72	1026673	10549163.000
02/03/2012	4.70	4.95	4.70	4.93	1996517	21263638.000
02/06/2012	4.94	5.14	4.85	5.05	2515818	27654070.000
02/07/2012	5.02	5.02	4.81	4.87	1722038	18537258.000
02/08/2012	4.86	5.04	4.81	5.01	1649559	17972366.000
02/09/2012	5.00	5.18	4.99	5.05	2440964	27360632.000
02/10/2012	5.04	5.15	5.04	5.09	1981085	22178664.000
02/13/2012	5.04	5.25	5.01	5.24	2691342	30536502.000
02/14/2012	5.22	5.24	5.13	5.15	1627127	18473294.000
02/15/2012	5.15	5.25	5.10	5.25	2156061	24637492.000
02/16/2012	5.25	5.47	5.23	5.40	3776157	44327572.000
02/17/2012	5.39	5.44	5.27	5.32	1730418	20381660.000
02/20/2012	5.39	5.39	5.23	5.23	2045929	23947606.000
02/21/2012	5.23	5.39	5.19	5.39	2333408	27258808.000
02/22/2012	5.41	5.55	5.38	5.55	3107820	37459292.000
02/23/2012	5.55	5.62	5.40	5.49	3212182	38925312.000
02/24/2012	5.46	5.65	5.45	5.59	4329318	53056204.000
02/27/2012	5.61	5.75	5.52	5.69	5147451	63504384.000
02/28/2012	5.64	5.70	5.46	5.54	2871743	35132708.000
02/29/2012	5.48	5.51	5.34	5.36	2006013	23919744.000
03/01/2012	5.35	5.72	5.31	5.63	4592881	56402976.000
03/02/2012	5.68	5.85	5.60	5.63	5041436	63398652.000
03/05/2012	5.72	5.72	5.55	5.55	2443683	30388652.000
03/06/2012	5.59	5.85	5.41	5.82	6126663	76308232.000
03/07/2012	5.75	5.91	5.61	5.83	3886842	49402632.000
03/08/2012	5.91	5.94	5.72	5.82	3885743	50007812.000
03/09/2012	5.80	6.31	5.80	6.01	6117897	80997440.000
03/12/2012	6.05	6.27	5.96	6.15	6588421	88932432.000
03/13/2012	6.20	6.38	6.14	6.36	6279517	86736368.000
03/14/2012	6.45	6.45	5.77	5.86	7325024	99226512.000
03/15/2012	5.84	5.88	5.47	5.64	3445163	42746408.000
03/16/2012	5.61	5.83	5.55	5.80	2784373	34936172.000
03/19/2012	5.80	5.81	5.62	5.76	1717152	21647580.000
03/20/2012	5.76	5.76	5.48	5.48	2172876	26649618.000
03/21/2012	5.58	5.59	5.41	5.52	1592865	19271884.000
03/22/2012	5.52	5.65	5.47	5.57	1392570	17087676.000
03/23/2012	5.50	5.56	5.23	5.32	1599578	18992222.000
03/26/2012	5.31	5.36	5.17	5.22	968534	11163750.000
03/27/2012	5.25	5.29	5.15	5.17	777958	8943934.000
03/28/2012	5.16	5.16	4.82	4.85	1410528	15359714.000
03/29/2012	4.82	4.85	4.67	4.67	1099340	11497275.000
03/30/2012	4.68	4.77	4.60	4.64	941141	9660108.000
04/05/2012	4.64	4.76	4.64	4.73	1063290	11044752.000
04/06/2012	4.74	4.85	4.74	4.82	1128481	11899154.000
04/09/2012	4.81	4.81	4.62	4.66	719718	7499890.000
04/10/2012	4.60	4.70	4.45	4.66	1728992	17382192.000
04/11/2012	4.58	4.69	4.54	4.61	988509	10023598.000
04/12/2012	4.60	4.71	4.60	4.71	1374476	14089108.000
04/13/2012	4.75	4.81	4.69	4.79	1742766	18243998.000
04/16/2012	4.75	4.80	4.70	4.75	1122756	11721863.000
04/17/2012	4.75	4.75	4.63	4.64	1181377	12190861.000
04/18/2012	4.63	4.78	4.61	4.77	2005599	20732952.000
04/19/2012	4.78	4.92	4.75	4.89	2981737	31780738.000
04/20/2012	4.87	4.90	4.82	4.86	1736634	18559270.000
04/23/2012	4.82	4.83	4.38	4.38	4301191	42353136.000
04/24/2012	4.18	4.20	3.95	4.07	4253221	38016784.000
04/25/2012	4.07	4.12	4.02	4.09	1807701	16213443.000
04/26/2012	4.10	4.17	4.05	4.05	1293204	11629353.000
04/27/2012	4.05	4.12	3.96	4.07	1785220	15891527.000
05/02/2012	4.15	4.15	4.03	4.05	1613009	14448758.000
05/03/2012	4.00	4.06	3.95	4.02	1824595	16044427.000
05/04/2012	4.02	4.09	4.01	4.09	2054414	18359622.000
05/07/2012	4.07	4.17	4.04	4.17	2238387	20238144.000
05/08/2012	4.17	4.30	4.17	4.21	3410008	31696788.000
05/09/2012	4.18	4.18	4.08	4.08	1696047	15346207.000
05/10/2012	4.10	4.17	4.09	4.15	1381200	12595360.000
05/11/2012	4.18	4.19	4.12	4.14	1061023	9690958.000
05/14/2012	4.20	4.20	4.08	4.08	1026466	9306087.000
05/15/2012	4.05	4.05	3.98	4.05	1282311	11335350.000
05/16/2012	4.05	4.11	4.01	4.06	1155879	10330833.000
05/17/2012	4.06	4.12	4.03	4.10	1111616	9990572.000
05/18/2012	4.05	4.28	4.05	4.20	3744100	34717792.000
05/21/2012	4.16	4.20	4.08	4.11	1729954	15634474.000
05/22/2012	4.11	4.15	4.10	4.15	1170753	10632823.000
05/23/2012	4.14	4.14	4.04	4.07	1034140	9299631.000
05/24/2012	4.09	4.40	4.09	4.23	4536722	42702148.000
05/25/2012	4.21	4.25	4.15	4.20	2011817	18602140.000
05/28/2012	4.18	4.23	3.96	4.13	1804110	16125012.000
05/29/2012	4.13	4.22	4.10	4.20	1813467	16670677.000
05/30/2012	4.20	4.29	4.15	4.25	2242292	20847768.000
05/31/2012	4.22	4.35	4.18	4.29	2064804	19424698.000
06/01/2012	4.27	4.30	4.18	4.20	1505278	14003977.000
06/04/2012	4.12	4.12	4.02	4.02	1360202	12192634.000
06/05/2012	4.02	4.07	3.98	4.03	620943	5498286.000
06/06/2012	4.06	4.09	3.99	4.02	755300	6707060.000
06/07/2012	4.08	4.08	3.96	3.97	709642	6252881.500
06/08/2012	4.00	4.02	3.95	3.96	889148	7787772.000
06/11/2012	3.97	4.05	3.96	4.04	918606	8098236.500
06/12/2012	4.02	4.16	4.00	4.08	1356197	12231763.000
06/13/2012	4.10	4.13	4.05	4.12	1067805	9624483.000
06/14/2012	4.10	4.15	4.08	4.11	877391	7930261.000
06/15/2012	4.10	4.25	4.06	4.22	2974358	27360620.000
06/18/2012	4.20	4.30	4.16	4.22	1999505	18548464.000
06/19/2012	4.22	4.22	4.09	4.14	1766648	16112442.000
06/20/2012	4.17	4.20	4.11	4.16	1095003	10023200.000
06/21/2012	4.14	4.17	4.05	4.07	1209333	10870684.000
06/25/2012	4.05	4.06	3.86	3.86	1196477	10386362.000
06/26/2012	3.83	3.93	3.75	3.83	942683	7943482.000
06/27/2012	3.82	3.89	3.78	3.78	786798	6629927.500
06/28/2012	3.77	3.82	3.55	3.60	1265700	10385119.000
06/29/2012	3.50	3.96	3.47	3.96	4654277	38994940.000
07/02/2012	3.97	4.09	3.83	4.01	6374352	55375652.000
07/03/2012	3.89	4.04	3.86	3.96	4388920	38129048.000
07/04/2012	3.96	4.27	3.94	4.15	8378798	76101200.000
07/05/2012	4.10	4.14	3.99	4.04	4432707	39579052.000
07/06/2012	4.05	4.06	3.81	4.03	3975797	34476360.000
07/09/2012	3.96	4.01	3.63	3.66	3872166	32659972.000
07/10/2012	3.60	4.03	3.60	4.03	6146649	52885212.000
07/16/2012	3.63	3.63	3.63	3.63	486400	3881472.000
07/17/2012	3.26	3.35	3.26	3.30	8475305	61087856.000
07/18/2012	3.18	3.27	3.10	3.25	9162183	64635876.000
07/19/2012	3.21	3.39	3.15	3.28	7513274	53884848.000
07/20/2012	3.25	3.35	3.20	3.27	4437663	32106588.000
07/23/2012	3.23	3.26	3.10	3.14	3926338	27189850.000
07/24/2012	3.10	3.21	3.09	3.17	2707730	18862722.000
07/25/2012	3.15	3.29	3.14	3.18	4627559	32783754.000
07/26/2012	3.19	3.24	3.15	3.20	2795884	19660622.000
07/27/2012	3.19	3.24	3.16	3.18	2550716	17968374.000
07/30/2012	3.09	3.09	2.86	2.86	5803990	37312192.000
07/31/2012	2.81	2.82	2.66	2.72	4205931	25260026.000
08/01/2012	2.71	2.80	2.70	2.77	2686549	16322525.000
08/02/2012	2.77	2.81	2.70	2.79	2710785	16435307.000
08/03/2012	2.73	2.85	2.73	2.84	3332466	20680336.000
08/06/2012	2.79	2.94	2.76	2.91	3815902	24192300.000
08/07/2012	2.93	3.07	2.91	3.00	6063071	39931168.000
08/08/2012	2.99	3.03	2.94	2.98	3607560	23661538.000
08/09/2012	2.96	3.00	2.91	2.99	3420717	22236020.000
08/10/2012	2.98	3.07	2.95	3.02	4686764	31167346.000
08/13/2012	2.99	2.99	2.83	2.83	3310076	21233462.000
08/14/2012	2.82	2.91	2.80	2.88	2698494	16957016.000
08/15/2012	2.86	2.89	2.81	2.84	1933121	12086735.000
08/16/2012	2.81	2.85	2.80	2.80	1376654	8552010.000
08/17/2012	2.79	3.05	2.79	2.89	4171235	26956910.000
08/20/2012	2.83	2.87	2.79	2.85	2538165	15738438.000
08/21/2012	2.85	2.99	2.83	2.95	3494431	22484110.000
08/22/2012	2.92	3.02	2.91	2.94	3247466	21146724.000
08/23/2012	2.93	3.02	2.91	3.01	4595609	30102202.000
08/24/2012	3.01	3.12	2.82	2.82	6177573	40247216.000
08/27/2012	2.73	2.73	2.55	2.64	4086713	23743052.000
08/28/2012	2.65	2.77	2.65	2.70	3296718	19703752.000
08/29/2012	2.65	2.80	2.64	2.73	3644047	21897080.000
08/30/2012	2.68	2.72	2.57	2.66	3827210	22336874.000
08/31/2012	2.83	2.93	2.76	2.80	9992939	63061612.000
09/03/2012	2.72	2.99	2.66	2.92	8608942	53453248.000
09/04/2012	2.86	3.08	2.84	2.95	10779765	70300024.000
09/05/2012	2.91	3.00	2.86	2.94	5727806	37030348.000
09/06/2012	2.93	2.95	2.85	2.93	4752262	30287394.000
09/07/2012	2.90	3.20	2.89	3.03	13440038	89546760.000
09/10/2012	3.01	3.09	2.97	3.03	9441679	62541412.000
09/11/2012	3.00	3.22	2.95	3.22	17381043	117773824.000
09/12/2012	3.14	3.20	3.12	3.16	16001228	111182256.000
09/13/2012	3.16	3.31	3.13	3.13	15956572	113268064.000
09/14/2012	3.15	3.17	3.00	3.05	9339101	63099732.000
09/17/2012	3.00	3.03	2.87	2.87	6363994	41182760.000
09/18/2012	2.86	2.90	2.82	2.84	3101915	19595560.000
09/19/2012	2.87	2.91	2.85	2.88	3007361	19068346.000
09/20/2012	2.89	2.90	2.68	2.68	4277945	26264736.000
09/21/2012	2.64	2.71	2.64	2.65	2791547	16420098.000
09/24/2012	2.64	2.76	2.60	2.70	3219513	18984104.000
09/25/2012	2.68	2.72	2.65	2.67	1766002	10419758.000
09/26/2012	2.66	2.69	2.57	2.58	2631489	15135377.000
09/27/2012	2.59	2.71	2.59	2.66	3857090	22507696.000
09/28/2012	2.67	2.74	2.64	2.73	3740890	22191942.000
10/08/2012	2.73	2.74	2.69	2.70	2188686	13050691.000
10/09/2012	2.70	2.83	2.70	2.80	3928515	24025420.000
10/10/2012	2.77	2.88	2.76	2.85	4994362	31049484.000
10/11/2012	2.81	2.85	2.78	2.82	4910821	30408936.000
10/12/2012	2.82	2.84	2.69	2.78	4282812	26030362.000
10/15/2012	2.80	2.80	2.64	2.68	2908066	17152366.000
10/16/2012	2.86	2.95	2.78	2.95	10834963	69530896.000
10/17/2012	3.04	3.07	2.84	2.93	14166839	91355560.000
10/18/2012	2.86	3.16	2.85	3.09	18711410	121601976.000
10/19/2012	3.02	3.04	2.95	2.95	15592211	102388192.000
10/22/2012	2.93	2.99	2.92	2.97	7505976	48933740.000
10/23/2012	2.97	3.01	2.89	2.89	6539543	42316524.000
10/24/2012	2.88	2.95	2.86	2.91	5084535	32569694.000
10/25/2012	2.97	3.20	2.93	3.20	34252267	237654672.000
10/26/2012	3.18	3.25	3.03	3.05	23308535	160289840.000
10/29/2012	3.03	3.23	3.03	3.10	16049262	110155128.000
10/30/2012	3.05	3.09	2.94	2.94	11745743	77342616.000
10/31/2012	2.95	2.98	2.86	2.92	6038868	38794012.000
11/01/2012	2.91	3.10	2.90	3.00	10160520	66918064.000
11/02/2012	2.97	3.01	2.92	2.98	6864854	44716064.000
11/05/2012	2.98	3.07	2.92	3.04	7723347	50942280.000
11/06/2012	3.09	3.18	2.99	3.10	10591133	71521304.000
11/07/2012	3.06	3.24	3.06	3.11	11247765	77976200.000
11/08/2012	3.05	3.07	2.92	2.92	8540782	56464644.000
11/09/2012	2.89	2.89	2.80	2.82	5828580	36282072.000
11/12/2012	2.82	2.85	2.78	2.84	2698237	16754931.000
11/13/2012	2.84	2.87	2.76	2.77	3512994	21811952.000
11/14/2012	2.76	2.78	2.65	2.73	3792345	22647734.000
11/15/2012	2.70	2.71	2.62	2.63	2846259	16762774.000
11/16/2012	2.60	2.66	2.60	2.66	2082256	12054667.000
11/19/2012	2.64	2.71	2.64	2.69	1617925	9550309.000
11/20/2012	2.71	2.74	2.67	2.68	1638102	9695031.000
11/21/2012	2.68	2.72	2.60	2.71	2465190	14478811.000
11/22/2012	2.72	2.72	2.66	2.67	1763783	10425634.000
11/23/2012	2.68	2.70	2.65	2.65	1743548	10261941.000
11/26/2012	2.64	2.66	2.60	2.61	1060216	6147437.500
11/27/2012	2.61	2.61	2.35	2.35	5554622	29546280.000
11/28/2012	2.32	2.40	2.30	2.34	2580936	13333983.000
11/29/2012	2.32	2.50	2.32	2.40	8442112	44945848.000
11/30/2012	2.39	2.47	2.34	2.41	3068492	16239150.000
12/03/2012	2.40	2.42	2.21	2.29	7239770	36372648.000
12/04/2012	2.25	2.34	2.18	2.31	5846615	29131988.000
12/05/2012	2.28	2.45	2.27	2.39	7019932	36377684.000
12/06/2012	2.35	2.40	2.35	2.36	4398810	22935954.000
12/07/2012	2.35	2.46	2.35	2.46	5679681	30195604.000
12/10/2012	2.45	2.70	2.43	2.57	18522001	106234952.000
12/11/2012	2.54	2.72	2.54	2.59	12786111	73151384.000
12/12/2012	2.55	2.66	2.55	2.61	8628862	49353072.000
12/13/2012	2.61	2.78	2.58	2.60	10128644	59694660.000
12/14/2012	2.60	2.85	2.55	2.73	15781632	94246264.000
12/17/2012	2.73	2.90	2.70	2.82	17453532	107034080.000
12/18/2012	2.81	2.97	2.76	2.94	18916622	118620576.000
12/19/2012	2.94	2.94	2.82	2.90	16393751	103372664.000
12/20/2012	2.93	2.99	2.81	2.85	22976963	146967056.000
12/21/2012	2.82	2.82	2.69	2.75	14275044	86654752.000
12/24/2012	2.73	2.79	2.70	2.76	7131538	43042636.000
12/25/2012	2.75	2.82	2.71	2.80	9212937	56412456.000
12/26/2012	2.74	2.80	2.72	2.80	14528582	87693544.000
12/27/2012	2.78	2.79	2.69	2.70	9731990	58712588.000
12/28/2012	2.66	2.72	2.63	2.70	8403390	49484796.000
12/31/2012	2.69	2.72	2.64	2.64	6341568	37402604.000
01/04/2013	2.70	2.90	2.68	2.90	29977147	187027488.000
01/07/2013	2.90	2.95	2.85	2.92	23108767	147696000.000
01/08/2013	2.86	3.07	2.83	3.03	23716116	153465504.000
01/09/2013	2.98	3.07	2.95	3.00	14690235	96677464.000
01/10/2013	3.00	3.16	2.96	3.05	19886856	134423952.000
01/11/2013	3.02	3.13	2.91	2.95	17260951	115149192.000
01/14/2013	2.92	3.07	2.92	3.02	13178385	86852040.000
01/15/2013	3.00	3.31	2.99	3.13	19684813	136863152.000
01/16/2013	3.11	3.30	3.07	3.18	15245657	106547184.000
01/17/2013	3.20	3.22	3.06	3.10	7830164	53808164.000
01/18/2013	3.10	3.15	3.05	3.12	6307496	43129824.000
01/21/2013	3.13	3.27	3.08	3.19	9179368	64616128.000
01/22/2013	3.16	3.26	3.11	3.14	11419290	80402352.000
01/23/2013	3.14	3.16	3.01	3.08	7276983	49372404.000
01/24/2013	3.09	3.20	3.00	3.03	8146278	55887400.000
01/25/2013	3.03	3.08	3.00	3.02	3394493	22659546.000
01/28/2013	3.05	3.11	3.02	3.10	5141177	34707456.000
01/29/2013	3.13	3.14	3.00	3.05	6794071	45714780.000
01/30/2013	3.05	3.05	2.95	2.97	6023258	39574308.000
01/31/2013	2.99	3.04	2.96	3.03	3607773	23798372.000
02/01/2013	3.00	3.05	2.98	3.03	4299550	28565286.000
02/04/2013	3.05	3.10	2.89	2.90	4938637	32216458.000
02/05/2013	2.89	2.94	2.89	2.93	2658337	17056920.000
02/06/2013	2.93	3.04	2.91	2.99	4235584	27804822.000
02/07/2013	2.96	3.01	2.95	2.98	2628348	17240362.000
02/08/2013	2.98	3.07	2.96	3.05	4139629	27647514.000
02/18/2013	3.05	3.23	3.05	3.19	9791825	68104384.000
02/19/2013	3.18	3.40	3.14	3.27	14358221	102994400.000
02/20/2013	3.25	3.28	3.20	3.26	6424221	45758312.000
02/21/2013	3.25	3.36	3.20	3.24	9301365	66935976.000
02/22/2013	3.23	3.25	3.10	3.13	6606636	45814908.000
02/25/2013	3.12	3.27	3.10	3.17	5840743	40954688.000
02/26/2013	3.15	3.26	3.15	3.23	5794737	40903228.000
02/27/2013	3.24	3.26	3.16	3.20	5264792	37147476.000
02/28/2013	3.21	3.40	3.20	3.36	12017659	88273912.000
03/01/2013	3.33	3.68	3.33	3.53	16887296	129349864.000
03/04/2013	3.50	3.71	3.42	3.46	14063042	110666216.000
03/05/2013	3.46	3.65	3.46	3.57	9492023	74790776.000
03/06/2013	3.59	3.84	3.56	3.81	11972447	98098288.000
03/07/2013	3.81	3.81	3.62	3.66	7824684	63720220.000
03/08/2013	3.67	3.71	3.49	3.51	6532947	51525532.000
03/11/2013	3.50	3.57	3.47	3.54	2915889	22620104.000
03/12/2013	3.51	3.59	3.34	3.38	5332029	40547352.000
03/13/2013	3.38	3.43	3.25	3.27	4209974	30613868.000
03/14/2013	3.28	3.37	3.25	3.30	2541124	18493750.000
03/15/2013	3.30	3.40	3.27	3.38	3969489	29310802.000
03/18/2013	3.40	3.55	3.35	3.46	5395926	41096580.000
03/19/2013	3.44	3.51	3.34	3.39	4650324	34973556.000
03/20/2013	3.39	3.66	3.38	3.62	7490640	58383452.000
03/21/2013	3.55	3.70	3.55	3.64	5656072	45167824.000
03/22/2013	3.63	3.70	3.56	3.61	3665371	29108836.000
03/25/2013	3.59	3.63	3.50	3.55	2924762	22806918.000
03/26/2013	3.50	3.60	3.50	3.57	2837360	22204572.000
03/27/2013	3.57	3.59	3.46	3.55	2920058	22636778.000
03/28/2013	3.51	3.51	3.39	3.42	2593897	19618522.000
03/29/2013	3.41	3.52	3.30	3.30	2572895	19200430.000
04/01/2013	3.25	3.59	3.24	3.47	4555209	33947792.000
04/02/2013	3.44	3.45	3.36	3.37	2663390	19945514.000
04/03/2013	3.36	3.42	3.29	3.41	2974104	21812014.000
04/08/2013	3.42	3.61	3.35	3.54	5792931	44745784.000
04/09/2013	3.55	3.70	3.53	3.54	5605881	44415428.000
04/10/2013	3.66	3.77	3.55	3.60	5407153	43364956.000
04/11/2013	3.60	3.69	3.52	3.55	3302766	26080280.000
04/12/2013	3.55	3.68	3.52	3.65	4236092	33594416.000
04/15/2013	3.58	3.70	3.58	3.60	2740905	21934392.000
04/16/2013	3.57	3.76	3.54	3.74	6993733	56893692.000
04/17/2013	3.71	3.81	3.68	3.77	5720688	47205312.000
04/18/2013	3.73	3.76	3.64	3.64	5798022	47379364.000
04/19/2013	3.62	3.77	3.62	3.74	7112307	57846660.000
04/22/2013	3.74	3.74	3.66	3.69	3945602	32036102.000
04/23/2013	3.69	3.71	3.45	3.54	7515965	58821268.000
04/24/2013	3.51	3.60	3.43	3.58	4278143	33201706.000
04/25/2013	3.59	3.67	3.46	3.50	4054959	31776706.000
04/26/2013	3.55	3.55	3.41	3.42	2906585	22048378.000
05/02/2013	3.42	3.51	3.40	3.50	2014344	15404148.000
05/03/2013	3.53	3.65	3.50	3.63	3710972	29413590.000
05/06/2013	3.61	3.70	3.60	3.64	4663230	37474116.000
05/07/2013	3.62	3.68	3.61	3.61	3656858	29302824.000
05/08/2013	3.63	3.70	3.60	3.70	6198454	49814500.000
05/09/2013	3.67	3.67	3.46	3.54	6783434	53334716.000
05/10/2013	3.53	3.89	3.50	3.89	15095994	123972712.000
05/13/2013	3.90	3.93	3.80	3.82	11543514	97752528.000
05/14/2013	3.80	4.13	3.80	4.05	19820253	173352976.000
05/15/2013	4.00	4.15	3.95	4.13	14098668	125792712.000
05/16/2013	4.12	4.13	4.00	4.03	11511241	102724800.000
05/17/2013	4.01	4.12	3.93	3.98	10343634	91920664.000
05/20/2013	3.96	4.29	3.94	4.27	14218905	129229784.000
05/21/2013	4.49	4.65	4.18	4.26	16995854	162577408.000
05/22/2013	4.32	4.58	4.27	4.34	15471295	150026544.000
05/23/2013	4.12	4.29	4.10	4.14	11025754	101443040.000
05/24/2013	4.15	4.31	4.15	4.31	7140952	66666676.000
05/27/2013	4.30	4.41	4.24	4.25	4218483	39961216.000
05/28/2013	4.10	4.18	3.96	4.00	16509497	146110208.000
05/29/2013	4.00	4.08	3.97	4.05	6027926	53536304.000
05/30/2013	4.06	4.06	3.99	4.02	4668185	41240708.000
05/31/2013	4.05	4.12	3.99	3.99	5492457	48884024.000
06/03/2013	3.95	4.02	3.90	3.90	5251217	45444172.000
06/04/2013	3.88	4.03	3.82	3.96	9038399	77903544.000
06/05/2013	3.90	3.95	3.82	3.91	4912028	42160276.000
06/06/2013	3.99	4.04	3.87	3.89	6934681	60584812.000
06/07/2013	3.87	3.95	3.74	3.77	4456017	37528408.000
06/13/2013	3.70	3.93	3.66	3.88	6995194	59303580.000
06/14/2013	3.86	3.97	3.85	3.95	4201259	36295276.000
06/17/2013	4.05	4.07	3.92	3.94	6539626	57269632.000
06/18/2013	3.93	4.02	3.91	3.95	3978978	34719464.000
06/19/2013	3.95	3.95	3.81	3.90	4049909	34445196.000
06/20/2013	3.85	3.90	3.80	3.84	2630264	22244670.000
06/21/2013	3.84	3.95	3.65	3.92	5557858	46887708.000
06/24/2013	3.93	3.97	3.69	3.70	7778621	65567092.000
06/25/2013	3.70	3.96	3.59	3.95	10156291	84724424.000
06/26/2013	3.95	4.17	3.90	4.12	9645899	86117248.000
06/27/2013	4.09	4.20	4.03	4.14	8482234	76605272.000
06/28/2013	4.12	4.31	4.09	4.18	8653547	80186336.000
07/01/2013	4.14	4.30	4.10	4.26	6365554	58857824.000
07/02/2013	4.25	4.42	4.18	4.40	8979432	84441760.000
07/03/2013	4.84	4.84	4.84	4.84	5062360	53863512.000
07/04/2013	5.32	5.32	5.14	5.32	41324373	479287072.000
07/05/2013	5.32	5.40	5.19	5.19	28117317	328117024.000
07/08/2013	5.15	5.50	5.14	5.26	25125037	293902240.000
07/09/2013	5.25	5.28	4.90	4.96	18712241	206356064.000
07/10/2013	4.94	5.11	4.89	5.03	12884906	142172672.000
07/11/2013	5.03	5.36	4.96	5.32	19043194	214911040.000
07/12/2013	5.24	5.55	5.21	5.22	20079236	236522352.000
07/15/2013	5.23	5.42	5.20	5.37	16086071	188596368.000
07/16/2013	5.52	5.79	5.46	5.50	21170395	261216416.000
07/17/2013	5.46	5.59	5.32	5.34	13690972	164120528.000
07/18/2013	5.31	5.32	5.15	5.21	9068659	104326872.000
07/19/2013	5.27	5.43	5.19	5.22	9607952	112132280.000
07/22/2013	5.14	5.30	5.09	5.28	6160838	70659112.000
07/23/2013	5.28	5.35	5.23	5.34	7887890	91920752.000
07/24/2013	5.35	5.65	5.30	5.55	15153884	183182192.000
07/25/2013	5.60	5.68	5.23	5.26	12055042	143429520.000
07/26/2013	5.27	5.44	5.19	5.36	8131850	95592936.000
07/29/2013	5.54	5.80	5.45	5.54	16114147	199081776.000
07/30/2013	5.54	5.55	5.00	5.30	10881935	126925064.000
07/31/2013	5.27	5.42	5.22	5.35	5154593	60538896.000
08/01/2013	5.38	5.66	5.33	5.65	10687598	130089016.000
08/02/2013	5.68	5.99	5.57	5.58	21725139	276606208.000
08/05/2013	5.59	5.74	5.48	5.61	9829189	121430856.000
08/06/2013	5.68	5.76	5.61	5.66	7783149	97159792.000
08/07/2013	5.59	5.75	5.51	5.64	11898334	147285936.000
08/08/2013	5.55	5.67	5.54	5.55	6933442	85342800.000
08/09/2013	5.59	5.68	5.48	5.54	5735026	70266400.000
08/12/2013	5.55	5.63	5.34	5.44	8752869	105363000.000
08/13/2013	5.43	5.52	5.38	5.50	4717619	56797992.000
08/14/2013	5.50	5.51	5.33	5.41	4632324	55180744.000
08/15/2013	5.41	5.60	5.39	5.55	7476823	90811232.000
08/16/2013	5.51	5.57	5.19	5.24	7738684	91851256.000
08/19/2013	5.24	5.57	5.24	5.55	6861197	82293624.000
08/20/2013	5.55	5.90	5.51	5.84	17891025	226243232.000
08/21/2013	5.75	5.95	5.70	5.90	10855945	139596528.000
08/22/2013	5.85	5.98	5.76	5.77	10497680	135139280.000
08/23/2013	5.82	5.89	5.69	5.88	9457134	120747408.000
08/26/2013	5.79	5.84	5.70	5.79	9517928	120712432.000
08/27/2013	5.76	5.89	5.71	5.88	7929145	101164096.000
08/28/2013	5.72	6.40	5.60	6.26	23285159	308293376.000
08/29/2013	6.27	6.63	6.18	6.29	21837228	307688224.000
08/30/2013	6.22	6.45	5.82	6.08	15872293	215220896.000
09/02/2013	6.23	6.43	5.97	6.37	13516147	184689152.000
09/03/2013	6.68	6.68	6.30	6.36	25960371	370149920.000
09/04/2013	6.08	6.25	5.90	5.99	34329885	208254816.000
09/05/2013	5.90	6.15	5.72	6.04	35148310	208814864.000
09/06/2013	5.83	5.88	5.44	5.49	115700008	637904832.000
09/09/2013	5.31	5.48	5.23	5.29	52593179	279662688.000
09/10/2013	5.29	5.45	5.21	5.41	60971715	323727648.000
09/11/2013	5.19	5.19	4.87	4.87	106333325	533473280.000
09/12/2013	4.79	4.92	4.73	4.75	44124759	212823680.000
09/13/2013	4.73	4.80	4.56	4.63	63857075	296184640.000
09/16/2013	4.56	4.58	4.37	4.41	88572938	398667808.000
09/17/2013	4.44	4.55	4.41	4.46	56878948	255654048.000
09/18/2013	4.40	4.44	4.25	4.33	70706682	304813792.000
09/23/2013	4.36	4.58	4.33	4.56	74725998	336201472.000
09/24/2013	4.46	4.63	4.35	4.59	128994998	576951040.000
09/25/2013	4.54	4.60	4.47	4.52	57105071	258776016.000
09/26/2013	4.52	4.58	4.33	4.34	52393020	231968176.000
09/27/2013	4.50	4.77	4.40	4.55	160948712	737217536.000
09/30/2013	4.50	4.57	4.41	4.48	68198112	305763104.000
10/08/2013	4.46	4.54	4.42	4.52	54280761	243684640.000
10/09/2013	4.50	4.57	4.43	4.51	47793545	214788096.000
10/10/2013	4.50	4.50	4.36	4.36	56303800	249005536.000
10/11/2013	4.40	4.42	4.35	4.39	36080087	157984416.000
10/14/2013	4.40	4.41	4.34	4.35	36210278	158036448.000
10/15/2013	4.37	4.53	4.37	4.44	51773853	230513184.000
10/16/2013	4.46	4.46	4.31	4.34	35907090	156600144.000
10/17/2013	4.35	4.76	4.32	4.61	141998607	650154048.000
10/18/2013	4.52	4.64	4.51	4.56	53330269	242946208.000
10/21/2013	4.56	4.67	4.50	4.61	63760957	293898080.000
10/22/2013	4.65	5.07	4.63	4.80	140025171	680010240.000
10/23/2013	4.70	4.76	4.50	4.55	90972875	420285184.000
10/24/2013	4.56	4.71	4.51	4.57	39858648	183850816.000
10/25/2013	4.56	4.73	4.53	4.63	54500535	252566400.000
10/28/2013	4.66	4.72	4.51	4.63	52384282	242736336.000
10/29/2013	4.62	4.63	4.17	4.23	87315726	379086528.000
10/30/2013	4.22	4.26	4.03	4.16	52068954	215277152.000
10/31/2013	4.13	4.14	4.03	4.06	27704616	112789560.000
11/01/2013	4.06	4.32	4.04	4.25	49001707	204678304.000
11/04/2013	4.25	4.39	4.19	4.35	39314809	169430496.000
11/05/2013	4.50	4.68	4.38	4.44	76233083	342691680.000
11/06/2013	4.39	4.43	4.31	4.31	38414417	167846272.000
11/07/2013	4.32	4.43	4.17	4.39	74799573	318229248.000
11/08/2013	4.22	4.27	4.20	4.21	38140187	161378784.000
11/11/2013	4.19	4.24	4.13	4.19	18424475	77116088.000
11/12/2013	4.15	4.22	4.09	4.13	47815487	197271376.000
11/13/2013	4.08	4.09	3.89	3.90	68168468	270376160.000
11/14/2013	3.89	3.93	3.78	3.91	40923409	157677360.000
11/15/2013	3.90	3.98	3.87	3.93	34314132	135162064.000
11/18/2013	3.92	4.00	3.89	4.00	65572488	258867328.000
11/19/2013	3.96	3.97	3.89	3.92	68543652	268972928.000
11/20/2013	3.92	3.92	3.86	3.91	35738256	139073680.000
11/21/2013	3.90	4.06	3.88	3.99	70730767	282110080.000
11/22/2013	4.00	4.00	3.88	3.92	61611323	241477088.000
11/25/2013	3.94	4.02	3.91	3.96	69909578	277460288.000
11/26/2013	3.98	4.01	3.90	3.94	41664890	164513488.000
11/27/2013	3.96	3.98	3.93	3.97	37867590	149628816.000
11/28/2013	3.98	4.04	3.94	3.98	54560807	217529296.000
11/29/2013	3.97	4.01	3.96	3.96	35885335	142755488.000
12/02/2013	3.85	3.85	3.56	3.56	88365756	325574112.000
12/03/2013	3.45	3.59	3.43	3.57	40391658	141793264.000
12/04/2013	3.56	3.64	3.52	3.59	32377376	116590384.000
12/05/2013	3.59	3.64	3.57	3.59	26477501	95267984.000
12/06/2013	3.58	3.60	3.53	3.56	26536735	94213360.000
12/09/2013	3.55	3.58	3.54	3.56	20154082	71593496.000
12/10/2013	3.56	3.57	3.50	3.53	22123037	78058616.000
12/11/2013	3.53	3.54	3.47	3.49	19921665	69849960.000
12/12/2013	3.49	3.57	3.47	3.54	23445263	83013640.000
12/13/2013	3.51	3.56	3.50	3.55	18181208	64357716.000
12/16/2013	3.55	3.56	3.47	3.48	19464242	68260208.000
12/17/2013	3.48	3.82	3.46	3.67	81291094	298481920.000
12/18/2013	3.61	3.79	3.61	3.69	53127068	197524544.000
12/19/2013	3.69	3.71	3.57	3.58	30192790	109524400.000
12/20/2013	3.59	3.59	3.49	3.49	21856648	76889408.000
12/23/2013	3.49	3.50	3.32	3.40	21492025	73207096.000
12/24/2013	3.40	3.45	3.38	3.40	14715629	50258492.000
12/25/2013	3.41	3.48	3.38	3.47	18178257	62513488.000
12/26/2013	3.44	3.47	3.39	3.40	25659917	87772224.000
12/27/2013	3.38	3.53	3.38	3.48	26068764	90402968.000
12/30/2013	3.46	3.74	3.45	3.61	49517291	179108720.000
12/31/2013	3.59	3.70	3.56	3.62	32421166	117611480.000
01/02/2014	3.66	3.71	3.58	3.70	39023259	143337728.000
01/03/2014	3.66	3.79	3.66	3.70	43744843	162824496.000
01/06/2014	3.72	3.75	3.59	3.61	29705829	108090536.000
01/07/2014	3.59	3.64	3.55	3.62	18160394	65323204.000
01/08/2014	3.64	3.76	3.63	3.74	55189764	205093200.000
01/09/2014	3.73	3.76	3.61	3.61	36584433	134721248.000
01/10/2014	3.59	3.61	3.48	3.49	25875626	91496152.000
01/13/2014	3.47	3.54	3.47	3.52	13471202	47289500.000
01/14/2014	3.51	3.75	3.50	3.71	47892450	176356656.000
01/15/2014	3.68	3.72	3.65	3.72	35308376	130350328.000
01/17/2014	3.80	3.96	3.75	3.81	82418709	318724224.000
01/20/2014	3.74	4.19	3.73	4.10	123590201	498460160.000
01/21/2014	4.06	4.21	4.02	4.16	100243635	413055840.000
01/22/2014	4.14	4.21	4.09	4.15	75707319	313242432.000
01/23/2014	4.12	4.34	4.11	4.27	94030297	399798304.000
01/24/2014	4.23	4.39	4.20	4.23	85259445	365871936.000
01/27/2014	4.16	4.18	4.05	4.07	69423037	284688032.000
01/28/2014	4.08	4.12	3.96	4.02	40768186	164062832.000
01/29/2014	4.01	4.37	4.01	4.29	84572483	358370656.000
01/30/2014	4.28	4.32	4.20	4.23	40492209	172405968.000
02/07/2014	4.19	4.30	4.10	4.26	37275991	158134976.000
02/10/2014	4.28	4.38	4.27	4.37	60186856	260763968.000
02/11/2014	4.40	4.67	4.34	4.45	93467676	420707360.000
02/12/2014	4.46	4.71	4.40	4.70	98615253	450082112.000
02/13/2014	4.71	4.77	4.47	4.49	84437922	389685472.000
02/14/2014	4.46	4.59	4.42	4.57	53420237	241296064.000
02/17/2014	4.54	4.80	4.53	4.74	82161205	384873312.000
02/18/2014	4.74	4.87	4.66	4.80	87666623	419022016.000
02/19/2014	4.80	5.09	4.75	5.02	109753197	543519104.000
02/20/2014	5.05	5.07	4.85	4.90	79109404	388519776.000
02/21/2014	4.90	5.02	4.73	4.83	64006078	312449056.000
02/24/2014	4.80	4.89	4.65	4.89	60576610	288531680.000
02/25/2014	4.86	4.97	4.41	4.43	90499562	424138784.000
02/26/2014	4.36	4.40	4.12	4.32	59744757	255665264.000
02/27/2014	4.31	4.48	4.23	4.25	52545699	229020512.000
02/28/2014	4.24	4.32	4.14	4.30	38815410	164413760.000
03/03/2014	4.27	4.45	4.27	4.44	37474390	163511136.000
03/04/2014	4.37	4.43	4.30	4.39	31845421	139205040.000
03/05/2014	4.43	4.44	4.35	4.36	26441874	115998720.000
03/06/2014	4.32	4.34	4.21	4.27	33141724	141255376.000
03/07/2014	4.26	4.30	4.16	4.20	30617238	129349056.000
03/10/2014	4.17	4.17	4.02	4.03	28798349	117357584.000
03/11/2014	3.99	4.13	3.98	4.08	23840440	97016096.000
03/12/2014	4.06	4.10	3.98	4.07	21065098	85144088.000
03/13/2014	4.07	4.17	4.05	4.17	27577818	113601384.000
03/14/2014	4.16	4.19	4.08	4.10	20118091	83057048.000
03/17/2014	4.10	4.20	4.08	4.20	21454820	89223144.000
03/18/2014	4.23	4.26	4.17	4.19	23438497	98625176.000
03/19/2014	4.18	4.19	4.08	4.13	20235185	83557000.000
03/20/2014	4.12	4.16	4.01	4.02	20928909	85484720.000
03/21/2014	3.99	4.09	3.90	4.07	28373934	112994584.000
03/24/2014	4.06	4.08	4.02	4.04	20605831	83330944.000
03/25/2014	4.05	4.07	4.00	4.03	18455404	74471512.000
03/26/2014	4.04	4.12	4.00	4.11	28587203	116632672.000
03/27/2014	4.08	4.10	3.99	3.99	26172696	105386056.000
03/28/2014	3.99	4.01	3.81	3.82	31332165	121990656.000
03/31/2014	3.82	3.88	3.72	3.83	16911234	64505460.000
04/01/2014	3.83	3.87	3.80	3.86	11554839	44469556.000
04/02/2014	3.88	4.03	3.88	3.93	21851649	86480944.000
04/03/2014	3.91	4.02	3.89	3.95	19415081	77045808.000
04/04/2014	3.94	3.97	3.89	3.96	11318163	44529752.000
04/08/2014	3.93	3.99	3.92	3.97	14563277	57589964.000
04/09/2014	3.97	4.00	3.96	3.99	14759192	58744704.000
04/10/2014	3.95	3.96	3.90	3.91	34406416	134753936.000
04/11/2014	3.87	3.87	3.80	3.81	25150320	96232024.000
04/14/2014	3.80	3.87	3.78	3.84	11233104	43116404.000
04/15/2014	3.85	3.85	3.78	3.80	14793026	56334612.000
04/16/2014	3.78	3.84	3.77	3.83	12495737	47620616.000
04/17/2014	3.83	3.84	3.79	3.80	10866527	41321684.000
04/18/2014	3.80	3.82	3.78	3.81	11021226	41858716.000
04/21/2014	3.79	3.80	3.72	3.73	13022897	49051300.000
04/22/2014	3.72	3.76	3.59	3.64	18734355	68443424.000
04/23/2014	3.66	3.67	3.61	3.62	7577572	27578528.000
04/24/2014	3.61	3.63	3.55	3.56	14306950	51219400.000
04/25/2014	3.58	3.59	3.45	3.46	13886502	48762468.000
04/28/2014	3.43	3.46	3.30	3.31	18299226	61273852.000
04/29/2014	3.31	3.38	3.31	3.38	9893246	33246522.000
04/30/2014	3.39	3.54	3.38	3.50	13630199	47516672.000
05/05/2014	3.47	3.55	3.46	3.53	9012490	31707636.000
05/06/2014	3.53	3.55	3.48	3.49	9167634	32299058.000
05/07/2014	3.48	3.49	3.37	3.38	10894873	37388216.000
05/08/2014	3.36	3.45	3.35	3.39	7136879	24322062.000
05/09/2014	3.39	3.41	3.33	3.35	8032725	27017712.000
05/12/2014	3.37	3.47	3.37	3.45	10884122	37295264.000
05/13/2014	3.45	3.49	3.43	3.45	7741074	26796204.000
05/14/2014	3.45	3.52	3.44	3.49	9322907	32449322.000
05/15/2014	3.48	3.49	3.38	3.39	9519952	32661812.000
05/16/2014	3.39	3.41	3.36	3.40	5419935	18372342.000
05/19/2014	3.40	3.40	3.36	3.37	5125280	17309002.000
05/20/2014	3.38	3.43	3.38	3.39	5113805	17420956.000
05/21/2014	3.39	3.42	3.36	3.42	5589962	18978782.000
05/22/2014	3.44	3.49	3.43	3.44	10653177	36912620.000
05/23/2014	3.43	3.48	3.42	3.48	9048834	31267438.000
05/26/2014	3.49	3.51	3.46	3.51	11920788	41518852.000
05/27/2014	3.51	3.51	3.46	3.47	6951840	24158334.000
05/28/2014	3.47	3.51	3.45	3.50	12134035	42353548.000
05/29/2014	3.50	3.50	3.43	3.43	10213013	35356600.000
05/30/2014	3.43	3.45	3.40	3.42	7035508	24088668.000
06/03/2014	3.42	3.45	3.41	3.41	4895132	16779078.000
06/04/2014	3.42	3.43	3.36	3.38	7875694	26627648.000
06/05/2014	3.37	3.42	3.36	3.41	7123549	24151896.000
06/06/2014	3.42	3.45	3.40	3.43	9633591	33024776.000
06/09/2014	3.41	3.42	3.38	3.38	8614726	29217450.000
06/10/2014	3.38	3.41	3.37	3.40	6549403	22216958.000
06/11/2014	3.41	3.48	3.39	3.47	18312036	63126128.000
06/12/2014	3.46	3.48	3.43	3.45	9193486	31696146.000
06/13/2014	3.45	3.47	3.41	3.47	13442374	46350920.000
06/16/2014	3.46	3.48	3.45	3.48	12432186	43090572.000
06/17/2014	3.47	3.48	3.43	3.45	9364435	32337504.000
06/18/2014	3.45	3.47	3.39	3.39	15572442	53283920.000
06/19/2014	3.38	3.40	3.28	3.29	16965723	56669840.000
06/20/2014	3.30	3.33	3.29	3.32	7201774	23820342.000
06/23/2014	3.33	3.37	3.32	3.35	9089154	30446400.000
06/24/2014	3.35	3.37	3.32	3.34	10110472	33783704.000
06/25/2014	3.34	3.34	3.28	3.31	10279102	33965996.000
06/26/2014	3.32	3.40	3.30	3.36	18974241	63970136.000
06/27/2014	3.36	3.44	3.34	3.42	20355087	69225576.000
06/30/2014	3.41	3.43	3.38	3.42	14207462	48378864.000
07/01/2014	3.41	3.76	3.41	3.76	63711811	231949456.000
07/02/2014	3.80	3.87	3.65	3.74	96542548	362426176.000
07/03/2014	3.69	3.69	3.62	3.66	44037740	160747632.000
07/04/2014	3.59	3.66	3.56	3.62	31461401	113670480.000
07/07/2014	3.60	3.66	3.59	3.64	20011994	72607752.000
07/08/2014	3.64	3.66	3.56	3.62	20249427	72910080.000
07/09/2014	3.61	3.62	3.50	3.51	27551251	97742616.000
07/10/2014	3.51	3.55	3.50	3.52	15610452	54969372.000
07/11/2014	3.52	3.57	3.51	3.54	14304485	50648600.000
07/14/2014	3.55	3.63	3.54	3.61	19943359	71462848.000
07/15/2014	3.59	3.71	3.58	3.66	30530233	111579640.000
07/16/2014	3.65	3.70	3.58	3.60	18554465	67235488.000
07/17/2014	3.59	3.59	3.53	3.55	11369494	40415876.000
07/18/2014	3.51	3.57	3.51	3.54	9169219	32534320.000
07/21/2014	3.54	3.55	3.51	3.52	9234903	32500072.000
07/22/2014	3.51	3.56	3.50	3.54	12083822	42680712.000
07/23/2014	3.54	3.54	3.43	3.43	20469995	71219336.000
07/24/2014	3.43	3.45	3.38	3.44	17118470	58504676.000
07/25/2014	3.44	3.52	3.43	3.49	12095069	42138536.000
07/28/2014	3.50	3.55	3.48	3.55	19230245	67703576.000
07/29/2014	3.54	3.59	3.52	3.56	22823409	81168408.000
07/30/2014	3.55	3.65	3.54	3.60	27412745	98822184.000
07/31/2014	3.59	3.60	3.55	3.60	20017456	71647008.000
08/01/2014	3.58	3.63	3.56	3.56	24452147	87718752.000
08/04/2014	3.56	3.61	3.56	3.61	21494511	77265712.000
08/05/2014	3.62	3.72	3.60	3.71	45103708	165701440.000
08/06/2014	3.70	3.70	3.65	3.68	25081132	92068104.000
08/07/2014	3.67	3.79	3.66	3.67	33531777	124668736.000
08/08/2014	3.70	3.71	3.65	3.68	18282192	67247848.000
08/11/2014	3.69	3.75	3.68	3.72	21651050	80442808.000
08/12/2014	3.71	3.72	3.68	3.69	21191711	78300480.000
08/13/2014	3.69	3.74	3.67	3.74	28449699	105568296.000
08/14/2014	3.73	3.77	3.69	3.69	29250402	109379360.000
08/15/2014	3.70	3.73	3.66	3.70	22155817	81939240.000
08/18/2014	3.70	3.83	3.69	3.79	45040284	169577168.000
08/19/2014	3.79	3.88	3.78	3.84	43094013	165159984.000
08/20/2014	3.83	3.90	3.80	3.84	41098621	158477312.000
08/21/2014	3.84	3.88	3.75	3.87	36619468	139813744.000
08/22/2014	3.89	4.16	3.89	4.09	88515973	355832416.000
08/25/2014	4.06	4.06	3.96	3.98	44422160	177983728.000
08/26/2014	3.98	4.06	3.84	3.89	44857530	177323904.000
08/27/2014	3.85	3.98	3.85	3.93	25675577	100874472.000
08/28/2014	3.96	3.96	3.80	3.83	24741290	95857040.000
08/29/2014	3.83	3.88	3.81	3.88	15920428	61345628.000
09/01/2014	3.88	3.95	3.88	3.92	18024711	70542544.000
09/02/2014	3.95	4.00	3.92	3.99	32573608	129355144.000
09/03/2014	3.99	4.18	3.98	4.09	56662538	230874416.000
09/04/2014	4.11	4.15	4.05	4.10	35370978	145185488.000
09/05/2014	4.16	4.24	4.11	4.16	42890131	178256416.000
09/09/2014	4.16	4.18	4.08	4.11	29744073	122420672.000
09/10/2014	4.10	4.11	4.02	4.10	29491040	120037432.000
09/11/2014	4.12	4.18	4.07	4.10	40997937	169382896.000
09/12/2014	4.09	4.18	4.06	4.17	37373781	154259952.000
09/15/2014	4.20	4.27	4.18	4.23	45531750	192705408.000
09/16/2014	4.23	4.24	4.03	4.04	51400443	213971552.000
09/17/2014	4.08	4.12	4.01	4.10	31681168	128909888.000
09/18/2014	4.10	4.23	4.08	4.20	38274874	159813680.000
09/19/2014	4.20	4.24	4.15	4.19	27861663	116892448.000
09/22/2014	4.16	4.17	4.05	4.06	32947911	134680656.000
09/23/2014	4.06	4.12	4.06	4.10	20197824	82566232.000
09/24/2014	4.10	4.16	4.07	4.16	32774322	135087872.000
09/25/2014	4.18	4.19	4.09	4.10	30455979	126263120.000
09/26/2014	4.08	4.13	4.05	4.10	21858167	89470488.000
09/29/2014	4.10	4.16	4.08	4.15	41699047	171972880.000
09/30/2014	4.15	4.21	4.14	4.20	40081251	167636528.000
10/08/2014	4.22	4.30	4.16	4.29	48013048	203156816.000
10/09/2014	4.29	4.40	4.21	4.36	55249695	238262528.000
10/10/2014	4.33	4.36	4.26	4.32	35832979	154562000.000
10/13/2014	4.29	4.50	4.21	4.44	55050400	238169408.000
10/14/2014	4.50	4.54	4.38	4.42	65614042	292352928.000
10/15/2014	4.38	4.41	4.27	4.34	43435759	188225008.000
10/16/2014	4.31	4.40	4.23	4.25	40821615	176476432.000
10/17/2014	4.23	4.27	4.07	4.14	39801101	165681264.000
10/20/2014	4.14	4.20	4.13	4.18	22561203	94058552.000
10/21/2014	4.16	4.19	4.09	4.10	23594094	97801248.000
10/22/2014	4.09	4.14	4.03	4.04	25350662	103521216.000
10/23/2014	4.03	4.08	3.97	3.98	28099615	112815528.000
10/24/2014	3.99	4.04	3.95	3.96	19641473	78482384.000
10/27/2014	3.97	4.03	3.87	4.03	23511750	92977528.000
10/28/2014	4.02	4.10	4.01	4.10	25191900	102594032.000
10/29/2014	4.11	4.14	4.06	4.12	30761724	126257992.000
10/30/2014	4.11	4.14	4.08	4.11	28828275	118495920.000
10/31/2014	4.12	4.12	4.04	4.09	30916509	125998208.000
数据来源:通达信
