300031 宝通带业 日线
      日期	    开盘	    最高	    最低	    收盘	    成交量	    成交额
10/08/2010	6.60	6.63	6.50	6.63	804338	16821980.000
10/11/2010	6.61	6.73	6.53	6.71	1366953	28582338.000
10/12/2010	6.72	6.95	6.67	6.77	1293334	27759714.000
10/13/2010	6.77	7.06	6.68	7.06	1765477	38181020.000
10/14/2010	7.13	7.13	6.78	6.80	1469563	32145828.000
10/15/2010	6.81	6.89	6.65	6.66	1207699	25782048.000
10/18/2010	6.62	6.62	6.35	6.50	1082029	22093764.000
10/19/2010	6.52	7.19	6.48	7.19	3706419	82784640.000
10/20/2010	6.95	7.49	6.93	7.24	4059157	93124192.000
10/21/2010	7.29	7.29	6.95	7.04	1865141	41528036.000
10/22/2010	7.06	7.58	7.06	7.33	2461866	57197132.000
10/25/2010	7.36	7.62	7.34	7.53	2621172	62123700.000
10/26/2010	7.48	7.48	7.21	7.31	2228761	51206948.000
10/28/2010	7.14	7.19	6.97	7.02	1648407	36698324.000
10/29/2010	7.05	7.41	7.05	7.33	1856862	42514784.000
11/01/2010	7.40	7.60	7.32	7.57	2737414	64803552.000
11/02/2010	7.59	7.60	7.23	7.23	2497554	57674816.000
11/03/2010	7.20	7.23	6.97	7.10	1205934	26893592.000
11/04/2010	6.98	7.19	6.98	7.17	952248	21262858.000
11/05/2010	7.13	7.51	7.13	7.47	1948447	45006832.000
11/08/2010	7.57	7.96	7.39	7.92	4380326	106481120.000
11/09/2010	7.94	8.08	7.75	7.84	3090983	76735776.000
11/10/2010	7.87	8.06	7.82	7.88	2035540	50935848.000
11/11/2010	7.83	7.99	7.68	7.70	1941830	47776792.000
11/12/2010	7.62	7.80	7.06	7.07	1907268	44279688.000
11/15/2010	7.00	7.46	7.00	7.42	1904560	43515804.000
11/16/2010	7.47	7.80	7.18	7.38	2092745	49425312.000
11/17/2010	7.30	7.69	7.22	7.42	2341017	55306788.000
11/18/2010	7.48	7.73	7.40	7.73	2073445	49504676.000
11/19/2010	7.82	8.03	7.63	7.92	2902728	71575528.000
11/22/2010	7.90	8.05	7.77	7.86	2518321	62668936.000
11/23/2010	7.82	7.84	7.49	7.83	1604553	38521864.000
11/24/2010	7.77	7.95	7.67	7.94	1748753	43121808.000
11/25/2010	7.93	7.94	7.63	7.79	1402942	34286904.000
11/26/2010	7.77	7.84	7.63	7.69	955195	23216598.000
11/29/2010	7.74	7.92	7.70	7.86	1269214	31186750.000
11/30/2010	7.82	7.86	7.36	7.54	1330097	31688658.000
12/01/2010	7.56	7.66	7.43	7.60	563089	13344061.000
12/02/2010	7.63	7.74	7.56	7.59	715243	17180232.000
12/03/2010	7.59	7.69	7.40	7.49	498933	11818866.000
12/06/2010	7.57	7.57	7.27	7.35	626347	14541972.000
12/07/2010	7.35	7.46	7.24	7.43	371734	8637496.000
12/08/2010	7.43	7.46	7.31	7.37	358699	8347282.500
12/09/2010	7.31	7.39	7.19	7.19	476601	10931700.000
12/10/2010	7.17	7.37	7.13	7.31	351410	8050346.000
12/14/2010	7.56	7.63	7.43	7.53	1017135	24160428.000
12/15/2010	7.53	7.61	7.47	7.52	796059	18887664.000
12/16/2010	7.52	7.72	7.49	7.72	1150303	27732356.000
12/17/2010	7.74	7.74	7.57	7.66	750350	17974914.000
12/20/2010	7.70	7.70	7.26	7.41	950013	22356578.000
12/21/2010	7.41	7.64	7.39	7.48	889345	21042116.000
12/22/2010	7.47	7.53	7.45	7.51	388859	9166142.000
12/23/2010	7.49	7.56	7.31	7.32	397835	9292375.000
12/24/2010	7.28	7.40	7.17	7.33	611392	14023125.000
12/27/2010	7.30	7.40	6.97	7.08	495216	11324508.000
12/28/2010	7.08	7.10	6.80	6.90	500993	11010965.000
12/29/2010	6.97	7.17	6.81	7.12	433587	9665209.000
12/30/2010	7.08	7.15	6.96	7.03	368098	8186984.000
12/31/2010	6.98	7.10	6.98	7.08	421748	9413988.000
01/04/2011	7.09	7.29	7.03	7.16	682294	15358734.000
01/05/2011	7.07	7.20	7.07	7.10	499912	11218662.000
01/06/2011	7.07	7.13	6.94	6.97	439408	9732004.000
01/07/2011	6.93	7.09	6.90	6.96	419950	9285243.000
01/10/2011	6.94	7.01	6.66	6.66	387490	8360910.500
01/11/2011	6.67	6.75	6.45	6.53	555162	11498723.000
01/12/2011	6.63	6.69	6.52	6.58	305447	6372153.500
01/13/2011	6.61	6.66	6.53	6.55	273615	5690468.000
01/14/2011	6.49	6.55	6.30	6.32	328948	6665110.500
01/17/2011	6.34	6.36	6.05	6.05	343145	6692706.000
01/18/2011	6.03	6.11	5.99	6.09	158119	3044369.750
01/19/2011	6.09	6.20	6.07	6.20	183276	3583310.750
01/20/2011	6.20	6.20	5.83	5.83	453661	8673183.000
01/21/2011	5.73	5.92	5.73	5.86	217523	4050618.750
01/24/2011	5.86	5.93	5.63	5.68	323073	5943188.000
01/25/2011	5.65	5.68	5.54	5.57	383672	6841698.500
01/26/2011	5.62	5.72	5.57	5.70	187076	3381880.500
01/27/2011	5.67	5.97	5.67	5.87	323236	6010053.000
01/28/2011	5.93	5.93	5.82	5.89	323799	6055506.500
01/31/2011	5.85	6.20	5.84	6.01	330278	6294954.000
02/01/2011	6.03	6.05	5.94	5.98	291262	5554082.500
02/09/2011	5.98	5.98	5.81	5.84	345346	6466792.000
02/10/2011	5.75	6.13	5.75	6.05	515710	9758032.000
02/11/2011	6.03	6.12	6.02	6.07	379401	7327394.500
02/14/2011	6.07	6.19	6.07	6.17	549668	10736547.000
02/15/2011	6.17	6.27	6.12	6.17	547443	10788067.000
02/16/2011	6.17	6.23	6.15	6.22	573013	11290741.000
02/17/2011	6.23	6.36	6.20	6.29	672954	13390627.000
02/18/2011	6.29	6.30	6.14	6.20	473826	9321175.000
02/21/2011	6.11	6.29	6.11	6.28	601426	11882481.000
02/22/2011	6.31	6.31	5.97	5.98	731396	14211836.000
02/23/2011	5.98	6.06	5.97	6.03	416671	7964212.500
02/24/2011	6.06	6.06	5.99	6.03	501146	9599324.000
02/25/2011	6.01	6.08	5.99	6.06	542714	10417478.000
02/28/2011	6.06	6.13	6.02	6.13	535631	10321711.000
03/01/2011	6.13	6.15	6.07	6.11	655197	12716449.000
03/02/2011	6.09	6.11	6.00	6.03	650813	12490353.000
03/03/2011	6.03	6.06	5.90	5.90	553750	10566711.000
03/04/2011	5.90	5.96	5.83	5.95	510407	9580041.000
03/07/2011	5.99	6.05	5.93	6.04	605720	11561615.000
03/08/2011	6.04	6.09	6.01	6.06	697256	13408965.000
03/09/2011	6.05	6.08	5.97	6.02	678919	13005382.000
03/10/2011	6.02	6.30	5.99	6.24	1828768	36136220.000
03/11/2011	6.24	6.29	6.15	6.16	938218	18543460.000
03/14/2011	6.08	6.45	6.08	6.40	1382374	27693326.000
03/15/2011	6.37	6.40	6.17	6.26	864456	17138400.000
03/16/2011	6.23	6.33	6.22	6.30	684114	13630298.000
03/17/2011	6.27	6.27	5.97	6.03	1270591	24448640.000
03/18/2011	6.04	6.09	5.98	6.04	369064	7089171.500
03/21/2011	6.05	6.05	5.92	5.98	483429	9193205.000
03/22/2011	5.98	6.02	5.87	6.01	410886	7780120.500
03/23/2011	6.02	6.08	5.97	6.07	439042	8422432.000
03/24/2011	6.08	6.12	5.97	6.02	414297	7962479.000
03/25/2011	6.07	6.07	5.99	6.03	506282	9714306.000
03/28/2011	6.04	6.06	5.97	5.98	612760	11712409.000
03/29/2011	5.97	6.02	5.84	5.85	591459	11122598.000
03/30/2011	5.85	5.87	5.73	5.79	357045	6601845.500
03/31/2011	5.71	5.79	5.71	5.75	362859	6648848.000
04/01/2011	5.75	5.93	5.69	5.88	292893	5413381.500
04/06/2011	5.78	5.87	5.77	5.78	306870	5666702.500
04/07/2011	5.83	5.90	5.79	5.86	241035	4492062.500
04/08/2011	5.84	5.98	5.84	5.94	330944	6247333.000
04/11/2011	5.95	5.98	5.87	5.87	348809	6554834.500
04/12/2011	5.87	5.87	5.83	5.85	301936	5629094.500
04/13/2011	5.86	5.96	5.81	5.92	309352	5821781.000
04/14/2011	5.90	5.93	5.82	5.85	328400	6150922.500
04/15/2011	5.88	5.88	5.77	5.81	286081	5296085.000
04/18/2011	5.75	5.80	5.70	5.73	372548	6809317.500
04/19/2011	5.72	5.73	5.55	5.66	554438	9965888.000
04/21/2011	5.69	5.75	5.66	5.69	323163	5880283.500
04/22/2011	5.67	5.67	5.57	5.60	376975	6765484.500
04/25/2011	5.57	5.57	5.43	5.44	418443	7343396.500
04/26/2011	5.45	5.49	5.39	5.40	231362	4009075.500
04/27/2011	5.48	5.48	5.27	5.28	294090	5033071.000
04/28/2011	5.27	5.30	5.10	5.10	308250	5151790.500
04/29/2011	5.12	5.19	5.07	5.14	301939	4977187.500
05/03/2011	5.20	5.26	5.10	5.25	491441	8193131.500
05/04/2011	5.25	5.25	5.16	5.22	271620	4525053.500
05/05/2011	5.22	5.31	5.16	5.28	208272	3516453.750
05/06/2011	5.23	5.31	5.22	5.25	200749	3390475.000
05/09/2011	5.35	5.49	5.23	5.30	288699	4927549.000
05/10/2011	5.28	5.30	5.17	5.30	543238	9139598.000
05/11/2011	5.28	5.28	5.17	5.19	456174	7622792.500
05/12/2011	5.11	5.19	5.07	5.08	279401	4595821.000
05/13/2011	5.11	5.18	5.03	5.10	231582	3783202.750
05/16/2011	5.10	5.14	5.02	5.02	219383	3572319.000
05/17/2011	5.02	5.02	4.94	4.96	469339	7516534.500
05/18/2011	4.95	4.99	4.93	4.97	282379	4513013.500
05/19/2011	4.99	5.00	4.90	4.94	281494	4489228.000
05/20/2011	4.90	4.94	4.85	4.85	301395	4745262.000
05/23/2011	4.80	4.83	4.47	4.50	514893	7702426.000
05/24/2011	4.46	4.69	4.34	4.67	1019793	14934186.000
05/25/2011	4.63	4.63	4.44	4.47	406568	5990017.500
05/26/2011	4.46	4.55	4.44	4.44	355521	5188158.500
05/27/2011	4.43	4.46	4.35	4.39	188084	2682683.500
05/30/2011	4.35	4.56	4.35	4.48	537168	7839526.000
05/31/2011	4.53	4.65	4.46	4.62	469599	6910959.000
06/01/2011	4.57	4.66	4.57	4.61	281056	4183273.750
06/02/2011	4.55	4.55	4.39	4.44	308574	4468366.000
06/03/2011	4.48	4.54	4.42	4.54	293477	4286244.000
06/07/2011	4.54	4.55	4.50	4.52	137599	2018678.750
06/09/2011	4.55	4.55	4.37	4.37	221451	3212552.000
06/10/2011	4.38	4.85	4.38	4.62	1225569	18441178.000
06/13/2011	4.56	4.80	4.49	4.68	866548	13129044.000
06/14/2011	4.67	4.73	4.60	4.71	1136074	17142958.000
06/15/2011	4.73	4.90	4.61	4.83	1251513	19321268.000
06/16/2011	4.83	4.96	4.74	4.92	1191926	18816556.000
06/17/2011	4.88	4.93	4.74	4.76	835990	12981890.000
06/20/2011	4.76	4.83	4.64	4.83	496238	7546678.500
06/21/2011	4.82	4.93	4.77	4.85	438640	6858152.500
06/22/2011	4.85	4.88	4.64	4.65	749066	11392866.000
06/23/2011	4.63	4.81	4.40	4.73	1463033	21693968.000
06/24/2011	4.67	4.88	4.64	4.85	1137576	17640210.000
06/27/2011	4.85	5.10	4.85	5.01	2054226	33085444.000
06/28/2011	5.01	5.02	4.92	5.01	767381	12306288.000
06/29/2011	5.03	5.14	5.03	5.03	1057274	17277628.000
06/30/2011	5.03	5.14	5.03	5.07	545010	8920041.000
07/01/2011	5.07	5.14	5.03	5.04	508044	8322318.500
07/04/2011	5.03	5.13	5.03	5.07	690838	11282658.000
07/05/2011	5.08	5.35	5.08	5.31	1267576	21314242.000
07/06/2011	5.33	5.50	5.25	5.45	1345627	23106454.000
07/07/2011	5.37	5.43	5.32	5.33	1019150	17545622.000
07/08/2011	5.30	5.36	5.27	5.35	458088	7808604.500
07/11/2011	5.27	5.35	5.14	5.19	862003	14476511.000
07/12/2011	5.19	5.27	5.11	5.22	604711	10079769.000
07/13/2011	5.25	5.47	5.21	5.44	776769	13343647.000
07/14/2011	5.44	5.50	5.37	5.45	605183	10524100.000
07/15/2011	5.45	5.54	5.39	5.46	593190	10411777.000
07/18/2011	5.53	5.71	5.42	5.46	1294110	23127602.000
07/19/2011	5.40	5.46	5.23	5.36	536213	9135028.000
07/20/2011	5.38	5.38	5.10	5.20	1752784	29159340.000
07/21/2011	5.20	5.22	5.06	5.12	1748135	28781962.000
07/22/2011	5.15	5.17	5.08	5.15	458486	7543661.500
07/25/2011	5.15	5.15	4.90	4.97	688692	11063919.000
07/26/2011	4.97	5.03	4.88	4.95	525700	8342423.000
07/27/2011	4.88	5.02	4.88	4.99	614012	9773596.000
07/28/2011	4.93	4.96	4.87	4.92	395215	6249483.500
07/29/2011	4.96	4.96	4.80	4.90	341132	5363071.000
08/01/2011	4.84	5.04	4.84	5.03	376295	5987175.000
08/02/2011	5.21	5.21	4.92	5.03	564215	9120085.000
08/03/2011	4.99	5.12	4.90	5.05	749766	12156822.000
08/04/2011	4.99	5.08	4.94	4.96	548400	8817411.000
08/05/2011	4.81	4.81	4.68	4.69	721834	11043439.000
08/08/2011	4.31	4.53	4.26	4.34	1170916	16674614.000
08/09/2011	4.09	4.48	4.03	4.45	1275328	17999264.000
08/10/2011	4.63	4.83	4.53	4.67	1049491	15944053.000
08/11/2011	4.48	4.78	4.48	4.77	962405	14699040.000
08/12/2011	4.80	4.99	4.80	4.93	1138984	18143512.000
08/15/2011	4.97	5.13	4.97	5.09	1498877	24439368.000
08/16/2011	5.04	5.13	5.01	5.01	433090	7015091.500
08/17/2011	4.97	5.07	4.94	5.01	235625	3809596.500
08/18/2011	4.97	5.06	4.93	4.99	224356	3608004.250
08/19/2011	4.95	4.97	4.90	4.92	415002	6588672.500
08/22/2011	4.94	5.24	4.94	5.12	1905483	31533858.000
08/23/2011	5.12	5.49	5.07	5.44	2444235	41806280.000
08/24/2011	5.42	5.50	5.29	5.29	1287002	22066516.000
08/25/2011	5.29	5.37	5.22	5.37	734767	12487800.000
08/26/2011	5.33	5.47	5.33	5.39	596289	10341357.000
08/29/2011	5.39	5.48	5.37	5.38	389893	6770739.500
08/30/2011	5.39	5.63	5.38	5.55	2008599	35813324.000
08/31/2011	5.49	5.57	5.41	5.43	392946	6870680.500
09/01/2011	5.43	5.53	5.30	5.31	632033	10976820.000
09/02/2011	5.30	5.31	5.17	5.28	411657	6917188.000
09/05/2011	5.27	5.36	5.17	5.28	280870	4747175.500
09/06/2011	5.25	5.36	5.22	5.28	326131	5542718.000
09/07/2011	5.40	5.61	5.29	5.39	702490	12062945.000
09/08/2011	5.46	5.63	5.39	5.63	1806797	32204628.000
09/09/2011	5.50	5.62	5.48	5.61	1184786	21074534.000
09/13/2011	5.56	5.56	5.38	5.44	799737	13997823.000
09/14/2011	5.46	5.46	5.22	5.42	736350	12569712.000
09/15/2011	5.42	5.46	5.36	5.42	239047	4144477.250
09/16/2011	5.46	5.59	5.46	5.52	377159	6666055.000
09/19/2011	5.53	5.53	5.30	5.33	380807	6563531.500
09/20/2011	5.37	5.46	5.27	5.35	635514	10891015.000
09/21/2011	5.40	5.46	5.29	5.38	679340	11729661.000
09/22/2011	5.38	5.43	5.30	5.31	669191	11456829.000
09/23/2011	5.22	5.63	5.22	5.35	2136624	37226332.000
09/26/2011	5.38	5.53	5.37	5.47	1161294	20295462.000
09/27/2011	5.53	5.80	5.53	5.69	2880497	52385788.000
09/28/2011	5.76	5.83	5.57	5.63	1220961	22134644.000
09/29/2011	5.52	5.59	5.03	5.17	1528003	25623860.000
09/30/2011	5.16	5.23	4.97	5.07	454126	7369129.500
10/10/2011	5.07	5.13	4.80	4.99	834399	13310714.000
10/11/2011	5.03	5.13	4.81	4.93	538532	8521010.000
10/12/2011	4.77	5.22	4.77	5.15	968327	15846820.000
10/13/2011	5.08	5.40	5.08	5.33	1073909	18343130.000
10/14/2011	5.35	5.38	5.20	5.27	451786	7624039.000
10/17/2011	5.44	5.44	5.18	5.24	848367	14293954.000
10/18/2011	5.17	5.22	4.93	4.93	503464	8171741.000
10/19/2011	4.97	5.06	4.83	4.94	586969	9287117.000
10/20/2011	4.90	4.94	4.63	4.83	534899	8221631.000
10/21/2011	4.77	5.26	4.77	4.89	264872	4191264.500
10/24/2011	4.89	5.02	4.64	4.97	467908	7378905.500
10/25/2011	4.87	5.12	4.87	5.06	347246	5623117.500
10/26/2011	4.99	5.23	4.99	5.13	421913	6943398.500
10/27/2011	5.12	5.19	5.03	5.04	182950	3001230.750
10/28/2011	5.05	5.16	4.93	5.13	518653	8430639.000
10/31/2011	5.13	5.29	5.05	5.25	537483	8993704.000
11/01/2011	5.25	5.63	5.23	5.48	1146481	19931336.000
11/02/2011	5.38	5.53	5.28	5.50	1361079	23458252.000
11/03/2011	5.49	5.68	5.45	5.45	1377125	24582462.000
11/04/2011	5.48	5.60	5.34	5.43	716651	12398670.000
11/07/2011	5.37	5.71	5.37	5.67	2902267	52213808.000
11/08/2011	5.64	5.70	5.53	5.57	929837	16610228.000
11/09/2011	5.50	5.83	5.50	5.83	1982086	36109616.000
11/10/2011	5.80	6.16	5.75	6.01	3740398	71144888.000
11/11/2011	6.00	6.03	5.89	6.00	1073941	20291692.000
11/14/2011	6.00	6.03	5.89	6.01	1541393	29254340.000
11/15/2011	6.00	6.03	5.80	5.91	1065022	20066684.000
11/16/2011	5.91	5.95	5.66	5.73	1445865	26598924.000
11/17/2011	5.72	5.86	5.70	5.82	599997	11109086.000
11/18/2011	5.70	5.81	5.63	5.66	853515	15518294.000
11/21/2011	5.61	5.66	5.52	5.63	267543	4762472.000
11/22/2011	5.62	5.66	5.53	5.64	531740	9550985.000
11/23/2011	5.64	5.74	5.56	5.59	166550	2992895.500
11/24/2011	5.57	5.80	5.47	5.80	630775	11439959.000
11/25/2011	5.77	5.89	5.71	5.73	244735	4508113.500
11/28/2011	5.71	5.81	5.68	5.73	274178	5023732.500
11/29/2011	5.73	5.82	5.69	5.77	310590	5694969.000
11/30/2011	5.77	5.77	5.38	5.53	664780	11855495.000
12/01/2011	5.75	5.76	5.47	5.47	533110	9510837.000
12/02/2011	5.40	5.48	5.21	5.43	535211	9201811.000
12/05/2011	5.24	5.40	5.24	5.35	173170	2946813.000
12/06/2011	5.35	5.35	5.21	5.24	202801	3408461.750
12/07/2011	5.25	5.35	5.17	5.24	126941	2129056.500
12/08/2011	5.28	5.37	5.19	5.33	167299	2845490.250
12/09/2011	5.26	5.33	5.18	5.29	102997	1733153.625
12/12/2011	5.30	5.48	5.25	5.33	177621	3062483.750
12/13/2011	5.36	5.36	4.97	5.13	313094	5125968.000
12/14/2011	5.02	5.11	4.67	4.90	386589	6075575.000
12/15/2011	4.74	4.90	4.74	4.81	182751	2832045.500
12/16/2011	4.78	4.93	4.67	4.93	235000	3653011.250
12/19/2011	4.85	4.95	4.70	4.93	185140	2891460.500
12/20/2011	4.93	4.95	4.85	4.85	77050	1215661.000
12/21/2011	5.02	5.02	4.76	4.78	87963	1371505.750
12/22/2011	4.80	4.80	4.50	4.63	258669	3875848.000
12/23/2011	4.43	4.77	4.43	4.63	96301	1462031.125
12/26/2011	4.63	4.70	4.59	4.61	55170	829225.625
12/27/2011	4.48	4.50	4.30	4.43	342815	4921886.000
12/28/2011	4.44	4.44	4.19	4.30	118410	1657984.000
12/29/2011	4.30	4.30	4.13	4.21	156400	2159551.000
12/30/2011	4.10	4.40	4.09	4.35	240838	3347896.000
01/04/2012	4.43	4.43	4.23	4.30	235723	3290525.250
01/05/2012	4.13	4.32	3.97	4.03	425285	5710866.500
01/06/2012	3.97	4.09	3.70	4.03	342694	4363935.500
01/09/2012	4.06	4.25	3.91	4.20	609190	8113388.500
01/10/2012	4.23	4.37	4.13	4.26	421722	5844030.000
01/11/2012	4.23	4.27	4.19	4.24	184497	2546193.000
01/12/2012	4.23	4.33	4.23	4.24	252314	3519200.000
01/13/2012	4.30	4.30	3.91	3.93	775693	10206131.000
01/16/2012	3.92	3.92	3.72	3.79	432023	5391252.000
01/17/2012	3.68	3.99	3.68	3.93	701083	8886711.000
01/18/2012	3.96	3.97	3.50	3.60	572507	7072137.000
01/19/2012	3.60	3.65	3.33	3.45	1896203	21567580.000
01/20/2012	3.45	3.45	3.32	3.42	1550747	17497884.000
01/30/2012	3.44	3.76	3.39	3.66	2155014	25453264.000
01/31/2012	3.60	3.82	3.56	3.78	1996454	24228034.000
02/01/2012	3.73	3.97	3.73	3.82	1473579	18737482.000
02/02/2012	3.90	3.96	3.74	3.88	511876	6462104.000
02/03/2012	3.83	4.04	3.80	4.03	2226678	28828576.000
02/06/2012	4.07	4.16	3.93	3.98	1516255	19921358.000
02/07/2012	3.95	4.01	3.84	3.91	906143	11672568.000
02/08/2012	3.86	3.99	3.86	3.99	1133532	14631775.000
02/09/2012	3.99	4.08	3.97	4.03	1057500	13977562.000
02/10/2012	4.05	4.18	4.02	4.18	1149831	15482166.000
02/13/2012	4.13	4.27	4.09	4.16	914976	12533042.000
02/14/2012	4.23	4.34	4.20	4.28	1158192	16117664.000
02/15/2012	4.28	4.43	4.20	4.38	1621566	22995084.000
02/16/2012	4.38	4.44	4.30	4.37	1433696	20315714.000
02/17/2012	4.53	4.53	4.26	4.33	1792171	25614532.000
02/21/2012	4.30	4.38	4.21	4.35	1541521	21500804.000
02/22/2012	4.35	4.63	4.31	4.60	3720399	54205736.000
02/23/2012	4.60	4.77	4.57	4.68	2255047	33958248.000
02/24/2012	4.73	4.93	4.69	4.85	2292347	35581024.000
02/27/2012	4.86	4.86	4.57	4.65	5704314	86844200.000
02/28/2012	4.51	4.56	4.33	4.36	4597382	66026368.000
02/29/2012	4.36	4.39	4.29	4.29	1797680	25420646.000
03/01/2012	4.27	4.39	4.27	4.34	1222841	17242236.000
03/02/2012	4.36	4.43	4.36	4.40	1601157	22900876.000
03/05/2012	4.42	4.50	4.38	4.38	2367118	34162580.000
03/06/2012	4.39	4.39	4.24	4.30	1904535	26565032.000
03/07/2012	4.25	4.34	4.23	4.28	1278866	17860414.000
03/08/2012	4.28	4.35	4.28	4.33	1953810	27399568.000
03/09/2012	4.33	4.46	4.31	4.44	2379931	33947720.000
03/12/2012	4.45	4.51	4.39	4.44	1515567	21878582.000
03/13/2012	4.43	4.53	4.43	4.53	1846939	26872264.000
03/14/2012	4.54	4.57	4.12	4.18	3064303	43878644.000
03/15/2012	4.20	4.22	4.01	4.08	1932940	25816928.000
03/16/2012	4.09	4.19	4.04	4.19	1766969	23880822.000
03/19/2012	4.23	4.32	4.21	4.32	1660376	23152750.000
03/21/2012	4.28	4.28	4.12	4.23	1751618	23974384.000
03/22/2012	4.19	4.26	4.15	4.21	940175	12870677.000
03/23/2012	4.19	4.19	4.09	4.10	673309	9102779.000
03/26/2012	4.15	4.22	4.07	4.15	753992	10240614.000
03/27/2012	4.19	4.21	4.14	4.17	530869	7241634.500
03/28/2012	4.18	4.23	4.01	4.02	1764200	23709212.000
03/29/2012	4.01	4.02	3.84	3.91	747341	9616587.000
03/30/2012	3.93	4.00	3.86	3.98	646701	8333646.000
04/05/2012	4.00	4.16	3.99	4.15	1021503	13615904.000
04/06/2012	4.17	4.24	4.12	4.22	1157085	15792186.000
04/09/2012	4.25	4.25	4.08	4.09	1069662	9478560.000
04/10/2012	4.06	4.16	3.99	4.16	1314618	11439751.000
04/11/2012	4.12	4.21	4.03	4.19	1073961	9531703.000
04/12/2012	4.23	4.27	4.10	4.25	2203761	19871432.000
04/13/2012	4.26	4.28	4.16	4.18	1592259	14365731.000
04/16/2012	4.17	4.20	4.11	4.17	761539	6781603.500
04/17/2012	4.19	4.22	4.11	4.13	740736	6590404.000
04/18/2012	4.24	4.57	4.24	4.53	5165984	48668832.000
04/19/2012	4.51	4.51	4.36	4.43	2935690	27807964.000
04/20/2012	4.47	4.47	4.38	4.43	1626467	15334854.000
04/23/2012	4.44	4.45	4.23	4.25	2807232	25815400.000
04/24/2012	4.24	4.35	4.13	4.33	1874503	16990580.000
04/25/2012	4.29	4.32	4.22	4.29	1207700	11033184.000
04/26/2012	4.28	4.31	4.16	4.22	1154056	10488385.000
04/27/2012	4.20	4.38	4.20	4.31	1745575	16103054.000
05/02/2012	4.36	4.43	4.31	4.39	1528325	14301606.000
05/03/2012	4.41	4.41	4.33	4.38	1302644	12165366.000
05/04/2012	4.38	4.42	4.34	4.40	1291242	12106112.000
05/07/2012	4.40	4.41	4.33	4.41	1635276	15252607.000
05/08/2012	4.41	4.44	4.34	4.41	1870998	17533490.000
05/09/2012	4.38	4.39	4.29	4.32	1063007	9851021.000
05/10/2012	4.30	4.38	4.30	4.34	933357	8663670.000
05/11/2012	4.33	4.39	4.28	4.28	1378499	12759068.000
05/14/2012	4.33	4.36	4.28	4.29	900900	8302788.000
05/15/2012	4.25	4.39	4.22	4.39	1466602	13473051.000
05/16/2012	4.37	4.52	4.34	4.35	2129236	20132186.000
05/17/2012	4.33	4.40	4.28	4.37	981489	9112471.000
05/18/2012	4.35	4.36	4.26	4.27	989592	9121564.000
05/21/2012	4.25	4.29	4.20	4.27	735511	6688089.000
05/22/2012	4.29	4.37	4.29	4.36	828130	7681218.000
05/23/2012	4.36	4.36	4.26	4.33	629854	5803268.000
05/24/2012	4.31	4.37	4.28	4.30	729699	6746490.000
05/25/2012	4.35	4.43	4.29	4.29	1008518	9350241.000
05/28/2012	4.24	4.30	4.16	4.28	881291	7993465.500
05/29/2012	4.34	4.51	4.34	4.47	3432821	32562074.000
05/30/2012	4.46	4.63	4.46	4.59	4453452	43274732.000
05/31/2012	4.55	4.61	4.46	4.56	1885729	18336004.000
06/01/2012	4.53	4.92	4.53	4.81	5086275	51751148.000
06/04/2012	4.71	4.91	4.65	4.73	4258516	43214608.000
06/05/2012	4.71	4.75	4.59	4.60	2481947	24515740.000
06/06/2012	4.64	4.79	4.61	4.71	2660214	26610138.000
06/07/2012	4.79	4.95	4.75	4.78	5110531	52701972.000
06/08/2012	4.82	4.90	4.63	4.65	3117293	31443644.000
06/11/2012	4.64	5.05	4.61	5.01	5119597	52657136.000
06/12/2012	4.96	5.06	4.87	4.99	3195069	33546296.000
06/13/2012	4.96	5.15	4.93	5.09	3486130	37264092.000
06/14/2012	5.06	5.10	4.88	4.89	2665391	28156810.000
06/15/2012	4.91	4.99	4.83	4.92	2057586	21412114.000
06/18/2012	4.99	5.10	4.93	4.97	2056354	21865818.000
06/19/2012	4.98	5.02	4.89	4.89	1644419	17264370.000
06/20/2012	4.91	4.96	4.84	4.85	1585328	16443491.000
06/21/2012	4.84	4.88	4.74	4.78	1603851	16325234.000
06/25/2012	4.73	4.75	4.68	4.68	1384049	13885907.000
06/26/2012	4.66	4.78	4.62	4.76	1293077	12915345.000
06/27/2012	4.76	4.79	4.63	4.69	1094480	10978696.000
06/28/2012	4.69	4.75	4.64	4.65	1018924	10146359.000
06/29/2012	4.65	4.76	4.48	4.74	1826445	18000586.000
07/02/2012	4.73	4.91	4.71	4.88	2322042	23887960.000
07/03/2012	4.88	5.04	4.83	5.03	3563425	37516536.000
07/04/2012	4.99	5.15	4.97	5.08	4059275	43588700.000
07/05/2012	5.01	5.08	4.87	4.89	2212554	23188498.000
07/06/2012	4.94	5.15	4.83	5.11	2999139	31937374.000
07/09/2012	5.07	5.24	4.98	4.99	3023437	32783942.000
07/10/2012	4.97	5.03	4.85	4.94	1493640	15606179.000
07/11/2012	4.91	5.17	4.87	5.17	2184662	23316796.000
07/12/2012	5.14	5.28	5.11	5.27	3841637	42304012.000
07/13/2012	5.43	5.49	5.12	5.15	9280291	104300936.000
07/16/2012	5.15	5.34	5.10	5.13	3834911	42190952.000
07/17/2012	5.05	5.06	4.78	4.95	3391877	35339560.000
07/18/2012	4.93	5.06	4.86	5.06	2384015	25089642.000
07/19/2012	5.04	5.29	5.01	5.20	3648583	39935944.000
07/20/2012	5.18	5.22	5.05	5.15	1782454	19329694.000
07/23/2012	5.09	5.10	4.88	5.05	1289982	13697079.000
07/24/2012	5.03	5.28	5.00	5.26	2759564	30203490.000
07/25/2012	5.25	5.27	5.17	5.17	1920691	21206974.000
07/26/2012	5.16	5.23	5.05	5.16	1743802	18961858.000
07/27/2012	5.16	5.23	4.93	4.96	2091818	22172912.000
07/30/2012	4.93	5.02	4.81	4.88	1420889	14714837.000
07/31/2012	4.88	4.88	4.51	4.58	2609140	25933446.000
08/01/2012	4.63	4.72	4.50	4.66	2622356	25735938.000
08/02/2012	4.61	4.66	4.53	4.65	1309183	12822417.000
08/03/2012	4.64	4.85	4.63	4.84	1919774	19304748.000
08/06/2012	4.84	4.88	4.70	4.86	3916429	39851228.000
08/07/2012	4.83	4.92	4.73	4.91	4499720	46113648.000
08/08/2012	4.88	4.90	4.78	4.82	2726902	28016328.000
08/09/2012	4.81	4.84	4.73	4.82	2686046	27302674.000
08/10/2012	4.83	4.88	4.81	4.84	1375546	14151723.000
08/13/2012	4.85	4.85	4.69	4.70	1559830	15799092.000
08/14/2012	4.70	4.76	4.50	4.68	2648921	25988748.000
08/15/2012	4.62	4.66	4.58	4.59	1066764	10475279.000
08/16/2012	4.66	4.80	4.63	4.63	2431745	24403194.000
08/17/2012	4.61	4.63	4.51	4.63	1423545	13834536.000
08/20/2012	4.58	4.67	4.55	4.64	992358	9719253.000
08/21/2012	4.66	4.73	4.66	4.69	1649715	16502087.000
08/22/2012	4.69	4.70	4.48	4.60	3503250	34201196.000
08/23/2012	4.58	4.67	4.53	4.63	1727803	16895150.000
08/24/2012	4.63	4.63	4.52	4.54	897691	8746086.000
08/27/2012	4.53	4.54	4.30	4.38	1827793	17121876.000
08/28/2012	4.38	4.45	4.31	4.33	1478463	13799120.000
08/29/2012	4.32	4.39	4.24	4.25	1300518	12010856.000
08/30/2012	4.23	4.24	3.98	4.10	1862729	16470604.000
08/31/2012	4.12	4.13	4.06	4.10	972801	8551809.000
09/03/2012	4.08	4.24	4.08	4.21	1651869	14733286.000
09/04/2012	4.21	4.27	4.09	4.10	1763301	15782095.000
09/05/2012	4.10	4.18	4.03	4.13	1533650	13468414.000
09/06/2012	4.15	4.30	4.15	4.28	2886587	26257906.000
09/07/2012	4.31	4.63	4.21	4.56	4437350	42099968.000
09/10/2012	4.51	4.61	4.48	4.57	2140668	20700062.000
09/11/2012	4.55	4.55	4.44	4.50	1737459	16612020.000
09/12/2012	4.51	4.59	4.46	4.53	1793892	17314662.000
09/13/2012	4.52	4.52	4.41	4.41	1220049	11598884.000
09/14/2012	4.41	4.49	4.34	4.38	1514696	14231298.000
09/17/2012	4.35	4.37	4.11	4.12	1536350	13913255.000
09/18/2012	4.10	4.17	4.08	4.12	1075253	9523162.000
09/19/2012	4.17	4.19	4.10	4.15	739501	6554116.500
09/20/2012	4.13	4.14	3.91	3.94	1398580	12065303.000
09/21/2012	3.92	3.97	3.86	3.94	1575068	13309011.000
09/24/2012	3.92	4.03	3.88	4.00	619636	5285961.000
09/25/2012	3.96	4.08	3.96	4.04	727145	6299199.500
09/26/2012	4.01	4.02	3.88	3.88	590100	5007666.500
09/27/2012	3.93	4.10	3.88	4.06	2051135	17728750.000
09/28/2012	4.03	4.28	4.01	4.27	2376860	21334482.000
10/08/2012	4.27	4.33	4.23	4.30	1601121	14644056.000
10/09/2012	4.52	4.68	4.44	4.63	4743356	46031364.000
10/10/2012	4.59	4.70	4.47	4.62	2418575	23578048.000
10/11/2012	4.60	4.77	4.54	4.67	3033519	30273972.000
10/12/2012	4.68	4.73	4.48	4.70	3981825	39144632.000
10/15/2012	4.68	4.68	4.34	4.39	7050333	66914884.000
10/16/2012	4.42	4.44	4.33	4.35	2633886	24745444.000
10/17/2012	4.38	4.43	4.29	4.35	2576823	23881654.000
10/18/2012	4.35	4.43	4.33	4.41	2670534	25046142.000
10/19/2012	4.42	4.46	4.35	4.37	2015778	18964030.000
10/22/2012	4.35	4.46	4.35	4.45	1767786	16674414.000
10/23/2012	4.46	4.47	4.35	4.36	1795556	16903572.000
10/24/2012	4.35	4.49	4.33	4.49	2531523	23997896.000
10/25/2012	4.43	4.43	4.34	4.36	3254117	30427180.000
10/26/2012	4.34	4.38	4.09	4.10	2704492	24219076.000
10/29/2012	4.11	4.11	4.03	4.05	1466959	12811469.000
10/30/2012	4.10	4.14	4.06	4.10	1134562	9980228.000
10/31/2012	4.13	4.13	4.08	4.12	595549	5254920.000
11/01/2012	4.12	4.26	4.12	4.25	1418380	12815740.000
11/02/2012	4.24	4.33	4.19	4.29	1488322	13598776.000
11/05/2012	4.30	4.34	4.21	4.21	910709	8299548.000
11/06/2012	4.22	4.22	4.06	4.12	1139343	10054621.000
11/07/2012	4.11	4.13	4.06	4.08	1064857	9362520.000
11/08/2012	4.06	4.06	3.99	4.03	1214880	10494340.000
11/09/2012	3.99	4.06	3.99	3.99	1003689	8666374.000
11/12/2012	4.00	4.07	3.99	4.06	647775	5617972.500
11/13/2012	4.01	4.08	3.96	3.97	693937	5962968.000
11/14/2012	3.99	4.04	3.95	4.01	612419	5235109.500
11/15/2012	3.99	4.02	3.95	4.00	549468	4712583.500
11/16/2012	4.01	4.08	3.93	3.99	523000	4494543.000
11/19/2012	3.97	4.00	3.89	3.98	819810	6976060.500
11/20/2012	4.00	4.01	3.94	3.94	1127500	9647277.000
11/21/2012	3.95	4.02	3.83	4.02	1519327	12816564.000
11/22/2012	3.99	3.99	3.85	3.88	1090800	9208786.000
11/23/2012	3.89	3.95	3.84	3.91	1110976	9376819.000
11/26/2012	3.90	3.93	3.84	3.85	591081	4943740.500
11/27/2012	3.83	3.85	3.62	3.63	1359440	10839919.000
11/28/2012	3.61	3.61	3.50	3.51	674821	5171619.500
11/29/2012	3.54	3.55	3.42	3.43	565542	4281863.500
11/30/2012	3.43	3.50	3.41	3.45	763571	5750088.000
12/03/2012	3.46	3.51	3.35	3.36	1517284	11325301.000
12/04/2012	3.36	3.43	3.32	3.42	677050	4965384.000
12/05/2012	3.42	3.65	3.41	3.64	1431073	11063236.000
12/06/2012	3.61	3.67	3.55	3.61	1161538	9060612.000
12/07/2012	3.60	3.76	3.57	3.72	1121433	8954318.000
12/10/2012	3.75	3.82	3.72	3.78	1015910	8254292.000
12/11/2012	3.76	3.78	3.67	3.68	1342141	10763129.000
12/12/2012	3.68	3.72	3.64	3.68	573797	4559827.000
12/13/2012	3.68	3.71	3.63	3.64	857823	6791900.000
12/14/2012	3.66	3.81	3.64	3.79	1890946	15337161.000
12/17/2012	3.80	3.83	3.77	3.79	1457288	11938659.000
12/18/2012	3.79	3.85	3.75	3.76	1098417	8984362.000
12/19/2012	3.78	3.83	3.78	3.80	1170947	9602207.000
12/20/2012	3.83	4.00	3.80	3.97	3215549	27162864.000
12/21/2012	3.96	4.05	3.88	3.99	2532491	21642844.000
12/24/2012	3.99	4.17	3.95	4.13	2968877	26148010.000
12/25/2012	4.14	4.24	4.10	4.15	2724610	24348620.000
12/26/2012	4.13	4.30	4.12	4.29	2718936	24664546.000
12/27/2012	4.30	4.34	4.10	4.12	2286500	20593714.000
12/28/2012	4.12	4.23	4.08	4.20	1918269	17135012.000
12/31/2012	4.20	4.23	4.15	4.23	1380071	12390027.000
01/04/2013	4.27	4.32	4.18	4.26	1930536	17554296.000
01/07/2013	4.26	4.44	4.25	4.40	2241891	20835430.000
01/08/2013	4.38	4.64	4.30	4.52	3622654	34601832.000
01/09/2013	4.52	4.54	4.39	4.42	2348630	22417376.000
01/10/2013	4.41	4.49	4.36	4.43	2018903	19070392.000
01/11/2013	4.44	4.55	4.38	4.40	3201999	30456736.000
01/14/2013	4.40	4.57	4.40	4.56	3184537	30730410.000
01/15/2013	4.58	4.75	4.54	4.70	3987262	39231648.000
01/16/2013	4.70	4.72	4.57	4.66	2511357	24799854.000
01/17/2013	4.69	4.90	4.67	4.67	3885765	39463572.000
01/18/2013	4.66	4.78	4.61	4.73	2673667	26697138.000
01/21/2013	4.73	4.87	4.66	4.83	3295727	33421674.000
01/22/2013	4.83	4.89	4.63	4.70	2667537	26947270.000
01/23/2013	4.73	4.77	4.60	4.69	1964929	19596686.000
01/24/2013	4.68	4.74	4.43	4.51	3269419	31897736.000
01/25/2013	4.49	4.57	4.48	4.49	988906	9530985.000
01/28/2013	4.54	4.69	4.50	4.66	2589931	25393586.000
01/29/2013	4.65	4.74	4.64	4.69	1873449	18675262.000
01/30/2013	4.70	4.72	4.55	4.63	2077094	20472190.000
01/31/2013	4.61	4.66	4.53	4.57	1571876	15358293.000
02/01/2013	4.57	4.61	4.54	4.58	1157034	11273576.000
02/04/2013	4.60	4.62	4.48	4.51	1398287	13507191.000
02/05/2013	4.50	4.58	4.45	4.55	1318251	12694862.000
02/06/2013	4.55	4.62	4.53	4.61	1205560	11790843.000
02/07/2013	4.61	4.66	4.57	4.66	1037378	10200476.000
02/08/2013	4.66	4.79	4.63	4.79	2233137	22489948.000
02/18/2013	4.90	5.20	4.90	5.03	6204124	66248824.000
02/19/2013	4.95	5.04	4.91	4.93	2648984	27853634.000
02/20/2013	4.91	5.06	4.91	5.04	2385326	25233852.000
02/21/2013	5.08	5.14	4.91	4.95	4209240	44765632.000
02/22/2013	4.91	4.95	4.75	4.78	3071063	31371644.000
02/25/2013	4.80	4.80	4.57	4.60	6562804	64672428.000
02/26/2013	4.57	4.64	4.53	4.55	3505423	34181992.000
02/27/2013	4.59	4.60	4.45	4.52	2653107	25505192.000
02/28/2013	4.53	4.58	4.44	4.57	3650036	35227076.000
03/01/2013	4.55	4.67	4.53	4.66	3875030	38020408.000
03/04/2013	4.63	4.78	4.44	4.50	4663156	45903136.000
03/05/2013	4.49	4.64	4.49	4.63	2542366	24754362.000
03/06/2013	4.64	4.75	4.64	4.73	4008329	40099752.000
03/07/2013	4.75	4.77	4.55	4.60	3716659	36830168.000
03/08/2013	4.63	4.65	4.53	4.55	1617945	15753709.000
03/11/2013	4.57	4.59	4.51	4.58	1000414	9709086.000
03/12/2013	4.55	4.62	4.32	4.36	2495730	23689804.000
03/13/2013	4.34	4.36	4.21	4.29	1967684	17977058.000
03/14/2013	4.25	4.34	4.25	4.31	818127	7518373.500
03/15/2013	4.30	4.39	4.25	4.31	1715566	15866649.000
03/18/2013	4.29	4.29	4.19	4.20	1447044	13112071.000
03/19/2013	4.20	4.25	4.16	4.25	1048689	9424293.000
03/20/2013	4.23	4.36	4.21	4.36	2054005	18956894.000
03/21/2013	4.36	4.47	4.32	4.40	2939278	27673620.000
03/22/2013	4.39	4.40	4.31	4.36	2302676	21446082.000
03/25/2013	4.35	4.41	4.34	4.41	1121259	10474291.000
03/26/2013	4.41	4.43	4.31	4.36	1408671	13119041.000
03/27/2013	4.34	4.41	4.34	4.37	1143421	10665503.000
03/28/2013	4.33	4.33	4.10	4.10	2316475	20752560.000
03/29/2013	4.11	4.15	4.02	4.05	1332250	11650828.000
04/01/2013	4.04	4.08	4.01	4.06	1029931	8977601.000
04/02/2013	4.03	4.12	3.98	3.99	977693	8487360.000
04/03/2013	4.00	4.04	3.93	3.95	889747	7611897.500
04/08/2013	3.90	4.03	3.82	4.00	1226564	10358398.000
04/09/2013	3.98	4.10	3.98	4.06	1032328	9000879.000
04/10/2013	4.05	4.06	3.96	4.03	779329	6703458.000
04/11/2013	4.05	4.07	4.00	4.00	476571	4121469.500
04/12/2013	3.98	4.04	3.96	3.97	497162	4267814.000
04/15/2013	3.97	3.97	3.88	3.92	675608	5686404.000
04/16/2013	4.03	4.13	4.01	4.06	2679571	23390806.000
04/17/2013	4.02	4.12	4.01	4.11	1674045	14655495.000
04/18/2013	4.05	4.14	4.04	4.13	1469429	12952056.000
04/19/2013	4.13	4.20	4.11	4.17	2275617	20276870.000
04/22/2013	4.13	4.20	4.10	4.20	1868812	16611197.000
04/23/2013	4.22	4.25	4.05	4.05	1650491	14631443.000
04/24/2013	4.06	4.17	4.03	4.15	1176936	10380075.000
04/25/2013	4.14	4.28	4.11	4.16	2401033	21601228.000
04/26/2013	4.14	4.20	4.05	4.06	1174012	10390224.000
05/02/2013	4.03	4.19	4.03	4.19	1098658	9706172.000
05/03/2013	4.20	4.27	4.17	4.24	1842233	16694191.000
05/06/2013	4.28	4.31	4.25	4.28	1863620	17079288.000
05/07/2013	4.30	4.30	4.22	4.26	1140184	10371456.000
05/08/2013	4.28	4.42	4.26	4.40	3228628	29970486.000
05/09/2013	4.43	4.43	4.29	4.38	1816018	16913068.000
05/10/2013	4.38	4.45	4.33	4.39	2024974	18955114.000
05/13/2013	4.39	4.49	4.38	4.44	1456543	13800410.000
05/14/2013	4.44	4.47	4.32	4.35	1400961	13058329.000
05/15/2013	4.35	4.43	4.33	4.42	1338716	12561911.000
05/16/2013	4.44	4.48	4.40	4.43	2404685	22784382.000
05/17/2013	4.39	4.52	4.38	4.50	2761258	26285442.000
05/20/2013	4.53	4.54	4.47	4.53	3680644	34269688.000
05/21/2013	4.53	4.59	4.48	4.58	2645022	24793686.000
05/22/2013	4.58	4.59	4.45	4.47	2915077	27132958.000
05/23/2013	4.44	4.51	4.38	4.41	2109625	19422856.000
05/24/2013	4.41	4.50	4.41	4.49	1704723	15718357.000
05/27/2013	4.49	4.61	4.48	4.61	3974454	37565584.000
05/28/2013	4.60	4.60	4.47	4.52	2332821	21769170.000
05/29/2013	4.52	4.73	4.52	4.73	4974695	47666984.000
05/30/2013	4.72	4.88	4.68	4.77	5319563	52630940.000
05/31/2013	4.73	4.84	4.68	4.82	3455120	33962716.000
06/03/2013	4.85	4.99	4.73	4.76	5082576	50897608.000
06/04/2013	4.71	4.78	4.60	4.63	2785001	26892364.000
06/05/2013	4.63	4.71	4.60	4.68	1816188	17456454.000
06/06/2013	4.64	4.66	4.51	4.52	2012847	19002192.000
06/07/2013	4.53	4.59	4.42	4.44	1669442	15507226.000
06/13/2013	4.39	4.39	4.26	4.30	1546814	13733154.000
06/14/2013	4.33	4.46	4.29	4.43	1331475	12071259.000
06/17/2013	4.45	4.46	4.33	4.35	1615418	14622864.000
06/18/2013	4.34	4.38	4.28	4.35	1142215	10230777.000
06/19/2013	4.31	4.33	4.16	4.30	1303338	11435204.000
06/20/2013	4.26	4.28	4.10	4.12	796144	6936873.500
06/21/2013	4.08	4.08	3.96	4.06	1224835	10232466.000
06/24/2013	4.02	4.08	3.73	3.77	1012595	8220816.000
06/25/2013	3.79	3.90	3.51	3.83	1803974	14008798.000
06/26/2013	3.83	3.91	3.77	3.90	1301532	10398062.000
06/27/2013	3.88	3.97	3.80	3.85	1414700	11417744.000
06/28/2013	3.81	3.92	3.70	3.79	1028661	8125312.500
07/01/2013	3.79	3.84	3.73	3.84	1252549	9883173.000
07/02/2013	3.83	3.93	3.82	3.93	1359068	10979732.000
07/03/2013	3.90	3.92	3.80	3.89	1214503	9753514.000
07/04/2013	3.87	3.96	3.81	3.90	1457679	11774237.000
07/05/2013	3.89	3.93	3.81	3.81	1325866	10706176.000
07/08/2013	3.75	3.75	3.57	3.58	1330821	10126199.000
07/09/2013	3.57	3.64	3.53	3.63	668840	5019914.000
07/10/2013	3.60	3.79	3.60	3.77	1070620	8286917.500
07/11/2013	3.84	3.94	3.77	3.88	2120706	16968284.000
07/12/2013	3.88	3.97	3.85	3.88	1751142	14215833.000
07/15/2013	3.90	3.98	3.89	3.97	1618603	13265840.000
07/16/2013	3.95	4.01	3.93	3.99	1534485	12646438.000
07/17/2013	3.95	4.00	3.90	3.90	1265324	10377531.000
07/18/2013	3.86	3.95	3.86	3.90	1031864	8380558.500
07/19/2013	3.91	4.05	3.91	3.94	2236766	18506934.000
07/22/2013	3.89	4.08	3.85	4.08	1961798	16309835.000
07/23/2013	4.07	4.16	4.07	4.15	2208517	18890600.000
07/24/2013	4.11	4.22	4.09	4.19	2348303	20173196.000
07/25/2013	4.19	4.21	4.02	4.05	1675372	14280297.000
07/26/2013	4.05	4.08	3.95	4.03	1184012	9842747.000
07/29/2013	3.99	4.07	3.96	4.01	1292205	10756346.000
07/30/2013	4.00	4.03	3.88	3.98	806503	6642716.500
07/31/2013	4.00	4.04	3.96	4.00	1078552	8952239.000
08/01/2013	3.99	4.15	3.97	4.13	1359209	11482967.000
08/02/2013	4.13	4.22	4.13	4.18	2105456	18224148.000
08/05/2013	4.16	4.44	4.13	4.35	3504735	31330450.000
08/06/2013	4.34	4.46	4.33	4.36	3137616	28527952.000
08/07/2013	4.37	4.40	4.25	4.28	1997143	17802476.000
08/08/2013	4.27	4.47	4.24	4.44	2619524	23765112.000
08/09/2013	4.44	4.48	4.36	4.43	1615834	14755174.000
08/12/2013	4.47	4.47	4.33	4.43	1957431	17794864.000
08/13/2013	4.41	4.55	4.38	4.47	1800506	16635390.000
08/14/2013	4.48	4.60	4.42	4.48	2493575	23171094.000
08/15/2013	4.43	4.51	4.33	4.36	2099889	19247504.000
08/16/2013	4.33	4.43	4.25	4.27	1496737	13454800.000
08/19/2013	4.26	4.46	4.26	4.45	1797985	16323855.000
08/20/2013	4.43	4.57	4.43	4.52	2883745	26919136.000
08/21/2013	4.51	4.56	4.45	4.52	1458281	13631294.000
08/22/2013	4.52	4.54	4.49	4.52	1405055	13107668.000
08/23/2013	4.53	4.67	4.41	4.56	3262591	30853252.000
08/26/2013	4.56	4.66	4.54	4.65	2475952	23488060.000
08/27/2013	4.65	4.74	4.62	4.70	3183921	30727016.000
08/28/2013	4.66	4.73	4.61	4.70	3007227	28982474.000
08/29/2013	4.65	4.73	4.65	4.70	1439658	13882845.000
08/30/2013	4.64	4.71	4.51	4.60	6449499	61100692.000
09/02/2013	4.57	4.72	4.56	4.68	3273824	31469842.000
09/03/2013	4.66	4.76	4.59	4.72	4270474	41181112.000
09/04/2013	4.69	4.73	4.64	4.66	2509606	24218966.000
09/05/2013	4.65	4.85	4.55	4.85	6907353	67654992.000
09/06/2013	4.90	4.97	4.77	4.79	4770300	47738260.000
09/09/2013	4.86	4.90	4.74	4.80	3849750	38251620.000
09/10/2013	4.83	4.91	4.70	4.84	2915436	28904688.000
09/11/2013	4.81	4.85	4.61	4.72	2658706	25800090.000
09/12/2013	4.68	4.77	4.65	4.73	1682917	16379638.000
09/13/2013	4.74	4.82	4.70	4.80	1762805	17381024.000
09/16/2013	4.82	4.87	4.76	4.85	1715010	17035362.000
09/17/2013	4.85	4.94	4.69	4.82	3352232	33283280.000
09/18/2013	4.80	4.95	4.80	4.82	1392851	13896673.000
09/23/2013	4.86	4.99	4.82	4.97	4055917	40943156.000
09/24/2013	4.95	5.02	4.92	5.01	3859536	39509984.000
09/25/2013	5.01	5.01	4.93	4.94	2192534	22449870.000
09/26/2013	4.94	4.96	4.86	4.95	1779934	18025122.000
09/27/2013	4.95	4.95	4.79	4.91	2490463	24922022.000
09/30/2013	4.89	4.89	4.71	4.81	2698013	26508738.000
10/08/2013	4.81	4.81	4.73	4.76	2798246	27512726.000
10/09/2013	4.76	4.80	4.75	4.79	3313645	32578588.000
10/10/2013	4.79	4.79	4.67	4.68	2776919	27038924.000
10/11/2013	4.69	4.73	4.66	4.73	2177184	21112464.000
10/14/2013	4.72	4.81	4.71	4.79	2886740	28403152.000
10/15/2013	4.83	4.88	4.78	4.83	4222671	42066356.000
10/16/2013	4.84	4.87	4.58	4.60	3313624	32225254.000
10/17/2013	4.65	4.73	4.63	4.66	1567987	15134969.000
10/18/2013	4.67	4.73	4.66	4.70	1175582	11414247.000
10/21/2013	4.70	4.86	4.70	4.85	3435345	34064088.000
10/22/2013	4.86	4.88	4.78	4.82	2654604	26408224.000
10/23/2013	4.80	4.88	4.68	4.72	2762395	27130720.000
10/24/2013	4.72	4.79	4.72	4.73	1415523	13893906.000
10/25/2013	4.78	4.79	4.64	4.66	1792876	17377146.000
10/28/2013	4.69	4.72	4.65	4.66	1381008	13334448.000
10/29/2013	4.66	4.74	4.42	4.53	2436283	23087224.000
10/30/2013	4.56	4.59	4.46	4.57	1355206	12696185.000
10/31/2013	4.57	4.57	4.52	4.54	804817	7551894.000
11/01/2013	4.53	4.58	4.47	4.50	1010602	9418780.000
11/04/2013	4.48	4.56	4.48	4.56	804766	7536393.000
11/05/2013	4.56	4.65	4.49	4.64	1375038	13004398.000
11/06/2013	4.64	4.71	4.56	4.56	1501261	14370391.000
11/07/2013	4.56	4.59	4.44	4.47	1100465	10262306.000
11/08/2013	4.47	4.50	4.39	4.41	858522	7870855.500
11/11/2013	4.42	4.51	4.39	4.49	1030467	9489666.000
11/12/2013	4.52	4.66	4.52	4.65	1443644	13706182.000
11/13/2013	4.64	4.70	4.55	4.56	1162165	11099610.000
11/14/2013	4.56	4.94	4.55	4.84	4942638	48889204.000
11/15/2013	4.81	4.99	4.81	4.90	4766315	48183496.000
11/18/2013	4.92	5.18	4.92	5.05	6320258	66105084.000
11/19/2013	5.06	5.11	5.00	5.03	2809106	29142196.000
11/20/2013	5.05	5.13	5.03	5.10	3041748	31824206.000
11/21/2013	5.10	5.10	4.94	4.97	2331694	24048804.000
11/22/2013	4.98	5.27	4.98	5.19	4092101	43321052.000
11/25/2013	5.19	5.23	5.10	5.11	3572275	37817868.000
11/26/2013	5.10	5.11	4.97	5.06	3039607	31566448.000
11/27/2013	5.05	5.18	4.97	5.00	5706198	59384628.000
11/28/2013	5.02	5.33	5.01	5.31	7427352	79249592.000
11/29/2013	5.25	5.43	5.23	5.33	7130976	78362320.000
12/02/2013	5.09	5.23	4.79	4.90	6655265	68129032.000
12/03/2013	4.85	5.11	4.78	5.11	3766353	38816600.000
12/04/2013	5.11	5.30	5.07	5.15	5667171	60727108.000
12/05/2013	5.11	5.18	5.00	5.08	3679905	38463612.000
12/06/2013	5.05	5.28	5.03	5.26	5422552	57758196.000
12/09/2013	5.31	5.57	5.28	5.48	10860429	121741504.000
12/10/2013	5.48	5.60	5.39	5.44	6565446	74069576.000
12/11/2013	5.44	5.51	5.35	5.49	4621272	51538460.000
12/12/2013	5.46	5.72	5.46	5.72	9092815	105130664.000
12/13/2013	5.81	5.85	5.51	5.51	14024515	163354512.000
12/16/2013	5.46	5.57	5.35	5.39	5412500	60469500.000
12/17/2013	5.39	5.50	5.36	5.43	4028928	44965388.000
12/18/2013	5.43	5.44	5.28	5.35	3446488	37958292.000
12/19/2013	5.33	5.40	5.23	5.23	3653280	39881692.000
12/20/2013	5.23	5.25	5.06	5.09	3936959	41675176.000
12/23/2013	5.08	5.20	5.00	5.09	2987059	31283926.000
12/24/2013	5.10	5.23	5.07	5.21	4326813	46062636.000
12/25/2013	5.35	5.59	5.30	5.57	8639331	96286056.000
12/26/2013	5.60	5.65	5.43	5.55	7206887	82007632.000
12/27/2013	5.51	5.78	5.46	5.75	8659276	101353280.000
12/30/2013	5.80	5.90	5.70	5.86	7347908	87514672.000
12/31/2013	5.81	5.89	5.63	5.68	5588210	65473756.000
01/02/2014	5.68	5.79	5.62	5.71	4487902	52807700.000
01/03/2014	5.69	5.82	5.65	5.71	4912524	57829692.000
01/06/2014	5.68	5.89	5.58	5.68	7007709	82621648.000
01/07/2014	5.61	5.68	5.47	5.67	4880057	55865316.000
01/08/2014	5.71	5.88	5.65	5.79	7471294	88393376.000
01/09/2014	5.80	5.86	5.61	5.61	6734934	79188152.000
01/10/2014	5.57	5.60	5.34	5.38	6193004	69386288.000
01/13/2014	5.75	5.93	5.64	5.93	10938797	132179768.000
01/14/2014	6.30	6.30	5.99	6.04	22153814	278288704.000
01/15/2014	6.08	6.66	6.08	6.66	16851804	223919712.000
01/16/2014	6.69	7.06	6.53	6.85	22721908	315065376.000
01/17/2014	6.71	6.94	6.63	6.88	12280186	170782144.000
01/20/2014	6.83	6.95	6.67	6.73	9316345	128973088.000
01/21/2014	6.69	6.84	6.51	6.77	11128708	151962096.000
01/22/2014	6.71	6.84	6.68	6.78	9366632	129382840.000
01/23/2014	6.78	7.12	6.73	6.93	12839916	182922384.000
01/24/2014	6.86	7.05	6.86	6.96	8265082	117275336.000
01/27/2014	6.91	7.49	6.90	7.15	10626426	157343152.000
01/28/2014	7.18	7.27	6.92	7.19	6793658	97997456.000
01/29/2014	7.34	7.69	7.33	7.48	8921997	136534432.000
01/30/2014	7.41	7.63	7.38	7.58	5942150	91242144.000
02/07/2014	7.51	7.96	7.48	7.95	8498040	134579120.000
02/10/2014	7.95	8.09	7.79	7.93	8367484	135224640.000
02/11/2014	7.86	8.02	7.60	7.64	10159819	160902416.000
02/12/2014	7.64	7.78	7.52	7.77	7460727	116897904.000
02/13/2014	7.70	7.70	7.30	7.35	8172562	125445824.000
02/14/2014	7.36	7.57	7.36	7.56	6072594	92570824.000
02/17/2014	7.58	7.83	7.58	7.78	6292924	99250664.000
02/18/2014	7.80	7.80	7.63	7.67	4956613	77704744.000
02/19/2014	7.63	7.68	7.42	7.49	6018606	92275112.000
02/20/2014	7.49	7.53	7.30	7.35	5213112	78468920.000
02/21/2014	7.35	7.52	7.31	7.44	4253007	64399828.000
02/24/2014	7.40	7.50	7.34	7.50	3848456	58300680.000
02/25/2014	7.54	7.79	7.10	7.20	10637332	163605184.000
02/26/2014	7.10	7.23	6.85	7.16	5579433	80301360.000
02/27/2014	7.16	7.24	6.84	6.88	5344571	76844776.000
02/28/2014	6.88	7.00	6.70	6.96	3506998	49112488.000
03/03/2014	6.97	7.05	6.86	7.05	3431272	48980416.000
03/04/2014	6.99	7.04	6.85	6.94	3205401	45446132.000
03/05/2014	6.97	7.29	6.92	7.12	5538356	80401048.000
03/06/2014	7.07	7.24	7.03	7.21	4006836	58544080.000
03/07/2014	7.24	7.32	7.11	7.16	3825484	56417156.000
03/10/2014	7.08	7.08	6.79	6.85	3689910	52010512.000
03/11/2014	6.75	6.90	6.70	6.78	3600639	50009812.000
03/12/2014	6.74	6.88	6.62	6.79	2543297	35101484.000
03/13/2014	6.77	6.88	6.75	6.87	2225579	31088920.000
03/14/2014	6.82	6.95	6.80	6.95	2758191	38829996.000
03/17/2014	7.02	7.21	6.98	7.19	3778609	54890364.000
03/18/2014	7.19	7.28	7.12	7.14	3651696	53574960.000
03/19/2014	7.13	7.20	7.03	7.19	2930827	42682392.000
03/20/2014	7.20	7.24	6.92	6.92	3136820	45396872.000
03/21/2014	6.86	7.12	6.86	7.07	2699540	38536740.000
03/24/2014	7.05	7.13	6.95	7.00	2233765	32113586.000
03/25/2014	6.98	7.11	6.96	7.07	2116276	30408670.000
03/26/2014	7.10	7.18	7.05	7.15	3056143	44455240.000
03/27/2014	7.15	7.15	6.89	6.99	3228708	46128668.000
03/28/2014	6.95	7.00	6.60	6.60	4161906	57601576.000
03/31/2014	6.60	6.74	6.51	6.58	2259222	30607216.000
04/01/2014	6.59	6.73	6.59	6.70	1752041	23961488.000
04/02/2014	6.70	6.75	6.57	6.62	1896903	25672376.000
04/03/2014	6.60	6.74	6.58	6.72	2368515	32294098.000
04/04/2014	6.75	6.88	6.70	6.86	3307425	45968052.000
04/08/2014	6.80	6.98	6.76	6.95	3420058	48208704.000
04/09/2014	6.96	7.08	6.95	7.04	3133694	44773548.000
04/10/2014	6.95	7.14	6.90	6.98	4346484	62234232.000
04/11/2014	6.93	7.00	6.82	6.94	3223724	45441908.000
04/14/2014	6.95	7.14	6.94	7.11	4402319	63581384.000
04/15/2014	7.13	7.13	6.95	6.98	3483297	49894020.000
04/16/2014	6.94	7.03	6.94	7.00	2185326	31182734.000
04/17/2014	7.01	7.10	6.96	7.04	1959541	28133704.000
04/18/2014	7.02	7.10	6.96	7.08	2937677	42316392.000
04/21/2014	7.03	7.18	7.01	7.08	4586983	66630732.000
04/22/2014	7.09	7.27	6.99	7.16	5340369	77871984.000
04/23/2014	7.12	7.20	6.96	7.04	4333168	62579256.000
04/24/2014	7.05	7.14	6.92	6.99	3583861	51413992.000
04/25/2014	7.00	7.06	6.83	6.89	4253550	60392396.000
04/28/2014	6.87	6.87	6.46	6.56	3735452	50310284.000
04/29/2014	6.52	6.65	6.52	6.58	2277724	30610322.000
04/30/2014	6.60	6.65	6.57	6.60	1582411	21373076.000
05/05/2014	6.60	6.69	6.45	6.63	2140192	28700562.000
05/06/2014	6.61	7.04	6.58	6.85	5584467	77686784.000
05/07/2014	6.84	6.99	6.76	6.83	4398710	61880556.000
05/08/2014	6.81	7.02	6.81	6.84	4551160	64452224.000
05/09/2014	6.85	6.93	6.66	6.77	2736850	38017420.000
05/12/2014	6.84	6.95	6.75	6.89	2862774	40190216.000
05/13/2014	6.98	7.04	6.89	6.93	3468157	49241736.000
05/14/2014	6.93	7.02	6.90	6.93	3538410	50239460.000
05/15/2014	6.93	7.01	6.91	6.94	3492299	49675076.000
05/16/2014	6.96	6.98	6.60	6.74	4071238	56011340.000
05/19/2014	6.63	6.72	6.31	6.47	5873812	38197616.000
05/20/2014	6.46	6.56	6.23	6.27	5531598	35350820.000
05/21/2014	6.26	6.43	6.15	6.38	3541033	22258306.000
05/22/2014	6.38	6.65	6.30	6.55	7537369	48872044.000
05/23/2014	6.60	6.73	6.52	6.68	7254593	48179120.000
05/26/2014	6.75	6.81	6.61	6.75	7454012	50045700.000
05/27/2014	6.71	6.73	6.56	6.65	6472542	42912024.000
05/28/2014	6.68	6.77	6.60	6.66	7469681	49824016.000
05/29/2014	6.64	6.69	6.43	6.44	6161024	40423920.000
05/30/2014	6.46	6.48	6.28	6.46	5116934	32692220.000
06/03/2014	6.38	6.54	6.38	6.47	3433876	22255254.000
06/04/2014	6.47	6.49	6.32	6.34	3978659	25393296.000
06/05/2014	6.38	6.60	6.30	6.57	5844994	37699484.000
06/06/2014	6.57	6.71	6.48	6.57	6532574	43021900.000
06/09/2014	6.53	6.64	6.43	6.51	5178511	33812844.000
06/10/2014	6.51	6.52	6.38	6.44	5850180	37603364.000
06/11/2014	6.44	6.53	6.34	6.40	4978363	31905006.000
06/12/2014	6.40	6.41	6.27	6.27	5966634	37647456.000
06/13/2014	6.27	6.37	6.24	6.34	4155702	26261942.000
06/16/2014	6.37	6.39	6.32	6.37	3199716	20332736.000
06/17/2014	6.35	6.36	6.21	6.22	4018226	25186270.000
06/18/2014	6.24	6.25	6.05	6.07	5199038	31893244.000
06/19/2014	6.07	6.09	5.76	5.80	4332602	25749058.000
06/20/2014	5.80	5.90	5.80	5.88	2462775	14403923.000
06/23/2014	5.88	6.05	5.85	5.98	2972571	17797516.000
06/24/2014	6.00	6.00	5.93	5.97	2273553	13550852.000
06/25/2014	5.95	5.99	5.85	5.86	2595006	15276429.000
06/26/2014	5.88	6.02	5.88	6.00	3970090	23730210.000
06/27/2014	6.02	6.08	5.95	6.07	4154666	25099408.000
06/30/2014	6.08	6.19	6.07	6.16	3844860	23618248.000
07/01/2014	6.18	6.22	6.15	6.20	4654475	28776564.000
07/02/2014	6.20	6.21	6.08	6.16	4406532	27066030.000
07/03/2014	6.17	6.21	6.13	6.20	4393702	27154594.000
07/04/2014	6.19	6.20	6.14	6.19	3189915	19673578.000
07/07/2014	6.19	6.20	6.12	6.19	4273426	26310350.000
07/08/2014	6.19	6.29	6.12	6.26	6844217	42418516.000
07/09/2014	6.24	6.31	6.15	6.15	6680689	41702784.000
07/10/2014	6.14	6.19	6.12	6.15	3713917	22855418.000
07/11/2014	6.17	6.27	6.13	6.26	4958128	30791258.000
07/14/2014	6.28	6.32	6.23	6.30	4339392	27241650.000
07/15/2014	6.23	6.24	6.06	6.11	10441916	64034488.000
07/16/2014	6.11	6.12	6.02	6.03	6559379	39684356.000
07/17/2014	6.01	6.06	6.00	6.04	2906464	17518960.000
07/18/2014	6.03	6.06	6.00	6.02	3641561	21956584.000
07/21/2014	6.00	6.01	5.89	5.90	3992772	23663204.000
07/22/2014	5.90	5.99	5.90	5.96	3943804	23443374.000
07/23/2014	5.96	5.99	5.91	5.91	4273881	25350770.000
07/24/2014	5.91	5.93	5.79	5.80	6001052	34975008.000
07/25/2014	5.82	5.89	5.81	5.88	3158109	18487660.000
07/28/2014	5.88	6.02	5.88	6.00	5892209	35177320.000
07/29/2014	6.03	6.08	6.01	6.06	5710567	34526884.000
07/30/2014	6.06	6.09	6.02	6.07	5196653	31478796.000
07/31/2014	6.08	6.13	6.05	6.13	6022532	36713036.000
08/01/2014	6.12	6.16	6.08	6.09	6199828	37945628.000
08/04/2014	6.11	6.20	6.09	6.18	7138358	43977008.000
08/05/2014	6.18	6.27	6.12	6.27	8700510	54057888.000
08/06/2014	6.25	6.27	6.21	6.24	5409501	33769068.000
08/07/2014	6.24	6.35	6.22	6.24	7881213	49462600.000
08/08/2014	6.25	6.30	6.24	6.30	4769256	29894498.000
08/11/2014	6.32	6.47	6.29	6.45	9465401	60602760.000
08/12/2014	6.46	6.50	6.41	6.47	6934795	44734284.000
08/13/2014	6.46	6.47	6.30	6.41	8479647	54173528.000
08/14/2014	6.41	6.85	6.37	6.77	23327994	155903632.000
08/15/2014	6.74	6.84	6.67	6.81	14239819	96516288.000
08/18/2014	6.85	6.88	6.73	6.83	10897184	74121896.000
08/19/2014	6.83	6.84	6.73	6.83	11169983	75786688.000
08/20/2014	6.81	6.96	6.77	6.86	11450855	78870488.000
08/21/2014	6.86	6.94	6.68	6.81	9785038	66548152.000
08/22/2014	6.80	6.85	6.73	6.82	6749834	45894092.000
08/25/2014	6.80	6.82	6.70	6.70	6691908	45138580.000
08/26/2014	6.69	6.71	6.40	6.45	10535495	69123680.000
08/27/2014	6.41	6.67	6.41	6.64	6986021	46025056.000
08/28/2014	6.63	6.65	6.48	6.55	4944613	32403682.000
08/29/2014	6.55	6.59	6.49	6.58	4480553	29299480.000
09/01/2014	6.61	6.74	6.58	6.73	6733240	45012676.000
09/02/2014	6.78	6.92	6.74	6.88	10360276	71042664.000
09/03/2014	6.89	6.96	6.81	6.90	9975578	68848920.000
09/04/2014	6.90	7.07	6.86	7.06	12824073	89607904.000
09/05/2014	7.08	7.09	6.94	7.05	9741994	68289016.000
09/09/2014	7.11	7.11	6.97	7.07	8405987	59140772.000
09/10/2014	7.46	7.78	7.46	7.78	9704027	74939800.000
09/11/2014	8.00	8.56	7.98	8.53	67745051	565793600.000
09/12/2014	8.20	8.55	8.15	8.41	34338143	286977344.000
09/15/2014	8.50	8.55	8.11	8.27	23284092	192172384.000
09/16/2014	8.20	8.22	7.79	7.81	23761429	190941920.000
09/17/2014	7.82	8.03	7.70	7.94	15969912	126012728.000
09/18/2014	7.90	8.01	7.83	7.92	9995325	79141832.000
09/19/2014	7.93	8.71	7.91	8.71	39001416	329668256.000
09/22/2014	8.95	8.95	8.48	8.66	36049883	315359712.000
09/23/2014	8.58	9.27	8.55	8.85	27953734	250588048.000
09/24/2014	8.80	9.69	8.75	9.52	32583505	304068768.000
09/25/2014	9.42	9.75	9.27	9.33	21511837	203060240.000
09/26/2014	9.33	9.43	9.15	9.38	12165971	113192224.000
09/29/2014	9.38	9.85	9.27	9.44	16907682	160844784.000
09/30/2014	9.46	9.50	9.12	9.29	12754953	118005880.000
10/08/2014	9.20	9.30	9.11	9.26	9740535	89797432.000
10/09/2014	9.23	9.49	9.21	9.46	13956582	130984640.000
10/10/2014	9.46	9.46	9.10	9.11	12744000	117514816.000
10/13/2014	9.10	9.10	8.71	8.93	12793000	113032344.000
10/14/2014	8.94	9.74	8.93	9.44	22276871	209511728.000
10/15/2014	9.33	9.56	9.31	9.47	12912181	121831568.000
10/16/2014	9.40	9.89	9.34	9.42	16008231	154690544.000
10/17/2014	9.39	9.48	8.95	9.12	10147873	92846576.000
10/20/2014	9.10	9.31	9.06	9.20	5758273	52953968.000
10/21/2014	9.19	9.68	9.11	9.40	13127345	124217440.000
10/22/2014	9.42	9.77	9.41	9.51	14932916	143394704.000
10/23/2014	9.43	9.47	8.90	9.10	15014412	136732624.000
10/24/2014	9.09	9.12	8.62	8.88	11375582	100351184.000
10/27/2014	8.80	9.08	8.67	9.07	6070557	54010876.000
10/28/2014	9.10	9.63	9.08	9.50	12581782	118437192.000
10/29/2014	9.53	9.62	9.40	9.55	13934337	132596104.000
10/30/2014	9.59	10.51	9.46	10.45	30905204	312129984.000
10/31/2014	10.40	10.40	9.98	10.22	17958620	182205888.000
数据来源:通达信
