300008 上海佳豪 日线
      日期	    开盘	    最高	    最低	    收盘	    成交量	    成交额
10/08/2010	10.89	11.04	10.45	11.00	1984494	56503352.000
10/11/2010	10.84	10.90	10.62	10.74	1856586	52526700.000
10/12/2010	10.73	11.13	10.51	11.05	2078209	59657576.000
10/13/2010	10.99	11.48	10.86	11.48	2257297	66106464.000
10/14/2010	11.56	12.06	11.33	11.36	2278249	69989080.000
10/15/2010	11.24	11.75	10.82	11.01	1868404	54683040.000
10/18/2010	10.93	10.93	10.40	10.51	1375592	38455520.000
10/19/2010	10.52	11.60	10.40	11.60	2837147	84714928.000
10/20/2010	11.40	12.18	11.25	11.42	3246296	100104816.000
10/21/2010	11.41	11.41	11.11	11.33	1426311	42095720.000
10/22/2010	11.40	11.95	11.33	11.58	1692479	52033076.000
10/25/2010	11.82	12.77	11.82	12.77	3374809	111314064.000
10/26/2010	12.85	12.96	12.19	12.62	2903431	95732080.000
10/27/2010	12.57	13.16	12.31	12.54	2215156	74183608.000
10/28/2010	12.46	12.58	11.94	12.25	1621356	51993344.000
10/29/2010	12.27	13.12	12.26	12.60	2887858	96765336.000
11/01/2010	13.01	13.89	13.01	13.89	2239926	79746304.000
11/02/2010	14.54	14.65	13.17	13.67	3852116	141011056.000
11/03/2010	13.24	13.40	12.74	12.78	2307505	78838640.000
11/04/2010	12.78	12.98	12.45	12.96	1654001	55218128.000
11/05/2010	13.13	13.15	12.74	12.97	1370976	46531968.000
11/08/2010	13.17	13.76	13.17	13.51	2004719	70687824.000
11/09/2010	13.56	13.68	13.15	13.35	1430409	49989516.000
11/10/2010	13.36	13.74	13.23	13.63	1989498	70790704.000
11/11/2010	13.76	13.91	13.34	13.34	1951076	69609728.000
11/12/2010	13.17	13.34	12.15	12.17	2213245	73367408.000
11/15/2010	12.19	12.78	12.10	12.74	1431816	46773860.000
11/16/2010	12.66	13.44	12.23	12.72	2498994	84954896.000
11/17/2010	12.58	12.85	12.19	12.20	1070966	35071704.000
11/18/2010	12.26	12.44	11.80	12.20	1173775	37249008.000
11/19/2010	12.27	12.78	12.11	12.76	1787655	58444328.000
11/22/2010	12.74	13.24	12.58	13.07	2249111	76414760.000
11/23/2010	13.07	13.51	12.79	13.47	3102857	106930592.000
11/24/2010	13.45	14.09	13.29	14.06	3425590	123156304.000
11/25/2010	14.14	14.20	13.47	13.83	3012765	108812784.000
11/26/2010	13.83	13.92	13.40	13.64	1716044	61302884.000
11/29/2010	14.19	14.64	13.87	14.00	4013084	148233728.000
11/30/2010	14.04	14.26	12.97	13.56	2515490	88886144.000
12/01/2010	13.55	13.56	13.29	13.31	1401987	49186716.000
12/02/2010	13.74	14.15	13.60	13.61	2536784	91936608.000
12/03/2010	13.44	13.66	13.30	13.44	1502136	52868464.000
12/06/2010	13.36	13.46	12.65	12.98	1418891	48171408.000
12/07/2010	12.93	13.25	12.71	13.17	819690	28162998.000
12/08/2010	13.10	13.27	12.86	12.89	860820	29447194.000
12/09/2010	12.88	13.06	12.67	12.91	652290	22051666.000
12/10/2010	12.78	13.37	12.78	13.32	1039843	35914768.000
12/13/2010	13.23	13.95	13.23	13.76	1710932	61378300.000
12/14/2010	13.82	13.87	13.56	13.64	1065212	38163112.000
12/15/2010	13.64	13.95	13.57	13.90	1515354	54804412.000
12/16/2010	13.87	13.98	13.68	13.74	1207134	43675744.000
12/17/2010	13.80	13.80	13.57	13.66	717451	25697996.000
12/20/2010	13.69	13.87	12.97	13.38	1530586	53847204.000
12/21/2010	13.28	13.70	13.23	13.55	1158843	40708772.000
12/22/2010	13.40	13.54	13.29	13.30	839827	29397826.000
12/23/2010	13.19	13.42	12.97	12.98	763045	26247616.000
12/24/2010	12.96	12.96	12.57	12.63	829141	27624900.000
12/27/2010	12.63	12.89	12.15	12.16	837782	27691924.000
12/28/2010	12.16	12.19	11.80	12.04	672733	21191238.000
12/29/2010	12.04	12.38	11.92	12.31	873045	27807224.000
12/30/2010	12.31	12.32	11.76	11.79	2115486	66685740.000
12/31/2010	11.78	12.06	11.45	11.94	1932439	59920860.000
01/04/2011	12.35	12.85	12.20	12.63	2321438	75992584.000
01/05/2011	12.61	12.96	12.35	12.82	2177325	72533136.000
01/06/2011	12.79	12.79	12.47	12.54	1417364	46788288.000
01/07/2011	12.54	12.99	12.51	12.71	1588633	53327212.000
01/10/2011	12.66	12.85	12.03	12.16	1703602	55861860.000
01/11/2011	12.00	12.42	11.81	12.25	670493	21331768.000
01/12/2011	12.34	12.52	12.09	12.37	690184	22306980.000
01/13/2011	12.38	12.46	12.20	12.27	579679	18765500.000
01/14/2011	12.25	12.25	11.80	11.86	731332	22886008.000
01/17/2011	11.85	12.09	11.09	11.09	1048829	31987114.000
01/18/2011	11.10	11.36	10.92	11.18	650359	19144152.000
01/19/2011	11.24	11.71	11.10	11.48	878736	26432532.000
01/20/2011	11.52	11.76	11.19	11.24	859790	25917896.000
01/21/2011	10.98	11.62	10.98	11.19	1093207	32688754.000
01/24/2011	11.24	11.82	11.24	11.44	1213535	36837432.000
01/25/2011	11.21	11.38	10.64	10.84	888491	25414132.000
01/26/2011	10.93	11.34	10.74	11.34	847862	24747554.000
01/27/2011	11.27	11.63	11.12	11.52	977256	29354014.000
01/28/2011	11.55	11.98	11.48	11.89	1506280	46555528.000
02/01/2011	12.31	12.98	12.23	12.71	3331463	110673864.000
02/09/2011	12.51	13.14	12.51	12.91	2425766	81967880.000
02/10/2011	12.89	13.29	12.71	13.23	2178704	74594392.000
02/11/2011	13.22	13.40	13.04	13.22	2315604	80209872.000
02/14/2011	13.17	13.54	13.05	13.36	2242256	78008160.000
02/15/2011	13.36	13.38	13.08	13.08	1624768	56406628.000
02/16/2011	13.02	13.71	12.98	13.55	2363023	83253376.000
02/17/2011	13.78	14.03	13.56	13.79	2382990	86006504.000
02/18/2011	13.76	13.99	13.40	13.68	1836429	66093140.000
02/21/2011	13.60	14.25	13.54	14.20	2277509	83496608.000
02/23/2011	13.76	15.01	13.76	14.89	3364500	127155112.000
02/24/2011	14.69	14.69	14.22	14.52	2682393	101588256.000
02/25/2011	14.58	14.66	14.19	14.48	1608988	60695348.000
02/28/2011	14.46	14.56	14.30	14.43	1422461	53730852.000
03/01/2011	14.44	14.53	13.84	13.89	2154154	79627864.000
03/02/2011	13.72	13.90	13.49	13.84	1189024	42608920.000
03/03/2011	13.84	14.03	13.60	13.76	949641	34230764.000
03/04/2011	13.86	13.88	13.29	13.72	1332168	47406268.000
03/07/2011	13.76	14.08	13.56	13.82	2282574	48289156.000
03/08/2011	14.09	14.98	13.88	14.42	7120122	157342544.000
03/09/2011	14.52	15.89	14.48	15.89	9992945	231728304.000
03/10/2011	15.79	15.86	15.28	15.55	7040189	166225056.000
03/11/2011	15.37	15.54	15.08	15.09	5042615	117157576.000
03/14/2011	14.86	15.02	14.51	14.66	3694242	82675680.000
03/15/2011	14.66	15.14	14.51	15.14	4204664	95091472.000
03/16/2011	15.06	15.06	14.68	14.84	2590064	58555580.000
03/18/2011	14.85	14.94	14.54	14.63	2034790	45440056.000
03/21/2011	14.50	14.76	14.10	14.23	2235389	48629648.000
03/22/2011	14.30	14.41	13.83	14.32	1552174	33298808.000
03/23/2011	14.29	14.52	14.08	14.49	2100376	45966704.000
03/24/2011	14.54	14.55	14.20	14.22	1501238	32774010.000
03/25/2011	14.13	14.26	13.97	14.23	1533862	33012594.000
03/28/2011	14.30	14.36	13.97	14.02	1707910	36734628.000
03/29/2011	14.04	14.04	13.46	13.49	2531586	52811800.000
03/30/2011	13.48	13.62	13.09	13.52	1759057	35943696.000
03/31/2011	13.59	13.87	13.55	13.73	1777393	37252236.000
04/01/2011	13.88	13.88	13.56	13.66	955189	19913118.000
04/06/2011	13.66	13.66	13.18	13.28	1622743	33023978.000
04/07/2011	13.33	13.57	13.29	13.57	1194569	24504474.000
04/08/2011	13.66	13.79	13.53	13.78	1455282	30332092.000
04/11/2011	13.78	13.88	13.58	13.58	1330444	27698966.000
04/12/2011	13.58	13.88	13.56	13.81	1656963	34787904.000
04/13/2011	13.78	14.23	13.63	14.20	2253577	48436024.000
04/14/2011	14.16	14.18	13.79	13.90	2049978	43627212.000
04/15/2011	13.83	13.95	13.55	13.59	1254112	26164186.000
04/18/2011	13.56	13.72	13.45	13.54	1133400	23598868.000
04/19/2011	13.49	13.80	13.28	13.62	1349745	27787348.000
04/20/2011	13.62	14.07	13.48	13.94	1275107	26890024.000
04/21/2011	13.95	14.36	13.66	14.29	2569719	55491952.000
04/22/2011	14.29	14.36	13.94	14.19	1245128	26850626.000
04/25/2011	14.16	14.16	13.43	13.43	1273526	26610484.000
04/26/2011	13.36	13.75	13.33	13.42	765402	15735973.000
04/27/2011	13.49	13.68	13.34	13.46	1060016	21826020.000
04/28/2011	13.53	13.55	12.09	12.12	3540898	67615928.000
04/29/2011	12.10	12.40	12.10	12.22	973845	18252678.000
05/03/2011	12.33	12.49	12.22	12.44	804883	15196132.000
05/04/2011	12.44	12.48	12.12	12.12	709600	13263691.000
05/05/2011	12.12	12.30	12.03	12.16	639206	11921810.000
05/06/2011	12.08	12.26	12.04	12.21	588870	10965383.000
05/09/2011	12.26	12.49	12.26	12.31	602345	11413004.000
05/10/2011	12.32	12.44	12.28	12.38	598452	11313180.000
05/11/2011	12.41	12.49	12.19	12.30	600699	11316080.000
05/12/2011	12.26	12.26	11.94	11.96	906268	16738123.000
05/13/2011	11.96	12.14	11.89	12.12	484678	8920819.000
05/16/2011	12.12	12.21	11.96	12.06	559908	10339642.000
05/17/2011	12.10	12.14	11.88	11.94	560554	10276963.000
05/18/2011	11.92	11.99	11.89	11.93	430425	7862731.500
05/19/2011	12.06	12.06	11.87	11.93	383540	7023848.500
05/20/2011	11.93	11.93	11.68	11.70	628606	11313360.000
05/23/2011	11.69	11.76	10.94	11.03	1193485	20457680.000
05/24/2011	11.05	11.61	10.64	11.51	1182265	20285510.000
05/25/2011	11.36	11.47	10.94	10.96	679131	11586888.000
05/26/2011	11.05	11.16	10.82	10.83	388950	6550565.000
05/27/2011	10.81	10.86	10.52	10.72	526964	8629823.000
05/30/2011	10.72	11.08	10.44	11.00	935995	15622295.000
05/31/2011	11.00	11.77	10.88	11.44	1051606	18097848.000
06/01/2011	11.46	11.54	11.26	11.41	679436	11868641.000
06/02/2011	11.34	11.34	10.94	11.14	634504	10849103.000
06/03/2011	11.16	11.57	11.16	11.36	559948	9809007.000
06/07/2011	11.28	11.35	11.11	11.29	300763	5178383.500
06/08/2011	11.29	11.86	11.10	11.56	781763	13828384.000
06/09/2011	11.47	11.70	11.36	11.44	885502	15672782.000
06/10/2011	11.22	11.74	11.22	11.53	1010412	17846278.000
06/13/2011	11.49	12.02	11.49	11.88	1660589	29978546.000
06/14/2011	11.81	11.96	11.70	11.86	1017253	18412196.000
06/15/2011	11.76	11.92	11.52	11.62	746878	13355939.000
06/16/2011	11.48	11.49	11.04	11.18	698160	12072352.000
06/17/2011	11.16	11.16	10.94	10.96	411486	6968054.500
06/20/2011	10.88	11.22	10.69	11.16	494958	8304618.000
06/21/2011	11.16	11.29	11.02	11.19	211382	3610613.250
06/22/2011	11.20	11.29	10.98	11.22	459258	7861494.000
06/23/2011	11.22	11.54	11.03	11.41	690271	12063996.000
06/24/2011	11.43	11.89	11.37	11.72	1493617	26843838.000
06/27/2011	11.80	12.54	11.76	12.33	2677140	50021096.000
06/28/2011	12.28	12.28	12.02	12.14	1337523	24798738.000
06/29/2011	12.22	12.23	11.91	11.91	737373	13582445.000
06/30/2011	11.91	12.11	11.82	11.90	807669	14794032.000
07/01/2011	11.96	12.08	11.84	11.98	649594	11898876.000
07/04/2011	12.02	12.27	12.02	12.24	938612	17461184.000
07/05/2011	12.22	12.81	12.22	12.48	1948397	37448652.000
07/06/2011	12.36	12.61	12.26	12.53	1089487	20676628.000
07/07/2011	12.42	12.86	12.36	12.57	1530285	29607756.000
07/08/2011	12.56	12.98	12.36	12.82	1648860	32074906.000
07/11/2011	12.76	12.85	12.61	12.69	1171930	22799496.000
07/12/2011	12.53	12.53	12.07	12.10	1937545	36563232.000
07/13/2011	12.10	12.44	12.09	12.44	1091818	20557502.000
07/14/2011	12.42	12.60	12.13	12.58	1466400	27711144.000
07/15/2011	12.42	12.88	12.42	12.68	1919115	37315436.000
07/18/2011	12.69	12.81	12.37	12.44	1315212	25357800.000
07/19/2011	12.45	12.45	12.10	12.25	812059	15190031.000
07/20/2011	12.34	12.40	12.08	12.18	878497	16367139.000
07/21/2011	12.10	12.20	11.92	11.98	647353	11939221.000
07/22/2011	11.98	12.28	11.98	12.12	464508	8619792.000
07/25/2011	12.06	12.23	11.37	11.49	982292	17758090.000
07/26/2011	11.49	11.63	11.40	11.53	444505	7829517.000
07/27/2011	11.56	11.95	11.44	11.88	805711	14527634.000
07/28/2011	11.88	12.09	11.64	12.09	767082	13923689.000
07/29/2011	12.09	12.16	11.78	11.80	655799	11953180.000
08/01/2011	11.82	12.22	11.80	12.09	781032	14458232.000
08/02/2011	12.06	12.16	11.70	12.15	907189	16622914.000
08/03/2011	12.08	12.53	11.96	12.44	1515772	28742068.000
08/04/2011	12.44	12.56	12.24	12.40	932541	17666628.000
08/05/2011	12.05	12.59	11.82	12.38	1873018	35353672.000
08/08/2011	12.02	12.52	11.76	12.10	1782004	33035914.000
08/09/2011	11.52	12.10	11.37	11.96	1150165	20773150.000
08/10/2011	12.15	12.49	12.02	12.36	1856435	34859888.000
08/11/2011	12.09	13.41	12.08	13.27	4885795	96814976.000
08/12/2011	13.26	13.40	13.02	13.08	2602986	52429064.000
08/15/2011	13.09	13.29	12.96	13.21	1714305	34383604.000
08/16/2011	13.16	13.28	12.90	12.96	1630053	32608742.000
08/17/2011	12.84	13.21	12.76	13.00	1312650	26041698.000
08/18/2011	12.99	12.99	12.75	12.82	837017	16431546.000
08/19/2011	12.53	12.79	12.43	12.50	1122548	21551432.000
08/22/2011	12.52	12.89	12.50	12.59	1310425	25300802.000
08/23/2011	12.61	13.06	12.61	13.02	1624217	31873034.000
08/24/2011	13.13	13.33	12.76	12.80	1933534	38703288.000
08/25/2011	12.78	12.90	12.43	12.82	1998857	38705876.000
08/26/2011	12.79	13.07	12.70	13.01	1412615	27956706.000
08/29/2011	13.01	13.26	12.89	12.96	1598122	31878248.000
08/30/2011	13.01	13.14	12.52	12.53	1238949	24200018.000
08/31/2011	12.52	12.63	12.09	12.18	1054396	19805520.000
09/01/2011	12.20	12.36	12.10	12.22	546905	10228324.000
09/02/2011	12.22	12.30	11.89	11.95	565704	10390885.000
09/05/2011	11.88	11.88	11.46	11.48	827005	14716426.000
09/06/2011	11.32	11.52	11.32	11.42	465605	8148515.500
09/07/2011	11.49	11.76	11.44	11.69	576857	10260476.000
09/08/2011	11.84	11.84	11.49	11.52	427618	7619745.000
09/09/2011	11.42	11.66	11.35	11.45	571018	10038246.000
09/13/2011	11.33	11.33	11.02	11.09	646854	11032552.000
09/14/2011	11.11	11.30	11.02	11.30	351784	6017319.000
09/15/2011	11.32	11.45	11.22	11.26	376483	6545524.500
09/16/2011	11.39	11.39	11.16	11.17	304921	5255256.000
09/19/2011	11.04	11.26	11.04	11.16	275322	4696116.000
09/20/2011	11.08	11.33	11.04	11.26	222762	3824882.000
09/21/2011	11.29	11.65	11.14	11.55	679893	11957802.000
09/22/2011	11.43	11.53	11.16	11.16	675675	11753937.000
09/23/2011	11.02	11.20	10.92	11.10	452123	7643819.500
09/26/2011	11.16	11.22	10.84	10.95	280496	4749969.000
09/27/2011	11.08	11.15	10.86	11.00	236014	3974017.250
09/28/2011	11.15	11.15	10.86	10.90	213692	3603494.000
09/29/2011	10.82	10.88	10.50	10.59	345091	5641728.000
09/30/2011	10.59	10.71	10.54	10.66	219633	3581147.500
10/10/2011	10.80	10.98	10.60	10.66	130567	2145480.250
10/11/2011	10.96	11.06	10.56	10.62	292031	4820358.500
10/12/2011	10.62	11.06	10.49	10.99	434222	7271287.000
10/13/2011	10.99	11.29	10.99	11.12	888276	15166706.000
10/14/2011	11.12	11.13	10.94	11.08	537185	9065914.000
10/17/2011	11.13	11.26	11.02	11.09	484482	8295001.000
10/18/2011	11.09	11.55	10.82	11.10	1503569	25985158.000
10/19/2011	11.02	11.32	10.97	11.21	723440	12377496.000
10/20/2011	10.99	11.08	10.59	10.59	762004	12534847.000
10/21/2011	10.59	10.74	10.36	10.40	324563	5224511.500
10/24/2011	10.56	10.81	10.10	10.78	635223	10284575.000
10/25/2011	10.76	11.08	10.69	11.02	1072826	17956986.000
10/26/2011	10.95	11.17	10.88	11.10	1111852	18869124.000
10/27/2011	11.12	11.29	11.00	11.04	741311	12646170.000
10/28/2011	11.28	11.30	11.02	11.28	759560	13027332.000
10/31/2011	11.22	11.42	11.21	11.40	777443	13479600.000
11/01/2011	11.39	11.44	11.11	11.32	777981	13443615.000
11/02/2011	11.09	11.57	11.00	11.57	1333488	23173420.000
11/03/2011	11.67	11.84	11.46	11.50	1727344	30979420.000
11/04/2011	11.57	11.79	11.33	11.70	1709825	30388422.000
11/07/2011	11.62	11.69	11.39	11.50	1041843	18397086.000
11/08/2011	11.52	11.54	11.17	11.18	830031	14410128.000
11/09/2011	11.34	11.53	11.26	11.53	999327	17401680.000
11/10/2011	11.48	11.92	11.42	11.64	2782790	50008212.000
11/11/2011	11.75	11.82	11.50	11.58	1327369	23747910.000
11/14/2011	11.66	11.86	11.66	11.78	1690315	30444532.000
11/15/2011	11.78	11.86	11.66	11.76	1040922	18735584.000
11/16/2011	11.82	11.82	11.31	11.36	1305379	22961902.000
11/17/2011	11.49	11.59	11.29	11.36	996374	17417366.000
11/18/2011	11.35	11.35	10.82	10.86	1527263	25772608.000
11/21/2011	10.89	10.96	10.54	10.71	697438	11442866.000
11/22/2011	10.60	10.74	10.42	10.70	860982	13982458.000
11/23/2011	10.78	10.78	10.52	10.52	1448328	23494140.000
11/24/2011	10.42	10.52	10.22	10.40	1467421	23318860.000
11/25/2011	10.40	10.52	10.19	10.29	929416	14770838.000
11/28/2011	10.28	10.36	10.02	10.14	1362106	21278764.000
11/29/2011	10.22	10.66	10.12	10.50	2267649	36091968.000
11/30/2011	10.48	10.48	9.64	9.69	2154931	33118562.000
12/01/2011	10.09	10.12	9.72	9.76	2315411	35435432.000
12/02/2011	9.75	9.75	9.26	9.36	1698375	24800578.000
12/05/2011	9.29	9.35	8.62	8.66	1846334	25300948.000
12/06/2011	8.66	8.82	8.62	8.76	1451739	19508738.000
12/07/2011	8.78	9.00	8.66	8.88	1731170	23589052.000
12/08/2011	8.79	8.92	8.56	8.80	1899049	25667192.000
12/09/2011	8.74	8.84	8.62	8.76	914554	12342290.000
12/12/2011	8.82	8.94	8.76	8.80	1254781	17136180.000
12/13/2011	8.72	8.81	8.28	8.43	1669440	21743278.000
12/14/2011	8.39	8.48	8.20	8.30	917809	11832445.000
12/15/2011	8.24	8.32	8.08	8.10	924973	11669069.000
12/16/2011	8.02	8.40	8.02	8.40	878068	11173813.000
12/19/2011	8.36	8.58	8.24	8.56	1227432	15908889.000
12/20/2011	8.59	8.71	8.37	8.39	1154660	15224492.000
12/21/2011	8.61	8.61	8.15	8.15	1048181	13620026.000
12/22/2011	8.08	8.32	7.83	8.22	784741	9737223.000
12/23/2011	8.16	8.48	8.10	8.34	844822	10869922.000
12/26/2011	8.35	8.43	8.28	8.30	460657	5937524.500
12/27/2011	8.30	8.30	7.82	8.22	785769	9764406.000
12/28/2011	8.02	8.09	7.77	8.00	616701	7552490.500
12/29/2011	7.95	8.18	7.88	8.00	436383	5429392.000
12/30/2011	7.96	8.17	7.96	8.09	733273	9156151.000
01/04/2012	8.21	8.28	7.79	7.80	818566	10171759.000
01/05/2012	7.76	7.76	7.22	7.22	1143740	13251770.000
01/06/2012	7.20	7.21	6.86	7.16	1303886	14210068.000
01/09/2012	7.06	7.44	6.98	7.42	1908917	21523000.000
01/10/2012	7.40	7.86	7.36	7.82	1525635	18074604.000
01/11/2012	7.73	7.90	7.71	7.78	1280803	15440278.000
01/12/2012	7.64	8.14	7.64	7.76	1624663	19830236.000
01/13/2012	7.76	7.88	7.31	7.31	1363068	15826514.000
01/16/2012	7.18	7.28	7.00	7.00	871423	9610193.000
01/17/2012	7.00	7.46	6.93	7.46	1126310	12663509.000
01/18/2012	7.47	7.60	7.09	7.14	1075392	12237817.000
01/19/2012	7.17	7.49	7.10	7.42	1138002	12914577.000
01/20/2012	7.46	7.60	7.37	7.56	1080212	12600519.000
01/30/2012	7.59	7.67	7.52	7.53	986725	11602621.000
01/31/2012	7.52	7.54	7.29	7.49	928851	10658727.000
02/01/2012	7.52	7.61	7.42	7.45	1076774	12538982.000
02/02/2012	7.51	7.65	7.42	7.64	1116777	12993642.000
02/03/2012	7.64	7.96	7.63	7.87	1829261	22191642.000
02/06/2012	7.89	7.90	7.79	7.86	1386271	16817612.000
02/07/2012	7.85	7.86	7.59	7.62	1139399	13527433.000
02/08/2012	7.59	7.92	7.58	7.88	1834374	22032862.000
02/09/2012	7.84	8.06	7.80	7.98	2158570	26502616.000
02/10/2012	7.96	8.02	7.88	7.93	1323863	16260076.000
02/13/2012	7.91	8.08	7.81	8.05	1595240	19713726.000
02/14/2012	8.05	8.11	7.95	7.97	1093699	13527140.000
02/15/2012	7.97	8.17	7.94	8.15	1945589	24249236.000
02/16/2012	8.14	8.19	7.97	8.07	1616953	20209410.000
02/17/2012	8.12	8.18	7.94	8.01	1220088	15157620.000
02/20/2012	8.12	8.16	8.00	8.01	1808458	22591748.000
02/21/2012	8.00	8.12	7.89	8.12	1512502	18686488.000
02/22/2012	8.12	8.40	8.10	8.35	3036047	38907348.000
02/23/2012	8.36	8.55	8.26	8.50	2882194	37490636.000
02/24/2012	8.46	8.61	8.44	8.59	2576804	33901872.000
02/27/2012	8.61	8.71	8.49	8.49	2541348	33670276.000
02/28/2012	8.44	8.52	8.20	8.29	2426082	31199738.000
02/29/2012	8.30	8.36	8.19	8.20	1346984	17190296.000
03/01/2012	8.14	8.30	8.14	8.23	1641229	20870852.000
03/02/2012	8.26	8.42	8.22	8.42	1716820	22105480.000
03/05/2012	8.42	8.72	8.41	8.46	2619461	34634844.000
03/06/2012	8.44	8.44	8.20	8.28	1677532	21475206.000
03/07/2012	8.22	8.71	8.17	8.56	4037728	53017568.000
03/08/2012	8.56	8.70	8.49	8.64	2776873	36867528.000
03/09/2012	8.67	9.06	8.58	8.92	4283600	58351376.000
03/12/2012	8.88	9.31	8.88	9.24	3944374	54777580.000
03/13/2012	9.22	9.34	9.10	9.16	3624784	51239980.000
03/14/2012	9.20	9.46	8.76	8.93	7045272	99267216.000
03/15/2012	9.03	9.03	8.60	8.89	4956055	67601296.000
03/16/2012	8.96	9.07	8.76	9.06	5062481	69441168.000
03/19/2012	9.22	9.29	9.06	9.09	5570732	78612360.000
03/20/2012	9.02	9.02	8.58	8.58	5078546	68393816.000
03/21/2012	8.69	8.69	8.29	8.42	3437111	44727116.000
03/22/2012	8.48	8.56	8.36	8.45	1968745	25733270.000
03/23/2012	8.46	8.46	8.20	8.25	1584172	20297888.000
03/26/2012	8.20	8.32	8.18	8.26	892579	11375635.000
03/27/2012	8.32	8.40	8.24	8.26	962749	12373215.000
03/28/2012	8.26	8.26	7.78	7.80	1478408	18251698.000
03/29/2012	7.70	7.80	7.51	7.60	1144863	13580656.000
03/30/2012	7.58	7.68	7.49	7.58	891672	10472850.000
04/05/2012	7.61	7.87	7.50	7.84	1368689	16358334.000
04/06/2012	7.78	7.89	7.69	7.76	1111970	13419450.000
04/10/2012	7.66	7.79	7.44	7.79	1311905	15426658.000
04/11/2012	7.71	7.86	7.66	7.85	1083982	13046550.000
04/12/2012	7.86	8.04	7.80	8.02	1587301	19504662.000
04/13/2012	8.00	8.20	7.96	8.11	1481853	18543482.000
04/16/2012	8.04	8.16	7.96	8.14	1115666	13874856.000
04/17/2012	8.12	8.16	8.02	8.02	1252840	15697145.000
04/18/2012	8.10	8.41	8.10	8.39	2058861	26415428.000
04/19/2012	8.41	8.56	8.37	8.42	1953628	25522716.000
04/20/2012	8.42	8.50	8.31	8.48	1766118	23020190.000
04/23/2012	8.46	8.49	8.09	8.23	3463522	28986324.000
04/24/2012	8.37	8.47	7.81	8.05	3327321	27422828.000
04/25/2012	7.92	8.07	7.67	8.05	2069604	16676317.000
04/26/2012	8.04	8.12	7.87	7.96	1725404	14005256.000
04/27/2012	7.95	7.96	7.82	7.91	1939248	15548187.000
05/02/2012	7.97	8.13	7.88	8.04	2338219	19018042.000
05/03/2012	8.03	8.11	7.93	8.04	1593027	12973610.000
05/04/2012	8.08	8.28	8.02	8.27	3305870	27350296.000
05/07/2012	8.29	8.37	8.19	8.35	2643237	22220550.000
05/08/2012	8.35	8.42	8.19	8.35	3206611	27112550.000
05/09/2012	8.35	9.14	8.29	8.71	11276985	100028728.000
05/10/2012	8.78	8.93	8.51	8.55	6153273	53958956.000
05/11/2012	8.44	8.47	8.23	8.23	4531255	38383832.000
05/14/2012	8.32	8.35	8.11	8.13	2577844	21532922.000
05/15/2012	8.07	8.09	7.91	8.07	2084326	16929570.000
05/16/2012	8.08	8.08	7.96	7.96	1435570	11669126.000
05/17/2012	7.98	8.12	7.92	8.07	1706738	13940869.000
05/18/2012	8.05	8.07	7.90	7.92	1669356	13541979.000
05/21/2012	7.89	7.98	7.82	7.89	1345557	10811208.000
05/22/2012	7.93	8.03	7.93	8.01	1315689	10677858.000
05/23/2012	7.97	8.03	7.79	7.90	1614776	13001652.000
05/24/2012	7.91	8.11	7.85	7.95	2109352	17134004.000
05/25/2012	7.99	7.99	7.82	7.82	1599533	12821142.000
05/28/2012	7.82	7.84	7.62	7.83	1791455	14094482.000
05/29/2012	7.83	8.03	7.78	8.01	2216275	17892664.000
05/30/2012	7.98	8.03	7.92	7.98	1646084	13337124.000
05/31/2012	7.97	8.03	7.87	7.96	1601659	12943443.000
06/01/2012	7.99	8.01	7.94	7.98	1235983	10020123.000
06/04/2012	7.84	7.84	7.62	7.69	2493244	19564298.000
06/05/2012	7.64	7.75	7.64	7.73	1565223	12235646.000
06/06/2012	7.75	7.95	7.75	7.82	2436303	19489718.000
06/07/2012	7.90	7.99	7.84	7.87	2699201	21747440.000
06/08/2012	7.92	7.94	7.78	7.82	1368337	10965416.000
06/11/2012	7.83	7.95	7.79	7.92	1814211	14541833.000
06/12/2012	7.87	7.92	7.80	7.82	1035340	8268636.500
06/13/2012	7.82	7.96	7.82	7.94	2541707	20419914.000
06/14/2012	7.89	7.96	7.87	7.88	1930078	15529218.000
06/15/2012	7.92	7.96	7.83	7.91	1564502	12550869.000
06/18/2012	7.90	8.04	7.90	7.99	2200849	17873196.000
06/19/2012	8.01	8.11	7.96	8.00	2353221	19230724.000
06/20/2012	8.03	8.17	8.00	8.17	3881062	32009588.000
06/21/2012	8.22	8.26	8.01	8.01	2944521	24210518.000
06/25/2012	8.00	8.00	7.71	7.71	2082742	16603392.000
06/26/2012	7.66	7.93	7.57	7.89	2010234	15736498.000
06/27/2012	7.82	8.32	7.82	8.10	6491948	53487244.000
06/28/2012	8.07	8.12	7.85	7.85	3645148	29555304.000
06/29/2012	7.80	7.90	7.58	7.86	2149119	16914410.000
07/02/2012	7.95	7.97	7.76	7.88	2023897	16191373.000
07/03/2012	8.07	8.68	8.07	8.68	8812562	76776856.000
07/04/2012	8.87	9.02	8.47	8.64	17658227	156510656.000
07/05/2012	8.50	9.25	8.49	8.74	14789031	133427200.000
07/06/2012	8.75	8.95	8.50	8.86	8605071	76073040.000
07/09/2012	8.85	9.12	8.50	8.52	8410152	75474288.000
07/10/2012	8.27	8.43	7.97	8.00	7151431	59383520.000
07/11/2012	8.00	8.14	7.83	8.06	3626692	29519456.000
07/12/2012	8.03	8.24	7.84	8.17	4696220	38365248.000
07/13/2012	8.11	8.16	7.87	7.88	4062386	33084768.000
07/16/2012	7.90	7.92	7.12	7.22	6613477	49972072.000
07/17/2012	7.08	7.30	7.07	7.28	2497646	18279920.000
07/18/2012	7.23	7.46	7.18	7.42	3200085	23962992.000
07/19/2012	7.37	7.57	7.26	7.43	3477765	26356690.000
07/20/2012	7.38	7.62	7.38	7.42	2558620	19519070.000
07/23/2012	7.33	7.33	7.12	7.18	3275027	23908840.000
07/24/2012	7.09	7.31	7.09	7.28	2056494	15118755.000
07/25/2012	7.22	7.74	7.13	7.55	5756340	43511708.000
07/26/2012	7.45	7.49	7.21	7.25	3134420	23523918.000
07/27/2012	7.30	7.38	7.19	7.28	1780177	13192096.000
07/30/2012	7.29	7.60	7.25	7.31	2815995	21207028.000
07/31/2012	7.24	7.29	6.97	7.02	2311375	16723584.000
08/01/2012	7.02	7.21	7.02	7.16	1474927	10724878.000
08/02/2012	7.16	7.19	6.99	7.06	1326370	9568265.000
08/03/2012	7.12	7.28	7.05	7.25	1905600	13917225.000
08/06/2012	7.17	7.49	7.09	7.41	2633763	19662638.000
08/07/2012	7.38	7.53	7.37	7.48	2760485	20953902.000
08/08/2012	7.48	7.48	7.30	7.39	2104161	15812470.000
08/09/2012	7.41	7.62	7.37	7.50	2687136	20488422.000
08/10/2012	7.43	7.50	7.39	7.44	1879443	14214706.000
08/13/2012	7.45	7.45	7.19	7.21	1705169	12724674.000
08/14/2012	7.15	7.30	7.03	7.30	2110160	15347488.000
08/15/2012	7.22	7.50	7.19	7.23	2592037	19385464.000
08/16/2012	7.18	7.55	7.15	7.31	3633309	27340188.000
08/17/2012	7.25	7.30	7.15	7.25	1865906	13701408.000
08/20/2012	7.17	7.31	7.11	7.24	1368506	10031980.000
08/21/2012	7.26	7.46	7.22	7.42	2873246	21577700.000
08/22/2012	7.43	7.51	7.36	7.41	2638369	19949582.000
08/23/2012	7.40	7.54	7.34	7.52	2976812	22606840.000
08/24/2012	7.44	7.52	7.31	7.33	1995709	15023296.000
08/27/2012	7.33	7.33	7.08	7.10	1839158	13429714.000
08/28/2012	7.07	7.21	7.05	7.13	1539710	11170064.000
08/29/2012	7.12	7.26	7.07	7.12	1801706	13135987.000
08/30/2012	7.13	7.16	6.67	6.74	2944835	20662326.000
08/31/2012	6.74	6.80	6.60	6.74	1540765	10534914.000
09/03/2012	6.68	6.88	6.68	6.83	1399372	9707015.000
09/04/2012	6.84	6.92	6.77	6.80	1632983	11409191.000
09/05/2012	6.76	6.92	6.73	6.88	1301289	9080168.000
09/06/2012	6.92	7.11	6.91	7.07	2506510	17937982.000
09/07/2012	7.09	7.41	7.06	7.26	3660105	26947130.000
09/10/2012	7.26	7.37	7.22	7.30	2767266	20568630.000
09/11/2012	7.53	7.97	7.45	7.56	7364457	57079952.000
09/12/2012	7.44	7.73	7.38	7.64	5303011	40727828.000
09/13/2012	7.67	8.42	7.55	8.04	12980534	106184664.000
09/14/2012	8.05	8.05	7.55	7.72	8036010	63675656.000
09/17/2012	7.79	7.87	7.42	7.43	4169087	32337622.000
09/18/2012	7.43	7.52	7.11	7.15	2835364	21049606.000
09/19/2012	7.23	7.23	7.11	7.19	2125372	15509176.000
09/20/2012	7.77	7.92	7.77	7.92	8009991	64400228.000
09/21/2012	8.15	8.20	7.57	7.65	16217707	129843904.000
09/24/2012	7.24	7.44	7.10	7.34	9098061	67523360.000
09/25/2012	7.13	7.57	7.10	7.25	5219535	38888496.000
09/26/2012	7.17	7.30	6.68	6.70	5796270	40861892.000
09/27/2012	6.78	6.96	6.70	6.89	3808409	26561010.000
09/28/2012	6.86	7.03	6.80	7.00	3522847	24877744.000
10/08/2012	6.98	7.11	6.95	7.01	2211603	15791374.000
10/09/2012	6.97	7.22	6.96	7.22	3218559	23384490.000
10/10/2012	7.19	7.58	7.13	7.43	4378981	32684730.000
10/11/2012	7.38	7.41	7.12	7.15	3078468	22808254.000
10/12/2012	7.17	7.26	6.99	7.09	1951303	14105848.000
10/15/2012	6.97	6.97	6.73	6.84	2731968	19041676.000
10/16/2012	6.82	6.99	6.79	6.91	1546190	10863584.000
10/17/2012	6.97	7.21	6.88	7.09	2291684	16381955.000
10/18/2012	7.05	7.14	6.96	7.10	2966783	21309748.000
10/19/2012	7.07	7.16	6.99	7.02	1965477	14166346.000
10/22/2012	7.01	7.03	6.89	6.99	1645368	11649156.000
10/23/2012	6.98	7.01	6.89	6.89	1525912	10788521.000
10/24/2012	6.83	6.94	6.81	6.86	1365090	9547116.000
10/25/2012	6.88	6.93	6.78	6.78	1235382	8628479.000
10/26/2012	6.79	6.84	6.61	6.65	1774624	12158127.000
10/29/2012	6.58	6.69	6.58	6.62	701870	4755323.000
10/30/2012	6.59	6.69	6.59	6.64	680593	4620466.500
10/31/2012	6.66	6.72	6.60	6.68	646724	4386816.500
11/01/2012	6.66	6.81	6.66	6.76	1730943	11929538.000
11/02/2012	6.80	6.84	6.70	6.76	911936	6287961.000
11/05/2012	6.78	6.79	6.73	6.74	1216573	8375194.000
11/06/2012	6.77	6.77	6.52	6.60	1657882	11137585.000
11/07/2012	6.61	6.63	6.53	6.58	857655	5756589.500
11/08/2012	6.52	6.66	6.42	6.42	1447527	9609804.000
11/09/2012	6.39	6.46	6.37	6.39	744236	4859004.000
11/12/2012	6.38	6.48	6.38	6.47	656943	4314470.500
11/13/2012	6.46	6.48	6.28	6.29	807473	5231632.500
11/14/2012	6.32	6.32	6.20	6.30	763991	4897532.500
11/15/2012	6.26	6.36	6.22	6.22	669158	4302372.000
11/16/2012	6.17	6.22	6.04	6.15	754416	4702989.000
11/19/2012	6.17	6.19	6.09	6.17	642180	4022567.000
11/20/2012	6.20	6.25	6.15	6.16	831876	5259679.000
11/21/2012	6.12	6.26	6.05	6.24	796929	5019850.500
11/22/2012	6.24	6.28	6.13	6.15	598420	3777244.500
11/23/2012	6.17	6.21	6.14	6.17	357750	2261357.000
11/26/2012	6.18	6.32	6.17	6.21	865821	5523832.000
11/27/2012	6.19	6.19	5.81	5.81	1354781	8183999.500
11/28/2012	5.77	5.80	5.53	5.55	816325	4718638.000
11/29/2012	5.56	5.62	5.39	5.44	567252	3214333.750
11/30/2012	5.44	5.54	5.43	5.51	750101	4215069.500
12/03/2012	5.49	5.54	5.30	5.31	590757	3292586.500
12/04/2012	5.32	5.43	5.29	5.42	620849	3408441.500
12/05/2012	5.39	5.69	5.37	5.64	1543863	8771331.000
12/06/2012	5.64	5.87	5.56	5.65	1322771	7727234.000
12/07/2012	5.59	5.84	5.57	5.80	1461747	8557808.000
12/10/2012	5.82	5.90	5.74	5.89	1554922	9270178.000
12/11/2012	5.89	6.12	5.80	5.92	2712350	16512312.000
12/12/2012	5.85	5.91	5.71	5.80	1634655	9702232.000
12/13/2012	5.78	5.88	5.72	5.73	769572	4562556.000
12/14/2012	5.73	6.01	5.72	5.99	2021341	12228807.000
12/17/2012	5.97	6.06	5.93	6.01	1806580	11061683.000
12/18/2012	6.01	6.06	5.92	5.95	1748839	10692189.000
12/19/2012	5.92	6.02	5.91	5.99	1182945	7228690.000
12/20/2012	5.95	5.98	5.87	5.93	1290275	7809871.500
12/21/2012	5.93	6.01	5.89	5.96	1382673	8407863.000
12/24/2012	5.97	6.06	5.94	6.06	2013115	12348215.000
12/25/2012	6.05	6.20	6.03	6.17	2309258	14467057.000
12/26/2012	6.15	6.33	6.12	6.30	2548566	16258988.000
12/27/2012	6.30	6.35	6.13	6.14	2224955	14179415.000
12/28/2012	6.17	6.42	6.09	6.38	3384442	21685620.000
12/31/2012	6.44	6.58	6.28	6.48	3793871	24943012.000
01/04/2013	6.56	6.56	6.17	6.29	3385675	21902748.000
01/07/2013	6.25	6.33	6.20	6.30	1980217	12711545.000
01/08/2013	6.28	6.47	6.28	6.42	3110203	20376788.000
01/09/2013	6.42	6.61	6.33	6.50	3822295	25351886.000
01/10/2013	6.50	6.55	6.42	6.51	3238227	21416134.000
01/11/2013	6.48	6.83	6.48	6.58	6687081	45492172.000
01/14/2013	6.52	7.18	6.45	7.02	8922991	62535732.000
01/15/2013	6.96	7.34	6.89	7.05	7650155	55058132.000
01/16/2013	7.01	7.60	6.75	7.52	9838542	71859728.000
01/17/2013	7.33	7.38	6.91	6.96	7463413	54212896.000
01/18/2013	7.03	7.19	6.96	7.05	3022242	21755164.000
01/21/2013	7.07	7.12	6.86	6.90	12278119	86507472.000
01/22/2013	6.87	6.87	6.64	6.67	5841475	39973460.000
01/23/2013	6.61	6.82	6.59	6.76	4108456	28131386.000
01/24/2013	6.74	6.89	6.47	6.49	5946007	40790012.000
01/25/2013	6.50	6.56	6.42	6.43	2958266	19542192.000
01/28/2013	6.47	6.62	6.45	6.62	2703479	18134076.000
01/29/2013	6.64	6.81	6.61	6.73	3300557	22636898.000
01/30/2013	6.67	6.69	6.47	6.60	4612604	30900550.000
01/31/2013	6.55	6.60	6.45	6.52	2876962	19103574.000
02/01/2013	6.50	6.75	6.48	6.61	3055692	20631746.000
02/04/2013	6.72	6.73	6.57	6.61	2487177	16791676.000
02/05/2013	6.57	6.68	6.47	6.59	2358398	15790258.000
02/06/2013	6.60	6.66	6.59	6.61	1630632	11010128.000
02/07/2013	6.56	6.64	6.54	6.60	1590723	10711053.000
02/08/2013	6.64	6.72	6.60	6.67	2550923	17364824.000
02/18/2013	6.74	6.76	6.64	6.76	2699017	18446468.000
02/19/2013	6.76	6.76	6.52	6.57	2638303	17884428.000
02/20/2013	6.57	6.69	6.52	6.68	2470971	16662170.000
02/21/2013	6.66	6.77	6.53	6.62	4697034	31894532.000
02/22/2013	6.60	6.97	6.55	6.81	8449139	58739060.000
02/25/2013	6.75	6.91	6.68	6.87	4812716	33325550.000
02/26/2013	6.83	6.95	6.77	6.86	5747039	40241348.000
02/27/2013	6.85	6.91	6.68	6.80	3989195	27576410.000
02/28/2013	6.84	7.02	6.72	7.02	6749085	47333792.000
03/01/2013	7.03	7.08	6.87	7.05	7698864	54996868.000
03/04/2013	6.95	6.95	6.55	6.60	5227051	36086064.000
03/05/2013	6.62	6.82	6.50	6.73	3746630	25532428.000
03/06/2013	6.73	6.95	6.68	6.95	5489984	38334552.000
03/07/2013	6.95	6.99	6.73	6.78	3823850	26707978.000
03/08/2013	6.82	6.84	6.62	6.67	3001527	20490834.000
03/11/2013	6.69	6.79	6.63	6.79	2414367	16553416.000
03/12/2013	7.07	7.48	6.82	6.90	13900447	100166736.000
03/13/2013	6.84	6.85	6.23	6.52	5752614	38440208.000
03/14/2013	6.47	6.58	6.40	6.41	2754190	18194428.000
03/15/2013	6.46	6.51	6.29	6.37	3079842	20122750.000
03/18/2013	6.38	6.39	6.19	6.21	2349182	15101039.000
03/19/2013	6.21	6.27	6.08	6.22	1838755	11590410.000
03/20/2013	6.24	6.36	6.20	6.36	2629980	16906180.000
03/21/2013	6.35	6.45	6.32	6.39	2513800	16380231.000
03/22/2013	6.33	6.43	6.33	6.42	1546941	10095775.000
03/25/2013	6.37	6.42	6.31	6.37	1784349	11580129.000
03/26/2013	6.32	6.37	6.12	6.15	2799044	17726914.000
03/27/2013	6.20	6.24	6.15	6.18	1581026	10003794.000
03/28/2013	6.81	6.81	6.81	6.81	4145818	28771976.000
03/29/2013	7.26	7.27	6.87	6.91	20106873	145112880.000
04/01/2013	6.77	7.00	6.69	6.73	7613559	52731956.000
04/02/2013	6.75	6.84	6.43	6.51	7503123	50587940.000
04/03/2013	6.51	6.67	6.38	6.67	5775205	38433736.000
04/08/2013	6.54	6.65	6.39	6.57	3997004	26586300.000
04/09/2013	6.52	6.63	6.49	6.60	3341297	22373714.000
04/10/2013	6.55	6.63	6.43	6.55	3409989	22659742.000
04/11/2013	6.53	6.57	6.42	6.47	3140657	20720540.000
04/12/2013	6.50	6.51	6.35	6.37	2806974	18342138.000
04/15/2013	6.35	6.39	6.27	6.34	2184875	14085834.000
04/16/2013	6.26	6.44	6.22	6.44	2221544	14334790.000
04/17/2013	6.44	6.45	6.35	6.44	1660157	10839853.000
04/18/2013	6.62	6.76	6.50	6.50	5085988	34165840.000
04/19/2013	6.41	6.58	6.40	6.56	4126660	27439380.000
04/22/2013	6.51	6.58	6.47	6.58	2345789	15616618.000
04/23/2013	6.62	6.62	6.32	6.32	2625858	17232678.000
04/24/2013	6.30	6.45	6.30	6.45	1631798	10641650.000
04/25/2013	6.45	6.47	6.30	6.37	2325663	15162214.000
04/26/2013	6.40	6.43	6.30	6.32	1676075	10737108.000
05/02/2013	6.32	6.40	6.27	6.40	1170285	7491070.000
05/03/2013	6.38	6.50	6.36	6.45	2326679	15135397.000
05/06/2013	6.45	6.56	6.45	6.55	2210605	14533704.000
05/07/2013	6.55	6.65	6.47	6.65	2959174	19589850.000
05/08/2013	6.65	6.68	6.57	6.67	3267040	21804772.000
05/09/2013	6.69	6.86	6.63	6.72	5803969	39442916.000
05/10/2013	6.67	6.73	6.58	6.70	3543606	23761744.000
05/13/2013	6.64	6.81	6.62	6.79	4269845	29069418.000
05/14/2013	6.80	6.82	6.63	6.65	2722727	18335394.000
05/15/2013	6.65	6.78	6.64	6.77	2668213	18104646.000
05/16/2013	6.79	6.82	6.69	6.74	3914471	26646860.000
05/17/2013	6.73	6.79	6.65	6.78	3430584	23274820.000
05/20/2013	6.75	7.00	6.74	6.90	5030730	34892456.000
05/21/2013	6.99	7.31	6.99	7.18	9516932	68662504.000
05/22/2013	7.15	7.90	7.06	7.75	17115530	129665728.000
05/23/2013	7.95	8.08	7.70	7.74	13294755	105070472.000
05/24/2013	7.64	7.82	7.46	7.68	6866456	53154972.000
05/27/2013	7.71	7.92	7.60	7.61	7900816	61416128.000
05/28/2013	7.58	7.62	7.28	7.49	8195620	61038140.000
05/29/2013	7.41	7.58	7.38	7.58	4671723	35314964.000
05/30/2013	7.55	7.79	7.43	7.75	5926807	45950196.000
05/31/2013	7.74	7.89	7.66	7.68	5558204	43470696.000
06/03/2013	7.65	8.00	7.65	7.67	5206198	40994824.000
06/04/2013	7.65	7.67	7.20	7.41	3765819	28154782.000
06/05/2013	7.41	7.41	7.22	7.29	3373950	24774650.000
06/06/2013	7.33	7.78	7.33	7.70	8197990	62639680.000
06/07/2013	7.68	8.02	7.59	7.59	9449759	74512232.000
06/13/2013	7.47	7.97	7.15	7.85	6323950	48513088.000
06/14/2013	7.80	8.31	7.78	8.11	11649379	94194424.000
06/17/2013	8.09	8.64	7.97	8.13	16490891	137903728.000
06/18/2013	8.06	8.25	7.91	7.93	7071189	57218936.000
06/19/2013	7.70	7.90	7.46	7.69	5387002	41489524.000
06/20/2013	7.65	7.84	7.46	7.50	4075245	31424668.000
06/21/2013	7.26	7.32	7.01	7.23	3933976	28499334.000
06/24/2013	7.28	7.37	6.85	6.96	3987571	28327324.000
06/25/2013	6.95	6.98	6.26	6.73	5514281	36547296.000
06/26/2013	6.76	7.03	6.63	6.97	4827171	33234468.000
06/27/2013	7.05	7.10	6.67	6.70	4908855	33918236.000
06/28/2013	6.75	6.82	6.36	6.47	3670450	24285498.000
07/01/2013	6.47	6.82	6.45	6.77	3643578	24490622.000
07/02/2013	6.72	7.06	6.72	7.00	4837408	33964924.000
07/03/2013	7.01	7.21	6.91	7.11	5219151	37319704.000
07/04/2013	7.03	7.18	7.02	7.06	2879347	20578134.000
07/05/2013	7.06	7.10	6.86	6.92	2657962	18629010.000
07/08/2013	6.86	6.87	6.47	6.47	2683619	17859218.000
07/09/2013	6.51	6.65	6.28	6.49	2491966	16097938.000
07/10/2013	6.45	6.70	6.41	6.70	2074212	13792740.000
07/11/2013	6.70	7.00	6.67	6.88	2877777	19814548.000
07/12/2013	6.88	7.01	6.82	6.83	2579318	17936354.000
07/15/2013	6.65	6.75	6.52	6.75	4621285	30980792.000
07/16/2013	6.75	6.86	6.63	6.85	3132075	21333092.000
07/17/2013	6.83	7.00	6.72	6.74	3512732	24270728.000
07/18/2013	6.70	6.90	6.64	6.78	2956979	20209548.000
07/19/2013	6.75	7.10	6.65	7.00	6543362	45530044.000
07/22/2013	6.30	7.00	6.30	7.00	4634920	31829240.000
07/23/2013	6.95	7.07	6.86	7.06	5974374	41997964.000
07/24/2013	7.11	7.29	7.03	7.19	6769858	48767080.000
07/25/2013	7.11	7.20	6.82	6.90	5489446	38692896.000
07/26/2013	6.87	6.91	6.56	6.72	3346788	22666128.000
07/29/2013	6.72	6.72	6.39	6.40	3449041	22725320.000
07/30/2013	6.49	6.49	6.25	6.47	3913499	25083070.000
07/31/2013	6.50	6.61	6.44	6.48	2247344	14750307.000
08/01/2013	6.55	6.88	6.55	6.87	6186875	41902316.000
08/02/2013	6.86	7.56	6.81	7.19	11154914	81046784.000
08/05/2013	7.22	7.55	7.04	7.27	12425203	91397328.000
08/06/2013	7.15	7.26	7.05	7.23	8817069	63178108.000
08/07/2013	7.15	7.37	7.03	7.10	8500799	62002660.000
08/08/2013	7.08	7.14	6.96	7.10	4635806	32906662.000
08/09/2013	7.10	7.21	6.94	7.05	4017908	28511420.000
08/12/2013	7.13	7.20	7.01	7.14	4552273	32647952.000
08/13/2013	7.10	7.42	7.06	7.33	7725303	57015136.000
08/14/2013	7.33	7.44	7.22	7.34	5022376	37034224.000
08/15/2013	7.35	7.50	7.22	7.24	4787821	35602764.000
08/16/2013	7.22	7.33	6.95	6.97	4219888	30350134.000
08/19/2013	6.89	7.13	6.87	7.12	2701246	19189028.000
08/20/2013	7.13	7.21	7.01	7.07	2619144	18733170.000
08/21/2013	7.07	7.24	7.05	7.23	2604744	18778466.000
08/22/2013	7.30	7.42	7.20	7.27	5210974	38285492.000
08/23/2013	7.48	7.75	7.11	7.32	8902414	66589716.000
08/26/2013	7.35	7.98	7.25	7.81	11919389	92165552.000
08/27/2013	7.71	8.43	7.60	8.04	16308776	131382880.000
08/28/2013	7.92	8.56	7.83	8.35	17514882	145135200.000
08/29/2013	8.29	8.32	7.96	8.00	9267089	75551096.000
08/30/2013	8.03	8.33	7.81	7.96	10446158	84773696.000
09/02/2013	7.85	8.01	7.67	7.81	5447589	42723740.000
09/03/2013	7.83	8.09	7.83	7.92	6988730	56029072.000
09/04/2013	7.87	8.00	7.65	7.67	4494414	35298496.000
09/05/2013	7.65	7.80	7.62	7.78	4582262	35507596.000
09/06/2013	7.80	8.09	7.72	8.01	6290666	50275492.000
09/09/2013	8.01	8.82	7.95	8.67	19615957	167411248.000
09/10/2013	8.50	8.94	8.45	8.66	12266333	106896288.000
09/11/2013	8.79	9.38	8.53	8.53	13845381	124196016.000
09/12/2013	8.36	8.57	8.13	8.33	6783942	56968472.000
09/13/2013	8.33	8.40	8.16	8.34	3651226	30464488.000
09/16/2013	8.39	8.44	8.25	8.28	4509293	37895604.000
09/17/2013	8.39	8.70	8.33	8.42	5831697	49938432.000
09/18/2013	8.31	8.50	8.25	8.50	2917749	24620842.000
09/23/2013	8.55	8.95	8.55	8.87	6585088	58382044.000
09/24/2013	8.77	9.07	8.77	8.99	5672539	50933552.000
09/25/2013	8.98	9.18	8.66	8.69	6337560	56851412.000
09/26/2013	8.67	8.78	8.36	8.45	4125460	35416208.000
09/27/2013	8.35	9.05	8.34	9.00	4024817	35540876.000
09/30/2013	9.10	9.83	8.90	9.63	8340374	79402776.000
10/08/2013	9.45	9.96	9.32	9.90	7410588	71742080.000
11/14/2013	9.00	10.83	8.91	9.71	14763932	142363856.000
11/15/2013	9.48	10.05	9.26	9.73	7773146	75344120.000
11/18/2013	9.63	10.53	9.50	10.53	10071201	102929528.000
11/19/2013	10.35	10.82	10.13	10.33	7210412	75452712.000
11/20/2013	10.25	10.32	9.85	10.16	6207121	62653960.000
11/21/2013	10.09	10.09	9.62	9.72	6142897	60492908.000
11/22/2013	9.78	10.03	9.72	9.79	4404606	43721532.000
11/25/2013	9.60	9.82	9.42	9.43	4343762	41960540.000
11/26/2013	9.45	9.70	9.38	9.61	3822111	36699156.000
11/27/2013	9.60	9.73	9.46	9.73	3182040	30780668.000
11/28/2013	9.76	9.78	9.60	9.63	3342123	32499916.000
11/29/2013	9.60	10.12	9.56	9.99	7364988	73421328.000
12/02/2013	9.55	9.55	8.99	8.99	6529823	60486304.000
12/03/2013	8.45	8.65	8.09	8.57	9650162	80967712.000
12/04/2013	8.64	8.91	8.58	8.74	5823771	51377972.000
12/05/2013	8.75	9.55	8.75	9.27	8264817	75844504.000
12/06/2013	9.44	9.50	9.11	9.21	4462747	41691684.000
12/09/2013	9.11	9.25	8.81	8.97	5011969	45282876.000
12/10/2013	8.75	9.15	8.75	8.87	3773739	34147068.000
12/11/2013	8.88	9.05	8.78	8.90	2267792	20285018.000
12/12/2013	8.90	9.25	8.85	9.10	2553253	23278880.000
12/13/2013	9.00	9.07	8.83	8.90	2632720	23574352.000
12/16/2013	8.85	9.10	8.75	8.84	2251664	20191304.000
12/17/2013	8.93	8.93	8.79	8.84	1170760	10431512.000
12/18/2013	8.83	9.14	8.75	8.97	1598461	14444847.000
12/19/2013	9.01	9.22	8.94	9.02	1945890	17763498.000
12/20/2013	9.01	9.10	8.87	9.01	1536139	13858757.000
12/23/2013	9.13	9.18	8.88	9.13	1677269	15267228.000
12/24/2013	9.39	9.71	9.19	9.66	6147534	58815128.000
12/25/2013	9.68	10.44	9.61	10.20	7693004	77820664.000
12/26/2013	10.21	10.43	9.97	10.07	4526220	46092660.000
12/27/2013	9.96	10.94	9.96	10.62	5958123	62253212.000
12/30/2013	10.53	10.80	10.20	10.25	5841840	61350020.000
12/31/2013	10.23	10.55	9.94	10.16	3417305	35162280.000
01/02/2014	10.16	10.64	10.14	10.34	2328628	24310566.000
01/03/2014	10.28	10.91	10.23	10.80	5973272	64115792.000
01/06/2014	10.83	11.89	10.79	10.95	12117354	137009840.000
01/07/2014	10.92	11.25	10.63	10.77	6498140	71512488.000
01/08/2014	10.66	11.41	10.40	11.20	6689938	73849592.000
01/09/2014	10.98	11.66	10.98	11.03	6316008	71073904.000
01/10/2014	10.86	11.41	10.76	10.95	2923608	32362394.000
01/13/2014	10.77	10.96	10.18	10.19	5281878	55690128.000
01/14/2014	10.35	10.73	10.15	10.73	2783596	29306048.000
01/15/2014	10.80	11.13	10.60	10.95	2626462	28805590.000
01/16/2014	10.86	11.04	10.61	10.63	1970972	21253724.000
01/17/2014	10.65	11.15	10.48	10.87	2726732	29619636.000
01/20/2014	10.91	11.25	10.69	10.85	2351131	25914386.000
01/21/2014	10.86	10.99	10.65	10.80	2131617	23128400.000
01/22/2014	10.81	11.15	10.66	11.01	4935689	54077744.000
01/23/2014	10.96	11.20	10.85	11.11	3617367	40105584.000
01/24/2014	11.25	11.27	10.91	11.04	4667280	51842008.000
01/27/2014	10.97	11.04	10.51	10.55	5329305	57348372.000
01/28/2014	10.65	10.71	10.33	10.38	3924698	41391620.000
01/29/2014	10.40	10.81	10.10	10.78	6800217	71225688.000
01/30/2014	10.65	11.61	10.64	11.47	9399904	105516896.000
02/07/2014	11.38	12.12	10.99	11.97	7878292	92420576.000
02/10/2014	12.19	12.73	12.11	12.45	9411596	117099136.000
02/11/2014	12.50	12.76	11.85	12.43	7918497	98141576.000
02/12/2014	12.26	13.68	12.06	13.68	16292426	216499696.000
02/13/2014	13.83	14.57	13.51	13.79	14164425	199809680.000
02/14/2014	14.21	15.17	14.02	15.17	25134885	378750816.000
02/17/2014	15.65	16.69	15.28	16.69	18654039	301501952.000
02/18/2014	17.15	17.61	16.30	16.95	14147531	241629328.000
02/19/2014	16.95	17.17	16.24	16.37	8686775	145071184.000
02/20/2014	16.61	17.24	15.45	16.25	12891213	210194448.000
02/21/2014	16.18	16.74	15.75	16.36	6849054	112682840.000
02/24/2014	16.18	17.85	16.17	16.74	14950476	254788304.000
02/25/2014	16.90	17.45	15.25	15.91	15587283	260893184.000
02/26/2014	15.55	15.64	14.60	15.13	7331231	110874928.000
02/27/2014	15.39	15.92	15.15	15.15	5956165	93092120.000
02/28/2014	14.91	15.41	14.56	15.14	2727726	41060756.000
03/03/2014	15.30	15.38	14.56	15.03	5337856	79478664.000
03/04/2014	15.00	15.00	14.22	14.33	5031400	73179512.000
03/05/2014	14.38	14.74	14.20	14.43	5802112	84125136.000
03/06/2014	14.50	14.54	13.68	14.08	5069003	70867360.000
03/07/2014	14.04	14.26	13.79	14.06	2884020	40703408.000
03/10/2014	13.90	13.95	12.66	12.85	6395247	85586568.000
03/11/2014	12.95	13.07	12.60	12.75	4066482	52412288.000
03/12/2014	12.70	13.02	12.27	12.59	4738330	59835116.000
03/24/2014	13.23	13.85	12.66	13.85	11973068	164523616.000
03/25/2014	13.80	13.92	12.87	12.91	10831884	144631648.000
03/26/2014	12.68	13.30	12.53	12.88	5670172	73265488.000
03/27/2014	12.85	12.85	12.30	12.46	4597558	57721356.000
03/28/2014	12.55	12.55	11.21	11.21	6391964	74970640.000
03/31/2014	11.15	11.54	10.83	11.25	5915494	66309400.000
04/01/2014	11.20	11.79	11.11	11.75	6135313	71305320.000
04/02/2014	11.75	11.85	11.13	11.37	5872063	67183592.000
04/03/2014	11.37	11.63	11.30	11.43	2977149	34309536.000
04/04/2014	11.35	11.83	11.21	11.70	4090117	47475672.000
04/08/2014	11.56	11.92	11.43	11.79	3800403	44529588.000
04/09/2014	11.85	12.09	11.79	11.98	4859958	58217904.000
04/10/2014	11.95	12.49	11.87	12.22	6327636	77849344.000
04/11/2014	12.20	12.23	11.87	12.08	3904089	47168820.000
04/14/2014	11.96	12.54	11.96	12.49	4619644	56892660.000
04/15/2014	12.60	13.18	12.31	13.05	8571698	110726824.000
04/16/2014	13.10	13.10	12.67	12.88	3896659	50146904.000
04/17/2014	12.77	12.94	12.45	12.47	3053187	38726556.000
04/18/2014	12.41	12.51	12.27	12.33	4029927	50002356.000
04/21/2014	12.40	12.60	12.29	12.37	3187832	39600764.000
04/22/2014	12.30	12.44	11.51	11.77	4389428	51878084.000
04/23/2014	11.70	11.97	11.65	11.84	1968270	23349848.000
04/24/2014	11.75	11.89	11.36	11.40	3587132	41363800.000
04/25/2014	11.40	11.49	10.95	11.00	2134653	23787274.000
04/28/2014	10.99	10.99	10.68	10.79	2939501	31861742.000
04/29/2014	10.80	11.60	10.76	11.27	3736542	41992980.000
04/30/2014	11.27	11.78	11.17	11.70	2409054	27955512.000
05/05/2014	11.70	12.19	11.70	11.90	2658040	31725962.000
05/06/2014	11.89	12.38	11.82	12.20	3923929	47787100.000
05/07/2014	12.35	12.35	11.78	11.86	3634021	43733784.000
05/08/2014	11.73	12.30	11.71	12.14	2941752	35695940.000
05/09/2014	12.12	12.30	11.57	11.80	2904433	34367520.000
05/12/2014	11.80	11.95	11.75	11.85	2824837	33539020.000
05/13/2014	11.85	12.38	11.78	12.30	3760452	45516748.000
05/14/2014	12.38	12.39	12.13	12.25	2083663	25476466.000
05/15/2014	12.17	12.42	12.00	12.08	2587718	31649620.000
05/16/2014	12.20	12.20	11.72	12.05	2441742	28952444.000
05/19/2014	11.90	12.05	11.81	11.90	1692906	20171728.000
05/20/2014	11.96	12.51	11.96	12.51	3443043	42305820.000
05/21/2014	12.40	12.60	12.31	12.50	2581047	32135754.000
05/22/2014	12.52	13.04	12.52	12.74	4137047	53093140.000
05/23/2014	12.65	13.45	12.65	13.28	4746814	62272120.000
05/26/2014	13.39	14.61	13.39	14.48	8791635	124365928.000
05/27/2014	14.60	14.60	13.80	13.91	8209691	115152392.000
05/28/2014	13.83	14.79	13.80	14.19	8470017	120902632.000
05/29/2014	14.22	14.39	13.92	14.28	5364116	75785192.000
05/30/2014	14.17	14.29	13.83	13.95	3258441	45675428.000
06/03/2014	14.02	14.02	13.58	13.59	4267835	58996876.000
06/04/2014	13.72	13.87	13.36	13.80	2840203	38783080.000
06/05/2014	13.80	14.05	13.50	13.78	3457008	47831716.000
06/06/2014	13.71	14.14	13.51	14.12	4949629	68499400.000
06/09/2014	14.00	14.11	13.84	13.93	2557870	35768848.000
06/10/2014	13.90	14.07	13.70	13.95	2926916	40831592.000
06/11/2014	13.76	13.99	13.51	13.95	6511014	89893544.000
06/12/2014	13.85	13.97	13.71	13.83	1905325	26303860.000
06/13/2014	13.95	14.30	13.77	14.21	5119739	72307376.000
06/16/2014	14.22	15.50	14.08	15.20	9318193	137666608.000
06/17/2014	15.08	15.40	14.91	15.39	6076735	92451904.000
06/18/2014	15.43	15.55	15.11	15.30	2938345	44920600.000
06/19/2014	15.30	15.54	14.46	14.77	3953552	59698260.000
06/20/2014	14.78	15.37	14.77	14.88	3788118	56465628.000
06/23/2014	14.80	15.29	14.68	14.86	4371316	65460976.000
06/24/2014	14.85	14.96	14.75	14.93	2436153	36147020.000
06/25/2014	14.88	15.35	14.86	15.16	3652241	55491680.000
06/26/2014	15.30	16.00	15.18	15.84	4569380	71467232.000
06/27/2014	15.84	15.99	15.64	15.64	5102155	80574504.000
06/30/2014	17.00	17.20	15.81	16.70	14930325	251343904.000
07/01/2014	16.41	17.19	16.41	16.87	5742433	96343696.000
07/02/2014	16.72	17.05	16.37	16.79	5775139	96642648.000
07/03/2014	16.83	17.10	16.63	16.90	3877148	65414536.000
07/04/2014	16.85	17.34	16.35	16.48	3395918	56802580.000
07/07/2014	16.49	16.78	16.38	16.70	3585801	59447788.000
07/08/2014	16.68	17.13	16.58	16.79	2144070	36163280.000
07/09/2014	16.85	17.05	16.66	16.69	2512364	42351176.000
07/10/2014	16.60	16.85	16.27	16.35	2727841	45435188.000
07/11/2014	16.73	17.08	15.79	15.80	4677983	76311400.000
07/14/2014	15.90	16.50	15.49	16.30	4112078	66221916.000
07/15/2014	16.28	16.37	15.90	16.06	2012710	32423236.000
07/16/2014	16.00	16.28	15.69	15.80	2097250	33242344.000
07/17/2014	15.66	15.80	14.98	15.02	3999221	61141440.000
07/18/2014	15.13	15.65	14.90	15.03	2202725	33714200.000
07/21/2014	15.04	15.20	14.60	14.80	2576983	38403568.000
07/22/2014	14.81	15.30	14.70	15.09	2804842	42195808.000
07/23/2014	15.15	15.19	14.41	14.72	2158163	31872986.000
07/24/2014	14.81	15.04	14.65	15.04	2770872	41262000.000
07/25/2014	15.05	15.50	15.03	15.21	1718588	26257406.000
07/28/2014	15.22	15.63	15.22	15.51	2846789	44073324.000
07/29/2014	15.53	16.16	15.52	16.06	3880410	61825856.000
07/30/2014	16.00	16.58	15.95	16.39	3767238	61409432.000
07/31/2014	16.49	16.49	15.86	16.06	2872461	46144776.000
08/01/2014	16.16	16.30	15.50	15.53	2789741	44341936.000
08/04/2014	16.05	16.38	15.52	15.71	6054056	96142952.000
08/05/2014	15.65	15.78	15.24	15.59	4068255	63005024.000
08/06/2014	15.65	15.65	15.31	15.34	4021535	61996208.000
08/07/2014	15.55	15.65	15.33	15.45	3998585	61903384.000
08/08/2014	15.38	15.56	15.36	15.47	2680301	41416904.000
08/11/2014	15.41	15.95	15.35	15.94	4163709	65609852.000
08/12/2014	15.94	15.96	15.69	15.74	2539735	40084812.000
08/13/2014	15.73	15.73	15.31	15.51	2686123	41580564.000
08/14/2014	15.52	15.60	15.23	15.24	2426861	37327044.000
08/15/2014	15.24	15.30	14.95	15.15	2762877	41745980.000
08/18/2014	15.15	15.42	15.00	15.42	4286044	65007844.000
08/19/2014	15.39	15.46	15.13	15.21	2972265	45477032.000
08/20/2014	15.28	15.44	15.17	15.26	2202193	33593772.000
08/21/2014	15.27	15.40	15.01	15.30	2516719	38359024.000
08/22/2014	15.38	15.43	15.14	15.27	4309769	65705728.000
08/25/2014	15.28	15.63	15.05	15.52	7025319	108436920.000
08/26/2014	15.51	15.51	15.14	15.27	3341909	51111628.000
08/27/2014	15.22	15.58	14.96	15.08	4252720	64715792.000
08/28/2014	15.22	15.22	14.49	14.49	3944095	57933688.000
08/29/2014	14.50	15.50	14.48	15.47	5260770	79879944.000
09/01/2014	15.24	15.60	15.21	15.54	4078641	63058376.000
09/02/2014	15.54	15.98	15.54	15.88	5044086	79981264.000
09/03/2014	15.89	16.16	15.60	16.00	5854031	93256768.000
09/04/2014	15.75	16.09	15.75	15.95	3939626	62837920.000
09/05/2014	15.92	16.49	15.91	16.34	5924986	96144016.000
09/09/2014	16.38	16.43	16.08	16.13	4178990	67677664.000
09/10/2014	16.13	16.25	15.80	16.09	3793356	60852080.000
09/11/2014	16.05	16.23	15.82	15.95	4904393	78319304.000
09/12/2014	15.95	16.93	15.91	16.42	7503064	123603872.000
09/15/2014	16.48	16.48	16.10	16.25	5386960	87574720.000
09/16/2014	16.21	16.34	15.35	15.37	4916191	78167728.000
09/17/2014	15.37	15.50	14.91	15.17	3950708	59663416.000
09/18/2014	15.04	15.39	14.94	15.01	3308535	50010068.000
09/19/2014	15.10	15.32	14.85	15.27	4621825	69639112.000
09/22/2014	16.30	16.30	15.71	15.74	9743641	155597920.000
09/23/2014	15.57	16.10	15.53	15.80	5394406	85564592.000
09/24/2014	15.67	16.37	15.58	16.09	6699423	107339160.000
09/25/2014	16.16	16.29	15.82	15.92	6032714	97002408.000
09/26/2014	15.90	16.05	15.74	15.89	3214304	51174864.000
09/29/2014	15.95	16.25	15.86	15.92	3819732	61066856.000
09/30/2014	15.93	16.01	15.74	15.85	4029786	63844800.000
10/08/2014	15.96	16.23	15.88	16.19	6240006	100611672.000
10/09/2014	16.20	16.37	15.80	16.26	5723078	92359064.000
10/10/2014	16.20	16.59	16.05	16.59	8206600	134875296.000
10/13/2014	17.35	18.25	17.35	17.80	16974100	303217280.000
10/14/2014	17.57	17.70	17.00	17.15	8502675	147614432.000
10/15/2014	17.15	17.29	16.71	16.92	5734508	97242240.000
10/16/2014	16.90	17.47	16.68	16.95	6607976	113661888.000
10/17/2014	16.81	17.09	16.14	16.41	6340520	105289040.000
10/20/2014	16.41	16.64	16.40	16.52	2877916	47544880.000
10/21/2014	16.59	16.95	16.50	16.71	4152132	69421856.000
10/22/2014	16.60	16.95	16.20	16.21	4665223	77370568.000
10/23/2014	16.11	16.25	15.62	15.70	4676799	74319840.000
10/24/2014	15.88	16.00	15.26	15.30	3730216	58181720.000
10/27/2014	15.31	15.83	15.10	15.78	3264793	50952012.000
10/28/2014	15.78	16.15	15.78	16.10	3443944	55276676.000
10/29/2014	16.12	16.30	16.00	16.18	3867598	62460268.000
10/30/2014	16.20	16.45	15.81	15.96	4205381	68004624.000
10/31/2014	15.86	16.14	15.55	15.77	4116861	64859040.000
数据来源:通达信
