300014 亿纬锂能 日线
      日期	    开盘	    最高	    最低	    收盘	    成交量	    成交额
10/08/2010	9.27	9.54	9.27	9.45	2122085	61088468.000
10/11/2010	9.46	9.47	9.22	9.29	2642938	75013968.000
10/12/2010	9.28	9.44	9.13	9.27	2359915	67110936.000
10/13/2010	9.21	9.58	8.81	9.53	4398401	123817720.000
10/14/2010	9.53	9.58	9.12	9.16	2812595	80166536.000
10/15/2010	9.08	9.72	8.88	9.49	4699944	136138992.000
10/18/2010	9.52	9.53	8.82	8.98	2838539	78481648.000
10/20/2010	9.52	9.89	9.50	9.89	6063818	180673088.000
10/21/2010	9.98	9.99	9.51	9.65	5956227	176087872.000
10/22/2010	9.61	10.26	9.53	9.93	4866941	148029040.000
10/25/2010	9.97	10.32	9.72	10.12	4548346	140001568.000
10/26/2010	10.10	10.68	9.85	10.64	7352271	233371856.000
10/27/2010	10.52	10.54	10.10	10.21	4317967	136136416.000
10/28/2010	10.18	10.31	9.85	9.99	2571565	78532376.000
10/29/2010	10.07	10.52	9.99	10.08	3311785	103261512.000
11/01/2010	10.22	10.51	10.09	10.50	5237705	165562432.000
11/02/2010	10.50	10.57	10.18	10.20	3814254	119975704.000
11/03/2010	10.12	10.14	9.68	9.68	3151084	94325808.000
11/04/2010	9.53	9.84	9.48	9.74	2305357	67947752.000
11/05/2010	9.82	9.94	9.66	9.72	2279591	67865120.000
11/08/2010	9.76	9.94	9.63	9.94	2485743	74708464.000
11/09/2010	9.94	10.06	9.85	10.00	2285546	69182168.000
11/10/2010	9.95	10.33	9.95	10.23	3450078	107110472.000
11/11/2010	10.15	10.34	10.02	10.02	3530115	109616616.000
11/12/2010	10.00	10.00	9.02	9.12	3506942	101638944.000
11/15/2010	9.15	9.45	9.04	9.41	2307479	65573020.000
11/16/2010	9.55	9.77	8.98	9.15	2643007	75920792.000
11/17/2010	9.08	9.21	8.82	8.83	1662921	45679192.000
11/18/2010	9.05	9.05	8.82	8.97	1297425	35331864.000
11/19/2010	8.97	9.29	8.97	9.29	2148465	59924548.000
11/22/2010	9.18	9.64	9.18	9.42	2323290	66998452.000
11/23/2010	9.48	9.52	9.11	9.29	1789174	50877620.000
11/24/2010	9.28	9.54	9.18	9.52	1919345	55151508.000
11/25/2010	9.58	9.60	9.34	9.43	2087916	60025828.000
11/26/2010	9.46	9.57	9.35	9.42	1683896	48592580.000
11/29/2010	9.37	9.61	9.35	9.53	1718974	49799800.000
11/30/2010	9.53	9.53	8.83	9.08	2212458	61480060.000
12/01/2010	9.05	9.05	8.86	8.97	966930	26435208.000
12/02/2010	9.07	9.16	8.95	9.00	1036561	28587150.000
12/03/2010	9.00	9.08	8.86	8.95	822857	22458796.000
12/06/2010	8.95	9.05	8.88	9.05	1143860	31359650.000
12/07/2010	9.05	9.05	8.82	9.04	897121	24515368.000
12/08/2010	9.03	9.14	8.93	9.04	1034349	28533126.000
12/09/2010	9.15	9.70	9.15	9.38	4169158	120741232.000
12/10/2010	9.22	9.38	9.12	9.31	1893937	53320440.000
12/13/2010	9.33	9.53	9.29	9.48	2579309	74237048.000
12/14/2010	9.51	9.58	9.38	9.50	1793203	51818532.000
12/15/2010	9.50	9.83	9.46	9.63	4054047	119670576.000
12/16/2010	9.58	9.62	9.29	9.48	2103863	60946616.000
12/17/2010	9.52	9.61	9.44	9.48	1344212	38982936.000
12/20/2010	9.49	9.58	8.95	9.15	2561470	72007760.000
12/21/2010	9.19	9.27	9.04	9.22	1490776	41709988.000
12/22/2010	9.19	9.28	9.12	9.13	1115252	31248616.000
12/23/2010	9.13	9.18	8.91	8.93	1304438	35775560.000
12/24/2010	8.93	8.98	8.58	8.65	1544499	41045732.000
12/27/2010	8.61	8.73	8.32	8.32	1141538	29906150.000
12/28/2010	8.31	8.31	7.95	8.08	1228717	30342574.000
12/29/2010	8.10	8.25	8.10	8.24	1028756	25685256.000
12/30/2010	8.27	8.28	8.15	8.23	791907	19864680.000
12/31/2010	8.29	8.43	8.22	8.41	1276528	32507098.000
01/04/2011	8.45	8.53	8.34	8.53	1313106	33803736.000
01/05/2011	8.53	8.62	8.40	8.49	1059321	27456602.000
01/06/2011	8.49	8.52	8.32	8.32	905666	23196204.000
01/07/2011	8.25	9.07	8.22	8.67	2955224	78777784.000
01/10/2011	8.58	8.68	8.29	8.35	1167531	30257810.000
01/11/2011	8.35	8.60	8.24	8.39	921328	23684326.000
01/12/2011	8.38	8.47	8.25	8.37	712219	18159700.000
01/13/2011	8.42	8.58	8.37	8.38	756341	19533454.000
01/14/2011	8.38	8.38	8.07	8.08	915888	22772668.000
01/17/2011	8.08	8.14	7.28	7.62	1033937	24614804.000
01/18/2011	7.54	7.66	7.46	7.64	654195	15134239.000
01/19/2011	7.70	7.77	7.63	7.74	597646	14128156.000
01/20/2011	7.77	7.78	7.32	7.32	839800	19280976.000
01/21/2011	7.32	7.54	7.32	7.47	640440	14635314.000
01/24/2011	7.44	7.51	7.32	7.32	539477	12200522.000
01/25/2011	7.32	7.40	6.92	7.13	641547	13916064.000
01/26/2011	7.13	7.28	7.08	7.27	333528	7373147.000
01/27/2011	7.18	7.45	7.14	7.40	656253	14794105.000
01/28/2011	7.38	7.49	7.34	7.46	706652	16036989.000
01/31/2011	7.47	7.52	7.39	7.51	606058	13838010.000
02/01/2011	7.49	7.64	7.48	7.58	651880	15136237.000
02/09/2011	7.48	7.60	7.40	7.41	606988	13882286.000
02/10/2011	7.38	7.73	7.35	7.71	1024652	23900882.000
02/11/2011	7.71	7.88	7.68	7.81	984282	23485534.000
02/14/2011	7.85	7.95	7.75	7.93	1130979	27206236.000
02/15/2011	7.95	8.17	7.93	7.98	1562288	38328496.000
02/16/2011	7.95	8.07	7.91	8.05	1124646	27494294.000
02/17/2011	8.07	8.78	8.03	8.53	3809538	98040752.000
02/18/2011	8.43	8.53	8.24	8.26	2148702	54749492.000
02/21/2011	8.17	8.37	8.13	8.34	1348349	34093840.000
02/22/2011	8.34	8.35	7.96	7.96	1552884	38538336.000
02/23/2011	7.95	8.11	7.88	8.04	842322	20639448.000
02/24/2011	8.04	8.18	7.94	8.08	831795	20560934.000
02/25/2011	8.11	8.25	8.02	8.21	1115867	27898490.000
02/28/2011	8.18	8.28	8.08	8.26	1081427	27128148.000
03/01/2011	8.27	8.68	8.27	8.38	2231428	57754512.000
03/02/2011	8.35	8.35	8.12	8.23	1110216	27879122.000
03/03/2011	8.31	8.52	8.18	8.18	1777337	45414492.000
03/04/2011	8.15	8.24	8.02	8.22	881088	21849014.000
03/07/2011	8.26	8.45	8.24	8.42	1432061	36524096.000
03/08/2011	8.43	8.62	8.36	8.47	1755192	45499432.000
03/09/2011	8.45	8.47	8.33	8.36	1025382	26192818.000
03/10/2011	8.36	8.44	8.26	8.27	834290	21224304.000
03/11/2011	8.25	8.37	8.20	8.23	782868	19814026.000
03/14/2011	8.20	8.20	8.06	8.16	1018579	25259824.000
03/15/2011	8.18	8.18	7.82	8.02	1153056	28059400.000
03/16/2011	8.02	8.13	7.95	8.12	1067849	26376812.000
03/17/2011	8.10	8.14	7.90	7.91	951341	23212734.000
03/18/2011	7.93	8.02	7.91	7.94	535668	13027997.000
03/21/2011	7.92	8.00	7.86	7.88	565331	13641576.000
03/22/2011	7.88	7.93	7.78	7.85	492503	11796178.000
03/23/2011	7.95	7.95	7.81	7.93	476474	11517858.000
03/24/2011	7.98	7.99	7.85	7.86	669423	16209518.000
03/25/2011	7.87	7.91	7.82	7.90	826584	19883222.000
03/28/2011	8.03	8.07	7.94	7.98	1361961	33300838.000
03/29/2011	7.97	7.98	7.58	7.58	1515494	35720932.000
03/30/2011	7.55	7.56	7.38	7.43	898030	20478698.000
03/31/2011	7.42	7.70	7.42	7.60	1152271	26774102.000
04/01/2011	7.65	7.65	7.45	7.53	759646	17451866.000
04/06/2011	7.53	7.67	7.48	7.58	636667	14760684.000
04/07/2011	7.59	7.94	7.56	7.79	1233725	29210702.000
04/08/2011	7.78	7.85	7.70	7.81	954940	22787624.000
04/11/2011	7.81	7.81	7.60	7.65	802930	18929932.000
04/12/2011	7.52	7.68	7.52	7.55	544203	12645970.000
04/13/2011	7.52	7.66	7.48	7.65	679647	15813289.000
04/14/2011	7.65	7.72	7.59	7.60	552951	12951919.000
04/15/2011	7.58	7.59	7.48	7.57	578399	13321049.000
04/18/2011	7.52	7.63	7.51	7.56	439717	10163751.000
04/19/2011	7.53	7.58	7.36	7.38	795462	18113484.000
04/20/2011	7.38	7.45	7.38	7.38	631246	14329996.000
04/21/2011	7.42	7.51	7.41	7.44	556225	12696995.000
04/22/2011	7.44	7.54	7.42	7.50	562893	12888696.000
04/26/2011	7.52	8.14	7.52	7.84	3132720	75361336.000
04/27/2011	7.82	7.88	7.68	7.79	1192653	28234050.000
04/28/2011	7.87	7.87	7.18	7.20	1399463	32219792.000
04/29/2011	7.14	7.35	7.02	7.28	783624	17225696.000
05/03/2011	7.28	7.35	7.15	7.33	676506	14991717.000
05/04/2011	7.31	7.31	7.07	7.08	618651	13625786.000
05/05/2011	7.05	7.34	7.05	7.23	513836	11390712.000
05/06/2011	7.23	7.30	7.12	7.28	535953	11851578.000
05/09/2011	7.30	7.40	7.29	7.34	504506	11344726.000
05/10/2011	7.35	7.48	7.28	7.39	628373	14249367.000
05/11/2011	7.34	7.47	7.34	7.44	592012	13461290.000
05/12/2011	7.37	7.44	7.24	7.31	591182	13331203.000
05/13/2011	7.23	7.36	7.23	7.35	479568	10717100.000
05/16/2011	7.35	7.51	7.33	7.48	759964	17377866.000
05/17/2011	7.48	7.66	7.35	7.60	986028	22755802.000
05/18/2011	7.62	7.63	7.52	7.58	530233	12257353.000
05/19/2011	7.62	7.67	7.45	7.52	688345	15856447.000
05/20/2011	7.52	7.52	7.19	7.27	877219	19631524.000
05/23/2011	7.19	7.28	6.98	7.01	619288	13485787.000
05/24/2011	6.99	7.38	6.75	7.25	1091974	23820840.000
05/25/2011	7.15	7.25	7.09	7.10	418851	9153274.000
05/26/2011	7.08	7.18	6.92	6.92	389323	8399770.000
05/30/2011	6.80	6.93	6.56	6.73	651788	13498166.000
05/31/2011	6.73	6.93	6.68	6.87	444320	9224919.000
06/01/2011	6.89	7.27	6.89	7.17	1135760	24828044.000
06/02/2011	7.03	7.25	6.96	7.05	753282	16341972.000
06/03/2011	7.05	7.17	7.05	7.12	536825	11700030.000
06/07/2011	7.12	7.25	7.07	7.22	768978	16964026.000
06/08/2011	7.20	7.33	7.07	7.22	1178470	17227134.000
06/09/2011	7.22	7.22	6.88	6.90	1166853	16632940.000
06/10/2011	6.86	6.90	6.63	6.77	990100	13550424.000
06/13/2011	6.72	6.88	6.55	6.79	744747	10163820.000
06/14/2011	6.80	7.24	6.79	7.07	1775263	25324974.000
06/15/2011	7.31	7.44	7.14	7.17	3404778	50344208.000
06/16/2011	6.95	7.38	6.93	7.18	2107339	30739112.000
06/17/2011	7.18	7.28	7.08	7.12	1304942	19017064.000
06/20/2011	7.09	7.09	6.84	6.97	1033818	14590766.000
06/21/2011	6.97	7.11	6.83	6.99	1059151	14986037.000
06/22/2011	7.00	7.08	6.96	7.01	774200	11016415.000
06/23/2011	6.95	7.40	6.92	7.30	3508224	51929176.000
06/24/2011	7.23	7.52	7.21	7.38	3356185	50184984.000
06/27/2011	7.35	7.80	7.33	7.63	3851996	59480752.000
06/28/2011	7.63	7.73	7.53	7.67	1947752	30082634.000
06/29/2011	7.66	7.83	7.53	7.53	2284087	35503744.000
06/30/2011	7.54	7.88	7.54	7.72	2572279	40311384.000
07/01/2011	7.80	8.48	7.80	8.13	7079249	117167528.000
07/04/2011	8.30	8.95	8.20	8.95	12734430	227395984.000
07/05/2011	9.27	9.59	8.84	8.94	14665174	270853632.000
07/06/2011	8.75	8.88	8.60	8.77	7334824	129307472.000
07/07/2011	8.80	9.05	8.70	8.76	6030557	108111720.000
07/08/2011	8.72	8.76	8.42	8.54	4156575	71894064.000
07/11/2011	8.50	8.75	8.46	8.56	3304488	57566376.000
07/12/2011	8.43	9.43	8.39	9.10	13774780	252767040.000
07/13/2011	8.91	9.20	8.84	9.15	9085648	165990288.000
07/14/2011	9.16	9.30	8.97	9.23	7993553	147793152.000
07/15/2011	9.27	9.27	9.07	9.14	5071831	93580232.000
07/18/2011	9.11	9.46	9.00	9.03	7221314	135381024.000
07/19/2011	8.85	8.85	8.45	8.66	5206083	90870408.000
07/20/2011	8.69	8.80	8.50	8.68	2511326	43975296.000
07/21/2011	8.64	8.70	8.50	8.56	2114224	36754364.000
07/22/2011	8.57	8.64	8.44	8.53	1841275	31861040.000
07/25/2011	8.55	8.55	7.93	7.98	3138201	51768972.000
07/26/2011	8.03	8.12	7.93	8.09	1816127	29590618.000
07/27/2011	8.10	8.48	7.98	8.40	3083044	51857996.000
07/28/2011	8.29	8.57	8.18	8.55	3745643	63861520.000
07/29/2011	8.55	8.58	8.25	8.42	2288599	38993164.000
08/01/2011	8.40	8.84	8.27	8.62	2993222	52403888.000
08/02/2011	8.50	8.75	8.25	8.66	2878484	49631268.000
08/03/2011	8.53	8.90	8.40	8.80	3539892	62727224.000
08/04/2011	8.84	8.84	8.58	8.66	2173859	38201004.000
08/05/2011	8.21	8.58	8.16	8.43	2180750	37019512.000
08/08/2011	8.25	8.35	7.58	7.66	3540248	56039612.000
08/09/2011	7.38	7.74	7.06	7.58	2603786	39337532.000
08/10/2011	7.79	7.88	7.63	7.67	2033926	32061098.000
08/11/2011	7.40	7.80	7.31	7.80	2373082	36797484.000
08/12/2011	7.90	8.09	7.83	7.86	2453787	39484560.000
08/15/2011	8.05	8.66	8.05	8.66	7550962	130803848.000
08/16/2011	8.79	8.86	8.42	8.44	6883647	119493792.000
08/17/2011	8.40	9.18	8.36	8.85	7876962	140699104.000
08/18/2011	8.79	8.97	8.65	8.85	5994525	106691360.000
08/19/2011	8.55	8.88	8.47	8.74	4014078	70692944.000
08/22/2011	8.78	9.02	8.61	8.63	4017381	71660416.000
08/23/2011	8.64	9.28	8.54	9.25	8695716	157769184.000
08/24/2011	9.23	9.33	8.99	9.03	6538723	120531808.000
08/25/2011	9.01	9.14	8.71	9.00	5064505	91322064.000
08/26/2011	8.98	9.34	8.85	9.10	5847807	107812704.000
08/30/2011	9.05	9.15	8.66	8.67	4992532	90127424.000
08/31/2011	8.71	8.77	8.41	8.48	2780128	48095044.000
09/01/2011	8.52	8.65	8.34	8.38	2668147	45941364.000
09/02/2011	8.38	8.55	8.32	8.41	2680421	45718904.000
09/05/2011	8.46	8.65	8.36	8.54	4602446	79445544.000
09/06/2011	8.41	8.54	8.15	8.23	3323627	56013912.000
09/07/2011	8.36	9.04	8.34	8.81	6684918	117620024.000
09/08/2011	8.70	8.81	8.51	8.51	5322170	93241976.000
09/09/2011	8.45	8.79	8.45	8.55	3007776	52354432.000
09/13/2011	8.30	8.40	7.99	8.15	3257579	54010980.000
09/14/2011	8.16	8.39	8.08	8.37	2948907	49404620.000
09/15/2011	8.40	8.64	8.31	8.39	3373108	58069248.000
09/16/2011	8.46	8.61	8.35	8.35	2541291	43670232.000
09/19/2011	8.30	8.30	7.99	8.01	2581882	42167448.000
09/20/2011	8.10	8.29	8.06	8.15	2297321	37916532.000
09/21/2011	8.15	8.60	8.11	8.49	3959603	67215200.000
09/22/2011	8.41	8.45	8.11	8.12	3208959	53884916.000
09/23/2011	7.91	8.14	7.86	8.09	1963927	31835760.000
09/26/2011	8.05	8.21	7.94	7.98	1641060	26758514.000
09/27/2011	8.10	8.15	7.70	7.85	2504798	39983952.000
09/28/2011	7.95	8.03	7.61	7.64	1833871	29041338.000
09/29/2011	7.53	7.56	7.15	7.27	2114768	31577232.000
09/30/2011	7.35	7.58	7.25	7.40	1540978	23159644.000
10/10/2011	7.50	7.58	7.42	7.46	1360971	20682576.000
10/11/2011	7.75	7.84	7.33	7.48	1772668	27142420.000
10/12/2011	7.46	7.84	7.31	7.80	2739384	42653624.000
10/13/2011	7.80	8.19	7.76	8.02	3527176	57058260.000
10/14/2011	8.01	8.01	7.82	7.96	2488664	39898256.000
10/17/2011	8.02	8.14	7.90	8.04	3166677	51426988.000
10/18/2011	7.96	8.09	7.65	7.69	2807910	45048612.000
10/19/2011	7.72	7.87	7.66	7.74	1597965	25108558.000
10/20/2011	7.67	7.74	7.39	7.41	2245211	34050784.000
10/21/2011	7.41	7.51	7.18	7.20	1574000	23377272.000
10/24/2011	7.20	7.48	7.03	7.47	1982017	29314910.000
10/25/2011	7.39	7.68	7.37	7.65	2660221	40796192.000
10/26/2011	7.64	7.97	7.53	7.74	3423884	53902020.000
10/27/2011	7.75	7.88	7.60	7.65	2773603	43528160.000
10/28/2011	7.79	7.89	7.71	7.86	3022858	47820020.000
10/31/2011	7.87	8.60	7.87	8.33	8368617	140564512.000
11/01/2011	8.15	8.57	8.10	8.52	8572917	145862416.000
11/02/2011	8.30	8.59	8.19	8.59	6146581	104485656.000
11/03/2011	8.55	8.83	8.45	8.49	8335242	145121008.000
11/04/2011	8.50	8.57	8.35	8.47	4098620	70144360.000
11/07/2011	8.51	8.67	8.42	8.44	3706628	64068540.000
11/08/2011	8.44	8.60	8.35	8.42	4033731	69198616.000
11/09/2011	8.48	8.79	8.36	8.77	6872280	119641792.000
11/10/2011	8.66	8.82	8.46	8.48	7352753	128506416.000
11/11/2011	8.45	8.55	8.25	8.39	4125057	70048120.000
11/14/2011	8.58	9.24	8.58	9.24	13332911	246300576.000
11/15/2011	9.63	9.70	9.23	9.37	20994635	401410560.000
11/16/2011	9.21	9.38	8.75	8.90	11566608	211470368.000
11/17/2011	8.81	9.00	8.77	8.88	7011669	126103144.000
11/18/2011	8.76	8.78	8.44	8.48	5746937	99694136.000
11/21/2011	8.44	8.59	8.35	8.53	4181219	71806888.000
11/22/2011	8.41	8.53	8.25	8.52	3534645	60105024.000
11/23/2011	8.50	8.57	8.35	8.36	3145824	53804924.000
11/24/2011	8.20	8.40	8.08	8.31	3833976	63817796.000
11/25/2011	8.29	8.42	8.16	8.18	2857086	47987976.000
11/28/2011	8.22	8.41	8.19	8.27	2670652	44738664.000
11/29/2011	8.36	8.48	8.28	8.48	3842838	65179628.000
11/30/2011	8.43	8.45	7.62	7.72	6107431	98342160.000
12/01/2011	8.00	8.13	7.87	7.88	4653811	75193208.000
12/02/2011	7.82	7.85	7.56	7.63	2713054	42067484.000
12/05/2011	7.46	7.55	7.25	7.31	2419417	36380168.000
12/06/2011	7.30	7.53	7.29	7.46	2661314	40076496.000
12/07/2011	7.47	7.58	7.40	7.52	1835790	27890092.000
12/08/2011	7.49	7.70	7.33	7.60	2780553	42516596.000
12/09/2011	7.50	7.70	7.47	7.65	2568574	39676044.000
12/12/2011	7.65	7.84	7.60	7.60	2761015	43201024.000
12/13/2011	7.47	7.52	7.20	7.30	2760150	40799696.000
12/14/2011	7.18	7.40	7.18	7.27	1561740	23124986.000
12/15/2011	7.24	7.34	7.07	7.20	2280237	33337408.000
12/16/2011	7.20	7.58	7.17	7.57	2854320	42670392.000
12/19/2011	7.48	7.77	7.38	7.72	4133241	63698608.000
12/20/2011	7.61	7.79	7.54	7.55	2778522	43080732.000
12/21/2011	7.65	7.68	7.23	7.26	2751460	41775508.000
12/22/2011	7.16	7.29	6.83	7.15	3028680	43406460.000
12/23/2011	7.10	7.28	7.06	7.17	2166917	31502718.000
12/26/2011	7.15	7.23	6.95	6.96	2098646	30166956.000
12/27/2011	6.90	6.93	6.58	6.63	2681542	36578696.000
12/28/2011	6.65	6.65	6.20	6.45	2847428	36972144.000
12/29/2011	6.33	6.57	6.31	6.39	1692126	22083726.000
12/30/2011	6.51	6.58	6.43	6.54	2445316	32331592.000
01/04/2012	6.65	6.67	6.19	6.19	2396578	31375606.000
01/05/2012	6.08	6.18	5.75	5.77	2888009	35025456.000
01/06/2012	5.75	5.94	5.50	5.93	2963129	34422024.000
01/09/2012	5.87	6.23	5.75	6.20	3328308	40829464.000
01/10/2012	6.15	6.53	6.11	6.48	3785822	49088416.000
01/11/2012	6.59	6.89	6.45	6.59	4815582	65217984.000
01/12/2012	6.41	6.73	6.41	6.55	3655156	48817628.000
01/13/2012	6.55	6.57	6.13	6.19	4228308	53983964.000
01/16/2012	6.05	6.09	5.78	5.79	1765426	21339848.000
01/17/2012	5.80	6.34	5.80	6.32	3192698	39586812.000
01/18/2012	6.29	6.50	6.04	6.06	3323366	42611460.000
01/19/2012	6.06	6.37	5.99	6.31	2595817	32788430.000
01/20/2012	6.45	6.45	6.23	6.36	2232602	28787126.000
01/30/2012	6.38	6.52	6.26	6.37	2615632	33984372.000
01/31/2012	6.33	6.44	6.19	6.36	1506051	19248996.000
02/01/2012	6.35	6.48	6.27	6.32	1967126	25511472.000
02/02/2012	6.32	6.50	6.32	6.49	2449810	32038316.000
02/03/2012	6.50	6.66	6.44	6.65	3310617	44201336.000
02/06/2012	6.69	6.70	6.57	6.63	2627749	35358708.000
02/07/2012	6.56	6.60	6.41	6.45	2459638	32343556.000
02/08/2012	6.46	6.74	6.38	6.72	4123878	55570460.000
02/09/2012	6.70	6.93	6.65	6.76	4382697	60602604.000
02/10/2012	6.75	6.84	6.67	6.78	2710789	37247720.000
02/13/2012	6.78	7.00	6.68	6.90	3221455	44809300.000
02/14/2012	6.90	6.95	6.80	6.90	2764960	38508580.000
02/15/2012	6.90	7.07	6.86	7.04	3660436	51834108.000
02/16/2012	7.03	7.05	6.84	6.95	3445571	48689352.000
02/17/2012	7.00	7.45	7.00	7.11	6418030	93760056.000
02/20/2012	7.18	7.20	7.05	7.06	3378243	48789520.000
02/21/2012	7.00	7.13	6.89	7.12	3021979	42977708.000
02/22/2012	7.11	7.30	7.09	7.27	4741005	69626752.000
02/23/2012	7.31	7.44	7.22	7.43	4564280	68056256.000
02/24/2012	7.30	7.39	7.22	7.36	6248162	92467872.000
02/27/2012	7.35	7.43	7.29	7.30	5119404	76384968.000
02/28/2012	7.23	7.28	7.00	7.09	4506132	64909736.000
02/29/2012	7.08	7.21	7.00	7.04	2404279	34554500.000
03/01/2012	7.00	7.18	7.00	7.08	2448569	35323500.000
03/02/2012	7.13	7.27	7.13	7.25	3534782	51746924.000
03/05/2012	7.26	7.34	7.22	7.25	3261299	48042804.000
03/06/2012	7.30	7.38	7.18	7.25	4937990	72853104.000
03/07/2012	7.12	7.42	7.07	7.34	5527512	81955400.000
03/08/2012	7.47	7.55	7.39	7.45	6165241	93511816.000
03/09/2012	7.50	7.53	7.36	7.49	4423463	66792860.000
03/12/2012	7.49	7.58	7.41	7.57	4562772	69308392.000
03/13/2012	7.55	7.60	7.41	7.54	3712921	56478740.000
03/14/2012	7.54	7.65	7.02	7.09	6281114	94159776.000
03/15/2012	7.08	7.15	6.85	7.00	3930241	55671624.000
03/16/2012	7.08	7.30	6.91	7.25	3663833	52955404.000
03/19/2012	7.24	7.50	7.13	7.46	3975492	59086080.000
03/20/2012	7.48	7.59	7.32	7.34	5511355	83264008.000
03/21/2012	7.44	8.08	7.20	7.92	10505187	162951024.000
03/22/2012	7.77	7.88	7.64	7.79	6075878	95493688.000
03/23/2012	7.75	7.95	7.55	7.58	5480327	86002392.000
03/26/2012	7.49	7.79	7.48	7.73	3572490	55549724.000
03/27/2012	7.88	7.88	7.48	7.50	4375945	68001328.000
03/28/2012	7.40	7.40	6.93	6.97	4379860	63082544.000
03/29/2012	6.93	7.03	6.74	6.98	3063415	43056060.000
03/30/2012	6.98	7.07	6.85	7.00	2395566	33971772.000
04/05/2012	7.02	7.23	6.92	7.21	2782245	40100416.000
04/06/2012	7.21	7.34	7.03	7.20	3183272	46498616.000
04/09/2012	7.08	7.18	6.96	7.05	2138018	30680146.000
04/10/2012	6.99	7.08	6.69	7.06	2513089	35133580.000
04/11/2012	6.96	7.10	6.89	7.07	1969874	28059014.000
04/12/2012	7.11	7.24	7.00	7.22	3152073	45674100.000
04/13/2012	7.25	7.45	7.13	7.33	4124636	60925980.000
04/16/2012	7.27	7.33	7.16	7.24	2699414	39730096.000
04/17/2012	7.23	7.40	7.21	7.23	2592246	38327284.000
04/18/2012	7.28	7.57	7.23	7.53	4459904	67096776.000
04/19/2012	7.80	7.83	7.32	7.35	7714294	118245552.000
04/23/2012	7.20	7.22	6.73	6.78	6981437	98193784.000
04/24/2012	6.67	7.21	6.56	6.98	6153354	85564288.000
04/25/2012	6.85	6.94	6.66	6.84	3297549	45510408.000
04/26/2012	6.90	6.90	6.76	6.78	1930882	26655856.000
04/27/2012	6.83	6.88	6.75	6.80	1816595	25180602.000
05/02/2012	6.91	7.03	6.81	6.93	3013459	42260228.000
05/03/2012	6.89	6.94	6.84	6.90	1896653	26536262.000
05/04/2012	6.89	7.00	6.86	6.98	2583805	36439732.000
05/07/2012	6.93	7.20	6.90	7.15	3834645	55259668.000
05/08/2012	7.13	7.15	7.00	7.07	2617234	37464168.000
05/09/2012	6.99	7.03	6.86	6.87	2227264	31303438.000
05/10/2012	6.83	7.13	6.83	7.02	2970249	42288408.000
05/11/2012	6.97	7.10	6.91	7.00	2250676	31953066.000
05/14/2012	7.07	7.09	6.89	6.90	1850173	26273618.000
05/15/2012	6.81	6.88	6.69	6.82	2008225	27490506.000
05/16/2012	6.82	6.82	6.71	6.71	1050693	14386669.000
05/17/2012	6.71	6.89	6.71	6.83	1354306	18717952.000
05/18/2012	6.75	7.12	6.75	6.82	2930868	41383048.000
05/21/2012	6.75	6.90	6.74	6.80	1559103	21520830.000
05/22/2012	6.88	6.94	6.84	6.91	1382489	19171188.000
05/23/2012	6.89	6.93	6.76	6.81	1301209	17887924.000
05/24/2012	6.78	6.95	6.77	6.86	1536711	21239920.000
05/25/2012	6.81	6.88	6.69	6.70	1636154	22287566.000
05/28/2012	6.73	6.73	6.45	6.69	1440674	19098116.000
05/29/2012	6.69	6.89	6.63	6.84	2561682	35195280.000
05/30/2012	6.79	6.94	6.78	6.87	1819188	25209966.000
05/31/2012	6.88	7.15	6.83	7.02	4732506	67023784.000
06/01/2012	7.03	7.09	6.94	6.99	2693918	38029780.000
06/04/2012	6.85	7.39	6.68	6.90	7065852	99463616.000
06/05/2012	6.90	6.93	6.71	6.75	2871271	39308556.000
06/06/2012	6.75	6.92	6.71	6.78	1405904	19312854.000
06/07/2012	6.87	6.90	6.69	6.74	2148531	29432188.000
06/08/2012	6.84	7.20	6.76	6.95	5963333	84218760.000
06/11/2012	6.81	7.07	6.77	7.07	4632350	64592724.000
06/12/2012	6.99	7.13	6.97	7.03	3447211	48889032.000
06/13/2012	7.05	7.10	6.92	7.09	3254434	46069328.000
06/14/2012	7.07	7.18	6.97	6.99	3361115	47999028.000
06/15/2012	6.97	7.08	6.90	7.05	2495728	35184912.000
06/19/2012	6.80	6.89	6.61	6.73	6421980	86876328.000
06/20/2012	6.72	6.74	6.67	6.73	2345937	31686658.000
06/21/2012	6.73	6.76	6.63	6.64	2303299	30989726.000
06/25/2012	6.63	6.65	6.40	6.57	3178761	41909184.000
06/26/2012	6.54	6.60	6.41	6.56	1391247	18214732.000
06/27/2012	6.56	6.64	6.51	6.54	1451876	19273596.000
06/28/2012	6.53	6.58	6.41	6.41	1089401	14243672.000
06/29/2012	6.41	6.43	6.15	6.39	2372310	30156444.000
07/02/2012	6.45	6.50	6.40	6.44	1846449	23951566.000
07/03/2012	6.44	6.51	6.31	6.32	1846369	23832258.000
07/04/2012	6.38	6.38	6.17	6.20	2621525	33035814.000
07/05/2012	6.18	6.18	5.99	6.01	2298331	28007486.000
07/06/2012	6.04	6.12	5.88	6.12	2113926	25582758.000
07/09/2012	6.04	6.10	5.98	5.98	1597022	19450676.000
07/10/2012	6.05	6.13	5.96	6.03	1657329	20180944.000
07/11/2012	6.03	6.04	5.91	6.02	1463773	17644296.000
07/12/2012	6.00	6.17	5.91	6.13	2309890	28315174.000
07/13/2012	6.10	6.13	6.01	6.05	1420942	17361418.000
07/16/2012	6.00	6.03	5.69	5.69	2123487	24881658.000
07/17/2012	5.66	5.74	5.62	5.69	948219	10868108.000
07/18/2012	5.66	5.84	5.66	5.80	1216779	14120529.000
07/19/2012	5.76	5.94	5.76	5.88	1787759	21167832.000
07/20/2012	5.84	5.92	5.80	5.85	1171582	13790797.000
07/23/2012	5.75	5.84	5.70	5.78	743515	8653014.000
07/24/2012	5.76	6.00	5.71	5.93	1571660	18679352.000
07/25/2012	5.91	5.95	5.84	5.85	972510	11567398.000
07/26/2012	5.83	5.95	5.80	5.83	947835	11219625.000
07/27/2012	5.86	5.90	5.77	5.79	751563	8828474.000
07/30/2012	5.80	5.85	5.63	5.69	990260	11379869.000
07/31/2012	5.68	5.78	5.56	5.73	1264334	14400169.000
08/01/2012	5.94	6.25	5.91	5.98	4068609	49574532.000
08/02/2012	5.95	5.95	5.80	5.86	2019110	23866252.000
08/03/2012	5.78	5.97	5.78	5.97	1664680	19861246.000
08/06/2012	5.91	6.17	5.90	6.13	2915807	35569488.000
08/07/2012	6.19	6.28	6.08	6.15	2966419	36804280.000
08/08/2012	6.15	6.18	6.04	6.08	1806977	22231638.000
08/09/2012	6.07	6.16	6.02	6.14	2045670	25130640.000
08/10/2012	6.15	6.20	6.05	6.08	1427284	17573204.000
08/13/2012	6.06	6.06	5.86	5.86	1661705	20025012.000
08/14/2012	5.85	5.91	5.74	5.90	1535137	18034932.000
08/15/2012	5.90	5.92	5.81	5.81	795522	9416846.000
08/16/2012	5.82	5.88	5.78	5.80	637937	7493169.000
08/17/2012	5.80	5.87	5.76	5.86	764199	8979196.000
08/20/2012	5.83	5.91	5.75	5.89	939153	11037015.000
08/21/2012	5.89	6.04	5.89	6.01	1881576	22694126.000
08/22/2012	6.02	6.05	5.90	5.92	1582732	19067276.000
08/23/2012	5.86	6.02	5.86	6.00	1553026	18635652.000
08/24/2012	5.97	5.98	5.84	5.90	1434601	17090302.000
08/27/2012	5.89	5.89	5.68	5.68	1608381	18601238.000
08/28/2012	5.68	5.78	5.65	5.74	752855	8681332.000
08/29/2012	5.67	5.81	5.67	5.73	865550	10058453.000
08/30/2012	5.73	5.84	5.49	5.63	1590426	18145912.000
08/31/2012	5.60	5.66	5.52	5.56	837169	9419569.000
09/03/2012	5.60	5.71	5.56	5.68	885860	10076658.000
09/04/2012	5.68	5.78	5.65	5.70	1310238	15131052.000
09/05/2012	5.69	5.79	5.61	5.73	1221611	14083721.000
09/06/2012	5.76	6.31	5.71	6.15	10667230	133745952.000
09/07/2012	6.08	6.30	6.02	6.26	9456297	117319504.000
09/10/2012	6.15	6.27	6.13	6.22	4144630	51881156.000
09/11/2012	6.23	6.30	6.13	6.18	3355441	42040408.000
09/12/2012	6.20	6.26	6.08	6.20	2903117	36101308.000
09/13/2012	6.18	6.23	6.05	6.05	2031163	25185270.000
09/14/2012	6.14	6.19	6.05	6.09	1782753	22019990.000
09/17/2012	6.08	6.22	5.90	5.90	2499591	30647072.000
09/18/2012	5.86	5.93	5.72	5.77	1969889	23056662.000
09/19/2012	5.80	5.87	5.76	5.84	1186070	13881856.000
09/20/2012	5.84	5.88	5.58	5.62	2069963	23636386.000
09/21/2012	5.60	5.69	5.55	5.57	1077630	12190532.000
09/24/2012	5.55	5.68	5.49	5.64	1247768	14022641.000
09/25/2012	5.61	5.63	5.41	5.41	1604402	17797900.000
09/26/2012	5.45	5.47	5.23	5.24	1523434	16285246.000
09/27/2012	5.28	5.41	5.25	5.35	1576250	16986338.000
09/28/2012	5.34	5.46	5.31	5.46	1409713	15374549.000
10/08/2012	5.50	5.50	5.34	5.38	1129265	12288080.000
10/09/2012	5.43	5.60	5.38	5.58	1928679	21482878.000
10/10/2012	5.53	5.72	5.52	5.65	1974826	22394062.000
10/11/2012	5.62	5.65	5.48	5.50	1368317	15345259.000
10/12/2012	5.54	5.57	5.41	5.48	980078	10851596.000
10/15/2012	5.55	5.62	5.47	5.54	1207512	13487562.000
10/16/2012	5.50	5.59	5.47	5.50	1064051	11873293.000
10/17/2012	5.53	5.77	5.50	5.63	3385096	38698756.000
10/18/2012	5.76	5.84	5.67	5.69	3821653	44290148.000
10/19/2012	5.70	5.70	5.60	5.63	1843429	20957240.000
10/22/2012	5.58	5.64	5.54	5.63	1360602	15311414.000
10/23/2012	5.64	5.67	5.57	5.59	1198310	13601087.000
10/24/2012	5.53	5.56	5.46	5.50	1279109	14194705.000
10/25/2012	5.51	5.55	5.45	5.50	1003310	11136441.000
10/26/2012	5.53	5.62	5.37	5.40	1671470	18634914.000
10/29/2012	5.25	5.42	5.24	5.34	708039	7623717.500
10/30/2012	5.35	5.39	5.28	5.31	727895	7825704.500
10/31/2012	5.35	5.39	5.26	5.38	722842	7773883.500
11/01/2012	5.39	5.55	5.34	5.52	1289774	14275040.000
11/02/2012	5.54	5.54	5.46	5.51	713649	7921435.500
11/05/2012	5.50	5.53	5.43	5.47	749485	8261501.500
11/06/2012	5.45	5.49	5.33	5.41	709839	7712161.500
11/07/2012	5.38	5.49	5.35	5.47	696828	7637109.500
11/08/2012	5.47	5.47	5.28	5.28	835037	9042392.000
11/09/2012	5.20	5.30	5.20	5.23	657739	6961334.000
11/12/2012	5.23	5.33	5.23	5.29	466913	4980634.500
11/13/2012	5.29	5.31	5.18	5.18	596241	6282457.500
11/14/2012	5.30	5.44	5.23	5.27	1465803	15773265.000
11/15/2012	5.11	5.17	5.04	5.06	1273608	13090372.000
11/16/2012	5.06	5.06	4.95	4.99	842885	8475737.000
11/19/2012	4.99	5.04	4.91	5.03	455833	4584621.500
11/20/2012	5.07	5.08	4.99	4.99	512493	5203010.500
11/21/2012	5.00	5.29	4.96	5.16	912775	9360707.000
11/22/2012	5.11	5.11	5.03	5.07	557472	5702768.500
11/23/2012	5.06	5.15	5.05	5.09	646427	6672481.500
11/26/2012	5.15	5.17	5.03	5.03	636810	6585700.000
11/27/2012	4.98	5.00	4.80	4.80	900320	8889802.000
11/28/2012	4.75	4.78	4.63	4.66	548186	5212118.500
11/29/2012	4.74	4.75	4.58	4.60	390810	3688234.250
11/30/2012	4.62	4.74	4.60	4.64	631652	5924826.000
12/03/2012	4.64	4.66	4.42	4.43	645462	5927396.500
12/04/2012	4.43	4.50	4.30	4.48	708413	6272390.000
12/05/2012	4.45	4.72	4.41	4.69	1348226	12621748.000
12/06/2012	4.65	4.72	4.61	4.63	753902	7099112.000
12/07/2012	4.66	4.82	4.62	4.78	1843401	17671864.000
12/10/2012	4.75	4.89	4.72	4.86	1582824	15418371.000
12/11/2012	4.84	4.90	4.78	4.80	1442323	14092307.000
12/12/2012	4.79	4.85	4.65	4.79	1331065	12762351.000
12/13/2012	4.79	4.80	4.71	4.72	907560	8696507.000
12/14/2012	4.70	4.95	4.70	4.95	2671595	26313882.000
12/17/2012	4.95	5.03	4.89	4.96	1981269	19822540.000
12/18/2012	4.96	5.08	4.92	4.94	1737606	17476640.000
12/19/2012	4.93	5.07	4.92	5.02	1786643	18042358.000
12/20/2012	5.02	5.20	4.95	5.19	3461295	35442432.000
12/21/2012	5.10	5.19	5.03	5.10	3650985	37551468.000
12/24/2012	5.05	5.13	5.05	5.09	1512733	15535983.000
12/25/2012	5.26	5.41	5.19	5.22	4170496	44345232.000
12/26/2012	5.18	5.38	5.18	5.36	3773582	40128056.000
12/27/2012	5.36	5.36	5.21	5.21	2895623	30810438.000
12/28/2012	5.18	5.28	5.15	5.27	2006653	21156792.000
12/31/2012	5.28	5.37	5.20	5.33	2377899	25398010.000
01/04/2013	5.45	5.84	5.44	5.60	9558775	109135496.000
01/07/2013	5.51	5.83	5.45	5.79	6744675	77806424.000
01/08/2013	5.74	6.08	5.70	5.97	6370579	76140312.000
01/09/2013	5.93	6.04	5.85	6.02	4114925	49326104.000
01/10/2013	5.99	5.99	5.85	5.91	2882268	34339372.000
01/11/2013	5.88	5.99	5.71	5.73	2795393	32891196.000
01/14/2013	5.68	5.94	5.66	5.88	3710983	43709808.000
01/15/2013	5.91	6.22	5.86	6.05	5273780	64933656.000
01/16/2013	6.03	6.14	5.96	6.10	3401444	41530232.000
01/17/2013	6.08	6.09	5.96	5.98	2131979	25863716.000
01/18/2013	5.96	6.37	5.96	6.32	4859807	60916580.000
01/21/2013	6.30	6.50	6.21	6.33	3438971	43945776.000
01/22/2013	6.31	6.31	6.02	6.09	2858747	35376408.000
01/23/2013	6.05	6.07	5.83	5.95	2343734	28074676.000
01/24/2013	5.95	6.20	5.83	6.00	4009118	48846240.000
01/25/2013	5.97	6.15	5.85	6.04	2844198	34231864.000
01/28/2013	5.94	6.08	5.90	5.95	4841703	58333744.000
01/29/2013	5.97	6.01	5.71	5.92	5321490	62756936.000
01/30/2013	6.00	6.06	5.93	5.98	3897930	47079648.000
01/31/2013	6.02	6.04	5.86	5.91	1640522	19594806.000
02/01/2013	5.89	5.96	5.81	5.92	1378457	16434686.000
02/04/2013	6.00	6.05	5.91	5.92	2932964	35296176.000
02/05/2013	5.87	5.96	5.80	5.93	1796818	21268988.000
02/06/2013	5.93	6.12	5.90	6.05	3033688	36847576.000
02/07/2013	6.05	6.09	5.98	6.08	2610091	31805482.000
02/08/2013	6.05	6.23	6.05	6.19	3032507	37762832.000
02/18/2013	6.23	6.30	6.08	6.20	2328380	28980188.000
02/19/2013	6.22	6.22	6.00	6.02	2048487	25018860.000
02/20/2013	6.02	6.25	6.00	6.25	3793442	47246440.000
02/21/2013	6.25	6.25	5.98	6.05	3430454	42180284.000
02/22/2013	6.00	6.42	5.92	6.36	5492058	68325656.000
02/25/2013	6.31	6.59	6.24	6.45	6071575	78565920.000
02/26/2013	6.44	6.53	6.35	6.38	3418743	44252956.000
02/27/2013	6.38	6.46	6.14	6.19	2804383	35257548.000
02/28/2013	6.27	6.82	6.24	6.69	12721188	170628592.000
03/01/2013	6.68	6.88	6.60	6.79	9414419	128388888.000
03/04/2013	6.81	7.04	6.59	6.70	7670010	105695560.000
03/05/2013	6.63	7.11	6.63	7.05	6469605	90458376.000
03/06/2013	7.05	7.24	6.96	7.15	5300293	75451896.000
03/07/2013	7.14	7.14	6.75	6.95	5030272	70470168.000
03/08/2013	6.94	7.07	6.82	6.88	2603331	36360776.000
03/11/2013	6.93	6.95	6.78	6.93	1776997	24619530.000
03/12/2013	6.90	6.97	6.46	6.58	4069327	54546228.000
03/13/2013	6.55	6.74	6.39	6.62	2810037	37227400.000
03/14/2013	6.65	7.04	6.65	6.94	6012891	83322360.000
03/15/2013	6.94	7.04	6.78	6.90	4195770	58385404.000
03/18/2013	6.79	6.93	6.71	6.73	2776243	38015448.000
03/19/2013	6.70	6.75	6.47	6.66	2811431	37322560.000
03/20/2013	6.65	7.04	6.63	7.01	4663582	64563456.000
03/21/2013	7.02	7.29	6.95	7.02	6474270	92718576.000
03/22/2013	7.01	7.24	6.96	7.11	5231029	74897472.000
03/25/2013	7.13	7.31	7.07	7.17	4113596	59647140.000
03/26/2013	7.12	7.37	6.95	7.30	4291964	61807820.000
03/27/2013	7.27	7.55	7.20	7.49	7075593	105090424.000
03/28/2013	7.39	7.39	7.09	7.19	5358525	78500472.000
03/29/2013	7.17	7.28	7.10	7.14	2553800	36917760.000
04/01/2013	7.09	7.39	7.09	7.24	2380569	34724596.000
04/02/2013	7.20	7.30	6.85	6.86	4269527	60421564.000
04/03/2013	6.86	6.92	6.59	6.64	3601462	48570856.000
04/08/2013	6.46	6.97	6.45	6.88	3136081	42581124.000
04/09/2013	6.88	7.04	6.85	6.95	3264846	45642432.000
04/10/2013	6.96	7.10	6.80	6.95	2770223	38769296.000
04/11/2013	7.04	7.15	6.95	7.02	2431868	34512096.000
04/12/2013	6.95	6.98	6.75	6.75	2053657	28428362.000
04/15/2013	6.70	6.75	6.55	6.68	1431115	19174840.000
04/16/2013	6.59	6.94	6.59	6.94	2300100	31461044.000
04/17/2013	6.98	7.12	6.84	7.11	3618526	50890064.000
04/18/2013	7.05	7.38	7.03	7.28	5332465	77487864.000
04/19/2013	7.32	7.47	7.28	7.38	4150123	61413480.000
04/22/2013	7.37	7.54	7.28	7.44	4382002	65237092.000
04/23/2013	7.47	7.57	7.26	7.40	6308240	93711208.000
04/24/2013	7.30	7.91	7.20	7.85	9178076	140149792.000
04/25/2013	7.79	8.18	7.51	7.55	9404088	148015664.000
04/26/2013	7.59	7.94	7.50	7.50	5349473	82295432.000
05/02/2013	7.45	8.23	7.41	8.13	6519912	103404960.000
05/03/2013	8.14	8.91	8.14	8.74	12682251	218849456.000
05/06/2013	8.70	9.34	8.65	9.15	13064322	234821408.000
05/07/2013	9.09	9.19	8.84	9.03	6345697	114316712.000
05/08/2013	9.02	9.37	8.86	9.35	6678955	122026016.000
05/09/2013	9.33	9.90	9.07	9.46	10975689	209484480.000
05/10/2013	9.35	9.48	9.00	9.17	7022031	129846088.000
05/13/2013	9.04	9.29	8.89	9.28	4351089	78620440.000
05/14/2013	9.20	9.53	9.05	9.48	5105916	94975056.000
05/15/2013	9.50	10.09	9.30	10.02	7735401	151970992.000
05/16/2013	9.91	10.99	9.89	10.24	12180802	252235344.000
05/17/2013	10.01	10.63	10.01	10.42	6330169	131953432.000
05/20/2013	10.30	10.64	10.19	10.45	4531461	94486480.000
05/21/2013	10.30	10.44	9.96	10.30	5713826	116136040.000
05/22/2013	10.27	10.27	9.48	9.67	8167779	159641184.000
05/23/2013	9.65	10.08	9.48	9.72	5243134	102749528.000
05/24/2013	9.68	10.09	9.68	9.99	4222248	84334552.000
05/27/2013	9.93	10.24	9.88	9.91	4762102	96027784.000
05/28/2013	9.88	9.91	8.95	9.40	8082771	150076720.000
05/29/2013	9.39	10.34	9.26	10.34	6124844	121334824.000
05/30/2013	10.50	11.10	10.49	10.85	11466629	247336112.000
05/31/2013	11.00	11.80	10.90	11.59	11875825	267527616.000
06/03/2013	11.60	11.75	10.95	11.27	7193690	163968160.000
06/04/2013	11.11	12.15	11.07	12.00	7884291	184929376.000
06/05/2013	12.04	13.20	11.65	12.95	11247830	289616672.000
06/06/2013	12.65	13.64	12.41	12.95	7925556	207582160.000
06/07/2013	12.71	13.37	11.91	13.06	10828702	275689792.000
06/13/2013	12.60	13.63	12.00	13.15	9026581	232926240.000
06/14/2013	13.05	13.40	12.41	13.06	9373311	242562032.000
06/17/2013	12.90	13.23	12.45	12.67	7459141	190670576.000
06/18/2013	12.61	13.17	12.20	12.51	7106401	179761424.000
06/19/2013	12.38	12.84	12.29	12.66	4453302	112101112.000
06/20/2013	12.30	12.65	12.06	12.10	4702377	115536344.000
06/21/2013	11.81	12.19	11.60	11.98	4291775	102340920.000
06/24/2013	12.03	12.10	10.78	10.86	5757283	130551344.000
06/25/2013	10.84	11.13	9.95	10.98	6042347	129745376.000
06/26/2013	11.31	11.78	11.31	11.70	7680008	177593792.000
06/27/2013	11.75	12.68	11.69	12.14	8762515	214026352.000
06/28/2013	12.00	12.45	11.66	11.80	4790320	115289112.000
07/01/2013	11.59	12.98	11.59	12.98	7724629	194902112.000
07/02/2013	13.40	14.28	13.20	14.28	11723734	322553120.000
07/03/2013	14.19	15.20	13.89	14.84	10083325	290480000.000
07/04/2013	14.67	15.94	14.34	14.55	12097456	364070784.000
07/05/2013	14.58	14.78	13.50	13.51	9786716	276315872.000
07/08/2013	13.29	14.40	13.05	14.05	9905463	272863776.000
07/09/2013	13.75	14.10	13.42	13.80	6145259	169263504.000
07/10/2013	14.25	14.55	13.88	14.40	7898067	225888000.000
07/11/2013	14.24	15.05	14.08	14.93	7308768	214999232.000
07/12/2013	14.89	15.29	14.55	14.60	5092277	152282032.000
07/15/2013	14.75	15.28	14.73	15.02	4037569	120679728.000
07/16/2013	15.20	16.42	15.02	16.04	6452163	202999968.000
07/17/2013	16.18	16.45	15.26	15.80	5674408	178939984.000
07/18/2013	15.66	16.09	15.25	15.46	4523250	141861136.000
07/19/2013	15.44	15.74	14.86	14.91	5335569	162760976.000
07/22/2013	14.83	15.49	14.55	15.25	4231451	128164848.000
07/23/2013	15.30	15.87	15.19	15.81	4729952	147161344.000
07/24/2013	15.85	15.86	15.19	15.55	4480842	138641040.000
07/25/2013	15.43	15.68	14.16	14.34	5499660	161788080.000
07/26/2013	14.38	14.70	13.80	14.16	4672548	132638656.000
07/29/2013	14.01	14.29	13.40	13.48	5912836	162230080.000
07/30/2013	13.85	14.38	13.47	14.03	7747063	214208272.000
07/31/2013	14.03	14.70	13.56	14.56	8490644	242735824.000
08/01/2013	14.49	15.24	14.35	14.95	4677028	139295488.000
08/02/2013	14.96	15.06	14.73	14.80	3537600	105499768.000
08/05/2013	14.80	15.08	14.76	14.99	2764113	82632352.000
08/06/2013	14.95	14.95	14.40	14.47	7302325	212266944.000
08/07/2013	14.31	14.45	13.63	13.92	6220976	173243328.000
08/08/2013	13.92	14.20	13.78	13.96	3241893	91222648.000
08/09/2013	14.13	14.18	13.63	14.07	3955183	109760240.000
08/12/2013	13.94	14.25	13.85	14.05	3344590	93820616.000
08/13/2013	14.05	15.45	14.01	15.09	9632097	289179360.000
08/14/2013	15.09	15.15	14.50	14.80	4482236	132767984.000
08/15/2013	14.84	14.84	14.46	14.50	3498872	102382048.000
08/16/2013	14.45	14.88	14.19	14.34	4136439	121225096.000
08/19/2013	14.45	15.50	14.35	15.45	7055653	211456816.000
08/20/2013	15.50	16.19	15.30	15.84	6728709	214193248.000
08/21/2013	15.87	16.23	15.60	16.16	4076097	130265472.000
08/22/2013	16.16	17.59	15.83	17.30	5219151	175343792.000
08/23/2013	17.11	18.15	16.79	18.00	6450721	225086992.000
08/26/2013	17.82	19.24	17.76	18.30	5410506	200155280.000
08/27/2013	18.00	19.00	17.41	18.79	4611529	168456800.000
08/28/2013	18.50	19.85	18.25	19.30	5140743	197929712.000
08/29/2013	19.00	19.48	18.39	18.50	3012594	113479096.000
08/30/2013	18.22	18.50	17.49	17.55	3026290	108293168.000
09/02/2013	17.50	18.20	17.40	17.55	2242264	79952784.000
09/03/2013	17.60	19.30	17.55	19.30	3951074	148197120.000
09/04/2013	19.30	19.60	18.46	18.90	4035871	152408592.000
09/05/2013	18.75	19.50	18.53	18.96	3279017	124031040.000
09/06/2013	18.95	19.86	18.61	19.48	4603994	177701904.000
09/09/2013	19.27	19.58	18.76	19.35	2665335	101581120.000
09/10/2013	19.33	19.33	17.85	18.35	3813978	140113712.000
09/11/2013	18.33	18.33	16.85	18.03	3317273	117013784.000
09/12/2013	17.78	18.29	17.32	17.53	2123053	75202672.000
09/13/2013	17.36	18.83	17.26	18.34	2957033	108122784.000
09/16/2013	18.30	18.95	18.11	18.34	2442444	90678040.000
09/17/2013	18.05	18.49	17.66	17.88	1513842	54482060.000
09/18/2013	18.21	18.69	17.84	17.95	1976542	71923776.000
09/23/2013	17.96	18.62	17.50	18.48	3047959	110011152.000
09/24/2013	18.40	19.11	18.30	18.89	3108424	116936216.000
09/25/2013	18.78	18.97	18.00	18.32	2489146	91936328.000
09/26/2013	18.17	18.49	17.51	17.52	1793351	64419720.000
09/27/2013	17.54	17.80	17.51	17.56	1168625	41199168.000
09/30/2013	17.64	18.89	17.59	18.75	3064047	112783360.000
10/08/2013	18.54	18.54	17.85	18.41	2119950	77537624.000
10/09/2013	18.42	19.23	18.35	19.01	2261687	85657592.000
10/10/2013	19.80	20.91	19.39	20.80	7733381	316910432.000
10/11/2013	20.65	21.50	20.14	21.05	4568456	191530880.000
10/14/2013	21.00	21.05	19.70	20.69	4320879	175596208.000
10/15/2013	20.39	20.60	19.81	19.95	2163099	86907232.000
10/16/2013	19.92	19.92	18.85	19.22	2697636	104192760.000
10/17/2013	19.30	19.70	18.99	19.09	1969780	76104448.000
10/18/2013	19.20	19.48	18.76	19.29	1738910	66354480.000
10/21/2013	19.09	20.09	19.06	19.85	1816387	71616208.000
10/22/2013	19.62	20.00	18.21	18.56	3043547	116159944.000
10/23/2013	18.50	18.54	17.40	18.18	2798027	100103896.000
10/24/2013	18.40	19.99	18.20	18.59	3712998	141574512.000
10/25/2013	18.60	19.25	17.58	19.22	3189976	117318688.000
10/28/2013	18.99	20.75	18.95	20.22	3610299	145154144.000
10/29/2013	20.11	20.38	18.86	19.98	2480135	97118488.000
10/30/2013	19.94	20.15	19.40	19.77	1886439	74919000.000
10/31/2013	19.60	20.29	19.08	19.29	2803971	110721720.000
11/01/2013	19.00	20.14	17.95	20.09	3298888	125222664.000
11/04/2013	19.90	20.70	19.65	19.81	2260371	91277304.000
11/05/2013	19.73	20.43	19.25	20.27	1733999	69475672.000
11/06/2013	20.06	20.75	19.30	19.38	2435162	97353768.000
11/07/2013	19.02	19.59	18.56	19.00	1960298	74461240.000
11/08/2013	18.80	19.15	18.45	18.55	1600941	59800444.000
11/11/2013	18.75	18.85	18.25	18.50	1678298	62356556.000
11/12/2013	18.51	18.83	17.80	18.13	2552551	92593088.000
11/13/2013	18.16	18.44	18.01	18.13	1047296	38139036.000
11/14/2013	18.13	18.90	17.53	18.56	2079011	75642400.000
11/15/2013	18.45	19.25	18.44	19.11	1941266	73800432.000
11/18/2013	19.01	19.50	18.91	19.41	1574886	60536892.000
11/19/2013	19.27	19.64	19.10	19.39	1260146	48958072.000
11/20/2013	19.53	19.53	19.07	19.23	1100956	42333720.000
11/21/2013	19.15	19.15	18.23	18.55	1848053	68964168.000
11/22/2013	18.78	19.35	18.40	18.48	2543323	96143824.000
11/25/2013	18.25	18.55	17.68	18.55	3067523	110502280.000
11/26/2013	18.31	18.44	17.88	18.18	2563108	93232320.000
11/27/2013	18.26	18.75	17.91	18.28	3771575	138766928.000
11/28/2013	18.25	19.94	18.25	19.67	5364339	207483056.000
11/29/2013	19.60	19.94	19.41	19.90	3417315	134744624.000
12/02/2013	18.00	19.44	18.00	18.65	4787245	178377856.000
12/03/2013	18.45	19.10	17.96	18.65	1658421	61207632.000
12/04/2013	18.62	19.29	18.41	18.65	1567672	58993908.000
12/05/2013	18.81	19.25	16.79	17.10	7143136	246390240.000
12/06/2013	16.95	17.04	16.06	16.76	5357010	176466784.000
12/09/2013	16.66	17.00	16.56	16.66	2168551	72675680.000
12/10/2013	16.76	17.08	16.57	16.85	1682909	56483968.000
12/11/2013	16.82	16.93	16.41	16.50	1434612	47856884.000
12/12/2013	16.35	16.99	16.25	16.75	1850971	62204620.000
12/13/2013	16.94	17.05	16.57	16.75	1411452	47512736.000
12/16/2013	16.76	16.81	16.53	16.59	792246	26393586.000
12/17/2013	16.51	16.70	16.09	16.54	1406270	46056456.000
12/18/2013	16.55	16.93	16.35	16.83	1175873	39394812.000
12/19/2013	16.61	17.05	16.61	16.91	1199076	40648732.000
12/20/2013	16.81	17.08	16.21	16.50	1179060	39281896.000
12/23/2013	16.33	16.53	15.76	16.28	998030	32320668.000
12/24/2013	16.29	16.75	16.14	16.40	806000	26609782.000
12/25/2013	16.65	17.10	16.41	17.07	1831821	61648480.000
12/26/2013	17.22	17.22	16.44	16.59	1536183	51339228.000
12/27/2013	16.60	16.83	16.46	16.58	1204740	40036568.000
12/30/2013	17.11	17.47	16.76	17.45	2177140	74852336.000
12/31/2013	17.35	17.64	16.96	17.50	2057102	71237488.000
01/02/2014	17.67	17.67	17.22	17.30	1609913	55895272.000
01/03/2014	17.42	18.10	17.26	17.94	2478588	88467408.000
01/06/2014	17.80	18.00	17.00	17.16	1676607	59137288.000
01/07/2014	17.16	17.86	17.05	17.85	1455987	50978368.000
01/08/2014	18.00	19.63	18.00	19.63	5481890	209452496.000
01/09/2014	19.60	20.13	19.20	19.26	4606359	181547520.000
01/10/2014	19.15	20.05	19.01	19.30	2878590	112704504.000
01/13/2014	19.30	20.57	18.61	20.22	3264219	130769760.000
01/14/2014	20.20	20.55	19.91	20.28	1500527	60917776.000
01/15/2014	20.43	21.00	19.86	20.25	1686084	68846104.000
01/16/2014	20.26	21.19	20.26	20.55	2874578	119765656.000
01/17/2014	20.40	21.29	19.81	20.53	2351966	98269480.000
03/04/2014	22.58	22.58	22.58	22.58	144757	6537226.000
03/05/2014	24.84	24.84	24.60	24.84	7298833	362584384.000
03/06/2014	24.84	24.98	23.91	24.86	8863917	433624288.000
03/07/2014	24.65	25.49	23.40	23.74	6806770	334805408.000
03/10/2014	23.00	23.00	22.10	22.37	3766835	170707168.000
03/11/2014	22.37	22.54	20.14	20.50	8089893	336342176.000
03/12/2014	20.25	20.64	19.31	19.84	5521215	220294896.000
03/13/2014	20.09	20.41	19.80	20.22	4654192	186826144.000
03/14/2014	19.86	20.62	19.50	20.10	4987593	198433296.000
03/17/2014	20.30	21.58	20.06	21.13	4783186	200264096.000
03/18/2014	21.19	21.50	20.96	21.11	3759606	159415088.000
03/19/2014	21.11	21.25	19.75	20.00	6290652	253311776.000
03/20/2014	20.00	20.09	18.95	18.95	5061429	197604704.000
03/21/2014	18.62	18.95	17.55	18.50	6181533	226653072.000
03/24/2014	18.42	18.67	17.91	18.00	4085473	148190208.000
03/25/2014	17.83	18.60	17.61	18.21	3428750	124266400.000
03/26/2014	18.28	19.04	18.14	18.81	4399851	164703936.000
03/27/2014	18.82	18.97	18.01	18.04	2831102	103930344.000
03/28/2014	17.88	18.08	16.76	16.96	4629561	159181296.000
03/31/2014	17.00	17.28	16.67	17.00	2853706	97010944.000
04/01/2014	17.00	17.84	17.00	17.55	2718714	95124512.000
04/02/2014	17.55	17.73	16.75	17.06	3049647	103996840.000
04/03/2014	17.20	17.35	16.39	16.52	9344659	156929056.000
04/04/2014	16.50	17.04	16.31	16.86	9221009	154669536.000
04/08/2014	16.60	16.62	15.66	16.28	12808622	206011184.000
04/09/2014	16.25	17.25	16.20	17.14	19051777	319689120.000
04/10/2014	17.00	18.58	16.85	17.93	24476499	430874880.000
04/11/2014	17.55	18.10	17.39	17.86	14371152	254109712.000
04/14/2014	17.87	18.06	17.42	17.50	10041825	177167552.000
04/15/2014	17.49	17.59	16.70	16.83	12744155	217473520.000
04/16/2014	16.70	17.21	16.53	16.93	8111210	137481136.000
04/17/2014	17.10	17.37	16.90	17.14	7946009	136410848.000
04/18/2014	17.00	17.12	16.66	17.02	7853379	132627832.000
04/21/2014	16.81	17.06	16.41	16.46	8763345	147094352.000
04/22/2014	16.43	16.62	15.67	15.94	9232984	147923200.000
04/23/2014	15.88	16.07	15.39	15.57	7211323	113111000.000
04/24/2014	15.62	15.67	15.20	15.55	6672983	102982840.000
04/25/2014	15.54	15.65	15.03	15.06	5826626	89595384.000
04/28/2014	15.05	15.05	14.13	14.20	8083808	116688200.000
04/29/2014	14.15	14.60	14.07	14.55	4603740	66439196.000
04/30/2014	14.49	15.09	14.49	14.67	5730015	84551088.000
05/05/2014	14.68	15.22	14.61	15.20	5977837	89981152.000
05/06/2014	15.12	15.37	15.09	15.12	6961528	105985992.000
05/07/2014	15.10	15.10	14.67	14.72	5236926	77467760.000
05/08/2014	14.58	15.05	14.46	14.75	4163127	61726296.000
05/09/2014	14.74	14.75	14.24	14.34	4196120	60699468.000
05/12/2014	14.51	15.77	14.51	15.77	10723541	163710688.000
05/13/2014	15.90	16.06	15.35	15.53	8651631	135719440.000
05/14/2014	15.41	15.50	15.03	15.25	6134952	93690944.000
05/15/2014	15.16	15.48	14.90	14.95	5370075	81671120.000
05/16/2014	14.81	14.89	14.32	14.50	6464365	93997128.000
05/19/2014	14.50	14.95	14.20	14.65	4311741	63104740.000
05/20/2014	14.86	15.30	14.70	14.81	7359368	110546304.000
05/21/2014	14.75	15.25	14.40	15.23	7170147	106969144.000
05/22/2014	15.21	15.65	14.99	15.00	9779131	149925600.000
05/23/2014	15.10	15.94	15.02	15.85	12191438	189115536.000
05/26/2014	16.12	16.47	15.84	16.00	15635488	251298288.000
05/27/2014	15.96	15.96	15.61	15.73	7541032	118933904.000
05/28/2014	15.73	16.54	15.70	16.36	14633691	237099712.000
05/29/2014	16.38	16.46	15.80	15.88	9183517	147520752.000
05/30/2014	16.00	16.26	15.80	16.01	5434500	87200336.000
06/03/2014	16.03	16.30	15.75	16.10	6841464	109620232.000
06/04/2014	16.01	16.05	15.58	15.79	5117187	80696696.000
06/05/2014	15.80	16.15	15.71	16.13	6226026	99500648.000
06/06/2014	16.15	16.38	15.73	15.95	7800604	125197624.000
06/09/2014	15.80	15.98	15.60	15.74	5432138	85501552.000
06/10/2014	15.88	16.30	15.57	16.21	9026615	144942784.000
06/11/2014	16.11	16.35	16.01	16.23	7293458	118170688.000
06/12/2014	16.11	16.58	15.86	16.36	10571800	171740592.000
06/13/2014	16.33	17.45	16.22	17.37	16702913	284119200.000
06/16/2014	17.21	17.29	16.90	17.13	11954923	204804176.000
06/17/2014	17.15	17.23	16.80	16.82	8054983	136647136.000
06/18/2014	16.72	16.95	16.54	16.80	5722300	95795432.000
06/19/2014	16.79	16.94	15.50	15.75	8066210	130487152.000
06/20/2014	15.82	16.04	15.60	15.85	7189034	113640104.000
06/23/2014	15.82	16.36	15.80	16.13	10361538	166304592.000
06/24/2014	16.25	16.25	15.33	15.49	18575795	291810528.000
06/25/2014	15.36	15.37	13.94	14.58	26341478	381305216.000
06/26/2014	14.44	14.99	14.30	14.86	13794058	203170272.000
06/27/2014	14.94	16.21	14.94	16.05	28298602	441859968.000
06/30/2014	15.91	15.93	15.51	15.77	15920628	250150048.000
07/01/2014	15.84	16.65	15.83	16.25	18927356	308468832.000
07/02/2014	16.25	16.58	15.81	16.37	14257528	231173744.000
07/03/2014	16.39	17.39	16.05	17.13	27774400	465074688.000
07/04/2014	17.14	18.78	16.88	18.30	40103034	725463040.000
07/07/2014	18.42	18.44	17.54	17.67	25704963	460963840.000
07/08/2014	17.71	19.28	17.71	18.98	30070935	553259136.000
07/09/2014	18.89	19.43	18.40	18.75	26592323	504338368.000
07/10/2014	19.10	19.74	17.80	18.00	26584873	500752960.000
07/11/2014	17.70	18.76	17.52	18.26	15679368	285585568.000
07/14/2014	18.48	19.26	18.02	18.95	21849960	409793248.000
07/15/2014	18.31	18.47	17.48	17.73	26056258	466713312.000
07/16/2014	17.50	17.88	16.80	17.08	14122704	244489456.000
07/17/2014	17.14	17.47	16.85	17.46	9984162	171772912.000
07/18/2014	17.31	17.82	17.21	17.40	12657215	222205056.000
07/21/2014	17.31	17.31	16.47	16.48	15618463	261823648.000
07/22/2014	16.45	18.13	16.33	18.13	34030952	602661696.000
07/23/2014	18.31	18.31	17.59	17.83	19543613	349719456.000
07/24/2014	17.80	17.92	16.50	17.24	16008536	274742144.000
07/25/2014	17.22	17.59	16.99	17.24	11403544	197302112.000
07/28/2014	17.25	17.59	16.91	17.47	13103980	226867120.000
07/29/2014	17.50	18.21	17.32	18.00	20044031	357991168.000
07/30/2014	18.00	18.75	17.76	18.38	23638724	431331232.000
07/31/2014	18.30	18.54	18.00	18.27	14031693	256620672.000
08/01/2014	18.15	18.47	17.59	17.63	13507522	243207200.000
08/04/2014	17.65	17.96	17.50	17.78	7708308	136883744.000
08/05/2014	17.80	18.33	17.58	18.31	14203903	257116752.000
08/06/2014	18.21	18.33	17.90	18.06	11350881	205890496.000
08/07/2014	18.19	18.48	18.00	18.09	13626936	248998224.000
08/08/2014	18.08	18.35	18.02	18.16	8367863	151908688.000
08/11/2014	18.16	18.32	18.00	18.20	12010238	218216288.000
08/12/2014	18.19	18.55	18.08	18.50	15358035	282292320.000
08/13/2014	18.51	18.58	17.89	18.17	12572668	228086560.000
08/14/2014	18.10	18.24	17.66	17.70	11585643	208013120.000
08/15/2014	17.72	17.95	17.72	17.87	7687675	136981536.000
08/18/2014	17.90	18.28	17.89	18.26	11562476	209707936.000
08/19/2014	18.28	18.45	18.10	18.34	13294889	242755536.000
08/20/2014	18.34	18.36	18.01	18.10	10255950	186242528.000
08/21/2014	18.03	18.20	17.72	18.03	9878363	177008368.000
08/22/2014	18.02	18.22	17.84	18.20	10258230	185039504.000
08/25/2014	18.25	18.60	18.09	18.60	21741493	400480384.000
08/26/2014	18.50	18.76	17.90	18.04	14408434	263908192.000
08/27/2014	17.83	18.13	17.80	17.89	7278561	130538192.000
08/28/2014	17.80	17.80	17.01	17.20	12401097	215507488.000
08/29/2014	17.13	17.43	17.10	17.28	6999158	120634824.000
09/01/2014	17.35	17.53	17.25	17.48	7320364	127508472.000
09/02/2014	17.52	17.86	17.48	17.76	9530220	168994096.000
09/03/2014	17.79	17.91	17.52	17.76	12541835	222386224.000
09/04/2014	17.76	18.16	17.62	18.16	15473712	276059456.000
09/05/2014	18.18	18.19	17.80	17.88	13532495	242901760.000
09/09/2014	18.15	18.48	18.04	18.27	20540459	375742816.000
09/10/2014	18.28	18.32	18.05	18.20	12030059	218303760.000
09/11/2014	18.20	18.47	17.94	18.12	17210812	314215168.000
09/12/2014	18.15	18.45	18.06	18.40	14416936	263669328.000
09/15/2014	18.41	18.43	18.10	18.28	11664951	212814768.000
09/16/2014	18.25	18.25	17.48	17.48	15814935	282525312.000
09/17/2014	17.40	17.55	17.19	17.45	7294170	126526768.000
09/18/2014	17.40	17.61	17.27	17.44	5135626	89677864.000
09/19/2014	17.38	17.66	17.38	17.57	4720519	82807360.000
09/22/2014	17.61	17.61	17.06	17.12	6394897	110309312.000
09/23/2014	17.12	17.44	17.10	17.34	4719120	81596368.000
09/24/2014	17.32	17.65	17.15	17.52	6630629	115550816.000
09/25/2014	17.55	17.65	17.34	17.38	7825746	137151520.000
09/26/2014	17.35	17.47	17.17	17.44	7543412	130384648.000
09/29/2014	17.56	17.65	17.45	17.54	7142297	125203544.000
09/30/2014	17.63	17.63	17.51	17.56	6628787	116394400.000
10/08/2014	17.58	17.76	17.39	17.75	8222127	144902160.000
10/09/2014	17.70	19.16	17.67	18.80	34711362	640646656.000
10/10/2014	18.60	18.60	18.20	18.42	16881600	310643808.000
10/13/2014	18.10	18.10	17.42	17.63	18116500	319569024.000
10/14/2014	17.63	17.74	17.42	17.52	9588078	168251152.000
10/15/2014	17.52	17.64	17.41	17.61	6615423	116089160.000
10/16/2014	17.50	17.61	17.10	17.13	9530437	165430528.000
10/17/2014	17.13	17.40	17.02	17.28	7447633	128185624.000
10/20/2014	17.38	17.48	17.23	17.37	4121417	71399616.000
10/21/2014	17.38	17.38	17.05	17.16	4660295	80099952.000
10/22/2014	17.20	17.32	16.80	16.81	4360180	74648640.000
10/23/2014	16.81	16.88	16.10	16.10	8132666	132770032.000
10/24/2014	16.08	16.33	16.03	16.22	5444147	88205232.000
10/27/2014	16.23	16.23	15.86	16.03	4200220	67158472.000
10/28/2014	16.15	16.58	16.14	16.51	5272887	86562000.000
10/29/2014	16.67	16.95	16.34	16.88	8630503	144141872.000
10/30/2014	16.93	17.09	16.76	16.87	8114699	137043680.000
10/31/2014	16.80	16.89	16.18	16.72	8197026	135412320.000
数据来源:通达信
