300045 华力创通 日线
      日期	    开盘	    最高	    最低	    收盘	    成交量	    成交额
10/08/2010	9.08	9.18	9.02	9.08	697779	25795950.000
10/11/2010	9.05	9.13	8.89	8.97	882706	32225236.000
10/12/2010	8.88	9.14	8.88	8.94	713492	26117396.000
10/13/2010	8.94	8.98	8.72	8.87	585309	21121106.000
10/14/2010	8.93	9.09	8.74	8.77	584421	21154568.000
10/15/2010	8.75	8.97	8.61	8.67	602299	21493606.000
10/18/2010	8.64	8.67	8.42	8.55	455301	15827338.000
10/19/2010	8.64	9.22	8.57	9.08	1108840	40929248.000
10/20/2010	8.99	9.32	8.84	9.04	1011429	37568340.000
10/21/2010	8.99	9.34	8.97	9.19	906203	34031972.000
10/22/2010	9.25	9.44	9.17	9.19	744346	28153930.000
10/25/2010	9.25	9.67	9.14	9.39	1268191	48730788.000
10/26/2010	9.39	9.54	9.14	9.18	946902	35831880.000
10/27/2010	9.14	9.18	8.89	9.18	1322297	48747304.000
10/28/2010	9.12	9.22	9.08	9.19	516587	19199484.000
10/29/2010	9.21	9.59	9.19	9.54	1102524	42423428.000
11/01/2010	9.55	9.99	9.55	9.92	1529493	61135836.000
11/02/2010	9.88	9.89	9.47	9.52	1354946	53395820.000
11/03/2010	9.35	9.50	9.07	9.11	1077922	40540528.000
11/04/2010	9.12	9.28	9.04	9.26	755863	28143770.000
11/05/2010	9.30	9.41	9.18	9.39	860843	32466100.000
11/08/2010	9.37	9.62	9.36	9.52	676805	26136600.000
11/09/2010	9.47	9.64	9.47	9.57	629344	24460228.000
11/10/2010	9.57	9.80	9.47	9.66	628347	24780376.000
11/11/2010	9.69	9.91	9.48	9.52	1009236	40140932.000
11/12/2010	9.55	9.67	9.07	9.22	1092967	41472440.000
11/15/2010	9.41	10.15	9.41	10.15	2311682	93468432.000
11/16/2010	10.34	10.34	9.69	9.82	2147952	87557416.000
11/17/2010	9.60	9.88	9.37	9.46	874044	34374528.000
11/18/2010	9.47	9.97	9.38	9.97	1013867	40171328.000
11/19/2010	9.94	10.34	9.90	10.26	1158448	47651436.000
11/22/2010	10.28	10.64	10.20	10.47	1478179	62616116.000
11/23/2010	10.39	10.94	10.31	10.87	1693532	73011360.000
11/24/2010	10.89	10.99	10.67	10.85	979213	43234216.000
11/25/2010	10.97	11.00	10.49	10.76	1207078	52638172.000
11/26/2010	10.71	10.81	10.56	10.80	678177	29440734.000
11/29/2010	10.74	11.42	10.69	11.31	1351361	60949184.000
11/30/2010	11.27	11.37	10.57	10.80	1284185	56457996.000
12/01/2010	10.79	11.08	10.72	10.89	552139	24482700.000
12/02/2010	10.97	10.97	10.57	10.57	786696	34257508.000
12/03/2010	10.54	10.66	10.28	10.41	523228	22125474.000
12/06/2010	10.37	10.50	10.09	10.17	570330	23723230.000
12/07/2010	10.19	10.44	10.04	10.39	410270	17171322.000
12/08/2010	10.37	10.53	10.34	10.42	439449	18603798.000
12/09/2010	10.34	10.40	9.97	9.97	521900	21558528.000
12/10/2010	9.98	10.14	9.92	10.09	825861	33652644.000
12/13/2010	10.11	10.59	10.11	10.54	651953	27646348.000
12/14/2010	10.54	10.83	10.54	10.72	547820	23789564.000
12/15/2010	10.73	10.79	10.55	10.59	355422	15319274.000
12/16/2010	10.59	10.75	10.59	10.63	296019	12840591.000
12/17/2010	10.60	10.97	10.60	10.90	566270	24844818.000
12/20/2010	10.96	11.29	10.72	11.01	1078933	48327220.000
12/21/2010	10.97	11.03	10.74	10.87	414467	18368808.000
12/22/2010	10.87	11.06	10.81	11.02	352624	15644688.000
12/23/2010	10.97	11.01	10.49	10.51	558675	24161272.000
12/24/2010	10.49	10.49	10.05	10.21	351758	14586859.000
12/27/2010	10.34	10.34	9.87	9.90	344288	14134189.000
12/28/2010	9.84	9.98	9.76	9.87	237512	9505910.000
12/29/2010	9.87	10.01	9.84	10.01	310619	12572779.000
12/30/2010	9.92	10.07	9.92	10.02	151020	6136218.000
12/31/2010	10.00	10.31	10.00	10.17	308199	12658240.000
01/04/2011	10.22	10.33	10.15	10.29	269247	11198510.000
01/05/2011	10.29	10.49	10.29	10.44	285181	12011933.000
01/06/2011	10.44	10.48	10.19	10.23	353304	14759450.000
01/07/2011	10.19	10.27	10.03	10.07	245719	10142337.000
01/10/2011	10.16	10.16	9.55	9.61	319560	12789268.000
01/11/2011	9.61	9.61	9.31	9.37	423568	16196227.000
01/12/2011	9.41	9.53	9.34	9.51	173735	6679222.000
01/13/2011	9.55	9.79	9.55	9.72	217282	8566536.000
01/14/2011	9.73	9.73	9.42	9.47	175893	6792793.500
01/17/2011	9.37	9.49	9.24	9.28	154740	5903814.500
01/18/2011	9.32	9.51	9.22	9.41	96557	3669992.250
01/19/2011	9.48	9.58	9.38	9.56	117171	4527559.500
01/20/2011	9.57	9.72	9.39	9.45	256327	9988895.000
01/21/2011	9.38	9.65	9.38	9.59	220778	8604163.000
01/25/2011	9.33	9.33	8.82	8.85	327389	11934111.000
01/26/2011	8.89	9.06	8.74	9.05	146891	5382441.000
01/27/2011	8.99	9.24	8.99	9.15	145418	5419761.000
01/28/2011	8.84	9.23	8.81	9.16	128125	4745817.500
01/31/2011	9.14	9.19	9.08	9.16	150022	5574600.000
02/01/2011	9.14	9.24	9.09	9.11	112511	4178225.500
02/09/2011	9.09	9.24	9.00	9.00	227750	8421497.000
02/10/2011	9.06	9.34	9.02	9.28	286176	10718382.000
02/11/2011	9.34	9.50	9.34	9.44	192761	7403892.000
02/14/2011	9.42	9.56	9.34	9.55	439050	16907272.000
02/15/2011	10.52	10.52	10.52	10.52	398897	17040880.000
02/16/2011	10.95	11.34	10.70	11.09	2368618	104967184.000
02/17/2011	11.12	11.81	10.84	11.34	1982200	90887008.000
02/18/2011	11.31	11.88	11.29	11.34	1495133	70267416.000
02/21/2011	11.39	11.67	11.11	11.52	1094493	50490880.000
02/22/2011	12.22	12.68	11.96	12.56	4107985	210301488.000
02/23/2011	12.42	12.79	12.22	12.55	2134849	108267304.000
02/24/2011	12.47	12.47	11.72	11.81	2025894	98296152.000
02/25/2011	11.72	11.87	11.54	11.71	1007794	47923148.000
02/28/2011	11.81	12.06	11.59	11.94	852752	41146620.000
03/01/2011	11.94	11.99	11.51	11.54	1023928	48608268.000
03/02/2011	11.47	11.54	11.14	11.32	1040868	47710404.000
03/03/2011	11.34	11.42	11.07	11.15	709497	32303950.000
03/04/2011	11.20	11.39	11.14	11.37	577422	26454114.000
03/07/2011	11.39	11.45	11.29	11.35	554746	25568410.000
03/08/2011	11.42	11.79	11.35	11.66	837250	39368000.000
03/09/2011	11.69	11.91	11.53	11.87	692392	33006896.000
03/10/2011	11.85	12.21	11.62	11.68	947655	45813364.000
03/11/2011	11.67	12.34	11.67	11.94	824450	40054060.000
03/14/2011	11.92	12.05	11.74	11.84	479326	22999150.000
03/15/2011	11.86	11.86	11.35	11.47	653868	30512474.000
03/16/2011	11.44	11.64	11.42	11.55	364054	17000212.000
03/17/2011	11.49	11.49	11.24	11.26	435239	20056012.000
03/18/2011	11.29	11.44	11.29	11.39	228789	10559063.000
03/21/2011	11.49	11.84	11.47	11.66	506598	24014110.000
03/22/2011	11.72	11.83	11.57	11.66	390117	18467422.000
03/23/2011	11.71	11.99	11.71	11.91	498420	24001202.000
03/24/2011	11.89	12.06	11.84	11.85	447521	21653922.000
03/25/2011	11.89	11.89	11.64	11.66	424238	20163736.000
03/28/2011	11.67	11.75	11.49	11.53	305767	14416776.000
03/29/2011	11.41	11.56	10.97	11.08	555377	25389978.000
03/30/2011	11.09	11.15	10.85	11.01	270140	12065894.000
03/31/2011	11.14	11.26	11.01	11.04	273374	12323635.000
04/01/2011	11.04	11.24	10.98	11.23	173274	7834969.500
04/06/2011	11.20	11.20	11.02	11.02	232860	10448543.000
04/07/2011	11.02	11.22	11.01	11.14	172024	7775938.500
04/08/2011	11.14	11.41	11.07	11.40	225199	10314309.000
04/11/2011	11.60	11.83	11.45	11.46	462400	21804982.000
04/12/2011	11.47	11.59	11.29	11.33	257942	11995172.000
04/13/2011	11.33	11.64	11.22	11.57	264827	12369314.000
04/14/2011	11.54	11.65	11.44	11.53	160991	7531767.000
04/15/2011	11.64	11.64	11.34	11.41	185818	8615678.000
04/18/2011	11.41	11.48	11.32	11.33	165800	7647223.500
04/19/2011	11.33	11.33	10.98	11.10	206078	9290488.000
04/20/2011	11.12	11.33	11.12	11.32	135095	6144770.000
04/21/2011	11.29	11.59	11.29	11.46	205423	9575529.000
04/22/2011	11.49	11.54	11.34	11.46	192487	8939980.000
04/25/2011	11.34	11.42	10.72	10.80	416029	18540834.000
04/26/2011	10.84	10.89	10.52	10.57	246926	10655437.000
04/28/2011	10.34	10.51	9.87	10.02	366682	15135823.000
04/29/2011	10.08	10.29	9.93	10.27	152740	6287149.500
05/03/2011	10.32	10.44	10.30	10.39	97209	4096853.750
05/04/2011	10.34	10.39	10.09	10.12	134953	5608197.500
05/05/2011	10.01	10.23	10.01	10.15	114999	4732672.000
05/06/2011	10.04	10.19	9.96	10.18	124579	5117295.500
05/09/2011	10.14	10.34	10.14	10.29	97176	4054563.500
05/10/2011	10.32	10.42	10.23	10.42	114387	4795566.000
05/11/2011	10.54	10.54	10.27	10.43	105033	4429793.500
05/12/2011	10.42	10.42	10.09	10.09	143953	6004393.000
05/13/2011	10.12	10.21	10.07	10.17	132457	5454757.000
05/16/2011	10.18	10.49	10.14	10.45	287890	12146333.000
05/17/2011	10.47	10.50	10.22	10.42	152560	6442695.000
05/18/2011	10.42	10.64	10.42	10.56	141931	6087862.000
05/19/2011	10.60	10.86	10.60	10.67	192086	8399716.000
05/20/2011	10.67	10.75	10.54	10.67	176923	7631190.500
05/23/2011	10.67	10.67	10.29	10.39	144448	6131576.000
05/24/2011	10.30	10.59	10.22	10.52	179102	7586909.500
05/25/2011	10.56	10.68	10.27	10.34	161300	6858017.000
05/26/2011	10.39	10.64	10.29	10.34	171567	7299185.000
05/27/2011	10.31	10.40	9.90	10.02	240131	9856183.000
05/30/2011	10.01	10.17	9.74	9.89	104110	4224308.500
05/31/2011	9.89	10.06	9.82	10.06	98373	3972549.500
06/01/2011	9.99	10.09	9.95	10.08	55748	2272882.250
06/02/2011	9.97	10.02	9.69	9.82	150053	5968619.000
06/03/2011	9.97	10.09	9.84	9.96	84732	3429250.000
06/07/2011	9.96	10.02	9.94	9.99	115612	4693017.500
06/08/2011	9.99	10.07	9.92	10.02	84965	3455331.000
06/09/2011	10.10	10.17	9.84	9.84	191771	7792274.500
06/10/2011	9.83	10.21	9.73	10.06	232659	9427218.000
06/13/2011	9.97	10.29	9.81	10.10	176270	7231886.000
06/14/2011	10.09	10.20	10.05	10.17	184119	7590680.500
06/15/2011	10.10	10.29	9.87	9.87	247622	5050121.500
06/16/2011	9.87	9.87	9.24	9.30	429923	8315713.000
06/17/2011	9.29	9.48	9.11	9.39	288049	5419035.000
06/20/2011	9.38	9.67	9.19	9.40	199954	3771177.000
06/21/2011	9.42	9.64	9.42	9.63	237606	4582963.000
06/22/2011	9.63	9.69	9.47	9.60	113219	2188128.250
06/23/2011	9.54	9.86	9.41	9.74	391479	7689509.500
06/24/2011	9.69	9.99	9.50	9.94	1364148	26716420.000
06/27/2011	9.87	10.14	9.72	10.02	815194	16392506.000
06/28/2011	9.94	10.02	9.75	9.83	532106	10614782.000
06/29/2011	9.84	9.92	9.57	9.60	497500	9804684.000
06/30/2011	9.59	9.79	9.59	9.68	319684	6274852.500
07/01/2011	9.77	10.22	9.77	10.01	757201	15370932.000
07/04/2011	9.90	10.24	9.90	10.19	440758	9019610.000
07/05/2011	10.20	10.29	10.11	10.21	529243	10911578.000
07/06/2011	10.24	10.59	10.20	10.59	1168894	24677848.000
07/07/2011	10.59	11.14	10.44	10.77	1466541	32235060.000
07/08/2011	10.78	10.83	10.39	10.52	807272	17296240.000
07/11/2011	10.51	10.99	10.39	10.99	718964	15564541.000
07/12/2011	10.89	10.97	10.75	10.89	738017	16167350.000
07/13/2011	10.91	11.23	10.90	11.13	648213	14558658.000
07/14/2011	11.13	11.30	10.90	11.01	788575	17512722.000
07/15/2011	11.06	11.50	11.05	11.34	892621	20420362.000
07/18/2011	11.38	11.57	11.27	11.39	591952	13628207.000
07/19/2011	11.39	11.44	11.01	11.17	485643	10949939.000
07/20/2011	11.18	11.28	10.92	11.05	393339	8784011.000
07/21/2011	11.08	11.17	10.89	10.97	383981	8533028.000
07/22/2011	10.97	11.44	10.97	11.22	693679	15749325.000
07/25/2011	11.22	11.34	10.52	10.58	797024	17576318.000
07/26/2011	10.67	11.00	10.57	10.78	498257	10812524.000
07/27/2011	10.74	11.10	10.74	11.08	529266	11752807.000
07/28/2011	11.02	11.28	10.85	11.24	758717	17145244.000
07/29/2011	11.32	11.33	11.06	11.22	753448	16987444.000
08/01/2011	11.07	11.39	11.07	11.19	548861	12451085.000
08/02/2011	11.14	11.14	10.81	11.13	762746	16951040.000
08/03/2011	11.05	11.32	11.02	11.14	720830	16288591.000
08/04/2011	11.16	11.30	11.05	11.07	628218	14137858.000
08/08/2011	10.67	10.76	9.95	10.04	1804414	37137620.000
08/09/2011	9.73	10.15	9.64	10.07	1096433	22016770.000
08/10/2011	10.18	10.36	10.14	10.15	686423	14193351.000
08/11/2011	9.94	10.36	9.90	10.33	561085	11514302.000
08/12/2011	10.35	10.67	10.35	10.59	701364	14971513.000
08/15/2011	10.60	10.79	10.57	10.66	449404	9661265.000
08/16/2011	10.66	10.78	10.44	10.51	373169	7990421.000
08/17/2011	10.50	10.64	10.34	10.53	358100	7605699.500
08/18/2011	10.53	10.61	10.23	10.23	472120	9940399.000
08/19/2011	9.94	10.09	9.79	9.98	756604	15214153.000
08/22/2011	9.99	10.17	9.97	10.10	405674	8263363.500
08/23/2011	10.10	10.39	10.10	10.35	443973	9247649.000
08/24/2011	10.42	10.71	10.42	10.57	938653	20127142.000
08/25/2011	10.57	10.63	10.40	10.59	854929	18109814.000
08/26/2011	10.79	11.53	10.74	10.93	1951277	43434996.000
08/29/2011	10.83	10.98	10.72	10.83	687406	15074061.000
08/30/2011	10.87	10.99	10.58	10.61	900961	19617282.000
08/31/2011	10.61	10.67	10.40	10.50	508373	10773075.000
09/01/2011	10.54	10.76	10.39	10.39	487399	10397608.000
09/02/2011	10.42	10.58	10.39	10.42	681308	14361546.000
09/05/2011	10.33	10.36	10.04	10.05	439913	9112196.000
09/06/2011	10.02	10.18	9.97	10.12	391299	7996385.000
09/07/2011	10.34	10.45	10.15	10.44	397502	8292661.500
09/08/2011	10.59	10.84	10.47	10.54	972736	20916300.000
09/09/2011	10.39	10.59	10.25	10.35	539752	11347412.000
09/13/2011	10.28	10.29	10.05	10.28	210090	4332446.500
09/14/2011	10.33	10.42	10.19	10.42	182493	3803594.500
09/15/2011	10.43	10.68	10.43	10.53	396783	8495511.000
09/16/2011	10.55	10.75	10.54	10.59	355703	7654359.000
09/19/2011	10.50	10.78	10.50	10.74	572416	12323364.000
09/20/2011	10.74	10.74	10.45	10.56	444747	9498968.000
09/21/2011	10.57	10.83	10.45	10.83	631378	13650560.000
09/22/2011	10.72	10.94	10.49	10.49	756548	16460849.000
09/23/2011	10.34	10.59	10.24	10.52	426461	8992009.000
09/26/2011	10.51	10.66	10.42	10.51	368406	7851691.000
09/27/2011	10.48	10.73	10.47	10.67	449330	9598768.000
09/28/2011	10.78	11.19	10.70	10.72	1211876	26808900.000
09/29/2011	10.58	10.72	9.82	9.86	945598	19332148.000
09/30/2011	9.83	9.99	9.78	9.99	463190	9269995.000
10/10/2011	9.98	10.08	9.89	9.90	275275	5551613.000
10/11/2011	10.14	10.24	9.74	9.83	680934	13788325.000
10/12/2011	9.76	10.13	9.70	10.09	348429	7026696.000
10/13/2011	10.12	10.28	10.07	10.11	371869	7636915.000
10/14/2011	10.22	10.22	9.78	9.89	513673	10322307.000
10/17/2011	9.91	10.11	9.86	9.94	508730	10260841.000
10/18/2011	9.93	10.03	9.72	9.74	412919	8216365.000
10/19/2011	9.79	9.88	9.69	9.72	293622	5786557.000
10/20/2011	9.72	9.77	9.32	9.37	472665	8999571.000
10/21/2011	9.20	9.59	9.20	9.23	169140	3186117.500
10/24/2011	9.29	9.29	8.90	9.23	317422	5868484.500
10/25/2011	9.39	9.73	9.37	9.63	823986	15941191.000
10/26/2011	9.57	9.93	9.54	9.76	582928	11541279.000
10/27/2011	9.76	9.84	9.60	9.63	383896	7553865.000
10/28/2011	9.75	9.83	9.65	9.78	442909	8719347.000
10/31/2011	9.83	10.11	9.80	10.03	671669	13535776.000
11/01/2011	9.97	10.07	9.74	9.89	476525	9543554.000
11/02/2011	9.74	10.14	9.65	10.12	736183	14820623.000
11/03/2011	10.18	10.73	10.17	10.29	1428123	30152650.000
11/04/2011	10.39	10.72	10.29	10.51	897278	19056818.000
11/07/2011	10.42	11.12	10.42	11.07	1959124	43216092.000
11/08/2011	11.04	11.05	10.83	10.92	1141995	25147482.000
11/09/2011	10.94	11.18	10.89	11.14	1112145	24901912.000
11/10/2011	11.04	11.44	10.92	10.94	1424186	32320310.000
11/11/2011	10.95	11.01	10.60	10.72	1192442	25859688.000
11/14/2011	10.82	11.04	10.73	10.92	936539	20648086.000
11/15/2011	10.92	11.38	10.85	11.25	1089389	24495036.000
11/16/2011	11.29	11.29	10.84	10.94	818464	18227686.000
11/17/2011	11.02	12.05	11.00	11.82	4197504	99161432.000
11/18/2011	11.70	11.70	11.33	11.36	1794823	41733096.000
11/21/2011	11.32	11.36	10.89	11.24	1176672	26385742.000
11/22/2011	11.15	11.34	11.08	11.18	520070	11762136.000
11/23/2011	11.28	11.29	11.04	11.04	453707	10209185.000
11/24/2011	11.01	11.22	10.92	11.04	591492	13269630.000
11/25/2011	11.09	11.37	11.04	11.15	606243	13729345.000
11/28/2011	11.15	11.39	11.05	11.15	264462	5959876.500
11/29/2011	11.25	12.13	11.24	11.85	1565167	37202748.000
11/30/2011	11.79	11.92	11.06	11.30	1196274	27630340.000
12/01/2011	11.67	11.73	11.44	11.52	768152	17994834.000
12/02/2011	11.57	11.67	11.14	11.35	557863	12754796.000
12/05/2011	11.11	11.58	10.56	10.62	841314	18562494.000
12/06/2011	10.61	10.68	10.18	10.63	511512	10833710.000
12/07/2011	10.64	10.84	10.57	10.84	401769	8699942.000
12/08/2011	10.89	10.98	10.69	10.85	342656	7506269.000
12/09/2011	10.40	10.84	10.40	10.57	289579	6202087.500
12/12/2011	10.57	10.67	10.49	10.57	125500	2679315.750
12/13/2011	10.50	10.56	10.17	10.28	395507	8227575.000
12/14/2011	10.44	10.44	9.99	10.00	297146	6100592.000
12/15/2011	9.90	10.12	9.70	9.95	302159	6071542.500
12/16/2011	9.99	10.30	9.94	10.25	278323	5673506.000
12/19/2011	10.19	10.69	10.17	10.65	533656	11237867.000
12/20/2011	10.64	10.86	10.51	10.54	590330	12790029.000
12/21/2011	10.73	10.87	10.58	10.74	687413	14940678.000
12/22/2011	10.65	10.78	10.30	10.71	778618	16508998.000
12/23/2011	10.65	11.09	10.64	10.96	511849	11260253.000
12/26/2011	10.99	11.37	10.89	11.02	482477	10882033.000
12/27/2011	10.90	11.06	10.60	10.72	427116	9324879.000
12/28/2011	10.72	11.29	10.34	10.73	1222544	26488436.000
12/29/2011	10.59	10.72	10.15	10.58	454831	9583929.000
12/30/2011	10.55	10.74	10.45	10.64	308319	6600511.000
01/04/2012	10.72	10.88	10.62	10.68	513015	11145760.000
01/05/2012	10.62	10.62	9.60	9.64	950136	19116982.000
01/06/2012	9.66	9.74	9.29	9.54	365520	6998062.000
01/09/2012	9.57	9.94	9.34	9.92	566339	11182403.000
01/10/2012	9.89	10.26	9.79	10.17	660595	13428925.000
01/11/2012	10.16	10.38	10.06	10.19	418551	8642843.000
01/12/2012	10.17	10.26	10.06	10.13	274676	5633069.000
01/13/2012	10.09	10.19	9.55	9.59	438219	8650561.000
01/16/2012	9.49	9.63	9.14	9.18	322427	6110808.500
01/17/2012	9.49	9.62	8.99	9.56	474736	8984076.000
01/18/2012	9.59	9.67	8.79	8.79	710409	13172763.000
01/19/2012	8.59	9.04	8.42	8.77	512336	9038332.000
01/20/2012	8.77	9.04	8.77	8.98	239687	4349169.500
01/30/2012	8.99	9.33	8.99	9.18	593530	11058660.000
01/31/2012	9.02	9.20	9.00	9.07	256397	4705935.000
02/01/2012	9.14	9.18	9.00	9.06	137525	2527072.500
02/02/2012	9.06	9.21	9.03	9.21	259974	4796582.000
02/03/2012	9.18	9.34	9.17	9.31	312738	5864962.000
02/06/2012	9.31	9.37	9.21	9.33	249788	4703542.500
02/07/2012	9.31	9.31	8.89	9.05	244900	4506181.000
02/08/2012	9.05	9.24	8.98	9.20	389081	7184657.000
02/09/2012	9.24	9.49	9.22	9.45	558515	10609099.000
02/10/2012	9.52	9.52	9.32	9.34	394159	7508541.000
02/13/2012	9.34	9.53	9.24	9.52	378534	7245788.500
02/14/2012	9.52	9.66	9.43	9.49	296953	5731911.000
02/15/2012	9.57	9.66	9.45	9.62	271543	5265181.500
02/16/2012	9.64	9.97	9.50	9.52	700379	13739740.000
02/17/2012	9.55	9.63	9.28	9.44	736824	13988452.000
02/20/2012	9.55	9.77	9.49	9.54	518586	10098333.000
02/21/2012	9.54	9.69	9.39	9.68	447169	8613110.000
02/22/2012	9.70	10.07	9.70	9.96	879743	17653530.000
02/23/2012	9.96	10.02	9.69	9.95	528018	10551252.000
02/24/2012	10.02	10.04	9.74	10.01	806674	16151662.000
02/27/2012	10.07	10.29	10.00	10.02	692282	14184008.000
02/28/2012	9.89	10.04	9.74	9.82	593014	11841861.000
02/29/2012	9.76	9.89	9.70	9.70	355820	7060158.000
03/01/2012	9.70	9.93	9.69	9.80	411001	8156566.000
03/02/2012	9.84	9.96	9.81	9.91	318529	6375302.000
03/05/2012	9.96	10.17	9.90	9.93	486604	9855100.000
03/06/2012	9.92	10.02	9.76	9.98	524639	10488107.000
03/07/2012	9.90	10.18	9.82	9.98	631489	12814664.000
03/08/2012	10.11	10.27	9.99	10.23	614818	12591389.000
03/09/2012	10.23	10.36	10.15	10.32	408188	8470994.000
03/12/2012	10.35	10.64	10.32	10.55	519577	11066410.000
03/13/2012	11.61	11.61	10.87	11.35	3719150	84314848.000
03/14/2012	11.17	12.09	11.14	11.53	4379982	102833456.000
03/15/2012	11.39	11.42	10.89	11.19	2189859	49326408.000
03/16/2012	11.22	11.39	10.97	11.33	1628067	36809224.000
03/19/2012	11.34	11.64	11.18	11.51	1753851	40618744.000
03/20/2012	11.41	11.44	10.90	10.91	1328486	29927778.000
03/21/2012	11.05	11.13	10.70	10.93	947659	20848004.000
03/22/2012	10.71	11.11	10.71	10.87	548910	12082631.000
03/23/2012	10.80	10.89	10.42	10.56	938530	20093816.000
03/26/2012	10.56	10.79	10.54	10.63	628501	13551670.000
03/27/2012	10.79	10.87	10.50	10.50	410796	8857865.000
03/28/2012	10.50	10.58	10.04	10.08	751069	15459985.000
03/29/2012	9.91	10.21	9.89	10.10	423232	8617929.000
03/30/2012	10.13	10.22	9.69	9.77	706936	14197559.000
04/05/2012	9.81	10.02	9.78	9.99	713451	14355082.000
04/06/2012	10.02	10.27	9.99	10.15	565242	11593332.000
04/09/2012	10.13	10.24	10.02	10.02	414407	8495752.000
04/10/2012	9.84	10.08	9.62	10.04	616169	12229998.000
04/11/2012	9.99	10.09	9.82	9.89	434897	8748260.000
04/13/2012	10.13	10.35	10.04	10.21	1100388	22652956.000
04/16/2012	10.12	10.38	10.06	10.28	800676	16503983.000
04/17/2012	10.24	10.30	9.90	9.99	640500	13062576.000
04/18/2012	10.07	10.22	9.91	10.20	674668	13743581.000
04/19/2012	10.17	10.27	10.14	10.20	422193	8695965.000
04/20/2012	10.29	10.52	10.22	10.51	865307	18217994.000
04/23/2012	10.46	10.51	9.65	9.90	1069812	21723986.000
04/24/2012	9.82	9.97	9.15	9.41	1135417	21764944.000
04/25/2012	9.44	9.50	9.30	9.42	554864	10574024.000
04/26/2012	9.49	9.51	9.30	9.47	456028	8680258.000
04/27/2012	9.71	10.17	9.71	9.99	971402	19571478.000
05/02/2012	10.12	10.12	9.90	10.01	712130	14401095.000
05/03/2012	9.94	10.08	9.92	9.99	391019	7895652.500
05/04/2012	10.02	10.26	9.97	10.20	652097	13350320.000
05/07/2012	10.19	10.39	10.07	10.37	1132127	23381984.000
05/08/2012	10.38	10.43	10.19	10.33	921268	19185082.000
05/09/2012	10.25	10.42	10.12	10.17	694818	14428137.000
05/10/2012	10.22	10.34	10.12	10.34	617658	12821203.000
05/11/2012	10.33	10.78	10.21	10.59	1244014	26515706.000
05/14/2012	10.76	11.14	10.71	10.92	2071335	45901620.000
05/15/2012	11.19	11.53	10.98	10.99	1875132	42369128.000
05/16/2012	10.99	11.16	10.89	10.99	1008628	22444918.000
05/17/2012	10.99	11.12	10.83	11.08	791466	17569882.000
05/18/2012	11.04	11.28	10.82	10.82	957054	21354484.000
05/21/2012	11.01	11.28	10.73	11.14	1871350	20692828.000
05/22/2012	11.19	11.19	10.78	10.84	1706902	18712366.000
05/23/2012	10.93	10.96	10.64	10.81	1272578	13786009.000
05/24/2012	10.90	10.93	10.72	10.85	741906	8046513.000
05/25/2012	10.87	10.87	10.47	10.52	863197	9220235.000
05/28/2012	10.36	10.89	10.32	10.87	1351451	14379608.000
05/29/2012	10.85	11.15	10.68	10.97	1105382	12147304.000
05/30/2012	10.97	12.07	10.91	11.87	6820702	80867728.000
05/31/2012	11.77	12.14	11.65	11.72	3102631	36814004.000
06/01/2012	11.74	12.32	11.62	11.96	3491865	42080272.000
06/04/2012	11.76	12.05	11.32	11.37	2752711	32241402.000
06/05/2012	11.45	11.62	11.29	11.55	1739439	20065052.000
06/06/2012	11.62	12.18	11.48	11.62	2288748	27134824.000
06/07/2012	11.77	12.16	11.60	11.89	2426562	28856350.000
06/08/2012	11.97	12.11	11.56	12.05	3445201	41025528.000
06/11/2012	11.97	12.12	11.78	11.97	4394034	52523532.000
06/12/2012	11.88	11.89	11.32	11.46	3200007	37005672.000
06/13/2012	11.53	11.75	11.43	11.58	1781900	20738202.000
06/14/2012	11.59	11.79	11.45	11.52	1897742	22112712.000
06/15/2012	11.54	12.27	11.48	12.25	4838746	58079924.000
06/18/2012	12.23	12.61	12.16	12.57	4022413	49962608.000
06/19/2012	12.46	12.62	12.31	12.35	2749025	34341220.000
06/20/2012	12.37	12.92	12.37	12.92	4327291	55248444.000
06/21/2012	12.96	12.96	12.56	12.57	2292055	29120732.000
06/25/2012	12.28	12.52	11.99	12.07	2375816	29285038.000
06/26/2012	12.09	12.18	11.55	11.95	2042549	24364962.000
06/27/2012	12.25	12.25	11.88	11.88	1552296	18766286.000
06/28/2012	11.88	12.12	11.55	11.55	1304784	15551016.000
06/29/2012	11.50	11.85	11.47	11.76	1251021	14621383.000
07/02/2012	11.90	12.27	11.80	12.14	1741055	21057932.000
07/03/2012	12.14	12.65	12.10	12.62	3057060	38251548.000
07/04/2012	12.57	12.60	12.32	12.50	1936973	24197926.000
07/05/2012	12.46	12.56	11.97	11.99	2061861	25071122.000
07/06/2012	12.08	12.38	11.78	12.24	1944333	23460328.000
07/09/2012	12.24	12.28	11.98	12.12	1505041	18338632.000
07/10/2012	12.07	12.07	11.59	11.67	1483042	17460432.000
07/11/2012	11.65	11.81	11.56	11.75	716496	8399345.000
07/12/2012	11.67	12.08	11.63	12.05	990333	11806934.000
07/13/2012	12.02	12.22	11.87	11.89	858259	10382809.000
07/16/2012	11.86	11.86	11.17	11.18	1749120	20011722.000
07/17/2012	11.05	11.27	10.87	11.19	1067809	11895905.000
07/18/2012	11.15	11.21	10.82	11.14	866199	9569021.000
07/19/2012	11.22	11.48	11.02	11.24	1000480	11318803.000
07/20/2012	11.25	11.47	11.13	11.13	718125	8113269.000
07/23/2012	11.12	11.33	10.97	11.12	707575	7899786.000
07/24/2012	10.99	11.31	10.98	11.15	733419	8216791.500
07/25/2012	11.03	11.23	10.97	11.02	896402	9954271.000
07/26/2012	10.94	11.18	10.82	10.85	885057	9754516.000
07/27/2012	10.87	11.05	10.83	10.88	526430	5756043.000
07/30/2012	10.92	10.92	10.39	10.47	682725	7305404.000
07/31/2012	10.50	10.61	10.39	10.47	499138	5248624.000
08/01/2012	10.45	10.85	10.45	10.76	785338	8436424.000
08/02/2012	10.67	10.85	10.59	10.67	459091	4935278.000
08/03/2012	10.74	10.95	10.45	10.95	819125	8852632.000
08/06/2012	10.92	11.35	10.82	11.27	1283119	14370990.000
08/07/2012	11.24	11.40	11.10	11.20	1027745	11533713.000
08/08/2012	11.37	11.69	11.22	11.37	1501864	17264226.000
08/09/2012	11.28	11.41	11.18	11.37	1062578	12048184.000
08/10/2012	11.34	11.44	11.22	11.34	654938	7425736.000
08/13/2012	11.27	11.29	11.11	11.11	546235	6123974.500
08/14/2012	11.13	11.18	10.65	11.10	834001	9139641.000
08/15/2012	10.98	11.12	10.91	10.93	539085	5962508.500
08/16/2012	10.87	11.04	10.79	10.79	433672	4728810.000
08/17/2012	10.82	10.96	10.74	10.96	446514	4847091.500
08/20/2012	10.92	11.15	10.82	11.11	639421	7060416.000
08/21/2012	11.10	11.58	11.10	11.55	1859658	21309784.000
08/22/2012	11.57	12.23	11.54	11.91	3582743	42758316.000
08/23/2012	11.94	12.27	11.72	12.15	2406313	29140414.000
08/24/2012	12.17	12.57	12.02	12.03	2628487	32407802.000
08/27/2012	12.23	12.23	11.69	11.96	1184769	14121220.000
08/28/2012	12.12	12.44	11.89	12.25	1502039	18344932.000
08/29/2012	12.30	12.91	12.19	12.67	3446120	43803332.000
08/30/2012	12.69	13.07	11.96	12.47	3674111	46441616.000
08/31/2012	12.44	13.04	12.21	13.00	2714163	34462284.000
09/03/2012	12.98	13.57	12.80	13.46	3815696	50907208.000
09/04/2012	13.49	13.73	13.21	13.29	3064557	41397632.000
09/05/2012	13.31	13.65	13.09	13.35	1574060	21098154.000
09/06/2012	13.32	13.52	13.10	13.25	1091677	14487961.000
09/07/2012	13.29	13.94	13.28	13.49	2656183	36268888.000
09/10/2012	13.47	13.87	13.31	13.65	3162394	43256240.000
09/11/2012	13.65	14.02	13.57	13.80	1884370	26059178.000
09/12/2012	13.82	13.87	13.56	13.83	1652804	22709370.000
09/13/2012	13.80	14.46	13.50	14.15	2800877	39614044.000
09/14/2012	14.12	14.31	13.31	13.49	3061797	42175536.000
09/17/2012	13.46	13.67	13.21	13.29	2033511	27426690.000
09/18/2012	13.29	13.60	13.12	13.47	2053873	27605026.000
09/19/2012	13.83	14.07	12.83	13.11	3976262	53778672.000
09/20/2012	13.02	13.07	12.34	12.34	2518025	32123762.000
09/21/2012	12.52	12.70	11.94	12.07	1639703	20175838.000
09/24/2012	11.90	12.32	11.88	12.21	1267388	15459707.000
09/25/2012	12.25	12.25	11.97	12.07	692493	8405612.000
09/26/2012	12.12	12.23	11.52	11.56	1217455	14425694.000
09/27/2012	11.73	12.01	11.55	11.89	1365856	16110434.000
09/28/2012	11.73	12.32	11.67	12.31	1105950	13447061.000
10/08/2012	12.31	12.41	12.12	12.35	789357	9725383.000
10/09/2012	12.37	12.70	12.37	12.65	815850	10288408.000
10/10/2012	12.56	12.74	12.50	12.67	562852	7125290.000
10/11/2012	12.57	12.60	12.07	12.10	768038	9523487.000
10/12/2012	12.08	12.37	12.01	12.32	516255	6306960.500
10/15/2012	12.15	12.22	11.85	12.12	1006086	12064273.000
10/16/2012	12.12	12.62	11.97	12.57	1447508	18091146.000
10/17/2012	12.52	12.57	12.17	12.42	637858	7927922.000
10/18/2012	12.53	12.66	12.42	12.60	580341	7304338.000
10/19/2012	12.62	12.77	12.47	12.69	553010	7024846.500
10/22/2012	12.57	12.68	12.49	12.64	406464	5129922.500
10/23/2012	12.66	12.73	12.16	12.35	480795	6019885.000
10/24/2012	12.32	12.45	12.15	12.26	397547	4881197.500
10/25/2012	12.27	12.60	12.18	12.46	1004591	12546774.000
10/26/2012	12.56	12.56	11.84	11.89	1407561	16873740.000
10/29/2012	11.89	12.01	11.80	11.85	278906	3322707.500
10/30/2012	11.85	12.25	11.83	12.07	634297	7668852.500
10/31/2012	12.01	12.10	11.88	12.07	349227	4201012.000
11/01/2012	12.22	12.42	12.12	12.17	726343	8893551.000
11/02/2012	12.17	12.40	12.02	12.40	858698	10536782.000
11/05/2012	12.33	12.72	12.33	12.66	1039124	13082753.000
11/06/2012	12.67	12.67	12.01	12.42	1151663	14169655.000
11/07/2012	12.42	12.47	12.22	12.35	517759	6431443.000
11/08/2012	12.09	12.26	11.96	12.00	500200	6067365.000
11/09/2012	12.00	12.27	11.32	11.97	1304054	15444005.000
11/12/2012	11.80	11.90	11.55	11.77	643600	7538000.500
11/13/2012	11.70	11.77	11.46	11.52	388711	4507529.500
11/14/2012	11.51	11.57	11.29	11.45	341950	3920305.500
11/15/2012	11.47	11.50	11.30	11.33	314002	3585981.750
11/16/2012	11.27	11.33	11.03	11.16	695298	7763378.500
11/19/2012	11.15	11.27	11.04	11.24	531160	5924973.500
11/20/2012	11.31	11.41	11.16	11.20	267485	3012444.500
11/21/2012	11.19	11.34	11.08	11.34	324203	3646124.750
11/22/2012	11.36	11.36	11.17	11.22	238904	2691600.500
11/23/2012	11.21	11.26	11.11	11.23	272076	3055046.000
11/26/2012	11.28	11.28	10.90	10.92	407747	4523242.500
11/27/2012	10.87	10.97	10.45	10.45	877680	9333178.000
11/28/2012	10.47	10.57	10.39	10.54	623320	6534830.000
11/29/2012	10.64	10.86	10.17	10.24	746985	7808112.500
11/30/2012	10.28	10.41	10.07	10.26	648158	6663740.500
12/03/2012	10.12	10.33	9.71	9.79	778084	7739708.000
12/04/2012	9.79	10.02	9.59	9.93	493176	4823485.500
12/05/2012	9.85	10.34	9.85	10.24	826858	8479549.000
12/06/2012	10.26	10.29	10.13	10.21	500601	5128075.500
12/07/2012	10.27	10.50	10.20	10.42	1136726	11802483.000
12/10/2012	10.44	10.64	10.37	10.55	1023639	10738389.000
12/11/2012	10.55	10.68	10.41	10.43	751034	7956022.000
12/12/2012	10.44	10.52	10.27	10.46	533797	5575809.000
12/13/2012	10.46	11.17	10.46	10.97	2404420	26314638.000
12/14/2012	10.85	11.48	10.81	11.41	2009528	22617076.000
12/17/2012	11.32	12.35	11.29	12.05	2857501	34341088.000
12/18/2012	12.15	12.52	11.93	12.13	1442774	17514212.000
12/19/2012	11.97	12.53	11.87	12.42	1436961	17664326.000
12/20/2012	12.45	12.66	12.29	12.42	1098726	13687749.000
12/21/2012	12.47	12.47	12.22	12.30	1253976	15505602.000
12/24/2012	12.27	12.56	12.06	12.40	950774	11833722.000
12/25/2012	12.23	13.02	12.23	12.77	1876230	24050298.000
12/26/2012	12.84	13.87	12.67	13.84	2128307	28381936.000
12/27/2012	14.02	14.17	12.69	12.87	5169907	68459032.000
12/28/2012	12.76	13.37	12.66	12.87	5126116	66782128.000
12/31/2012	12.65	13.11	12.62	12.72	3826945	49636744.000
01/04/2013	12.80	12.95	12.07	12.27	2300589	28469586.000
01/07/2013	12.17	12.59	12.17	12.35	1681772	20946528.000
01/08/2013	12.48	13.59	12.48	13.59	2096688	28042954.000
01/09/2013	14.95	14.95	13.97	14.26	13285716	193002608.000
01/10/2013	13.90	15.69	13.80	15.69	15472963	232502656.000
01/11/2013	15.46	17.09	15.25	16.23	15158181	246105984.000
01/14/2013	15.92	17.86	15.70	17.86	12428470	210734624.000
01/15/2013	18.97	19.37	17.27	18.43	16052019	295439584.000
01/16/2013	17.67	17.89	17.05	17.17	10767859	187734672.000
01/17/2013	17.20	17.27	15.49	15.90	11035291	178998752.000
01/18/2013	15.68	16.44	15.60	15.92	6224346	99878960.000
01/21/2013	15.71	16.04	15.52	15.71	4515757	71315536.000
01/22/2013	15.78	15.79	14.97	15.17	7568541	116273456.000
01/23/2013	15.20	15.97	14.97	15.91	8787333	136661744.000
01/24/2013	15.96	16.49	15.17	15.37	10358099	165490320.000
01/25/2013	14.97	15.06	14.27	14.51	6064780	88863680.000
01/28/2013	14.53	15.12	14.52	14.92	4958388	73902816.000
01/29/2013	14.94	15.32	14.50	15.07	5254259	78893768.000
01/30/2013	14.89	15.74	14.69	15.62	6636282	102579760.000
01/31/2013	15.39	15.42	14.64	14.75	4451980	66753660.000
02/01/2013	14.67	15.13	14.65	14.96	2281539	34025344.000
02/04/2013	14.97	15.42	14.77	15.02	2893616	43688104.000
02/05/2013	14.82	14.91	14.27	14.47	3235772	47038656.000
02/06/2013	14.47	14.66	14.20	14.32	2229238	32081730.000
02/07/2013	14.34	14.57	14.19	14.44	2423897	34988000.000
02/08/2013	14.48	14.59	14.37	14.51	1971778	28666760.000
02/18/2013	14.63	15.09	14.48	14.90	3698341	54712876.000
02/19/2013	14.84	14.84	14.21	14.38	2853305	41668824.000
02/20/2013	14.34	14.72	14.27	14.70	2088195	30429558.000
02/21/2013	14.57	14.57	13.93	14.00	3178467	45257456.000
02/22/2013	14.00	14.44	13.93	14.07	3129539	44711988.000
02/25/2013	13.84	14.71	13.84	14.39	2139365	30680706.000
02/26/2013	14.25	14.72	14.20	14.43	3334188	48467768.000
02/27/2013	14.43	14.62	14.10	14.62	2752645	39731168.000
02/28/2013	14.57	15.07	14.53	14.97	4422493	66048060.000
03/01/2013	15.05	15.55	14.94	15.51	5798085	88936104.000
03/04/2013	15.51	15.75	14.90	15.04	5470342	83750984.000
03/05/2013	14.96	15.50	14.72	15.28	3295922	49959080.000
03/06/2013	15.38	15.59	15.18	15.43	4203008	64810576.000
03/07/2013	15.38	15.42	14.53	14.72	3842364	57618512.000
03/08/2013	14.66	14.94	14.38	14.44	1842372	27091608.000
03/11/2013	14.51	14.62	14.37	14.51	1222987	17761066.000
03/12/2013	14.55	14.59	13.37	13.54	2826782	39287372.000
03/13/2013	13.54	13.67	13.11	13.58	1830725	24550258.000
03/14/2013	13.67	13.83	13.49	13.57	1317191	18052526.000
03/15/2013	13.58	13.99	13.32	13.67	1681816	23178544.000
03/18/2013	13.51	13.59	13.17	13.31	1549634	20784540.000
03/19/2013	13.38	13.47	13.02	13.24	1109142	14713771.000
03/20/2013	13.32	13.72	13.19	13.67	1436739	19507468.000
03/21/2013	13.67	14.11	13.62	13.97	2789724	38818612.000
03/22/2013	13.98	14.15	13.80	14.00	1275906	17879984.000
03/25/2013	13.96	14.01	13.78	13.87	1224610	17018548.000
03/26/2013	13.86	13.86	13.30	13.42	1342386	18097998.000
03/27/2013	13.37	14.01	13.35	13.83	2207394	30386172.000
03/28/2013	13.60	13.62	12.99	13.17	1516810	20170274.000
03/29/2013	13.23	13.45	13.23	13.25	732424	9785469.000
04/01/2013	13.25	14.25	13.25	14.20	2673524	37491912.000
04/02/2013	14.23	14.23	13.80	13.83	1830019	25787052.000
04/03/2013	14.07	14.66	13.87	14.40	3893720	55866776.000
04/08/2013	14.27	15.47	13.97	15.17	5188802	77622696.000
04/09/2013	14.99	15.43	14.78	15.11	3235929	48859924.000
04/10/2013	15.05	15.57	14.72	15.08	5037446	76567224.000
04/11/2013	15.18	15.32	14.49	14.53	3716509	55052796.000
04/12/2013	14.49	14.83	14.37	14.70	2164137	31726082.000
04/15/2013	14.63	14.63	13.29	13.96	2821934	39396180.000
04/16/2013	13.73	14.06	13.60	13.91	1273351	17720466.000
04/17/2013	14.12	14.49	14.05	14.33	1807822	25844726.000
04/18/2013	14.07	14.51	14.02	14.34	1481704	21211436.000
04/19/2013	14.37	14.91	14.28	14.85	2276502	33371592.000
04/22/2013	14.58	15.22	14.58	15.15	2227850	33546716.000
04/23/2013	15.17	15.27	14.50	14.78	1999507	29750152.000
04/24/2013	14.85	15.62	14.79	15.45	5233942	80527224.000
04/25/2013	15.45	15.82	15.07	15.17	4847944	75601328.000
04/26/2013	14.97	15.18	13.97	14.09	3776300	54924168.000
05/02/2013	13.98	14.53	13.78	14.28	2278401	32563790.000
05/03/2013	14.32	15.17	14.32	15.00	3063270	45450112.000
05/06/2013	15.00	15.82	14.92	15.61	5464662	84877504.000
05/07/2013	15.52	15.76	15.37	15.61	3548559	55376376.000
05/08/2013	15.61	16.42	15.48	16.09	7764783	125229536.000
05/09/2013	17.18	17.70	16.82	17.70	13349828	233726224.000
05/10/2013	18.17	19.25	16.98	17.20	13900245	252518528.000
05/13/2013	17.77	18.57	17.25	17.95	10397967	186463584.000
05/14/2013	17.51	17.64	16.17	16.53	9739037	164183568.000
05/15/2013	16.49	16.95	16.38	16.80	5790445	97233176.000
05/16/2013	16.77	17.32	16.18	16.36	6233603	105428648.000
05/17/2013	16.67	17.86	16.57	17.58	7896088	137248880.000
05/20/2013	17.58	18.52	17.35	18.32	6972595	126611752.000
05/21/2013	18.27	19.52	18.15	18.90	9916472	188082768.000
05/22/2013	18.81	18.85	17.79	17.98	7489373	136376704.000
05/23/2013	18.06	18.94	17.57	18.14	7668731	141787664.000
05/24/2013	18.25	18.71	18.07	18.49	4565280	84119600.000
05/27/2013	18.33	18.45	17.79	18.08	4670738	84365712.000
05/28/2013	17.90	17.95	16.92	17.04	5769813	99275312.000
05/29/2013	17.02	17.38	17.01	17.20	2596553	44791828.000
05/30/2013	17.03	17.42	16.92	16.97	2888383	49560448.000
05/31/2013	17.08	17.26	16.58	16.72	3719743	62533028.000
06/03/2013	16.83	17.44	16.63	17.08	4184206	72138360.000
06/04/2013	17.43	18.07	17.09	17.27	5468075	95967480.000
06/05/2013	17.30	17.69	16.72	17.60	4383102	76251128.000
06/06/2013	17.62	17.82	17.26	17.36	2990191	52721476.000
06/07/2013	17.41	17.41	15.62	15.99	6081631	99712784.000
06/13/2013	15.92	15.92	14.97	15.67	1998042	31196652.000
06/14/2013	15.58	16.33	15.58	16.15	2711402	43724684.000
06/17/2013	16.07	16.51	15.96	16.00	2572462	41908504.000
06/18/2013	16.07	16.18	15.41	15.76	2191668	34450936.000
06/19/2013	15.60	15.77	15.37	15.53	1817620	28415598.000
06/20/2013	15.59	15.94	14.85	14.90	2171814	33841908.000
06/21/2013	14.47	14.83	13.98	14.73	1955557	28383608.000
06/24/2013	14.64	14.99	13.75	13.85	2172240	31156488.000
06/25/2013	13.84	14.28	12.63	14.09	3644177	49652188.000
06/26/2013	14.15	14.51	13.67	14.49	3167166	45233024.000
06/27/2013	14.54	14.81	13.94	13.96	2874771	41489840.000
06/28/2013	13.69	14.04	13.19	13.37	2464992	33449906.000
07/01/2013	13.39	13.71	13.02	13.69	2550664	34219052.000
07/02/2013	13.69	14.28	13.60	14.18	2965787	41832852.000
07/03/2013	14.22	14.22	13.60	14.17	3089520	43262036.000
07/04/2013	14.03	14.69	13.91	14.39	3457263	49939896.000
07/05/2013	14.45	14.77	14.04	14.04	3039915	43983364.000
07/08/2013	13.74	13.74	13.01	13.07	3196098	42528124.000
07/09/2013	13.04	13.53	12.85	13.39	1954782	25710068.000
07/10/2013	13.39	13.63	13.29	13.61	1968078	26534732.000
07/11/2013	13.52	14.16	13.36	14.03	2719643	37484208.000
07/12/2013	14.00	14.56	14.00	14.07	3569129	51097152.000
07/15/2013	13.74	14.45	13.54	14.44	5905562	82729800.000
07/16/2013	14.39	14.85	13.99	14.72	5160098	74544928.000
07/17/2013	14.73	14.84	14.14	14.28	3191665	46286616.000
07/18/2013	14.09	14.73	14.02	14.66	4037457	58072308.000
07/19/2013	14.52	14.89	13.99	14.00	3840800	55755212.000
07/22/2013	13.94	14.57	13.49	14.49	2913598	41887768.000
07/23/2013	14.69	14.99	14.55	14.79	3870583	57362500.000
07/24/2013	14.79	15.39	14.65	15.28	5202527	78226728.000
07/25/2013	15.14	15.20	14.44	14.56	4506754	66715564.000
07/26/2013	14.45	14.64	14.04	14.37	2515066	36015236.000
07/29/2013	14.38	14.44	13.77	13.87	2336933	32940236.000
07/30/2013	13.94	14.07	12.89	13.38	2555842	34348052.000
07/31/2013	13.39	13.64	13.24	13.42	1773916	23811666.000
08/01/2013	13.43	13.98	13.32	13.94	2213464	30438838.000
08/02/2013	14.02	14.68	13.94	14.43	4022745	57826664.000
08/05/2013	14.29	14.52	14.20	14.49	2306199	33145232.000
08/06/2013	14.54	15.37	14.47	15.18	7208296	109281648.000
08/07/2013	15.03	15.17	14.57	14.68	4313894	63905628.000
08/08/2013	14.69	15.07	14.59	14.79	3156760	46929324.000
08/09/2013	14.70	14.84	14.19	14.42	2983511	43297764.000
08/12/2013	14.44	14.63	14.19	14.52	2443067	35258136.000
08/13/2013	14.67	14.86	14.45	14.70	2606856	38292500.000
08/14/2013	14.68	14.71	14.25	14.44	2853234	41202672.000
08/15/2013	14.44	14.61	14.20	14.21	2261778	32459460.000
08/16/2013	14.19	14.19	13.49	13.58	3659735	50744204.000
08/19/2013	13.55	13.93	13.49	13.90	2179644	29962938.000
08/20/2013	13.86	14.14	13.59	13.70	2208178	30634628.000
08/21/2013	13.74	14.07	13.64	13.97	2361835	32820424.000
08/22/2013	13.98	14.25	13.89	14.23	3338989	47067908.000
08/23/2013	14.25	14.41	13.69	14.02	3283107	46243396.000
08/26/2013	14.02	14.15	13.99	14.11	2923399	41176092.000
08/27/2013	14.15	14.65	14.11	14.59	5616071	80892808.000
08/28/2013	14.58	15.27	14.45	14.85	10749230	161298784.000
08/29/2013	14.61	14.74	14.24	14.26	5593552	80516416.000
08/30/2013	14.07	14.13	13.31	13.49	6073010	83414768.000
09/02/2013	13.48	13.86	13.34	13.79	2072767	28385294.000
09/03/2013	13.74	13.94	13.58	13.76	1913683	26383766.000
09/04/2013	13.76	14.29	13.76	14.23	3466614	48821640.000
09/05/2013	14.38	14.61	14.26	14.39	4936160	71453968.000
09/06/2013	14.41	14.78	14.27	14.71	5303162	77519616.000
09/09/2013	14.79	14.82	14.29	14.59	5016683	72709096.000
09/10/2013	14.69	14.69	14.16	14.63	4547457	65600052.000
09/11/2013	14.67	14.67	13.99	14.08	3606804	51319316.000
09/12/2013	14.07	14.31	13.99	14.09	2029686	28711476.000
09/13/2013	14.21	14.22	13.80	14.00	1878809	26354294.000
09/16/2013	13.99	14.29	13.94	14.28	2553864	36198556.000
09/17/2013	14.29	14.84	14.19	14.72	5216130	75597280.000
09/18/2013	14.63	16.12	14.50	15.77	12112892	186558688.000
09/23/2013	15.71	16.59	15.69	16.46	9050794	147841472.000
09/24/2013	16.47	16.77	16.14	16.36	6335111	103695928.000
09/25/2013	16.31	17.19	16.31	16.55	6711691	113131976.000
09/26/2013	16.72	17.15	16.52	16.54	4706379	79394568.000
09/27/2013	16.74	16.96	15.90	15.97	4960652	80820376.000
09/30/2013	15.81	17.08	15.81	17.01	5085679	84405184.000
10/08/2013	17.12	17.94	16.98	17.64	6646372	117238712.000
10/09/2013	17.79	17.83	16.99	17.25	8235245	143134880.000
10/10/2013	17.59	18.29	16.98	17.24	8265738	144929680.000
10/11/2013	17.44	17.44	16.44	16.76	6164320	103764144.000
10/14/2013	16.76	17.43	16.42	17.38	4738123	81038536.000
10/15/2013	16.91	17.97	16.91	17.66	5531121	96846744.000
10/16/2013	17.67	17.69	16.79	17.10	3749553	64684636.000
10/17/2013	17.09	17.91	17.05	17.63	3885278	68327288.000
10/18/2013	17.99	18.39	17.82	18.14	5513097	100075176.000
10/21/2013	18.11	19.14	18.09	19.12	7257263	136943040.000
10/22/2013	19.04	19.67	18.57	18.65	5958132	114167144.000
10/23/2013	18.51	18.97	17.64	17.97	4192437	76206160.000
10/24/2013	17.98	18.57	17.50	18.51	5631654	101993232.000
10/25/2013	18.42	19.09	17.99	18.77	5698761	106553224.000
10/28/2013	18.77	19.11	18.14	18.78	2998055	56240780.000
10/29/2013	18.96	19.49	16.90	17.58	10393160	183893600.000
10/30/2013	18.24	18.73	17.94	18.47	4427192	81321784.000
10/31/2013	18.19	18.95	17.80	18.06	4153098	76571784.000
11/01/2013	17.99	18.19	16.59	16.72	5677135	97508288.000
11/04/2013	16.59	18.39	16.24	18.39	7832657	140431584.000
11/05/2013	18.43	19.32	18.29	18.97	7504916	141908096.000
11/06/2013	18.98	20.87	18.91	20.44	9419881	190703392.000
11/07/2013	20.39	21.00	19.70	20.33	5339003	108469752.000
11/08/2013	20.17	21.40	19.79	20.44	5838001	120309136.000
11/11/2013	20.49	20.99	19.71	20.38	4658291	95113080.000
11/12/2013	20.47	20.78	19.89	20.78	5293597	108015872.000
11/13/2013	20.89	21.37	20.53	20.79	5169686	108196680.000
11/14/2013	20.79	21.74	19.80	21.04	8424580	176518128.000
11/15/2013	20.83	21.93	19.99	20.25	10688694	225512416.000
11/18/2013	19.69	22.28	19.32	22.28	15076085	322006432.000
11/19/2013	22.54	23.59	22.27	23.15	12869947	294750848.000
11/20/2013	23.15	24.28	22.50	23.80	8668989	204805936.000
11/21/2013	23.49	24.57	22.99	23.69	6398689	152811200.000
11/22/2013	23.89	24.24	22.47	22.93	9478744	219220784.000
11/25/2013	23.05	24.19	23.05	23.19	5526005	130419688.000
11/26/2013	23.15	23.83	22.49	23.83	4031602	93509864.000
11/27/2013	23.59	26.21	23.59	26.00	7913142	198201936.000
11/28/2013	25.35	26.66	25.25	26.23	4782991	125088072.000
11/29/2013	26.19	27.18	25.89	26.68	5275853	140939936.000
12/02/2013	25.79	26.29	24.01	24.01	10283253	260550304.000
12/03/2013	23.02	25.47	22.99	24.97	6008273	146315952.000
12/04/2013	24.73	25.47	23.99	23.99	4424307	110193600.000
12/05/2013	23.99	24.19	22.69	23.27	5010074	116464080.000
12/06/2013	22.97	22.97	21.99	22.17	7151956	160009488.000
12/09/2013	22.20	23.14	22.10	22.95	3173796	72451704.000
12/10/2013	22.95	23.14	22.29	22.48	2132596	48334420.000
12/11/2013	22.44	22.71	22.00	22.28	1868523	41655056.000
12/12/2013	22.24	24.51	22.21	23.76	5942036	141192464.000
12/13/2013	23.44	24.17	23.36	23.79	3885936	92567552.000
12/16/2013	23.78	23.81	22.31	23.01	1761192	41099348.000
12/17/2013	22.99	23.99	22.74	23.47	4108189	96782736.000
12/18/2013	23.54	23.78	23.00	23.39	1210156	28383340.000
12/19/2013	23.41	23.87	22.76	22.76	1822042	42329768.000
12/20/2013	22.98	22.98	22.07	22.49	1737561	38997944.000
12/23/2013	22.69	24.46	22.29	23.64	6916392	161880112.000
12/24/2013	23.58	24.25	23.43	24.04	4218892	101232760.000
12/25/2013	25.10	26.45	24.84	26.09	6008178	155481072.000
12/26/2013	25.89	26.37	25.68	26.09	3278443	85227112.000
12/27/2013	25.98	26.59	25.49	26.39	3380366	88660448.000
12/30/2013	26.49	27.10	25.10	25.31	3824303	98745464.000
12/31/2013	24.99	25.45	24.69	24.89	2620817	65652300.000
01/02/2014	25.14	25.36	24.69	25.19	1308139	32869972.000
01/03/2014	25.19	25.46	24.54	24.99	2108088	52737500.000
01/06/2014	24.98	24.98	23.99	24.64	2282853	56043716.000
01/07/2014	24.59	24.94	24.39	24.74	1938298	47798784.000
01/08/2014	24.69	27.22	24.42	25.70	5753372	151751232.000
01/09/2014	25.41	25.97	24.29	24.39	3057158	76908376.000
01/10/2014	23.99	24.48	22.80	23.38	3113695	73540232.000
01/13/2014	23.21	23.96	22.87	22.92	2258830	52929588.000
01/14/2014	22.80	23.64	22.80	23.55	2523495	58541128.000
01/15/2014	23.54	24.21	23.44	23.85	2375118	56753304.000
01/16/2014	24.10	24.44	22.79	22.99	3023444	71699960.000
01/17/2014	22.99	23.14	20.69	21.69	4995810	109202664.000
01/20/2014	21.47	21.76	20.41	20.96	2848769	59839848.000
01/21/2014	20.96	21.38	20.64	20.73	2639119	55244316.000
01/22/2014	20.79	22.19	20.79	21.67	4205920	91275424.000
01/23/2014	21.67	22.21	21.64	22.09	3131673	68853888.000
01/24/2014	22.06	22.83	21.99	22.30	2888944	65071952.000
01/27/2014	22.34	22.74	21.77	22.20	2514770	55957364.000
01/28/2014	21.65	22.37	21.20	21.67	2062235	44860348.000
01/29/2014	21.67	23.14	21.67	22.99	2581191	58372984.000
01/30/2014	22.85	24.17	22.79	24.15	2364755	56201372.000
02/07/2014	24.16	25.76	23.70	25.19	2761909	69879400.000
02/10/2014	25.09	25.51	24.80	24.82	2577642	64845524.000
02/11/2014	24.85	25.59	23.38	24.00	3837527	93385544.000
02/12/2014	23.64	23.93	22.32	23.18	5881039	135987840.000
02/13/2014	23.17	23.47	21.70	22.08	5745776	129262920.000
02/14/2014	22.09	22.62	22.00	22.61	2318609	51800372.000
02/17/2014	22.65	23.60	22.61	23.15	2862690	66403244.000
02/18/2014	23.19	23.44	22.41	22.57	2712880	61534236.000
02/19/2014	22.37	22.54	21.41	22.04	4037588	88599800.000
02/20/2014	22.01	22.18	21.41	21.59	2835436	61285116.000
02/21/2014	21.84	21.85	21.14	21.51	1734438	37227348.000
02/24/2014	21.51	22.19	20.77	21.99	3528968	75359992.000
02/25/2014	21.80	22.17	19.79	19.81	4868952	100640640.000
02/26/2014	19.48	19.49	17.83	18.43	8251665	151243200.000
02/27/2014	18.23	18.66	18.05	18.11	5078142	93919640.000
02/28/2014	18.19	18.89	16.71	18.69	5052701	89219280.000
03/03/2014	18.39	18.94	17.99	18.69	4598566	84707432.000
03/04/2014	18.54	19.37	18.40	19.14	4163787	79223512.000
03/05/2014	19.01	19.19	18.64	18.68	3093422	58345596.000
03/06/2014	18.39	18.73	17.93	18.12	4952050	89687152.000
03/07/2014	18.19	18.64	18.01	18.26	2893874	53247768.000
03/10/2014	18.24	18.57	17.83	17.88	2765259	50219280.000
03/11/2014	17.64	18.29	17.29	17.64	2979394	52905028.000
03/12/2014	17.87	18.83	17.87	18.21	4801970	88167272.000
03/13/2014	18.38	18.38	17.92	18.30	2664232	48599024.000
03/14/2014	18.24	18.74	18.01	18.69	2802132	51929252.000
03/17/2014	18.67	19.56	18.60	19.29	4853048	92626256.000
03/18/2014	19.27	19.46	19.04	19.14	2532799	48792340.000
03/19/2014	19.11	19.12	18.58	18.72	2321100	43473324.000
03/20/2014	18.70	18.88	17.96	17.96	2051048	38023480.000
03/21/2014	17.79	17.88	16.89	17.71	4997261	86626000.000
03/24/2014	17.50	17.81	17.19	17.55	2095130	36693092.000
03/25/2014	17.56	17.96	17.37	17.62	1766641	31203864.000
03/26/2014	17.71	18.14	17.51	18.00	2375833	42586788.000
03/27/2014	17.99	18.37	17.52	18.07	2140826	38469132.000
03/28/2014	18.03	19.18	17.74	19.07	7699345	143416944.000
03/31/2014	18.98	20.17	18.87	19.61	7077429	139494816.000
04/01/2014	19.52	20.05	19.24	19.46	4085368	80522616.000
04/02/2014	19.49	20.74	19.20	20.03	5401099	108615160.000
04/03/2014	19.88	20.86	19.79	20.31	5034482	102552808.000
04/04/2014	20.39	20.81	20.19	20.31	4471741	91926200.000
04/08/2014	19.99	20.08	19.44	19.85	3367425	66564932.000
04/09/2014	19.90	20.70	19.79	20.65	3945519	80198104.000
04/10/2014	20.39	21.79	20.35	21.31	5307187	113084296.000
04/11/2014	21.09	21.27	20.32	20.99	3511507	73237024.000
04/14/2014	21.11	22.34	21.11	22.17	7156484	157378368.000
04/15/2014	22.14	22.54	21.84	22.33	3235224	71945824.000
04/16/2014	21.99	22.29	21.29	21.91	2974271	64619692.000
04/17/2014	21.69	22.43	21.64	22.34	2532020	55923544.000
04/18/2014	22.15	22.35	21.49	22.11	2842923	62505784.000
04/21/2014	21.79	22.27	20.69	20.69	3105979	67319048.000
04/22/2014	20.66	21.88	19.90	21.64	4636312	95478944.000
04/23/2014	21.47	22.21	21.30	21.70	3008201	65983456.000
04/24/2014	21.49	22.56	21.49	22.39	3899850	86598448.000
04/25/2014	22.49	22.58	20.99	21.07	2591395	55914184.000
04/28/2014	21.00	21.00	19.59	19.69	2824718	56454252.000
04/29/2014	19.47	20.08	19.44	19.54	1668792	32899696.000
04/30/2014	19.93	19.97	19.26	19.59	1221472	24140900.000
05/05/2014	19.84	20.15	19.40	20.11	1333832	26407620.000
05/06/2014	20.26	21.08	20.03	20.78	2282991	47196752.000
05/07/2014	20.88	20.88	20.10	20.77	1744278	35670140.000
05/08/2014	20.37	20.68	20.17	20.17	1921887	39092628.000
05/09/2014	20.07	20.41	18.34	18.69	3502018	66317476.000
05/12/2014	18.94	19.17	17.86	18.34	4891855	88590344.000
05/13/2014	18.14	18.63	17.97	18.17	1892409	34591392.000
05/14/2014	18.37	18.49	18.11	18.22	893595	16300949.000
05/15/2014	18.00	18.69	17.24	18.11	2114200	38495600.000
05/16/2014	18.10	18.10	17.33	17.65	1849479	32446898.000
05/19/2014	17.55	18.29	17.55	17.94	1715171	30715408.000
05/20/2014	18.07	18.51	17.95	18.04	1200758	21905402.000
05/21/2014	17.98	18.24	17.83	18.19	858440	15463415.000
05/22/2014	18.44	18.75	18.20	18.49	1998206	37064080.000
05/23/2014	18.48	19.09	18.00	18.82	2495492	46399048.000
05/26/2014	18.87	19.23	18.83	19.12	2292669	43905380.000
05/27/2014	19.37	19.37	18.70	18.74	1475860	28061624.000
05/28/2014	18.79	19.89	18.74	19.54	3883025	75249016.000
05/29/2014	19.19	20.16	19.07	19.76	4516250	89524648.000
05/30/2014	19.69	21.74	19.32	21.73	8252325	174979904.000
06/03/2014	21.76	21.97	20.61	20.76	7195199	153315984.000
06/04/2014	20.58	21.06	20.32	20.74	3290750	68105520.000
06/05/2014	20.52	20.87	20.00	20.84	2671873	54749220.000
06/06/2014	20.69	20.83	19.89	20.12	3221886	65441940.000
06/09/2014	20.12	20.19	19.74	19.79	2037848	40656456.000
06/10/2014	19.87	20.56	19.74	20.39	2810649	56993580.000
06/11/2014	20.29	20.43	19.94	20.19	1853519	37340364.000
06/12/2014	19.99	20.34	19.85	20.11	2970992	59703792.000
06/13/2014	19.99	20.48	19.93	20.36	3484129	70661184.000
06/16/2014	20.39	20.74	20.29	20.66	3430553	70490560.000
06/17/2014	20.65	20.65	19.19	19.19	5218910	103678368.000
06/18/2014	19.18	19.37	18.90	18.94	2530306	48390692.000
06/19/2014	18.95	19.07	17.50	17.89	2970803	54602896.000
06/20/2014	17.79	18.52	17.69	18.18	2862654	52272868.000
06/23/2014	18.47	18.96	18.29	18.74	2015345	37932136.000
06/24/2014	18.75	19.04	18.75	18.82	1232025	23269432.000
06/25/2014	18.98	18.98	18.20	18.26	1842487	33919576.000
06/26/2014	18.27	19.02	18.10	18.79	2262433	42270216.000
06/27/2014	18.79	18.97	16.91	18.87	3030216	55524180.000
06/30/2014	18.84	20.05	18.54	19.84	5128852	99685592.000
07/01/2014	19.75	20.08	19.50	19.79	2752562	54368184.000
07/02/2014	20.18	20.56	19.71	20.38	7702320	156336640.000
07/03/2014	20.35	20.35	19.79	19.87	4219861	84262288.000
07/04/2014	19.94	20.04	19.41	19.58	3241783	63752640.000
07/07/2014	19.58	20.29	19.39	20.25	5584564	111376312.000
07/08/2014	20.29	20.65	19.84	20.10	4736983	95671992.000
07/09/2014	20.00	20.98	19.72	20.04	7508462	153662400.000
07/10/2014	19.88	19.93	19.40	19.69	4000614	78733984.000
07/11/2014	19.60	19.91	19.51	19.80	2732865	53927396.000
07/14/2014	19.88	20.79	19.75	20.27	3768831	76704536.000
07/15/2014	20.13	20.28	18.71	19.08	6580684	127804624.000
07/16/2014	19.00	19.23	18.45	18.52	3136684	58405200.000
07/17/2014	18.52	18.76	18.13	18.29	2390056	43870040.000
07/18/2014	18.23	18.70	18.20	18.54	1864092	34516936.000
07/21/2014	18.50	18.54	18.00	18.38	2105087	38393432.000
07/22/2014	18.30	18.90	18.23	18.73	2328787	43415404.000
07/23/2014	18.71	18.89	18.31	18.38	2045173	38123324.000
07/24/2014	18.38	18.38	17.78	18.25	2394858	43350576.000
07/25/2014	18.25	18.40	17.90	18.05	2055203	37277112.000
07/28/2014	18.15	18.48	18.05	18.45	2109308	38481572.000
07/29/2014	18.58	18.91	18.51	18.78	4458996	83333400.000
07/30/2014	18.80	19.27	18.60	18.98	4398889	83321952.000
07/31/2014	18.95	19.07	18.81	19.01	2258577	42763108.000
08/01/2014	19.08	19.08	18.52	18.53	2546636	47738200.000
08/04/2014	18.53	18.85	18.47	18.63	1996205	37178556.000
08/05/2014	18.63	18.80	18.38	18.74	3634583	67673224.000
08/06/2014	18.74	19.10	18.70	18.96	4332241	82167224.000
08/07/2014	18.97	19.44	18.81	19.31	5136666	98693312.000
08/08/2014	19.36	20.19	19.19	20.08	8423008	166458320.000
08/11/2014	20.10	22.09	20.08	21.20	10993393	231373040.000
08/12/2014	21.30	21.85	21.00	21.41	6779642	145238224.000
08/13/2014	21.30	21.38	20.36	21.05	7474127	155522336.000
08/14/2014	20.98	21.00	20.55	20.59	4015298	83545336.000
08/15/2014	20.80	21.50	20.75	21.05	5632983	118702416.000
08/18/2014	21.10	21.37	20.61	21.16	4705759	98873424.000
08/19/2014	21.20	21.45	20.85	21.25	4904890	103559944.000
08/20/2014	21.25	21.25	20.75	20.95	2770397	58176324.000
08/21/2014	21.10	21.36	20.68	21.33	3894407	82335264.000
08/22/2014	21.28	21.83	20.81	21.60	6374763	136029840.000
08/25/2014	21.48	21.49	20.18	20.45	8951572	184999328.000
08/26/2014	20.48	20.48	19.50	19.57	7548815	149741184.000
08/27/2014	19.68	20.10	19.50	19.70	6808984	135096448.000
08/28/2014	19.67	19.85	19.28	19.60	3114786	60713000.000
08/29/2014	19.59	20.57	19.59	20.52	6076838	122892352.000
09/01/2014	20.72	21.44	20.72	21.16	6943666	146902176.000
09/02/2014	21.30	22.19	21.00	22.05	12423836	269864928.000
09/03/2014	22.13	22.30	21.40	21.72	14635703	319373216.000
09/04/2014	21.69	22.83	21.44	22.22	11120497	246071232.000
09/05/2014	22.05	22.49	21.94	22.34	7161371	159007568.000
09/09/2014	22.34	22.34	21.90	22.00	5978964	131826016.000
09/10/2014	21.88	22.08	21.61	21.93	3351445	73325184.000
09/11/2014	21.90	22.64	21.75	22.05	7437765	164784736.000
09/12/2014	22.27	23.15	22.16	23.10	10843895	246152464.000
09/15/2014	23.10	24.08	22.80	23.11	12107651	284980128.000
09/16/2014	23.10	23.60	21.80	21.99	10395428	237354368.000
09/17/2014	21.99	22.20	21.51	22.13	5319068	116298984.000
09/18/2014	21.89	22.18	21.59	21.89	3988749	87235008.000
09/19/2014	21.88	22.54	21.71	22.12	5118655	112975984.000
09/22/2014	22.04	22.10	21.56	21.62	3986727	86587456.000
09/23/2014	21.52	22.15	21.52	22.04	3880299	85097584.000
09/24/2014	22.32	23.05	22.06	22.98	6763042	153377664.000
09/25/2014	23.10	23.49	22.71	22.90	5359250	123642128.000
09/26/2014	22.78	23.27	22.52	22.73	3384743	77456304.000
09/29/2014	22.90	23.46	22.82	23.09	4608751	106851584.000
09/30/2014	23.13	23.39	23.00	23.24	3723731	86344120.000
10/08/2014	23.30	24.48	23.05	24.06	6463281	154656624.000
10/09/2014	24.13	24.25	23.30	23.54	6042944	143158224.000
10/10/2014	23.35	23.94	22.94	23.72	5202300	121452536.000
10/13/2014	23.45	23.73	22.80	23.71	4159300	96897432.000
10/14/2014	23.65	24.18	23.00	23.24	4574080	108129376.000
10/15/2014	24.10	24.39	23.50	23.58	8181845	195211632.000
10/16/2014	23.00	23.39	22.51	22.51	5661412	130589136.000
10/17/2014	22.50	22.66	21.31	22.00	6496830	141806880.000
10/20/2014	22.05	22.40	21.85	22.21	2968185	65886928.000
10/21/2014	22.20	22.44	21.43	21.91	2657139	58608068.000
10/22/2014	21.99	22.48	21.78	21.80	3498306	77477984.000
10/23/2014	21.60	22.09	21.32	21.89	2983317	64917492.000
10/24/2014	21.80	22.39	21.67	22.16	2820747	62354992.000
10/27/2014	21.80	22.79	21.40	22.69	3713306	83525160.000
10/28/2014	23.00	23.50	22.84	23.39	6118355	142437280.000
10/29/2014	23.55	23.68	23.05	23.20	6376326	148829312.000
10/30/2014	23.19	23.36	22.62	22.77	5673065	130070456.000
10/31/2014	22.81	23.01	22.08	22.46	4830783	108830896.000
数据来源:通达信
