300027 华谊兄弟 日线
      日期	    开盘	    最高	    最低	    收盘	    成交量	    成交额
10/08/2010	7.95	8.22	7.94	8.11	1880979	56724380.000
10/11/2010	8.03	8.11	7.83	7.95	2731626	81001976.000
10/12/2010	7.86	8.16	7.86	7.99	1979383	59392340.000
10/13/2010	8.01	8.23	7.96	8.18	2701582	81750632.000
10/14/2010	8.23	8.42	8.06	8.15	3084961	94877024.000
10/15/2010	8.16	8.17	7.75	7.83	3102375	92184192.000
10/18/2010	7.97	8.11	7.83	7.95	2684061	79974744.000
10/19/2010	7.99	8.74	7.87	8.55	5979844	188750528.000
10/20/2010	8.44	8.85	8.31	8.58	5873512	188509168.000
10/21/2010	8.54	8.55	8.31	8.39	2889396	90035304.000
10/22/2010	8.39	8.71	8.36	8.53	3728449	119280264.000
10/25/2010	8.47	8.68	8.39	8.55	4347874	137898784.000
10/26/2010	8.58	8.68	8.39	8.49	2976399	94383856.000
10/27/2010	8.50	8.64	8.28	8.28	3716358	117216832.000
10/28/2010	8.22	8.25	8.03	8.08	2657125	80541536.000
10/29/2010	8.08	8.44	8.08	8.24	3601099	111353992.000
11/01/2010	8.03	8.65	8.03	8.56	8369410	265035808.000
11/02/2010	8.50	8.50	7.98	8.12	11159049	338559264.000
11/03/2010	8.03	8.03	7.75	7.86	5089485	150211472.000
11/04/2010	7.83	7.97	7.81	7.92	3501479	103356080.000
11/05/2010	8.02	8.08	7.94	8.00	3869738	115981472.000
11/08/2010	8.07	8.17	7.99	8.13	4590487	138897280.000
11/09/2010	8.14	8.17	8.02	8.08	3897278	117390704.000
11/10/2010	8.08	8.39	8.02	8.30	6706477	206832208.000
11/11/2010	8.30	8.49	8.22	8.31	6945294	217007008.000
11/12/2010	8.28	8.30	7.81	7.84	6405438	192498368.000
11/15/2010	7.78	8.23	7.78	8.13	5231305	157827808.000
11/16/2010	8.15	8.41	7.96	7.98	9245906	283827392.000
11/17/2010	7.89	8.17	7.82	7.93	3362184	100416736.000
11/18/2010	7.78	7.99	7.78	7.85	3013534	88647632.000
11/19/2010	7.86	8.14	7.83	8.11	4133773	124074976.000
11/22/2010	8.10	8.64	8.06	8.37	10543323	330148160.000
11/23/2010	8.31	8.36	8.00	8.12	5308810	161125120.000
11/24/2010	8.06	8.36	8.06	8.36	5058739	156111760.000
11/25/2010	8.37	8.56	8.23	8.39	6817999	214077776.000
11/26/2010	8.36	8.58	8.33	8.48	7038299	222142336.000
11/29/2010	8.48	8.48	8.14	8.19	7526152	231018656.000
11/30/2010	8.21	8.21	7.64	7.78	9350846	274367040.000
12/01/2010	7.74	8.03	7.69	7.96	4191764	123739608.000
12/02/2010	8.06	8.11	7.91	8.00	3311438	99003816.000
12/03/2010	8.06	8.18	8.00	8.02	2850063	85875576.000
12/06/2010	8.01	8.11	7.74	7.80	3087688	90824040.000
12/07/2010	7.81	7.91	7.78	7.87	1663304	48827964.000
12/08/2010	8.06	8.28	8.06	8.20	5721306	174922528.000
12/09/2010	8.20	8.24	8.03	8.13	3214583	97880472.000
12/10/2010	8.03	8.31	8.01	8.21	4992802	153034752.000
12/13/2010	8.22	8.40	8.19	8.34	7092760	220476240.000
12/14/2010	8.31	8.49	8.21	8.43	7334438	229263360.000
12/15/2010	8.44	9.30	8.43	9.15	20858423	698836992.000
12/16/2010	8.97	9.14	8.86	8.91	9224515	309215040.000
12/17/2010	8.92	8.94	8.62	8.83	9520969	310906688.000
12/20/2010	8.86	9.19	8.50	9.03	10358934	344965312.000
12/21/2010	9.11	9.21	8.89	9.05	5637743	189422144.000
12/22/2010	9.14	9.14	8.71	8.76	5855717	192758624.000
12/23/2010	8.63	8.73	8.36	8.37	4828982	153328096.000
12/24/2010	8.32	8.53	8.08	8.33	2997509	92835160.000
12/27/2010	8.35	8.44	7.86	7.86	6283050	189156528.000
12/28/2010	7.84	7.84	7.60	7.67	3167638	91200920.000
12/29/2010	7.68	7.86	7.67	7.76	2925669	85071384.000
12/30/2010	7.78	7.78	7.58	7.71	2964177	84983840.000
12/31/2010	7.71	7.85	7.71	7.84	2537822	73938912.000
01/04/2011	7.86	8.00	7.76	7.97	4064105	119626456.000
01/05/2011	7.97	7.98	7.71	7.77	5144006	150511584.000
01/06/2011	7.74	7.83	7.50	7.54	6274367	178897488.000
01/07/2011	7.56	7.67	7.55	7.65	3343565	95325256.000
01/10/2011	7.66	7.66	7.36	7.44	3404846	95886408.000
01/11/2011	7.44	7.47	7.31	7.46	2470385	68335688.000
01/12/2011	7.49	7.58	7.29	7.46	3103637	86285240.000
01/13/2011	7.46	7.72	7.39	7.63	4399069	124920272.000
01/14/2011	7.62	7.62	7.29	7.37	3341288	92532256.000
01/17/2011	7.28	7.28	6.91	6.92	3590656	94867112.000
01/18/2011	6.89	6.97	6.81	6.87	1308052	33872340.000
01/19/2011	6.88	7.05	6.88	7.01	1436575	37632500.000
01/20/2011	7.01	7.01	6.78	6.79	1970411	50837276.000
01/21/2011	6.78	6.88	6.66	6.82	2238548	57149896.000
01/24/2011	6.82	6.86	6.68	6.69	1824338	46521480.000
01/25/2011	6.74	6.74	6.64	6.69	1297013	32697560.000
01/26/2011	6.70	6.84	6.70	6.80	1135377	29001082.000
01/27/2011	6.76	6.94	6.74	6.92	1618181	41771172.000
01/28/2011	6.92	6.99	6.88	6.97	1434671	37583588.000
01/31/2011	6.97	6.99	6.86	6.98	1527737	39897224.000
02/01/2011	6.98	7.20	6.94	7.08	1849986	49395076.000
02/09/2011	7.00	7.08	6.92	6.93	1177055	30843020.000
02/10/2011	6.93	7.14	6.92	7.12	1651820	43799448.000
02/11/2011	7.16	7.24	7.10	7.13	1879589	50580132.000
02/14/2011	7.14	7.26	7.13	7.24	2396726	64774028.000
02/15/2011	7.28	7.30	7.21	7.21	2770701	75280288.000
02/16/2011	7.19	7.27	7.11	7.25	2496193	67302184.000
02/17/2011	7.27	7.36	7.17	7.29	2935147	80069576.000
02/18/2011	7.33	7.33	7.18	7.21	1678902	45440268.000
02/21/2011	7.18	7.24	7.13	7.23	2038276	55018048.000
02/22/2011	7.23	7.49	7.22	7.24	4627432	127315744.000
02/23/2011	7.22	7.39	7.21	7.28	2785218	76230064.000
02/24/2011	7.25	7.57	7.22	7.54	5513265	153318400.000
02/25/2011	7.56	7.61	7.43	7.49	3971426	111950168.000
02/28/2011	7.61	7.61	7.44	7.51	2861726	80287048.000
03/01/2011	7.51	7.56	7.25	7.31	4301013	119398648.000
03/02/2011	7.31	7.38	7.27	7.34	2176550	59797552.000
03/03/2011	7.36	7.36	7.18	7.22	2339945	63881296.000
03/04/2011	7.23	7.31	7.19	7.31	1511070	41086732.000
03/07/2011	7.32	7.34	7.25	7.30	2425453	66310152.000
03/08/2011	7.30	7.39	7.30	7.34	2174705	59928768.000
03/09/2011	7.36	7.41	7.33	7.33	2258607	62259560.000
03/10/2011	7.33	7.60	7.33	7.57	5728777	161417872.000
03/11/2011	7.81	7.97	7.72	7.78	11765524	344832160.000
03/14/2011	7.79	7.81	7.58	7.61	5258650	150943888.000
03/15/2011	7.64	7.72	7.34	7.39	4618787	129280728.000
03/16/2011	7.39	7.51	7.39	7.45	2571771	71819928.000
03/17/2011	7.39	7.43	7.28	7.31	2150310	59264484.000
03/18/2011	7.39	7.44	7.27	7.29	1911838	52566960.000
03/21/2011	7.27	7.30	7.08	7.11	3299233	88749048.000
03/22/2011	7.13	7.19	7.04	7.17	1587702	42488568.000
03/23/2011	7.18	7.34	7.11	7.30	1995028	54365420.000
03/24/2011	7.33	7.35	7.24	7.24	1179708	32191414.000
03/25/2011	7.24	7.28	7.16	7.19	2647328	71560936.000
03/28/2011	7.22	7.25	7.05	7.09	2873951	76537896.000
03/29/2011	7.06	7.11	6.88	7.00	3268126	85182496.000
03/30/2011	6.97	7.03	6.92	6.96	1285196	33615868.000
04/01/2011	6.92	7.02	6.90	7.00	1140093	29832812.000
04/06/2011	7.00	7.00	6.83	6.83	2624318	67848688.000
04/07/2011	6.83	6.91	6.83	6.91	1861035	48191372.000
04/08/2011	6.96	7.22	6.94	7.20	3913357	104814632.000
04/11/2011	7.19	7.19	7.05	7.10	2264727	60485404.000
04/12/2011	7.11	7.16	7.07	7.11	1440756	38409256.000
04/13/2011	7.11	7.27	7.11	7.21	2566262	69308520.000
04/14/2011	7.22	7.28	7.13	7.17	2640629	71263504.000
04/15/2011	7.15	7.17	7.01	7.05	3289663	48017348.000
04/18/2011	7.05	7.23	7.03	7.11	3906747	57437340.000
04/19/2011	7.10	7.10	6.95	6.96	3618350	52326972.000
04/20/2011	7.01	7.06	6.95	7.03	3270374	47460708.000
04/21/2011	7.10	7.53	7.10	7.25	11915649	180264624.000
04/22/2011	7.24	7.29	7.10	7.20	4426711	65853572.000
04/25/2011	7.21	7.45	7.21	7.26	9085984	138164048.000
04/26/2011	7.26	7.30	6.92	7.05	5055117	74289648.000
04/27/2011	7.06	7.24	6.97	7.00	3291971	48297988.000
04/28/2011	6.98	7.09	6.65	6.68	5387492	76224848.000
04/29/2011	6.68	6.80	6.56	6.71	3447118	47675024.000
05/03/2011	6.72	6.78	6.61	6.74	1786223	24836000.000
05/04/2011	6.75	6.88	6.66	6.68	2477029	34755032.000
05/05/2011	6.65	7.22	6.65	7.15	9603604	140876240.000
05/06/2011	7.05	7.14	6.95	7.03	4965444	72096384.000
05/09/2011	7.30	7.74	7.30	7.65	21840117	339410912.000
05/10/2011	7.70	7.70	7.50	7.58	12257193	192155280.000
05/11/2011	7.54	7.67	7.47	7.53	8581256	134384000.000
05/12/2011	7.50	7.58	7.28	7.48	6698095	102794328.000
05/13/2011	7.46	7.67	7.29	7.51	8955557	138838592.000
05/16/2011	7.60	7.69	7.46	7.51	7545434	118253320.000
05/17/2011	7.50	7.69	7.34	7.38	7613026	118471800.000
05/18/2011	7.34	7.40	7.24	7.29	4761057	71927832.000
05/19/2011	7.36	7.50	7.30	7.32	3299494	50264544.000
05/20/2011	7.35	7.38	7.13	7.14	4580012	68575064.000
05/23/2011	7.10	7.16	6.78	6.81	5876146	83814592.000
05/24/2011	6.79	7.15	6.75	7.05	6454943	93093440.000
05/25/2011	7.04	7.06	6.86	6.88	3236827	46625928.000
05/26/2011	6.94	7.14	6.88	6.99	4617599	67253792.000
05/27/2011	6.99	7.19	6.96	7.05	4849308	71061176.000
05/30/2011	7.05	7.59	7.01	7.35	10201764	155256672.000
05/31/2011	7.36	7.53	7.26	7.45	7535132	115224184.000
06/01/2011	7.49	7.49	7.35	7.37	4870214	74637464.000
06/03/2011	7.28	7.54	7.28	7.48	8098694	124879072.000
06/07/2011	7.47	7.50	7.30	7.43	4691624	71693832.000
06/08/2011	7.46	7.46	7.18	7.27	5469373	82257728.000
06/09/2011	7.27	7.28	6.92	6.95	6245193	91212368.000
06/10/2011	6.95	7.09	6.94	7.04	3017715	43801296.000
06/13/2011	7.03	7.17	6.91	7.06	2665183	38973084.000
06/14/2011	7.08	7.21	7.08	7.14	2639691	39042568.000
06/15/2011	7.09	7.12	6.94	6.94	3015194	43885824.000
06/16/2011	6.90	6.90	6.80	6.83	2576826	36550076.000
06/17/2011	6.83	6.90	6.80	6.88	2447227	34731312.000
06/20/2011	6.84	6.97	6.81	6.97	3172300	45404792.000
06/21/2011	6.99	7.09	6.94	7.02	2029180	29474196.000
06/22/2011	7.03	7.04	6.83	6.88	1998622	28594326.000
06/23/2011	6.90	7.05	6.80	6.98	3500260	50541556.000
06/24/2011	7.00	7.17	6.93	7.09	5850203	85381344.000
06/27/2011	7.09	7.15	7.02	7.08	4647188	68146648.000
06/28/2011	7.10	7.10	6.98	7.04	3036754	44166944.000
06/29/2011	7.04	7.04	6.91	6.91	4074360	58809040.000
06/30/2011	6.91	7.01	6.90	6.95	2681502	38722904.000
07/01/2011	6.95	7.19	6.95	7.08	5696090	83983608.000
07/04/2011	7.08	7.25	7.08	7.24	5454009	81136192.000
07/05/2011	7.29	7.29	7.17	7.21	3953702	58995716.000
07/06/2011	7.18	7.42	7.17	7.37	7195313	109089696.000
07/07/2011	7.36	7.48	7.30	7.42	9348269	143031536.000
07/08/2011	7.40	7.52	7.30	7.33	5641852	86456432.000
07/11/2011	7.28	7.35	7.18	7.33	3714355	55835828.000
07/12/2011	7.25	7.44	7.19	7.43	5331395	80907168.000
07/13/2011	7.38	7.50	7.35	7.49	5772794	88927936.000
07/14/2011	7.51	7.57	7.41	7.53	5975961	92547816.000
07/15/2011	7.65	7.93	7.64	7.76	17954233	288689920.000
07/18/2011	7.73	7.81	7.59	7.63	8553465	135812880.000
07/19/2011	7.61	7.61	7.44	7.46	5197373	80626448.000
07/20/2011	7.48	7.65	7.44	7.62	5232856	81802808.000
07/21/2011	7.60	7.67	7.50	7.50	3851993	60266064.000
07/22/2011	7.50	7.56	7.41	7.43	3063829	47234192.000
07/25/2011	7.44	7.58	7.21	7.24	4328442	65916996.000
07/26/2011	7.26	7.33	7.16	7.26	2474957	37058764.000
07/27/2011	7.23	7.48	7.20	7.39	4509018	68801096.000
07/28/2011	7.37	7.44	7.24	7.35	3324470	50392916.000
07/29/2011	7.31	7.55	7.29	7.47	4755121	72928064.000
08/01/2011	7.46	7.62	7.44	7.51	4107854	63989032.000
08/02/2011	7.49	7.58	7.27	7.55	4799895	73553232.000
08/03/2011	7.46	7.72	7.46	7.64	6768449	106703768.000
08/04/2011	7.68	7.70	7.55	7.58	5815866	91340984.000
08/05/2011	7.32	7.61	7.25	7.58	6902050	106583960.000
08/08/2011	7.45	7.54	7.16	7.32	7381182	111863904.000
08/09/2011	7.01	7.45	7.01	7.30	5944014	89126728.000
08/10/2011	7.40	7.49	7.33	7.33	4428731	67778280.000
08/11/2011	7.25	7.71	7.23	7.67	14240283	223703312.000
08/12/2011	7.68	8.24	7.67	8.01	20150951	331983296.000
08/15/2011	8.02	8.15	7.93	8.04	9273957	153966976.000
08/16/2011	8.04	8.09	7.88	7.99	5757502	94609128.000
08/17/2011	7.96	8.29	7.94	8.07	10047223	168132256.000
08/18/2011	8.10	8.13	7.80	7.85	6443194	105692888.000
08/19/2011	7.75	8.18	7.70	8.00	7331845	120013960.000
08/22/2011	8.05	8.12	7.85	7.93	5312091	87348360.000
08/23/2011	7.96	8.30	7.96	8.29	13496677	227892560.000
08/24/2011	8.25	8.34	8.15	8.29	8692702	147795520.000
08/25/2011	8.40	8.40	8.12	8.28	7664329	130069520.000
08/29/2011	8.34	8.99	8.30	8.62	12731721	226206800.000
08/30/2011	8.60	8.72	8.44	8.44	6745104	118974648.000
08/31/2011	8.44	8.53	8.25	8.43	6864643	118228176.000
09/01/2011	8.44	8.49	8.20	8.22	5028043	86049168.000
09/02/2011	8.19	8.43	8.06	8.35	5393137	91679872.000
09/05/2011	8.23	8.32	8.13	8.15	3934534	66607336.000
09/06/2011	8.05	8.28	8.02	8.18	4448535	75092256.000
09/07/2011	8.24	8.38	8.16	8.36	4547641	77547336.000
09/08/2011	8.38	8.53	8.21	8.25	4456294	76803192.000
09/09/2011	8.20	8.45	8.14	8.28	3867259	65939708.000
09/13/2011	8.18	8.18	7.86	7.90	6761014	111478024.000
09/14/2011	7.89	8.04	7.74	8.01	4919461	79654344.000
09/15/2011	8.01	8.10	7.90	7.99	2976784	49031032.000
09/16/2011	8.03	8.08	7.91	7.99	1758887	28992906.000
09/19/2011	7.95	7.98	7.79	7.85	1994312	32398100.000
09/20/2011	7.79	7.94	7.79	7.86	1921034	31212984.000
09/21/2011	7.85	8.08	7.85	8.05	2976660	49113196.000
09/22/2011	7.98	8.10	7.87	7.88	2165915	35662264.000
09/23/2011	7.78	7.90	7.73	7.84	2629488	42357556.000
09/26/2011	7.82	7.92	7.65	7.69	2620515	42204892.000
09/27/2011	7.73	7.82	7.68	7.81	2162046	34665504.000
09/28/2011	7.83	7.89	7.53	7.58	2780312	44051092.000
09/29/2011	7.52	7.55	7.29	7.30	2956416	45438060.000
09/30/2011	7.33	7.44	7.26	7.37	2140426	32460928.000
10/10/2011	7.37	7.53	7.35	7.50	1710555	26364694.000
10/11/2011	7.74	7.80	7.25	7.53	3317227	51631072.000
10/12/2011	7.43	7.87	7.34	7.85	7958913	126285608.000
10/13/2011	7.83	8.19	7.79	8.11	7268013	120681248.000
10/14/2011	8.01	8.13	7.88	8.08	3918661	64452548.000
10/17/2011	8.08	8.30	7.85	7.95	7356501	121715464.000
10/18/2011	7.80	7.93	7.76	7.92	4191323	67781536.000
10/19/2011	7.93	8.19	7.88	7.99	8514624	141134192.000
10/20/2011	7.90	7.94	7.60	7.67	4601783	73450736.000
10/21/2011	7.54	7.68	7.30	7.34	6539423	100165704.000
10/24/2011	7.34	7.70	6.98	7.65	7072274	107299736.000
10/25/2011	7.63	8.18	7.51	8.06	10560585	172772592.000
10/26/2011	8.00	8.50	7.94	8.30	19387703	332062624.000
10/27/2011	8.25	8.25	8.03	8.11	10379425	173800176.000
10/28/2011	8.22	8.62	8.12	8.35	14779915	254734272.000
10/31/2011	8.34	8.60	8.21	8.49	15074537	262442704.000
11/01/2011	8.37	8.55	8.23	8.26	10759855	185289424.000
11/02/2011	8.08	8.87	8.08	8.77	25162464	444940544.000
11/03/2011	8.82	9.22	8.69	8.89	38491684	706068608.000
11/04/2011	8.89	9.03	8.56	8.66	15353134	277038720.000
11/08/2011	8.72	8.76	8.47	8.49	9665090	170953136.000
11/09/2011	8.57	9.25	8.55	9.17	28217525	516672416.000
11/10/2011	9.01	9.06	8.75	8.76	26016971	477844960.000
11/11/2011	8.75	9.08	8.65	8.82	15807659	287528928.000
11/14/2011	8.89	9.26	8.83	8.98	12876514	239947696.000
11/15/2011	8.98	9.11	8.86	9.05	7351553	135795040.000
11/16/2011	9.05	9.09	8.60	8.70	10807616	195773984.000
11/17/2011	8.67	8.86	8.52	8.64	7750106	138447472.000
11/18/2011	8.56	8.67	8.33	8.36	10244343	177754656.000
11/21/2011	8.36	8.55	8.31	8.46	9188456	160153792.000
11/22/2011	8.40	8.68	8.35	8.59	9589401	168329648.000
11/23/2011	8.61	8.90	8.55	8.75	11114331	200064512.000
11/24/2011	8.61	8.88	8.56	8.76	5153630	92931720.000
11/25/2011	8.74	9.05	8.65	8.89	9700267	177690208.000
11/28/2011	8.80	9.17	8.80	8.99	9321715	173037520.000
11/29/2011	8.96	9.00	8.60	8.80	11394398	204961312.000
11/30/2011	8.73	8.80	8.20	8.40	11271821	197310832.000
12/01/2011	8.66	8.90	8.40	8.40	8132413	145244336.000
12/02/2011	8.40	8.48	8.21	8.31	5886926	100926960.000
12/05/2011	8.31	8.31	7.93	7.94	6896084	114702440.000
12/06/2011	7.86	8.20	7.86	8.13	4498872	74632088.000
12/07/2011	8.13	8.37	8.06	8.26	5156524	87637952.000
12/08/2011	8.25	8.66	8.01	8.40	8859905	153581152.000
12/09/2011	8.26	8.50	8.13	8.25	4722015	80864048.000
12/12/2011	8.29	8.45	8.17	8.18	3045406	52113680.000
12/13/2011	8.13	8.25	7.75	8.00	6486176	106392640.000
12/14/2011	7.94	8.00	7.70	7.72	5427896	88084120.000
12/15/2011	7.61	7.85	7.55	7.68	4815616	76599632.000
12/16/2011	7.71	8.09	7.69	8.07	7187042	116417272.000
12/19/2011	7.95	8.33	7.88	8.26	6986976	117250104.000
12/20/2011	8.25	8.43	7.94	8.05	5867743	98767768.000
12/21/2011	8.16	8.28	7.86	7.86	4945846	82667264.000
12/22/2011	7.76	8.01	7.46	7.87	6275420	100297728.000
12/23/2011	7.85	8.13	7.75	7.92	6059088	99250040.000
12/26/2011	7.84	8.05	7.77	7.93	4187987	68745240.000
12/27/2011	7.93	8.03	7.63	7.65	4345635	70637304.000
12/28/2011	7.55	7.75	7.34	7.68	5615361	87467960.000
12/29/2011	7.65	7.82	7.58	7.66	3402374	54253716.000
01/04/2012	7.87	7.93	7.59	7.62	5534952	88453664.000
01/05/2012	7.50	7.58	7.17	7.24	5460372	83174928.000
01/06/2012	7.25	7.35	6.76	7.24	6974339	101326096.000
01/09/2012	7.22	7.42	7.06	7.42	6551405	98833912.000
01/10/2012	7.43	7.65	7.35	7.61	7203149	111840632.000
01/11/2012	7.60	7.78	7.49	7.59	5981936	94543856.000
01/12/2012	7.60	7.70	7.48	7.58	5212376	81621944.000
01/13/2012	7.58	7.58	7.11	7.18	3419535	51575900.000
01/16/2012	7.08	7.18	6.49	6.70	8770982	123885104.000
01/17/2012	6.73	7.02	6.26	6.87	7399265	102708608.000
01/18/2012	6.84	6.84	6.25	6.40	8776601	118054240.000
01/19/2012	6.30	6.55	6.22	6.41	6650471	88029288.000
01/20/2012	6.44	6.57	6.44	6.54	4156033	56339980.000
01/30/2012	6.74	6.82	6.58	6.63	4207991	58515416.000
01/31/2012	6.65	6.70	6.49	6.63	4130184	56061312.000
02/01/2012	6.56	6.74	6.53	6.56	3047476	41838884.000
02/02/2012	6.56	6.69	6.49	6.68	3030974	41638872.000
02/03/2012	6.68	6.87	6.65	6.85	6222783	87383656.000
02/06/2012	6.85	7.09	6.80	6.97	6738070	97485680.000
02/07/2012	6.93	7.00	6.77	6.82	4010033	57138124.000
02/08/2012	6.80	6.92	6.73	6.92	6488939	91890184.000
02/09/2012	6.92	7.02	6.75	6.84	14085431	200067920.000
02/10/2012	6.79	6.89	6.74	6.80	8928780	126201432.000
02/13/2012	6.80	6.93	6.76	6.89	6726274	95880472.000
02/14/2012	6.91	7.08	6.91	7.01	7753129	112435640.000
02/15/2012	7.01	7.27	7.01	7.26	9079135	134711728.000
02/16/2012	7.27	7.59	7.19	7.34	11996866	183534352.000
02/17/2012	7.42	7.42	7.18	7.29	4484583	67608232.000
02/20/2012	7.40	7.40	7.23	7.24	6465963	97646072.000
02/21/2012	7.23	7.55	7.17	7.53	8019078	122509544.000
02/22/2012	7.50	7.84	7.45	7.79	11044639	176130528.000
02/23/2012	7.79	7.80	7.57	7.65	5763590	91324600.000
02/24/2012	7.70	7.83	7.60	7.62	6413573	101975016.000
02/27/2012	7.66	7.82	7.60	7.60	8107729	128967800.000
02/28/2012	7.60	7.61	7.30	7.37	9466299	145210608.000
02/29/2012	7.45	7.61	7.22	7.26	7759012	118824440.000
03/01/2012	7.28	7.42	7.22	7.35	3983937	60454456.000
03/02/2012	7.39	7.44	7.33	7.42	7226852	110290144.000
03/05/2012	7.45	7.52	7.33	7.34	6524446	100097200.000
03/06/2012	7.35	7.45	7.26	7.33	4426008	67129312.000
03/07/2012	7.30	7.40	7.18	7.32	4569102	68958640.000
03/08/2012	7.32	7.50	7.32	7.43	4707081	72120136.000
03/09/2012	7.45	7.55	7.41	7.53	6126048	94818224.000
03/12/2012	7.53	7.63	7.40	7.59	7068237	110267816.000
03/13/2012	7.62	7.70	7.58	7.63	5751915	90766264.000
03/14/2012	7.69	7.70	7.25	7.30	8377554	129050008.000
03/15/2012	7.26	7.35	7.13	7.17	5476773	81863152.000
03/16/2012	7.19	7.26	7.13	7.24	4434902	65980308.000
03/19/2012	7.20	7.32	7.17	7.30	4436030	66426064.000
03/20/2012	7.30	7.30	7.05	7.05	3749297	55747120.000
03/21/2012	7.08	7.11	6.74	6.86	9857225	139520032.000
03/22/2012	6.84	6.90	6.78	6.83	3622445	51349796.000
03/23/2012	6.83	7.00	6.75	6.80	6458899	91491784.000
03/26/2012	6.77	6.87	6.76	6.85	3109842	44030820.000
03/27/2012	6.90	7.00	6.83	6.85	3605589	51517500.000
03/28/2012	6.85	6.85	6.54	6.54	5207813	72453968.000
03/29/2012	6.49	6.84	6.47	6.58	5007388	68917648.000
03/30/2012	6.60	6.74	6.55	6.65	1912925	26285468.000
04/05/2012	6.65	6.88	6.63	6.85	2978528	41916548.000
04/06/2012	6.84	7.03	6.81	6.91	3734184	53600956.000
04/09/2012	6.92	6.94	6.70	6.70	2979480	41989168.000
04/10/2012	6.70	6.78	6.54	6.78	2519238	34746076.000
04/11/2012	6.70	6.86	6.66	6.85	2297707	32312656.000
04/12/2012	6.85	6.98	6.81	6.95	3576495	51208876.000
04/13/2012	6.94	7.16	6.92	7.05	3614890	52617372.000
04/16/2012	7.05	7.10	6.95	7.06	1703486	24866922.000
04/18/2012	6.94	7.23	6.92	7.16	4044453	59443404.000
04/19/2012	7.11	7.16	7.07	7.07	1427853	20997498.000
04/20/2012	7.04	7.13	7.00	7.11	2443810	35770748.000
04/23/2012	7.19	7.23	6.92	6.92	3401920	49513420.000
04/24/2012	6.93	7.01	6.66	6.90	4606772	64956216.000
04/25/2012	6.90	6.90	6.74	6.82	2899993	40835016.000
04/26/2012	6.88	6.90	6.70	6.86	2833719	40032060.000
04/27/2012	6.87	6.88	6.70	6.75	2856495	40038276.000
05/02/2012	6.84	6.88	6.70	6.79	5798526	81552856.000
05/03/2012	6.78	6.83	6.72	6.82	2977055	41813408.000
05/04/2012	6.81	6.87	6.76	6.82	5612647	79216360.000
05/07/2012	6.80	7.14	6.79	7.12	7966723	115751112.000
05/08/2012	7.13	7.25	7.06	7.09	4467970	66137560.000
05/09/2012	7.10	7.10	6.92	6.94	3287233	47624548.000
05/10/2012	6.94	7.06	6.94	6.97	2082738	30141038.000
05/11/2012	7.10	7.18	6.93	6.93	2695542	39187596.000
05/14/2012	6.96	7.04	6.80	6.88	4500457	64357704.000
05/15/2012	6.84	7.02	6.80	6.95	3409266	49041580.000
05/16/2012	6.94	6.94	6.78	6.78	1732683	24572958.000
05/17/2012	6.74	6.91	6.72	6.84	2608799	36771796.000
05/18/2012	6.78	6.87	6.76	6.77	2082357	29413798.000
05/21/2012	6.82	6.92	6.76	6.88	1643472	23295908.000
05/22/2012	6.89	6.92	6.82	6.89	2070513	29484374.000
05/23/2012	6.92	6.92	6.75	6.82	2109685	29802094.000
05/24/2012	6.80	6.85	6.71	6.72	3320015	46480364.000
05/25/2012	6.72	6.74	6.51	6.71	4596776	63072920.000
05/28/2012	6.69	6.73	6.55	6.71	3342612	45928556.000
05/29/2012	6.72	6.85	6.69	6.77	4043912	56806436.000
05/30/2012	6.83	6.83	6.72	6.73	2295648	31891856.000
05/31/2012	6.72	6.91	6.67	6.82	3144813	43972692.000
06/01/2012	6.82	6.96	6.80	6.90	2547822	36084676.000
06/04/2012	6.82	7.05	6.78	6.93	4426482	63073596.000
06/05/2012	6.92	7.01	6.89	6.97	2652603	37779908.000
06/06/2012	6.99	7.02	6.91	6.99	2380653	33927400.000
06/07/2012	7.01	7.02	6.79	6.85	2612603	36896928.000
06/08/2012	6.88	6.92	6.77	6.81	1929974	27075532.000
06/11/2012	6.87	6.95	6.76	6.88	2990129	42136152.000
06/12/2012	6.93	7.32	6.91	7.25	11928547	174714640.000
06/13/2012	7.18	7.45	7.14	7.39	8193992	123018840.000
06/14/2012	7.38	7.38	7.23	7.28	4462428	66604500.000
06/15/2012	7.28	7.35	7.22	7.24	3010644	44760820.000
06/18/2012	7.30	7.51	7.24	7.43	5550761	84491192.000
06/19/2012	7.43	7.61	7.35	7.43	6079512	93044592.000
06/20/2012	7.39	7.46	7.33	7.36	3420985	51718348.000
06/21/2012	7.37	7.49	7.28	7.36	5238781	79130400.000
06/25/2012	7.32	7.36	7.13	7.25	4237727	62703680.000
06/26/2012	7.26	7.48	7.25	7.28	4945731	74319760.000
06/27/2012	7.32	7.50	7.29	7.42	5918142	90002336.000
06/28/2012	7.41	7.67	7.38	7.50	8516964	131617600.000
06/29/2012	7.50	7.79	7.50	7.74	11482633	180378432.000
07/02/2012	7.82	8.01	7.74	7.81	8180142	131476792.000
07/03/2012	7.93	7.96	7.73	7.75	7553114	120473888.000
07/04/2012	7.83	7.90	7.58	7.68	4314182	68097312.000
07/05/2012	7.59	7.63	7.28	7.42	7588450	115088552.000
07/06/2012	7.42	7.57	7.25	7.54	5532699	83836208.000
07/09/2012	7.48	7.60	7.38	7.50	3854549	59161144.000
07/10/2012	7.47	7.67	7.38	7.64	9097626	139743360.000
07/11/2012	7.63	7.67	7.46	7.56	4339885	67085516.000
07/12/2012	7.52	7.72	7.38	7.64	5651904	87378944.000
07/13/2012	7.75	7.81	7.41	7.49	6535719	101226080.000
07/16/2012	7.52	7.67	7.40	7.53	5366185	82729640.000
07/17/2012	7.42	7.53	7.38	7.49	2202910	33632136.000
07/18/2012	7.46	7.71	7.46	7.65	4033418	62847420.000
07/19/2012	7.71	7.86	7.59	7.78	6748923	107110568.000
07/20/2012	7.75	7.84	7.70	7.75	3339792	52953324.000
07/23/2012	7.75	7.97	7.68	7.92	6122347	98405064.000
07/24/2012	7.86	7.96	7.81	7.88	3807529	61310872.000
07/25/2012	7.88	8.01	7.83	7.83	3401656	55044756.000
07/26/2012	7.76	7.80	7.61	7.72	4173027	65894912.000
07/27/2012	7.78	7.93	7.67	7.74	2532518	40322780.000
07/30/2012	7.70	7.84	7.51	7.64	2580148	40516640.000
07/31/2012	7.63	7.72	7.52	7.65	2787367	43576188.000
08/01/2012	7.57	7.90	7.56	7.87	4221496	67400720.000
08/02/2012	7.84	7.88	7.73	7.80	1705190	27202398.000
08/03/2012	7.80	8.04	7.78	8.04	4702200	76085824.000
08/06/2012	8.03	8.30	7.95	8.20	7187791	119663072.000
08/07/2012	8.21	8.37	8.09	8.19	6152398	103763608.000
08/08/2012	8.18	8.27	8.08	8.22	2453187	40906732.000
08/09/2012	8.20	8.36	8.07	8.33	4135074	69434088.000
08/10/2012	8.31	8.41	8.13	8.28	3325421	56067740.000
08/13/2012	8.27	8.27	8.07	8.13	2879891	47818200.000
08/14/2012	8.13	8.22	7.85	8.17	4770796	78095192.000
08/15/2012	8.12	8.16	8.03	8.07	1354122	22365092.000
08/16/2012	8.13	8.16	7.98	7.99	1511477	24831828.000
08/17/2012	8.07	8.15	7.88	7.97	2142124	35052216.000
08/20/2012	7.95	8.26	7.93	8.23	6133700	102012264.000
08/21/2012	8.23	8.51	8.19	8.45	8298541	142666944.000
08/22/2012	8.45	8.63	8.32	8.37	5469984	94778016.000
08/23/2012	8.37	8.49	8.34	8.42	2623379	45123384.000
08/24/2012	8.43	8.47	8.23	8.24	2006595	34045328.000
08/27/2012	8.21	8.21	8.01	8.13	4255440	70292432.000
08/28/2012	8.09	8.38	8.09	8.35	2858274	48185764.000
08/29/2012	8.34	8.47	8.20	8.30	2637906	44724012.000
08/30/2012	8.23	8.30	7.78	8.08	4176974	68540824.000
08/31/2012	8.06	8.10	7.78	8.02	3901194	63271216.000
09/03/2012	7.93	8.34	7.88	8.28	5444652	91224792.000
09/04/2012	8.32	8.32	8.18	8.23	2143048	36110484.000
09/05/2012	8.23	8.29	8.08	8.24	1910067	31980314.000
09/06/2012	8.26	8.35	8.19	8.28	1448981	24428760.000
09/07/2012	8.30	8.49	8.22	8.33	4532338	77605072.000
09/10/2012	8.33	8.40	8.15	8.27	6555602	110328440.000
09/11/2012	8.23	8.38	8.13	8.23	4040997	68287080.000
09/12/2012	8.23	8.51	8.23	8.35	3818841	64994736.000
09/13/2012	8.35	8.44	8.30	8.31	3387255	57759136.000
09/14/2012	8.31	8.32	8.08	8.14	5115453	85552592.000
09/17/2012	8.10	8.22	7.95	8.05	7420879	122253088.000
09/18/2012	8.05	8.29	7.97	8.15	5518474	91824248.000
09/19/2012	8.20	8.30	8.17	8.25	2948787	49646496.000
09/20/2012	8.23	8.29	7.98	8.08	3432266	56555860.000
09/21/2012	8.08	8.17	7.83	7.95	3408128	55884556.000
09/24/2012	7.93	8.05	7.85	7.95	2041412	33180996.000
09/25/2012	7.91	7.95	7.73	7.83	3449673	55231436.000
09/26/2012	7.82	7.84	7.34	7.40	4152524	64773296.000
09/27/2012	7.48	7.71	7.44	7.59	4396892	68099528.000
09/28/2012	7.52	7.73	7.48	7.56	4614946	71789760.000
10/08/2012	7.53	7.53	7.18	7.27	7096174	105828464.000
10/09/2012	7.33	7.50	7.29	7.43	4638773	70401208.000
10/10/2012	7.43	7.64	7.41	7.60	5240002	80776056.000
10/11/2012	7.62	7.77	7.50	7.52	2431698	37841088.000
10/12/2012	7.33	7.80	7.33	7.42	4805666	73842088.000
10/15/2012	7.36	7.46	7.28	7.42	3289205	49633472.000
10/16/2012	7.39	7.59	7.38	7.51	2318865	35752268.000
10/17/2012	7.53	7.58	7.45	7.48	1691007	25942034.000
10/18/2012	7.55	7.57	7.44	7.56	2435934	37444532.000
10/19/2012	7.57	7.68	7.55	7.61	1977865	30780212.000
10/22/2012	7.61	7.65	7.52	7.60	2118604	32783336.000
10/23/2012	7.62	7.83	7.56	7.58	5212927	82198448.000
10/24/2012	7.56	7.58	7.43	7.48	2799442	42886812.000
10/25/2012	7.41	7.52	7.25	7.30	2025604	30578318.000
10/26/2012	7.30	7.37	7.12	7.17	4123978	60820364.000
10/29/2012	7.17	7.34	7.11	7.32	2951571	43642252.000
10/30/2012	7.27	7.48	7.27	7.34	1586338	24016816.000
10/31/2012	7.34	7.40	7.16	7.29	2115004	31380082.000
11/01/2012	7.28	7.43	7.28	7.36	3470826	52192220.000
11/02/2012	7.39	7.62	7.39	7.59	5331367	82448960.000
11/05/2012	7.59	7.66	7.54	7.61	2650067	41169180.000
11/06/2012	7.57	7.73	7.42	7.71	3153448	48986080.000
11/07/2012	7.63	7.79	7.61	7.63	4591973	72456120.000
11/08/2012	7.64	7.64	7.48	7.52	2587942	40050600.000
11/09/2012	7.52	7.53	7.29	7.35	1849462	28092802.000
11/12/2012	7.37	7.48	7.33	7.36	809191	12256364.000
11/13/2012	7.41	7.42	7.24	7.32	1622264	24310608.000
11/14/2012	7.32	7.38	7.22	7.35	1804005	26973008.000
11/15/2012	7.25	7.37	7.15	7.16	2688128	39986992.000
11/16/2012	7.17	7.32	7.03	7.27	2402508	35405996.000
11/19/2012	7.27	7.29	7.10	7.21	1266758	18636318.000
11/20/2012	7.23	7.37	7.13	7.15	1930036	28829838.000
11/21/2012	7.16	7.32	7.14	7.15	2249291	33209014.000
11/22/2012	7.21	7.34	7.07	7.30	3755033	55747884.000
11/23/2012	7.35	7.52	7.32	7.44	4254931	64805356.000
11/26/2012	7.55	7.56	7.22	7.34	3842930	57738748.000
11/27/2012	7.33	7.33	6.94	6.96	5516868	79819592.000
11/28/2012	6.83	7.08	6.74	7.08	2723637	38500640.000
11/29/2012	7.07	7.10	6.80	7.02	2688070	38241924.000
11/30/2012	7.00	7.00	6.30	6.30	17645386	230578720.000
12/03/2012	6.15	6.17	5.90	5.91	10470292	129485112.000
12/04/2012	5.92	6.08	5.92	5.98	6135884	75571392.000
12/05/2012	5.98	6.24	5.90	6.13	4730517	59528720.000
12/06/2012	6.09	6.17	5.97	6.08	3729894	46551992.000
12/11/2012	6.28	6.34	6.17	6.21	7612534	97484680.000
12/12/2012	6.17	6.20	5.94	6.08	9213747	114218096.000
12/13/2012	6.02	6.07	5.98	6.00	3876861	47943896.000
12/14/2012	6.00	6.21	5.98	6.18	8214639	103356520.000
12/17/2012	6.14	6.29	6.11	6.26	8250444	105221664.000
12/18/2012	6.23	6.27	6.18	6.22	4949856	63427800.000
12/19/2012	6.20	6.38	6.20	6.25	6199436	79964512.000
12/20/2012	6.28	6.31	6.23	6.28	3851263	49558668.000
12/21/2012	6.28	6.42	6.28	6.41	8525964	111384640.000
12/24/2012	6.50	6.62	6.47	6.61	9274894	124771200.000
12/25/2012	6.63	6.86	6.63	6.77	7199307	99858688.000
12/26/2012	6.81	6.82	6.68	6.75	5521205	76057744.000
12/27/2012	6.75	6.87	6.53	6.83	9010788	124132264.000
12/28/2012	6.81	6.90	6.77	6.83	4605449	64435992.000
12/31/2012	6.88	7.05	6.77	6.95	7836136	110961288.000
01/04/2013	7.23	7.25	6.99	7.10	9810796	142819936.000
01/07/2013	7.11	7.40	7.10	7.31	11079046	165454080.000
01/08/2013	7.24	7.38	7.18	7.31	5533007	82457352.000
01/09/2013	7.33	7.33	6.95	7.05	9116744	132984376.000
01/10/2013	7.03	7.10	6.96	7.00	6253033	89740296.000
01/11/2013	7.03	7.04	6.82	6.86	5439536	76803808.000
01/14/2013	6.87	7.13	6.81	7.11	6629860	94975352.000
01/15/2013	7.23	7.60	7.23	7.47	12359922	188290608.000
01/16/2013	7.53	7.67	7.38	7.51	9792561	150440192.000
01/17/2013	7.51	7.51	7.30	7.33	7624777	115031408.000
01/18/2013	7.30	7.49	7.30	7.32	5927466	89512088.000
01/21/2013	7.33	7.55	7.24	7.34	5574055	84706624.000
01/22/2013	7.34	7.37	7.10	7.16	4895213	72441408.000
01/23/2013	7.15	7.22	7.08	7.17	3822658	55948576.000
01/24/2013	7.17	7.21	6.89	6.95	4237633	61356788.000
01/25/2013	6.98	7.14	6.94	7.01	2989419	43183100.000
01/28/2013	7.04	7.31	7.03	7.29	5548471	82147424.000
01/29/2013	7.26	7.48	7.26	7.40	5810395	87957976.000
01/30/2013	7.47	7.60	7.40	7.45	7491851	114720432.000
01/31/2013	7.47	7.60	7.37	7.38	8944549	137256528.000
02/01/2013	7.44	7.88	7.42	7.81	15322637	241512832.000
02/04/2013	8.06	8.61	8.06	8.57	31983779	548000576.000
02/05/2013	8.60	8.81	8.28	8.68	24381271	426858112.000
02/06/2013	8.73	8.78	8.47	8.64	15330726	269475904.000
02/07/2013	8.73	9.40	8.64	9.03	26330402	483898400.000
02/08/2013	9.15	9.35	8.94	9.33	22481960	419857792.000
02/18/2013	10.27	10.28	9.76	10.14	39908368	814706496.000
02/19/2013	10.08	10.14	9.79	9.82	17045250	343338912.000
02/20/2013	9.80	10.22	9.78	10.05	15335983	313286112.000
02/21/2013	9.98	10.05	9.22	9.40	22244148	430502016.000
02/22/2013	9.48	9.60	9.34	9.46	13206838	254728720.000
02/25/2013	9.46	9.53	8.78	9.16	21468132	397113888.000
02/27/2013	9.16	9.40	8.67	9.18	17581707	324434944.000
02/28/2013	9.24	9.28	8.98	9.24	11189029	208853584.000
03/01/2013	9.20	9.31	9.01	9.10	11996972	223716848.000
03/04/2013	8.96	9.12	8.56	8.61	11282757	202928528.000
03/05/2013	8.60	9.04	8.57	9.01	10277061	186368656.000
03/06/2013	9.10	9.23	8.93	9.19	12448912	231485104.000
03/07/2013	9.22	9.32	8.58	8.79	10987685	201720176.000
03/08/2013	8.83	9.17	8.79	8.89	10371010	190083792.000
03/11/2013	8.95	9.13	8.88	8.99	5449806	100181544.000
03/12/2013	9.00	9.07	8.53	8.69	7983217	142349872.000
03/13/2013	8.74	8.80	8.52	8.78	5643577	99857936.000
03/14/2013	8.77	9.11	8.69	9.08	10255872	188121600.000
03/15/2013	9.13	9.39	9.03	9.34	16544371	311516512.000
03/18/2013	9.41	9.61	9.23	9.32	12937962	248486960.000
03/19/2013	9.28	9.28	8.54	8.69	20896916	377107776.000
03/20/2013	8.69	8.90	8.58	8.85	11054246	197962784.000
03/21/2013	8.86	8.91	8.71	8.80	10633189	190912432.000
03/22/2013	8.77	8.85	8.69	8.77	6101839	109155304.000
03/25/2013	8.77	8.95	8.75	8.86	7740092	140107296.000
03/26/2013	8.88	8.95	8.63	8.83	8466074	151374448.000
03/27/2013	8.87	9.08	8.80	9.02	10064084	184216224.000
03/28/2013	9.03	9.12	8.75	8.83	8125167	147904368.000
03/29/2013	8.85	8.85	8.54	8.58	7839337	138589408.000
04/01/2013	8.63	8.72	8.33	8.38	8146487	141300256.000
04/02/2013	8.41	8.53	8.00	8.10	9887480	166367696.000
04/03/2013	8.11	8.15	7.91	8.01	5774220	94517016.000
04/08/2013	7.86	8.24	7.77	8.14	8527313	140944000.000
04/09/2013	8.20	8.36	8.11	8.25	5536730	93260728.000
04/10/2013	8.22	8.28	8.03	8.21	4838105	80473496.000
04/11/2013	8.29	8.52	8.25	8.42	8379148	144119216.000
04/12/2013	8.39	8.78	8.31	8.68	12538614	219066032.000
04/15/2013	8.58	8.75	8.52	8.65	5530336	97573168.000
04/16/2013	8.52	8.95	8.46	8.92	7600613	136163536.000
04/17/2013	8.90	9.14	8.88	9.12	10353285	191217328.000
04/18/2013	9.05	9.35	9.05	9.31	10187257	191478592.000
04/19/2013	9.51	9.80	9.24	9.29	21705029	420520192.000
04/22/2013	9.19	9.88	9.15	9.82	27742529	543715264.000
04/23/2013	9.83	10.48	9.83	10.07	32180157	666178816.000
04/24/2013	10.14	11.04	10.14	10.93	24219178	521613376.000
04/25/2013	11.01	11.34	10.15	10.37	28540706	622969408.000
04/26/2013	10.30	10.78	9.85	10.53	17355905	361097472.000
05/02/2013	10.38	11.59	10.19	11.58	23181152	509691008.000
05/03/2013	11.63	12.45	11.51	12.23	25950133	629320064.000
05/06/2013	12.33	12.90	11.90	12.10	21189508	534656416.000
05/07/2013	12.04	12.85	11.91	12.60	18349946	456831232.000
05/08/2013	12.84	13.87	12.83	13.87	29806642	803365376.000
05/09/2013	13.90	14.59	13.48	14.22	27015667	766684032.000
05/10/2013	13.91	14.04	13.17	13.32	27213838	741644160.000
05/13/2013	13.35	13.80	13.00	13.60	23828473	648516224.000
05/14/2013	13.54	13.88	12.76	13.22	24002617	644269184.000
05/15/2013	13.31	14.55	13.05	14.55	26884687	749786816.000
05/16/2013	14.39	15.56	13.92	14.35	39749014	1183898880.000
05/17/2013	14.63	15.36	14.40	14.86	25282258	757269312.000
05/20/2013	14.93	16.20	14.55	15.63	30832242	955382592.000
05/21/2013	15.43	16.09	15.10	15.77	27527825	863514048.000
05/22/2013	15.30	15.30	14.55	14.76	25511064	768683008.000
05/23/2013	14.75	15.15	14.45	14.53	17572281	524098272.000
05/24/2013	14.89	15.85	14.89	15.31	25613325	791233984.000
05/27/2013	15.18	15.53	14.93	15.32	18332429	563022784.000
05/28/2013	15.35	15.35	14.30	14.31	23553228	698986560.000
05/29/2013	14.15	14.77	14.03	14.61	15732853	456316224.000
05/30/2013	14.46	15.68	14.45	15.38	22904125	702041088.000
05/31/2013	15.30	16.09	15.08	15.14	17450808	544625280.000
06/03/2013	15.14	16.29	14.88	15.69	20478159	645755648.000
06/04/2013	15.50	15.51	14.11	14.18	27608690	814365696.000
07/24/2013	15.61	15.61	15.61	15.61	407609	12802999.000
07/25/2013	17.18	17.18	17.18	17.18	484079	16724929.000
07/26/2013	18.91	18.91	18.91	18.91	1974105	75035728.000
07/29/2013	20.45	20.81	19.92	20.63	49527258	2042437248.000
07/30/2013	20.08	21.16	19.41	20.65	38381965	1569987968.000
07/31/2013	20.55	20.64	19.77	19.90	24286984	981147456.000
08/01/2013	19.90	21.21	19.70	21.00	30550269	1259357056.000
08/02/2013	20.90	21.05	20.10	20.23	22443263	930598784.000
08/05/2013	20.18	20.55	19.95	20.40	10512786	427822176.000
08/06/2013	20.76	22.45	20.76	21.82	27047721	1187746688.000
08/07/2013	21.54	21.78	20.73	21.15	19632576	835425728.000
08/08/2013	20.90	21.99	20.82	21.36	13316712	576740608.000
08/09/2013	21.38	21.79	20.36	20.82	12702846	533196288.000
08/12/2013	20.67	21.09	19.44	19.91	16544321	666721344.000
08/13/2013	19.90	20.65	19.46	19.95	17110104	690726592.000
08/14/2013	20.05	20.48	19.44	20.31	15933083	639026752.000
08/15/2013	20.40	20.92	19.80	19.95	19564270	799187328.000
08/16/2013	19.55	20.33	18.91	18.95	17736442	696180608.000
08/19/2013	18.55	19.85	18.43	19.79	18180290	706672000.000
08/20/2013	19.68	19.99	19.30	19.54	15603045	617874816.000
08/21/2013	19.40	20.00	19.34	19.77	14680917	582268800.000
08/22/2013	19.68	20.97	19.57	20.75	21993459	908357248.000
08/23/2013	20.78	22.79	20.62	22.74	35546033	1557550336.000
08/26/2013	22.60	23.73	22.41	22.95	23019849	1069882432.000
08/27/2013	22.80	25.16	22.40	24.76	23377346	1112214144.000
08/28/2013	24.20	25.10	23.60	23.60	21602551	1056911552.000
08/29/2013	23.41	24.60	23.41	23.98	15044091	729727552.000
08/30/2013	23.59	23.75	22.21	22.47	16517917	759961984.000
09/02/2013	22.35	24.23	22.20	24.11	15843112	746924288.000
09/03/2013	26.35	26.35	24.89	25.55	29752374	1526604032.000
09/04/2013	25.50	27.34	24.51	26.10	30541225	1608246912.000
09/05/2013	25.91	28.72	25.85	28.72	39993489	2225838080.000
09/06/2013	29.45	30.90	28.65	30.33	35495455	2116595840.000
09/09/2013	30.10	31.15	29.34	30.20	25572970	1548900608.000
09/10/2013	30.90	31.83	29.04	29.57	26833350	1624805760.000
09/11/2013	28.90	29.72	27.14	27.55	28868833	1632367744.000
09/12/2013	27.54	28.68	27.30	28.05	18415909	1036889024.000
09/13/2013	27.99	30.87	27.20	30.87	26790223	1587168256.000
09/16/2013	31.05	33.96	30.71	32.45	36846336	2380754176.000
09/17/2013	32.65	33.38	31.73	32.45	24610637	1608454016.000
09/18/2013	32.73	35.09	32.25	34.60	27943251	1899585536.000
09/23/2013	34.90	35.79	33.83	35.36	26398091	1846980352.000
09/24/2013	35.15	35.39	32.40	32.75	34490247	2329416192.000
09/25/2013	32.90	35.59	32.42	34.34	32530231	2219176704.000
09/26/2013	34.00	35.01	31.74	33.34	29216951	1951296896.000
09/27/2013	33.31	36.18	31.79	35.30	38176341	2630488320.000
09/30/2013	36.15	38.84	35.90	38.84	26182063	1997418240.000
10/08/2013	39.40	40.80	36.65	38.40	41144186	3161485056.000
10/09/2013	38.40	39.74	37.44	39.55	32824765	2546576896.000
10/10/2013	39.67	40.15	35.59	35.59	90085402	3418196992.000
10/11/2013	34.49	35.04	32.02	33.74	100264740	3353550592.000
10/14/2013	32.98	34.28	32.51	33.64	56959279	1911474304.000
10/15/2013	32.98	35.95	32.78	35.32	86608690	3017230080.000
10/16/2013	36.05	36.18	31.78	31.78	93432025	3071321344.000
10/17/2013	31.25	31.60	28.80	29.21	107792983	3254197760.000
10/18/2013	29.79	30.11	28.91	29.00	67126295	1995578752.000
10/21/2013	29.05	30.08	28.68	29.64	67910174	2014764032.000
10/22/2013	29.49	29.49	26.67	26.67	114381249	3168604672.000
10/23/2013	26.30	27.18	25.43	27.15	81489788	2170759936.000
10/24/2013	27.25	27.36	25.78	26.10	60679450	1613453056.000
10/25/2013	25.90	26.85	24.90	26.40	78530918	2036598272.000
10/28/2013	26.00	26.75	25.60	26.02	55784232	1471162496.000
10/29/2013	25.20	25.79	23.41	24.49	94425082	2312254208.000
10/30/2013	24.10	24.68	23.21	23.48	72642387	1742676992.000
10/31/2013	23.16	24.10	23.01	23.29	60882234	1445778944.000
11/01/2013	22.89	23.32	21.52	22.40	86792151	1964044672.000
11/04/2013	22.26	23.33	22.12	22.52	63902607	1460588928.000
11/05/2013	22.43	24.15	22.28	24.00	87527642	2052901888.000
11/06/2013	23.70	23.98	22.78	22.80	73197214	1723606656.000
11/07/2013	22.58	23.57	22.08	22.90	50948188	1168072320.000
11/08/2013	22.50	23.63	22.38	22.92	48672677	1126865152.000
11/11/2013	22.80	23.00	21.41	22.06	55847685	1248013056.000
11/12/2013	21.96	23.80	21.87	23.40	81134558	1870225920.000
11/13/2013	23.16	24.28	23.03	23.09	73629853	1745150720.000
11/14/2013	22.90	25.41	22.80	25.34	111278101	2739637248.000
11/15/2013	24.95	26.32	24.95	25.54	96536780	2477722368.000
11/18/2013	25.75	26.43	25.28	25.93	69860582	1815196160.000
11/19/2013	26.04	27.01	25.80	26.37	66029343	1756676096.000
11/20/2013	26.46	27.28	25.93	27.20	60808099	1622480640.000
11/21/2013	26.70	29.50	26.60	28.80	98423219	2815376640.000
11/22/2013	28.73	29.60	27.98	29.34	68205861	1968616960.000
11/25/2013	28.79	29.45	28.50	28.61	53584937	1551889408.000
11/26/2013	28.61	29.10	27.09	27.46	59812618	1674200960.000
11/27/2013	27.40	30.22	27.10	30.22	110403680	3270452736.000
11/28/2013	30.25	30.50	29.78	30.42	77210418	2342204672.000
11/29/2013	30.00	32.84	29.80	31.52	86951975	2749513728.000
12/02/2013	29.30	30.68	28.36	28.36	98383355	2896130048.000
12/03/2013	27.40	28.88	25.90	28.38	88427604	2416310528.000
12/04/2013	27.92	29.00	27.21	27.27	66713084	1885551104.000
12/05/2013	26.90	27.48	26.17	26.17	56834630	1517932544.000
12/06/2013	25.80	28.55	25.65	27.87	66610666	1817276800.000
12/09/2013	28.50	30.67	28.08	30.67	96135948	2877524736.000
12/10/2013	31.30	31.78	30.40	31.45	88979828	2776611584.000
12/11/2013	31.20	33.44	31.02	32.55	105202948	3416520960.000
12/12/2013	32.45	34.35	32.00	33.87	97238780	3280765696.000
12/13/2013	33.70	34.28	32.67	32.93	73364444	2440896000.000
12/16/2013	33.50	34.80	33.10	34.70	87767297	3003321088.000
12/17/2013	34.89	35.00	32.71	34.10	82516630	2803887616.000
12/18/2013	32.85	32.85	30.68	30.68	115697964	3607560448.000
12/19/2013	29.31	31.76	28.70	28.90	111625344	3396393472.000
12/20/2013	29.40	30.37	28.96	30.33	80898001	2406546176.000
12/23/2013	29.90	30.27	27.29	27.31	91864293	2597503744.000
12/24/2013	27.10	28.54	26.33	28.31	87010962	2395064064.000
12/25/2013	27.90	29.16	27.68	28.68	64215598	1841906944.000
12/26/2013	28.54	28.58	27.01	27.19	56569606	1578272000.000
12/27/2013	26.90	27.68	26.75	27.31	46463232	1272621952.000
12/30/2013	26.90	28.56	26.61	27.88	66812504	1859717632.000
12/31/2013	27.88	28.29	27.13	27.72	43789967	1223586688.000
01/02/2014	27.71	28.37	27.71	28.02	44875217	1265442688.000
01/03/2014	28.02	29.24	27.50	28.90	74836949	2137376768.000
01/06/2014	28.78	29.09	27.69	27.70	54527554	1551287296.000
01/07/2014	27.20	28.26	26.89	27.96	38161521	1064672000.000
01/08/2014	28.33	30.46	28.10	29.81	91268063	2683113984.000
01/09/2014	29.81	31.49	29.17	29.28	103932135	3168963840.000
01/17/2014	29.70	31.28	29.40	30.44	62724616	1929297664.000
01/20/2014	30.44	31.03	28.88	29.20	46340187	1383966336.000
01/21/2014	29.13	30.88	29.10	30.65	57921525	1762816512.000
01/22/2014	30.80	30.90	29.75	30.33	61421482	1866983424.000
01/23/2014	30.45	31.55	30.36	30.81	84997665	2644771328.000
01/24/2014	30.46	31.30	30.32	30.57	59663790	1837364736.000
01/27/2014	30.58	31.18	29.76	30.27	52920943	1621247104.000
01/28/2014	30.67	31.18	30.11	30.51	42250220	1295143040.000
01/29/2014	30.47	30.78	29.91	30.02	42489256	1287564800.000
01/30/2014	29.98	31.06	29.75	30.61	52406404	1607384064.000
02/07/2014	30.29	30.35	29.69	30.18	46506027	1401221248.000
02/10/2014	30.22	30.56	29.49	30.14	60247534	1812775040.000
02/11/2014	30.10	30.12	28.26	28.74	67609561	1973433344.000
02/12/2014	28.69	29.25	28.40	28.91	39600445	1146222720.000
02/13/2014	28.90	28.91	27.22	27.40	62082406	1741983488.000
02/14/2014	27.20	27.77	27.02	27.60	32954412	908750784.000
02/17/2014	27.78	28.15	27.37	28.13	38380950	1069161344.000
02/18/2014	28.19	28.24	27.40	27.46	31953880	888226368.000
02/19/2014	27.40	28.06	26.70	27.86	47630345	1304553600.000
02/20/2014	27.85	28.13	27.01	27.48	33183216	920919744.000
02/21/2014	27.45	27.62	26.83	26.92	29524956	805742336.000
02/24/2014	26.97	27.25	26.61	26.90	29273301	792524160.000
02/25/2014	27.09	28.76	26.96	27.50	74397925	2083266944.000
02/26/2014	27.10	27.10	24.74	25.76	56019696	1442678400.000
02/27/2014	26.00	26.40	24.14	24.34	46762135	1187508608.000
02/28/2014	24.40	24.46	23.11	24.25	31347800	750262592.000
03/03/2014	24.20	24.87	23.94	24.56	24342068	600839168.000
03/04/2014	24.70	25.18	24.30	24.93	26477232	661699584.000
03/05/2014	24.93	25.39	24.78	24.88	18220439	457457696.000
03/06/2014	24.87	26.19	24.31	25.99	26028218	661369216.000
03/07/2014	27.29	28.58	26.72	27.27	63973133	1784838912.000
03/10/2014	26.75	26.75	25.56	25.58	29980981	783240256.000
03/11/2014	25.10	25.49	24.56	24.90	21814512	546785984.000
03/12/2014	24.88	25.52	24.70	25.37	21883849	553428352.000
03/13/2014	25.40	25.57	24.90	25.16	19530980	493933184.000
03/14/2014	25.29	25.88	25.13	25.29	21273200	543949824.000
03/17/2014	25.19	25.77	25.18	25.59	19265958	494535872.000
03/18/2014	25.87	27.25	25.80	26.95	46206152	1233843584.000
03/19/2014	26.79	26.79	25.83	26.09	26835221	707406720.000
03/20/2014	26.10	26.38	24.80	24.82	28012411	717590720.000
03/21/2014	24.46	25.27	24.22	25.18	20317386	504220192.000
03/24/2014	24.93	25.28	24.70	24.81	16663699	416934272.000
03/25/2014	24.73	25.12	24.30	25.02	16787118	417652352.000
03/26/2014	24.85	26.10	24.70	26.01	34091860	878951360.000
03/27/2014	25.90	25.93	24.60	24.63	34184010	860702208.000
03/28/2014	24.54	24.89	23.38	23.68	26419260	637394688.000
03/31/2014	23.68	24.05	23.28	23.68	14457252	344095392.000
04/01/2014	23.56	24.15	23.56	23.97	13927992	335421312.000
04/02/2014	24.14	24.28	23.44	23.68	15948515	379854944.000
04/03/2014	23.61	24.10	23.43	23.87	17303080	414055360.000
04/04/2014	23.79	24.35	23.58	24.09	17701914	426392992.000
04/08/2014	23.76	24.00	23.45	23.91	19580219	467470496.000
04/09/2014	24.05	24.69	24.05	24.33	23374631	573540992.000
04/10/2014	24.46	24.79	24.22	24.35	25185892	619158528.000
04/11/2014	24.19	24.25	23.70	23.94	19178959	460915168.000
04/14/2014	24.05	24.35	24.00	24.28	15611403	378976736.000
04/15/2014	24.29	24.37	23.91	23.96	13653912	330194752.000
04/16/2014	23.80	24.13	23.73	23.96	11095463	266902128.000
04/17/2014	24.05	24.27	23.95	23.97	11931406	288626144.000
04/18/2014	23.90	24.06	23.73	23.89	10773709	258420784.000
04/21/2014	23.70	24.05	23.57	23.60	12872971	307264192.000
04/22/2014	23.53	23.73	22.55	22.90	22690339	524180128.000
04/23/2014	22.91	22.98	22.30	22.47	18353524	415349056.000
04/24/2014	22.48	23.15	22.40	22.96	20827097	476451328.000
04/25/2014	22.90	22.90	22.31	22.36	13455693	305444320.000
04/28/2014	22.17	22.19	21.13	21.17	17575328	376897248.000
04/29/2014	21.15	21.65	21.01	21.37	11624328	247888384.000
04/30/2014	21.41	22.04	21.36	21.79	16725972	364317280.000
05/05/2014	21.70	22.00	21.54	21.93	11078089	241278800.000
05/06/2014	21.92	22.68	21.82	22.32	17749929	395435936.000
05/07/2014	22.10	22.15	21.50	21.50	13743378	300029760.000
05/08/2014	21.45	21.96	21.41	21.50	10169278	220768416.000
05/09/2014	21.90	22.05	21.43	21.75	12593563	273263776.000
05/12/2014	21.82	22.36	21.56	22.16	16590887	364534688.000
05/13/2014	22.05	22.60	22.05	22.16	14608885	325615712.000
05/14/2014	22.09	22.18	21.75	21.88	11113615	243761248.000
05/15/2014	21.88	22.10	21.20	21.29	15200169	327811520.000
05/16/2014	21.12	21.35	20.45	20.65	17867898	371250560.000
05/19/2014	20.64	20.99	20.51	20.78	11994394	248890256.000
05/20/2014	21.00	21.23	20.80	20.93	13557557	285297760.000
05/21/2014	20.90	21.11	20.51	21.05	10896350	227357648.000
05/22/2014	21.08	21.58	21.03	21.06	19544351	416378016.000
05/23/2014	20.89	21.48	20.71	21.48	20230768	427872096.000
05/26/2014	21.61	22.12	21.48	22.10	32934025	720985536.000
05/27/2014	22.00	22.00	21.43	21.45	20940601	454321632.000
05/28/2014	21.45	22.10	21.41	21.89	20552995	447830496.000
05/29/2014	21.85	22.08	21.31	21.32	18304305	395883712.000
05/30/2014	21.33	21.46	20.88	21.10	14226420	300585504.000
06/03/2014	21.10	22.58	21.10	22.24	47513310	1049475904.000
06/04/2014	22.18	22.95	21.85	22.95	47857629	1072995776.000
06/05/2014	22.90	24.30	22.75	24.16	64139778	1505613952.000
06/06/2014	24.00	24.25	23.22	23.63	42129981	999851136.000
06/09/2014	23.63	24.10	23.30	23.44	28752906	679769216.000
06/10/2014	23.62	25.65	23.08	25.10	68498238	1670746624.000
06/11/2014	24.68	25.64	24.61	24.93	49390148	1238724096.000
06/12/2014	24.86	25.63	24.60	24.73	50008545	1255906048.000
06/13/2014	24.73	25.27	24.45	25.11	40684306	1013983360.000
06/16/2014	25.11	25.98	25.01	25.75	48215802	1238724736.000
06/17/2014	25.75	25.75	24.90	25.00	37058771	938610176.000
06/18/2014	24.87	25.17	24.46	24.50	26858155	665086144.000
06/19/2014	24.28	24.99	23.58	23.97	30302665	735243456.000
06/20/2014	24.00	24.50	23.85	24.23	21468967	519338560.000
06/23/2014	24.20	24.66	23.90	23.97	25043223	608216960.000
06/24/2014	23.80	24.45	23.68	24.36	22836281	548936576.000
06/25/2014	24.36	24.37	23.68	23.81	21477546	513360064.000
06/26/2014	23.77	24.21	23.68	23.88	21833505	523492992.000
06/27/2014	23.88	24.55	23.88	24.18	25677743	622678784.000
06/30/2014	24.18	24.32	23.59	23.92	23348644	556471744.000
07/01/2014	23.95	24.44	23.69	24.27	28260510	681103616.000
07/02/2014	24.27	24.55	23.94	24.18	23081607	558741568.000
07/03/2014	24.16	24.16	23.78	23.85	19178295	458812512.000
07/04/2014	23.85	23.97	23.25	23.37	24193980	568041600.000
07/07/2014	23.37	23.58	23.11	23.44	14569811	339966976.000
07/08/2014	23.32	23.51	23.14	23.37	14627031	341030144.000
07/09/2014	23.24	23.52	22.71	22.73	22111558	511218048.000
07/10/2014	22.73	22.89	21.86	22.03	30453664	677328448.000
07/11/2014	21.68	22.26	21.68	21.96	18135631	398255904.000
07/14/2014	22.05	22.10	21.56	21.98	19110081	417171936.000
07/15/2014	21.85	21.99	21.46	21.70	17961899	390053952.000
07/16/2014	21.73	22.68	21.59	22.52	30362884	674090368.000
07/17/2014	22.39	22.39	21.85	22.05	18470408	408399840.000
07/18/2014	22.04	22.24	21.81	21.95	12232309	269315200.000
07/21/2014	21.84	21.89	21.42	21.66	15557072	336360704.000
07/22/2014	21.64	21.88	21.57	21.74	11280672	245512320.000
07/23/2014	21.78	21.80	21.38	21.49	14562521	313777760.000
07/24/2014	21.43	21.51	20.90	21.10	18653536	394608032.000
07/25/2014	21.10	21.64	21.03	21.43	13529556	289675744.000
07/28/2014	21.44	22.34	21.44	22.08	25514049	560103040.000
07/29/2014	22.07	22.42	21.85	22.25	23634977	524256160.000
07/30/2014	22.08	22.36	22.01	22.13	17062324	377667200.000
07/31/2014	22.14	22.64	21.96	22.43	24099849	538314496.000
08/01/2014	22.41	22.41	21.93	21.94	17803984	394537920.000
08/04/2014	21.88	22.30	21.85	22.12	13432582	297172480.000
08/05/2014	22.15	23.71	22.01	23.40	56779183	1307367296.000
08/06/2014	23.21	23.39	22.92	23.14	31796194	735241920.000
08/07/2014	23.02	23.49	22.89	22.90	26299348	610155200.000
08/08/2014	23.02	23.29	22.91	23.11	16426302	379432992.000
08/11/2014	23.15	23.32	22.96	23.21	18083891	419435840.000
08/12/2014	23.22	23.35	23.07	23.12	15702318	363937664.000
08/13/2014	23.18	23.22	22.48	22.66	22907822	521991584.000
08/14/2014	22.89	23.27	22.72	22.82	20877924	480748160.000
08/15/2014	22.90	23.15	22.62	22.91	14391338	329572448.000
08/18/2014	23.00	23.71	23.00	23.64	44247674	1038695680.000
08/19/2014	23.90	24.58	23.66	23.76	57362113	1382600448.000
08/20/2014	23.62	24.18	23.27	23.91	38637344	918159424.000
08/21/2014	23.78	24.50	23.62	24.50	47511209	1143525120.000
08/22/2014	24.29	24.46	23.94	23.99	38204882	922760640.000
08/25/2014	24.00	24.08	23.50	23.50	21683519	513666816.000
08/26/2014	23.42	23.67	22.74	22.82	23468322	542735168.000
08/27/2014	22.82	23.27	22.82	22.90	18202517	419082848.000
08/28/2014	23.15	23.23	22.32	22.46	22227978	504524416.000
08/29/2014	22.40	22.56	22.22	22.55	12165515	272910592.000
09/01/2014	22.58	23.13	22.51	23.00	16858562	385408672.000
09/02/2014	23.01	23.32	22.71	23.16	22347107	517308288.000
09/03/2014	23.18	23.88	23.04	23.49	35328661	828876928.000
09/04/2014	23.48	24.50	23.22	24.12	56004684	1341560064.000
09/05/2014	24.14	24.23	23.65	23.82	33595813	800872704.000
09/09/2014	23.89	24.14	23.55	23.88	25549073	608405056.000
09/10/2014	23.82	24.07	23.67	23.79	21739941	518315552.000
09/11/2014	23.80	24.31	23.75	23.88	37092744	890549952.000
09/12/2014	23.88	23.98	23.60	23.77	21588830	512942752.000
09/15/2014	23.69	23.97	23.66	23.80	20174710	479768480.000
09/16/2014	24.00	24.28	23.11	23.16	31337866	744749568.000
09/17/2014	23.08	23.84	23.00	23.50	23123892	542210880.000
数据来源:通达信
