300105 龙源技术 日线
      日期	    开盘	    最高	    最低	    收盘	    成交量	    成交额
10/08/2010	13.87	14.44	13.75	14.41	562158	47207976.000
10/11/2010	14.41	14.41	13.84	14.01	275114	22928960.000
10/12/2010	13.87	14.21	13.87	14.05	296818	24629276.000
10/13/2010	14.16	14.37	13.92	14.37	335614	27980398.000
10/14/2010	14.35	14.35	13.88	14.26	243129	20307632.000
10/15/2010	14.06	14.42	13.89	14.38	602487	50273476.000
10/18/2010	14.54	14.54	13.99	14.11	361614	30465202.000
10/19/2010	14.11	14.97	14.11	14.83	445535	38946408.000
10/20/2010	14.56	14.90	14.39	14.47	388225	33605012.000
10/21/2010	14.21	14.71	14.04	14.64	222702	18960228.000
10/22/2010	14.26	14.90	14.25	14.74	362932	31410548.000
10/25/2010	14.73	15.31	14.73	15.14	527522	46836056.000
10/26/2010	15.07	15.07	14.52	14.61	1655460	144846176.000
10/27/2010	14.61	14.68	14.40	14.58	615804	52937892.000
10/28/2010	14.55	14.89	14.55	14.76	332791	29011908.000
10/29/2010	14.78	15.67	14.78	15.62	884549	80355904.000
11/01/2010	15.46	17.20	15.46	17.20	929605	92638704.000
11/02/2010	17.13	17.36	16.61	16.94	1147376	115350608.000
11/03/2010	17.01	17.73	16.61	16.79	974480	98160792.000
11/04/2010	16.63	17.47	16.63	17.05	475481	47587948.000
11/05/2010	17.09	17.64	16.82	17.45	332408	33793676.000
11/08/2010	18.22	18.67	17.64	17.81	506219	53752144.000
11/09/2010	17.66	17.91	17.30	17.79	722793	74771936.000
11/10/2010	17.71	18.61	17.48	17.93	554084	59024824.000
11/11/2010	17.90	18.67	17.90	17.99	297161	31912654.000
11/12/2010	17.88	17.94	16.96	17.08	786994	80491648.000
11/15/2010	17.13	18.26	16.96	17.81	458843	47924752.000
11/16/2010	17.81	18.25	17.21	17.47	515711	54276828.000
11/17/2010	17.28	17.96	16.87	16.87	763258	77524320.000
11/18/2010	16.79	17.27	16.79	17.00	396880	39804072.000
11/19/2010	17.00	17.63	16.87	17.49	679772	69499760.000
11/22/2010	17.64	18.45	17.51	17.64	1640793	174021728.000
11/23/2010	17.49	18.36	17.49	18.33	1416872	150349648.000
11/24/2010	18.36	19.35	18.19	19.19	682262	76607120.000
11/25/2010	19.27	19.85	18.84	19.24	632626	72264384.000
11/26/2010	19.10	19.66	19.10	19.20	648507	73850280.000
11/29/2010	19.01	19.53	18.64	18.81	744056	82809800.000
11/30/2010	18.81	18.97	17.13	17.78	886507	94104672.000
12/01/2010	17.61	17.93	17.10	17.13	1434613	146325936.000
12/02/2010	17.28	17.52	17.03	17.38	1023089	104291248.000
12/03/2010	17.37	17.38	16.70	16.88	966425	96486344.000
12/06/2010	16.82	17.21	16.14	16.27	1331584	129212880.000
12/07/2010	16.27	17.13	16.01	17.01	515328	50656932.000
12/08/2010	17.13	17.62	17.03	17.55	679727	69822128.000
12/09/2010	17.31	17.50	16.96	17.27	247169	25175918.000
12/10/2010	17.04	17.98	17.04	17.89	374014	39177692.000
12/13/2010	17.90	18.90	17.90	18.67	1094473	120241808.000
12/14/2010	18.84	18.86	18.39	18.50	374523	41126792.000
12/15/2010	18.42	19.51	18.41	19.03	606145	67804600.000
12/16/2010	19.04	19.33	18.81	18.95	357952	40195304.000
12/17/2010	18.93	18.93	18.33	18.67	377187	41333384.000
12/20/2010	19.00	19.68	18.69	19.30	831555	94448608.000
12/21/2010	19.32	21.22	19.32	20.64	818691	97703352.000
12/23/2010	20.24	21.55	19.96	20.04	1091979	134208144.000
12/24/2010	20.04	20.73	19.19	20.05	839773	98210616.000
12/27/2010	20.12	20.21	18.30	18.33	663825	75037168.000
12/28/2010	18.18	19.34	17.47	18.50	1018074	110344776.000
12/29/2010	18.26	19.69	18.26	19.58	566620	64408620.000
12/30/2010	19.62	20.66	19.58	20.36	651217	77073376.000
12/31/2010	20.21	20.80	20.15	20.71	381448	45964912.000
01/04/2011	20.80	21.86	20.73	21.67	757620	95992256.000
01/05/2011	21.64	22.01	20.91	21.29	486161	61312264.000
01/06/2011	21.24	21.50	20.82	20.97	594264	73841064.000
01/07/2011	20.81	21.50	20.80	21.05	426739	52892104.000
01/10/2011	20.74	20.96	19.63	19.68	590338	69974488.000
01/11/2011	19.44	20.21	19.44	20.14	321194	37591884.000
01/12/2011	20.14	20.45	19.21	19.67	408659	47265472.000
01/13/2011	19.64	19.70	19.25	19.53	272823	31272602.000
01/14/2011	19.51	19.51	18.81	18.81	366189	41264420.000
01/17/2011	18.81	19.61	18.29	18.36	608434	67425296.000
01/18/2011	18.28	19.53	18.16	19.39	497465	56010808.000
01/19/2011	19.37	20.37	19.37	19.87	470846	55337744.000
01/20/2011	19.82	20.06	19.19	19.42	323908	37371540.000
01/21/2011	19.36	19.70	18.64	18.89	489658	54625556.000
01/24/2011	18.84	19.14	16.98	16.98	957636	100312160.000
01/25/2011	16.91	17.27	16.44	16.84	668343	66259632.000
01/26/2011	16.87	17.71	16.87	17.60	247345	25437566.000
01/27/2011	17.39	17.81	16.84	17.47	365480	37483984.000
01/28/2011	17.47	17.87	17.33	17.54	249128	25893194.000
01/31/2011	17.48	18.33	17.42	18.10	277396	29127854.000
02/01/2011	18.84	19.25	18.67	19.01	569632	63872236.000
02/09/2011	19.01	19.19	18.59	18.70	320968	35722596.000
02/10/2011	18.64	19.58	18.41	19.58	279978	31801512.000
02/11/2011	19.68	20.08	19.46	19.68	439960	51310584.000
02/14/2011	19.68	19.85	19.36	19.82	434037	50043796.000
02/15/2011	19.70	19.78	19.36	19.72	401294	46256640.000
02/16/2011	19.65	20.02	19.36	19.92	379703	43892716.000
02/17/2011	19.84	19.87	19.45	19.49	227533	26243054.000
02/18/2011	19.53	19.95	19.36	19.36	238179	27501210.000
02/21/2011	19.36	19.53	18.67	19.39	583783	65413260.000
02/22/2011	19.36	19.36	18.40	18.50	605942	66837352.000
02/23/2011	18.49	19.19	18.36	18.90	196475	21757504.000
02/24/2011	18.69	18.96	18.32	18.86	265937	29183450.000
02/25/2011	18.59	18.81	18.23	18.50	243526	26468114.000
02/28/2011	18.33	18.57	17.99	18.07	389767	41736536.000
03/01/2011	18.12	18.74	17.82	18.67	512753	55102932.000
03/02/2011	18.50	18.70	18.16	18.69	321833	34975324.000
03/03/2011	18.75	18.75	18.35	18.40	212618	23231650.000
03/04/2011	18.33	19.01	18.31	19.01	356921	39267620.000
03/07/2011	19.19	19.19	18.74	18.93	256442	28530520.000
03/08/2011	18.93	19.00	18.67	19.00	128450	14261687.000
03/09/2011	18.83	19.00	18.59	18.72	114535	12662883.000
03/10/2011	18.72	18.74	18.37	18.41	135251	14706420.000
03/11/2011	18.43	18.53	17.99	18.06	273832	29359540.000
03/14/2011	18.11	18.59	18.11	18.44	227002	24618288.000
03/15/2011	18.33	18.38	17.99	18.11	220267	23477088.000
03/16/2011	18.05	18.52	18.05	18.40	151768	16411059.000
03/17/2011	18.20	18.31	17.91	17.95	161302	17213936.000
03/18/2011	17.95	18.23	17.95	18.17	97205	10364808.000
03/21/2011	18.16	18.42	18.07	18.28	138367	14933583.000
03/22/2011	18.36	18.43	18.07	18.07	73970	7915342.000
03/23/2011	18.27	18.39	18.10	18.35	151235	16323310.000
03/24/2011	18.48	18.71	18.23	18.42	192357	21056208.000
03/25/2011	18.42	18.65	18.16	18.22	205794	22127988.000
03/28/2011	18.29	18.40	16.97	17.47	606964	62864304.000
03/29/2011	17.47	17.63	16.70	16.75	279068	28060584.000
03/30/2011	16.45	16.96	16.45	16.93	170249	16862406.000
03/31/2011	16.63	17.07	16.63	16.76	116430	11583833.000
04/01/2011	16.76	16.87	16.65	16.82	102541	10143535.000
04/06/2011	16.76	16.88	15.67	15.82	506695	47888460.000
04/07/2011	15.82	15.86	15.38	15.48	423191	38740436.000
04/08/2011	15.52	16.26	15.45	16.04	326737	30797502.000
04/11/2011	16.04	16.22	15.23	15.39	485555	44208132.000
04/12/2011	15.38	15.62	15.05	15.44	120779	10900984.000
04/13/2011	15.77	16.67	15.56	15.75	618288	58208712.000
04/14/2011	15.89	16.18	15.61	16.06	360649	34052620.000
04/15/2011	15.82	16.06	15.45	15.79	181395	16909756.000
04/18/2011	15.79	15.79	15.24	15.56	151616	13888905.000
04/19/2011	15.46	15.74	15.25	15.67	128591	11756038.000
04/21/2011	15.70	15.98	15.67	15.90	153292	14388674.000
04/22/2011	16.10	16.10	15.76	15.95	147758	13883232.000
04/25/2011	15.93	15.93	15.33	15.39	92799	8489511.000
04/26/2011	15.24	15.58	15.08	15.50	118661	10757119.000
04/27/2011	14.38	15.65	14.09	15.65	954547	82598856.000
04/28/2011	15.24	15.34	14.31	14.50	247736	21547432.000
04/29/2011	14.38	14.69	14.14	14.54	138109	11872090.000
05/03/2011	14.86	14.86	14.39	14.64	171983	14822267.000
05/04/2011	14.69	15.07	14.47	14.64	137787	11979507.000
05/05/2011	14.49	14.64	14.27	14.44	150701	7116506.500
05/06/2011	14.30	14.95	14.22	14.95	157649	7553203.500
05/09/2011	14.96	15.00	14.74	14.94	150053	7337216.500
05/10/2011	15.02	15.02	14.80	14.94	67210	3274640.750
05/11/2011	15.02	15.02	14.65	14.80	84633	4102929.750
05/12/2011	14.78	14.81	14.55	14.55	170098	8178926.500
05/13/2011	14.40	14.43	13.82	13.90	345732	15833205.000
05/16/2011	13.90	14.02	13.74	13.85	209147	9518044.000
05/17/2011	13.85	13.85	13.27	13.41	496458	21902624.000
05/18/2011	13.41	13.48	13.29	13.41	164970	7243783.000
05/19/2011	13.53	13.55	13.28	13.29	191300	8391120.000
05/20/2011	13.36	13.72	13.36	13.66	311571	13875937.000
05/23/2011	13.66	13.72	12.95	12.98	603274	26262332.000
05/24/2011	12.80	13.71	12.80	13.26	582116	25425708.000
05/25/2011	13.41	13.90	13.27	13.41	737558	32961598.000
05/26/2011	13.41	13.72	13.13	13.19	377332	16626785.000
05/27/2011	13.06	13.71	13.06	13.41	407648	17891340.000
05/30/2011	13.34	14.27	13.34	14.09	746803	34125944.000
05/31/2011	14.03	14.30	13.73	14.09	321219	14799340.000
06/01/2011	14.03	14.26	13.97	14.12	256437	11862439.000
06/02/2011	13.86	14.12	13.67	13.90	177503	8088981.500
06/03/2011	13.81	14.13	13.81	14.03	167748	7707514.000
06/07/2011	14.11	14.47	13.97	14.26	216086	10110919.000
06/08/2011	14.35	14.81	14.33	14.81	334266	16034281.000
06/09/2011	14.81	15.09	14.37	14.80	281164	13624497.000
06/10/2011	14.79	14.80	14.21	14.58	223678	10595481.000
06/13/2011	14.48	14.64	14.21	14.41	129099	6079892.000
06/14/2011	14.34	14.65	14.34	14.48	210467	10004056.000
06/15/2011	14.58	14.58	14.28	14.28	108018	5097331.000
06/16/2011	14.18	14.40	13.76	14.13	249081	11470942.000
06/17/2011	13.88	14.10	13.84	13.94	79946	3642998.750
06/20/2011	13.85	13.99	13.80	13.94	78614	3585799.500
06/21/2011	13.94	14.17	13.50	13.78	157723	7091919.500
06/22/2011	13.73	14.27	13.47	13.55	153072	6867933.000
06/23/2011	13.46	13.87	13.26	13.84	375626	16702850.000
06/24/2011	13.74	14.58	13.62	14.43	451113	21091236.000
06/27/2011	14.49	14.52	14.17	14.31	331375	15566292.000
06/28/2011	14.31	14.42	14.14	14.24	214431	10001611.000
06/29/2011	14.27	14.65	14.12	14.39	322259	15307622.000
06/30/2011	14.39	14.49	14.25	14.42	252000	11898807.000
07/01/2011	14.52	14.73	14.41	14.57	231333	11056113.000
07/04/2011	14.73	14.95	14.61	14.92	330789	16062963.000
07/05/2011	15.20	15.82	14.98	15.26	794442	39924168.000
07/06/2011	14.96	15.30	14.95	15.26	306850	15155155.000
07/07/2011	15.12	15.35	15.02	15.29	331745	16544321.000
07/08/2011	15.26	15.26	14.66	14.81	421868	20527012.000
07/11/2011	14.83	15.28	14.50	15.20	383767	18819154.000
07/12/2011	15.05	15.11	14.78	14.81	136474	6665900.000
07/13/2011	14.81	15.26	14.81	15.08	186631	9238979.000
07/14/2011	15.13	15.26	14.96	15.24	266156	13188696.000
07/15/2011	15.22	15.76	15.20	15.43	507290	25724822.000
07/18/2011	15.42	15.75	15.39	15.56	523499	26663856.000
07/19/2011	15.40	15.42	15.11	15.25	335477	16741468.000
07/20/2011	15.47	15.79	15.44	15.57	931951	47657984.000
07/21/2011	15.58	15.58	15.26	15.29	138327	6950836.000
07/22/2011	15.29	15.51	15.18	15.42	141444	7141319.000
07/25/2011	15.45	15.75	15.11	15.11	417302	21065560.000
07/26/2011	15.32	15.54	14.96	15.52	235389	11852851.000
07/27/2011	15.51	16.49	15.45	16.43	622303	33141290.000
07/28/2011	16.24	17.07	16.19	16.96	790465	43552916.000
07/29/2011	16.94	17.04	16.19	16.19	592364	32225356.000
08/01/2011	16.36	16.48	15.98	16.09	398214	21095422.000
08/02/2011	16.03	16.37	15.85	16.31	538301	28442898.000
08/03/2011	16.30	16.96	16.04	16.82	717477	39090728.000
08/04/2011	16.77	17.07	16.68	17.04	539159	29739166.000
08/05/2011	16.50	18.19	16.50	17.90	1230382	70981232.000
08/08/2011	17.90	18.97	17.19	18.16	1517973	90522016.000
08/09/2011	17.88	18.39	17.45	18.01	901326	53227780.000
08/10/2011	18.04	18.62	17.43	17.48	1044808	61451372.000
08/11/2011	17.17	18.22	17.17	18.03	842669	49329216.000
08/12/2011	17.98	18.32	17.92	18.01	579578	34311172.000
08/15/2011	18.04	18.16	17.56	18.07	603620	35331680.000
08/16/2011	18.10	18.10	17.11	17.60	807514	46402996.000
08/17/2011	17.58	17.58	17.22	17.38	456984	25904888.000
08/18/2011	17.39	17.52	16.90	16.99	624510	34963748.000
08/19/2011	16.81	17.27	16.63	17.15	428633	23656402.000
08/22/2011	17.27	17.99	16.81	17.11	497075	28508080.000
08/23/2011	17.11	17.62	16.93	17.56	281568	15920792.000
08/24/2011	17.84	17.96	17.63	17.81	319119	18561838.000
08/25/2011	17.79	17.91	17.58	17.85	221483	12866233.000
08/26/2011	17.76	18.19	17.65	18.10	254457	15022163.000
08/29/2011	18.09	18.33	17.98	17.98	172217	10183231.000
08/30/2011	18.16	18.19	17.29	17.35	347100	20093426.000
08/31/2011	17.19	17.52	17.11	17.18	144200	8124479.500
09/01/2011	17.24	17.36	16.87	16.90	102160	5712359.000
09/02/2011	16.84	17.09	16.68	16.96	153110	8456069.000
09/05/2011	16.93	16.93	16.30	16.54	174027	9418482.000
09/06/2011	16.49	16.54	16.27	16.44	90732	4863768.000
09/07/2011	16.34	18.04	16.34	17.42	593173	32849168.000
09/08/2011	17.90	17.98	16.32	16.32	1169608	66281720.000
09/09/2011	16.62	16.62	15.64	15.88	431622	22637518.000
09/13/2011	15.51	15.82	15.11	15.26	331819	16782796.000
09/14/2011	15.39	16.56	14.95	15.40	415336	20879968.000
09/15/2011	15.45	15.53	15.29	15.38	110131	5562117.000
09/16/2011	15.44	16.17	15.32	15.50	685381	35684744.000
09/19/2011	15.33	15.72	15.13	15.66	372068	18848018.000
09/20/2011	15.66	16.03	15.57	15.81	310671	16063877.000
09/21/2011	15.98	16.28	15.73	16.19	392409	20584226.000
09/22/2011	16.80	16.81	16.09	16.19	948182	51286480.000
09/23/2011	15.88	16.43	15.73	16.00	471927	25078426.000
09/26/2011	16.02	16.16	15.50	15.81	229207	11866337.000
09/27/2011	16.01	16.01	15.73	15.88	111197	5761807.000
09/28/2011	16.02	16.03	15.59	15.71	119592	6177198.000
09/29/2011	15.34	15.51	15.02	15.11	326101	16311714.000
09/30/2011	14.96	15.45	14.85	15.15	347393	17193102.000
10/10/2011	15.15	15.38	15.14	15.17	47213	2351786.000
10/11/2011	15.48	15.56	14.52	14.69	248416	12047755.000
10/12/2011	14.65	15.20	14.48	15.14	131642	6437977.000
10/13/2011	15.20	15.66	15.11	15.56	142970	7254564.500
10/14/2011	15.52	15.71	15.23	15.71	101362	5132043.500
10/17/2011	15.69	15.88	15.57	15.79	171187	8818932.000
10/18/2011	15.78	15.82	15.30	15.53	79260	4048168.250
10/19/2011	15.57	15.72	15.26	15.39	97592	4947306.500
10/20/2011	15.20	15.26	14.65	15.20	173817	8515909.000
10/21/2011	15.40	16.03	14.95	15.19	183910	9389474.000
10/24/2011	15.20	15.51	14.67	15.11	411244	20391802.000
10/25/2011	14.98	15.60	14.75	15.42	453568	22711094.000
10/26/2011	15.22	16.08	15.22	16.06	604053	31526804.000
10/27/2011	16.06	17.11	16.06	16.23	610881	32782582.000
10/28/2011	16.23	17.05	16.23	17.00	646985	35552884.000
10/31/2011	17.04	17.39	16.85	17.06	695257	38954572.000
11/01/2011	17.06	17.22	16.61	16.91	526533	29124662.000
11/02/2011	16.65	17.60	16.50	17.60	732379	41501136.000
11/03/2011	17.61	17.95	17.35	17.73	751759	43453720.000
11/04/2011	17.81	17.81	17.33	17.33	287977	16464087.000
11/07/2011	17.24	17.48	17.18	17.37	202112	11470629.000
11/08/2011	17.37	17.44	17.17	17.26	182261	10318024.000
11/09/2011	17.41	17.81	16.85	17.70	519756	29137554.000
11/10/2011	17.60	18.31	17.39	17.73	709055	41778320.000
11/11/2011	17.73	17.87	17.24	17.55	262343	15102541.000
11/14/2011	17.91	18.19	17.88	17.99	291041	17142166.000
11/15/2011	18.06	18.44	17.85	18.29	624073	37205308.000
11/16/2011	18.22	18.29	17.55	17.61	276823	16315917.000
11/17/2011	17.82	18.10	17.49	17.75	273130	15901180.000
11/18/2011	17.52	17.67	17.08	17.18	273698	15525870.000
11/21/2011	17.35	17.36	16.82	16.94	191594	10645006.000
11/22/2011	16.93	17.20	16.88	17.18	242353	13482742.000
11/23/2011	17.25	17.75	17.15	17.55	388659	22302460.000
11/24/2011	17.55	17.76	17.34	17.52	169029	9729351.000
11/25/2011	17.71	17.73	17.05	17.22	164223	9361877.000
11/28/2011	17.36	17.67	17.32	17.57	171009	9750591.000
11/29/2011	17.73	17.82	17.51	17.67	139763	8062852.000
11/30/2011	17.70	18.03	17.04	17.26	519300	29833704.000
12/01/2011	17.67	17.93	17.49	17.58	655663	37991600.000
12/02/2011	17.71	17.71	17.15	17.15	244806	13884339.000
12/05/2011	17.36	17.36	16.44	16.44	399535	21872412.000
12/06/2011	15.88	16.77	15.88	16.47	286248	15301926.000
12/07/2011	16.36	16.62	16.35	16.49	153662	8283443.000
12/08/2011	16.34	16.77	16.19	16.57	103454	5599680.000
12/09/2011	16.70	16.79	16.43	16.53	134952	7339792.000
12/12/2011	16.80	16.80	16.47	16.47	82416	4458023.500
12/13/2011	16.58	16.58	15.57	15.79	391104	20377584.000
12/14/2011	15.87	15.94	15.56	15.56	187323	9630672.000
12/15/2011	15.56	15.81	15.21	15.51	335571	16988186.000
12/16/2011	15.20	16.34	15.20	16.18	539862	27526914.000
12/19/2011	16.12	16.13	15.52	15.91	534012	27547502.000
12/20/2011	15.69	16.00	15.57	15.76	419100	21608034.000
12/21/2011	15.91	16.06	15.23	15.26	574107	29025166.000
12/22/2011	14.97	15.44	14.80	15.26	520137	25715798.000
12/23/2011	15.19	15.41	15.01	15.22	341974	17101812.000
12/26/2011	15.26	15.57	15.19	15.29	272813	13653654.000
12/27/2011	15.18	15.40	14.96	15.14	416610	20761654.000
12/28/2011	15.13	15.40	14.98	15.39	462387	23117726.000
12/29/2011	15.35	15.38	15.14	15.38	574413	28690224.000
12/30/2011	15.37	16.15	15.27	15.66	316567	16332640.000
01/04/2012	16.10	16.10	14.90	14.95	190007	9506968.000
01/05/2012	14.91	15.20	13.90	13.94	623252	29890388.000
01/06/2012	13.94	14.25	13.32	13.67	453108	20183486.000
01/09/2012	13.77	13.81	13.26	13.65	757707	33454778.000
01/10/2012	13.66	14.25	13.55	14.02	625620	28381340.000
01/11/2012	13.89	14.28	13.60	13.68	844306	38555872.000
01/12/2012	13.94	14.12	13.42	13.56	650360	29329488.000
01/13/2012	13.50	13.56	12.18	12.18	1516461	62606884.000
01/16/2012	11.56	12.31	11.44	12.18	697920	27940500.000
01/17/2012	11.92	12.45	11.92	12.29	753124	30305840.000
01/18/2012	12.34	12.48	11.47	11.80	941691	36684156.000
01/19/2012	11.48	11.99	11.48	11.73	440805	17000240.000
01/20/2012	11.73	12.28	11.59	12.25	468984	18594746.000
01/30/2012	12.25	12.31	12.05	12.07	225402	9009613.000
01/31/2012	12.02	12.20	11.83	11.95	283760	11119306.000
02/01/2012	11.99	12.32	11.96	12.02	439559	17588556.000
02/02/2012	12.01	12.36	12.01	12.27	595534	24044748.000
02/03/2012	12.35	12.98	12.23	12.84	397211	16621213.000
02/06/2012	12.94	13.15	12.84	12.96	230404	9854887.000
02/07/2012	12.79	12.95	12.49	12.50	203600	8432489.000
02/08/2012	12.50	12.85	12.40	12.79	270063	11189357.000
02/09/2012	12.75	13.01	12.75	13.01	366485	15509560.000
02/10/2012	13.02	13.13	12.80	12.98	235225	10056565.000
02/13/2012	12.98	13.25	12.98	13.09	480756	20631498.000
02/14/2012	13.06	13.10	12.95	13.08	94186	4027713.500
02/15/2012	12.98	13.30	12.98	13.27	376572	16214586.000
02/16/2012	13.10	13.41	12.64	12.79	623594	26647174.000
02/17/2012	12.79	12.95	12.42	12.64	1018542	42523328.000
02/20/2012	12.70	12.89	12.52	12.52	613855	25544704.000
02/21/2012	12.55	12.55	12.27	12.48	635024	25903446.000
02/22/2012	12.48	13.41	12.48	13.22	1820535	78010824.000
02/23/2012	13.20	13.58	13.11	13.41	1285894	56376052.000
02/24/2012	13.41	13.67	13.32	13.41	1117971	49461132.000
02/27/2012	13.55	13.66	13.29	13.41	1300878	57384952.000
02/28/2012	13.29	13.32	12.78	13.09	1847696	78784328.000
02/29/2012	12.98	13.52	12.95	13.46	1361992	59418084.000
03/01/2012	13.48	14.06	13.47	14.02	1639716	74076672.000
03/02/2012	14.02	14.15	13.62	14.02	1549640	70453224.000
03/05/2012	14.18	14.37	13.78	13.87	1227513	56591244.000
03/06/2012	13.83	13.98	13.56	13.61	678336	30466638.000
03/07/2012	13.51	13.78	13.40	13.48	592118	26348362.000
03/08/2012	13.66	13.87	13.48	13.87	1295700	57986160.000
03/09/2012	13.94	14.05	13.81	14.04	684590	31303228.000
03/12/2012	14.06	14.32	13.80	13.97	839992	38754224.000
03/13/2012	14.00	14.27	14.00	14.13	663995	30670422.000
03/14/2012	14.31	14.40	13.29	13.41	1275330	58006676.000
03/15/2012	13.50	13.55	13.06	13.25	560004	24326822.000
03/16/2012	13.26	13.61	13.26	13.60	541954	23987554.000
03/19/2012	13.62	13.96	13.44	13.77	769481	34643332.000
03/20/2012	13.66	13.73	13.09	13.10	638792	28004076.000
03/21/2012	13.19	13.27	12.76	12.78	756716	32119902.000
03/22/2012	12.82	12.88	12.73	12.80	681504	28634972.000
03/26/2012	12.70	12.70	12.45	12.49	582581	24030392.000
03/27/2012	12.62	12.69	12.44	12.48	442845	18240874.000
03/28/2012	12.48	12.48	11.92	12.35	675584	26965978.000
03/29/2012	12.15	12.27	12.04	12.08	618955	24628140.000
03/30/2012	12.01	12.27	11.96	12.27	450040	17964048.000
04/05/2012	12.28	12.50	12.18	12.49	472364	19236468.000
04/06/2012	12.48	12.61	12.36	12.46	348471	14221404.000
04/09/2012	12.36	12.42	12.12	12.18	532868	21350224.000
04/10/2012	12.18	12.22	11.84	12.18	487632	19175050.000
04/11/2012	11.93	12.19	11.92	12.08	253909	10064475.000
04/12/2012	12.08	12.30	11.96	12.27	372890	14932141.000
04/13/2012	12.38	12.58	12.27	12.45	510957	20926440.000
04/16/2012	12.40	12.45	12.20	12.30	253329	10264817.000
04/17/2012	12.22	12.33	12.09	12.10	340654	13627631.000
04/18/2012	12.16	12.41	12.02	12.40	458977	18501558.000
04/19/2012	12.39	12.58	12.36	12.46	385860	15811038.000
04/20/2012	12.46	12.67	12.43	12.65	434433	17980476.000
04/23/2012	12.65	12.65	12.14	12.18	808237	32695662.000
04/24/2012	12.05	12.33	11.88	12.08	681911	27073034.000
04/25/2012	12.00	12.16	11.93	12.07	338459	13398857.000
04/26/2012	12.16	12.29	12.16	12.18	418611	16787608.000
04/27/2012	12.18	12.26	12.11	12.22	283098	11335493.000
05/02/2012	12.32	12.45	12.11	12.27	476095	19129090.000
05/03/2012	12.22	12.36	12.21	12.32	270129	10884368.000
05/04/2012	12.36	12.95	12.36	12.61	854341	35791216.000
05/07/2012	12.67	13.37	12.64	13.27	1370476	58602760.000
05/08/2012	13.16	13.52	13.16	13.35	1145452	50172184.000
05/09/2012	13.33	13.33	12.91	12.91	654171	28015872.000
05/10/2012	12.82	13.07	12.75	12.79	480222	20325478.000
05/11/2012	12.79	13.08	12.73	12.81	424827	17956352.000
05/14/2012	12.85	13.02	12.83	12.89	611680	26016640.000
05/15/2012	12.83	12.83	12.36	12.50	886994	20344518.000
05/16/2012	12.51	12.63	12.08	12.27	529894	11886122.000
05/17/2012	12.22	12.58	12.11	12.43	646615	14547658.000
05/18/2012	12.36	12.57	12.19	12.36	665790	14997901.000
05/21/2012	12.86	12.86	12.20	12.34	425781	9642679.000
05/22/2012	12.34	12.54	12.24	12.50	340250	7698992.000
05/23/2012	12.44	12.64	12.31	12.52	366789	8337985.000
05/24/2012	12.52	12.61	12.28	12.37	308856	6976294.500
05/25/2012	12.56	13.13	12.45	12.76	1309346	30696184.000
05/28/2012	12.67	13.08	12.59	13.04	1103611	26026914.000
05/29/2012	13.12	13.46	13.07	13.25	1577855	38371112.000
05/30/2012	13.16	14.24	13.16	13.92	2507010	63254120.000
05/31/2012	13.92	14.74	13.92	14.31	2686884	69846680.000
06/01/2012	14.24	14.47	13.92	14.28	1686867	43242120.000
06/04/2012	14.02	14.30	13.69	13.85	1612613	41046028.000
06/05/2012	13.82	13.92	13.44	13.56	817789	20224760.000
06/06/2012	13.61	14.45	13.61	14.06	1300004	33277236.000
06/07/2012	14.07	14.47	13.77	13.95	905187	23301894.000
06/08/2012	14.08	14.11	13.64	13.74	985750	24893560.000
06/11/2012	13.73	14.67	13.65	14.64	1800565	46946960.000
06/12/2012	14.55	14.89	14.38	14.83	1369559	36466452.000
06/13/2012	14.88	15.18	14.68	15.08	1360838	37072744.000
06/14/2012	15.03	15.03	14.68	14.86	1420404	38301152.000
06/15/2012	14.99	14.99	14.24	14.52	1766695	46546108.000
06/18/2012	14.51	15.29	14.51	15.08	1350392	36841764.000
06/19/2012	14.97	15.03	14.76	14.96	1359860	36742348.000
06/20/2012	14.83	15.13	14.73	14.75	759608	20470550.000
06/21/2012	14.76	14.86	14.20	14.48	795024	20910882.000
06/25/2012	14.42	14.58	14.03	14.03	1047643	27330814.000
06/26/2012	13.93	14.29	13.93	14.17	545882	13992029.000
06/27/2012	14.31	14.94	14.31	14.69	1191220	31787040.000
06/28/2012	14.80	14.92	14.47	14.69	709403	18951182.000
06/29/2012	14.58	15.13	14.26	15.02	622305	16718245.000
07/02/2012	15.31	15.77	15.02	15.58	2404995	67620368.000
07/03/2012	15.67	16.01	15.26	15.53	1861336	53187496.000
07/04/2012	15.42	15.72	15.14	15.16	847880	23708934.000
07/05/2012	15.25	15.41	15.04	15.32	833377	23131480.000
07/06/2012	15.30	15.42	14.70	15.16	1002729	27399972.000
07/09/2012	15.16	15.40	14.58	14.60	703029	19083176.000
07/10/2012	14.60	14.67	14.08	14.33	1148814	29835482.000
07/11/2012	14.33	14.52	13.81	14.35	1494787	38354396.000
07/12/2012	14.35	15.24	14.35	15.14	1971621	53050496.000
07/13/2012	14.58	14.80	14.22	14.49	2429562	64034968.000
07/16/2012	14.20	14.56	13.82	13.92	1150923	29650782.000
07/17/2012	13.78	14.03	13.26	13.64	1266027	31379212.000
07/18/2012	13.64	13.67	13.29	13.67	860241	20997436.000
07/19/2012	13.69	14.02	13.64	13.92	750149	18982874.000
07/20/2012	14.03	14.03	13.76	13.82	176100	4422160.500
07/23/2012	13.75	14.32	13.75	14.18	684253	17542572.000
07/24/2012	13.86	14.39	13.86	14.38	504599	13004072.000
07/25/2012	14.23	14.78	14.23	14.65	828237	22051200.000
07/26/2012	14.67	14.78	14.26	14.33	423400	11151593.000
07/27/2012	14.36	14.52	14.08	14.48	547802	14271658.000
07/30/2012	14.19	14.63	13.96	14.35	786497	20640170.000
07/31/2012	14.18	14.29	13.19	13.26	1343858	33811832.000
08/01/2012	13.47	13.94	13.19	13.81	1023544	25553634.000
08/02/2012	13.52	14.11	13.52	13.87	655610	16643385.000
08/03/2012	13.89	14.35	13.87	14.34	377084	9727782.000
08/06/2012	14.49	14.92	14.19	14.83	1088745	29056096.000
08/07/2012	14.90	14.94	14.47	14.82	776620	20818710.000
08/08/2012	14.61	14.79	14.47	14.62	1266465	33495136.000
08/09/2012	14.58	14.58	14.25	14.31	2191100	57176000.000
08/10/2012	14.31	14.64	14.31	14.57	1160393	30558380.000
08/13/2012	14.51	14.74	14.47	14.58	1349084	35837588.000
08/14/2012	14.58	14.67	14.06	14.61	605914	15784366.000
08/15/2012	14.48	14.83	14.37	14.77	774174	20664776.000
08/16/2012	14.86	15.03	14.69	14.72	643620	17390702.000
08/17/2012	14.75	14.75	14.04	14.44	500169	13045262.000
08/20/2012	14.31	14.57	14.09	14.47	267350	6974980.000
08/21/2012	14.42	15.02	14.42	14.85	1058798	28350614.000
08/22/2012	15.32	15.33	14.81	14.86	673225	18402616.000
08/23/2012	14.72	14.92	14.62	14.82	558694	14948159.000
08/24/2012	14.82	14.97	14.44	14.44	451087	12008963.000
08/27/2012	14.43	14.44	14.04	14.04	514944	13227730.000
08/28/2012	13.89	14.19	13.89	14.04	619119	15803468.000
08/29/2012	14.06	14.25	13.93	13.99	330414	8457320.000
08/30/2012	13.97	14.07	13.19	13.71	945609	23213652.000
08/31/2012	13.52	13.67	13.06	13.13	1665765	40002876.000
09/03/2012	13.13	13.44	12.95	13.39	1301007	31074026.000
09/04/2012	13.40	13.44	13.26	13.33	385139	9339405.000
09/05/2012	13.23	13.62	13.23	13.55	202554	4948149.000
09/06/2012	13.56	13.72	13.38	13.69	448059	11003236.000
09/07/2012	13.72	14.36	13.69	14.22	1336727	34102240.000
09/10/2012	14.22	14.32	13.98	14.17	1537636	39433748.000
09/11/2012	14.00	14.31	14.00	14.31	622120	15965229.000
09/12/2012	14.39	14.50	14.00	14.31	652731	16917198.000
09/13/2012	14.42	14.42	14.03	14.03	615750	15797432.000
09/14/2012	14.22	14.22	13.48	13.53	1066793	26587196.000
09/17/2012	13.53	13.68	13.20	13.20	504342	12274780.000
09/18/2012	13.17	13.30	13.10	13.18	243376	5841749.000
09/19/2012	13.18	13.24	12.96	13.07	1166104	27575176.000
09/20/2012	13.04	13.15	12.42	12.52	630742	14855289.000
09/21/2012	12.52	12.83	11.92	12.53	1091309	24029492.000
09/24/2012	12.31	12.51	12.02	12.38	926381	20605928.000
09/25/2012	12.21	12.36	11.86	11.86	913522	19881624.000
09/26/2012	11.86	11.86	11.14	11.19	834458	17398138.000
09/27/2012	11.36	11.36	10.56	11.04	2750093	54622676.000
09/28/2012	10.86	11.07	10.61	11.02	1886589	37254872.000
10/08/2012	11.00	11.45	10.87	11.32	2240498	45851624.000
10/09/2012	11.23	11.59	11.23	11.59	1100229	23035230.000
10/10/2012	11.61	11.67	11.36	11.63	1112436	23311092.000
10/11/2012	11.69	11.72	11.27	11.28	1179136	24642946.000
10/12/2012	11.28	11.45	10.75	10.98	1359279	27315424.000
10/15/2012	11.06	11.08	10.74	10.97	509277	10128152.000
10/16/2012	10.97	11.46	10.89	11.19	830706	16950880.000
10/17/2012	11.26	11.33	11.14	11.23	475167	9717396.000
10/18/2012	11.22	11.45	11.22	11.44	699546	14506645.000
10/19/2012	11.44	11.47	11.17	11.33	510389	10509880.000
10/22/2012	11.28	11.29	10.87	11.28	1207360	24315604.000
10/23/2012	11.30	11.43	11.08	11.16	891534	18369452.000
10/24/2012	11.00	11.29	10.97	11.16	610499	12402347.000
10/25/2012	11.16	11.16	10.87	10.89	520907	10441652.000
10/26/2012	10.89	10.93	10.33	10.42	788168	15111008.000
10/29/2012	10.42	10.42	10.03	10.10	827240	15340071.000
10/30/2012	10.17	10.17	9.96	9.97	817488	14949314.000
10/31/2012	10.03	10.03	9.64	9.74	1507548	26863092.000
11/01/2012	9.78	10.12	9.77	10.01	1619116	29332238.000
11/02/2012	10.01	10.02	9.56	9.75	2370735	42056520.000
11/05/2012	9.73	9.84	9.57	9.72	1717590	30354616.000
11/06/2012	9.74	9.83	9.59	9.83	923069	16335677.000
11/07/2012	9.86	10.13	9.81	9.97	3359220	61163296.000
11/08/2012	9.69	9.83	9.59	9.64	1215973	21521266.000
11/09/2012	9.61	9.72	9.61	9.65	694887	12243867.000
11/12/2012	9.74	10.01	9.49	9.89	1956951	34943224.000
11/13/2012	9.89	10.28	9.88	10.10	4269170	78808976.000
11/14/2012	9.95	10.41	9.95	10.33	1917118	35684716.000
11/15/2012	10.29	10.64	10.17	10.60	2535658	48437676.000
11/16/2012	10.91	11.41	10.67	10.93	4424846	89539072.000
11/19/2012	10.83	11.13	10.40	10.69	2949031	57521276.000
11/20/2012	10.59	11.25	10.59	11.11	2509016	50206316.000
11/21/2012	10.98	11.08	10.64	10.99	1510675	29946414.000
11/22/2012	10.72	10.99	10.58	10.74	862228	17053164.000
11/23/2012	10.78	10.89	10.31	10.38	1464383	27932568.000
11/26/2012	10.34	10.34	9.94	10.11	1884752	34575340.000
11/27/2012	9.94	10.00	9.62	9.64	1285655	22875762.000
11/28/2012	9.58	9.89	9.53	9.87	708768	12581543.000
11/29/2012	9.87	10.05	9.74	9.92	704009	12715222.000
11/30/2012	9.93	10.22	9.87	10.22	867448	15981110.000
12/03/2012	10.25	10.55	9.71	9.86	908630	16746061.000
12/04/2012	9.97	10.09	9.54	10.03	661011	11738566.000
12/05/2012	10.03	10.69	9.97	10.69	1224789	23319302.000
12/06/2012	10.69	10.92	10.44	10.56	1138032	22063848.000
12/07/2012	10.57	10.86	10.39	10.82	1012340	19778582.000
12/10/2012	10.82	11.08	10.64	10.89	1471069	29319082.000
12/11/2012	10.72	10.88	10.48	10.56	1131859	21941226.000
12/12/2012	10.55	11.03	9.87	11.03	1994787	38246736.000
12/13/2012	10.96	11.35	10.70	10.76	2051670	41270380.000
12/14/2012	10.74	11.19	10.59	11.03	2157058	43186316.000
12/17/2012	11.08	11.13	10.77	10.84	1508946	30016524.000
12/18/2012	10.85	10.85	10.37	10.44	1985023	38328292.000
12/19/2012	10.32	10.67	10.32	10.46	1119537	21434638.000
12/20/2012	10.36	10.71	10.22	10.70	1747129	33715980.000
12/21/2012	10.71	11.24	10.58	11.17	2762673	55069976.000
12/24/2012	11.22	11.55	11.03	11.42	2413837	50000152.000
12/25/2012	11.30	11.73	11.25	11.49	1673154	35031132.000
12/26/2012	11.49	11.91	11.33	11.78	1889254	39995568.000
12/27/2012	11.78	11.89	11.26	11.31	2881302	60323676.000
12/28/2012	11.26	11.56	11.06	11.55	1502246	30926584.000
12/31/2012	11.49	12.07	11.33	12.07	2526426	54155456.000
01/04/2013	12.04	12.22	11.80	11.94	1447736	31579038.000
01/07/2013	11.86	11.97	11.72	11.86	1479292	31801798.000
01/08/2013	11.85	12.32	11.67	12.31	2728920	59474604.000
01/09/2013	12.31	12.52	11.92	12.42	2490219	55565260.000
01/10/2013	12.56	12.91	12.36	12.54	3710621	85321424.000
01/11/2013	12.48	12.71	12.15	12.26	2167232	49319448.000
01/14/2013	13.13	13.13	12.52	12.85	2913239	67808752.000
01/15/2013	13.01	14.08	12.99	13.92	4298892	106047744.000
01/16/2013	13.86	13.92	13.22	13.61	2758047	67962256.000
01/17/2013	13.64	13.74	13.37	13.50	1559824	38542104.000
01/18/2013	13.50	14.07	13.50	13.91	1929836	48806632.000
01/21/2013	13.92	14.45	13.73	13.89	2001530	51310680.000
01/22/2013	13.91	13.91	12.53	13.14	2392765	57646936.000
01/23/2013	13.03	13.47	13.00	13.44	1445171	34753876.000
01/24/2013	13.57	13.57	12.99	13.11	1889384	45734244.000
01/25/2013	13.11	13.53	12.96	13.48	1498704	36537052.000
01/28/2013	13.48	13.95	13.47	13.86	1330910	33335094.000
01/29/2013	13.92	14.26	13.58	13.88	1239642	31194402.000
01/30/2013	13.89	14.03	13.29	13.47	1430372	35192516.000
01/31/2013	13.45	13.87	13.22	13.78	1967536	48951524.000
02/01/2013	13.76	13.94	13.58	13.92	1154254	28985046.000
02/04/2013	13.76	14.59	13.76	14.34	2393256	62137868.000
02/05/2013	14.16	14.58	13.92	14.46	1169506	30381220.000
02/06/2013	14.44	15.16	14.41	14.95	2265316	61272824.000
02/07/2013	15.02	15.02	14.47	14.63	1961092	52092124.000
02/08/2013	14.53	14.86	14.53	14.62	990296	26474164.000
02/18/2013	14.75	15.20	14.60	15.06	1778459	48359640.000
02/19/2013	15.08	15.11	14.51	14.83	1229142	33092944.000
02/20/2013	14.83	15.50	14.83	15.34	2187238	60859724.000
02/21/2013	15.31	15.52	14.73	15.09	1508287	41425056.000
02/22/2013	15.08	15.21	14.76	14.82	903716	24490948.000
02/25/2013	14.83	15.67	14.82	15.64	2377615	66694716.000
02/26/2013	15.58	15.58	14.39	14.54	3505035	95908168.000
02/27/2013	14.53	14.91	13.94	14.25	2985071	77288344.000
02/28/2013	14.26	14.69	14.11	14.66	1907173	50093868.000
03/01/2013	14.55	15.61	14.55	15.59	3297664	90261344.000
03/04/2013	15.42	15.58	14.28	15.13	5266786	143098032.000
03/05/2013	15.41	15.41	14.42	14.77	4095836	109405696.000
03/06/2013	14.80	14.97	14.03	14.14	5027291	131132696.000
03/07/2013	14.24	14.28	13.17	13.43	5268228	130542312.000
03/08/2013	13.45	13.57	13.12	13.25	3011992	72863888.000
03/11/2013	13.29	13.64	13.26	13.44	2425674	59382160.000
03/12/2013	13.63	13.66	12.56	12.95	3063549	72719768.000
03/13/2013	13.56	13.56	12.62	12.80	1594982	37244072.000
03/14/2013	12.81	12.95	12.68	12.92	1210270	28272286.000
03/15/2013	12.92	13.32	12.66	13.11	2250851	53697152.000
03/18/2013	13.63	13.63	12.62	12.64	3006284	71281424.000
03/19/2013	12.68	12.78	12.13	12.23	2707976	60727412.000
03/20/2013	12.26	12.78	12.24	12.75	2117874	48472700.000
03/21/2013	12.78	13.44	12.75	13.39	3344774	80463480.000
03/22/2013	13.35	13.44	13.16	13.32	1522886	36818632.000
03/25/2013	13.26	13.44	13.03	13.12	1819726	43556060.000
03/26/2013	13.03	13.08	12.58	12.67	1585386	36747044.000
03/27/2013	12.72	13.01	12.64	12.75	1362098	31762206.000
03/28/2013	12.74	13.00	12.36	12.62	1545268	35908328.000
03/29/2013	12.54	12.77	12.42	12.44	1088187	24872056.000
04/01/2013	12.44	13.18	12.41	13.16	2207468	52094880.000
04/02/2013	13.04	13.68	13.04	13.17	3267732	79362000.000
04/03/2013	13.11	13.30	12.46	13.02	2281968	52935280.000
04/08/2013	12.53	13.14	12.42	13.04	1534900	36034216.000
04/09/2013	13.04	13.15	12.83	13.02	1509352	35639684.000
04/10/2013	13.31	13.31	12.73	12.84	984335	23026570.000
04/11/2013	12.96	13.00	12.64	12.75	1231193	28617064.000
04/12/2013	12.70	12.78	12.64	12.64	1263911	29194470.000
04/15/2013	12.59	12.66	12.21	12.28	2030972	45601720.000
04/16/2013	12.08	12.42	11.98	12.33	717298	15979317.000
04/17/2013	12.54	12.54	12.17	12.37	735299	16462490.000
04/18/2013	12.28	12.51	11.16	12.39	1483709	33131420.000
04/19/2013	12.44	12.78	12.33	12.76	2029824	46535328.000
04/22/2013	12.56	13.01	12.53	12.97	3212112	74680880.000
04/23/2013	13.19	13.19	12.42	12.53	1466302	33947788.000
04/24/2013	12.50	12.99	12.48	12.93	2413513	56003644.000
04/25/2013	12.90	13.19	12.69	12.85	2417737	57088628.000
04/26/2013	12.85	12.94	12.58	12.58	1502758	34933244.000
05/02/2013	12.58	12.62	12.36	12.53	1225582	27805498.000
05/03/2013	12.81	12.86	12.48	12.79	2169561	50032952.000
05/06/2013	12.79	13.53	12.78	13.42	4098900	99192312.000
05/07/2013	13.41	14.29	13.26	14.18	4863707	123768144.000
05/08/2013	14.17	14.50	14.03	14.23	2749769	71518656.000
05/09/2013	14.32	15.67	14.32	15.67	6642359	187278416.000
05/10/2013	16.11	17.25	16.11	16.54	9122736	278372416.000
05/13/2013	16.83	17.74	16.34	16.93	6143935	189872816.000
05/14/2013	16.58	16.73	15.87	16.30	3324898	97790216.000
05/15/2013	16.41	17.01	16.37	16.91	5597367	170127456.000
05/16/2013	16.58	17.64	16.03	16.52	5071858	156720720.000
05/17/2013	16.36	17.35	16.25	16.81	2363486	71873528.000
05/20/2013	16.75	17.70	16.59	17.63	2549464	79923408.000
05/21/2013	17.53	17.57	17.03	17.24	2527050	79126736.000
05/22/2013	17.08	17.08	16.03	16.28	3815608	113380488.000
05/23/2013	16.28	16.81	16.09	16.36	2928698	87014720.000
05/24/2013	16.32	16.63	16.14	16.55	1571348	46797436.000
05/27/2013	16.59	17.89	16.59	17.19	3530347	111846312.000
05/28/2013	17.08	17.33	16.48	16.81	2325112	71351536.000
05/29/2013	17.17	18.02	16.96	17.75	3802483	120699096.000
05/30/2013	17.58	18.42	17.46	18.36	3986761	131319216.000
05/31/2013	18.15	20.20	18.15	19.78	7917113	280233920.000
06/03/2013	19.58	20.25	18.92	19.29	5590641	197721744.000
06/04/2013	19.14	19.44	17.75	18.08	4074005	134550448.000
06/05/2013	18.15	18.38	17.70	18.14	1692271	55204928.000
06/06/2013	17.89	18.08	17.08	17.31	2219647	70265632.000
06/07/2013	17.55	17.63	16.61	17.44	1532499	47753772.000
06/13/2013	16.92	17.68	16.48	17.68	2194269	67999008.000
06/14/2013	17.67	18.46	17.44	18.12	2462300	80560168.000
06/17/2013	18.45	18.46	16.64	17.20	5325212	167776096.000
06/18/2013	16.97	17.07	16.33	16.57	4391865	131746480.000
06/19/2013	16.21	16.44	15.75	15.89	4847705	140266976.000
06/20/2013	15.76	16.00	15.17	15.30	4681990	132455472.000
06/21/2013	15.08	15.14	14.43	14.92	2582651	69168224.000
06/24/2013	14.91	14.91	13.42	13.53	4802546	120585632.000
06/25/2013	13.27	13.81	12.71	13.52	4618017	112112128.000
06/26/2013	13.58	14.88	13.54	14.88	7215556	188814592.000
06/27/2013	15.09	15.43	14.42	14.70	5505616	149692208.000
06/28/2013	14.72	14.91	14.23	14.64	2261228	59763092.000
07/01/2013	14.63	15.17	14.36	15.08	3214058	85937920.000
07/02/2013	14.97	15.17	14.59	14.75	5488264	147307872.000
07/03/2013	14.74	14.74	13.86	14.48	3672904	95372656.000
07/04/2013	14.43	14.92	14.03	14.81	4715498	123928224.000
07/05/2013	14.85	14.94	14.12	14.31	2796202	74277704.000
07/08/2013	13.81	14.42	13.56	13.58	2987142	74864432.000
07/09/2013	13.44	13.86	13.26	13.66	2361282	57860660.000
07/10/2013	12.29	12.29	12.29	12.29	2624000	58436480.000
07/11/2013	11.93	12.36	11.81	12.11	10337168	225576048.000
07/12/2013	12.08	12.57	12.01	12.28	6164975	137928688.000
07/15/2013	12.36	12.91	12.36	12.84	5038567	115978296.000
07/16/2013	12.86	12.88	12.42	12.79	2877630	66008164.000
07/17/2013	12.83	13.02	12.56	12.65	3122255	72154416.000
07/18/2013	12.62	12.69	12.35	12.38	4215171	95475888.000
07/19/2013	12.36	12.77	11.86	12.48	4182153	94595968.000
07/22/2013	12.42	12.97	12.31	12.96	4040378	93351424.000
07/23/2013	13.03	13.43	13.01	13.40	5789017	138983536.000
07/24/2013	13.26	14.22	13.01	14.06	4900128	120405576.000
07/25/2013	13.97	14.00	13.25	13.32	2958187	72749904.000
07/26/2013	13.25	13.57	12.98	13.48	2434515	58692172.000
07/29/2013	13.47	13.47	12.82	12.92	1724521	40806052.000
07/30/2013	13.06	13.11	12.15	12.47	2047570	46439168.000
07/31/2013	12.38	13.00	12.24	12.47	2118120	48852080.000
08/01/2013	12.53	13.73	12.53	13.48	5351515	129224656.000
08/02/2013	13.42	13.86	13.42	13.46	3448370	85067528.000
08/05/2013	13.49	13.90	13.33	13.84	2795784	69155832.000
08/06/2013	13.85	13.91	13.47	13.72	2339375	57972560.000
08/07/2013	13.68	13.76	13.31	13.42	1864012	45500420.000
08/08/2013	13.33	13.77	13.33	13.50	1899163	46737212.000
08/09/2013	13.63	13.68	12.98	13.31	2051107	49352396.000
08/12/2013	13.56	13.77	13.31	13.44	2797523	68464920.000
08/13/2013	13.47	13.99	13.26	13.93	4212127	104526736.000
08/14/2013	13.80	13.80	13.45	13.65	2420103	59812440.000
08/15/2013	13.57	13.73	13.42	13.47	1427835	35036464.000
08/16/2013	13.48	13.72	12.98	12.99	2024358	49127936.000
08/19/2013	12.86	13.07	12.63	13.03	1724863	40301972.000
08/20/2013	12.96	13.17	12.76	12.83	1288161	30188812.000
08/21/2013	12.82	13.14	12.64	12.76	3028717	70825896.000
08/22/2013	12.67	12.81	12.58	12.68	1790345	41201056.000
08/23/2013	12.69	12.94	12.62	12.94	2424092	56011640.000
08/26/2013	13.03	13.19	12.94	13.10	2279305	53976356.000
08/27/2013	13.13	13.22	12.88	13.07	1923389	45425952.000
08/28/2013	12.97	12.98	12.66	12.75	1829250	42319996.000
08/29/2013	12.73	12.86	12.67	12.78	884444	20411476.000
08/30/2013	12.63	12.83	12.17	12.25	2034942	45638364.000
09/02/2013	12.18	12.33	11.92	11.94	3288762	71579008.000
09/03/2013	11.94	12.02	11.56	11.86	7180388	152552400.000
09/04/2013	11.80	11.88	11.56	11.83	3210905	68283088.000
09/05/2013	11.79	12.07	11.67	12.04	2708673	58816716.000
09/06/2013	12.06	12.07	11.78	11.92	2400782	51818680.000
09/09/2013	11.95	12.12	11.75	11.99	4501692	97298952.000
09/10/2013	12.03	12.41	12.03	12.39	4549515	101072784.000
09/11/2013	12.36	12.36	11.95	12.09	3222773	70681640.000
09/12/2013	12.09	12.31	11.92	12.11	1877627	41364760.000
09/13/2013	12.39	12.56	12.11	12.26	3062228	68197152.000
09/16/2013	12.38	12.38	12.02	12.06	1957326	43030996.000
09/17/2013	12.08	12.13	11.73	11.91	1793253	38615376.000
09/18/2013	11.91	12.06	11.75	12.03	1507282	32485252.000
09/23/2013	12.14	12.25	12.04	12.19	1495146	32956286.000
09/24/2013	12.19	12.50	12.12	12.16	2384154	53076556.000
09/25/2013	12.14	12.14	11.81	11.81	2515271	54270980.000
09/26/2013	11.83	11.83	11.63	11.66	1530441	32439934.000
09/27/2013	11.65	11.77	11.59	11.69	964026	20467366.000
09/30/2013	11.70	12.13	11.70	12.01	1781966	38506624.000
10/08/2013	12.28	12.97	12.28	12.61	5313558	121864056.000
10/09/2013	12.63	12.95	12.41	12.81	3236105	74804272.000
10/10/2013	12.86	12.87	12.36	12.47	2234014	50686028.000
10/11/2013	12.53	12.86	12.47	12.60	2414311	55297044.000
10/14/2013	12.62	13.30	12.58	13.29	5049559	119282816.000
10/15/2013	13.53	13.61	12.94	13.14	3793272	91038544.000
10/16/2013	13.15	13.16	12.63	12.78	2757300	64169984.000
10/17/2013	12.84	13.72	12.83	13.23	4764252	115362256.000
10/18/2013	13.23	14.56	13.07	14.13	6133702	155192272.000
10/21/2013	14.39	15.47	14.39	14.96	7399475	200309872.000
10/22/2013	15.02	15.68	14.30	14.30	7157111	193692736.000
10/23/2013	14.03	15.39	14.01	14.73	6167967	163324960.000
10/24/2013	14.56	14.56	13.84	13.86	3328937	85089280.000
10/25/2013	13.91	14.36	13.51	13.62	3098291	78619528.000
10/28/2013	13.79	13.99	13.16	13.71	3034809	74989792.000
10/29/2013	13.71	13.79	12.58	12.98	3996346	94637864.000
10/30/2013	12.92	13.10	12.64	13.01	2209495	51615672.000
10/31/2013	12.86	12.86	11.97	12.02	4693084	104691936.000
11/01/2013	12.00	12.12	11.61	11.87	2489654	53417692.000
11/04/2013	11.98	12.52	11.98	12.27	2529934	56184772.000
11/05/2013	12.15	12.57	11.94	12.41	3598825	79728720.000
11/06/2013	12.38	12.64	12.03	12.11	3985471	89314904.000
11/07/2013	12.00	12.67	11.84	12.37	3778963	83916376.000
11/08/2013	12.35	12.68	12.26	12.59	3251736	73779216.000
11/11/2013	12.62	12.66	12.16	12.56	2113141	47743468.000
11/12/2013	12.47	12.78	12.25	12.68	1988559	45239056.000
11/13/2013	12.58	12.77	12.33	12.33	1787338	40551376.000
11/14/2013	12.33	12.47	12.03	12.32	1823363	40569084.000
11/15/2013	12.41	12.78	12.32	12.64	2664412	60946832.000
11/18/2013	12.78	12.94	12.58	12.93	2773478	64244556.000
11/19/2013	12.93	13.31	12.83	13.04	2085645	49365708.000
11/20/2013	13.04	13.17	12.81	13.03	2038634	47670884.000
11/21/2013	12.97	12.98	12.46	12.60	3543242	81222240.000
11/22/2013	12.58	12.78	12.44	12.51	1773304	40458400.000
11/25/2013	12.51	12.68	12.42	12.52	1410503	32148356.000
11/26/2013	12.51	12.61	12.31	12.38	1729129	39010280.000
11/27/2013	12.38	12.75	12.20	12.67	2139491	48420752.000
11/28/2013	12.66	12.68	12.51	12.59	2957194	67427520.000
11/29/2013	12.51	12.95	12.43	12.91	3506735	80738656.000
12/02/2013	12.39	12.39	11.61	11.61	4524053	97672048.000
12/03/2013	11.42	11.42	10.62	11.20	3165037	63582888.000
12/04/2013	11.24	11.44	10.98	11.11	2162219	44207712.000
12/05/2013	11.08	11.57	11.00	11.14	3144514	64229304.000
12/06/2013	11.22	11.36	11.14	11.25	1420794	28991292.000
12/09/2013	11.43	11.79	11.37	11.67	2794225	58612424.000
12/10/2013	11.68	11.68	11.44	11.49	1896873	39658660.000
12/11/2013	11.61	11.79	11.44	11.52	2123376	44704276.000
12/12/2013	11.50	11.71	11.44	11.55	1094782	22958836.000
12/13/2013	11.55	11.77	11.41	11.61	1231401	25934424.000
12/16/2013	11.61	11.74	11.31	11.32	1366832	28380386.000
12/17/2013	11.31	11.42	11.13	11.15	852480	17319386.000
12/18/2013	11.15	11.29	11.10	11.23	595946	12096654.000
12/19/2013	11.39	11.51	11.14	11.17	1014015	20883038.000
12/20/2013	11.17	11.31	11.03	11.11	917113	18533166.000
12/23/2013	11.06	11.23	10.81	10.97	861417	17146444.000
12/24/2013	11.12	11.47	10.98	11.33	1548662	31699558.000
12/25/2013	11.43	11.58	11.07	11.37	1818611	37607076.000
12/26/2013	11.39	11.54	11.12	11.19	1306532	26884162.000
12/27/2013	11.17	11.41	11.13	11.36	1629221	33333174.000
12/30/2013	11.39	11.57	11.37	11.43	988867	20545084.000
12/31/2013	11.38	11.41	11.14	11.28	907753	18524838.000
01/02/2014	11.27	11.56	11.21	11.52	1244281	25803794.000
01/03/2014	11.47	11.84	11.39	11.66	1968285	41672220.000
01/06/2014	11.66	11.71	11.01	11.06	2078563	42479204.000
01/07/2014	11.06	11.11	10.89	10.92	1719540	34205916.000
01/08/2014	11.04	11.42	11.04	11.38	2776751	56640852.000
01/09/2014	11.38	11.51	10.95	10.97	2170010	44482532.000
01/10/2014	10.88	10.88	10.31	10.41	2317756	44612264.000
01/13/2014	10.41	10.54	10.19	10.19	1506201	28335448.000
01/14/2014	10.19	10.47	10.17	10.46	1094336	20614510.000
01/15/2014	10.46	10.66	10.44	10.57	1124705	21550986.000
01/16/2014	10.66	10.66	10.47	10.53	894332	17131542.000
01/17/2014	10.44	11.59	10.44	11.21	3825277	77568360.000
01/20/2014	11.17	11.58	11.04	11.36	3462710	71523328.000
01/21/2014	11.34	11.72	11.19	11.64	2815771	58660860.000
01/22/2014	11.64	11.73	11.42	11.64	2576256	54128292.000
01/23/2014	11.56	11.92	11.56	11.77	2717964	58153792.000
01/24/2014	11.79	12.04	11.63	11.70	2085691	44665816.000
01/27/2014	11.69	11.85	11.42	11.48	1897940	39816132.000
01/28/2014	11.48	12.03	11.46	11.83	2072697	44255352.000
01/29/2014	11.83	11.97	11.71	11.86	1654248	35646688.000
01/30/2014	11.87	11.87	11.47	11.56	1288341	27225768.000
02/07/2014	11.50	12.04	11.36	11.95	1953869	41713416.000
02/10/2014	11.98	12.51	11.91	12.43	3066957	67893080.000
02/11/2014	12.37	12.66	11.87	12.11	5256951	116920072.000
02/12/2014	12.14	12.64	12.14	12.53	3455360	77979296.000
02/13/2014	12.67	12.90	12.01	12.03	5718979	129162400.000
02/14/2014	12.09	12.16	11.71	12.07	3922951	85102696.000
02/17/2014	12.08	12.56	11.98	12.52	5234076	116602360.000
02/18/2014	12.52	12.59	12.29	12.47	3202123	72200776.000
02/19/2014	12.39	12.77	12.36	12.60	3832165	87083256.000
02/20/2014	12.60	12.66	12.13	12.19	2634722	58875888.000
02/21/2014	12.21	12.49	12.00	12.26	2604813	57872304.000
02/24/2014	12.35	12.46	12.03	12.46	2711029	60416748.000
02/25/2014	12.45	12.73	11.41	11.44	5209406	114223528.000
02/26/2014	11.27	11.44	10.96	11.17	3383980	68393568.000
02/27/2014	11.19	11.41	10.71	10.81	3083101	62138992.000
02/28/2014	10.81	11.02	10.75	11.00	1682366	33231918.000
03/03/2014	11.09	11.69	11.09	11.64	2831331	58567824.000
03/04/2014	11.54	11.64	11.36	11.51	1856335	38603684.000
03/05/2014	11.58	11.64	11.42	11.50	1135267	23724740.000
03/06/2014	11.44	11.57	11.13	11.36	1149472	23620342.000
03/07/2014	11.33	11.48	11.14	11.27	1521561	31110046.000
03/10/2014	11.19	11.65	10.97	11.03	2663953	54876192.000
03/11/2014	10.92	11.12	10.76	10.88	1704479	33731264.000
03/12/2014	10.83	11.06	10.73	10.89	1279177	25211052.000
03/13/2014	10.89	11.11	10.84	11.09	1028938	20556288.000
03/14/2014	11.09	11.13	10.76	10.89	1320221	26230166.000
03/17/2014	10.89	11.13	10.83	11.13	1412203	28146536.000
03/18/2014	11.09	11.36	11.06	11.22	1799857	36585140.000
03/19/2014	11.17	11.22	10.97	11.11	1238917	24892594.000
03/20/2014	11.07	11.13	10.74	10.74	1172543	23288516.000
03/21/2014	10.63	10.97	10.48	10.94	2149867	41656272.000
03/24/2014	10.92	10.95	10.78	10.81	1525593	29951744.000
03/25/2014	10.84	10.90	10.77	10.86	980362	19240616.000
03/26/2014	11.56	11.96	11.56	11.96	5677121	122689064.000
03/27/2014	12.12	12.26	11.86	12.08	9557727	209336512.000
03/28/2014	11.97	12.06	11.46	11.47	5108583	107941184.000
03/31/2014	11.46	11.53	11.19	11.26	2434546	50101836.000
04/01/2014	11.28	11.53	11.21	11.49	2349339	48611188.000
04/02/2014	11.42	11.59	11.09	11.28	2267174	46463604.000
04/03/2014	11.29	11.45	11.14	11.35	1822735	37401284.000
04/04/2014	11.50	11.50	11.28	11.42	2044762	42258040.000
04/08/2014	11.31	11.57	11.19	11.57	2612193	53832416.000
04/09/2014	11.57	11.80	11.52	11.59	2931832	61813416.000
04/10/2014	11.58	11.78	11.54	11.58	2710997	57311016.000
04/11/2014	11.48	11.50	11.13	11.18	3172070	64492544.000
04/14/2014	11.19	11.30	11.19	11.29	1379201	28139996.000
04/15/2014	11.29	11.34	11.15	11.19	1159589	23629052.000
04/16/2014	11.19	11.28	10.96	11.09	1821490	36528656.000
04/17/2014	11.09	11.18	11.03	11.11	1108747	22361314.000
04/18/2014	11.09	11.47	11.06	11.42	2234040	45760364.000
04/21/2014	11.31	11.62	11.24	11.43	2421387	50336956.000
04/22/2014	11.40	11.53	11.12	11.21	1766014	36146344.000
04/23/2014	11.21	11.63	11.17	11.62	2592610	53781408.000
04/24/2014	11.50	11.57	11.30	11.30	2244143	46460740.000
04/25/2014	11.36	11.41	10.84	10.84	2481768	49790072.000
04/28/2014	10.76	10.76	10.29	10.36	1551654	29419640.000
04/29/2014	10.36	10.51	10.32	10.51	955374	18062688.000
04/30/2014	10.51	10.58	10.41	10.49	906498	17261912.000
05/05/2014	10.47	10.63	10.38	10.60	813207	15537170.000
05/06/2014	10.59	10.73	10.55	10.67	1038212	20063758.000
05/07/2014	10.64	10.64	10.36	10.37	1071525	20331864.000
05/08/2014	10.31	10.57	10.31	10.38	779225	14747000.000
05/09/2014	10.44	10.44	10.25	10.28	855807	16036292.000
05/12/2014	10.42	10.67	10.34	10.59	1088373	20736376.000
05/13/2014	10.55	10.75	10.53	10.58	899331	17334162.000
05/14/2014	10.58	10.62	10.53	10.56	733150	14070722.000
05/15/2014	10.54	10.60	10.25	10.27	1077336	20328404.000
05/16/2014	10.24	10.33	9.86	10.09	1579007	28928416.000
05/19/2014	10.06	10.14	9.92	10.03	890059	16185644.000
05/20/2014	10.18	10.25	10.02	10.07	1035464	19056088.000
05/21/2014	10.04	10.17	9.92	10.14	944817	17209294.000
05/22/2014	10.18	10.33	10.11	10.17	1189656	22047968.000
05/23/2014	10.14	10.39	10.10	10.38	1271548	23602210.000
05/26/2014	10.33	10.48	10.31	10.48	1317683	24913056.000
05/27/2014	10.50	10.50	10.37	10.40	999800	18889414.000
05/28/2014	10.44	10.56	10.39	10.53	1188623	22608664.000
05/29/2014	10.52	10.52	10.27	10.27	1150496	21678900.000
05/30/2014	10.26	10.36	10.17	10.23	853280	15912715.000
06/03/2014	10.22	10.34	10.21	10.21	675941	12611713.000
06/04/2014	10.25	10.62	10.24	10.59	3104537	59202472.000
06/05/2014	10.54	10.69	10.48	10.65	2276870	43774196.000
06/06/2014	10.68	10.78	10.51	10.56	1485831	28685472.000
06/09/2014	10.52	10.62	10.39	10.41	917554	17440760.000
06/10/2014	10.46	10.73	10.29	10.64	1913871	36660756.000
06/11/2014	10.64	10.89	10.59	10.67	2145350	41918900.000
06/12/2014	10.67	10.71	10.57	10.66	972962	18784804.000
06/13/2014	10.66	10.91	10.60	10.84	1593475	31245114.000
06/16/2014	11.02	11.12	10.84	10.93	2032803	40514848.000
06/17/2014	10.86	10.87	10.64	10.72	1689108	32934250.000
06/18/2014	10.73	10.81	10.52	10.73	2094201	40466484.000
06/19/2014	10.75	10.77	10.42	10.47	2715573	52137936.000
06/20/2014	10.46	10.60	10.26	10.45	2095088	21780492.000
06/23/2014	10.38	10.62	10.38	10.47	2000271	21033608.000
06/24/2014	10.47	10.68	10.46	10.57	2534604	26834480.000
06/25/2014	10.57	10.61	10.40	10.60	2471774	25884984.000
06/26/2014	10.60	10.85	10.55	10.76	4884534	52244376.000
06/27/2014	10.75	10.80	10.62	10.70	3326044	35581856.000
06/30/2014	10.65	10.80	10.61	10.80	4341148	46443088.000
07/01/2014	10.80	10.82	10.67	10.78	2565342	27558020.000
07/02/2014	10.75	10.82	10.50	10.68	5288091	56420624.000
07/03/2014	10.65	10.88	10.58	10.88	5267885	56573024.000
07/04/2014	10.86	10.88	10.72	10.78	3944255	42545592.000
07/07/2014	10.73	10.83	10.64	10.82	2792655	30008562.000
07/08/2014	10.73	11.17	10.68	11.10	6229966	68147376.000
07/09/2014	11.03	11.39	10.96	10.97	8097480	90353640.000
07/10/2014	10.93	11.11	10.91	10.98	3399901	37395064.000
07/11/2014	10.96	10.98	10.80	10.86	4092514	44493996.000
07/14/2014	10.95	11.24	10.80	11.22	5047298	55743912.000
07/15/2014	11.57	11.73	11.26	11.51	10318085	118122360.000
07/16/2014	11.47	12.66	11.32	12.34	18129980	220534464.000
07/17/2014	12.13	12.26	11.78	12.10	9228750	110944064.000
07/18/2014	11.99	12.34	11.76	11.89	7078012	84861200.000
07/21/2014	11.81	11.97	11.53	11.82	4870951	57187100.000
07/22/2014	11.68	11.99	11.68	11.87	3906588	46305156.000
07/23/2014	11.95	11.95	11.46	11.48	4567060	53156164.000
07/24/2014	11.42	11.60	11.25	11.35	4052683	46049984.000
07/25/2014	11.44	11.73	11.35	11.57	3882713	44919156.000
07/28/2014	11.66	11.75	11.48	11.70	4933059	57374488.000
07/29/2014	11.70	11.89	11.66	11.76	4067180	47982520.000
07/30/2014	11.75	12.16	11.71	12.05	5559435	66593528.000
07/31/2014	12.21	12.31	11.99	12.06	6056574	73376416.000
08/01/2014	12.16	12.25	11.81	11.81	4791839	57686696.000
08/04/2014	11.78	12.03	11.68	12.00	4566276	54132292.000
08/05/2014	11.93	12.19	11.69	12.01	8378565	99778416.000
08/06/2014	11.81	11.89	11.70	11.86	7671933	90720608.000
08/07/2014	11.84	11.84	11.31	11.38	11894792	137497872.000
08/08/2014	11.40	11.55	11.38	11.52	5228769	59948584.000
08/11/2014	11.50	11.67	11.48	11.62	7978439	92467408.000
08/12/2014	11.55	11.60	11.44	11.49	7998711	91912128.000
08/13/2014	11.49	11.57	11.38	11.47	6899054	79066056.000
08/14/2014	11.45	11.72	11.44	11.51	6981646	81010000.000
08/15/2014	11.52	11.71	11.51	11.68	5582953	65039416.000
08/18/2014	11.68	11.95	11.68	11.92	8593553	101865664.000
08/19/2014	11.87	12.16	11.83	12.02	13281318	159747632.000
08/20/2014	11.99	12.09	11.81	11.89	10367813	123563864.000
08/21/2014	11.87	12.05	11.76	12.04	8023533	95592256.000
08/22/2014	12.06	12.25	12.01	12.15	9636332	117018512.000
08/25/2014	12.15	12.20	11.82	11.83	9436180	112573448.000
08/26/2014	11.76	11.81	11.42	11.49	7986647	92619560.000
08/27/2014	11.49	11.65	11.47	11.55	5168245	59756876.000
08/28/2014	11.52	11.63	11.36	11.46	4512488	51684448.000
08/29/2014	11.46	11.70	11.40	11.70	3969510	46070880.000
09/01/2014	11.66	11.90	11.61	11.87	7265371	85737576.000
09/02/2014	11.88	11.99	11.81	11.99	10120827	120322872.000
09/03/2014	11.93	12.06	11.86	11.97	11347529	135651200.000
09/04/2014	11.94	12.78	11.94	12.52	22857022	283746976.000
09/05/2014	12.45	12.88	12.34	12.76	19194442	242365968.000
09/09/2014	12.75	13.40	12.68	13.22	22323517	292529632.000
09/10/2014	13.05	13.93	13.05	13.81	22171974	300343104.000
09/11/2014	13.80	13.86	13.31	13.42	23160953	314324640.000
09/12/2014	13.42	13.65	13.35	13.56	11326546	152968256.000
09/15/2014	13.42	13.47	13.12	13.26	17534647	232219888.000
09/16/2014	13.25	13.28	12.74	12.79	16399011	214372176.000
09/17/2014	12.72	13.09	12.72	12.97	11162232	144294240.000
09/18/2014	12.98	13.30	12.92	13.11	8855610	116405112.000
09/19/2014	13.28	13.41	13.07	13.18	8326142	110215872.000
09/22/2014	13.10	13.16	12.85	12.92	7112669	92327816.000
09/23/2014	12.97	13.45	12.90	13.44	11722648	155624128.000
09/24/2014	13.40	13.68	13.30	13.54	9181409	123984176.000
09/25/2014	13.54	13.59	13.20	13.27	9969743	133165552.000
09/26/2014	13.27	13.32	13.06	13.29	5140026	67983184.000
09/29/2014	13.35	13.51	13.25	13.47	8258961	110392952.000
09/30/2014	13.48	13.53	13.33	13.40	6068447	81266384.000
10/08/2014	13.39	13.92	13.37	13.88	11640648	158992672.000
10/09/2014	13.89	14.66	13.89	14.38	17265778	247544336.000
10/10/2014	14.35	14.92	14.16	14.78	17607434	258590880.000
10/13/2014	14.78	14.78	14.35	14.68	10101900	146806880.000
10/14/2014	14.60	14.85	14.14	14.30	10614723	153074800.000
10/15/2014	14.20	14.43	13.96	14.43	8931509	126467736.000
10/16/2014	14.25	14.85	14.13	14.56	11671449	170035248.000
10/17/2014	14.42	14.68	13.68	14.10	10071878	143066752.000
10/20/2014	14.06	14.58	14.06	14.53	7116723	102479288.000
10/21/2014	14.60	14.61	14.17	14.18	5426961	77780720.000
10/22/2014	14.23	14.30	13.74	13.80	5731019	80455456.000
10/23/2014	13.74	13.90	13.40	13.45	6631900	90321744.000
10/24/2014	13.40	13.57	13.18	13.20	5335181	71411376.000
10/27/2014	13.28	13.61	13.27	13.53	4518646	60970212.000
10/28/2014	13.51	13.91	13.51	13.86	5000434	68839400.000
10/29/2014	13.90	14.06	13.70	13.97	8079645	112089528.000
10/30/2014	13.97	14.09	13.73	13.77	5734123	79611600.000
10/31/2014	13.85	13.85	13.25	13.54	9466913	127552312.000
数据来源:通达信
