300255 常山药业 日线
      日期	    开盘	    最高	    最低	    收盘	    成交量	    成交额
08/19/2011	16.48	19.31	16.45	18.05	17123249	532497024.000
08/22/2011	18.43	18.99	18.14	18.58	9170301	293079232.000
08/23/2011	18.42	19.96	17.75	19.36	10563678	338530720.000
08/24/2011	19.55	20.94	19.37	19.72	9703238	334817984.000
08/25/2011	19.55	20.36	18.96	19.92	7007111	236484384.000
08/26/2011	19.65	20.34	19.56	20.01	6281873	215663664.000
08/29/2011	20.01	20.22	19.55	19.74	4299632	146806160.000
08/30/2011	19.77	19.92	18.79	19.12	5294090	175393360.000
08/31/2011	19.14	19.15	18.26	18.58	3343568	107016800.000
09/01/2011	18.59	18.95	18.28	18.43	2603641	83455016.000
09/02/2011	18.49	19.64	18.36	19.54	5188937	169767824.000
09/05/2011	19.16	20.44	19.09	19.27	7014162	237582192.000
09/06/2011	18.89	18.90	17.32	17.32	5893684	180684368.000
09/07/2011	17.30	17.96	17.21	17.85	3737780	113024560.000
09/08/2011	17.85	17.96	17.31	17.31	3081945	93124456.000
09/09/2011	17.10	17.52	16.95	17.06	2088824	61950904.000
09/13/2011	16.82	16.82	15.96	16.18	1867185	52341468.000
09/14/2011	16.34	16.58	15.96	16.56	1828082	51334480.000
09/15/2011	16.61	16.95	16.49	16.66	2156980	62109004.000
09/16/2011	16.66	16.75	16.14	16.14	1925784	54468968.000
09/19/2011	15.98	16.02	15.32	15.36	1812884	48445340.000
09/20/2011	15.31	15.65	15.28	15.46	1168482	31146520.000
09/21/2011	15.38	16.18	15.38	16.07	2321581	63539908.000
09/22/2011	15.84	16.04	15.08	15.14	2171894	58433804.000
09/23/2011	14.78	15.32	14.61	15.30	1760528	45486152.000
09/26/2011	15.22	15.55	14.95	15.08	1090065	28633266.000
09/27/2011	15.25	15.37	15.03	15.19	721654	18917468.000
09/28/2011	15.31	15.39	14.79	14.96	783422	20458284.000
09/29/2011	14.89	14.89	14.33	14.33	1119509	28202524.000
09/30/2011	14.25	14.55	14.04	14.22	776648	19088604.000
10/10/2011	14.34	14.48	14.05	14.11	624335	15266092.000
10/11/2011	14.50	14.64	13.95	14.16	1159537	28723598.000
10/12/2011	14.02	14.74	13.91	14.68	1482985	37105532.000
10/13/2011	14.68	15.15	14.58	14.91	1573450	40488928.000
10/14/2011	14.78	14.92	14.51	14.65	1361934	34398312.000
10/17/2011	14.67	15.42	14.66	15.28	2254417	58868392.000
10/18/2011	15.08	15.78	15.08	15.24	3457221	91932896.000
10/19/2011	15.24	15.36	14.78	14.88	1614675	41977320.000
10/20/2011	14.72	15.01	14.08	14.35	1222449	30285264.000
10/21/2011	14.33	14.39	13.93	13.94	964490	23475598.000
10/24/2011	13.61	13.61	12.52	13.18	2606549	58114060.000
10/25/2011	12.89	13.78	12.79	13.73	1972258	45372228.000
10/26/2011	13.54	13.90	13.42	13.59	1624977	38301548.000
10/27/2011	13.61	14.00	13.55	13.56	1510036	35934360.000
10/28/2011	13.81	13.90	13.61	13.90	1487713	35377892.000
10/31/2011	13.93	14.22	13.93	14.13	1292093	31370492.000
11/01/2011	13.95	14.58	13.93	14.44	1979494	48507096.000
11/02/2011	13.95	14.91	13.95	14.76	2112991	52572912.000
11/03/2011	14.76	15.19	14.66	14.66	2218299	57103168.000
11/04/2011	14.73	14.92	14.53	14.69	1323916	33591724.000
11/07/2011	14.64	15.01	14.64	14.74	999100	25526178.000
11/08/2011	14.75	14.82	14.08	14.16	1272097	31780086.000
11/09/2011	14.25	14.36	13.83	14.28	1431265	34828132.000
11/10/2011	14.08	15.08	13.99	14.72	2766075	69564400.000
11/11/2011	14.69	15.73	14.61	15.45	4171177	109812168.000
11/14/2011	15.75	16.24	15.45	16.14	3630581	99798984.000
11/15/2011	16.08	16.19	15.84	15.99	2050604	56547276.000
11/16/2011	16.14	16.22	15.06	15.24	1935745	52444792.000
11/17/2011	15.28	16.12	15.27	15.81	2422920	65812148.000
11/18/2011	15.78	16.36	15.66	15.71	2815271	77558560.000
11/21/2011	15.77	15.77	14.45	14.86	2859768	73211528.000
11/22/2011	14.66	14.69	14.15	14.50	1531711	38149892.000
11/23/2011	14.77	14.78	14.40	14.46	1478316	37288276.000
11/24/2011	14.19	14.61	13.91	14.38	1288343	31862194.000
11/25/2011	14.34	14.66	14.21	14.41	1034646	25851036.000
11/28/2011	14.48	14.48	14.02	14.15	1094140	26746076.000
11/29/2011	14.37	14.54	14.21	14.51	1371583	34064864.000
11/30/2011	14.49	14.77	13.80	14.04	1920705	47608328.000
12/01/2011	14.49	15.21	14.31	14.85	3485250	88687640.000
12/02/2011	14.69	14.78	14.26	14.43	1571128	39361112.000
12/05/2011	14.26	14.31	13.01	13.11	1847753	42989336.000
12/06/2011	13.25	13.31	12.61	13.22	1940192	43354664.000
12/07/2011	13.02	13.25	12.90	13.02	1667589	37703572.000
12/08/2011	12.98	13.28	12.66	13.10	1487445	33396564.000
12/09/2011	12.90	13.12	12.85	12.94	727222	16335947.000
12/12/2011	12.98	13.49	12.90	13.08	1056892	24012582.000
12/13/2011	13.02	13.41	13.01	13.31	1962488	44867152.000
12/14/2011	13.29	13.31	12.67	12.70	1549303	34644216.000
12/15/2011	12.61	12.61	11.95	11.98	1601578	33727040.000
12/16/2011	12.13	12.43	11.79	12.41	1035975	21749274.000
12/19/2011	12.25	12.48	11.87	12.41	1173297	24762222.000
12/20/2011	12.36	12.64	12.23	12.23	980239	21032126.000
12/21/2011	12.38	12.42	11.95	11.96	826157	17495850.000
12/22/2011	11.96	11.96	11.26	11.60	1146333	22962658.000
12/23/2011	11.49	11.84	11.46	11.64	758440	15318642.000
12/26/2011	11.58	11.72	11.39	11.39	611251	12246010.000
12/27/2011	11.31	11.38	10.44	10.45	1206083	22676052.000
12/28/2011	10.41	10.45	10.02	10.29	1038185	18395322.000
12/29/2011	10.35	10.43	10.16	10.26	577711	10345448.000
12/30/2011	10.36	10.65	10.36	10.43	727271	13228841.000
01/04/2012	10.53	10.60	9.89	9.89	728868	13089227.000
01/05/2012	9.64	9.93	9.31	9.32	754981	12575140.000
01/06/2012	9.25	9.58	9.16	9.54	790644	12829599.000
01/09/2012	9.48	10.06	9.34	10.02	1124627	19126906.000
01/10/2012	10.02	10.49	9.96	10.44	1707032	30359278.000
01/11/2012	10.43	10.65	10.35	10.44	1229118	22354174.000
01/12/2012	10.39	10.60	10.25	10.28	1039275	18807876.000
01/13/2012	10.28	10.35	9.58	9.59	1177210	20081776.000
01/16/2012	9.48	9.48	8.93	9.02	780999	12553481.000
01/17/2012	9.02	9.66	8.96	9.65	1279030	20762152.000
01/18/2012	9.84	9.84	9.11	9.19	1160737	19195938.000
01/19/2012	9.19	9.78	9.04	9.69	1029398	17034330.000
01/20/2012	9.76	10.05	9.61	10.01	995204	17051246.000
01/30/2012	10.06	10.22	9.79	10.14	1008834	17568868.000
01/31/2012	10.09	10.11	9.75	9.95	564677	9694017.000
02/01/2012	9.91	10.10	9.81	9.85	653830	11314310.000
02/02/2012	9.90	10.14	9.81	10.14	937206	16239031.000
02/03/2012	10.17	10.59	10.08	10.45	1381887	24878568.000
02/06/2012	10.45	10.52	10.28	10.51	1029749	18632470.000
02/07/2012	10.37	10.51	10.15	10.18	709084	12681848.000
02/08/2012	10.18	10.54	10.14	10.54	881762	15891304.000
02/09/2012	10.54	10.75	10.46	10.56	1837731	33799964.000
02/10/2012	10.62	10.62	10.41	10.48	1114278	20338946.000
02/13/2012	10.42	10.84	10.32	10.76	1679456	31047692.000
02/14/2012	10.76	10.77	10.61	10.75	885734	16413183.000
02/15/2012	10.80	10.94	10.64	10.90	1221661	22876794.000
02/16/2012	10.86	11.02	10.60	10.76	1106397	20700796.000
02/17/2012	10.79	10.81	10.44	10.58	1036099	19052140.000
02/20/2012	10.72	10.72	10.48	10.48	1445778	26603010.000
02/21/2012	10.49	10.74	10.43	10.74	1071154	19669336.000
02/22/2012	10.72	11.24	10.68	11.19	2235839	42647784.000
02/23/2012	11.17	11.48	11.15	11.33	2162734	42442464.000
02/24/2012	11.40	11.70	11.38	11.60	1998385	39902052.000
02/27/2012	11.77	11.83	11.42	11.47	1854000	37151368.000
02/28/2012	11.42	11.42	11.14	11.26	1712214	33371908.000
02/29/2012	11.22	11.41	11.11	11.15	1183762	23111682.000
03/01/2012	11.10	11.30	11.10	11.20	762491	14795761.000
03/02/2012	11.21	11.40	11.20	11.40	1106592	21723556.000
03/05/2012	11.49	11.65	11.35	11.48	1496288	29773332.000
03/06/2012	11.40	11.44	11.12	11.20	1130926	21991198.000
03/07/2012	11.03	11.36	10.99	11.12	900610	17490690.000
03/08/2012	11.25	11.36	11.15	11.31	937971	18293346.000
03/09/2012	11.35	11.71	11.33	11.71	1542133	30930318.000
03/13/2012	11.90	12.41	11.78	12.02	2876888	60270272.000
03/14/2012	12.19	12.31	11.26	11.31	2480893	51192440.000
03/15/2012	11.38	11.88	11.09	11.79	2555441	51137340.000
03/16/2012	11.78	12.58	11.73	12.56	3051907	64256228.000
03/19/2012	12.62	12.62	12.30	12.59	2078144	44889452.000
03/20/2012	12.49	12.96	12.44	12.56	2269062	49766560.000
03/21/2012	12.69	12.69	11.86	12.30	1805229	38219704.000
03/22/2012	12.28	12.43	12.08	12.18	957341	20301518.000
03/23/2012	12.02	12.40	11.96	12.08	1001722	21121024.000
03/26/2012	12.11	12.82	12.11	12.20	2114597	45442400.000
03/27/2012	12.42	12.42	11.46	11.51	2794333	57651864.000
03/28/2012	11.43	11.43	10.72	10.79	1536329	29342010.000
03/29/2012	10.68	10.94	10.52	10.62	961579	17896630.000
03/30/2012	10.74	10.78	10.36	10.44	844369	15434985.000
04/05/2012	10.60	10.86	10.46	10.82	629847	11695415.000
04/06/2012	10.82	11.02	10.66	10.83	801593	15074275.000
04/09/2012	10.83	10.92	10.65	10.65	551276	10309437.000
04/10/2012	10.55	10.70	10.14	10.67	1012858	18313548.000
04/11/2012	10.51	10.69	10.38	10.53	1058111	19320936.000
04/12/2012	10.58	10.95	10.51	10.92	1007109	18777750.000
04/13/2012	10.98	11.08	10.85	10.94	994813	18916588.000
04/16/2012	10.84	10.94	10.69	10.84	729741	13665683.000
04/17/2012	10.82	10.95	10.69	10.81	701091	13174096.000
04/18/2012	10.88	11.13	10.81	11.13	943141	17990876.000
04/19/2012	11.11	11.39	11.02	11.19	1105038	21464380.000
04/20/2012	11.19	11.45	11.16	11.31	821680	16110139.000
04/23/2012	11.26	11.26	10.54	10.64	2137275	40102220.000
04/24/2012	10.66	10.77	10.14	10.45	1017107	18451698.000
04/25/2012	10.52	10.60	10.33	10.54	613096	11202222.000
04/26/2012	10.55	10.62	10.31	10.42	609301	11046306.000
04/27/2012	10.60	10.65	10.38	10.56	473773	8695866.000
05/02/2012	10.72	10.84	10.60	10.76	576555	10729751.000
05/03/2012	10.75	10.93	10.75	10.88	548691	10305198.000
05/04/2012	10.92	11.09	10.85	11.07	648011	12334855.000
05/07/2012	10.95	11.47	10.90	11.44	1005944	19680620.000
05/08/2012	11.45	11.51	11.21	11.30	968274	18986040.000
05/09/2012	11.20	11.20	10.92	10.92	1215442	23233676.000
05/10/2012	10.88	11.31	10.88	11.08	1120552	21578552.000
05/11/2012	11.09	11.24	10.96	11.08	918433	17690186.000
05/14/2012	11.16	11.42	11.05	11.19	1078961	21056202.000
05/15/2012	11.14	11.14	10.87	11.04	793161	15109504.000
05/16/2012	11.02	11.09	10.91	10.94	518472	9878346.000
05/17/2012	10.96	11.08	10.87	11.03	614529	11713820.000
05/18/2012	10.96	11.00	10.63	10.64	801333	15001520.000
05/21/2012	10.72	10.75	10.54	10.66	338867	6257194.000
05/22/2012	10.72	10.84	10.66	10.83	423545	7917478.000
05/23/2012	10.83	10.83	10.55	10.68	515126	9538318.000
05/24/2012	10.68	10.71	10.55	10.59	573297	10536137.000
05/25/2012	10.64	10.66	10.40	10.43	535796	9742893.000
05/28/2012	10.34	10.45	10.16	10.38	596896	10660975.000
05/29/2012	10.40	10.66	10.35	10.64	580577	10593782.000
05/30/2012	10.55	10.76	10.55	10.64	452858	8394575.000
05/31/2012	10.64	10.85	10.56	10.75	536778	10005981.000
06/01/2012	10.82	10.82	10.59	10.65	360657	6682598.000
06/04/2012	10.49	10.61	10.32	10.34	496309	8994092.000
06/05/2012	10.32	10.45	10.32	10.36	354097	6386386.000
06/06/2012	10.52	10.60	10.35	10.38	222966	4037326.500
06/07/2012	10.46	10.54	10.31	10.32	342705	6203104.000
06/08/2012	10.43	10.48	10.32	10.38	310044	5605754.500
06/11/2012	10.31	10.65	10.31	10.64	381164	6969791.500
06/12/2012	10.61	10.74	10.51	10.69	541590	10023824.000
06/13/2012	10.69	10.95	10.68	10.88	751283	14156014.000
06/14/2012	10.90	10.90	10.72	10.75	632167	11866985.000
06/15/2012	10.76	11.19	10.76	11.09	1912818	36703756.000
06/18/2012	11.12	12.22	11.12	12.22	6914579	143224000.000
06/19/2012	12.09	13.46	11.96	13.03	9126976	201994816.000
06/20/2012	13.08	13.18	12.49	12.59	4884779	106943664.000
06/21/2012	12.61	12.94	12.52	12.89	3984545	87794176.000
06/25/2012	12.96	12.96	12.20	12.34	3361479	72537048.000
06/26/2012	12.15	12.41	11.89	12.25	2117533	44371108.000
06/27/2012	12.19	13.05	11.96	12.64	3779324	82287456.000
06/28/2012	12.55	12.84	12.39	12.39	2199642	47983780.000
06/29/2012	12.26	12.88	12.14	12.81	2270773	49519592.000
07/02/2012	13.02	14.12	13.01	14.12	5804473	138868064.000
07/03/2012	14.48	14.64	13.71	13.89	5276332	127639584.000
07/04/2012	13.66	13.84	13.46	13.46	2488522	58460300.000
07/05/2012	13.49	13.74	13.22	13.32	2366243	55237508.000
07/06/2012	13.37	13.99	13.00	13.92	3869588	90648960.000
07/09/2012	13.93	13.93	12.51	12.51	4129660	94153056.000
07/10/2012	11.81	12.23	11.25	11.25	5101549	60087304.000
07/11/2012	11.09	11.15	10.63	10.90	5125175	56148656.000
07/12/2012	11.03	11.89	10.93	11.28	6503720	74915384.000
07/13/2012	11.00	11.79	11.00	11.60	5776490	67026820.000
07/16/2012	11.61	12.08	11.35	11.56	6825340	81120944.000
07/17/2012	11.20	11.35	10.39	10.81	6227086	67104724.000
07/18/2012	10.65	10.86	10.48	10.83	3979244	42848188.000
07/19/2012	10.78	11.06	10.65	10.90	4112349	45073516.000
07/20/2012	10.87	10.98	10.51	10.57	3079552	33453940.000
07/23/2012	10.50	10.50	10.03	10.29	2428419	25080558.000
07/24/2012	10.19	10.68	10.19	10.55	2386076	25296740.000
07/25/2012	10.44	10.78	10.40	10.54	2220280	23694894.000
07/26/2012	10.50	10.65	10.28	10.34	1484051	15685714.000
07/27/2012	10.44	10.78	10.37	10.42	2076982	22149958.000
07/30/2012	10.44	10.50	9.86	10.04	2157423	21985502.000
07/31/2012	9.93	10.06	9.64	9.75	1930573	19131100.000
08/01/2012	9.89	10.07	9.76	9.94	1279359	12890588.000
08/02/2012	9.99	10.33	9.91	10.10	2057859	21104862.000
08/03/2012	10.09	10.30	10.05	10.26	1474618	15183280.000
08/06/2012	10.13	10.46	10.10	10.45	1927404	20069222.000
08/07/2012	10.49	10.73	10.37	10.45	1662784	17622452.000
08/08/2012	10.42	10.51	10.20	10.28	1898224	19813768.000
08/09/2012	10.28	10.94	10.22	10.93	3320606	35563880.000
08/10/2012	10.81	10.97	10.65	10.79	2103652	22907414.000
08/13/2012	10.78	10.83	10.45	10.48	1650303	17759994.000
08/14/2012	10.50	10.58	10.12	10.50	1597025	16666617.000
08/15/2012	10.40	10.48	10.25	10.30	998531	10402868.000
08/16/2012	10.25	10.26	9.97	9.98	1353501	13763720.000
08/17/2012	9.98	10.09	9.92	10.08	847261	8558412.000
08/20/2012	10.05	10.27	9.80	10.26	978173	9942790.000
08/21/2012	10.29	10.66	10.18	10.56	2066564	21823262.000
08/22/2012	10.56	10.70	10.32	10.40	1580329	16763353.000
08/23/2012	10.36	10.64	10.30	10.64	2642724	27958134.000
08/24/2012	10.58	11.71	10.55	11.71	8358660	94969136.000
08/27/2012	11.90	12.02	11.35	11.45	6840211	80423392.000
08/28/2012	11.33	12.43	11.33	11.79	7118949	85730064.000
08/29/2012	11.45	12.60	11.45	12.38	8229638	101320048.000
08/30/2012	12.20	12.52	11.65	12.04	5785934	70526888.000
08/31/2012	11.99	12.33	11.78	11.89	3470069	42270208.000
09/03/2012	11.89	12.27	11.57	12.06	2869210	34514760.000
09/04/2012	12.01	12.37	11.77	11.79	3173318	38658576.000
09/05/2012	11.79	12.25	11.41	12.20	2914559	34938208.000
09/06/2012	12.10	12.35	11.94	12.22	2318558	28362788.000
09/07/2012	12.25	12.87	12.12	12.43	4057783	51079064.000
09/10/2012	12.41	12.41	12.15	12.36	2377100	29427346.000
09/11/2012	12.42	12.42	12.02	12.14	1743338	21351656.000
09/12/2012	12.18	12.84	12.17	12.65	4053520	51296296.000
09/13/2012	12.60	13.85	12.60	13.25	6790971	90618784.000
09/14/2012	13.35	13.78	13.03	13.30	3542989	47849640.000
09/17/2012	13.30	13.30	11.96	12.70	4893756	61625796.000
09/18/2012	12.70	12.70	12.16	12.48	2776310	34458720.000
09/19/2012	12.39	12.47	12.24	12.40	695197	8656179.000
09/20/2012	12.41	12.41	11.55	11.56	1644034	19724904.000
09/21/2012	11.56	11.79	11.34	11.41	1440038	16825020.000
09/24/2012	11.18	11.38	10.96	11.23	949113	10704439.000
09/25/2012	11.20	11.33	10.90	10.92	669287	7491128.000
09/26/2012	10.88	11.05	10.71	10.85	1010071	11102268.000
09/27/2012	10.79	11.30	10.79	11.20	1515850	16891256.000
09/28/2012	11.05	11.50	11.05	11.46	869318	9948855.000
10/08/2012	11.45	11.61	11.37	11.51	599996	6927197.500
10/09/2012	11.56	11.86	11.54	11.70	1095158	12962427.000
10/10/2012	11.65	12.78	11.61	12.54	2755932	34117624.000
10/11/2012	12.42	12.50	12.13	12.22	1504372	18621312.000
10/12/2012	12.03	12.46	11.71	11.80	1534848	18584578.000
10/15/2012	11.93	12.09	11.65	12.03	981226	11740424.000
10/16/2012	12.09	12.30	11.83	12.09	1178556	14395369.000
10/17/2012	12.11	12.18	11.70	11.74	1756637	20952840.000
10/18/2012	11.78	11.99	11.74	11.90	1336261	16007829.000
10/19/2012	11.90	11.91	11.65	11.72	1006375	11931949.000
10/22/2012	11.53	11.92	11.53	11.88	854434	10119080.000
10/23/2012	11.82	11.94	11.66	11.69	554676	6579269.000
10/24/2012	11.51	11.72	11.43	11.48	576745	6733773.000
10/25/2012	11.59	11.82	11.08	11.12	1750551	20222246.000
10/26/2012	11.14	11.25	10.88	10.96	763400	8468019.000
10/29/2012	10.92	11.15	10.90	10.98	610718	6793566.000
10/30/2012	10.95	11.13	10.95	11.05	369068	4112323.250
10/31/2012	11.07	11.10	10.88	11.04	855733	9481168.000
11/01/2012	11.06	11.56	10.98	11.48	1699969	19474836.000
11/02/2012	11.56	11.58	11.34	11.46	993707	11515216.000
11/05/2012	11.43	11.55	11.33	11.44	607624	7011634.000
11/06/2012	11.41	11.60	11.25	11.60	1565536	18025624.000
11/07/2012	11.55	11.74	11.51	11.60	905017	10623784.000
11/08/2012	11.45	11.45	11.20	11.25	861593	9841390.000
11/09/2012	11.25	11.45	11.20	11.33	531617	6091034.500
11/12/2012	11.30	11.56	11.30	11.55	425981	4918107.500
11/13/2012	11.55	11.55	11.35	11.42	575412	6618240.000
11/14/2012	11.35	12.10	11.34	11.92	1843918	22064030.000
11/15/2012	11.85	12.39	11.78	12.08	2209233	27037934.000
11/16/2012	13.30	13.30	12.20	12.43	4651531	59041060.000
11/19/2012	12.46	13.30	12.45	12.65	4838757	62455216.000
11/20/2012	12.40	12.58	12.00	12.05	3673610	45260100.000
11/21/2012	11.92	12.25	11.81	12.19	2063424	24948480.000
11/22/2012	12.05	12.17	11.84	11.87	1246871	15045379.000
11/23/2012	12.02	12.30	11.89	12.10	1718533	20999898.000
11/26/2012	12.10	12.39	11.77	11.79	2124006	26048032.000
11/27/2012	11.50	11.68	10.73	11.66	3113603	35451176.000
11/28/2012	11.33	11.40	11.04	11.28	1429403	16132969.000
11/29/2012	11.17	11.35	10.99	11.20	737055	8352851.000
11/30/2012	11.20	11.34	11.05	11.23	445677	5050545.000
12/03/2012	11.26	11.26	10.10	10.10	2361060	25078264.000
12/04/2012	9.92	10.58	9.92	10.36	748997	7689820.500
12/05/2012	10.31	10.87	10.29	10.64	957292	10298716.000
12/06/2012	10.60	10.88	10.60	10.68	747808	8101264.000
12/07/2012	10.86	11.04	10.71	10.94	937716	10322357.000
12/10/2012	10.94	11.15	10.75	11.14	1044314	11556126.000
12/11/2012	10.98	11.14	10.91	10.91	937116	10401184.000
12/12/2012	10.87	11.05	10.68	11.02	958510	10490269.000
12/13/2012	10.85	11.16	10.70	11.03	1128432	12566733.000
12/14/2012	10.82	11.52	10.82	11.52	1836023	20949690.000
12/17/2012	11.50	11.50	11.21	11.35	1156894	13223573.000
12/18/2012	11.35	11.76	11.34	11.45	1240949	14468470.000
12/19/2012	11.30	11.58	11.17	11.40	900939	10355055.000
12/20/2012	11.28	11.45	11.22	11.35	825063	9439944.000
12/21/2012	11.34	11.71	11.27	11.59	1697001	19723728.000
12/24/2012	11.43	12.01	11.40	11.74	1366838	16228531.000
12/25/2012	11.79	11.97	11.68	11.94	1768010	21126242.000
12/26/2012	12.99	12.99	12.30	12.74	4205711	53326096.000
12/27/2012	12.76	12.76	12.14	12.19	3192467	39757056.000
12/28/2012	12.09	12.32	12.01	12.20	1404616	17181644.000
12/31/2012	12.17	12.36	12.05	12.24	1227835	15079132.000
01/04/2013	12.34	12.36	11.96	12.14	1345387	16458073.000
01/07/2013	12.24	12.50	12.24	12.43	2838355	35459204.000
01/08/2013	12.44	12.69	12.27	12.60	2758847	34647588.000
01/09/2013	12.43	12.55	12.23	12.36	2387829	29762836.000
01/10/2013	12.40	12.56	12.31	12.45	1546111	19342000.000
01/11/2013	12.45	12.48	12.03	12.03	2073537	25510208.000
01/14/2013	12.08	12.74	12.08	12.65	3873405	48874668.000
01/15/2013	12.68	13.35	12.62	13.07	4081422	53850360.000
01/16/2013	13.08	13.55	12.91	13.49	3486849	46464056.000
01/17/2013	13.48	13.75	13.14	13.42	2262947	30644590.000
01/18/2013	13.45	13.73	13.23	13.65	1980640	27021100.000
01/21/2013	13.65	14.30	13.61	13.92	2228924	31457146.000
01/22/2013	13.97	14.14	12.90	13.45	2192114	29778232.000
01/23/2013	13.25	13.58	13.02	13.42	1351536	18144344.000
01/24/2013	13.43	14.77	13.25	14.77	4709366	68155552.000
01/25/2013	15.38	15.96	14.48	14.97	8804918	134343568.000
01/28/2013	14.77	16.48	14.52	16.08	7007869	109428704.000
01/29/2013	15.80	16.28	15.65	15.79	4738692	75758688.000
01/30/2013	15.90	15.99	15.52	15.87	2590170	40976956.000
01/31/2013	15.84	15.84	14.90	15.02	3357695	51373848.000
02/01/2013	14.75	15.09	14.66	14.83	2898889	43357908.000
02/04/2013	14.88	14.99	14.22	14.33	2400923	34973460.000
02/05/2013	14.16	14.69	14.16	14.60	1339828	19639712.000
02/06/2013	14.60	14.86	14.51	14.69	1945479	28786166.000
02/07/2013	14.65	15.39	14.53	15.17	2284704	34337360.000
02/08/2013	15.22	15.74	15.07	15.40	2254936	35155556.000
02/18/2013	15.40	15.60	15.21	15.56	1866966	28950092.000
02/19/2013	15.58	15.58	14.90	15.18	1810521	27716210.000
02/20/2013	15.01	15.66	15.00	15.61	2483826	38456268.000
02/21/2013	15.50	15.72	15.10	15.16	2428919	37728864.000
02/22/2013	15.22	15.40	14.90	14.90	1432163	21776480.000
02/25/2013	14.80	15.21	14.63	15.15	1637367	24491290.000
02/26/2013	15.08	15.48	14.82	14.92	1532011	23449042.000
02/27/2013	15.07	16.42	15.07	15.89	4881778	77974368.000
02/28/2013	15.88	16.42	15.75	16.25	2848435	46093416.000
03/01/2013	15.98	17.72	15.98	17.34	5413763	92498896.000
03/04/2013	17.35	18.45	17.10	17.71	4670214	84301488.000
03/05/2013	17.79	18.25	17.48	17.90	2697046	48452092.000
03/06/2013	17.91	18.19	17.63	18.10	2904779	52509056.000
03/07/2013	18.12	18.16	16.92	17.50	3818421	67362160.000
03/08/2013	17.27	17.74	17.25	17.50	1424047	25044560.000
03/11/2013	17.25	17.71	17.23	17.48	1074664	18909030.000
03/12/2013	17.38	17.63	16.46	16.61	2559897	43736224.000
03/13/2013	16.67	16.78	16.01	16.16	1509809	24635822.000
03/14/2013	16.10	16.68	15.97	16.61	849770	13985084.000
03/15/2013	16.50	18.28	16.41	17.68	2413612	42584496.000
03/18/2013	18.39	18.70	17.90	18.05	2888135	52886344.000
03/19/2013	17.85	18.69	17.85	18.28	2127815	39050984.000
03/20/2013	18.41	19.46	18.28	18.90	2846736	54317412.000
03/21/2013	18.78	19.14	18.55	18.80	2011207	37909284.000
03/22/2013	18.80	19.88	18.61	19.66	3258697	63645952.000
03/25/2013	19.50	20.14	19.44	19.45	1456786	28868480.000
03/26/2013	19.46	19.59	18.45	18.90	1371784	26272364.000
03/27/2013	18.91	19.15	18.28	18.40	3434041	64311688.000
03/28/2013	18.30	18.86	17.82	18.48	3598511	66495776.000
03/29/2013	18.48	18.80	18.20	18.58	2275169	42417500.000
04/01/2013	18.60	19.30	18.26	19.18	3476614	65334472.000
04/02/2013	18.67	18.90	17.30	17.40	4379918	80325040.000
04/03/2013	17.25	17.65	16.90	17.20	2125003	36906536.000
04/08/2013	16.88	17.90	16.60	17.50	1581589	27671276.000
04/09/2013	17.40	17.59	16.70	16.83	2839405	48771820.000
04/10/2013	16.85	17.04	16.57	16.97	1149986	19447234.000
04/11/2013	17.15	17.38	16.80	16.90	1221833	21001094.000
04/12/2013	16.95	17.14	16.70	17.09	935745	15950045.000
04/15/2013	17.01	17.65	16.93	17.30	1490959	25983340.000
04/16/2013	17.00	17.05	16.33	16.80	2270246	38004072.000
04/17/2013	16.86	17.07	16.65	17.02	1560273	26389508.000
04/18/2013	16.94	17.74	16.81	17.68	2090224	36607720.000
04/19/2013	17.78	18.09	17.45	17.92	1904463	34183300.000
04/22/2013	17.99	18.23	17.81	18.10	1622254	29505948.000
04/23/2013	18.01	18.70	17.80	18.14	2632263	48346044.000
04/24/2013	17.95	19.10	17.88	18.84	2962476	55478068.000
04/25/2013	19.07	19.19	18.30	18.60	2998798	56478464.000
04/26/2013	18.60	18.62	18.00	18.01	1278163	23473790.000
05/02/2013	18.00	18.57	17.74	18.55	929146	16957714.000
05/03/2013	18.53	19.07	18.30	18.71	1554336	29398094.000
05/06/2013	18.50	18.78	18.10	18.29	2486440	46032104.000
05/07/2013	18.10	18.38	17.60	17.79	1791663	32315390.000
05/08/2013	17.78	18.23	17.78	18.05	1182550	21433444.000
05/09/2013	18.05	18.14	17.35	17.61	1684714	29926468.000
05/10/2013	17.61	18.15	17.40	18.14	1635689	29275196.000
05/13/2013	18.40	18.75	17.87	18.20	3011998	55479956.000
05/14/2013	18.10	18.10	17.61	17.83	1080882	19343246.000
05/15/2013	17.84	18.14	17.63	18.14	1045550	18817656.000
05/16/2013	18.10	18.67	17.95	18.32	2933768	54057932.000
05/17/2013	18.20	18.59	18.18	18.27	1567685	28903638.000
05/20/2013	18.15	18.27	16.90	17.37	4820982	84026872.000
05/21/2013	17.20	17.68	17.11	17.67	1988073	34889440.000
05/22/2013	17.53	17.57	17.10	17.22	1693212	29485614.000
05/23/2013	17.16	17.33	17.08	17.17	1241003	21458178.000
05/24/2013	17.17	17.45	17.10	17.39	920334	15993610.000
05/27/2013	17.42	17.67	17.20	17.67	1740771	30552044.000
05/28/2013	17.66	17.78	16.83	16.85	2277497	39316744.000
05/29/2013	16.75	17.49	16.75	17.40	2190268	38050392.000
05/30/2013	17.40	18.77	17.35	18.68	4381744	79918288.000
05/31/2013	18.60	19.56	18.56	18.73	4104015	78845632.000
06/03/2013	19.08	20.10	19.08	19.20	4596242	90279992.000
06/04/2013	19.22	19.33	18.38	18.73	2272463	43051436.000
06/05/2013	18.80	19.90	18.63	19.73	4010195	78858344.000
06/06/2013	19.69	19.79	19.08	19.25	3238443	62588132.000
06/07/2013	19.20	20.36	19.19	19.98	4262248	84421856.000
06/13/2013	19.70	20.25	18.22	19.55	2598611	50370680.000
06/14/2013	19.56	21.00	19.00	21.00	4362004	87176712.000
06/17/2013	20.85	21.95	20.75	21.10	3713173	79856088.000
06/18/2013	20.80	21.50	20.48	21.27	1838748	38710460.000
06/19/2013	21.04	21.20	20.52	20.91	1226893	25480696.000
06/20/2013	20.75	20.85	19.38	19.44	1799902	36385328.000
06/21/2013	18.93	20.06	18.70	20.00	2491750	48200244.000
06/24/2013	19.70	19.80	18.00	18.00	3537055	66292740.000
06/25/2013	17.92	18.68	16.73	18.57	2348716	41734876.000
06/26/2013	19.00	19.65	18.53	19.40	2039787	39072104.000
06/27/2013	19.45	20.28	19.20	19.50	3610754	71040112.000
06/28/2013	19.32	19.68	18.51	18.76	1829503	34951136.000
07/01/2013	18.25	19.98	18.25	19.85	1694786	32924610.000
07/02/2013	19.85	21.47	19.82	21.39	2797165	58586276.000
07/03/2013	21.38	22.23	21.01	22.03	2938085	63767928.000
07/04/2013	21.91	23.78	21.61	23.01	3186248	73056760.000
07/05/2013	23.00	23.01	22.01	22.89	1096293	24917830.000
07/08/2013	22.60	23.17	21.12	22.50	2687042	60363112.000
07/09/2013	22.02	23.50	22.01	23.48	2792594	64578336.000
07/10/2013	23.45	23.80	23.12	23.63	1221837	28730782.000
07/11/2013	23.62	24.73	23.62	24.60	3434826	83499104.000
07/12/2013	24.55	24.80	24.00	24.60	1833650	44802052.000
07/15/2013	24.50	24.75	24.10	24.68	1904840	46532564.000
07/16/2013	24.42	24.95	23.76	24.00	2234773	54425820.000
07/17/2013	23.88	24.09	23.18	23.60	1788253	42128952.000
07/18/2013	23.21	23.83	22.98	23.71	872121	20489606.000
07/19/2013	23.79	23.98	22.68	23.30	1366217	32177266.000
07/22/2013	22.75	24.43	22.70	24.37	2140037	50540616.000
07/23/2013	24.37	25.58	23.50	25.29	3084081	75733512.000
07/24/2013	25.30	25.75	24.50	25.35	3166297	79121240.000
07/25/2013	25.30	25.49	24.01	24.44	2031718	50155784.000
07/26/2013	24.40	25.10	24.08	24.70	886076	21940440.000
07/29/2013	24.20	24.88	23.62	23.90	1601303	38689208.000
07/30/2013	23.62	24.08	22.48	23.00	1228770	28377030.000
07/31/2013	23.00	24.00	22.90	23.31	764782	17876730.000
08/01/2013	23.46	24.49	23.02	24.21	2039339	48155496.000
08/02/2013	24.25	24.75	24.16	24.49	1224192	30030418.000
08/05/2013	24.67	24.85	24.16	24.50	657017	16032898.000
08/06/2013	24.47	25.69	24.40	25.30	1389611	35060764.000
08/07/2013	25.16	26.18	24.80	25.69	1071454	27347190.000
08/08/2013	25.56	28.00	25.28	27.12	2050452	55060584.000
08/09/2013	27.40	28.15	27.00	27.80	2630033	72503440.000
08/12/2013	27.60	27.90	26.60	27.15	2730841	73857024.000
08/13/2013	27.00	27.25	26.30	26.75	1059884	28285104.000
08/14/2013	26.75	27.50	26.02	27.46	1443080	38950324.000
08/15/2013	27.24	27.35	25.90	25.93	1106296	29383686.000
08/16/2013	25.89	26.28	24.28	26.20	2955335	73812288.000
08/19/2013	25.75	26.48	25.36	26.40	1230377	32088302.000
08/20/2013	26.36	27.17	25.53	26.88	942373	25045236.000
08/21/2013	26.80	27.07	26.56	26.70	395798	10597166.000
08/22/2013	26.48	26.91	26.48	26.78	409801	10974014.000
08/23/2013	26.75	28.85	26.38	28.83	1840009	51408808.000
08/26/2013	28.82	29.85	28.05	28.89	2261420	66045828.000
08/27/2013	28.60	29.39	28.60	29.33	894187	25903406.000
08/28/2013	29.01	30.00	28.55	29.18	927431	27324776.000
08/29/2013	29.30	29.60	28.11	28.27	679701	19376354.000
08/30/2013	28.30	28.53	27.30	27.50	845601	23551864.000
09/02/2013	27.25	29.10	27.09	29.10	666969	18795714.000
09/03/2013	29.12	29.34	27.30	28.31	1176190	32985960.000
09/04/2013	28.05	29.49	27.24	28.76	1372752	38800620.000
09/05/2013	28.75	28.75	27.75	27.90	829553	23238008.000
09/06/2013	27.61	28.26	27.55	27.93	618493	17313046.000
09/09/2013	27.72	28.15	27.40	27.87	709724	19696292.000
09/10/2013	27.75	28.68	27.47	27.50	1411440	39671968.000
09/11/2013	27.50	27.69	26.00	26.19	2153056	56876228.000
09/12/2013	26.08	26.57	25.61	26.09	1267722	32990180.000
09/13/2013	26.50	27.05	26.00	26.85	599565	15929522.000
09/16/2013	26.80	27.51	26.51	27.02	1078984	29211888.000
09/17/2013	26.80	27.95	26.80	27.00	1477718	40366864.000
09/18/2013	27.11	28.30	27.11	28.29	1226159	34208152.000
09/23/2013	28.00	28.74	27.71	28.60	872779	24601940.000
09/24/2013	28.26	28.75	28.00	28.61	958181	27226868.000
09/25/2013	28.48	28.51	27.58	27.69	1028377	28792400.000
09/26/2013	27.31	27.95	26.76	27.66	1286302	35036920.000
09/27/2013	27.25	27.90	27.15	27.44	528587	14448553.000
09/30/2013	27.44	27.49	26.70	26.90	892345	23991978.000
10/08/2013	27.01	27.79	26.72	27.70	939290	25693616.000
10/09/2013	27.70	27.81	27.01	27.75	1021412	27854356.000
10/10/2013	27.75	27.75	26.58	26.70	1512720	40962524.000
10/11/2013	26.73	26.79	25.50	26.50	2034441	53056732.000
10/14/2013	26.43	26.49	25.72	26.13	1068376	27910594.000
10/15/2013	26.20	26.36	24.40	24.85	5424348	135793776.000
10/16/2013	24.80	24.80	24.10	24.45	2165394	52756660.000
10/17/2013	24.59	24.70	24.06	24.36	2435460	59519484.000
10/18/2013	24.28	24.47	23.31	23.66	2238684	53415488.000
10/21/2013	23.67	25.60	23.65	25.25	2560792	63659368.000
10/22/2013	25.30	26.40	25.30	25.96	2245500	58262592.000
10/23/2013	26.05	26.20	25.01	25.60	1992098	51373492.000
10/24/2013	25.35	26.19	25.35	25.88	707572	18322374.000
10/25/2013	25.89	26.23	25.50	25.65	971593	24995776.000
10/28/2013	25.75	26.45	25.52	26.45	1173086	30703838.000
10/29/2013	26.17	26.57	23.86	25.52	1278863	32441280.000
10/30/2013	25.52	25.86	25.09	25.80	628623	16007113.000
10/31/2013	25.41	25.59	24.00	24.32	747537	18694618.000
11/01/2013	24.29	24.70	24.02	24.06	483366	11785137.000
11/04/2013	24.06	24.45	23.32	23.86	818855	19537550.000
11/05/2013	23.90	24.19	23.60	24.00	387841	9268800.000
11/06/2013	23.98	24.20	23.44	23.83	479411	11414197.000
11/07/2013	23.76	23.76	22.88	22.92	746301	17253814.000
11/08/2013	22.76	23.11	22.37	23.00	384245	8784235.000
11/11/2013	23.00	23.55	22.32	23.50	501134	11519387.000
11/12/2013	23.50	24.65	23.13	24.19	1036249	25107286.000
11/13/2013	24.14	24.47	23.51	24.10	396685	9592630.000
11/14/2013	24.00	25.05	23.85	24.89	521367	12825918.000
11/15/2013	24.88	25.27	24.61	24.63	983775	24535270.000
11/18/2013	24.75	24.79	23.64	24.08	1352427	32381996.000
11/19/2013	23.99	23.99	23.25	23.52	721021	17007164.000
11/20/2013	23.43	23.95	23.40	23.92	812893	19270134.000
11/21/2013	23.99	23.99	23.38	23.41	496755	11693077.000
11/22/2013	23.41	23.62	23.13	23.18	545144	12727417.000
11/25/2013	23.18	23.60	22.85	23.19	797008	18587642.000
11/26/2013	23.54	23.54	22.96	23.00	646735	14916114.000
11/27/2013	23.01	23.45	22.80	23.35	692949	15980313.000
11/28/2013	23.45	23.91	23.26	23.88	1115523	26230708.000
11/29/2013	23.88	24.47	23.75	24.17	1321701	31986300.000
12/02/2013	23.30	23.30	21.75	21.75	1688872	37827148.000
12/03/2013	21.58	23.30	21.51	22.83	1681759	38086280.000
12/04/2013	22.71	23.49	22.71	23.20	1164016	27158958.000
12/05/2013	23.57	23.78	23.04	23.78	871356	20396436.000
12/06/2013	23.68	24.00	23.34	23.68	868268	20597210.000
12/09/2013	23.28	24.05	23.28	24.05	708479	16745039.000
12/10/2013	23.97	25.03	23.76	24.86	1040120	25615664.000
12/11/2013	24.80	25.19	24.63	25.15	808436	20162924.000
12/12/2013	25.15	25.50	24.83	25.10	519109	13020353.000
12/13/2013	24.91	25.25	24.70	25.02	440143	10989263.000
12/16/2013	25.20	25.50	25.09	25.40	994286	25234892.000
12/17/2013	25.60	25.60	25.18	25.36	419633	10652764.000
12/18/2013	25.48	26.66	25.34	26.03	1172649	30609310.000
12/19/2013	25.92	26.90	25.92	26.19	667232	17713380.000
12/20/2013	26.30	26.32	25.31	26.32	696894	18106086.000
12/23/2013	26.02	27.36	25.60	25.75	1219799	32273666.000
12/24/2013	25.35	25.80	24.88	25.76	1524678	38594648.000
12/25/2013	25.98	27.75	25.86	27.28	2028449	54847836.000
12/26/2013	27.05	27.30	26.33	26.50	672629	17951728.000
12/27/2013	26.52	26.96	26.22	26.40	592255	15744292.000
12/30/2013	26.62	27.45	26.50	26.92	784570	21198410.000
12/31/2013	26.89	27.50	26.45	26.51	868470	23231142.000
01/02/2014	26.80	28.27	26.51	27.85	1632556	45257060.000
01/03/2014	27.84	28.59	27.68	28.49	957956	26938358.000
01/06/2014	28.40	28.60	27.41	27.95	631660	17781382.000
01/07/2014	27.75	28.05	27.54	27.78	437152	12160195.000
01/08/2014	28.00	28.72	27.80	28.72	1554998	44042464.000
01/09/2014	28.72	29.06	27.69	27.77	1100169	31451128.000
01/10/2014	27.80	28.20	26.48	27.29	1216198	33068822.000
01/13/2014	26.90	27.30	25.81	26.50	2502254	66139120.000
01/14/2014	26.05	27.50	26.05	27.21	1507665	40577088.000
01/15/2014	27.01	29.00	27.01	28.98	1471847	41619852.000
01/16/2014	28.93	29.28	28.01	28.73	838423	23937286.000
01/17/2014	28.40	28.72	28.01	28.50	1172181	33147700.000
01/20/2014	28.43	29.08	27.60	28.75	962359	27236846.000
01/21/2014	28.46	28.98	28.29	28.40	705858	20266214.000
01/22/2014	28.38	28.80	27.22	28.79	1459392	40891740.000
01/23/2014	28.44	28.77	27.58	28.00	1798709	50312168.000
01/24/2014	27.81	29.92	27.49	29.50	1726859	49972084.000
01/27/2014	29.25	29.60	28.51	29.20	1001369	29198408.000
01/28/2014	29.03	29.05	27.06	27.87	1699970	47776124.000
01/29/2014	27.78	28.23	27.12	27.97	950825	26417392.000
01/30/2014	27.71	29.18	27.52	28.70	1030188	29415316.000
02/07/2014	28.79	29.29	27.90	28.39	1023556	28953584.000
02/10/2014	28.28	28.67	27.50	27.80	1989860	55519440.000
02/11/2014	27.86	28.00	26.81	27.26	2981281	81504080.000
02/12/2014	27.26	27.77	27.11	27.75	1353531	37194560.000
02/13/2014	27.75	27.90	27.00	27.08	1145077	31435418.000
02/14/2014	27.02	27.42	27.02	27.39	1133331	30958174.000
02/17/2014	27.64	27.64	26.70	27.27	2206263	59897636.000
02/18/2014	27.10	27.51	27.00	27.30	1600485	43608916.000
02/19/2014	27.29	28.25	27.13	28.25	2431507	67311312.000
02/20/2014	28.23	28.60	27.80	28.26	2006407	56746320.000
02/21/2014	28.25	28.30	26.80	26.98	1642574	44708576.000
02/24/2014	26.72	26.73	25.71	26.28	2366284	61864908.000
02/25/2014	26.27	26.54	24.22	24.62	2246580	58355524.000
02/26/2014	24.65	24.88	23.66	24.15	2711471	65231360.000
02/27/2014	24.25	24.87	23.29	23.80	2638787	64095204.000
02/28/2014	23.46	24.25	23.06	23.78	1435575	33954136.000
03/03/2014	23.80	24.53	23.70	24.50	793425	19309432.000
03/04/2014	24.39	25.20	23.60	23.67	1738701	42025248.000
03/05/2014	23.74	24.09	23.38	23.49	666728	15780319.000
03/06/2014	23.40	23.60	22.61	23.59	966132	22370402.000
03/07/2014	23.50	23.82	22.91	22.99	1099119	25613858.000
03/10/2014	23.00	23.15	22.76	23.00	739327	16997566.000
03/11/2014	22.75	23.45	22.39	23.09	807006	18586346.000
03/12/2014	23.10	23.40	22.83	23.40	579362	13365328.000
03/13/2014	23.67	23.79	23.10	23.42	655550	15369243.000
03/14/2014	23.41	23.41	22.95	23.08	887162	20453778.000
03/17/2014	23.08	24.19	23.08	24.14	943820	22498852.000
03/18/2014	24.20	24.65	24.01	24.25	1049788	25638644.000
03/19/2014	24.08	25.06	24.04	24.99	1294139	32162014.000
03/20/2014	24.70	25.41	24.00	24.19	940067	23290850.000
03/21/2014	24.08	24.49	23.20	24.24	1279657	30455986.000
03/24/2014	24.20	24.97	24.01	24.26	691125	16904920.000
03/25/2014	24.24	24.40	23.51	23.65	672386	16158019.000
03/26/2014	23.78	24.23	23.49	23.50	670963	15968531.000
03/27/2014	23.45	23.65	22.68	22.68	928581	21443182.000
03/28/2014	22.59	22.86	21.65	21.93	1049796	23506966.000
03/31/2014	22.00	22.27	21.72	22.11	638507	14042567.000
04/01/2014	21.84	22.14	21.50	21.95	1040342	22731280.000
04/02/2014	21.86	22.37	21.86	21.96	1082932	23967102.000
04/03/2014	21.99	22.36	21.83	22.07	761710	16844454.000
04/04/2014	22.08	22.80	21.83	22.72	779884	17528458.000
04/08/2014	22.50	22.90	22.50	22.70	808826	18357390.000
04/09/2014	22.89	23.30	22.67	22.97	1270782	29272170.000
04/10/2014	22.97	23.00	22.42	22.48	1130086	25666156.000
04/11/2014	22.49	23.80	22.14	23.60	1329205	30700948.000
04/14/2014	23.48	24.43	23.34	24.40	1161490	27663866.000
04/15/2014	24.30	25.01	24.30	24.50	2387056	59096340.000
04/16/2014	24.21	24.67	23.71	24.08	1548228	37390828.000
04/17/2014	24.38	25.55	23.90	25.55	2279819	57420492.000
04/18/2014	25.55	26.79	25.55	26.55	3628158	95598736.000
04/21/2014	26.36	26.80	26.24	26.56	1443000	38310580.000
04/22/2014	26.32	26.53	25.17	25.45	3321068	85029672.000
04/23/2014	25.30	26.48	25.00	25.42	1990353	51289180.000
04/24/2014	25.50	25.95	24.80	24.89	1477148	37463244.000
04/25/2014	24.81	25.30	24.32	24.50	426822	10584014.000
04/28/2014	24.47	24.48	22.30	23.73	1433115	33558920.000
04/29/2014	23.50	23.87	23.12	23.56	783804	18349774.000
04/30/2014	23.78	25.41	23.71	25.41	968288	23984648.000
05/05/2014	25.23	25.89	24.58	25.08	1053908	26480062.000
05/06/2014	25.09	26.68	24.61	25.98	2176711	56314600.000
05/07/2014	25.81	26.31	25.51	25.93	902472	23360674.000
05/08/2014	25.93	26.19	25.43	25.70	1067469	27496706.000
05/09/2014	25.70	25.96	23.88	24.73	1578415	38931500.000
05/12/2014	25.01	25.08	24.04	24.51	1175984	28753880.000
05/13/2014	24.39	25.24	24.39	24.40	931380	23051680.000
05/14/2014	24.30	25.30	23.50	25.19	1539936	37520624.000
05/15/2014	25.01	25.65	24.82	25.45	1163011	29303282.000
05/16/2014	25.47	25.47	24.50	24.99	1497246	37205476.000
05/19/2014	24.70	25.05	24.64	24.80	1005134	25000186.000
05/20/2014	24.68	25.85	24.66	25.20	1123948	28474006.000
05/21/2014	24.88	25.58	24.81	25.46	733138	18479426.000
05/22/2014	25.50	26.16	25.12	25.80	1641388	42498708.000
05/23/2014	25.64	26.25	25.50	26.21	1752495	45520520.000
05/26/2014	26.22	27.11	26.19	26.90	2218005	59461612.000
05/27/2014	26.81	27.09	26.41	26.63	1008159	26949960.000
05/28/2014	26.88	27.46	26.48	27.30	1530373	41304660.000
05/29/2014	27.30	27.48	26.48	26.80	1421972	38360864.000
05/30/2014	26.53	26.80	26.26	26.47	1092225	28915830.000
06/03/2014	26.60	26.94	26.02	26.02	795194	21096390.000
06/04/2014	26.01	26.91	25.70	26.30	937613	24461958.000
06/05/2014	26.29	26.57	26.05	26.29	819232	21524822.000
06/06/2014	26.48	26.50	25.79	26.23	766423	20143550.000
06/09/2014	26.75	28.33	26.51	26.78	1830257	49791236.000
06/10/2014	26.75	27.27	26.70	26.98	1291054	34842160.000
06/11/2014	27.24	28.04	27.14	27.69	1312594	36410580.000
06/12/2014	27.52	27.90	27.22	27.64	1081783	29767656.000
06/13/2014	27.64	28.19	27.20	27.40	1016021	27976554.000
06/16/2014	27.28	27.60	26.86	27.06	1178035	31884548.000
06/17/2014	27.09	27.09	26.65	26.99	1309863	35258420.000
06/18/2014	27.18	27.30	26.48	26.97	818086	22013546.000
06/19/2014	27.09	27.39	26.25	26.38	1364570	36788292.000
06/20/2014	26.40	26.48	25.46	26.08	1363595	35358468.000
06/23/2014	26.18	27.13	25.89	26.94	1444490	38643400.000
06/24/2014	27.10	27.88	26.85	27.50	1586023	43551632.000
06/25/2014	27.49	27.62	27.00	27.11	1077998	29469022.000
06/26/2014	27.39	27.83	27.11	27.70	1156368	31882872.000
06/27/2014	27.52	27.84	27.15	27.30	800977	22005880.000
06/30/2014	27.52	28.19	27.13	28.19	2440493	67154400.000
07/01/2014	28.28	28.70	27.59	27.96	2554460	71665816.000
07/02/2014	27.72	28.51	27.41	28.39	2468596	69043936.000
07/03/2014	28.50	29.81	28.05	28.91	3162860	92194592.000
07/04/2014	29.16	29.45	28.50	29.25	1865784	54007192.000
07/07/2014	29.10	29.20	28.00	28.20	1283355	36617352.000
07/08/2014	28.21	28.45	27.62	28.28	1437919	40171084.000
07/09/2014	28.21	28.21	26.55	26.66	4472496	121584744.000
07/10/2014	26.70	26.82	25.70	25.70	3912730	101871736.000
07/11/2014	25.70	26.08	25.41	25.93	1945001	50104068.000
07/14/2014	25.99	26.56	25.56	26.53	1546670	40625484.000
07/15/2014	26.54	26.54	25.12	25.49	3088882	79020832.000
07/16/2014	25.47	25.56	23.85	23.94	3775773	92293384.000
07/17/2014	24.08	24.30	24.00	24.18	1405769	33906020.000
07/18/2014	24.27	25.52	24.26	25.04	2907599	73253152.000
07/21/2014	25.28	25.75	24.90	25.28	1373231	34773016.000
07/22/2014	24.99	25.42	24.99	25.31	981667	24750834.000
07/23/2014	25.10	25.40	23.86	23.95	2429359	58863580.000
07/24/2014	24.07	24.14	23.50	23.55	1982516	47183684.000
07/25/2014	23.57	23.99	23.20	23.70	1305552	30878688.000
07/28/2014	23.80	24.80	23.80	24.30	1271354	31004786.000
07/29/2014	24.57	24.73	24.08	24.48	1323587	32264062.000
07/30/2014	24.75	25.17	24.52	25.13	1676911	41763072.000
07/31/2014	25.49	25.98	25.36	25.40	3567758	91513776.000
08/01/2014	25.42	26.60	25.42	25.93	4434265	115826672.000
08/04/2014	25.65	25.90	25.21	25.90	3432499	88010896.000
08/05/2014	25.89	25.97	25.50	25.90	1660874	42802192.000
08/06/2014	25.80	25.80	25.21	25.33	2994835	76140056.000
08/07/2014	25.31	25.55	25.22	25.26	1269364	32168560.000
08/08/2014	25.32	25.44	25.01	25.11	1757754	44330060.000
08/11/2014	25.48	25.90	25.30	25.76	1385086	35488356.000
08/12/2014	25.76	26.08	25.60	26.04	1435315	37143340.000
08/13/2014	25.88	26.09	25.72	25.82	1068645	27644250.000
08/14/2014	25.73	26.14	25.72	25.85	1368827	35506988.000
08/15/2014	25.75	25.77	25.37	25.40	1496959	38252144.000
08/18/2014	25.43	25.60	25.12	25.20	2896776	73369824.000
08/19/2014	25.30	25.59	25.25	25.45	1203096	30575636.000
08/20/2014	25.50	25.50	25.20	25.33	1130270	28604288.000
08/21/2014	25.30	25.99	25.30	25.63	1371538	35134252.000
08/22/2014	25.49	25.62	25.20	25.51	1660873	42169004.000
08/25/2014	25.57	26.18	25.50	26.00	3263076	84593576.000
08/26/2014	25.95	26.06	24.80	24.89	2426170	61554744.000
08/27/2014	24.72	24.95	24.51	24.80	2265328	55963896.000
08/28/2014	24.85	24.85	24.32	24.36	1433984	35199680.000
08/29/2014	24.48	24.60	24.28	24.55	859358	21019230.000
09/01/2014	24.58	25.53	24.40	25.36	1740105	43574476.000
09/02/2014	25.40	25.72	25.24	25.66	1146064	29277272.000
09/03/2014	25.88	26.29	25.83	25.96	2822458	73436944.000
09/04/2014	25.83	25.93	25.63	25.90	2220219	57174632.000
09/05/2014	25.96	26.31	25.80	26.10	2696944	70284744.000
09/09/2014	26.08	26.76	25.91	26.59	2728767	71891672.000
09/10/2014	26.41	26.75	26.23	26.70	2485109	65918576.000
09/11/2014	26.68	27.09	26.30	26.32	2124113	56750324.000
09/12/2014	26.18	26.79	26.18	26.70	1546859	40973836.000
09/15/2014	26.98	26.98	26.45	26.82	2001341	53314920.000
09/16/2014	26.89	26.95	25.87	25.88	2495231	65535528.000
09/17/2014	25.89	26.30	25.50	25.86	1149432	29720856.000
09/18/2014	25.86	26.67	25.81	26.57	2405673	63432544.000
09/19/2014	26.51	26.86	26.40	26.78	1523580	40634304.000
09/22/2014	26.57	26.65	26.10	26.30	1034713	27245060.000
09/23/2014	26.05	26.55	26.05	26.43	997198	26280678.000
09/24/2014	26.47	27.62	26.47	27.58	4370043	119159400.000
09/25/2014	27.63	28.55	27.59	28.18	4280071	121074632.000
09/26/2014	28.05	28.14	27.55	28.09	1283517	35751084.000
09/29/2014	27.99	28.47	27.69	27.96	1695252	47632056.000
09/30/2014	27.90	28.35	27.90	28.30	1169081	32953052.000
10/08/2014	28.15	29.18	28.15	29.05	2340805	67449280.000
10/09/2014	29.07	29.34	28.01	28.38	2418998	68947032.000
10/10/2014	28.04	29.30	28.00	28.81	2959400	84901960.000
10/13/2014	28.61	29.06	28.41	29.03	1360500	39096100.000
10/14/2014	29.00	29.44	27.85	28.19	1997520	57006096.000
10/15/2014	28.05	28.41	27.41	28.34	2501847	69643744.000
10/16/2014	28.60	28.97	27.90	27.90	2105444	60111476.000
10/17/2014	27.69	28.10	26.88	27.05	1717640	46836916.000
10/20/2014	27.20	28.10	27.20	27.99	1423183	39475672.000
10/21/2014	28.23	28.23	27.23	27.50	1555079	42812204.000
10/22/2014	27.10	27.80	27.06	27.30	1485824	40800060.000
10/23/2014	27.10	27.53	27.02	27.51	1792885	48919488.000
10/24/2014	27.39	27.65	27.08	27.44	1228667	33676764.000
10/27/2014	27.20	27.81	27.20	27.79	953802	26272726.000
10/28/2014	27.85	28.98	27.71	28.69	2665631	75960400.000
10/29/2014	28.88	28.88	28.58	28.70	1474913	42342668.000
10/30/2014	28.70	29.09	28.50	29.00	2697704	77535112.000
10/31/2014	29.22	29.42	28.32	28.56	1699203	48695140.000
数据来源:通达信
