300116 坚瑞消防 日线
      日期	    开盘	    最高	    最低	    收盘	    成交量	    成交额
10/08/2010	11.86	12.29	11.56	12.14	1535424	55230900.000
10/11/2010	11.99	11.99	11.64	11.69	1543294	54463164.000
10/12/2010	11.56	11.96	11.50	11.56	933462	32855172.000
10/13/2010	11.53	11.56	11.16	11.48	1104191	37423728.000
10/14/2010	11.42	11.89	11.33	11.51	1193211	41656712.000
10/15/2010	11.33	11.33	10.89	10.93	1611370	53451368.000
10/18/2010	10.94	10.99	9.99	10.33	1513269	46904044.000
10/19/2010	10.32	11.36	10.24	11.36	1869546	61607356.000
10/20/2010	11.26	12.10	11.20	11.66	2968081	104894960.000
10/21/2010	11.66	11.75	11.21	11.35	1078387	36748964.000
10/22/2010	11.35	11.80	11.33	11.65	1011739	35339044.000
10/25/2010	11.69	11.97	11.49	11.81	1839449	65089556.000
10/26/2010	11.80	11.80	11.39	11.48	1207933	41763400.000
10/27/2010	11.36	11.64	11.03	11.03	811733	27828526.000
10/28/2010	11.09	11.58	11.06	11.42	756517	25794564.000
10/29/2010	11.49	12.19	11.49	11.97	1936578	69019000.000
11/01/2010	11.94	12.66	11.94	12.45	2026014	75343072.000
11/02/2010	12.33	12.46	11.89	11.93	1566992	56936196.000
11/03/2010	11.83	11.83	11.00	11.08	2330640	79060768.000
11/04/2010	11.03	11.27	11.01	11.27	945964	31615652.000
11/05/2010	11.31	11.48	11.29	11.43	810796	27695552.000
11/08/2010	11.46	11.89	11.46	11.78	961100	33888696.000
11/09/2010	11.86	11.89	11.50	11.57	1222388	42572624.000
11/10/2010	11.58	12.26	11.58	12.21	2194644	79386968.000
11/11/2010	12.29	12.65	11.85	11.93	2408491	89491368.000
11/12/2010	11.86	12.29	11.43	11.44	1727652	61643528.000
11/15/2010	11.53	12.31	11.36	12.27	1626056	58327464.000
11/16/2010	13.26	13.26	12.53	12.66	3807303	146565632.000
11/17/2010	13.16	13.83	12.62	12.83	4059867	161176496.000
11/18/2010	12.45	14.11	12.33	14.11	4980544	203241216.000
11/19/2010	14.17	14.64	13.66	14.64	4830746	205865264.000
11/22/2010	14.55	16.00	13.84	14.33	5013588	224372976.000
11/23/2010	13.88	14.33	13.06	13.72	3583665	146670096.000
11/24/2010	13.49	14.11	13.22	14.00	2568103	106420880.000
11/25/2010	13.88	13.88	13.36	13.53	2357671	95670208.000
11/26/2010	13.55	14.09	13.16	13.89	2662866	109180744.000
11/29/2010	13.58	13.65	13.10	13.23	2090031	83741848.000
11/30/2010	13.18	13.36	12.16	12.54	1655041	63271760.000
12/01/2010	12.66	12.78	12.23	12.59	1107776	41657280.000
12/02/2010	12.59	12.82	12.30	12.46	2265515	84812368.000
12/03/2010	12.33	12.36	11.79	11.94	1654942	59700176.000
12/06/2010	11.98	11.98	11.55	11.81	1596832	56132316.000
12/07/2010	11.79	12.02	11.51	12.02	1106078	39133120.000
12/08/2010	11.98	12.14	11.83	12.05	1075911	38679984.000
12/09/2010	11.98	11.99	11.47	11.52	791869	27908650.000
12/10/2010	11.50	11.77	11.36	11.60	984561	34122860.000
12/13/2010	11.63	11.99	11.39	11.95	1117768	39766780.000
12/14/2010	11.98	12.46	11.83	12.28	1900942	69328328.000
12/15/2010	12.18	12.23	11.90	11.99	1414938	51357636.000
12/16/2010	11.89	12.09	11.86	11.99	950385	34225840.000
12/17/2010	12.02	12.21	11.90	12.08	884079	32051116.000
12/20/2010	12.08	12.31	11.61	11.87	1002379	36092012.000
12/21/2010	11.92	11.99	11.71	11.97	652185	23200194.000
12/22/2010	12.08	12.08	11.83	11.86	558553	20001980.000
12/23/2010	11.98	11.99	11.51	11.53	636516	22349576.000
12/24/2010	11.50	11.50	10.93	11.00	842632	28094770.000
12/27/2010	11.03	11.12	10.48	10.55	946218	30793548.000
12/28/2010	10.49	10.49	10.25	10.33	764320	23708228.000
12/29/2010	10.33	10.46	10.26	10.41	658762	20504680.000
12/31/2010	10.44	10.82	10.44	10.78	679989	21620088.000
01/04/2011	10.85	10.85	10.55	10.84	686486	22156950.000
01/05/2011	10.73	10.75	10.66	10.71	607462	19502542.000
01/06/2011	10.69	10.79	10.48	10.49	623868	19740420.000
01/07/2011	10.52	10.68	10.30	10.39	645173	20297626.000
01/10/2011	10.40	10.46	10.16	10.19	360252	11140394.000
01/11/2011	10.09	10.29	10.04	10.26	354119	10847725.000
01/12/2011	10.26	10.52	10.23	10.39	316990	9844970.000
01/13/2011	10.36	10.52	10.01	10.28	305886	9489003.000
01/14/2011	10.18	10.23	9.96	10.03	654855	19764366.000
01/17/2011	10.04	10.14	9.26	9.27	648538	18619884.000
01/18/2011	9.03	9.27	9.01	9.17	395054	10835914.000
01/19/2011	9.18	9.35	9.16	9.31	368534	10250782.000
01/20/2011	9.26	9.26	8.58	8.61	724034	19365494.000
01/21/2011	8.50	8.73	8.50	8.60	430219	11132251.000
01/24/2011	8.63	8.77	8.53	8.58	404212	10486647.000
01/25/2011	8.52	8.58	8.34	8.53	337197	8540712.000
01/26/2011	8.59	9.16	8.55	8.96	1378881	37084424.000
01/27/2011	8.79	9.09	8.75	8.93	745740	19984532.000
01/28/2011	8.81	9.07	8.81	8.94	487930	13093648.000
01/31/2011	8.85	9.08	8.85	9.01	497457	13435385.000
02/01/2011	9.12	9.14	8.88	8.94	439579	11839805.000
02/09/2011	8.94	9.09	8.86	8.92	395259	10652863.000
02/10/2011	8.92	9.36	8.75	9.23	818170	22495534.000
02/11/2011	9.19	9.44	9.17	9.36	712280	20013728.000
02/14/2011	9.36	9.49	9.25	9.46	927830	26152942.000
02/15/2011	9.49	9.53	9.37	9.40	894455	25318966.000
02/16/2011	9.37	9.53	9.33	9.51	679784	19294158.000
02/17/2011	9.52	9.61	9.32	9.49	846411	23964536.000
02/18/2011	9.53	9.58	9.25	9.29	711071	19940516.000
02/21/2011	9.18	9.43	9.17	9.39	611135	17081520.000
02/22/2011	9.35	9.46	9.10	9.10	802503	22330416.000
02/23/2011	9.06	9.29	9.03	9.21	542649	14982537.000
02/24/2011	9.20	9.49	9.14	9.48	856095	24083658.000
02/25/2011	9.53	9.59	9.38	9.46	665067	18892628.000
02/28/2011	9.49	9.72	9.33	9.68	827042	23778494.000
03/01/2011	9.77	9.95	9.63	9.72	1170029	34414428.000
03/02/2011	9.61	9.68	9.39	9.52	743401	21224202.000
03/03/2011	9.41	9.52	9.20	9.22	599403	16842950.000
03/04/2011	9.22	9.42	9.21	9.31	336072	9365741.000
03/07/2011	9.29	9.40	9.23	9.33	534493	14938594.000
03/08/2011	9.33	9.42	9.20	9.32	453151	12625000.000
03/10/2011	9.33	9.47	9.32	9.36	690551	19459550.000
03/11/2011	9.33	9.53	9.33	9.41	851081	24134408.000
03/14/2011	9.44	9.63	9.38	9.63	946066	27084418.000
03/15/2011	9.68	9.76	9.37	9.60	1071473	30825682.000
03/16/2011	9.60	9.66	9.39	9.55	676891	19393088.000
03/17/2011	9.55	9.66	9.33	9.41	628195	17887734.000
03/18/2011	9.43	9.49	9.37	9.38	340330	9606641.000
03/21/2011	9.32	9.42	9.13	9.16	621556	17275538.000
03/22/2011	9.16	9.18	8.99	9.09	398597	10832778.000
03/23/2011	9.09	9.25	8.99	9.19	420995	11592882.000
03/24/2011	9.19	9.28	9.11	9.13	261156	7171397.000
03/25/2011	9.13	9.14	9.03	9.08	462198	12606145.000
03/28/2011	9.05	9.12	9.01	9.03	464759	12635238.000
03/29/2011	8.99	9.00	8.64	8.66	589608	15644601.000
03/30/2011	8.66	8.66	8.44	8.45	753846	19256672.000
03/31/2011	8.43	8.54	8.35	8.49	662964	16809938.000
04/01/2011	8.52	8.55	8.38	8.54	386116	9806782.000
04/06/2011	8.55	8.55	8.33	8.38	492885	12422515.000
04/07/2011	8.38	8.58	8.38	8.55	481904	12299002.000
04/08/2011	8.53	8.62	8.51	8.59	339135	8733991.000
04/11/2011	8.62	8.81	8.60	8.63	638357	16715497.000
04/12/2011	8.57	8.69	8.52	8.58	311716	8056907.000
04/13/2011	8.69	8.82	8.51	8.73	330799	8642718.000
04/14/2011	8.76	8.79	8.60	8.60	278425	7221667.000
04/15/2011	8.55	8.64	8.51	8.55	238825	6142390.500
04/18/2011	8.53	8.55	8.39	8.42	338764	8591163.000
04/19/2011	8.42	8.42	8.16	8.19	623883	15447969.000
04/20/2011	8.19	8.33	8.19	8.33	316571	7864769.500
04/21/2011	8.36	8.46	8.30	8.40	260704	6546600.000
04/22/2011	8.33	8.45	8.24	8.25	309790	7699437.000
04/25/2011	8.18	8.63	8.13	8.54	1036839	26264200.000
04/27/2011	8.16	8.28	7.69	7.69	1391955	33036554.000
04/28/2011	7.53	7.53	6.92	6.93	1120499	23933764.000
04/29/2011	6.89	7.07	6.83	6.99	451457	9431387.000
05/03/2011	7.08	7.08	6.90	7.04	262518	5508319.500
05/04/2011	7.03	7.05	6.73	6.78	621464	12771726.000
05/05/2011	6.74	6.85	6.74	6.81	397397	8122572.500
05/06/2011	6.79	6.84	6.68	6.76	382966	7759261.000
05/09/2011	6.75	6.83	6.70	6.77	370917	7559165.000
05/10/2011	6.77	6.82	6.72	6.82	305159	6195806.500
05/11/2011	6.87	6.87	6.73	6.81	363146	7402402.000
05/12/2011	6.76	6.79	6.53	6.56	451613	9050071.000
05/13/2011	6.53	6.61	6.45	6.55	440864	8623874.000
05/16/2011	6.54	6.60	6.54	6.56	326085	6434634.500
05/17/2011	6.55	6.55	6.34	6.41	438770	8464331.000
05/18/2011	6.40	6.49	6.35	6.44	436903	8445602.000
05/19/2011	6.44	6.48	6.38	6.40	221350	4273707.500
05/20/2011	6.40	6.43	6.32	6.36	259838	4972395.500
05/23/2011	6.33	6.36	5.99	6.02	845749	15584717.000
05/24/2011	6.02	6.38	5.88	6.29	808521	15034151.000
05/25/2011	6.23	6.28	6.00	6.02	411932	7625633.500
05/26/2011	6.04	6.13	5.87	5.89	369284	6611780.000
05/27/2011	5.91	6.08	5.83	6.04	544819	9791489.000
05/30/2011	5.93	6.26	5.89	6.25	733551	13498493.000
05/31/2011	6.24	6.36	6.05	6.33	698300	13047213.000
06/01/2011	6.27	6.36	6.23	6.35	471315	8911453.000
06/02/2011	6.29	6.29	5.93	6.09	481557	8794103.000
06/03/2011	6.09	6.32	6.03	6.24	347441	6457215.500
06/07/2011	6.26	6.31	6.17	6.30	291445	5473798.500
06/08/2011	6.30	6.31	6.17	6.24	515555	9613065.000
06/09/2011	6.39	6.39	6.09	6.09	715912	13400168.000
06/10/2011	6.26	6.26	5.93	6.21	619028	11345639.000
06/13/2011	6.19	6.39	6.13	6.37	924752	17534568.000
06/14/2011	6.44	6.46	6.31	6.42	802818	15431605.000
06/15/2011	6.41	6.41	6.16	6.21	658440	12398205.000
06/16/2011	6.10	6.15	6.00	6.00	402521	7330960.000
06/17/2011	6.01	6.07	5.96	5.98	189259	3415627.000
06/20/2011	5.97	6.04	5.93	5.99	170165	3056092.750
06/21/2011	6.12	6.14	5.99	6.05	163510	2971069.750
06/22/2011	6.06	6.09	6.00	6.06	133391	2420549.000
06/23/2011	6.00	6.42	5.96	6.36	969869	18363944.000
06/24/2011	6.32	6.50	6.29	6.45	823136	15840461.000
06/27/2011	6.45	6.62	6.41	6.50	682633	13337958.000
06/28/2011	6.51	6.56	6.37	6.45	334194	6450819.500
06/29/2011	6.43	6.47	6.30	6.30	422952	8111678.000
06/30/2011	6.30	6.43	6.30	6.37	353296	6760859.000
07/01/2011	6.37	6.51	6.37	6.43	493357	9566717.000
07/04/2011	6.49	6.64	6.42	6.59	579719	11353906.000
07/05/2011	6.59	6.76	6.56	6.67	702071	14057548.000
07/06/2011	6.65	6.75	6.53	6.70	590653	11746401.000
07/07/2011	6.70	6.99	6.64	6.95	1385161	28372226.000
07/11/2011	6.87	6.90	6.73	6.89	539259	11062981.000
07/12/2011	6.86	6.86	6.59	6.65	617674	12366507.000
07/13/2011	6.59	6.83	6.59	6.83	585505	11859938.000
07/14/2011	6.82	7.12	6.82	7.11	1017061	21311004.000
07/15/2011	7.10	7.38	7.06	7.20	1364854	29703474.000
07/18/2011	7.20	7.29	6.99	7.04	768369	16486976.000
07/19/2011	6.99	6.99	6.88	6.91	354084	7351744.000
07/20/2011	7.04	7.04	6.66	6.80	560817	11464431.000
07/21/2011	6.86	6.86	6.72	6.75	242353	4919373.000
07/22/2011	6.74	6.84	6.74	6.80	290116	5904001.000
07/25/2011	6.79	6.79	6.22	6.30	614353	11924936.000
07/26/2011	6.43	6.43	6.26	6.30	270759	5135938.000
07/27/2011	6.29	6.62	6.19	6.48	369166	7122154.000
07/28/2011	6.43	6.61	6.30	6.59	454361	8887481.000
07/29/2011	6.59	6.59	6.34	6.41	316852	6138126.000
08/01/2011	6.49	6.52	6.31	6.49	349180	6743254.500
08/02/2011	6.42	6.42	5.99	6.38	745185	13936267.000
08/03/2011	6.23	6.69	6.23	6.58	1018336	20063240.000
08/04/2011	6.58	6.64	6.46	6.50	519505	10218340.000
08/05/2011	6.30	6.31	6.16	6.23	477169	8963749.000
08/08/2011	6.16	6.16	5.63	5.72	762807	13394251.000
08/09/2011	5.53	5.68	5.34	5.61	440796	7310270.000
08/10/2011	5.72	5.80	5.65	5.65	370408	6376288.000
08/11/2011	5.49	5.79	5.43	5.78	408934	6976449.000
08/12/2011	5.78	5.92	5.78	5.86	439127	7737450.000
08/15/2011	5.86	6.03	5.85	6.00	532180	9492938.000
08/16/2011	5.99	6.08	5.92	5.95	328244	5892084.500
08/17/2011	5.98	6.24	5.91	6.15	852864	15671559.000
08/18/2011	6.06	6.12	5.94	5.95	391870	7088172.500
08/19/2011	5.83	5.92	5.73	5.91	273962	4776212.500
08/22/2011	6.06	6.06	5.80	5.98	303106	5433657.000
08/23/2011	6.02	6.21	5.93	6.20	529749	9692857.000
08/24/2011	6.16	6.32	6.13	6.19	657216	12263429.000
08/25/2011	6.26	6.26	6.12	6.24	368920	6853568.500
08/26/2011	6.17	6.37	6.16	6.32	504654	9524778.000
08/29/2011	6.28	6.35	6.24	6.29	456558	8644781.000
08/30/2011	6.41	6.41	6.09	6.10	440199	8246229.000
08/31/2011	6.00	6.11	5.84	5.95	405191	7244173.000
09/01/2011	5.98	6.01	5.84	5.92	334442	5951558.000
09/02/2011	5.87	5.95	5.80	5.88	188001	3305244.000
09/05/2011	5.84	5.84	5.67	5.71	224873	3863919.000
09/06/2011	5.70	5.75	5.60	5.65	135661	2311896.250
09/07/2011	5.62	5.79	5.62	5.77	191766	3304053.000
09/08/2011	5.82	5.82	5.70	5.72	179249	3105266.000
09/09/2011	5.80	5.96	5.71	5.75	150291	2620413.000
09/13/2011	5.72	5.72	5.51	5.62	169886	2848317.750
09/14/2011	5.69	5.82	5.55	5.79	260394	4476330.500
09/15/2011	5.75	5.81	5.75	5.81	190651	3315749.250
09/16/2011	5.86	5.88	5.79	5.82	182001	3189860.250
09/19/2011	5.82	5.82	5.66	5.70	100829	1724546.500
09/20/2011	5.71	5.76	5.63	5.74	84489	1447664.250
09/21/2011	5.85	5.91	5.74	5.88	252009	4425145.000
09/22/2011	5.84	5.88	5.60	5.61	263300	4552160.000
09/23/2011	5.59	5.69	5.50	5.62	341524	5728921.500
09/26/2011	5.55	5.65	5.51	5.54	267226	4475072.000
09/27/2011	5.57	5.62	5.47	5.59	142001	2366583.750
09/28/2011	5.59	5.65	5.33	5.60	239522	4016201.000
09/29/2011	5.56	5.56	5.39	5.47	166573	2742526.500
09/30/2011	5.66	5.66	5.39	5.53	122838	2021563.375
10/10/2011	5.53	5.55	5.43	5.50	138226	2270836.000
10/11/2011	5.58	5.65	5.42	5.48	261066	4343438.500
10/12/2011	5.51	5.73	5.46	5.68	310031	5219850.500
10/13/2011	5.71	5.84	5.63	5.83	527956	9178635.000
10/14/2011	5.85	5.91	5.71	5.80	282515	4937196.500
10/17/2011	5.86	5.86	5.76	5.82	161937	2820035.500
10/18/2011	5.76	5.80	5.54	5.54	239022	4072707.000
10/19/2011	5.54	5.60	5.49	5.54	216523	3604110.750
10/20/2011	5.49	5.49	5.34	5.37	302449	4888585.000
10/21/2011	5.33	5.39	5.19	5.27	209477	3336465.000
10/24/2011	5.20	5.38	5.17	5.34	210105	3328891.000
10/25/2011	5.33	5.48	5.28	5.45	356818	5792286.000
10/26/2011	5.45	5.58	5.41	5.53	461320	7643381.000
10/27/2011	5.54	5.64	5.50	5.54	305500	5090512.500
10/28/2011	5.61	5.66	5.53	5.64	314437	5280327.500
10/31/2011	5.63	5.69	5.55	5.69	476170	8068755.500
11/01/2011	5.65	5.72	5.58	5.67	394118	6709843.500
11/02/2011	5.63	5.91	5.55	5.86	1161003	20241610.000
11/03/2011	5.99	6.05	5.83	5.85	1050681	18712132.000
11/04/2011	5.86	5.95	5.78	5.89	559732	9855544.000
11/07/2011	5.95	6.12	5.93	6.00	1150632	20843340.000
11/08/2011	5.96	6.06	5.83	5.96	584951	10427538.000
11/09/2011	5.93	6.05	5.79	6.05	866639	15453165.000
11/10/2011	5.96	6.32	5.89	6.13	1792636	33046556.000
11/11/2011	6.13	6.26	6.03	6.13	1258378	23282042.000
11/14/2011	6.18	6.42	6.18	6.29	1271650	24125172.000
11/15/2011	6.31	6.33	6.17	6.25	721483	13496772.000
11/16/2011	6.25	6.41	6.05	6.08	1189995	22358046.000
11/17/2011	6.09	6.22	5.97	6.08	778305	14256408.000
11/18/2011	5.99	6.03	5.81	5.83	619899	10977876.000
11/22/2011	5.68	5.71	5.53	5.69	744134	12588664.000
11/23/2011	5.68	5.82	5.66	5.76	643848	11124319.000
11/24/2011	5.66	5.72	5.56	5.63	434098	7347597.000
11/25/2011	5.66	5.68	5.56	5.58	292792	4927904.000
11/28/2011	5.50	5.63	5.50	5.51	427969	7140007.000
11/29/2011	5.59	5.60	5.49	5.59	598996	10005284.000
11/30/2011	5.61	5.61	5.12	5.18	682551	10933577.000
12/01/2011	5.33	5.40	5.25	5.29	548268	8781078.000
12/02/2011	5.31	5.43	5.25	5.38	783289	12644623.000
12/05/2011	5.36	5.51	5.22	5.51	590418	9570635.000
12/06/2011	5.48	5.63	5.35	5.60	430115	7145600.000
12/07/2011	5.56	5.69	5.49	5.63	487758	8235551.500
12/08/2011	5.58	5.73	5.52	5.63	433375	7337064.000
12/09/2011	5.56	5.72	5.56	5.69	538522	9119996.000
12/12/2011	5.69	5.82	5.56	5.66	333320	5694408.000
12/13/2011	5.66	5.66	5.41	5.65	495056	8193732.500
12/14/2011	5.65	5.65	5.51	5.65	324045	5462708.500
12/15/2011	5.54	5.73	5.52	5.73	401993	6779778.500
12/16/2011	5.69	6.30	5.62	6.26	1260512	22800098.000
12/19/2011	6.16	6.33	6.06	6.32	1583057	29343064.000
12/20/2011	6.26	6.27	5.95	5.98	2393412	43670072.000
12/21/2011	5.96	6.02	5.67	5.68	2013178	35350440.000
12/22/2011	5.43	5.49	5.11	5.22	2649787	41464652.000
12/23/2011	5.18	5.24	5.02	5.22	1115133	17226648.000
12/26/2011	5.13	5.26	5.05	5.06	582431	9001363.000
12/27/2011	5.04	5.10	4.55	4.56	1091165	15585981.000
12/28/2011	4.46	4.54	4.40	4.53	432018	5809210.500
12/29/2011	4.48	4.56	4.48	4.52	315636	4290508.000
12/30/2011	4.55	4.64	4.55	4.60	380742	5265706.000
01/04/2012	4.66	4.71	4.25	4.33	288064	3939176.500
01/05/2012	4.31	4.31	4.07	4.08	369906	4656599.000
01/06/2012	4.12	4.16	3.91	4.12	343052	4158773.500
01/09/2012	4.09	4.37	4.06	4.33	458509	5848457.500
01/10/2012	4.33	4.52	4.26	4.48	570331	7605103.500
01/11/2012	4.49	4.59	4.44	4.51	680559	9216427.000
01/12/2012	4.51	4.57	4.39	4.41	480678	6461345.000
01/13/2012	4.41	4.45	4.16	4.17	543421	6967270.500
01/16/2012	4.12	4.22	4.01	4.03	325841	4029620.000
01/17/2012	4.01	4.27	3.99	4.26	521382	6510432.500
01/18/2012	4.31	4.31	4.08	4.12	362722	4561220.000
01/19/2012	4.12	4.24	4.05	4.20	241894	3036470.000
01/20/2012	4.19	4.27	4.17	4.27	433895	5517726.000
01/30/2012	4.27	4.33	4.22	4.25	312930	4009795.250
01/31/2012	4.18	4.24	4.13	4.19	216222	2708150.500
02/01/2012	4.18	4.24	4.16	4.18	211070	2667283.000
02/02/2012	4.19	4.26	4.14	4.24	268652	3405829.000
02/03/2012	4.24	4.38	4.21	4.35	474649	6144311.500
02/06/2012	4.39	4.65	4.33	4.64	1388894	18851208.000
02/07/2012	4.54	4.55	4.39	4.43	1066406	14260316.000
02/08/2012	4.36	4.53	4.36	4.51	634904	8527132.000
02/09/2012	4.49	4.59	4.49	4.53	556383	7599748.500
02/10/2012	4.57	4.57	4.47	4.49	469671	6359978.000
02/13/2012	4.46	4.59	4.46	4.55	580132	7885037.500
02/14/2012	4.55	4.58	4.50	4.52	302322	4107224.750
02/15/2012	4.55	4.66	4.51	4.65	738802	10240234.000
02/16/2012	4.69	5.03	4.69	4.76	1591757	23098228.000
02/17/2012	4.72	4.82	4.67	4.78	736446	10497198.000
02/20/2012	4.80	4.86	4.70	4.73	596499	8565021.000
02/21/2012	4.72	4.75	4.63	4.74	582407	8221732.000
02/22/2012	4.76	4.95	4.72	4.95	1289627	18771184.000
02/23/2012	4.93	5.04	4.87	4.99	1095459	16320247.000
02/24/2012	4.99	4.99	4.91	4.99	681623	10167042.000
02/27/2012	4.96	5.02	4.90	4.91	840349	12521659.000
02/28/2012	4.90	4.94	4.73	4.75	759213	10980578.000
02/29/2012	4.76	4.78	4.72	4.72	462191	6591914.000
03/01/2012	4.76	4.81	4.72	4.75	383566	5491843.500
03/02/2012	4.75	4.83	4.75	4.82	372801	5377831.000
03/05/2012	4.83	4.88	4.78	4.82	331126	4797333.500
03/06/2012	4.83	4.83	4.68	4.71	395406	5605623.500
03/07/2012	4.71	4.76	4.65	4.69	367801	5207909.500
03/08/2012	4.69	4.80	4.69	4.77	605683	8650062.000
03/09/2012	4.78	4.91	4.76	4.86	663002	9609706.000
03/12/2012	4.88	4.90	4.81	4.85	351908	5135526.500
03/13/2012	4.84	4.91	4.84	4.89	578939	8471446.000
03/14/2012	4.90	4.98	4.60	4.63	1040771	15105876.000
03/15/2012	4.66	4.70	4.45	4.52	683682	9319754.000
03/16/2012	4.56	4.63	4.50	4.63	481635	6632733.500
03/19/2012	4.60	4.68	4.58	4.68	391231	5453014.500
03/20/2012	4.69	4.69	4.50	4.53	365385	5065136.500
03/21/2012	4.54	4.58	4.46	4.55	238947	3247697.000
03/22/2012	4.54	4.57	4.50	4.53	273040	3714187.000
03/23/2012	4.50	4.53	4.46	4.46	195540	2630561.000
03/27/2012	4.46	4.53	4.44	4.44	188556	2531605.750
03/28/2012	4.43	4.43	4.06	4.14	752821	9471447.000
03/29/2012	4.18	4.18	4.02	4.06	326466	4000102.500
03/30/2012	4.15	4.15	4.00	4.03	250909	3048025.750
04/05/2012	4.00	4.12	4.00	4.10	266178	3264501.500
04/06/2012	4.10	4.13	4.09	4.13	330019	4071995.750
04/09/2012	4.14	4.14	4.07	4.08	152614	1878697.750
04/10/2012	4.07	4.12	3.96	4.12	178114	2169173.750
04/11/2012	4.12	4.16	4.04	4.15	248818	3086742.750
04/12/2012	4.16	4.32	4.16	4.26	752506	9579209.000
04/13/2012	4.21	4.29	4.19	4.26	462493	5895016.500
04/16/2012	4.20	4.28	4.19	4.25	258003	3283412.250
04/17/2012	4.28	4.28	4.19	4.23	242800	3082986.500
04/18/2012	4.27	4.31	4.21	4.30	730507	9355861.000
04/19/2012	4.31	4.32	4.26	4.29	296727	3819616.000
04/20/2012	4.31	4.31	4.23	4.30	411376	5301158.000
04/23/2012	4.21	4.29	3.89	3.89	1541395	18519654.000
04/24/2012	3.89	3.94	3.71	3.84	967121	11047269.000
04/25/2012	3.79	3.86	3.76	3.86	496219	5700188.000
04/26/2012	3.86	3.87	3.75	3.87	1529730	17475524.000
04/27/2012	3.83	3.87	3.80	3.83	977035	11233392.000
05/02/2012	3.84	3.85	3.76	3.84	699338	8036997.000
05/03/2012	3.85	3.86	3.79	3.84	435448	5011860.000
05/04/2012	3.85	3.91	3.81	3.90	652583	7592329.500
05/07/2012	3.88	3.89	3.83	3.89	902899	10464372.000
05/08/2012	3.89	3.98	3.89	3.95	1080303	12782281.000
05/09/2012	3.91	3.93	3.81	3.84	595796	6908406.500
05/10/2012	3.82	3.92	3.82	3.88	519148	6048095.000
05/11/2012	3.89	3.91	3.87	3.87	428561	5007321.500
05/14/2012	3.92	3.93	3.84	3.88	421611	4920678.000
05/15/2012	3.87	3.87	3.77	3.84	433883	4959875.000
05/16/2012	3.84	3.86	3.78	3.79	246700	2822960.250
05/17/2012	3.79	3.84	3.72	3.81	500005	5708120.500
05/18/2012	3.79	3.91	3.78	3.83	859372	9981429.000
05/21/2012	3.84	3.89	3.79	3.86	533858	6169967.500
05/22/2012	3.88	3.94	3.83	3.88	609227	7086493.000
05/23/2012	3.89	3.89	3.74	3.77	654150	7467316.000
05/24/2012	3.75	3.81	3.75	3.77	471792	5355789.500
05/25/2012	3.76	3.78	3.65	3.66	545922	6089771.000
05/28/2012	3.71	3.71	3.62	3.70	518499	5721691.000
05/29/2012	3.69	3.77	3.67	3.77	714518	8022622.000
05/30/2012	3.76	3.96	3.73	3.86	1000815	11530219.000
05/31/2012	3.84	3.89	3.76	3.87	711288	8187394.500
06/01/2012	3.80	3.91	3.80	3.85	418038	4847505.500
06/04/2012	3.81	3.81	3.63	3.65	875912	9784481.000
06/05/2012	3.69	3.70	3.63	3.67	308499	3395896.500
06/06/2012	3.68	3.73	3.65	3.67	294743	3254068.250
06/07/2012	3.69	3.73	3.65	3.69	398318	4421345.000
06/08/2012	3.73	3.74	3.54	3.65	442309	4902118.500
06/11/2012	3.67	3.72	3.61	3.71	526855	5818672.000
06/12/2012	3.66	3.75	3.66	3.72	873147	9709503.000
06/13/2012	3.73	3.80	3.72	3.80	1233373	13974366.000
06/14/2012	3.79	3.79	3.70	3.72	1460194	16438400.000
06/15/2012	3.71	3.76	3.69	3.76	799368	8966627.000
06/18/2012	3.77	3.82	3.74	3.81	980462	11162711.000
06/19/2012	3.80	3.80	3.73	3.76	687706	7783291.000
06/20/2012	3.76	3.86	3.76	3.85	1289856	14840597.000
06/21/2012	3.83	3.93	3.78	3.82	1583594	18370530.000
06/25/2012	3.82	3.83	3.67	3.72	771406	8641439.000
06/26/2012	3.73	3.74	3.66	3.71	563254	6265665.500
06/27/2012	3.71	4.08	3.67	3.95	4670964	56188384.000
06/28/2012	3.89	3.97	3.85	3.89	2068791	24302040.000
06/29/2012	3.86	3.90	3.74	3.84	2044161	23276178.000
07/02/2012	3.86	4.01	3.84	3.95	1999292	23622250.000
07/03/2012	3.93	4.10	3.87	4.08	2609095	31337596.000
07/04/2012	4.05	4.09	3.95	3.97	1462071	17585606.000
07/05/2012	3.91	3.97	3.88	3.94	907691	10696304.000
07/06/2012	3.94	3.98	3.82	3.96	1128517	13254823.000
07/09/2012	3.95	3.95	3.81	3.81	904426	10556618.000
07/10/2012	3.81	3.81	3.70	3.72	607896	6846244.000
07/11/2012	3.75	3.81	3.72	3.75	521819	5891802.500
07/12/2012	3.66	3.69	3.40	3.46	2230471	23366388.000
07/13/2012	3.39	3.44	3.36	3.36	1099674	11249873.000
07/16/2012	3.38	3.38	3.23	3.26	942842	9368913.000
07/17/2012	3.26	3.31	3.24	3.29	624704	6148415.000
07/18/2012	3.29	3.30	3.16	3.28	901456	8769994.000
07/19/2012	3.28	3.36	3.24	3.33	782932	7799403.500
07/20/2012	3.33	3.43	3.31	3.36	1017209	10300970.000
07/23/2012	3.33	3.36	3.28	3.34	324584	3241454.750
07/24/2012	3.37	3.39	3.31	3.37	342276	3455349.750
07/25/2012	3.36	3.42	3.33	3.37	371111	3766871.000
07/26/2012	3.37	3.38	3.28	3.29	428321	4280301.500
07/27/2012	3.32	3.34	3.27	3.33	288252	2864369.000
07/30/2012	3.38	3.38	3.07	3.10	962916	9244347.000
07/31/2012	3.10	3.10	3.00	3.03	376910	3447118.250
08/01/2012	3.06	3.10	3.03	3.05	317651	2925751.750
08/02/2012	3.07	3.11	3.03	3.03	331899	3055706.250
08/03/2012	3.05	3.10	3.02	3.10	394293	3636935.250
08/06/2012	3.06	3.19	3.06	3.18	592461	5564800.500
08/07/2012	3.17	3.21	3.17	3.20	449090	4308223.000
08/08/2012	3.20	3.22	3.17	3.19	465700	4465286.000
08/09/2012	3.19	3.25	3.17	3.24	357151	3446512.500
08/10/2012	3.24	3.49	3.20	3.34	1352676	13751129.000
08/13/2012	3.32	3.36	3.22	3.22	632600	6241377.500
08/14/2012	3.18	3.29	3.14	3.24	448211	4311706.500
08/15/2012	3.28	3.29	3.21	3.25	287721	2810364.750
08/16/2012	3.22	3.24	3.19	3.22	295578	2853647.750
08/17/2012	3.20	3.20	3.14	3.16	330656	3146629.500
08/20/2012	3.09	3.18	3.09	3.18	333407	3150344.250
08/21/2012	3.17	3.27	3.13	3.26	528087	5133102.000
08/22/2012	3.24	3.30	3.21	3.21	287810	2802482.000
08/23/2012	3.21	3.30	3.17	3.28	403989	3941156.000
08/24/2012	3.28	3.29	3.20	3.20	308712	3005872.250
08/27/2012	3.19	3.19	3.09	3.09	369007	3448111.000
08/28/2012	3.07	3.17	3.07	3.14	310579	2921191.000
08/29/2012	3.12	3.17	3.10	3.14	353300	3342627.250
08/30/2012	3.10	3.18	3.03	3.07	267921	2501975.500
08/31/2012	3.12	3.20	3.08	3.16	425245	4019684.000
09/03/2012	3.14	3.29	3.13	3.24	443102	4289375.000
09/04/2012	3.21	3.26	3.20	3.22	347200	3375995.250
09/05/2012	3.24	3.32	3.20	3.28	583366	5742984.000
09/06/2012	3.28	3.32	3.25	3.31	466199	4595572.500
09/07/2012	3.34	3.42	3.29	3.38	690334	7001146.500
09/10/2012	3.38	3.47	3.36	3.44	662210	6808335.500
09/11/2012	3.42	3.45	3.39	3.43	404488	4146813.250
09/12/2012	3.41	3.49	3.33	3.40	738250	7491672.500
09/13/2012	3.39	3.43	3.35	3.39	614247	6271416.500
09/14/2012	3.40	3.44	3.34	3.39	584605	5951457.500
09/17/2012	3.36	3.38	3.27	3.28	581799	5790376.000
09/18/2012	3.31	3.31	3.23	3.24	353597	3460259.750
09/19/2012	3.27	3.28	3.20	3.20	409627	3991353.500
09/20/2012	3.24	3.24	3.04	3.04	1244950	11645774.000
09/21/2012	3.04	3.07	3.00	3.01	501218	4581383.000
09/24/2012	3.01	3.05	2.99	3.04	329710	2994442.750
09/25/2012	3.04	3.04	3.01	3.03	221731	2019750.875
09/26/2012	3.02	3.07	2.92	2.95	410698	3689248.250
09/27/2012	2.93	3.02	2.91	3.00	543301	4873509.000
09/28/2012	2.98	3.04	2.98	3.04	472330	4289906.500
10/08/2012	3.05	3.07	3.04	3.06	414563	3805835.000
10/09/2012	3.06	3.16	3.05	3.15	943882	8835865.000
10/10/2012	3.12	3.17	3.10	3.16	895214	8445156.000
10/11/2012	3.16	3.16	3.09	3.10	593376	5568548.000
10/12/2012	3.09	3.14	3.03	3.06	444376	4109040.250
10/15/2012	3.09	3.09	3.00	3.01	345599	3142496.250
10/16/2012	3.02	3.06	3.00	3.03	368710	3357678.250
10/17/2012	3.04	3.05	3.00	3.04	272664	2487757.250
10/18/2012	3.03	3.11	3.03	3.09	441831	4082087.250
10/19/2012	3.08	3.11	3.07	3.09	299491	2783687.500
10/22/2012	2.96	3.12	2.96	3.11	378589	3512160.250
10/23/2012	3.08	3.11	3.03	3.03	458290	4228003.000
10/24/2012	3.01	3.08	3.01	3.05	324451	2975194.750
10/25/2012	3.05	3.09	3.04	3.07	400160	3681551.500
10/26/2012	3.08	3.09	2.96	2.98	430100	3878946.500
10/29/2012	2.97	3.00	2.94	2.94	282340	2510030.250
10/30/2012	2.96	2.99	2.94	2.95	252636	2251913.000
10/31/2012	2.95	2.99	2.93	2.98	119551	1066889.000
11/01/2012	2.98	3.05	2.98	3.05	388745	3538452.500
11/02/2012	3.05	3.06	3.03	3.05	363714	3329564.000
11/05/2012	3.05	3.06	3.02	3.04	461500	4214606.000
11/06/2012	3.04	3.07	2.95	2.98	445802	3998992.250
11/07/2012	3.01	3.06	2.98	3.04	463269	4221355.500
11/08/2012	3.03	3.03	2.89	2.91	710140	6287431.000
11/09/2012	2.89	2.92	2.85	2.87	462253	3999570.250
11/12/2012	2.89	2.91	2.84	2.91	339699	2956447.000
11/13/2012	2.91	2.92	2.86	2.87	386774	3350807.500
11/14/2012	2.87	2.91	2.85	2.89	306590	2655721.250
11/15/2012	2.89	2.90	2.83	2.83	372888	3221500.000
11/16/2012	2.82	2.89	2.81	2.84	403090	3453675.500
11/19/2012	2.81	2.87	2.80	2.87	385849	3280326.500
11/20/2012	2.87	2.89	2.83	2.83	251798	2162839.250
11/21/2012	2.83	2.91	2.80	2.91	1362910	11713951.000
11/22/2012	2.89	2.91	2.86	2.87	602089	5221936.500
11/23/2012	2.87	2.90	2.85	2.88	414900	3596909.500
11/26/2012	2.89	2.90	2.83	2.84	534201	4603309.500
11/27/2012	2.80	2.88	2.68	2.69	765920	6411470.500
11/28/2012	2.68	2.69	2.61	2.63	424394	3373235.500
11/29/2012	2.63	2.66	2.60	2.60	217450	1718301.500
11/30/2012	2.59	2.64	2.58	2.64	202857	1600114.000
12/03/2012	2.63	2.67	2.50	2.52	494169	3805404.750
12/04/2012	2.52	2.57	2.49	2.57	363437	2769631.750
12/05/2012	2.58	2.67	2.56	2.65	845061	6705032.000
12/06/2012	2.65	2.66	2.61	2.63	312451	2476953.000
12/07/2012	2.62	2.69	2.59	2.69	814947	6519949.000
12/10/2012	2.69	2.74	2.68	2.72	772623	6297851.000
12/11/2012	2.73	2.75	2.69	2.69	688893	5629046.000
12/12/2012	2.71	2.71	2.66	2.69	669402	5399215.500
12/13/2012	2.69	2.71	2.66	2.66	475403	3835849.500
12/14/2012	2.67	2.78	2.65	2.78	924717	7627042.000
12/17/2012	2.77	2.81	2.75	2.78	693060	5789030.500
12/18/2012	2.77	2.80	2.68	2.76	1194591	9930692.000
12/19/2012	2.75	2.78	2.74	2.77	532670	4424019.500
12/20/2012	2.76	2.81	2.74	2.81	871492	7282953.500
12/21/2012	2.81	2.85	2.77	2.82	1560124	13158916.000
12/24/2012	2.81	2.83	2.79	2.80	1384319	11678588.000
12/25/2012	2.80	2.87	2.79	2.87	1468278	12517234.000
12/26/2012	2.86	2.96	2.86	2.94	1803850	15774073.000
12/27/2012	2.92	2.94	2.86	2.87	1488095	12986551.000
12/28/2012	2.87	2.94	2.86	2.93	998950	8722423.000
12/31/2012	2.91	3.01	2.90	2.94	1224523	10879765.000
01/04/2013	2.96	2.98	2.88	2.93	810805	7148389.500
01/07/2013	2.91	2.97	2.89	2.97	917064	8108158.500
01/08/2013	2.98	3.18	2.96	3.08	3158021	29220454.000
01/09/2013	3.06	3.06	2.98	3.01	1568505	14286322.000
01/10/2013	3.00	3.07	3.00	3.03	1021230	9315287.000
01/11/2013	3.05	3.08	3.00	3.02	1481319	13538490.000
01/14/2013	3.02	3.16	2.99	3.11	2182744	20165114.000
01/15/2013	3.10	3.29	3.08	3.20	2428365	23021102.000
01/16/2013	3.23	3.35	3.15	3.24	3538476	34616684.000
01/17/2013	3.24	3.24	3.11	3.14	1719205	16346269.000
01/18/2013	3.15	3.18	3.10	3.18	997854	9458579.000
01/21/2013	3.16	3.19	3.14	3.17	990818	9451930.000
01/22/2013	3.14	3.19	3.05	3.08	1247015	11713085.000
01/23/2013	3.08	3.10	3.02	3.08	868780	7990776.000
01/24/2013	3.08	3.11	2.95	2.96	995133	9035001.000
01/25/2013	2.98	3.00	2.95	2.97	507829	4537421.500
01/28/2013	2.99	3.08	2.98	3.08	937926	8553594.000
01/29/2013	3.06	3.10	3.03	3.06	1068810	9877050.000
01/30/2013	3.08	3.08	3.03	3.06	829092	7601844.500
01/31/2013	3.05	3.07	2.99	3.04	597293	5466471.500
02/01/2013	3.03	3.10	3.02	3.09	864116	7973571.000
02/04/2013	3.09	3.11	3.06	3.08	590989	5473002.000
02/05/2013	3.07	3.10	3.05	3.10	652777	6042914.000
02/06/2013	3.11	3.14	3.10	3.11	659215	6173097.000
02/07/2013	3.11	3.13	3.09	3.12	600457	5619492.500
02/08/2013	3.12	3.17	3.12	3.17	717655	6794509.500
02/18/2013	3.17	3.19	3.13	3.18	926168	8789500.000
02/19/2013	3.18	3.19	3.12	3.13	814037	7701420.000
02/20/2013	3.12	3.23	3.12	3.21	1024082	9770279.000
02/21/2013	3.21	3.25	3.13	3.18	1220740	11694193.000
02/22/2013	3.18	3.25	3.14	3.19	1306070	12547706.000
02/25/2013	3.18	3.22	3.18	3.20	740224	7125458.500
02/26/2013	3.21	3.24	3.16	3.16	1232695	11910016.000
02/27/2013	3.15	3.18	3.11	3.12	1088809	10257883.000
02/28/2013	3.15	3.19	3.13	3.18	847880	8062650.000
03/01/2013	3.19	3.35	3.19	3.31	3018255	29941896.000
03/04/2013	3.26	3.35	3.22	3.23	1951361	19292364.000
03/05/2013	3.22	3.41	3.21	3.41	2269295	22779614.000
03/06/2013	3.38	3.57	3.36	3.55	3058999	32245464.000
03/07/2013	3.53	3.61	3.47	3.48	2245981	23806922.000
03/08/2013	3.49	3.50	3.39	3.39	1582183	16356644.000
03/11/2013	3.39	3.67	3.37	3.63	2199947	23441902.000
03/12/2013	3.61	3.68	3.43	3.48	1696261	18002624.000
03/13/2013	3.48	3.48	3.33	3.38	1169752	11959831.000
03/14/2013	3.38	3.48	3.36	3.46	834605	8615890.000
03/15/2013	3.46	3.55	3.40	3.45	836712	8706465.000
03/18/2013	3.44	3.50	3.38	3.43	870671	8946771.000
03/19/2013	3.39	3.46	3.35	3.44	571312	5832815.500
03/20/2013	3.43	3.54	3.40	3.54	679118	7113246.000
03/21/2013	3.54	3.62	3.51	3.55	773041	8284564.500
03/22/2013	3.56	3.71	3.56	3.61	1542642	16846294.000
03/25/2013	3.58	3.68	3.58	3.61	811729	8857753.000
03/26/2013	3.60	3.64	3.53	3.60	599820	6502094.500
03/27/2013	3.61	3.70	3.56	3.62	824029	9012944.000
03/28/2013	3.61	3.61	3.41	3.44	1149225	12090830.000
03/29/2013	3.43	3.46	3.33	3.39	954436	9704985.000
04/01/2013	3.41	3.48	3.36	3.45	561609	5767532.500
04/02/2013	3.45	3.47	3.31	3.33	746582	7588246.500
04/03/2013	3.29	3.36	3.26	3.29	562047	5550088.000
04/08/2013	3.26	3.35	3.20	3.33	411105	4043169.500
04/09/2013	3.37	3.38	3.33	3.34	167781	1689428.500
04/10/2013	3.37	3.41	3.28	3.34	333808	3346647.500
04/11/2013	3.34	3.38	3.33	3.34	263312	2652267.500
04/12/2013	3.37	3.38	3.31	3.33	157108	1582317.625
04/15/2013	3.33	3.38	3.30	3.34	319000	3196555.500
04/17/2013	3.29	3.29	3.14	3.19	1099791	10604533.000
04/18/2013	3.19	3.26	3.16	3.24	514326	4964803.500
04/19/2013	3.24	3.30	3.22	3.29	512625	5052006.500
04/22/2013	3.26	3.42	3.26	3.37	452656	4584673.500
04/23/2013	3.34	3.39	3.29	3.32	479370	4786953.500
04/24/2013	3.45	3.65	3.43	3.65	3952469	42410532.000
04/25/2013	3.56	3.81	3.53	3.69	4121717	45639764.000
04/26/2013	3.67	3.67	3.52	3.56	1650349	17850972.000
05/02/2013	3.60	3.64	3.53	3.60	1163176	12552155.000
05/03/2013	3.60	3.71	3.56	3.64	1478036	16210414.000
05/06/2013	3.65	3.79	3.63	3.70	1540008	17153754.000
05/07/2013	3.69	3.76	3.65	3.74	1406287	15638665.000
05/08/2013	3.76	3.85	3.71	3.81	1832640	20832174.000
05/09/2013	3.80	3.81	3.73	3.77	1387320	15670355.000
05/10/2013	3.76	4.13	3.75	4.00	3180224	38089960.000
05/13/2013	4.03	4.21	3.95	4.14	3416417	42540860.000
05/14/2013	4.07	4.16	4.00	4.02	1690053	20624776.000
05/15/2013	4.00	4.11	4.00	4.07	1348466	16402782.000
05/16/2013	3.99	4.09	3.90	3.97	1686830	20208942.000
05/17/2013	3.97	4.09	3.91	4.01	1637689	19762096.000
05/20/2013	4.00	4.16	4.00	4.13	1795755	22118178.000
05/21/2013	4.14	4.23	4.05	4.23	1913036	23840656.000
05/22/2013	4.20	4.36	4.07	4.11	2220996	28221146.000
05/23/2013	4.09	4.19	4.03	4.06	1672022	20515752.000
05/24/2013	4.08	4.14	4.04	4.13	1201803	14774350.000
05/27/2013	4.16	4.25	4.09	4.14	1329969	16664329.000
05/28/2013	4.09	4.17	3.97	3.99	2070600	25028634.000
05/29/2013	3.99	4.04	3.97	4.02	1553024	18676176.000
05/30/2013	3.99	4.06	3.97	4.04	784050	9477631.000
05/31/2013	4.01	4.11	4.01	4.06	1370525	16768401.000
06/03/2013	4.13	4.47	4.08	4.32	4019359	51827380.000
06/04/2013	4.37	4.39	4.08	4.12	3161700	40413916.000
06/05/2013	4.15	4.53	4.15	4.53	2701387	36202920.000
06/06/2013	4.66	4.73	4.29	4.36	6020692	81345616.000
06/07/2013	4.13	4.30	4.00	4.00	4083519	51055836.000
06/13/2013	3.95	3.99	3.72	3.95	2247034	26057496.000
06/14/2013	3.97	4.23	3.86	4.06	4274584	26229056.000
06/17/2013	4.06	4.06	3.87	3.88	3529799	21106860.000
06/18/2013	3.84	3.91	3.75	3.85	3283953	18913330.000
06/19/2013	3.84	3.91	3.67	3.85	2400690	13672667.000
06/20/2013	3.83	3.90	3.72	3.75	1769575	10190314.000
06/21/2013	3.76	3.78	3.56	3.68	2264554	12432766.000
06/24/2013	3.67	3.67	3.31	3.31	4745506	24209356.000
06/25/2013	3.31	3.49	2.99	3.38	6248883	30025964.000
06/26/2013	3.32	3.46	3.27	3.43	3794423	19282202.000
06/27/2013	3.43	3.53	3.19	3.21	3429210	17397798.000
06/28/2013	3.19	3.27	3.13	3.18	2249700	10795659.000
07/01/2013	3.18	3.32	3.15	3.30	1564861	7663384.000
07/02/2013	3.30	3.51	3.28	3.47	2964591	15167487.000
07/03/2013	3.43	3.49	3.35	3.44	2742629	14075213.000
07/04/2013	3.41	3.55	3.39	3.47	2494782	13023480.000
07/05/2013	3.46	3.50	3.37	3.38	1885790	9771790.000
07/08/2013	3.33	3.34	3.18	3.19	2104723	10228013.000
07/09/2013	3.18	3.23	3.11	3.19	1473015	6986841.500
07/10/2013	3.16	3.29	3.15	3.29	1449844	7093466.000
07/11/2013	3.27	3.44	3.25	3.40	2324052	11799502.000
07/12/2013	3.38	3.47	3.37	3.42	2743224	14119902.000
07/15/2013	3.42	3.52	3.37	3.51	2316363	12066825.000
07/16/2013	3.49	3.55	3.45	3.53	2253565	11832830.000
07/17/2013	3.52	3.55	3.44	3.45	2284875	11994350.000
07/18/2013	3.43	3.52	3.40	3.51	2034344	10608820.000
07/19/2013	3.53	3.65	3.49	3.51	3968391	21261362.000
07/22/2013	3.45	3.60	3.45	3.58	2245168	11839656.000
07/23/2013	3.58	3.73	3.58	3.71	4612299	25444936.000
07/24/2013	3.71	3.77	3.63	3.73	2746006	15218073.000
07/25/2013	3.73	4.01	3.69	3.93	8339709	48482056.000
07/26/2013	3.86	4.33	3.78	4.33	13807854	85779240.000
07/29/2013	4.33	4.73	4.19	4.56	14948419	101517240.000
07/30/2013	4.46	4.52	4.25	4.43	9566287	62738816.000
07/31/2013	4.33	4.43	4.20	4.32	8156836	52665192.000
08/01/2013	4.27	4.50	4.23	4.43	8439738	55462120.000
08/02/2013	4.39	4.42	4.19	4.23	7710638	49927160.000
08/05/2013	4.23	4.35	4.19	4.30	5104864	32994452.000
08/06/2013	4.26	4.73	4.23	4.73	9789970	66614200.000
08/07/2013	4.79	5.17	4.75	4.83	16449868	121529160.000
08/08/2013	4.74	4.79	4.59	4.65	8285724	58263744.000
08/09/2013	4.56	4.65	4.31	4.49	7587012	51285836.000
08/12/2013	4.41	4.58	4.41	4.54	4569278	30827312.000
08/13/2013	4.54	4.69	4.43	4.59	5835265	40174184.000
08/14/2013	4.59	4.65	4.47	4.50	4553059	31090050.000
08/15/2013	4.51	4.55	4.33	4.34	4485919	29826090.000
08/16/2013	4.36	4.65	4.36	4.39	6109409	41362968.000
08/19/2013	4.25	4.45	4.23	4.41	3726969	24316880.000
08/20/2013	4.39	4.72	4.37	4.65	7270163	50290948.000
08/21/2013	4.63	4.72	4.50	4.72	5072178	35349008.000
08/22/2013	4.66	4.81	4.59	4.62	4688504	33083064.000
08/23/2013	4.61	4.73	4.39	4.45	4784788	32783384.000
08/26/2013	4.44	4.58	4.33	4.58	3833605	25603540.000
08/27/2013	4.54	4.57	4.43	4.51	3339522	22518038.000
08/28/2013	4.46	4.49	4.33	4.33	3794761	25087248.000
08/29/2013	4.38	4.38	4.25	4.28	2365358	15274680.000
08/30/2013	4.26	4.35	4.03	4.11	2934536	18653806.000
09/02/2013	4.13	4.28	4.07	4.17	2255857	14126020.000
09/03/2013	4.17	4.27	4.17	4.27	1757415	11164978.000
09/04/2013	4.28	4.29	4.21	4.22	1938565	12337408.000
09/05/2013	4.22	4.25	4.12	4.19	1901221	11947096.000
09/06/2013	4.19	4.19	4.09	4.15	2158087	13422406.000
09/09/2013	4.15	4.25	4.15	4.21	2587906	16323632.000
09/10/2013	4.21	4.32	4.20	4.25	3035795	19423464.000
09/11/2013	4.25	4.25	4.06	4.11	3035452	18873000.000
09/12/2013	4.09	4.16	4.06	4.08	1919758	11830956.000
09/13/2013	4.06	4.13	4.02	4.11	1754222	10755689.000
09/16/2013	4.09	4.17	4.09	4.13	1590875	9906542.000
09/17/2013	4.11	4.23	4.09	4.09	1467300	9134671.000
09/18/2013	4.07	4.21	4.07	4.19	2040577	12754602.000
09/23/2013	4.23	4.31	4.20	4.26	3378173	21605996.000
09/24/2013	4.27	4.39	4.23	4.35	4196313	27315472.000
09/25/2013	4.38	4.78	4.35	4.64	15424086	108796384.000
09/26/2013	4.55	4.57	4.38	4.46	7234056	48879508.000
09/27/2013	4.43	4.55	4.39	4.47	3666291	24678764.000
09/30/2013	4.47	4.52	4.41	4.47	2134288	14264253.000
10/08/2013	4.43	4.55	4.41	4.53	3110919	20904540.000
10/09/2013	4.53	4.65	4.47	4.65	3896556	26776628.000
10/10/2013	4.66	4.67	4.45	4.51	4934789	33516826.000
10/11/2013	4.51	4.53	4.39	4.45	5349604	35857260.000
10/14/2013	4.46	4.51	4.39	4.48	3322746	22265000.000
10/15/2013	4.45	4.45	4.31	4.32	6166292	40304648.000
10/16/2013	4.32	4.34	4.10	4.14	4201361	26358236.000
10/17/2013	4.14	4.25	4.14	4.21	2644686	16669904.000
10/18/2013	4.19	4.23	4.13	4.17	3153126	19755184.000
10/21/2013	4.17	4.29	4.13	4.26	2580424	16361539.000
10/22/2013	4.25	4.57	4.25	4.41	7453615	49799388.000
10/23/2013	4.36	4.47	4.25	4.28	4491633	29462906.000
10/24/2013	4.26	4.36	4.23	4.31	1932479	12437611.000
10/25/2013	4.36	4.58	4.32	4.43	5883964	39316688.000
10/28/2013	4.42	4.49	4.35	4.44	3662702	24418808.000
10/29/2013	4.44	4.44	3.99	4.09	5308482	33343188.000
10/30/2013	4.11	4.16	4.03	4.13	2163166	13334295.000
10/31/2013	4.13	4.15	4.03	4.11	1669703	10281219.000
11/01/2013	4.11	4.11	3.89	3.99	2907457	17537062.000
03/04/2014	4.39	4.39	4.39	4.39	84667	557955.500
03/05/2014	4.83	4.83	4.83	4.83	62553	453509.250
03/06/2014	5.31	5.31	5.31	5.31	262710	2096425.750
03/07/2014	5.85	5.85	5.85	5.85	1082526	9504578.000
03/10/2014	6.43	6.43	6.35	6.43	25417445	245460576.000
03/11/2014	6.16	6.17	5.79	5.79	25757647	228331440.000
03/12/2014	5.54	5.77	5.33	5.51	16110518	133946304.000
03/13/2014	5.66	5.73	5.45	5.51	7492646	62590496.000
03/14/2014	5.39	5.72	5.35	5.52	7600000	63703180.000
03/17/2014	5.65	5.70	5.45	5.63	7994621	66948312.000
03/18/2014	5.58	6.20	5.48	6.20	16807955	150605824.000
03/19/2014	6.39	6.75	6.09	6.30	24006348	230217408.000
03/20/2014	6.11	6.48	6.01	6.06	14444528	134950000.000
03/21/2014	5.97	6.03	5.66	5.87	10217420	89839480.000
03/24/2014	5.85	5.97	5.70	5.89	8781422	76680448.000
03/25/2014	5.81	5.96	5.67	5.71	7080469	61845116.000
03/26/2014	5.73	5.92	5.69	5.81	5696225	49735192.000
03/27/2014	5.80	5.80	5.44	5.46	6729061	56583820.000
03/28/2014	5.39	5.45	5.07	5.12	7595292	59930776.000
03/31/2014	5.12	5.32	5.09	5.13	4324038	33757144.000
04/01/2014	5.18	5.27	5.13	5.21	3835688	30041734.000
04/02/2014	5.23	5.38	5.15	5.35	5887175	46624676.000
04/03/2014	5.33	5.69	5.26	5.51	8553290	71206696.000
04/04/2014	5.45	5.53	5.40	5.53	4447913	36532708.000
04/08/2014	5.51	5.53	5.43	5.49	3936113	32458522.000
04/09/2014	5.51	5.63	5.49	5.60	4663492	38969796.000
04/10/2014	5.59	5.71	5.56	5.59	5694181	48256436.000
04/11/2014	5.55	5.56	5.40	5.41	4652019	38134764.000
04/14/2014	5.40	5.49	5.39	5.47	2860307	23398394.000
04/15/2014	5.46	5.52	5.41	5.45	2892658	23756044.000
04/16/2014	5.41	5.47	5.36	5.46	2547223	20738906.000
04/17/2014	5.47	5.49	5.43	5.44	1781459	14619194.000
04/18/2014	5.45	5.53	5.41	5.50	1842923	15178364.000
04/21/2014	5.49	5.56	5.41	5.44	2951624	24333110.000
04/22/2014	5.42	5.47	5.17	5.23	3720902	29562054.000
04/23/2014	5.23	5.28	5.19	5.23	1749822	13757774.000
04/24/2014	5.23	5.25	5.13	5.16	1821810	14211926.000
04/25/2014	5.21	5.21	5.01	5.03	2250878	17332850.000
04/28/2014	4.93	4.98	4.78	4.79	2105880	15453448.000
04/29/2014	4.83	4.95	4.79	4.93	1767260	12918748.000
04/30/2014	4.99	5.43	4.99	5.43	4766671	38414112.000
05/05/2014	5.47	5.85	5.43	5.71	15247985	128805992.000
05/06/2014	5.65	5.78	5.59	5.69	8361757	71193496.000
05/07/2014	5.60	5.91	5.60	5.75	9434877	81586184.000
05/08/2014	5.75	6.21	5.69	5.91	13463140	120674480.000
05/09/2014	5.94	6.16	5.61	5.75	14683264	85267680.000
05/12/2014	5.78	5.91	5.55	5.87	13562510	77838832.000
05/13/2014	5.80	5.86	5.57	5.65	9403934	53600464.000
05/14/2014	5.63	5.82	5.59	5.76	10312793	58860668.000
05/15/2014	5.70	5.79	5.40	5.44	9201017	51644428.000
05/16/2014	5.39	5.48	5.08	5.22	7460439	39337860.000
05/19/2014	5.19	5.39	5.12	5.31	6050029	31958964.000
05/20/2014	5.33	5.44	5.20	5.26	5499785	29323012.000
05/21/2014	5.22	5.35	5.17	5.34	3874142	20495246.000
05/22/2014	5.36	5.41	5.23	5.25	5784724	30893698.000
05/23/2014	5.23	5.35	5.23	5.34	3466577	18334284.000
05/26/2014	5.36	5.52	5.32	5.51	6234436	33838012.000
05/27/2014	5.51	5.95	5.47	5.76	12499509	71554912.000
05/28/2014	5.66	5.85	5.63	5.74	7546959	43232988.000
05/29/2014	5.73	5.88	5.61	5.84	8300774	47876852.000
05/30/2014	5.83	5.86	5.69	5.73	6480293	37381960.000
06/03/2014	5.74	5.78	5.60	5.61	4663832	26372158.000
06/04/2014	5.62	5.62	5.41	5.52	5505625	30202438.000
06/05/2014	5.47	6.07	5.47	6.07	21908128	131229080.000
06/06/2014	6.13	6.27	5.99	6.00	22054363	135557952.000
06/09/2014	5.95	6.16	5.87	6.12	14066589	84996264.000
06/10/2014	6.06	6.17	5.98	6.13	10291260	62687000.000
06/11/2014	6.13	6.59	6.12	6.28	17867304	113860616.000
06/12/2014	6.30	6.30	6.12	6.23	10705729	66237968.000
06/13/2014	6.21	6.35	6.06	6.26	7866785	48907820.000
06/16/2014	6.27	6.27	6.11	6.14	7580212	46699004.000
06/17/2014	6.16	6.24	6.07	6.10	6245904	38327056.000
06/18/2014	6.06	6.09	5.95	5.97	5656709	33989068.000
06/19/2014	5.94	6.03	5.73	5.82	5961363	35166220.000
06/20/2014	5.77	5.97	5.68	5.97	4337571	25454310.000
06/23/2014	5.97	6.08	5.96	5.99	5053327	30417680.000
06/24/2014	5.99	6.24	5.98	6.19	8640750	53258428.000
06/25/2014	6.18	6.36	6.09	6.11	8302795	51534964.000
06/26/2014	6.09	6.35	6.07	6.26	9081036	56651376.000
06/27/2014	6.23	6.25	6.09	6.16	6960271	42864420.000
06/30/2014	6.16	6.38	6.15	6.32	7978359	50204012.000
07/01/2014	6.36	6.62	6.25	6.28	12247972	78518872.000
07/02/2014	6.23	6.36	6.14	6.35	8083922	50344132.000
07/03/2014	6.33	6.35	6.25	6.34	6089187	38347232.000
07/04/2014	6.34	6.57	6.31	6.38	8614775	55402584.000
07/07/2014	6.40	6.44	6.26	6.30	5388822	34082036.000
07/08/2014	6.27	6.50	6.21	6.49	8680576	55416684.000
07/09/2014	6.48	6.72	6.42	6.59	13970652	91549128.000
07/10/2014	6.54	6.68	6.48	6.66	8245404	54371352.000
07/11/2014	6.65	7.30	6.61	7.01	20211234	141725952.000
07/14/2014	6.91	7.35	6.83	7.30	13513679	95479440.000
07/15/2014	7.25	7.28	7.02	7.02	11076486	78926600.000
07/16/2014	7.02	7.26	6.70	6.84	11134070	77538264.000
07/17/2014	6.79	7.03	6.70	7.00	6559063	45158192.000
07/18/2014	6.96	7.09	6.78	6.78	6904214	47633232.000
07/21/2014	6.67	6.75	6.56	6.68	6371726	42343800.000
07/22/2014	6.67	6.74	6.64	6.70	4976228	33312646.000
07/23/2014	6.61	6.70	6.35	6.44	8440508	54899196.000
07/24/2014	6.45	6.47	6.22	6.32	5537600	35013752.000
07/25/2014	6.32	6.53	6.32	6.47	4081688	26276170.000
07/28/2014	6.47	6.59	6.45	6.59	3746871	24507900.000
07/29/2014	6.61	6.88	6.55	6.74	6668538	44670296.000
07/30/2014	6.70	6.80	6.66	6.70	7183434	48247948.000
07/31/2014	6.73	6.88	6.68	6.85	7630813	51812392.000
08/01/2014	6.80	7.12	6.79	6.87	11775909	81839232.000
08/04/2014	7.00	7.19	6.91	6.99	7134182	49934640.000
08/05/2014	7.00	7.06	6.79	6.99	8889186	61375592.000
08/06/2014	6.95	7.16	6.91	7.08	9327519	65468848.000
08/07/2014	7.08	7.18	6.95	6.95	7736367	54600852.000
08/08/2014	6.94	7.00	6.89	6.91	5455198	37835836.000
08/11/2014	6.97	7.09	6.96	7.00	5678946	39816196.000
08/12/2014	7.01	7.24	6.96	7.20	9159907	65153396.000
08/13/2014	7.18	7.38	7.09	7.30	10524802	76134728.000
08/21/2014	7.50	8.03	7.45	8.03	10868539	85337808.000
08/22/2014	8.00	8.02	7.70	7.80	21365663	167848080.000
08/25/2014	7.72	7.85	7.49	7.78	12679352	97179928.000
08/26/2014	7.69	8.15	7.64	7.88	16837968	133257072.000
08/27/2014	7.88	8.02	7.66	7.77	8214269	64180516.000
08/28/2014	7.69	7.78	7.38	7.42	7907529	59753840.000
08/29/2014	7.36	7.64	7.32	7.56	4267414	32082030.000
09/01/2014	7.60	7.83	7.52	7.80	4877092	37626864.000
09/02/2014	7.84	7.90	7.71	7.84	8080974	63062396.000
09/03/2014	7.85	8.14	7.82	7.97	10330597	82650664.000
09/04/2014	7.93	8.12	7.88	8.02	9548310	76193304.000
09/05/2014	8.01	8.07	7.90	7.93	5581337	44429248.000
09/09/2014	7.92	8.03	7.81	7.92	7748828	61388268.000
09/10/2014	7.91	8.28	7.81	8.23	12584503	101618304.000
09/11/2014	8.18	8.40	8.05	8.15	10681555	87573304.000
09/12/2014	8.15	8.26	8.11	8.22	6065994	49673956.000
09/15/2014	8.24	8.53	8.23	8.30	7600423	63381436.000
09/16/2014	8.31	8.38	7.90	7.92	9291169	75623104.000
09/17/2014	7.90	7.96	7.72	7.83	5839133	45666752.000
09/18/2014	7.84	8.00	7.79	7.99	5470071	43338872.000
09/19/2014	7.96	8.12	7.88	8.10	4750331	38001996.000
09/22/2014	7.63	7.84	7.51	7.71	15353591	118194248.000
09/23/2014	7.63	7.83	7.60	7.78	8011264	61882140.000
09/24/2014	7.78	8.12	7.75	8.04	9402873	75115824.000
09/25/2014	8.05	8.11	7.89	7.95	6328068	50740048.000
09/26/2014	7.93	8.15	7.91	8.09	6777525	54630620.000
09/29/2014	8.13	8.18	8.05	8.15	8483084	68704896.000
09/30/2014	8.14	8.35	8.13	8.32	8938937	73788632.000
10/08/2014	8.33	8.38	8.21	8.37	6120690	50798400.000
10/09/2014	8.37	8.57	8.26	8.42	8680307	73020200.000
10/10/2014	8.39	8.44	8.24	8.28	6747900	56150416.000
10/13/2014	8.27	8.48	8.08	8.46	8916100	74139752.000
10/14/2014	8.42	8.65	8.38	8.55	10675164	91280496.000
10/15/2014	8.54	9.02	8.43	9.02	16959887	149921488.000
10/16/2014	8.96	9.30	8.84	9.01	13840707	125752200.000
10/17/2014	8.91	9.00	8.50	8.77	9695348	84947936.000
10/20/2014	8.75	9.22	8.63	9.18	8792346	78900576.000
10/21/2014	9.09	9.50	8.97	9.10	14420116	132916696.000
10/22/2014	9.03	9.11	8.78	8.90	6822689	60807660.000
10/23/2014	8.80	8.84	8.01	8.01	15842480	131422448.000
10/24/2014	7.92	8.07	7.71	7.76	10805104	85157416.000
10/27/2014	7.75	7.90	7.53	7.58	9608783	73996632.000
10/28/2014	7.66	7.94	7.62	7.92	10808721	84496896.000
10/29/2014	7.95	8.23	7.95	8.17	9028867	73382560.000
10/30/2014	8.20	8.34	8.05	8.08	8474415	69325552.000
10/31/2014	8.08	8.17	7.94	8.07	6887606	55319440.000
数据来源:通达信
