300063 天龙集团 日线
      日期	    开盘	    最高	    最低	    收盘	    成交量	    成交额
10/08/2010	7.98	8.18	7.91	8.10	336191	8390664.000
10/11/2010	8.09	8.18	8.03	8.12	490419	12263272.000
10/12/2010	8.12	8.28	8.08	8.15	367094	9287054.000
10/13/2010	8.18	8.20	8.08	8.19	384497	9679307.000
10/14/2010	8.19	8.29	8.09	8.10	449965	11372882.000
10/15/2010	8.10	8.13	7.92	7.95	526675	13060510.000
10/18/2010	7.87	7.89	7.76	7.84	484007	11699929.000
10/19/2010	7.84	8.42	7.84	8.35	1300103	33308972.000
10/20/2010	8.23	8.58	8.12	8.30	986450	25570858.000
10/21/2010	8.21	8.32	8.17	8.28	402979	10262608.000
10/22/2010	8.28	8.50	8.28	8.35	522915	13558968.000
10/25/2010	8.37	8.58	8.35	8.52	640182	16785594.000
10/26/2010	8.52	8.54	8.42	8.47	579416	15138033.000
10/27/2010	8.48	8.54	8.35	8.35	495902	12968383.000
10/28/2010	8.35	8.40	8.25	8.39	589026	15141366.000
10/29/2010	8.40	8.68	8.40	8.61	1071607	28504802.000
11/01/2010	8.71	8.92	8.59	8.87	1196240	32545406.000
11/02/2010	8.88	8.99	8.42	8.65	1086600	29488140.000
11/03/2010	8.65	8.72	8.50	8.50	465250	12357445.000
11/04/2010	8.50	8.65	8.42	8.56	413138	10857937.000
11/05/2010	8.62	8.65	8.51	8.64	782686	20706284.000
11/08/2010	8.64	8.88	8.58	8.87	904585	24548312.000
11/09/2010	8.92	8.94	8.79	8.87	754782	20617914.000
11/10/2010	8.87	9.02	8.87	8.97	868048	24019094.000
11/11/2010	8.98	9.20	8.92	8.95	1199217	33510602.000
11/12/2010	8.90	8.98	8.32	8.35	1178837	31442298.000
11/15/2010	8.42	8.74	8.42	8.74	758709	20112112.000
11/16/2010	8.74	9.03	8.43	8.55	1285112	34905480.000
11/17/2010	8.47	8.71	8.42	8.55	678752	17976656.000
11/18/2010	8.61	8.83	8.59	8.81	704310	18988290.000
11/19/2010	8.85	9.08	8.79	9.08	1382060	38217360.000
11/22/2010	9.07	9.34	9.00	9.04	1801054	51083232.000
11/23/2010	9.01	9.22	8.85	9.21	1061509	29504608.000
11/24/2010	9.18	9.34	9.12	9.29	1104262	31509858.000
11/25/2010	9.45	9.48	9.09	9.12	1135397	32307752.000
11/26/2010	9.11	9.29	9.08	9.25	734822	20830870.000
11/29/2010	9.25	9.43	9.17	9.40	956011	27476158.000
11/30/2010	9.38	9.40	8.82	9.03	991897	27741260.000
12/01/2010	9.04	9.14	8.99	9.05	434442	12139821.000
12/02/2010	9.13	9.18	9.04	9.05	539714	15133965.000
12/03/2010	9.02	9.08	8.85	8.88	476899	13142677.000
12/06/2010	8.89	8.95	8.65	8.70	357061	9675799.000
12/07/2010	8.70	8.91	8.59	8.89	382030	10340845.000
12/08/2010	8.83	8.94	8.75	8.78	256326	6992524.000
12/09/2010	8.81	8.81	8.62	8.66	306649	8225717.000
12/10/2010	8.59	8.80	8.59	8.77	193694	5209893.000
12/13/2010	8.77	9.03	8.77	9.03	527007	14571682.000
12/14/2010	8.97	9.18	8.97	9.09	445855	12496725.000
12/15/2010	9.09	9.16	9.02	9.02	459037	12868181.000
12/16/2010	9.02	9.19	8.99	9.14	444240	12489074.000
12/17/2010	9.09	9.31	9.09	9.27	576954	16404752.000
12/20/2010	9.28	9.39	8.98	9.15	776940	21970282.000
12/21/2010	9.15	9.23	9.06	9.19	436771	12337814.000
12/22/2010	9.21	9.25	9.11	9.16	352367	9967663.000
12/23/2010	9.11	9.18	8.94	8.95	501983	13971592.000
12/24/2010	8.78	8.90	8.68	8.80	336303	9109250.000
12/27/2010	8.85	8.93	8.55	8.57	389265	10520452.000
12/28/2010	8.54	8.55	8.38	8.42	340033	8868099.000
12/29/2010	8.50	8.54	8.40	8.54	156218	4091458.500
12/30/2010	8.54	8.69	8.48	8.57	216749	5744271.000
12/31/2010	8.67	8.70	8.58	8.66	202589	5402804.500
01/04/2011	8.70	8.82	8.59	8.82	390111	10509759.000
01/05/2011	8.74	8.86	8.73	8.80	256778	6974094.000
01/06/2011	8.81	8.84	8.66	8.68	255655	6869737.500
01/07/2011	8.66	8.77	8.65	8.67	194490	5221906.000
01/11/2011	8.49	8.49	8.35	8.41	322950	8375097.000
01/12/2011	8.38	8.48	8.38	8.46	140187	3650116.250
01/13/2011	8.49	8.52	8.42	8.46	125801	3284120.000
01/14/2011	8.51	8.51	8.18	8.21	256800	6568734.000
01/17/2011	8.10	8.21	7.89	7.90	218381	5428692.500
01/18/2011	7.88	8.00	7.85	7.95	122782	3009182.000
01/19/2011	7.92	8.12	7.89	8.11	96018	2386083.250
01/20/2011	8.05	8.11	7.85	7.86	106130	2617536.250
01/21/2011	7.82	7.98	7.82	7.90	123919	3030280.000
01/24/2011	7.90	7.95	7.72	7.74	169450	4094666.500
01/25/2011	7.76	7.91	7.65	7.74	95550	2289689.000
01/26/2011	7.74	7.87	7.72	7.86	133762	3236229.750
01/27/2011	7.79	7.94	7.73	7.88	206573	5009205.000
01/28/2011	7.87	7.96	7.83	7.96	124389	3036754.250
01/31/2011	7.98	8.03	7.90	8.00	152952	3775959.750
02/01/2011	7.95	8.02	7.94	7.95	120851	2977764.500
02/09/2011	7.92	7.97	7.79	7.80	233366	5686093.000
02/10/2011	7.80	8.04	7.80	8.03	218172	5376269.000
02/11/2011	8.04	8.15	8.03	8.11	190670	4764178.500
02/14/2011	8.11	8.23	8.09	8.22	258479	6531334.000
02/15/2011	8.17	8.21	8.05	8.09	612224	15383395.000
02/16/2011	8.08	8.16	8.04	8.16	398769	10000440.000
02/17/2011	8.17	8.20	8.08	8.15	372741	9371162.000
02/18/2011	8.15	8.18	8.08	8.15	327405	8241728.500
02/21/2011	8.18	8.27	8.12	8.24	331441	8408892.000
02/22/2011	8.26	8.26	8.00	8.00	406270	10182592.000
02/23/2011	8.00	8.08	7.99	8.08	273461	6799702.500
02/24/2011	8.03	8.12	8.02	8.12	216833	5421993.500
02/25/2011	8.09	8.12	8.04	8.09	188173	4702901.500
02/28/2011	8.09	8.18	8.06	8.16	207169	5205148.500
03/01/2011	8.17	8.24	8.08	8.16	401895	10142206.000
03/02/2011	8.13	8.15	8.05	8.11	183710	4593799.500
03/03/2011	8.09	8.12	7.92	7.96	368310	9135116.000
03/04/2011	7.96	8.01	7.92	7.99	245505	6040370.000
03/07/2011	8.04	8.05	7.97	8.03	304968	7552079.000
03/08/2011	8.03	8.22	8.01	8.20	543649	13653093.000
03/09/2011	8.15	8.20	8.09	8.12	242999	6103902.000
03/10/2011	8.12	8.33	8.12	8.20	523857	13340470.000
03/11/2011	8.20	8.27	8.10	8.18	341219	8663477.000
03/14/2011	8.18	8.28	8.18	8.28	624104	15878768.000
03/15/2011	8.28	8.28	7.94	8.17	461389	11615061.000
03/16/2011	8.18	8.22	8.15	8.19	351414	8890740.000
03/17/2011	8.08	8.14	8.01	8.05	313601	7831051.500
03/18/2011	8.13	8.23	8.04	8.17	310359	7820030.000
03/21/2011	8.15	8.22	8.10	8.21	197559	4994938.000
03/22/2011	8.17	8.23	8.12	8.21	178949	4525028.500
03/23/2011	8.21	8.33	8.17	8.32	564250	14422092.000
03/24/2011	8.32	8.38	8.28	8.34	364461	9396245.000
03/25/2011	8.32	8.44	8.31	8.35	455406	11775422.000
03/28/2011	8.36	8.52	8.36	8.48	976113	25518250.000
03/29/2011	8.08	8.08	7.78	7.82	1554355	38099296.000
03/30/2011	7.81	7.81	7.60	7.74	705782	16772516.000
03/31/2011	7.72	7.81	7.63	7.63	343852	8199198.500
04/01/2011	7.59	7.68	7.59	7.66	301098	7121511.000
04/06/2011	7.66	7.67	7.45	7.49	499320	11610520.000
04/07/2011	7.48	7.56	7.45	7.55	630911	14654039.000
04/08/2011	7.52	7.63	7.50	7.61	445739	10469085.000
04/11/2011	7.61	7.64	7.47	7.48	285960	6676944.000
04/12/2011	7.48	7.53	7.46	7.50	229839	5336790.000
04/13/2011	7.51	7.58	7.50	7.57	239650	5603613.500
04/14/2011	7.55	7.58	7.51	7.53	261190	6105790.000
04/15/2011	7.55	7.60	7.49	7.52	206719	4829889.000
04/18/2011	7.35	7.44	7.22	7.24	816132	18422612.000
04/20/2011	7.17	7.21	7.13	7.19	477700	10627394.000
04/21/2011	7.17	7.27	7.16	7.24	397273	8882898.000
04/22/2011	7.24	7.28	7.14	7.16	328056	7314602.000
04/25/2011	7.15	7.15	6.90	6.92	619970	13443902.000
04/26/2011	6.93	6.93	6.64	6.65	563883	11848601.000
04/27/2011	6.65	6.70	6.42	6.48	624004	12717005.000
04/28/2011	6.49	6.49	6.30	6.31	539214	10750078.000
04/29/2011	6.34	6.40	6.28	6.38	357253	6945024.000
05/03/2011	6.38	6.43	6.30	6.42	282937	5543014.500
05/04/2011	6.40	6.41	6.25	6.29	237702	4611114.500
05/05/2011	6.30	6.37	6.27	6.32	309007	6005605.500
05/06/2011	6.28	6.35	6.25	6.30	226679	4386549.000
05/09/2011	6.30	6.41	6.30	6.38	250619	4908868.500
05/10/2011	6.35	6.41	6.33	6.41	177960	3483900.250
05/11/2011	6.41	6.43	6.32	6.39	174769	3426694.750
05/13/2011	6.26	6.33	6.12	6.25	397935	7586424.000
05/16/2011	6.27	6.27	6.18	6.21	146200	2803010.000
05/17/2011	6.19	6.26	6.15	6.21	167149	3181286.500
05/18/2011	6.21	6.24	6.17	6.23	96669	1844645.875
05/19/2011	6.25	6.25	6.17	6.18	103800	1979871.000
05/20/2011	6.15	6.19	6.10	6.12	159283	3006872.750
05/23/2011	6.08	6.08	5.82	5.83	363601	6587046.000
05/24/2011	5.78	6.08	5.70	5.96	411702	7509588.500
05/25/2011	5.95	5.95	5.79	5.80	208977	3770805.500
05/26/2011	5.90	5.91	5.76	5.78	83010	1486398.875
05/27/2011	5.74	5.83	5.68	5.70	191710	3391860.000
05/30/2011	5.63	5.85	5.60	5.78	217933	3881023.000
05/31/2011	5.82	5.90	5.73	5.89	249598	4471784.500
06/01/2011	5.90	5.92	5.86	5.89	204949	3712087.000
06/02/2011	5.85	5.85	5.69	5.75	109846	1939431.375
06/03/2011	5.74	5.89	5.74	5.86	133012	2391483.500
06/07/2011	5.85	5.92	5.85	5.87	142890	2584268.500
06/08/2011	5.90	5.91	5.74	5.90	193270	3471129.000
06/09/2011	5.88	5.89	5.73	5.78	133600	2385849.500
06/10/2011	5.75	5.80	5.55	5.65	274330	4762513.000
06/13/2011	5.59	5.73	5.54	5.71	154612	2685441.750
06/14/2011	5.68	5.81	5.68	5.77	143459	2540719.500
06/15/2011	5.72	5.81	5.66	5.67	112310	1982286.000
06/16/2011	5.65	5.68	5.54	5.54	160750	2765242.000
06/17/2011	5.54	5.61	5.52	5.52	89850	1537447.625
06/20/2011	5.52	5.57	5.35	5.42	236297	3982331.000
06/21/2011	5.42	5.49	5.42	5.48	53286	898001.250
06/22/2011	5.47	5.50	5.43	5.48	77593	1304965.500
06/23/2011	5.47	5.70	5.41	5.66	225747	3906036.750
06/24/2011	5.64	5.79	5.62	5.77	378858	6656602.500
06/27/2011	5.77	5.88	5.75	5.78	262818	4702616.500
06/28/2011	5.81	5.81	5.72	5.78	257658	4565874.500
06/29/2011	5.79	5.80	5.69	5.69	180677	3202935.750
06/30/2011	5.69	5.79	5.67	5.75	151897	2691244.500
07/01/2011	5.79	5.85	5.75	5.82	250698	4494371.000
07/04/2011	5.87	5.90	5.83	5.89	264001	4768569.000
07/05/2011	5.88	5.94	5.86	5.93	313155	5693082.000
07/06/2011	5.92	5.97	5.88	5.95	226647	4125680.500
07/07/2011	5.96	6.04	5.92	5.94	426110	7841696.500
07/08/2011	5.94	6.00	5.88	5.92	248133	4513254.500
07/11/2011	5.91	6.03	5.85	6.02	232726	4245566.500
07/12/2011	6.11	6.11	5.89	5.97	390970	7173000.500
07/13/2011	5.87	6.04	5.85	6.02	359584	6640420.000
07/14/2011	6.06	6.25	6.03	6.20	694947	13075574.000
07/15/2011	6.17	6.31	6.14	6.24	495273	9497380.000
07/18/2011	6.25	6.31	6.12	6.14	446893	8520125.000
07/19/2011	6.12	6.14	6.03	6.08	132867	2475864.750
07/20/2011	6.07	6.17	5.99	6.05	202720	3774552.000
07/21/2011	6.05	6.06	5.90	5.92	246321	4519256.000
07/22/2011	5.92	6.02	5.92	5.97	175795	3234468.000
07/25/2011	5.95	6.05	5.69	5.71	311911	5590401.500
07/26/2011	5.69	5.73	5.65	5.72	169152	2968846.250
07/27/2011	5.66	5.83	5.60	5.79	162510	2875927.750
07/28/2011	5.74	5.78	5.69	5.77	141650	2507115.500
07/29/2011	5.77	5.84	5.73	5.81	168860	3012733.000
08/01/2011	5.81	5.93	5.75	5.93	159092	2865216.000
08/02/2011	5.84	6.18	5.76	6.14	630228	11674607.000
08/03/2011	6.05	6.21	6.02	6.19	502795	9491659.000
08/04/2011	6.13	6.22	5.95	6.01	415599	7736163.000
08/05/2011	5.81	5.91	5.72	5.80	308908	5550529.500
08/08/2011	5.78	5.78	5.27	5.40	360276	6131642.500
08/09/2011	5.29	5.63	5.18	5.63	360780	5975072.000
08/10/2011	6.20	6.20	5.63	5.76	455981	8160371.000
08/11/2011	5.60	5.77	5.52	5.76	292858	5110308.000
08/12/2011	5.75	5.91	5.75	5.82	355898	6397192.500
08/15/2011	5.82	5.92	5.82	5.90	260010	4701885.000
08/16/2011	5.92	5.95	5.82	5.85	209408	3781139.500
08/17/2011	5.85	5.88	5.71	5.83	196740	3534471.250
08/18/2011	5.84	5.93	5.77	5.80	269619	4862321.000
08/19/2011	5.56	5.73	5.54	5.65	266213	4602763.000
08/22/2011	5.64	5.76	5.64	5.67	174629	3066420.500
08/23/2011	5.77	6.26	5.77	6.26	1722396	32811170.000
08/24/2011	6.51	6.90	6.51	6.90	4822811	99150384.000
08/25/2011	6.85	6.85	6.62	6.79	2830508	58452920.000
08/26/2011	6.70	6.96	6.65	6.84	2650842	55464592.000
08/29/2011	6.73	6.81	6.66	6.69	1385857	28606490.000
08/30/2011	6.69	6.75	6.49	6.54	1683105	34101972.000
08/31/2011	6.53	7.21	6.45	7.21	2846834	59476744.000
09/01/2011	7.42	7.50	6.87	6.98	3430182	75104560.000
09/02/2011	6.92	7.07	6.67	6.72	1520352	31671628.000
09/05/2011	6.61	6.94	6.49	6.72	1573373	32284896.000
09/07/2011	6.61	7.05	6.55	6.93	1606823	33624512.000
09/08/2011	6.85	6.92	6.59	6.60	1212679	25090528.000
09/09/2011	6.58	6.65	6.42	6.50	896384	17948666.000
09/13/2011	6.35	6.38	6.11	6.17	814128	15610708.000
09/14/2011	6.26	6.35	6.02	6.32	1053090	20038662.000
09/15/2011	6.34	6.34	6.13	6.18	827302	15879000.000
09/16/2011	6.27	6.82	6.24	6.82	1468637	30221228.000
09/19/2011	6.79	7.10	6.68	6.68	3174116	66736444.000
09/20/2011	6.68	6.88	6.54	6.83	1630591	33689568.000
09/21/2011	6.78	7.03	6.74	6.92	1746454	37034416.000
09/22/2011	6.82	7.18	6.65	6.66	1646763	35017788.000
09/23/2011	6.46	6.52	6.28	6.36	1161114	22805886.000
09/26/2011	6.30	6.47	6.30	6.39	803818	15751209.000
09/27/2011	6.46	6.51	6.22	6.40	748319	14580241.000
09/28/2011	6.40	6.47	6.22	6.28	628546	12305145.000
09/29/2011	6.24	6.28	5.74	5.75	903320	16466606.000
09/30/2011	5.74	5.88	5.62	5.69	403019	7092414.500
10/10/2011	5.70	5.88	5.69	5.83	372829	6658504.500
10/11/2011	6.00	6.10	5.78	5.83	444760	8095898.500
10/12/2011	5.83	6.13	5.78	6.08	474021	8767581.000
10/13/2011	6.05	6.18	6.05	6.18	662888	12481360.000
10/14/2011	6.17	6.81	6.15	6.81	1846164	38030792.000
10/17/2011	6.99	7.51	6.73	7.31	4114963	88807432.000
10/18/2011	7.15	7.15	6.77	6.78	2062614	44210876.000
10/19/2011	6.92	7.12	6.77	6.78	1600156	33947692.000
10/20/2011	6.68	6.77	6.52	6.77	1329253	27059474.000
10/21/2011	6.77	6.82	6.46	6.46	1035079	20959870.000
10/24/2011	6.48	6.67	5.84	6.64	1558676	30183654.000
10/25/2011	6.48	7.32	6.48	7.01	2323122	50166340.000
10/26/2011	6.69	7.20	6.69	6.91	1769286	37753560.000
10/27/2011	6.81	7.09	6.72	6.85	1483729	31334608.000
10/28/2011	6.89	7.10	6.68	6.97	1506306	31683782.000
10/31/2011	6.98	7.24	6.85	7.18	1980971	42849172.000
11/01/2011	7.07	7.24	6.94	7.08	1442291	31321654.000
11/02/2011	6.85	7.35	6.79	7.30	2019919	43988324.000
11/03/2011	7.41	7.98	7.36	7.44	2705194	63277156.000
11/04/2011	7.46	7.68	7.35	7.51	1509243	34749104.000
11/07/2011	7.40	7.49	7.26	7.27	1230798	27710354.000
11/08/2011	7.25	7.43	7.08	7.10	843772	18698062.000
11/09/2011	7.09	7.33	7.09	7.33	905817	20002568.000
11/10/2011	7.29	7.42	7.12	7.17	1503223	33492948.000
11/11/2011	7.12	7.25	6.85	6.93	1111747	23986822.000
11/14/2011	6.98	7.15	6.92	7.13	989778	21433500.000
11/15/2011	7.12	7.43	7.09	7.37	1449750	32424770.000
11/16/2011	7.28	7.36	6.93	6.98	1084934	23645354.000
11/17/2011	6.88	7.13	6.88	6.99	779932	16712078.000
11/18/2011	6.95	6.99	6.68	6.72	883656	18325248.000
11/21/2011	6.73	6.78	6.55	6.70	359322	7346500.500
11/22/2011	6.68	6.76	6.59	6.73	375455	7710734.500
11/23/2011	6.73	6.97	6.69	6.90	786377	16512533.000
11/24/2011	6.90	6.93	6.70	6.78	521661	10890184.000
11/25/2011	6.82	6.85	6.47	6.48	638085	12996943.000
11/28/2011	6.48	6.58	6.35	6.48	433269	8541036.000
11/29/2011	6.50	6.61	6.42	6.52	510288	10206543.000
11/30/2011	6.56	6.97	6.19	6.40	1708634	35069316.000
12/01/2011	6.60	6.91	6.52	6.61	1113258	22821206.000
12/02/2011	6.53	6.57	6.26	6.30	619012	12089428.000
12/05/2011	6.03	6.37	5.86	5.89	423599	7882703.500
12/06/2011	5.91	6.01	5.81	5.98	306663	5576673.500
12/07/2011	5.98	6.03	5.89	6.02	259761	4778618.000
12/08/2011	6.02	6.14	5.82	6.04	363209	6697467.500
12/09/2011	6.04	6.07	5.92	5.97	194869	3592884.500
12/12/2011	5.97	6.08	5.81	5.83	237474	4335361.500
12/13/2011	5.65	5.82	5.48	5.52	565899	9684340.000
12/14/2011	5.45	5.78	5.45	5.52	308644	5285580.000
12/15/2011	5.49	5.64	5.48	5.56	343417	5881417.000
12/16/2011	5.59	5.79	5.55	5.75	376510	6541653.000
12/19/2011	5.65	6.00	5.60	5.95	533414	9475328.000
12/20/2011	5.85	6.05	5.85	5.94	764596	14113600.000
12/21/2011	6.03	6.07	5.78	5.80	399499	7231071.000
12/22/2011	5.73	5.80	5.45	5.56	591463	10133491.000
12/23/2011	5.57	5.80	5.52	5.67	454849	7939708.500
12/26/2011	5.68	5.74	5.52	5.54	457798	7958051.500
12/27/2011	5.57	5.64	5.20	5.24	549276	9033690.000
12/28/2011	5.24	5.28	4.93	5.13	398954	6334453.500
12/29/2011	5.13	5.14	4.96	4.99	242373	3797037.750
12/30/2011	5.01	5.11	5.01	5.08	250891	3920459.500
01/04/2012	5.20	5.21	4.85	4.92	249455	3856346.500
01/05/2012	4.81	4.87	4.41	4.42	559482	7900508.500
01/06/2012	4.42	4.51	4.32	4.47	317509	4333272.000
01/09/2012	4.47	4.70	4.36	4.69	243390	3461295.750
01/10/2012	4.67	4.97	4.67	4.90	382229	5709735.500
01/11/2012	4.85	4.98	4.81	4.91	354999	5385647.000
01/12/2012	4.83	5.01	4.83	4.96	275151	4201801.500
01/13/2012	4.97	4.99	4.69	4.76	388667	5799771.500
01/16/2012	4.73	4.79	4.54	4.58	252431	3664342.500
01/17/2012	4.60	4.92	4.60	4.92	299856	4419474.000
01/18/2012	4.86	5.00	4.71	4.74	193086	2909473.500
01/19/2012	4.67	4.91	4.67	4.79	172690	2572918.750
01/20/2012	4.79	4.91	4.74	4.86	190221	2853531.250
01/30/2012	4.97	4.97	4.75	4.86	137210	2057497.875
01/31/2012	4.86	4.86	4.72	4.79	89940	1333381.000
02/01/2012	4.77	4.91	4.77	4.83	89300	1337378.500
02/02/2012	4.77	4.88	4.77	4.88	115749	1737822.250
02/03/2012	4.87	5.01	4.83	4.99	189635	2907174.250
02/06/2012	4.98	5.06	4.95	4.99	164288	2529934.250
02/07/2012	4.95	4.95	4.83	4.86	156089	2352311.500
02/08/2012	4.95	4.99	4.83	4.99	212461	3246230.500
02/09/2012	4.99	5.21	4.98	5.10	385935	6096870.500
02/10/2012	5.15	5.17	5.05	5.10	225315	3553641.000
02/13/2012	5.05	5.20	5.05	5.16	235031	3735700.500
02/14/2012	5.12	5.22	5.10	5.13	213041	3381945.750
02/15/2012	5.10	5.24	5.10	5.24	303046	4860502.500
02/16/2012	5.20	5.25	5.17	5.20	351593	5655185.500
02/17/2012	5.24	5.25	5.10	5.21	192455	3069621.750
02/20/2012	5.22	5.33	5.19	5.20	222137	3602491.500
02/21/2012	5.15	5.28	5.08	5.27	227060	3653023.500
02/22/2012	5.30	5.43	5.22	5.41	473783	7804939.500
02/23/2012	5.39	5.81	5.38	5.59	1001473	17404566.000
02/24/2012	5.53	5.61	5.46	5.58	825678	14040992.000
02/27/2012	5.56	5.64	5.52	5.53	482485	8277722.500
02/28/2012	5.57	5.57	5.37	5.42	463887	7749968.500
02/29/2012	5.46	5.46	5.34	5.35	303365	5038186.000
03/01/2012	5.35	5.46	5.33	5.39	246166	4113275.250
03/02/2012	5.41	5.47	5.39	5.47	372612	6246977.000
03/05/2012	5.52	5.56	5.43	5.45	426043	7203634.500
03/06/2012	5.45	5.49	5.35	5.36	294307	4896136.000
03/07/2012	5.32	5.82	5.30	5.76	1226864	21314328.000
03/08/2012	5.75	5.80	5.62	5.74	859657	15100535.000
03/09/2012	5.72	5.85	5.70	5.84	850385	15111724.000
03/12/2012	5.82	6.04	5.82	5.97	909321	16656909.000
03/13/2012	5.88	5.90	5.68	5.78	1478311	26156416.000
03/14/2012	5.73	5.83	5.37	5.38	1128725	19771498.000
03/15/2012	5.44	5.47	5.28	5.39	494611	8192000.500
03/16/2012	5.37	5.49	5.37	5.49	442060	7414452.000
03/19/2012	5.49	5.61	5.47	5.60	377997	6461713.500
03/20/2012	5.58	5.58	5.45	5.45	295831	5019569.500
03/21/2012	5.46	5.52	5.30	5.42	245030	4081027.750
03/22/2012	5.39	5.45	5.39	5.44	228499	3820670.500
03/23/2012	5.44	5.44	5.24	5.26	282863	4624889.000
03/26/2012	5.26	5.33	5.22	5.29	127391	2075637.500
03/27/2012	5.32	5.35	5.24	5.25	211682	3455422.000
03/28/2012	5.20	5.27	4.89	4.90	370221	5765586.000
03/29/2012	4.90	4.96	4.78	4.84	276190	4154674.500
03/30/2012	4.85	4.91	4.79	4.81	94245	1407815.750
04/05/2012	4.84	4.97	4.84	4.97	170840	2598892.000
04/06/2012	4.92	5.12	4.92	5.00	159204	2472877.000
04/09/2012	4.95	5.02	4.93	4.95	151113	2325366.250
04/11/2012	4.98	5.06	4.94	5.01	231989	3591766.500
04/12/2012	5.01	5.10	5.01	5.10	262195	4101291.000
04/13/2012	5.12	5.25	5.10	5.14	275768	4391814.000
04/16/2012	5.10	5.18	5.08	5.12	229273	3615910.000
04/17/2012	5.07	5.13	5.02	5.13	233014	3658179.750
04/18/2012	5.13	5.22	5.08	5.21	353086	5618788.500
04/19/2012	5.24	5.24	5.16	5.18	242316	3875906.750
04/20/2012	5.16	5.22	5.15	5.19	239387	3837969.500
04/23/2012	5.16	5.16	4.78	4.86	648438	9936947.000
04/24/2012	4.72	4.87	4.36	4.59	981678	9210193.000
04/25/2012	4.55	4.63	4.51	4.60	347746	3261966.750
04/26/2012	4.64	4.64	4.46	4.61	356742	3332336.250
04/27/2012	4.65	4.65	4.56	4.59	315379	2968795.500
05/02/2012	4.63	4.68	4.59	4.63	403459	3816938.500
05/03/2012	4.62	4.67	4.61	4.67	258267	2449313.500
05/04/2012	4.67	4.75	4.65	4.74	421952	4050923.250
05/07/2012	4.70	4.79	4.70	4.79	378498	3656133.750
05/08/2012	4.79	5.28	4.79	5.28	1939610	20292214.000
05/09/2012	5.30	5.38	5.08	5.12	1644737	17427636.000
05/10/2012	5.12	5.17	5.00	5.06	810544	8393682.000
05/11/2012	5.04	5.12	5.01	5.10	582443	6014848.000
05/14/2012	5.13	5.16	4.97	4.98	542655	5566104.000
05/15/2012	4.90	4.95	4.80	4.91	457552	4546105.500
05/16/2012	4.90	5.00	4.83	4.83	363222	3649043.750
05/17/2012	4.80	4.98	4.80	4.94	442039	4421516.000
05/18/2012	4.91	4.95	4.83	4.90	350764	3496197.250
05/21/2012	4.86	4.99	4.86	4.95	392889	3949866.500
05/22/2012	5.00	5.00	4.88	4.95	380535	3817196.250
05/23/2012	4.91	4.96	4.82	4.88	266839	2652289.000
05/24/2012	4.86	4.91	4.82	4.84	257336	2555627.250
05/25/2012	4.88	4.88	4.66	4.69	259752	2517784.750
05/28/2012	4.63	4.69	4.54	4.66	320659	3007288.750
05/29/2012	4.62	4.77	4.62	4.77	304937	2939678.500
05/30/2012	4.77	4.90	4.73	4.79	289034	2839908.750
05/31/2012	4.78	4.88	4.72	4.83	339029	3320467.750
06/01/2012	4.81	4.87	4.64	4.78	242208	2356411.000
06/04/2012	4.70	4.77	4.65	4.73	459041	4412139.000
06/05/2012	4.73	5.17	4.73	4.93	1703950	17244334.000
06/06/2012	4.85	4.90	4.76	4.80	760834	7480408.000
06/07/2012	4.82	4.86	4.74	4.77	387006	3782944.250
06/08/2012	4.85	4.85	4.73	4.74	317350	3099262.750
06/11/2012	4.77	4.85	4.67	4.83	520187	5086461.000
06/12/2012	4.83	4.87	4.78	4.86	516130	5091553.500
06/13/2012	4.88	4.98	4.82	4.98	544410	5450424.000
06/14/2012	4.98	5.03	4.87	4.91	470129	4755000.000
06/15/2012	4.86	4.95	4.83	4.93	434645	4322343.000
06/18/2012	4.98	5.03	4.88	4.97	367316	3717426.250
06/19/2012	4.96	4.97	4.88	4.94	345010	3466910.500
06/20/2012	4.94	5.08	4.90	5.02	768025	7853450.000
06/21/2012	4.98	5.03	4.87	4.91	393016	3946982.000
06/25/2012	4.93	4.93	4.74	4.85	467150	4590995.000
06/26/2012	4.80	4.87	4.75	4.86	219317	2149699.250
06/27/2012	4.80	4.95	4.78	4.94	402340	4017020.500
06/28/2012	4.98	4.98	4.87	4.91	290591	2911991.000
06/29/2012	4.88	4.95	4.69	4.90	991248	9661144.000
07/02/2012	4.91	5.01	4.89	4.99	709529	7177080.000
07/03/2012	4.99	5.33	4.96	5.07	2422432	25353858.000
07/04/2012	5.07	5.24	5.03	5.18	1513850	15883710.000
07/05/2012	5.13	5.17	4.90	4.96	874450	8899507.000
07/06/2012	5.00	5.03	4.75	4.93	1210915	12034858.000
07/09/2012	4.86	4.90	4.64	4.65	611755	5975313.000
07/10/2012	4.60	4.66	4.56	4.63	253915	2388814.750
07/11/2012	4.58	4.69	4.58	4.69	197935	1879393.125
07/12/2012	4.69	4.75	4.60	4.70	321034	3066159.500
07/13/2012	4.71	4.71	4.59	4.61	322085	3055163.000
07/16/2012	4.51	4.51	4.14	4.15	632700	5597356.000
07/17/2012	4.13	4.19	4.13	4.18	178565	1521393.250
07/18/2012	4.22	4.22	4.03	4.16	318000	2682850.750
07/19/2012	4.18	4.27	4.14	4.22	309317	2667502.250
07/20/2012	4.22	4.25	4.18	4.20	160192	1379678.125
07/23/2012	4.15	4.18	4.05	4.11	117951	996809.938
07/24/2012	4.06	4.19	4.06	4.19	119964	1021723.313
07/25/2012	4.16	4.24	4.15	4.16	84250	723665.000
07/26/2012	4.16	4.22	4.11	4.16	138536	1179306.000
07/27/2012	4.22	4.22	4.14	4.15	87586	745764.375
07/30/2012	4.20	4.21	3.97	3.99	133999	1119509.250
07/31/2012	3.96	4.00	3.93	3.95	111898	909324.688
08/01/2012	3.95	4.07	3.95	4.01	124740	1027236.563
08/02/2012	4.04	4.04	3.96	4.02	132247	1081894.000
08/03/2012	3.98	4.11	3.98	4.10	121923	1011178.438
08/06/2012	4.08	4.20	4.06	4.15	201232	1707889.875
08/07/2012	4.20	4.22	4.16	4.22	241848	2075842.875
08/08/2012	4.22	4.23	4.11	4.18	148749	1272685.250
08/09/2012	4.22	4.26	4.15	4.26	177142	1532045.125
08/10/2012	4.26	4.29	4.23	4.27	172529	1502347.000
08/13/2012	4.26	4.26	4.18	4.18	114200	986132.000
08/14/2012	4.18	4.23	4.04	4.23	141070	1201092.500
08/15/2012	4.16	4.23	4.13	4.14	88650	758072.000
08/16/2012	4.11	4.19	4.11	4.14	122740	1044446.813
08/17/2012	4.17	4.17	4.09	4.15	163840	1380567.250
08/20/2012	4.10	4.21	4.08	4.21	238392	2027505.625
08/21/2012	4.21	4.34	4.18	4.32	374940	3285106.750
08/22/2012	4.32	4.35	3.90	3.90	334074	2913059.250
08/23/2012	4.30	4.30	4.30	4.30	158989	1397513.250
08/24/2012	4.60	4.74	4.53	4.74	3525395	33957448.000
08/27/2012	4.76	5.22	4.58	5.22	5763706	57757464.000
08/28/2012	5.09	5.10	4.85	5.00	4026418	40867756.000
08/29/2012	4.97	5.35	4.93	5.01	4379140	46110620.000
08/30/2012	4.80	5.25	4.72	4.97	3703828	37417908.000
08/31/2012	4.82	5.17	4.76	5.10	3789344	38314040.000
09/03/2012	5.08	5.24	4.90	5.17	3610757	37412024.000
09/04/2012	5.11	5.56	5.11	5.30	4897378	53500592.000
09/05/2012	5.15	5.56	5.03	5.44	4788965	51993364.000
09/06/2012	5.38	5.43	5.20	5.31	2804466	30362812.000
09/07/2012	5.33	5.46	5.23	5.32	2997389	32551260.000
09/10/2012	5.23	5.47	5.14	5.34	2853918	30690848.000
09/11/2012	5.29	5.29	5.06	5.10	2437478	25603008.000
09/12/2012	5.14	5.23	5.06	5.22	1500369	15752736.000
09/13/2012	5.22	5.37	5.03	5.04	1635080	17415844.000
09/14/2012	5.07	5.11	4.89	4.95	1094455	11143381.000
09/17/2012	4.99	5.09	4.90	4.97	973712	9904848.000
09/18/2012	4.91	5.08	4.84	5.01	764962	7780345.500
09/19/2012	5.04	5.11	4.95	5.00	500201	5134912.500
09/20/2012	4.96	4.98	4.72	4.78	681172	6699418.500
09/21/2012	4.74	4.79	4.58	4.58	559308	5347345.000
09/24/2012	4.60	4.60	4.34	4.47	1129027	10239412.000
09/25/2012	4.46	4.51	4.36	4.41	598607	5426893.500
09/26/2012	4.41	4.46	4.27	4.29	483063	4305942.000
09/27/2012	4.29	4.48	4.27	4.41	573825	5162731.500
09/28/2012	4.36	4.47	4.35	4.46	503688	4555041.000
10/08/2012	4.50	4.50	4.32	4.39	561072	5036923.500
10/09/2012	4.39	4.54	4.36	4.53	986237	9063568.000
10/10/2012	4.55	4.67	4.52	4.66	1201177	11325631.000
10/11/2012	4.66	4.70	4.51	4.54	777045	7272879.500
10/12/2012	4.59	4.59	4.40	4.45	646599	5918277.500
10/15/2012	4.42	4.44	4.31	4.35	534060	4769260.000
10/16/2012	4.32	4.45	4.32	4.42	261550	2359656.500
10/17/2012	4.40	4.48	4.38	4.48	204315	1859380.750
10/18/2012	4.48	4.54	4.48	4.54	385181	3553647.750
10/19/2012	4.57	4.66	4.54	4.54	471646	4423196.500
10/22/2012	4.50	4.55	4.43	4.54	273251	2513220.750
10/23/2012	4.53	4.55	4.45	4.45	355299	3254496.000
10/24/2012	4.42	4.45	4.38	4.39	270503	2436481.250
10/25/2012	4.39	4.44	4.38	4.43	204582	1843753.500
10/26/2012	4.44	4.44	4.20	4.24	360300	3159432.250
10/29/2012	4.20	4.27	4.11	4.16	209287	1789224.375
10/30/2012	4.16	4.23	4.15	4.20	132670	1136178.875
10/31/2012	4.20	4.29	4.16	4.23	127030	1095582.875
11/01/2012	4.23	4.33	4.23	4.30	274033	2400703.000
11/02/2012	4.25	4.33	4.25	4.31	160331	1409936.500
11/05/2012	4.31	4.33	4.26	4.33	225200	1984740.625
11/06/2012	4.27	4.43	4.27	4.41	770703	6893732.500
11/07/2012	4.44	4.44	4.31	4.33	253794	2256123.000
11/08/2012	4.31	4.48	4.15	4.21	229260	2017912.250
11/09/2012	4.30	4.31	4.19	4.23	165010	1423100.875
11/12/2012	4.22	4.25	4.21	4.23	167173	1446253.125
11/13/2012	4.23	4.24	4.13	4.14	185800	1591505.000
11/14/2012	4.16	4.19	4.08	4.18	231578	1962151.250
11/15/2012	4.10	4.18	4.10	4.13	119096	1004791.438
11/16/2012	4.14	4.15	4.09	4.13	163609	1381023.625
11/19/2012	4.13	4.32	4.10	4.28	484005	4174956.500
11/20/2012	4.26	4.45	4.23	4.36	812344	7262000.500
11/21/2012	4.40	4.40	4.26	4.38	392739	3468176.500
11/22/2012	4.34	4.37	4.27	4.37	292625	2584794.000
11/23/2012	4.35	4.37	4.26	4.33	263574	2326431.500
11/26/2012	4.33	4.33	4.24	4.31	237858	2079904.000
11/27/2012	4.31	4.31	3.97	3.98	366463	3072204.250
11/28/2012	3.92	3.98	3.90	3.91	246983	1986614.500
11/29/2012	3.90	3.95	3.81	3.82	172590	1372082.250
11/30/2012	3.82	3.90	3.82	3.90	79050	625384.563
12/03/2012	3.85	3.90	3.68	3.76	261107	2020454.125
12/04/2012	3.75	3.80	3.71	3.78	261744	2017493.500
12/05/2012	3.76	4.09	3.73	3.97	649819	5246095.500
12/06/2012	4.00	4.00	3.88	3.91	450434	3622910.750
12/07/2012	3.85	4.02	3.85	4.01	346385	2809335.750
12/10/2012	3.96	4.07	3.96	4.06	609763	5022692.500
12/11/2012	4.04	4.21	4.01	4.05	843032	7121355.000
12/12/2012	4.05	4.05	3.94	4.00	428899	3507644.500
12/13/2012	3.98	4.00	3.90	3.91	294591	2382589.000
12/14/2012	3.95	4.10	3.93	4.06	442831	3657390.250
12/17/2012	4.07	4.13	4.03	4.13	548173	4591053.500
12/18/2012	4.12	4.20	4.10	4.11	649442	5518785.500
12/19/2012	4.09	4.15	4.07	4.13	397293	3349456.750
12/20/2012	4.08	4.20	4.08	4.20	661371	5619005.500
12/21/2012	4.38	4.38	4.13	4.17	619423	5371160.500
12/24/2012	4.16	4.23	4.13	4.17	322730	2763678.250
12/25/2012	4.17	4.28	4.16	4.26	614952	5326376.000
12/26/2012	4.24	4.38	4.24	4.38	712058	6288013.000
12/27/2012	4.37	4.42	4.28	4.28	689965	6102331.000
12/28/2012	4.30	4.35	4.24	4.32	583999	5140928.000
12/31/2012	4.33	4.40	4.30	4.39	658074	5862629.500
01/04/2013	4.42	4.42	4.31	4.34	449054	4015951.750
01/07/2013	4.36	4.53	4.29	4.49	1026476	9338090.000
01/08/2013	4.51	4.95	4.46	4.95	3201807	31320270.000
01/09/2013	5.34	5.38	4.85	5.08	3632018	37257036.000
01/10/2013	4.89	5.12	4.86	4.90	1996904	19982016.000
01/11/2013	4.92	4.92	4.67	4.69	1658795	16111696.000
01/14/2013	4.61	4.80	4.61	4.79	1061593	10289451.000
01/15/2013	4.79	4.90	4.75	4.85	1138985	11252866.000
01/16/2013	4.85	4.85	4.71	4.82	683418	6668631.000
01/17/2013	4.82	4.86	4.74	4.77	472797	4618307.000
01/18/2013	4.77	4.84	4.73	4.83	559218	5470121.500
01/21/2013	4.83	4.85	4.74	4.82	513338	5035903.000
01/22/2013	4.83	4.83	4.67	4.73	378567	3672165.500
01/23/2013	4.70	4.72	4.56	4.64	425561	4029906.750
01/24/2013	4.65	4.75	4.49	4.53	397913	3752296.000
01/25/2013	4.57	4.57	4.44	4.46	357773	3274808.750
01/28/2013	4.49	4.57	4.45	4.56	369155	3407380.250
01/29/2013	4.54	4.62	4.51	4.61	376919	3519894.500
01/30/2013	4.61	4.61	4.48	4.53	409757	3794585.250
01/31/2013	4.51	4.53	4.45	4.50	388411	3562688.250
02/01/2013	4.47	4.60	4.44	4.58	336827	3112859.250
02/04/2013	4.61	4.61	4.51	4.57	254759	2369006.250
02/05/2013	4.55	4.63	4.52	4.60	244469	2290937.000
02/06/2013	4.60	4.68	4.58	4.66	325163	3080256.250
02/07/2013	4.68	4.72	4.62	4.68	259719	2479133.750
02/08/2013	4.64	4.84	4.63	4.84	651932	6331898.500
02/18/2013	4.81	4.88	4.74	4.87	561607	5498579.500
02/19/2013	4.81	4.83	4.74	4.80	378536	3693538.000
02/20/2013	4.80	4.95	4.77	4.91	1322102	13115969.000
02/21/2013	4.90	4.90	4.73	4.73	842056	8230443.000
02/22/2013	4.73	4.75	4.67	4.69	464191	4458822.000
02/25/2013	4.69	4.75	4.66	4.73	436594	4194627.000
02/26/2013	4.99	4.99	4.72	4.73	915579	9050829.000
02/27/2013	4.77	4.83	4.68	4.72	551570	5329520.000
02/28/2013	4.70	4.88	4.60	4.85	774155	7557130.000
03/01/2013	4.84	5.27	4.83	5.21	3495731	36410924.000
03/04/2013	5.05	5.11	4.85	4.95	2202612	22320260.000
03/05/2013	4.96	4.97	4.80	4.95	1068798	10666419.000
03/06/2013	4.95	5.05	4.90	5.03	948209	9658306.000
03/07/2013	5.02	5.02	4.85	4.87	770698	7757213.500
03/08/2013	4.85	5.02	4.84	4.92	771690	7791642.500
03/11/2013	4.92	4.98	4.88	4.89	338450	3401254.000
03/12/2013	4.90	4.94	4.71	4.81	720017	7105840.000
03/13/2013	4.76	4.81	4.65	4.73	333986	3213835.000
03/14/2013	4.74	4.74	4.65	4.72	372753	3585331.500
03/15/2013	4.74	4.80	4.66	4.75	269030	2605858.500
03/18/2013	4.74	4.79	4.61	4.65	188803	1806763.000
03/19/2013	4.60	4.64	4.48	4.59	321046	2984763.500
03/20/2013	4.59	4.75	4.49	4.74	301626	2879305.250
03/21/2013	4.69	4.80	4.69	4.80	361119	3515066.000
03/22/2013	4.82	4.82	4.75	4.80	245536	2399110.250
03/25/2013	4.80	4.80	4.72	4.76	187877	1821463.875
03/26/2013	4.78	4.78	4.57	4.62	373280	3516484.250
03/27/2013	4.58	4.64	4.58	4.58	285350	2682123.500
03/28/2013	4.52	4.57	4.41	4.43	228521	2092098.375
03/29/2013	4.40	4.46	4.37	4.41	191528	1726670.000
04/01/2013	4.40	4.50	4.40	4.47	145110	1321787.500
04/02/2013	4.50	4.50	4.40	4.42	153440	1397241.625
04/03/2013	4.42	4.48	4.29	4.29	152662	1363901.375
04/08/2013	4.33	4.33	4.00	4.24	194512	1663685.750
04/09/2013	4.24	4.34	4.21	4.32	159800	1406684.125
04/10/2013	4.31	4.40	4.21	4.36	245848	2179336.250
04/11/2013	4.40	4.81	4.40	4.81	1022029	9910569.000
04/12/2013	4.95	4.95	4.66	4.69	1119324	10871465.000
04/15/2013	4.67	4.67	4.51	4.64	579989	5429423.500
04/16/2013	4.51	4.66	4.51	4.65	248151	2334484.000
04/17/2013	4.64	4.66	4.42	4.65	709129	6585723.500
04/18/2013	4.60	4.72	4.53	4.66	460706	4365416.000
04/19/2013	4.66	4.78	4.66	4.69	678762	6539816.000
04/22/2013	4.77	4.77	4.62	4.70	414872	3983466.000
04/23/2013	4.74	4.78	4.65	4.65	776582	7488434.000
04/24/2013	4.72	5.04	4.72	4.80	702409	6921236.000
04/25/2013	4.79	4.80	4.65	4.67	479288	4601124.000
04/26/2013	4.67	4.70	4.45	4.53	434819	4057647.500
05/02/2013	4.52	4.56	4.34	4.55	193865	1795204.875
05/03/2013	4.62	4.73	4.60	4.65	206199	1969918.125
05/06/2013	4.64	4.79	4.64	4.76	276999	2672258.250
05/07/2013	4.74	4.78	4.68	4.77	347016	3353600.250
05/08/2013	4.78	4.79	4.73	4.75	426310	4142704.000
05/09/2013	4.76	4.88	4.71	4.86	943643	9266958.000
05/10/2013	4.85	4.87	4.74	4.86	545842	5354278.500
05/13/2013	4.83	4.86	4.78	4.84	470917	4635255.500
05/14/2013	4.85	4.87	4.74	4.79	458279	4480186.500
05/15/2013	4.81	4.94	4.76	4.89	1145544	11368385.000
05/16/2013	4.88	4.96	4.83	4.86	910064	9076557.000
05/17/2013	4.86	5.00	4.84	4.96	1129677	11378307.000
05/20/2013	4.92	5.08	4.92	4.98	1987390	20203314.000
05/21/2013	4.95	5.10	4.93	5.02	1367386	14040846.000
05/22/2013	5.03	5.05	4.85	4.86	1300357	13149470.000
05/23/2013	4.86	5.09	4.86	5.05	1354891	13803580.000
05/24/2013	5.05	5.10	5.00	5.05	1396413	14352069.000
05/27/2013	5.04	5.15	5.01	5.03	1170268	12073770.000
05/28/2013	5.04	5.05	4.90	4.98	965591	9740452.000
05/29/2013	4.98	4.98	4.90	4.95	625442	6308108.500
05/30/2013	4.96	4.99	4.93	4.98	909587	9199049.000
05/31/2013	4.97	5.38	4.92	5.08	2654528	27786014.000
06/03/2013	4.98	5.03	4.90	4.90	1467299	14805661.000
06/04/2013	4.85	4.85	4.70	4.75	1169519	11391172.000
06/05/2013	4.77	4.88	4.75	4.84	708502	6989549.000
06/06/2013	4.76	4.87	4.76	4.85	566669	5579476.500
06/07/2013	4.85	4.87	4.66	4.67	449209	4341558.000
06/13/2013	4.65	4.65	4.50	4.63	345463	3229239.750
06/14/2013	4.62	4.73	4.62	4.71	415547	3982288.500
06/17/2013	4.70	4.79	4.68	4.72	224130	2168383.750
06/18/2013	4.73	4.78	4.66	4.77	565158	5456061.000
06/19/2013	4.69	4.74	4.59	4.69	353372	3359712.000
06/20/2013	4.67	4.74	4.51	4.56	250255	2387469.250
06/21/2013	4.46	4.55	4.40	4.51	490587	4469938.000
06/24/2013	4.45	4.55	4.13	4.15	722547	6334042.500
06/25/2013	4.13	4.29	3.91	4.14	756774	6325425.500
06/26/2013	4.14	4.28	4.05	4.25	550076	4707350.500
06/27/2013	4.21	4.33	4.18	4.23	472010	4122264.250
06/28/2013	4.09	4.25	4.09	4.15	306288	2608102.250
07/01/2013	4.15	4.29	4.13	4.28	249719	2144283.250
07/02/2013	4.23	4.36	4.23	4.35	286198	2494445.000
07/03/2013	4.39	4.39	4.23	4.32	342640	2984103.500
07/04/2013	4.31	4.45	4.28	4.35	283958	2505511.750
07/05/2013	4.35	4.42	4.11	4.32	334921	2937282.000
07/08/2013	4.25	4.31	4.10	4.14	161691	1373241.375
07/09/2013	4.05	4.20	4.04	4.13	228210	1915311.750
07/10/2013	4.09	4.33	4.09	4.30	328331	2804768.500
07/11/2013	4.21	4.36	4.21	4.32	577161	5036045.000
07/12/2013	4.34	4.63	4.28	4.42	1572839	14237243.000
07/15/2013	4.42	4.49	4.32	4.44	661414	5896795.500
07/16/2013	4.45	4.51	4.40	4.50	832144	7517899.000
07/17/2013	4.47	4.53	4.42	4.45	501302	4541078.000
07/18/2013	4.42	4.55	4.41	4.51	696633	6324388.000
07/19/2013	4.55	4.59	4.39	4.40	1070905	9742424.000
07/22/2013	4.41	4.53	4.36	4.52	385603	3489935.750
07/23/2013	4.54	4.62	4.53	4.58	608000	5619263.500
07/24/2013	4.55	4.61	4.53	4.60	710904	6588260.000
07/25/2013	4.60	4.60	4.49	4.59	495627	4568182.000
07/26/2013	4.59	4.63	4.47	4.56	207914	1906203.500
07/29/2013	4.51	4.58	4.44	4.57	344980	3144593.500
07/30/2013	4.55	4.71	4.44	4.57	205366	1891155.500
07/31/2013	4.54	4.61	4.51	4.55	182150	1683453.125
08/01/2013	4.54	4.65	4.54	4.65	601182	5610294.000
08/02/2013	4.66	4.78	4.62	4.73	1415598	13539666.000
08/05/2013	4.73	4.90	4.71	4.85	1339712	13088668.000
08/06/2013	4.85	4.89	4.78	4.84	824789	8053131.500
08/07/2013	4.80	4.85	4.70	4.72	632217	6066298.000
08/08/2013	4.72	4.77	4.66	4.73	454404	4345745.000
08/09/2013	4.80	4.80	4.69	4.74	423609	4056865.500
08/12/2013	4.73	4.82	4.71	4.82	632707	6086545.000
08/13/2013	4.82	5.30	4.82	5.30	6263056	66600816.000
08/14/2013	5.84	5.84	5.57	5.84	7153930	84167672.000
08/15/2013	5.85	5.95	5.60	5.60	10462921	120760320.000
08/16/2013	5.53	5.89	5.23	5.23	11258774	126597344.000
08/19/2013	5.17	5.36	5.09	5.33	6568403	69214200.000
08/20/2013	5.26	5.31	5.19	5.22	4111208	43460916.000
08/21/2013	5.25	5.33	5.17	5.24	3373450	35706148.000
08/22/2013	5.23	5.23	5.10	5.12	2964210	30843470.000
08/23/2013	5.10	5.19	4.89	5.04	4693396	47779940.000
08/26/2013	5.01	5.15	5.00	5.14	2781112	28522084.000
08/27/2013	5.13	5.20	5.08	5.15	2472655	25668494.000
08/28/2013	5.15	5.15	4.86	4.91	2531924	25838060.000
08/29/2013	5.00	5.19	4.92	5.14	4069175	41677284.000
08/30/2013	5.11	5.12	4.75	4.79	3393803	33750656.000
09/02/2013	4.76	4.90	4.73	4.86	1636086	15906936.000
09/03/2013	4.89	4.94	4.86	4.88	1658544	16424139.000
09/04/2013	4.88	4.94	4.86	4.90	1292597	12799867.000
09/05/2013	4.87	4.96	4.85	4.92	1203041	11961222.000
09/06/2013	4.90	5.02	4.90	5.00	1652200	16544865.000
09/09/2013	5.00	5.00	4.91	4.98	1420256	14208527.000
09/10/2013	4.98	5.05	4.95	4.99	1394263	14065164.000
09/11/2013	4.99	5.00	4.77	4.80	2484881	24281036.000
09/12/2013	4.81	4.86	4.78	4.81	1113558	10821076.000
09/13/2013	4.82	4.88	4.78	4.87	961249	9401158.000
09/16/2013	4.87	4.91	4.85	4.90	1027644	10153560.000
09/17/2013	4.89	4.93	4.78	4.79	706992	6917970.500
09/18/2013	4.81	5.01	4.81	5.01	2588622	25949482.000
09/23/2013	5.03	5.09	4.96	5.08	1636515	16562739.000
09/24/2013	5.06	5.08	4.99	5.03	1303786	13229587.000
09/25/2013	5.01	5.02	4.92	4.96	1390777	13945315.000
09/26/2013	4.93	5.03	4.88	4.91	972989	9759049.000
09/27/2013	4.95	4.97	4.88	4.93	688109	6830100.000
09/30/2013	4.93	5.01	4.92	4.95	702708	7056666.500
10/08/2013	4.96	5.08	4.93	5.08	1352906	13716490.000
10/09/2013	5.08	5.12	5.03	5.10	1093588	11196767.000
10/10/2013	5.10	5.14	5.04	5.04	1588923	16295332.000
10/11/2013	5.08	5.11	5.01	5.10	1732565	17729578.000
10/14/2013	5.12	5.21	5.07	5.15	1773348	18447162.000
10/15/2013	5.15	5.15	4.99	5.07	1212474	12421306.000
10/16/2013	5.06	5.06	4.87	4.89	1212139	12103853.000
10/17/2013	4.90	4.97	4.88	4.93	829316	8250200.500
10/18/2013	4.91	4.96	4.90	4.94	576716	5736616.000
10/21/2013	4.97	5.08	4.94	5.07	1031736	10451137.000
10/22/2013	5.07	5.16	5.03	5.04	1486217	15247729.000
10/23/2013	5.06	5.13	4.95	4.97	1377150	14044952.000
10/24/2013	5.00	5.09	4.92	5.05	1045396	10603503.000
10/25/2013	5.05	5.14	4.89	4.91	1224277	12406952.000
10/28/2013	4.88	4.95	4.83	4.91	942894	9332493.000
10/29/2013	4.90	4.97	4.46	4.60	1744237	16497746.000
10/30/2013	4.56	4.78	4.56	4.75	940242	8951125.000
10/31/2013	4.70	4.82	4.65	4.72	620677	5951678.000
11/01/2013	4.72	4.80	4.69	4.77	438996	4211200.500
11/04/2013	4.70	4.81	4.70	4.81	309625	2978124.500
11/05/2013	4.81	4.88	4.77	4.87	423495	4141246.250
11/06/2013	4.82	4.93	4.82	4.86	565905	5581287.500
11/07/2013	4.87	4.87	4.78	4.83	489025	4760936.500
11/08/2013	4.80	4.82	4.66	4.75	527813	5033973.500
11/11/2013	4.74	4.86	4.68	4.83	556202	5371487.500
11/12/2013	4.93	5.13	4.92	5.08	2351979	23961092.000
11/13/2013	5.00	5.08	4.95	4.99	1205218	12199114.000
11/14/2013	5.02	5.28	5.02	5.25	4359988	45615384.000
11/15/2013	5.16	5.30	5.16	5.27	3410447	35959852.000
11/18/2013	5.23	5.31	5.19	5.23	2768489	29271304.000
11/19/2013	5.23	5.37	5.09	5.18	3266106	34290408.000
11/20/2013	5.17	5.22	5.11	5.22	2017427	21111890.000
11/21/2013	5.19	5.20	5.08	5.18	1890899	19637430.000
11/22/2013	5.15	5.34	5.14	5.25	2363266	25048688.000
11/25/2013	5.22	5.41	5.21	5.31	2200023	23684212.000
11/26/2013	5.31	5.46	5.23	5.41	2403463	25900492.000
11/27/2013	5.41	5.44	5.35	5.41	1644058	17918542.000
11/28/2013	5.41	5.58	5.39	5.44	2501081	27619280.000
11/29/2013	5.42	5.73	5.40	5.59	3507722	39589440.000
12/02/2013	5.33	5.35	5.02	5.03	4234888	44145956.000
12/03/2013	4.96	5.13	4.93	5.12	1534404	15590637.000
12/04/2013	5.08	5.28	5.05	5.17	1860035	19523788.000
12/05/2013	5.16	5.25	5.13	5.17	1308948	13694757.000
12/06/2013	5.15	5.23	5.13	5.20	805262	8433197.000
12/09/2013	5.26	5.39	5.21	5.33	1588926	17037020.000
12/10/2013	5.32	5.38	5.25	5.27	1116162	11919187.000
12/11/2013	5.27	5.32	5.13	5.20	1290705	13592278.000
12/12/2013	5.17	5.47	5.17	5.39	2554675	27628570.000
12/13/2013	5.35	5.53	5.31	5.48	2128094	23403790.000
12/16/2013	5.47	5.57	5.40	5.45	2070825	22969288.000
12/17/2013	5.41	5.57	5.33	5.53	1919929	21125662.000
12/18/2013	5.55	5.62	5.37	5.45	1253912	13879585.000
12/19/2013	5.42	5.56	5.33	5.35	957479	10432939.000
12/20/2013	5.35	5.39	5.15	5.20	921237	9833819.000
12/23/2013	5.22	5.26	5.11	5.21	636461	6680847.000
12/24/2013	5.19	5.34	5.19	5.23	1092779	11625306.000
12/25/2013	5.23	5.56	5.23	5.54	2264847	25038898.000
12/26/2013	5.52	5.62	5.49	5.55	2394135	26878014.000
12/27/2013	5.58	5.80	5.48	5.69	2967738	34042392.000
12/30/2013	5.68	5.80	5.66	5.72	1947090	22517898.000
12/31/2013	5.70	5.72	5.54	5.67	1402009	15947192.000
01/02/2014	5.64	5.89	5.63	5.80	1697995	19793856.000
01/03/2014	5.76	5.85	5.70	5.71	1292791	15035605.000
01/06/2014	5.68	5.71	5.53	5.54	1275529	14455633.000
01/07/2014	5.47	5.80	5.47	5.80	1711623	19574336.000
01/08/2014	5.80	5.94	5.77	5.85	1901670	22452292.000
01/09/2014	5.85	6.01	5.69	5.69	2369458	28018604.000
01/10/2014	5.67	5.76	5.57	5.60	1001992	11436127.000
01/13/2014	5.58	5.69	5.55	5.63	1382771	15659671.000
01/14/2014	5.57	6.20	5.56	6.10	6184448	75812728.000
01/15/2014	6.05	6.15	5.97	6.10	2991540	36549864.000
01/16/2014	6.72	6.72	6.35	6.72	17543362	234987744.000
01/17/2014	6.45	6.66	6.39	6.49	9208418	120479544.000
01/20/2014	6.42	6.66	6.28	6.28	6660327	87069368.000
01/21/2014	6.35	6.45	6.19	6.42	7248922	92282496.000
01/22/2014	6.39	6.52	6.33	6.44	5673211	73485912.000
01/23/2014	6.43	6.60	6.40	6.45	6023165	78830688.000
01/24/2014	6.37	6.67	6.36	6.55	5620146	73978592.000
01/27/2014	6.55	6.84	6.50	6.70	6378773	86168512.000
01/28/2014	6.58	6.66	6.38	6.45	4148719	54421996.000
01/29/2014	6.50	6.57	6.41	6.54	2502429	32727928.000
01/30/2014	6.50	6.53	6.29	6.32	2324523	30051438.000
02/07/2014	6.27	6.62	6.27	6.61	3092944	40640764.000
02/10/2014	6.61	6.79	6.52	6.77	5207808	69695960.000
02/11/2014	6.79	6.93	6.61	6.75	4550068	61878864.000
02/12/2014	6.84	7.07	6.65	7.01	5447698	75231288.000
02/13/2014	6.95	7.04	6.66	6.69	4120174	56884056.000
02/14/2014	6.72	7.16	6.70	7.06	4232443	59228020.000
02/17/2014	7.01	7.12	6.99	7.08	3968722	56290892.000
02/18/2014	7.08	7.20	7.00	7.08	4113585	58899328.000
02/19/2014	7.10	7.10	6.88	6.93	3709169	52108292.000
02/20/2014	6.95	7.00	6.74	6.79	2872569	39591072.000
02/21/2014	6.80	6.91	6.71	6.84	1819087	25012098.000
02/24/2014	6.84	6.99	6.80	6.95	2126634	29563298.000
02/25/2014	6.95	7.08	6.50	6.55	3350758	45696004.000
02/26/2014	6.55	6.64	6.33	6.56	2394836	31535794.000
02/27/2014	6.57	6.67	6.33	6.36	1987530	26221376.000
02/28/2014	6.34	6.48	6.27	6.45	1382738	17730742.000
03/03/2014	6.48	6.66	6.44	6.63	1332298	17573998.000
03/04/2014	6.57	6.66	6.50	6.63	1075911	14284693.000
03/05/2014	6.60	6.67	6.56	6.56	964385	12842609.000
03/06/2014	6.56	6.74	6.46	6.70	1770528	23644420.000
03/07/2014	6.70	6.84	6.51	6.70	1459661	19781440.000
03/10/2014	6.69	6.69	6.46	6.53	1305753	17248206.000
03/11/2014	6.52	6.58	6.46	6.58	917188	12029752.000
03/12/2014	6.54	6.65	6.32	6.51	1121314	14696530.000
03/13/2014	6.46	6.59	6.45	6.57	943400	12402583.000
03/14/2014	6.54	6.64	6.49	6.56	921498	12210192.000
03/17/2014	6.58	7.09	6.54	6.89	2884883	39862184.000
03/18/2014	6.85	7.05	6.85	6.94	2115358	29566148.000
03/19/2014	6.90	7.04	6.85	7.04	2174383	30490128.000
03/20/2014	7.03	7.04	6.80	6.80	1944726	27022050.000
03/21/2014	6.75	6.89	6.56	6.84	1543932	20973714.000
03/24/2014	6.70	6.91	6.60	6.78	927246	12735451.000
03/25/2014	6.64	6.83	6.63	6.72	1070963	14501097.000
03/26/2014	6.74	6.90	6.72	6.75	1640197	22510092.000
03/27/2014	6.79	6.80	6.51	6.55	1534374	20540892.000
03/28/2014	6.50	6.58	6.37	6.43	1669260	21730592.000
03/31/2014	6.39	6.57	6.39	6.45	787360	10289403.000
04/01/2014	6.50	6.64	6.44	6.64	508256	6731033.000
04/02/2014	6.60	6.65	6.49	6.57	686357	9048141.000
04/03/2014	6.59	6.62	6.51	6.55	457227	6039041.000
04/04/2014	6.50	6.70	6.46	6.69	1216050	16251027.000
04/08/2014	6.64	6.82	6.60	6.77	837999	11349205.000
04/09/2014	6.73	6.83	6.72	6.83	991219	13524630.000
04/10/2014	6.83	6.87	6.74	6.75	1014963	13936688.000
04/11/2014	6.73	6.76	6.67	6.76	729766	9863675.000
04/14/2014	6.76	7.05	6.73	6.89	2988728	41504412.000
04/15/2014	6.89	6.93	6.79	6.82	1169376	16138987.000
04/16/2014	6.80	6.87	6.74	6.81	744150	10182456.000
04/17/2014	6.81	6.95	6.80	6.86	988578	13737054.000
04/18/2014	6.86	6.92	6.82	6.88	829185	11454765.000
04/21/2014	6.87	6.93	6.72	6.74	955471	13176005.000
04/22/2014	6.74	6.82	6.54	6.61	1054652	14095638.000
04/23/2014	6.62	6.72	6.55	6.60	714500	9541378.000
04/24/2014	6.60	6.60	6.45	6.51	725045	9506769.000
04/25/2014	6.51	6.63	6.42	6.43	633773	8337296.000
04/28/2014	6.42	6.42	6.14	6.18	855043	10739226.000
04/29/2014	6.18	6.27	6.14	6.25	414552	5190945.500
04/30/2014	6.25	6.37	6.23	6.35	409628	5214601.000
05/05/2014	6.35	6.60	6.26	6.53	806753	10485022.000
05/06/2014	6.50	6.57	6.50	6.55	471699	6213936.500
05/07/2014	6.51	6.56	6.45	6.56	530397	6957121.000
05/08/2014	6.51	6.64	6.51	6.55	504990	6699424.500
05/09/2014	6.55	6.58	6.42	6.55	444728	5828124.000
05/12/2014	6.58	6.73	6.56	6.71	544852	7306917.000
05/13/2014	6.68	6.80	6.64	6.68	634016	8579240.000
05/14/2014	6.66	6.77	6.66	6.71	635629	8606109.000
05/15/2014	6.71	6.77	6.59	6.60	593679	7972645.000
05/16/2014	6.60	6.65	6.45	6.58	482469	6359226.000
05/19/2014	6.56	6.62	6.48	6.52	338491	4450658.000
05/20/2014	6.58	6.73	6.53	6.55	477369	6369247.500
05/21/2014	6.63	6.69	6.53	6.68	454603	6048354.000
05/22/2014	6.67	6.73	6.64	6.65	694427	9358729.000
05/23/2014	6.64	6.73	6.55	6.73	767285	10324120.000
05/26/2014	6.65	6.73	6.56	6.73	1651440	22069750.000
05/27/2014	6.70	6.77	6.65	6.70	985496	13318779.000
05/28/2014	6.70	6.84	6.64	6.81	1682833	22884776.000
05/29/2014	6.79	6.79	6.53	6.60	1294562	17398832.000
05/30/2014	6.59	6.59	6.49	6.54	1071554	14096444.000
06/03/2014	6.55	6.62	6.53	6.56	780706	10308667.000
06/04/2014	6.56	6.56	6.39	6.42	921614	11947299.000
06/05/2014	6.41	6.53	6.41	6.53	959065	12498756.000
06/06/2014	6.50	6.56	6.44	6.46	1465530	19180776.000
06/09/2014	6.46	6.53	6.42	6.44	1001028	13026774.000
06/10/2014	6.46	6.53	6.41	6.52	1626220	21243588.000
06/11/2014	6.53	6.57	6.49	6.56	1437257	18933010.000
06/12/2014	6.69	6.74	6.60	6.63	2685967	36034916.000
06/13/2014	6.58	7.23	6.57	7.03	6506631	91467224.000
06/16/2014	7.03	7.35	6.99	7.32	4886528	70504128.000
06/17/2014	7.28	7.58	7.16	7.32	7089781	105446200.000
06/18/2014	7.32	7.32	6.90	6.95	4353627	61946696.000
06/19/2014	6.95	7.18	6.41	6.53	6893373	47438116.000
06/20/2014	6.56	6.84	6.23	6.60	9256096	60918504.000
06/23/2014	6.72	7.26	6.60	6.85	20375077	144409792.000
06/24/2014	6.55	6.89	6.41	6.78	13251772	88534088.000
06/25/2014	6.75	6.81	6.55	6.62	7390426	49086524.000
06/26/2014	6.61	6.75	6.61	6.68	6023414	40276396.000
06/27/2014	6.70	6.98	6.66	6.95	7194785	49284580.000
06/30/2014	6.91	7.40	6.90	7.26	9831761	70714632.000
07/01/2014	7.32	7.36	7.10	7.17	5540912	39667524.000
07/02/2014	7.15	7.23	7.02	7.15	4066419	28995862.000
07/03/2014	7.15	7.32	7.06	7.12	4991255	35858464.000
07/04/2014	7.09	7.30	7.04	7.28	6264468	44989952.000
07/07/2014	7.35	7.94	7.28	7.54	12534844	95337600.000
07/08/2014	7.55	7.69	7.36	7.66	5843717	43734112.000
07/09/2014	7.63	7.67	7.34	7.39	6138518	46084180.000
07/10/2014	7.41	7.50	7.31	7.34	3211304	23810860.000
07/11/2014	7.34	7.59	7.34	7.52	3546545	26478978.000
07/14/2014	7.54	7.62	7.44	7.61	3510332	26455280.000
07/15/2014	7.52	7.52	7.26	7.36	5718724	42190756.000
07/16/2014	7.36	7.36	7.20	7.30	3422135	24901720.000
07/17/2014	7.29	7.43	7.23	7.38	2766091	20284800.000
07/18/2014	7.33	7.43	7.27	7.31	2021185	14839186.000
07/21/2014	7.25	7.30	7.15	7.23	1777205	12848122.000
07/22/2014	7.25	7.33	7.18	7.30	1609767	11713430.000
07/23/2014	7.28	7.30	7.07	7.13	2534578	18170050.000
07/24/2014	7.09	7.16	6.93	6.99	2126726	14922011.000
07/25/2014	7.02	7.35	6.97	7.31	3511804	25456520.000
07/28/2014	7.59	8.01	7.38	7.48	17508650	133745376.000
07/29/2014	7.46	7.63	7.36	7.57	7318107	55119276.000
07/30/2014	7.51	7.68	7.47	7.63	6383084	48461348.000
07/31/2014	7.65	7.69	7.57	7.63	2977600	22694796.000
08/01/2014	7.58	7.70	7.47	7.53	4496863	34139608.000
08/04/2014	7.55	7.87	7.51	7.77	7144453	55116372.000
08/05/2014	7.80	7.90	7.65	7.85	4780917	37309240.000
08/06/2014	7.83	7.95	7.75	7.81	3302822	25964238.000
08/07/2014	7.83	7.95	7.80	7.82	4018680	31543688.000
08/08/2014	7.77	7.90	7.77	7.90	2894565	22737568.000
08/11/2014	7.91	8.16	7.88	8.11	6017257	48436640.000
08/12/2014	8.12	8.88	8.08	8.63	11590903	98251816.000
08/13/2014	8.63	8.65	8.30	8.59	6738745	57196140.000
08/14/2014	8.53	9.38	8.53	9.07	10145472	92406096.000
08/15/2014	9.11	9.98	9.08	9.98	13767477	134711152.000
08/18/2014	10.30	10.98	10.05	10.92	17375648	184201040.000
08/19/2014	10.70	11.35	10.49	10.80	14619854	159985136.000
08/20/2014	10.80	11.13	10.46	10.88	10058711	108134112.000
08/21/2014	10.79	10.95	10.55	10.69	6086083	65039848.000
08/22/2014	10.65	10.66	10.33	10.57	6159154	64642304.000
08/25/2014	10.44	10.60	10.18	10.37	4958257	51464320.000
08/26/2014	10.52	11.41	10.40	11.41	15683096	176050240.000
08/27/2014	11.19	11.73	10.87	10.87	10139638	113664552.000
08/28/2014	10.90	11.00	10.40	10.51	5737697	61196532.000
08/29/2014	10.51	10.79	10.31	10.51	3361340	35545312.000
09/01/2014	10.49	11.56	10.41	11.56	8526021	97141968.000
09/02/2014	11.88	12.37	11.75	12.21	14050391	168966544.000
09/03/2014	12.36	12.39	11.85	12.07	8543644	103058920.000
09/04/2014	12.00	12.48	11.98	12.08	5920191	71928008.000
09/05/2014	12.02	13.13	12.02	12.55	7518658	95131688.000
09/09/2014	12.61	12.78	12.21	12.69	4424022	54763632.000
09/10/2014	12.50	13.09	12.34	12.53	5168937	65971020.000
09/16/2014	13.54	13.78	13.08	13.78	14600491	199147600.000
09/17/2014	14.15	14.15	12.40	13.27	13352882	178607280.000
09/18/2014	13.42	14.36	13.15	14.36	15510712	215003696.000
09/19/2014	14.04	15.55	14.04	14.90	12545320	184352032.000
09/22/2014	14.90	16.39	14.90	15.63	13866677	218951184.000
09/23/2014	15.70	15.98	14.86	15.70	8166732	125884864.000
09/24/2014	15.55	17.00	15.31	16.03	10567950	172040048.000
09/25/2014	16.11	17.63	15.78	17.63	8910921	151075104.000
09/26/2014	18.08	18.46	17.01	18.02	8299885	146388256.000
09/29/2014	17.82	17.86	17.00	17.05	8817274	151979344.000
09/30/2014	17.01	17.09	16.09	16.35	9719966	159695280.000
10/08/2014	16.38	17.80	16.22	17.34	9590657	163768896.000
10/09/2014	17.11	18.00	15.99	16.55	10138986	172380304.000
10/10/2014	16.52	16.52	15.62	15.84	7222500	114939528.000
10/13/2014	15.95	16.23	15.28	16.00	5599500	87428304.000
10/14/2014	16.01	16.01	15.49	15.52	5534524	87087872.000
10/15/2014	15.51	15.78	15.02	15.70	5002836	77224352.000
10/16/2014	15.52	16.16	15.30	15.60	6407464	101331408.000
10/17/2014	15.40	15.99	14.89	15.77	3875930	60347220.000
10/20/2014	15.80	17.35	15.00	17.35	11777357	197290096.000
10/21/2014	17.35	17.83	16.90	17.03	6479713	111826656.000
10/22/2014	17.14	17.25	16.14	16.14	3540953	58903744.000
10/23/2014	15.96	16.23	15.29	15.61	5037222	78225264.000
10/24/2014	15.80	16.05	15.36	15.74	2911936	45987120.000
10/27/2014	15.60	16.84	15.60	16.62	4707163	76814808.000
10/28/2014	16.77	17.18	16.45	17.01	4643335	79017664.000
10/29/2014	16.98	17.35	16.38	16.66	3849092	64825216.000
10/30/2014	16.64	17.92	16.50	17.81	5602830	97972200.000
10/31/2014	17.81	18.32	17.25	17.60	3780204	67109032.000
数据来源:通达信
