300021 大禹节水 日线
      日期	    开盘	    最高	    最低	    收盘	    成交量	    成交额
10/08/2010	7.78	7.99	7.78	7.95	1004495	16178761.000
10/11/2010	7.97	8.45	7.82	8.16	1889463	31244218.000
10/12/2010	8.04	8.27	8.02	8.10	1552019	25603256.000
10/13/2010	8.10	8.29	8.02	8.24	1677127	27610196.000
10/14/2010	8.19	8.39	8.10	8.12	1639076	27351534.000
10/15/2010	8.10	8.10	7.84	7.94	1666936	26863826.000
10/18/2010	7.99	8.02	7.39	7.79	1740217	27073342.000
10/19/2010	7.71	8.58	7.64	8.58	4394962	74846472.000
10/20/2010	8.63	9.23	8.62	8.76	6862134	123443568.000
10/21/2010	8.69	8.69	8.21	8.44	2584839	44148516.000
10/22/2010	8.44	8.96	8.44	8.70	3367121	59801676.000
10/25/2010	8.69	9.04	8.55	8.94	3354898	60039280.000
10/26/2010	8.89	9.16	8.57	9.04	3723125	66531244.000
10/27/2010	8.91	9.24	8.68	8.68	2924909	52924464.000
10/28/2010	8.64	8.79	8.44	8.49	1777611	30764184.000
10/29/2010	8.62	8.80	8.50	8.53	1991397	34841832.000
11/01/2010	8.53	8.89	8.53	8.79	3591146	63796276.000
11/02/2010	8.80	8.80	8.41	8.55	3211723	55526488.000
11/03/2010	8.52	8.52	8.15	8.19	2482141	41643192.000
11/04/2010	8.20	8.33	8.09	8.26	1612105	26793702.000
11/05/2010	8.33	8.37	8.23	8.33	1655637	27781092.000
11/08/2010	8.33	8.61	8.33	8.61	2566680	44311712.000
11/09/2010	8.57	8.76	8.52	8.70	2809633	49191148.000
11/10/2010	8.69	9.04	8.64	8.90	4438957	79909736.000
11/11/2010	8.84	8.99	8.74	8.76	4024647	72459792.000
11/12/2010	8.69	8.99	8.27	8.27	3586785	62854696.000
11/15/2010	8.29	8.96	8.22	8.95	4265515	75429384.000
11/16/2010	8.99	9.32	8.69	9.06	8297401	152969792.000
11/17/2010	8.99	9.39	8.82	9.35	7557632	141069696.000
11/18/2010	9.52	9.53	8.95	9.24	5085744	94356984.000
11/19/2010	9.24	9.59	8.99	9.57	7268220	137568416.000
11/22/2010	9.51	9.69	9.24	9.40	6662295	127643784.000
11/23/2010	9.29	9.30	8.84	9.10	3907376	71667632.000
11/24/2010	9.05	9.24	8.98	9.22	3046603	56352844.000
11/25/2010	9.22	9.72	9.14	9.72	7099991	135259152.000
11/26/2010	10.03	10.65	9.91	10.21	11231530	231865664.000
11/29/2010	10.07	11.24	10.04	11.24	11332639	248308048.000
11/30/2010	11.54	12.33	11.42	12.02	14591699	349488160.000
12/01/2010	12.02	12.27	11.20	11.47	8181579	193140800.000
12/02/2010	11.99	12.33	11.32	12.18	10343602	248183872.000
12/03/2010	11.84	11.84	11.00	11.23	6136606	142027168.000
12/06/2010	10.94	11.19	10.74	10.85	4896877	107772792.000
12/07/2010	10.84	11.07	10.26	10.99	4290488	92584872.000
12/08/2010	10.75	11.08	10.54	10.59	3489068	76146176.000
12/09/2010	10.41	10.73	10.20	10.33	3204685	67370040.000
12/10/2010	10.20	10.59	10.20	10.47	2525031	53290556.000
12/13/2010	10.64	11.53	10.50	11.53	6227798	141321744.000
12/14/2010	11.73	11.73	11.18	11.49	7048897	163029440.000
12/15/2010	11.29	12.23	11.19	11.77	7276856	174686752.000
12/16/2010	11.54	12.74	11.52	12.57	6469383	161457840.000
12/17/2010	12.49	12.61	12.09	12.31	3627495	89771728.000
12/20/2010	12.55	12.94	11.44	12.47	6503480	163845232.000
12/21/2010	12.69	12.74	11.97	12.13	5088567	125096136.000
12/22/2010	12.22	12.48	11.87	12.21	4315792	106321616.000
12/23/2010	12.39	12.71	11.84	11.86	4500729	111385680.000
12/24/2010	11.38	11.61	10.92	11.23	3939790	89103216.000
12/27/2010	11.19	11.32	10.21	10.57	2922725	64707888.000
12/28/2010	10.56	11.00	9.99	10.72	2744128	57756216.000
12/29/2010	10.69	10.98	10.29	10.89	1692211	36966388.000
12/30/2010	10.89	11.10	10.67	10.95	1583656	34990908.000
12/31/2010	10.92	11.08	10.82	11.07	2090866	46258932.000
01/04/2011	11.09	11.14	10.91	11.07	2287888	50973236.000
01/05/2011	11.07	11.18	10.84	10.94	2357262	52385360.000
01/06/2011	10.79	10.83	10.33	10.50	2986267	63596056.000
01/07/2011	10.45	10.70	10.21	10.65	2562160	53702292.000
01/10/2011	10.86	11.23	10.64	10.71	3506182	77779408.000
01/11/2011	10.39	10.46	10.18	10.31	1754314	36542516.000
01/12/2011	10.43	10.76	10.42	10.72	2034584	43537356.000
01/13/2011	10.79	10.79	10.39	10.45	1335502	28348298.000
01/14/2011	10.51	10.67	10.44	10.52	1919723	40896708.000
01/17/2011	10.47	10.47	9.64	9.64	2165104	43414804.000
01/18/2011	9.48	9.68	9.11	9.48	1041597	19795944.000
01/19/2011	9.49	9.88	9.36	9.67	2264303	44332428.000
01/20/2011	9.63	9.63	9.10	9.14	1841463	34729176.000
01/21/2011	8.98	9.64	8.94	9.24	2226288	42220976.000
01/24/2011	9.58	10.14	9.58	9.89	4097325	82036800.000
01/25/2011	9.54	9.74	9.14	9.66	2375487	45585584.000
01/26/2011	9.74	10.29	9.74	10.20	3387572	69310888.000
01/27/2011	10.14	10.70	9.87	10.52	3525967	73793848.000
01/28/2011	10.54	11.14	10.36	10.84	3393075	73855608.000
01/31/2011	11.42	11.94	11.42	11.94	12354793	295209184.000
02/01/2011	11.89	11.89	11.44	11.59	6062145	141849408.000
02/09/2011	11.59	12.23	11.14	11.88	7787366	185120800.000
02/10/2011	11.84	11.84	11.39	11.69	5435399	126965712.000
02/11/2011	11.62	11.84	11.47	11.60	3584674	84029752.000
02/14/2011	11.49	11.66	11.29	11.54	4986481	115119192.000
02/15/2011	11.49	12.14	11.44	11.70	7797614	186642992.000
02/16/2011	11.63	11.63	11.33	11.48	5146380	118835176.000
02/17/2011	11.48	11.71	11.26	11.53	5302064	122968872.000
02/18/2011	11.37	11.66	11.27	11.30	3132304	72035664.000
02/21/2011	11.25	11.57	11.19	11.44	3023645	69690776.000
02/22/2011	11.42	11.64	11.08	11.09	3380048	77177048.000
02/23/2011	10.97	11.45	10.97	11.44	2797646	63879680.000
02/24/2011	11.48	11.89	11.45	11.72	4132660	97940336.000
02/25/2011	11.69	11.72	11.29	11.52	2553070	59237728.000
02/28/2011	11.51	11.89	11.40	11.68	3085302	73043088.000
03/01/2011	11.73	11.79	11.50	11.63	2195645	51342844.000
03/02/2011	11.65	11.65	11.07	11.25	3130749	71239312.000
03/03/2011	11.28	11.29	10.67	10.73	2965325	65844892.000
03/04/2011	10.75	10.87	10.51	10.80	1656952	35797924.000
03/07/2011	10.87	11.12	10.87	10.91	1691995	37462748.000
03/08/2011	10.91	11.05	10.69	10.80	1997592	43564908.000
03/09/2011	10.81	11.14	10.81	11.05	2538011	56623516.000
03/10/2011	11.05	11.13	10.92	11.04	1918861	42699092.000
03/11/2011	11.03	11.17	10.89	11.01	1908000	42611224.000
03/14/2011	11.07	11.18	10.84	11.07	1843241	40842640.000
03/15/2011	11.04	11.04	10.39	10.69	2372305	50942160.000
03/16/2011	10.69	11.05	10.69	10.99	2912708	64308036.000
03/17/2011	11.13	11.38	10.92	11.17	3975170	89755960.000
03/18/2011	11.39	11.79	11.27	11.34	6723966	156046320.000
03/21/2011	11.19	11.33	11.04	11.06	2374707	53299476.000
03/22/2011	11.09	11.24	10.97	11.09	1689848	38001500.000
03/23/2011	11.09	11.09	10.81	10.96	2924294	64374416.000
03/24/2011	10.94	10.97	10.67	10.76	2156116	46875688.000
03/25/2011	10.76	10.85	10.73	10.79	1459024	31820736.000
03/28/2011	10.79	10.96	10.71	10.78	1829036	39950108.000
03/29/2011	10.79	11.08	10.74	10.77	2447886	53888356.000
03/30/2011	10.64	10.87	10.29	10.30	2522841	53046988.000
03/31/2011	10.34	10.57	10.34	10.37	1270782	26780904.000
04/01/2011	10.78	10.89	10.59	10.73	1893647	41010276.000
04/06/2011	10.53	10.73	10.39	10.45	1639873	34874400.000
04/07/2011	10.52	10.63	10.40	10.59	1018519	21740984.000
04/11/2011	10.74	10.83	10.47	10.50	1169283	24997428.000
04/12/2011	10.43	10.59	10.41	10.44	1130501	23931362.000
04/13/2011	10.40	10.63	10.40	10.61	960657	20501388.000
04/14/2011	10.64	10.64	10.49	10.52	871999	18591720.000
04/15/2011	10.53	10.63	10.29	10.45	1234457	25998934.000
04/18/2011	10.44	10.45	10.24	10.31	1165612	24269542.000
04/19/2011	10.29	10.29	10.00	10.12	1332247	27223836.000
04/20/2011	10.12	10.73	10.12	10.49	2541003	53801720.000
04/21/2011	10.49	10.74	10.40	10.62	1960698	42040004.000
04/22/2011	10.72	10.84	10.55	10.63	1653046	35562980.000
04/25/2011	10.53	10.87	10.53	10.75	2154490	46838000.000
04/26/2011	10.76	10.83	10.30	10.31	1909121	40314548.000
04/27/2011	10.33	10.67	10.12	10.37	1610956	33954304.000
04/28/2011	10.15	10.54	9.79	9.80	2898917	29454246.000
04/29/2011	9.79	10.02	9.57	9.86	2310667	22894846.000
05/03/2011	9.89	10.56	9.87	10.28	4056134	42159408.000
05/04/2011	10.29	10.42	9.89	10.12	2842287	29013394.000
05/05/2011	9.94	10.54	9.90	10.35	4896291	51033484.000
05/06/2011	10.24	10.49	10.04	10.28	3097181	32048636.000
05/09/2011	10.42	11.14	10.34	10.85	9606823	104331808.000
05/10/2011	10.86	11.12	10.72	11.07	6980403	76879432.000
05/11/2011	11.02	11.08	10.82	10.95	5000663	55033416.000
05/12/2011	10.86	11.11	10.64	10.71	4571987	50024124.000
05/13/2011	10.76	10.91	10.55	10.88	2912794	31492784.000
05/16/2011	10.91	11.05	10.72	10.74	2593784	28271252.000
05/17/2011	10.71	11.29	10.54	11.19	9027947	99843896.000
05/18/2011	11.05	11.51	11.04	11.27	8962020	102166776.000
05/19/2011	11.33	11.44	10.94	10.98	4805093	53619980.000
05/23/2011	11.24	12.07	11.14	11.58	17974331	209401072.000
05/24/2011	11.24	12.09	11.19	11.81	16442842	192833504.000
05/25/2011	11.83	11.83	11.40	11.47	8428591	98095752.000
05/26/2011	11.46	11.69	11.01	11.03	7526763	85189288.000
05/27/2011	10.99	11.12	9.92	10.00	9848813	101329120.000
05/30/2011	10.04	11.01	10.04	11.01	16134047	176275648.000
05/31/2011	11.01	11.22	10.36	11.10	13021122	141794752.000
06/01/2011	10.84	11.86	10.75	11.41	13941758	160644496.000
06/02/2011	11.04	11.28	10.74	11.08	8327664	92360096.000
06/03/2011	11.08	11.30	10.84	11.08	5219428	58154132.000
06/07/2011	10.93	10.93	10.29	10.58	8369708	88668824.000
06/08/2011	10.51	10.69	10.24	10.58	5646433	59368152.000
06/09/2011	10.46	10.48	10.16	10.24	4815907	49893032.000
06/10/2011	10.22	10.22	9.92	10.09	4734564	47645592.000
06/13/2011	10.08	10.08	9.51	9.81	6013918	58788064.000
06/14/2011	9.74	10.02	9.66	9.88	5202113	51797928.000
06/15/2011	9.81	9.92	9.61	9.62	5891876	57881080.000
06/16/2011	9.62	9.62	9.09	9.16	5403518	50811384.000
06/17/2011	9.15	9.27	9.06	9.09	3525320	32465108.000
06/20/2011	9.09	9.40	9.02	9.17	3709844	34555008.000
06/21/2011	9.24	9.29	9.00	9.18	2792237	25642538.000
06/22/2011	9.15	9.23	9.05	9.13	2133684	19600678.000
06/23/2011	9.13	9.32	8.94	9.26	4149201	38381012.000
06/24/2011	9.25	9.80	9.14	9.59	6138377	58896700.000
06/27/2011	9.59	9.73	9.48	9.60	4698476	45492092.000
06/28/2011	9.61	9.92	9.50	9.80	5408264	52669932.000
06/29/2011	9.82	10.49	9.74	10.08	12292738	125165840.000
06/30/2011	10.08	10.54	9.94	10.39	9943675	102150488.000
07/01/2011	10.39	10.84	10.28	10.69	9898070	104889208.000
07/04/2011	10.73	11.14	10.72	10.92	9360480	102963096.000
07/05/2011	10.84	11.15	10.75	11.04	9616520	106022088.000
07/06/2011	11.02	11.79	10.97	11.58	14260248	163249968.000
07/07/2011	11.94	12.18	11.27	11.29	21612018	253602128.000
07/08/2011	11.20	11.62	10.79	11.55	15524169	175772096.000
07/11/2011	12.71	12.71	12.22	12.50	41311718	521623968.000
07/12/2011	11.95	13.72	11.94	13.53	41549619	544517248.000
07/13/2011	13.43	14.15	13.14	13.82	30848356	424075808.000
07/14/2011	13.74	15.21	13.55	15.21	32450081	467900576.000
07/15/2011	15.05	16.69	14.89	15.42	39842646	626372864.000
07/18/2011	15.39	16.09	14.94	15.49	29964247	466075968.000
07/19/2011	15.09	15.54	14.69	14.73	25654507	386980800.000
07/20/2011	14.74	15.11	14.55	15.03	20313967	302896864.000
07/21/2011	14.94	15.62	14.79	15.17	23260105	354997568.000
07/22/2011	15.03	15.59	15.03	15.50	20298117	313465760.000
07/25/2011	15.34	15.57	13.94	13.96	25529638	372242048.000
07/26/2011	13.84	14.18	13.53	14.02	18158033	253559856.000
07/27/2011	13.84	14.37	13.65	14.13	15854103	223801520.000
07/28/2011	13.78	13.99	13.47	13.82	14012454	193091120.000
07/29/2011	14.09	14.92	14.09	14.32	24348925	353944928.000
08/01/2011	14.06	14.28	13.81	14.16	11078530	156518960.000
08/02/2011	14.16	15.52	14.12	15.36	32700841	494886208.000
08/03/2011	15.05	15.78	15.01	15.77	28726596	445207968.000
08/04/2011	15.69	16.16	15.27	15.64	26801145	423864928.000
08/05/2011	14.79	15.61	14.44	14.89	19611594	298739872.000
08/08/2011	14.44	14.68	13.40	13.41	21541811	299055552.000
08/09/2011	12.67	14.02	12.34	13.71	19954332	267338752.000
08/10/2011	13.94	14.32	13.73	13.77	15644688	220473248.000
08/11/2011	13.22	14.22	13.22	14.06	13819899	193100368.000
08/12/2011	14.21	14.38	13.97	14.07	10899573	154842160.000
08/15/2011	14.14	14.44	13.99	14.29	11600127	166241232.000
08/16/2011	14.50	14.50	13.90	13.99	10180861	144857712.000
08/17/2011	13.84	14.34	13.77	13.95	8165231	115562664.000
08/18/2011	13.88	14.18	13.57	13.60	8225202	114601848.000
08/19/2011	13.16	13.52	12.94	13.42	9701485	128808280.000
08/22/2011	13.34	13.57	13.05	13.14	5918421	79251448.000
08/23/2011	13.20	13.71	13.15	13.65	8312033	112248328.000
08/24/2011	13.64	14.27	13.59	13.84	13140075	185125536.000
08/25/2011	13.92	14.04	13.54	13.99	8872988	122742392.000
08/26/2011	13.93	14.14	13.71	13.87	6584455	91893376.000
08/29/2011	13.84	13.84	13.51	13.52	5912803	80910304.000
08/30/2011	13.57	13.70	13.13	13.18	6438560	86864264.000
08/31/2011	13.26	13.49	12.94	13.32	5146835	68529144.000
09/01/2011	13.43	13.43	13.04	13.06	4384264	58127872.000
09/02/2011	13.02	13.19	12.82	12.86	4584492	59626956.000
09/05/2011	12.74	12.74	12.10	12.14	6227925	77015096.000
09/06/2011	11.94	12.04	11.74	11.84	5228932	62409304.000
09/07/2011	11.99	12.34	11.85	12.26	6666832	80922856.000
09/08/2011	12.35	12.35	11.84	11.84	5857839	71216288.000
09/09/2011	11.78	12.17	11.76	11.90	5323938	63989660.000
09/13/2011	11.73	12.34	11.63	12.02	7064125	85905448.000
09/14/2011	12.13	12.20	11.65	12.14	5426093	65281200.000
09/15/2011	12.23	12.44	12.03	12.37	8300608	102275480.000
09/16/2011	12.34	12.41	12.02	12.06	5144780	63119852.000
09/19/2011	11.99	11.99	11.18	11.27	6955877	80604600.000
09/20/2011	11.20	11.50	11.12	11.36	5310429	60390032.000
09/21/2011	11.27	11.83	11.20	11.75	7683098	89074512.000
09/22/2011	11.62	11.72	11.17	11.18	5739235	65951372.000
09/23/2011	10.94	11.50	10.84	11.41	7285408	82939936.000
09/26/2011	11.21	11.41	10.97	11.06	4320096	48718192.000
09/27/2011	11.18	11.28	10.86	11.00	3095439	34406520.000
09/28/2011	11.10	11.25	10.86	10.95	3252786	36276296.000
09/29/2011	10.90	10.90	10.35	10.37	3941523	41812280.000
09/30/2011	10.38	10.48	10.10	10.29	2523642	26048836.000
10/10/2011	10.41	10.46	10.14	10.39	1949366	20193708.000
10/11/2011	10.72	10.83	10.52	10.71	7357460	79101904.000
10/12/2011	10.65	11.53	10.44	11.42	9737277	108460056.000
10/13/2011	11.64	12.29	11.64	11.86	14223858	170793088.000
10/14/2011	11.75	12.13	11.57	11.88	8093821	96544392.000
10/17/2011	11.91	12.01	11.74	11.90	6387391	76320376.000
10/18/2011	11.72	12.11	11.06	11.15	7913485	92913592.000
10/19/2011	11.24	11.58	11.19	11.34	5199520	59383364.000
10/20/2011	11.22	11.24	10.64	10.89	4662108	50831324.000
10/21/2011	10.70	11.08	10.70	10.74	2643722	28889422.000
10/24/2011	10.76	10.96	10.17	10.86	3666997	39396484.000
10/25/2011	10.83	11.44	10.50	11.18	6719036	74197168.000
10/26/2011	11.06	11.52	10.97	11.22	7778915	88362328.000
10/27/2011	11.16	12.35	11.11	12.01	17104932	205717856.000
10/28/2011	12.48	12.63	11.98	12.35	16380350	202192416.000
10/31/2011	12.23	13.08	12.12	12.96	18232471	231493168.000
11/01/2011	12.75	13.44	12.64	13.12	17664556	232265616.000
11/02/2011	12.74	13.33	12.64	13.29	12775820	167130080.000
11/03/2011	14.63	14.63	13.79	13.95	29809907	426074432.000
11/04/2011	14.08	14.12	13.56	13.75	14947314	207248352.000
11/07/2011	13.69	13.88	13.46	13.64	7782893	106688560.000
11/08/2011	13.54	13.79	13.29	13.34	7926517	107533744.000
11/09/2011	13.42	13.64	13.08	13.64	9470279	127558960.000
11/10/2011	13.42	13.59	13.15	13.20	10801663	144752864.000
11/11/2011	13.20	13.28	12.70	12.81	7223713	94252272.000
11/14/2011	13.00	13.42	12.94	13.34	7894275	105153032.000
11/15/2011	13.30	13.59	13.14	13.40	6599838	88823056.000
11/16/2011	13.42	13.43	12.70	12.80	8453837	110166856.000
11/17/2011	12.83	13.03	12.75	12.79	4972002	64370128.000
11/18/2011	12.90	13.21	12.82	12.87	9294981	121438608.000
11/21/2011	12.74	13.04	12.06	13.03	8597904	108343288.000
11/22/2011	12.77	13.02	12.44	12.74	5360162	68586552.000
11/23/2011	12.74	13.03	12.69	12.75	5436718	70342424.000
11/24/2011	12.54	12.94	12.22	12.70	6594502	83327832.000
11/25/2011	12.63	13.06	12.50	12.91	7492065	96579128.000
11/28/2011	13.44	13.75	13.24	13.36	15567553	210291840.000
11/29/2011	13.32	13.42	13.05	13.27	7872098	104706144.000
11/30/2011	13.07	13.46	12.09	12.59	8731107	113488592.000
12/01/2011	12.99	13.09	12.64	12.79	7396570	95744992.000
12/02/2011	12.62	12.64	12.14	12.18	6260849	77592128.000
12/05/2011	12.14	12.22	11.52	11.57	4480700	52744236.000
12/06/2011	11.34	11.80	11.34	11.65	3285211	38339356.000
12/07/2011	11.67	11.84	11.55	11.82	2873729	33845028.000
12/08/2011	11.66	12.44	11.49	12.02	6282074	75718608.000
12/09/2011	11.87	12.23	11.79	12.05	3846805	46565292.000
12/12/2011	12.23	12.71	12.14	12.35	7839977	98321056.000
12/13/2011	12.22	12.94	12.14	12.74	14614120	186643312.000
12/14/2011	12.59	12.72	11.94	12.29	9012097	112282240.000
12/15/2011	11.99	12.19	11.25	11.31	8321624	98493048.000
12/16/2011	11.22	11.91	11.10	11.89	6460369	74647352.000
12/19/2011	11.74	12.35	11.59	12.24	7321736	87769048.000
12/20/2011	12.14	12.31	11.95	11.99	4956333	60333444.000
12/21/2011	12.13	12.28	11.50	11.52	4988082	59932276.000
12/22/2011	11.48	12.04	11.09	11.86	7115798	82779464.000
12/23/2011	11.69	12.24	11.64	12.14	7400410	88814736.000
12/26/2011	12.11	12.50	11.97	12.30	9526335	117506736.000
12/27/2011	12.20	12.29	11.34	11.69	8343944	99239768.000
12/28/2011	11.43	11.57	10.95	11.39	6254108	70957376.000
12/29/2011	11.25	11.55	11.20	11.31	3331951	38231936.000
12/30/2011	11.39	11.62	11.30	11.50	3998657	46091216.000
01/04/2012	11.55	11.68	10.98	10.98	4733993	53925592.000
01/05/2012	10.84	10.89	9.93	9.98	6162642	64454996.000
01/06/2012	9.61	9.92	9.25	9.78	6019167	58377688.000
01/09/2012	9.79	10.26	9.55	10.21	5470497	54983616.000
01/10/2012	10.30	10.84	10.25	10.64	6715801	71723072.000
01/11/2012	10.59	10.92	10.44	10.65	5623777	60427584.000
01/12/2012	10.64	10.93	10.52	10.56	5896756	63321332.000
01/13/2012	10.56	10.63	9.84	9.86	6252290	63626528.000
01/16/2012	9.62	10.03	9.47	9.52	3575227	34920224.000
01/17/2012	9.42	10.10	9.42	10.04	4697373	46571908.000
01/18/2012	10.09	10.15	9.22	9.39	9639881	93775728.000
01/19/2012	9.39	9.59	9.19	9.42	5132557	48510024.000
01/20/2012	9.59	9.89	9.47	9.77	6635187	65044832.000
01/30/2012	9.96	10.14	9.74	9.86	5650883	56556852.000
01/31/2012	9.82	10.24	9.68	10.22	5336154	53303340.000
02/01/2012	10.14	10.64	9.94	10.35	10706094	111229376.000
02/02/2012	10.52	10.58	10.22	10.45	9241219	96584416.000
02/03/2012	10.54	10.54	10.32	10.43	6518575	68383720.000
02/06/2012	10.46	10.74	10.32	10.55	6748205	71157784.000
02/07/2012	10.44	10.44	10.01	10.12	5973532	61203448.000
02/08/2012	10.11	10.37	10.06	10.35	5017277	51775784.000
02/09/2012	10.39	10.64	10.33	10.57	10202295	107736168.000
02/10/2012	10.54	11.07	10.39	10.89	12300611	132725040.000
02/13/2012	10.85	11.34	10.74	10.98	14506485	161608560.000
02/14/2012	11.02	11.14	10.74	10.80	7176678	78385696.000
02/15/2012	10.76	11.28	10.69	11.18	11165675	123855544.000
02/16/2012	11.19	11.33	10.99	11.32	11892291	133503936.000
02/17/2012	11.35	11.53	11.02	11.14	10374651	116948520.000
02/20/2012	11.31	11.33	10.98	11.13	8287707	92809560.000
02/21/2012	11.15	11.19	10.96	11.17	6934607	77432160.000
02/22/2012	11.20	11.44	11.09	11.40	11505634	130702352.000
02/23/2012	11.36	11.52	11.19	11.28	9914173	113129192.000
02/24/2012	11.24	11.47	11.15	11.37	9696904	110491328.000
02/27/2012	11.41	11.59	11.30	11.33	13304885	153066272.000
02/28/2012	11.32	12.21	11.20	11.84	22649447	266455088.000
02/29/2012	11.72	11.92	11.30	11.31	12871466	149464496.000
03/01/2012	11.25	11.49	11.20	11.43	6826571	77922760.000
03/02/2012	11.63	11.80	11.46	11.61	9804177	114187904.000
03/05/2012	11.65	11.74	11.47	11.51	7106968	82606616.000
03/06/2012	11.51	11.51	11.14	11.19	7245227	81850616.000
03/07/2012	11.05	11.24	10.94	11.03	5369318	59890576.000
03/08/2012	11.10	11.23	11.06	11.17	4313525	48379004.000
03/09/2012	11.21	11.48	11.12	11.46	8388445	95729776.000
03/12/2012	11.43	11.55	11.23	11.36	5439233	62127080.000
03/13/2012	11.36	11.52	11.33	11.44	6278274	72154808.000
03/14/2012	11.44	11.54	10.59	10.67	12573246	141423520.000
03/15/2012	10.58	10.79	10.17	10.27	7126486	74386992.000
03/16/2012	10.43	10.50	10.15	10.47	5314586	55537040.000
03/19/2012	10.49	11.10	10.46	10.93	9048481	98420000.000
03/20/2012	10.74	10.85	10.47	10.55	6546763	70120880.000
03/21/2012	10.56	10.72	10.38	10.59	5161373	54673736.000
03/22/2012	10.59	11.02	10.39	10.69	7984494	86405016.000
03/23/2012	10.59	10.59	10.25	10.31	5437219	56846300.000
03/26/2012	10.39	10.39	10.04	10.13	2972255	30507996.000
03/27/2012	10.19	10.30	10.06	10.13	2736245	27987080.000
03/28/2012	10.04	10.10	9.44	9.49	5016076	49283312.000
03/29/2012	9.47	9.62	9.29	9.52	4043797	38577744.000
03/30/2012	9.50	9.61	9.44	9.53	2689240	25743978.000
04/05/2012	9.60	9.84	9.54	9.83	2996940	29441736.000
04/06/2012	9.83	10.01	9.76	9.85	2925957	29098930.000
04/09/2012	9.89	9.89	9.59	9.59	2836368	27797428.000
04/10/2012	9.54	9.70	9.40	9.68	3694088	35566552.000
04/11/2012	9.54	9.84	9.46	9.72	4292531	41629236.000
04/12/2012	9.72	9.95	9.61	9.92	5435971	53519272.000
04/13/2012	10.02	10.02	9.82	9.88	4253796	42364060.000
04/16/2012	9.94	10.21	9.94	9.97	5984098	60718576.000
04/17/2012	9.91	10.00	9.76	9.77	3251941	32193106.000
04/18/2012	9.80	9.99	9.73	9.96	4303066	42797300.000
04/19/2012	9.99	10.47	9.94	10.21	8868704	91308440.000
04/20/2012	10.12	10.23	9.99	10.15	6299747	64040696.000
04/23/2012	9.94	10.04	9.45	9.48	12447710	120839488.000
04/24/2012	9.36	9.36	8.99	9.27	7851585	72385776.000
04/25/2012	9.28	9.54	9.15	9.39	4928690	46289632.000
04/26/2012	9.46	9.46	9.21	9.26	4442189	41604676.000
04/27/2012	9.36	9.41	9.22	9.30	2766232	25947580.000
05/02/2012	9.40	9.50	9.34	9.40	3212530	30376338.000
05/03/2012	9.39	9.57	9.29	9.47	4364437	41412108.000
05/04/2012	9.45	9.64	9.44	9.56	4012484	38661044.000
05/07/2012	9.49	9.81	9.44	9.71	5176581	50243592.000
05/08/2012	9.74	9.90	9.65	9.68	5103886	50060436.000
05/09/2012	9.65	9.65	9.32	9.34	5096804	48300988.000
05/10/2012	9.31	9.42	9.27	9.41	2572270	24260472.000
05/11/2012	9.38	9.89	9.32	9.55	6717144	65270736.000
05/14/2012	9.74	9.82	9.55	9.57	4986822	48658540.000
05/15/2012	9.40	9.77	9.26	9.69	6154344	59556240.000
05/16/2012	9.66	9.70	9.37	9.39	3711791	35447912.000
05/17/2012	9.39	9.54	9.34	9.47	3089667	29409394.000
05/18/2012	9.41	9.60	9.20	9.23	4230600	39927008.000
05/21/2012	9.23	9.36	9.00	9.14	3476239	31968014.000
05/22/2012	9.20	9.28	9.10	9.22	2830942	26186888.000
05/23/2012	9.22	9.29	9.09	9.24	3031507	28102050.000
05/24/2012	9.15	9.27	9.14	9.17	2707415	25026078.000
05/25/2012	9.17	9.42	9.15	9.24	3621287	33746568.000
05/28/2012	9.19	9.54	8.92	9.54	7939100	74549816.000
05/29/2012	9.51	9.62	9.39	9.51	5945522	56910012.000
05/30/2012	9.44	9.69	9.42	9.56	5857947	56467796.000
05/31/2012	9.48	9.57	9.37	9.48	3702735	35346560.000
06/01/2012	9.48	10.43	9.48	10.04	23640004	241627920.000
06/04/2012	9.74	9.88	9.46	9.52	11543348	112519112.000
06/05/2012	9.52	9.59	9.24	9.29	5439364	51358416.000
06/06/2012	9.29	9.38	9.14	9.21	3946951	36723760.000
06/07/2012	9.33	9.35	9.10	9.14	4062413	37794304.000
06/08/2012	9.24	9.28	9.11	9.19	3091236	28562946.000
06/11/2012	9.22	9.52	9.17	9.47	6025708	56922296.000
06/12/2012	9.43	9.61	9.34	9.55	5981144	57112660.000
06/13/2012	9.71	10.13	9.66	9.76	10222092	101168952.000
06/14/2012	9.65	9.75	9.50	9.54	5890192	57066772.000
06/15/2012	9.54	9.83	9.42	9.76	6730383	65449228.000
06/18/2012	9.83	10.12	9.73	9.74	7972486	79133000.000
06/19/2012	9.74	9.80	9.55	9.56	4258860	41232688.000
06/20/2012	9.61	9.82	9.58	9.80	6155270	60249540.000
06/21/2012	9.79	9.97	9.63	9.95	9561089	94467704.000
06/25/2012	10.49	10.91	10.12	10.13	25542392	268906752.000
06/26/2012	9.81	9.81	9.22	9.65	13260819	127903408.000
06/27/2012	9.65	9.91	9.51	9.73	8659120	84480504.000
06/28/2012	9.71	9.73	9.24	9.25	7645492	72826872.000
06/29/2012	9.09	9.36	9.06	9.34	5151657	47844220.000
07/02/2012	9.57	9.69	9.39	9.46	5593136	53709944.000
07/03/2012	9.46	9.54	9.34	9.37	4855365	46040100.000
07/04/2012	9.41	9.56	9.35	9.38	3222527	30582204.000
07/05/2012	9.34	9.34	9.09	9.10	5548660	51080524.000
07/06/2012	9.15	9.31	9.09	9.30	4867099	45049360.000
07/09/2012	9.20	9.25	8.94	8.99	4601792	42135436.000
07/10/2012	8.98	9.03	8.65	8.75	4388476	38943016.000
07/11/2012	8.91	9.10	8.88	8.95	3527661	31829594.000
07/12/2012	8.84	9.14	8.75	9.06	3997784	36019332.000
07/13/2012	8.82	8.90	8.65	8.71	5904300	52050560.000
07/16/2012	8.64	8.69	7.95	8.02	5485255	45255040.000
07/17/2012	7.90	8.07	7.90	8.05	2404252	19364954.000
07/18/2012	8.04	8.12	7.91	8.11	2518743	20308300.000
07/19/2012	8.11	8.32	8.01	8.22	3756778	31070296.000
07/20/2012	8.25	8.38	8.09	8.14	2478878	20528094.000
07/23/2012	8.24	8.49	8.14	8.19	3842192	31969642.000
07/24/2012	8.10	8.25	8.00	8.18	2538130	20810338.000
07/25/2012	8.14	8.23	8.04	8.10	2180545	17911892.000
07/26/2012	8.05	8.13	7.96	7.96	2062851	16692889.000
07/27/2012	7.99	8.06	7.90	7.99	1817767	14583031.000
07/30/2012	7.99	8.04	7.66	7.69	2209483	17369572.000
07/31/2012	7.74	7.77	7.24	7.26	3260004	24287926.000
08/01/2012	7.27	7.59	7.26	7.43	2245246	16858384.000
08/02/2012	7.43	7.45	7.23	7.26	1594135	11773704.000
08/03/2012	7.32	7.41	7.25	7.41	2118713	15661580.000
08/06/2012	7.31	7.61	7.31	7.58	2714077	20528652.000
08/07/2012	7.58	7.77	7.49	7.71	2760541	21321908.000
08/08/2012	7.69	7.75	7.54	7.64	2357616	18150456.000
08/09/2012	7.64	7.83	7.56	7.76	3228079	25127992.000
08/10/2012	7.74	7.82	7.67	7.75	2299438	17913518.000
08/13/2012	7.72	7.82	7.56	7.56	2996862	23295654.000
08/14/2012	7.51	7.56	7.28	7.53	2688865	20115332.000
08/15/2012	7.54	7.57	7.40	7.41	1473033	11043280.000
08/16/2012	7.39	7.49	7.34	7.35	838652	6264838.500
08/17/2012	7.41	7.52	7.36	7.52	2085606	15675046.000
08/20/2012	7.48	7.94	7.42	7.92	7530981	58973744.000
08/21/2012	7.84	8.32	7.74	7.96	6834547	54940512.000
08/22/2012	7.89	8.04	7.76	7.80	4256165	33990884.000
08/23/2012	7.79	7.88	7.67	7.77	2465468	19325838.000
08/24/2012	7.79	7.84	7.50	7.51	2439986	18733582.000
08/27/2012	7.54	7.54	7.30	7.30	2074504	15404740.000
08/28/2012	7.31	7.53	7.31	7.43	1834623	13740538.000
08/29/2012	7.41	7.82	7.34	7.76	4664238	35905972.000
08/30/2012	7.68	7.74	7.24	7.42	3933301	29676588.000
08/31/2012	7.35	7.55	7.31	7.43	1790812	13444992.000
09/03/2012	7.39	7.59	7.36	7.50	1977214	14937897.000
09/04/2012	7.51	7.54	7.34	7.34	3185244	23808584.000
09/05/2012	7.35	7.43	7.23	7.37	2527641	18668386.000
09/06/2012	7.39	7.69	7.38	7.64	4152735	31494594.000
09/07/2012	7.74	7.97	7.59	7.86	7492951	58990612.000
09/10/2012	7.84	8.00	7.73	7.88	5287519	41840976.000
09/11/2012	7.84	7.86	7.73	7.78	2870251	22483764.000
09/12/2012	7.83	8.01	7.77	7.93	4664481	37134704.000
09/13/2012	7.94	7.94	7.72	7.72	3050221	24033146.000
09/14/2012	7.78	7.81	7.59	7.63	3610091	28029964.000
09/17/2012	7.60	7.66	7.35	7.35	3249293	24402202.000
09/18/2012	7.34	7.42	7.29	7.34	1848146	13688553.000
09/19/2012	7.35	7.48	7.35	7.43	1893051	14140544.000
09/20/2012	7.39	7.76	7.27	7.41	5783686	44091772.000
09/21/2012	7.19	7.36	7.05	7.16	3569926	25930590.000
09/24/2012	7.13	7.13	6.87	7.04	2752050	19397298.000
09/25/2012	7.06	7.13	6.89	6.90	1999238	14083123.000
09/26/2012	6.82	6.90	6.52	6.53	3463421	23243442.000
09/27/2012	6.55	6.82	6.55	6.75	3277859	22139662.000
09/28/2012	6.74	6.84	6.69	6.82	2384638	16296589.000
10/08/2012	6.83	6.87	6.78	6.85	1921200	13240620.000
10/09/2012	6.85	7.28	6.77	7.23	5208350	37382640.000
10/10/2012	7.14	7.23	7.07	7.23	3736991	26987202.000
10/11/2012	7.15	7.21	6.93	6.99	2804620	20070316.000
10/12/2012	7.04	7.19	6.94	7.02	2247926	15961354.000
10/15/2012	7.09	7.09	6.96	7.03	1698907	12008883.000
10/16/2012	7.05	7.19	6.98	7.08	3028695	21692808.000
10/17/2012	7.07	7.13	6.97	7.10	2399822	17094972.000
10/18/2012	7.08	7.22	7.06	7.21	3844371	27773044.000
10/19/2012	7.16	7.27	7.14	7.17	2014185	14602229.000
10/22/2012	7.15	7.15	7.03	7.10	2101566	15000206.000
10/23/2012	7.11	7.21	7.02	7.08	2914248	20849632.000
10/24/2012	7.01	7.19	6.98	7.12	2759943	19762062.000
10/25/2012	7.12	7.14	6.94	6.94	2421678	17218374.000
10/26/2012	6.95	6.95	6.71	6.71	2606818	17908114.000
10/29/2012	6.65	6.76	6.65	6.71	1003682	6800762.000
10/30/2012	6.71	6.78	6.68	6.72	1405621	9553472.000
10/31/2012	6.75	7.01	6.74	6.86	2706086	18793644.000
11/01/2012	7.05	7.55	7.05	7.55	10523687	79277776.000
11/05/2012	8.09	8.11	7.70	8.02	22331853	178665568.000
11/06/2012	7.87	8.60	7.79	7.98	21548988	177833616.000
11/07/2012	7.74	7.92	7.64	7.66	11671740	90913800.000
11/08/2012	7.53	7.79	7.41	7.64	9099986	69591344.000
11/09/2012	7.64	8.34	7.54	8.00	16024641	129442648.000
11/12/2012	8.19	8.81	8.19	8.81	32728858	285876832.000
11/13/2012	8.94	9.12	8.31	8.54	29202035	254520864.000
11/14/2012	8.49	8.72	8.13	8.43	17677686	150036240.000
11/15/2012	8.34	8.52	8.10	8.21	13120599	109242112.000
11/16/2012	8.09	8.29	7.69	7.85	11773176	95098216.000
11/19/2012	7.84	8.64	7.80	8.64	23685973	199318176.000
11/20/2012	8.80	9.02	8.45	8.75	27958608	246379040.000
11/21/2012	8.55	8.93	8.37	8.79	18600464	162550688.000
11/22/2012	8.77	8.77	8.24	8.27	14725485	125650136.000
11/23/2012	8.24	8.94	8.10	8.71	20087014	172532640.000
11/26/2012	8.55	8.94	8.47	8.84	16164311	142289792.000
11/27/2012	8.67	8.72	8.26	8.37	10001593	85224616.000
11/28/2012	8.27	8.69	8.21	8.32	9802137	83358592.000
11/29/2012	8.37	8.49	7.83	7.87	10603295	86372968.000
11/30/2012	7.70	8.02	7.69	7.97	7357250	58393172.000
12/03/2012	7.86	8.18	7.79	7.84	8473731	68033560.000
12/04/2012	7.62	7.78	7.14	7.59	10905792	82089248.000
12/05/2012	7.47	8.14	7.47	8.07	12357790	98277936.000
12/06/2012	7.94	8.34	7.91	8.13	10643658	87484952.000
12/07/2012	8.06	8.75	8.06	8.59	17062769	145656304.000
12/10/2012	8.52	9.46	8.40	9.46	20529878	185517792.000
12/11/2012	9.64	9.64	9.00	9.02	21695320	204062016.000
12/12/2012	8.99	9.42	8.98	9.16	13609887	125675272.000
12/13/2012	9.05	9.39	8.83	9.11	11545380	106172240.000
12/14/2012	9.49	9.81	9.25	9.47	22665041	215967616.000
12/17/2012	9.34	9.47	9.14	9.19	16082852	149903600.000
12/18/2012	9.14	9.44	9.06	9.16	11317907	105646424.000
12/19/2012	9.13	9.23	8.89	9.03	8303783	75598560.000
12/20/2012	9.03	9.34	8.88	9.34	11664136	107504048.000
12/21/2012	9.39	9.39	9.03	9.04	11552664	106740968.000
12/24/2012	8.97	9.13	8.90	9.06	6849369	62247304.000
12/25/2012	9.03	9.49	8.93	9.33	16612069	155435696.000
12/26/2012	9.39	9.61	9.15	9.45	15044663	142301696.000
12/27/2012	9.38	9.93	9.37	9.46	20783949	201973488.000
12/28/2012	9.29	9.61	9.10	9.25	14329391	133242944.000
12/31/2012	9.12	9.29	9.04	9.17	9313019	85605320.000
01/04/2013	9.19	9.21	8.96	9.04	7161314	65375956.000
01/07/2013	9.06	9.48	8.93	9.36	13023576	120592744.000
01/08/2013	9.31	9.55	9.15	9.29	12957146	121949072.000
01/09/2013	9.21	9.49	9.14	9.32	10833678	101557192.000
01/10/2013	9.31	9.42	9.06	9.18	9636647	89347272.000
01/11/2013	9.19	9.62	9.08	9.21	13710927	128915264.000
01/14/2013	9.28	9.59	9.21	9.52	17933075	170568576.000
01/15/2013	9.55	10.04	9.46	9.86	19978048	197080832.000
01/16/2013	9.83	9.99	9.49	9.68	14265213	138887456.000
01/17/2013	9.67	9.67	9.34	9.40	8639179	82154672.000
01/18/2013	9.52	10.02	9.45	9.96	18443318	181144528.000
01/21/2013	9.95	10.22	9.77	10.13	16439612	164791840.000
01/22/2013	10.00	10.00	9.44	9.69	12667449	124194304.000
01/23/2013	9.63	9.70	9.32	9.57	8663133	82769616.000
01/24/2013	9.78	10.13	9.27	9.34	15136040	147917984.000
01/25/2013	9.27	9.31	9.04	9.16	6991436	64450988.000
01/28/2013	9.16	9.39	9.15	9.38	6083204	56848464.000
01/29/2013	9.43	9.56	9.29	9.42	7704854	73000432.000
01/30/2013	9.38	9.42	9.19	9.26	7689429	71750600.000
01/31/2013	9.29	9.44	9.16	9.43	8598394	80656632.000
02/01/2013	9.47	9.52	9.33	9.34	8442019	79949432.000
02/04/2013	9.28	9.38	9.04	9.10	7144910	65663776.000
02/05/2013	9.06	9.18	8.90	9.13	4507479	41131456.000
02/06/2013	9.12	9.22	9.11	9.15	3350227	30916316.000
02/07/2013	9.24	9.24	9.09	9.14	3280082	30242692.000
02/08/2013	9.14	9.36	9.12	9.27	4951726	46028884.000
02/18/2013	9.39	9.51	9.32	9.44	7834136	74317840.000
02/19/2013	9.44	9.45	9.22	9.37	5992171	56130136.000
02/20/2013	9.46	9.93	9.45	9.85	18528913	181932096.000
02/21/2013	9.69	9.83	9.50	9.69	10621296	103358344.000
02/22/2013	9.64	9.83	9.47	9.54	8674502	84202360.000
02/25/2013	9.50	10.07	9.50	9.94	16732561	166442320.000
02/26/2013	9.84	9.94	9.46	9.51	11943737	117093848.000
02/27/2013	9.58	9.82	9.37	9.62	8145872	78205752.000
02/28/2013	9.62	10.12	9.49	10.00	14620038	144593952.000
03/01/2013	9.95	10.42	9.87	10.31	22334905	229028688.000
03/04/2013	10.68	11.29	10.45	10.61	34166854	371750400.000
03/05/2013	10.45	10.87	10.18	10.72	18226723	193396368.000
03/06/2013	10.60	10.73	10.46	10.60	12330820	130997256.000
03/07/2013	10.60	10.60	9.90	10.06	14847057	152463072.000
03/08/2013	10.02	10.14	9.92	10.03	5757742	58102200.000
03/11/2013	9.97	10.18	9.92	10.05	5530611	55858740.000
03/12/2013	10.13	10.21	9.50	9.75	9899323	97689376.000
03/13/2013	9.70	9.72	9.42	9.63	5809416	55906688.000
03/14/2013	9.66	9.91	9.64	9.67	5250236	51574440.000
03/15/2013	9.71	9.88	9.54	9.63	5104109	49903968.000
03/18/2013	9.60	9.82	9.45	9.68	5006329	48849988.000
03/19/2013	9.78	10.52	9.77	10.14	13982520	142980976.000
03/20/2013	10.04	10.33	9.97	10.30	10920436	111696152.000
03/21/2013	10.24	10.59	10.19	10.32	13102009	137182400.000
03/22/2013	10.32	10.34	10.13	10.21	6762685	69344488.000
03/25/2013	10.24	10.31	10.04	10.08	5548164	56532560.000
03/26/2013	10.06	10.06	9.72	9.77	6896819	68085792.000
03/27/2013	9.81	9.98	9.66	9.88	4722618	46814288.000
03/28/2013	9.74	9.74	9.46	9.46	5214528	50232456.000
03/29/2013	9.54	9.61	9.23	9.34	3803175	36094892.000
04/01/2013	9.34	9.53	9.16	9.41	3277816	31146184.000
04/02/2013	9.50	9.62	9.31	9.34	3943023	37560568.000
04/03/2013	9.36	9.40	9.06	9.17	3804076	35103280.000
04/08/2013	8.94	8.95	8.61	8.92	4237831	37492020.000
04/09/2013	9.00	9.15	8.90	9.02	2822507	25680286.000
04/10/2013	9.07	9.09	8.86	8.86	3106500	28006408.000
04/11/2013	8.87	9.00	8.86	8.89	2468964	22194382.000
04/12/2013	8.95	8.96	8.66	8.72	2743633	24344168.000
04/15/2013	8.64	8.65	8.26	8.38	3473877	29497914.000
04/16/2013	8.34	8.51	8.19	8.48	3025171	25381380.000
04/17/2013	8.49	8.56	8.38	8.50	2601193	22205108.000
04/18/2013	8.48	8.60	8.36	8.57	3555098	30462826.000
04/19/2013	8.60	8.82	8.55	8.81	4822770	42285428.000
04/22/2013	8.69	8.91	8.65	8.86	4476463	39492448.000
04/23/2013	8.91	8.93	8.39	8.41	4278247	37163348.000
04/24/2013	8.38	8.62	8.37	8.54	2976837	25479752.000
04/25/2013	8.56	8.58	8.29	8.29	3812455	32444150.000
04/26/2013	8.35	8.42	8.02	8.06	2756152	22748724.000
05/02/2013	8.07	8.19	7.95	8.17	1828752	14912337.000
05/03/2013	8.19	8.41	8.19	8.32	2491592	20934016.000
05/06/2013	8.33	8.49	8.33	8.46	3306635	28112794.000
05/07/2013	8.49	8.58	8.42	8.51	3745382	32110128.000
05/08/2013	8.54	8.73	8.51	8.71	5069998	44061520.000
05/09/2013	8.71	8.81	8.51	8.63	4373732	38022640.000
05/10/2013	8.61	8.72	8.52	8.66	3526729	30694036.000
05/13/2013	8.69	8.79	8.57	8.73	3748679	32792714.000
05/14/2013	8.78	9.10	8.72	8.86	6856917	61368580.000
05/15/2013	8.86	9.08	8.73	9.06	6518100	58560836.000
05/16/2013	9.06	9.07	8.79	8.90	7085622	63778320.000
05/17/2013	8.82	8.92	8.76	8.90	4712241	41990228.000
05/20/2013	8.91	9.09	8.90	9.07	6091591	55218300.000
05/21/2013	9.07	9.11	8.91	9.10	6687435	60716716.000
05/22/2013	9.10	9.12	8.76	8.85	5685275	51144344.000
05/23/2013	8.83	8.88	8.69	8.70	4847548	42753792.000
05/24/2013	8.72	8.99	8.72	8.96	5548350	49601072.000
05/27/2013	8.99	9.39	8.92	9.28	11329174	104309024.000
05/28/2013	9.22	9.22	9.00	9.08	6007916	54988864.000
05/29/2013	9.41	9.89	9.41	9.51	17019028	164816320.000
05/30/2013	9.26	9.69	9.25	9.62	9837174	94342800.000
05/31/2013	9.62	9.66	9.44	9.45	6442596	61800992.000
06/03/2013	9.34	9.49	9.28	9.39	3610931	34036796.000
06/04/2013	9.36	9.44	8.93	9.00	5601159	51363300.000
06/05/2013	9.00	9.13	8.82	9.10	4483098	40626616.000
06/06/2013	9.06	9.06	8.54	8.75	3779769	33778412.000
06/07/2013	8.70	8.88	8.45	8.57	3378437	29377428.000
06/13/2013	8.54	8.54	7.98	8.17	3453875	28505488.000
06/14/2013	8.18	8.42	8.17	8.35	2741864	22935840.000
06/17/2013	8.39	8.63	8.20	8.47	3717151	31552044.000
06/18/2013	8.50	8.57	8.25	8.40	2486257	21038790.000
06/19/2013	8.38	8.38	8.08	8.31	2324122	19271576.000
06/20/2013	8.28	8.50	8.11	8.13	2890559	24136998.000
06/21/2013	8.00	8.16	7.70	8.09	2247190	17995188.000
06/24/2013	7.94	8.07	7.29	7.35	3907086	30126692.000
06/25/2013	7.34	7.49	6.64	7.42	3683370	26560550.000
06/26/2013	7.44	7.61	7.33	7.59	3519858	26575008.000
06/27/2013	7.59	7.86	7.44	7.46	3863725	29910958.000
06/28/2013	7.35	7.61	7.27	7.47	1918856	14406997.000
07/01/2013	7.47	7.68	7.39	7.68	2152914	16411002.000
07/02/2013	7.64	7.75	7.60	7.74	2976484	23060196.000
07/03/2013	7.74	8.06	7.71	7.90	6491202	51877068.000
07/04/2013	7.84	7.99	7.75	7.87	3328676	26478456.000
07/05/2013	7.95	7.98	7.71	7.72	3152509	24796630.000
07/08/2013	7.54	7.54	7.00	7.00	3648714	26670688.000
07/09/2013	7.01	7.31	7.01	7.21	2255821	16310629.000
07/10/2013	7.20	7.49	7.16	7.48	2961514	21928636.000
07/11/2013	7.42	7.70	7.39	7.61	4389227	33426976.000
07/12/2013	7.49	7.78	7.47	7.55	4340261	33433708.000
07/15/2013	7.62	7.82	7.55	7.74	3492699	27038574.000
07/16/2013	7.70	7.91	7.64	7.77	3569585	27847116.000
07/17/2013	7.72	7.87	7.54	7.55	2934534	22785200.000
07/18/2013	7.54	7.70	7.36	7.66	3307555	25190230.000
07/19/2013	7.66	7.76	7.39	7.41	3347715	25768964.000
07/22/2013	7.31	7.59	7.22	7.57	2556762	19185830.000
07/23/2013	7.57	7.82	7.57	7.76	4232619	32968220.000
07/24/2013	7.76	8.41	7.71	8.22	9276761	74777344.000
07/25/2013	8.14	8.21	7.81	7.83	6873450	55125828.000
07/26/2013	7.78	7.96	7.68	7.83	3601000	28414090.000
07/29/2013	7.85	8.04	7.80	7.88	4836560	38538868.000
07/30/2013	7.82	8.13	7.52	8.10	7389957	58908084.000
07/31/2013	8.53	8.84	8.18	8.23	9906428	83793264.000
08/01/2013	8.24	8.42	8.17	8.38	7046283	59038740.000
08/02/2013	8.34	8.82	8.32	8.48	9831583	84849848.000
08/05/2013	8.57	8.77	8.47	8.73	8756604	76321304.000
08/06/2013	8.78	8.85	8.63	8.82	9198658	80935656.000
08/07/2013	8.79	9.24	8.52	8.89	14343666	128198248.000
08/08/2013	8.66	8.90	8.62	8.73	7647226	67119600.000
08/09/2013	8.74	8.77	8.37	8.54	6824953	58907968.000
08/12/2013	8.61	8.69	8.37	8.55	6863358	58841528.000
08/13/2013	8.55	8.66	8.47	8.60	4758993	41156680.000
08/14/2013	8.58	8.92	8.45	8.77	9727313	85285648.000
08/15/2013	8.64	9.42	8.59	9.21	17399630	158423520.000
08/16/2013	8.94	9.20	8.85	8.90	11505441	104022864.000
08/19/2013	8.77	8.84	8.54	8.79	9592575	83873176.000
08/20/2013	8.82	8.93	8.64	8.90	7437555	65927244.000
08/21/2013	8.84	8.91	8.66	8.73	4690034	41467644.000
08/22/2013	8.70	8.70	8.47	8.49	6169970	53262796.000
08/23/2013	8.54	8.60	8.27	8.46	5248569	44688424.000
08/26/2013	8.42	8.58	8.33	8.56	4000741	34246156.000
08/27/2013	8.53	8.60	8.41	8.59	4309336	36912092.000
08/28/2013	8.58	8.69	8.50	8.50	4785715	41428944.000
08/29/2013	8.49	8.55	8.32	8.32	4380887	37203660.000
08/30/2013	8.32	8.40	7.95	7.98	6606564	53902328.000
09/02/2013	7.94	8.18	7.84	8.11	2950843	23891070.000
09/03/2013	8.09	8.45	8.04	8.41	5858186	49138540.000
09/04/2013	8.37	8.40	8.25	8.32	2807184	23512612.000
09/05/2013	8.29	8.33	8.21	8.25	3201519	26657250.000
09/06/2013	8.26	8.35	8.14	8.24	3553516	29512734.000
09/09/2013	8.22	8.35	8.16	8.32	3587329	29891746.000
09/10/2013	8.30	8.38	8.24	8.34	3845284	32260100.000
09/11/2013	8.32	8.44	8.04	8.32	6619406	54965712.000
09/12/2013	8.24	8.28	8.06	8.11	4936104	40653276.000
09/13/2013	8.15	8.23	8.05	8.16	3151652	25881200.000
09/16/2013	8.15	8.27	8.10	8.23	3513376	28997248.000
09/17/2013	8.23	8.32	8.00	8.01	3568290	29321734.000
09/18/2013	8.08	8.29	7.99	8.20	3614519	29846506.000
09/23/2013	8.24	8.37	8.16	8.36	5370367	44889836.000
09/24/2013	8.39	8.70	8.39	8.62	10756996	93137440.000
09/25/2013	8.51	8.63	8.39	8.44	5652337	48279720.000
09/26/2013	8.42	8.51	8.27	8.28	3278526	27630356.000
09/27/2013	8.31	8.32	8.16	8.21	2152664	17851660.000
09/30/2013	8.24	8.31	8.17	8.26	2108248	17471606.000
10/08/2013	8.25	8.43	8.17	8.41	3304219	27725216.000
10/09/2013	8.39	8.51	8.32	8.47	4008026	34147700.000
10/10/2013	8.54	8.68	8.48	8.57	6449638	55688120.000
10/11/2013	8.63	8.88	8.48	8.77	9279785	81330904.000
10/14/2013	8.74	8.85	8.61	8.84	6622224	58299524.000
10/15/2013	8.74	8.74	8.47	8.56	5770111	49937048.000
10/16/2013	8.49	8.55	8.13	8.16	5145068	42749892.000
10/17/2013	8.24	8.98	8.24	8.98	15685829	139604528.000
10/18/2013	9.14	9.14	8.64	8.88	15106876	134645168.000
10/21/2013	8.85	9.30	8.79	9.17	17753869	162838976.000
10/22/2013	9.09	9.60	9.06	9.43	20445530	193105408.000
10/23/2013	9.30	9.32	8.75	8.96	12239669	111294416.000
10/24/2013	8.92	9.04	8.75	8.84	5007141	44870600.000
10/25/2013	8.91	9.56	8.77	9.09	11723191	107800336.000
10/28/2013	8.98	9.17	8.84	8.90	6268519	56580572.000
10/29/2013	8.83	8.83	8.01	8.26	10593127	89374696.000
10/30/2013	8.19	8.36	8.05	8.32	4533664	37447664.000
10/31/2013	8.17	8.25	8.00	8.05	4234172	34511516.000
11/01/2013	8.09	8.16	7.87	8.02	3328906	26976826.000
11/04/2013	8.08	8.20	8.02	8.11	2521583	20677904.000
11/05/2013	8.04	8.40	7.94	8.31	4420310	36537080.000
11/06/2013	8.24	8.41	8.10	8.10	4229729	35093552.000
11/07/2013	8.06	8.19	7.98	8.01	2491228	20266132.000
11/08/2013	7.93	8.03	7.82	7.96	3471694	27739492.000
11/11/2013	7.99	8.04	7.88	8.01	2043115	16410967.000
11/12/2013	8.04	8.12	7.95	8.09	3048884	24717922.000
11/13/2013	8.09	8.13	7.89	7.98	2984333	24059594.000
11/14/2013	7.96	8.13	7.90	8.08	4680459	38006160.000
11/15/2013	8.10	8.29	8.04	8.21	5690444	46980732.000
11/18/2013	8.17	8.42	8.17	8.36	6557007	55045592.000
11/19/2013	8.35	8.51	8.27	8.33	5076628	42893600.000
11/20/2013	8.29	8.47	8.29	8.43	4349983	36724064.000
11/21/2013	8.41	8.42	8.24	8.33	3107380	26062344.000
11/22/2013	8.35	8.59	8.35	8.47	5330989	45563548.000
11/25/2013	8.60	8.60	8.30	8.32	4948618	42255556.000
11/26/2013	8.30	8.48	8.28	8.48	3857966	32657702.000
11/27/2013	8.52	8.82	8.44	8.73	8065824	70410032.000
11/28/2013	8.67	9.07	8.67	8.96	9991796	89443264.000
11/29/2013	9.02	9.24	8.95	9.13	10490603	95983952.000
12/02/2013	8.64	8.99	8.39	8.63	8885443	77293080.000
12/03/2013	8.56	9.02	8.36	9.02	7419907	65324572.000
12/04/2013	9.30	9.93	9.29	9.34	19503133	189157024.000
12/05/2013	9.51	9.81	9.24	9.57	12507723	121102768.000
12/06/2013	9.44	10.20	9.29	10.07	15622211	154637952.000
12/09/2013	9.95	10.16	9.86	10.13	9564852	96408976.000
12/10/2013	10.14	10.19	9.80	9.91	7914035	79311232.000
12/11/2013	9.92	9.92	9.54	9.76	6535877	63771100.000
12/12/2013	9.83	10.23	9.62	9.64	9254786	92299504.000
12/13/2013	9.52	10.61	9.44	10.61	13680186	139332768.000
12/16/2013	10.92	11.68	10.64	11.68	30359555	342335168.000
12/17/2013	11.74	11.74	11.10	11.29	15957273	181770832.000
12/18/2013	11.64	11.94	11.14	11.30	16982715	197461584.000
12/19/2013	11.39	12.14	11.26	11.40	16855493	198454016.000
12/20/2013	10.94	11.30	10.71	11.25	13658317	150955792.000
12/23/2013	11.53	11.82	11.15	11.35	14197813	163020688.000
12/24/2013	11.04	12.41	10.86	12.09	19619598	228395488.000
12/25/2013	11.96	12.81	11.79	12.43	21369344	265331024.000
12/26/2013	12.27	12.74	12.03	12.05	13218814	163848720.000
12/27/2013	11.85	12.21	11.68	11.79	11371008	135379968.000
12/30/2013	11.57	11.97	11.36	11.97	13374306	155587936.000
12/31/2013	11.74	12.00	11.34	11.46	11544949	135446672.000
01/02/2014	11.35	11.72	11.14	11.49	9841810	114071368.000
01/03/2014	11.53	12.65	11.47	12.65	23162025	287923776.000
01/06/2014	12.93	13.16	12.45	13.01	18753344	241193312.000
01/07/2014	12.84	14.32	12.62	14.24	25237481	347454560.000
01/08/2014	14.24	14.90	14.01	14.44	20328736	294744896.000
01/09/2014	14.24	14.58	13.84	14.04	9320482	133188200.000
01/10/2014	13.85	14.86	13.40	14.14	12681714	180267536.000
01/13/2014	13.82	15.09	13.54	14.84	13850605	202375392.000
01/14/2014	14.84	15.99	14.59	15.60	14346594	222841904.000
01/15/2014	15.53	15.90	15.10	15.60	10443952	161130192.000
01/16/2014	15.37	15.44	14.49	14.87	13290323	199505344.000
01/17/2014	14.75	14.82	14.00	14.25	11394934	164007552.000
01/20/2014	14.22	14.59	13.63	13.95	11223150	158425200.000
01/21/2014	13.85	14.39	13.49	14.38	14820667	208250928.000
01/22/2014	14.22	14.42	13.84	14.23	11525656	163812288.000
01/23/2014	14.21	15.11	14.04	14.82	15181976	225319376.000
01/24/2014	14.69	14.87	14.40	14.58	8640821	126600136.000
01/27/2014	14.40	14.40	13.74	13.92	11482382	161960160.000
01/28/2014	13.95	14.14	13.50	13.75	5453705	75095064.000
01/29/2014	13.83	14.24	13.65	14.07	5287348	74037888.000
01/30/2014	14.14	14.14	13.41	13.49	5249439	71907928.000
02/07/2014	13.64	14.85	13.64	14.85	13293530	192978112.000
02/10/2014	15.09	15.88	14.85	15.44	16148444	248635360.000
02/11/2014	15.54	15.64	14.98	15.24	10372710	158118864.000
02/12/2014	15.17	15.53	14.94	15.20	8489824	129594488.000
02/13/2014	15.20	15.28	13.67	14.04	12423074	180057408.000
02/14/2014	13.94	14.20	13.74	14.05	7811291	109594056.000
02/17/2014	14.06	14.43	14.06	14.34	6644766	95264672.000
02/18/2014	14.25	14.30	13.92	14.21	6018717	85413080.000
02/19/2014	14.20	14.46	13.97	14.05	8162126	115945184.000
02/20/2014	14.04	14.91	13.58	14.72	12914278	186105264.000
02/21/2014	14.63	14.64	14.12	14.19	4275290	61331680.000
02/24/2014	14.00	14.04	13.35	13.74	7335303	100683496.000
02/25/2014	13.74	14.22	12.64	13.10	7384033	101271528.000
02/26/2014	12.69	13.38	11.98	13.34	6463830	83709144.000
02/27/2014	13.13	13.27	12.01	12.08	9051214	114318808.000
02/28/2014	11.96	12.32	11.85	12.20	3397751	41307556.000
03/03/2014	12.19	12.86	12.06	12.84	5066829	63888636.000
03/04/2014	12.64	12.75	12.41	12.63	4078042	51399868.000
03/05/2014	12.79	12.93	12.45	12.48	2800254	35532768.000
03/06/2014	12.47	12.49	12.00	12.27	2482942	30529504.000
03/07/2014	12.22	12.51	12.09	12.27	2638765	32643670.000
03/10/2014	12.14	12.14	11.44	11.44	4905958	57869276.000
03/11/2014	11.44	11.64	11.32	11.57	2746148	31727678.000
03/12/2014	11.56	11.61	11.06	11.31	3141239	35711796.000
03/13/2014	11.32	11.51	11.24	11.47	2339626	26784090.000
03/14/2014	11.39	11.56	11.24	11.51	2740894	31390296.000
03/17/2014	11.51	11.88	11.44	11.87	4512104	53219652.000
03/18/2014	11.92	12.38	11.81	12.34	5848794	71568904.000
03/19/2014	12.24	12.27	11.98	12.12	2775068	33761360.000
03/20/2014	12.28	12.28	11.24	11.24	5128595	60063588.000
03/21/2014	11.09	11.38	10.69	11.34	5693739	62933732.000
03/24/2014	11.30	11.30	11.04	11.18	3317344	37233856.000
03/25/2014	11.18	11.36	11.06	11.26	2058077	23155556.000
03/26/2014	11.24	11.80	11.18	11.71	5145490	59793176.000
03/27/2014	11.72	11.72	11.24	11.24	4360460	49902696.000
03/28/2014	11.07	11.20	10.74	10.75	3471666	38020896.000
03/31/2014	10.74	10.90	10.44	10.54	2320261	24916526.000
04/01/2014	10.62	11.02	10.54	10.98	3415234	37289064.000
04/02/2014	10.75	10.97	10.69	10.80	2408788	26120062.000
04/03/2014	10.75	11.01	10.65	10.80	1778644	19401118.000
04/04/2014	10.78	11.18	10.76	11.07	2774227	30851560.000
04/08/2014	10.96	11.15	10.83	11.10	2118962	23421300.000
04/09/2014	11.04	11.41	11.04	11.22	2958621	33484636.000
04/10/2014	11.17	11.46	11.07	11.27	3609502	40910668.000
04/11/2014	11.28	11.74	11.04	11.52	5183080	59452328.000
04/14/2014	11.70	12.18	11.34	11.92	6668345	78892648.000
04/15/2014	11.93	12.42	11.76	12.25	8514941	104255760.000
04/16/2014	12.17	13.43	12.15	13.11	14977870	194143200.000
04/17/2014	12.84	13.04	12.60	12.70	8307147	106650952.000
04/18/2014	12.62	12.73	12.13	12.38	6182928	76740752.000
04/21/2014	12.19	12.60	12.09	12.24	5216771	64783316.000
04/22/2014	12.14	12.35	11.56	11.76	5106923	60796252.000
04/23/2014	11.84	12.13	11.69	11.86	3244650	38893680.000
04/24/2014	11.75	11.91	11.16	11.24	4180524	48029120.000
04/25/2014	11.33	11.43	10.80	10.93	3081914	34568660.000
04/28/2014	10.83	10.83	10.27	10.30	3213078	34052360.000
04/29/2014	10.39	10.60	10.31	10.54	1955571	20683712.000
04/30/2014	10.61	10.67	10.50	10.59	1966004	20967674.000
05/05/2014	10.62	11.14	10.60	11.14	2777647	30608738.000
05/06/2014	11.22	11.26	11.02	11.09	2345075	26244900.000
05/07/2014	11.04	11.08	10.57	10.58	2515625	27239300.000
05/08/2014	10.49	10.99	10.46	10.64	2411235	26060282.000
05/09/2014	10.74	11.20	10.67	10.95	2932693	32395388.000
05/12/2014	11.04	11.66	10.98	11.58	4272637	48738384.000
05/13/2014	11.54	11.93	11.47	11.50	3711422	43578896.000
05/14/2014	11.42	12.21	11.25	12.03	4823710	57379492.000
05/15/2014	11.96	12.29	11.60	11.66	4159778	49954492.000
05/16/2014	11.59	11.89	11.24	11.69	2942018	34204152.000
05/19/2014	11.54	12.19	11.52	12.00	4472944	53688096.000
05/20/2014	11.95	12.49	11.95	12.36	5880164	72924552.000
05/21/2014	12.30	12.75	12.19	12.73	9322570	117699840.000
05/22/2014	13.20	13.44	12.50	12.51	18513151	241283888.000
05/23/2014	12.12	12.26	11.84	12.07	8581261	103644488.000
05/26/2014	12.03	12.11	11.85	12.09	6152246	74043048.000
05/27/2014	12.09	12.09	11.79	11.84	5238256	62447164.000
05/28/2014	11.84	12.09	11.79	12.02	3743435	45098664.000
05/29/2014	12.04	12.07	11.74	11.85	3194011	38053192.000
05/30/2014	11.74	12.24	11.74	12.14	4616391	56147772.000
06/03/2014	12.07	12.45	12.07	12.24	4484264	55627948.000
06/04/2014	12.29	12.32	11.75	11.98	3234223	38787900.000
06/05/2014	11.99	12.56	11.99	12.56	5779134	71548128.000
06/06/2014	12.56	12.94	12.39	12.75	7632056	97644936.000
06/09/2014	12.64	12.91	12.54	12.84	4570589	58744652.000
06/10/2014	12.84	12.98	12.70	12.84	3536844	45564628.000
06/11/2014	12.83	13.32	12.54	12.62	7057487	91964360.000
06/12/2014	12.53	12.69	12.26	12.62	4681904	58648428.000
06/13/2014	12.52	12.86	12.34	12.74	3526671	44819384.000
06/16/2014	12.82	12.89	12.66	12.70	2149335	27503898.000
06/17/2014	12.65	12.71	12.04	12.10	5063015	62458460.000
06/18/2014	12.10	12.13	11.75	11.85	4258489	50770716.000
06/19/2014	11.77	11.99	11.22	11.43	4687328	54607256.000
06/20/2014	11.34	11.58	11.30	11.54	2939603	33583884.000
06/23/2014	11.65	11.88	11.56	11.84	2111859	24827166.000
06/24/2014	11.84	11.95	11.76	11.89	1780803	21102320.000
06/25/2014	11.80	11.91	11.30	11.55	3235773	37218392.000
06/26/2014	11.50	11.83	11.50	11.71	2205882	25847046.000
06/27/2014	11.71	11.90	11.56	11.78	2274400	26852404.000
06/30/2014	11.70	11.96	11.70	11.96	2556331	30315116.000
07/01/2014	11.97	12.07	11.76	11.90	3377228	40038112.000
07/02/2014	11.92	12.20	11.92	12.20	4861686	59003796.000
07/04/2014	12.43	12.80	12.30	12.57	7061316	89002400.000
07/07/2014	12.60	12.62	12.26	12.38	3470351	42871544.000
07/08/2014	12.30	12.60	12.21	12.53	3280144	40835288.000
07/09/2014	12.59	12.64	12.20	12.20	4147152	51312828.000
07/10/2014	12.15	12.32	12.06	12.10	2564494	31217864.000
07/11/2014	12.10	12.33	12.05	12.30	2283813	27910732.000
07/14/2014	12.31	12.57	12.26	12.40	2289849	28435750.000
07/15/2014	12.40	12.47	11.95	12.22	2934293	35669688.000
07/16/2014	12.21	12.37	12.11	12.34	2782298	34116884.000
07/17/2014	12.35	12.50	12.20	12.25	2616408	32283390.000
07/18/2014	12.25	12.30	11.89	11.90	2827427	34091016.000
07/21/2014	11.92	12.11	11.70	11.91	1451259	17259902.000
07/22/2014	11.90	12.05	11.81	12.01	1315255	15720916.000
07/23/2014	12.04	12.04	11.35	11.51	4952480	57622520.000
07/24/2014	11.50	11.56	11.23	11.40	1931180	22092070.000
07/25/2014	11.40	11.57	11.38	11.49	1183862	13585343.000
07/28/2014	11.66	12.20	11.66	12.05	4273967	50848700.000
07/29/2014	12.05	12.34	11.99	12.10	6687504	81251760.000
07/30/2014	12.21	12.49	12.05	12.30	9325183	114541544.000
07/31/2014	12.39	12.48	12.11	12.35	8461777	104148152.000
08/01/2014	12.40	12.73	12.33	12.40	9631790	120875328.000
08/04/2014	13.00	13.38	12.69	12.85	17424008	225346912.000
08/05/2014	12.68	14.14	12.51	13.67	21677533	291876288.000
08/06/2014	13.38	13.88	13.29	13.56	13166438	179516976.000
08/07/2014	13.41	13.68	13.18	13.30	9309196	124537872.000
08/08/2014	13.40	13.75	13.23	13.66	11282168	152941936.000
08/11/2014	13.68	13.82	13.46	13.63	8246762	112316264.000
08/12/2014	13.60	13.75	13.28	13.41	8966769	120331856.000
08/13/2014	13.50	13.67	13.20	13.48	6353289	85296856.000
08/14/2014	13.52	14.34	13.52	13.92	18242684	255848464.000
08/15/2014	13.79	14.08	13.50	14.01	8899526	122906496.000
08/18/2014	13.90	14.34	13.86	14.15	8027865	113533472.000
08/19/2014	14.15	14.59	13.95	14.28	8277858	118911976.000
08/20/2014	14.28	14.97	14.25	14.35	10116887	148044640.000
08/21/2014	14.42	14.50	13.60	13.94	8776448	122141616.000
08/22/2014	13.82	13.96	13.60	13.78	5819307	80135576.000
08/25/2014	13.82	13.92	13.60	13.82	3632004	49918048.000
08/26/2014	13.87	13.87	12.89	13.17	5735400	76711816.000
08/27/2014	13.27	13.36	12.97	13.33	5682370	74839496.000
08/28/2014	13.33	13.38	12.93	13.03	4703655	61784932.000
08/29/2014	13.14	13.34	13.07	13.31	3490293	46142928.000
09/09/2014	14.64	14.64	14.64	14.64	845679	12380741.000
09/10/2014	16.00	16.10	15.15	15.92	37245034	588958720.000
09/11/2014	15.90	17.51	15.71	17.51	26866298	445671200.000
09/12/2014	18.00	18.21	16.68	16.99	30739653	528603808.000
09/15/2014	17.01	17.34	16.66	17.28	18307871	310839872.000
09/16/2014	17.00	17.18	15.68	16.05	17018653	282102240.000
09/17/2014	16.28	16.70	16.15	16.48	14629266	240111264.000
09/18/2014	16.22	16.63	16.02	16.57	9432448	154485888.000
09/19/2014	16.60	16.95	16.16	16.90	10245528	170562528.000
09/22/2014	16.70	16.70	16.16	16.24	6575042	107568664.000
09/23/2014	16.16	17.17	16.16	16.92	15132966	254335360.000
09/24/2014	17.01	17.49	16.82	17.10	14317482	245722368.000
09/25/2014	16.94	17.02	16.57	16.63	9073817	151921056.000
09/26/2014	16.50	17.76	16.44	17.70	15349083	265001104.000
09/29/2014	17.80	18.18	17.38	17.60	14340391	254302336.000
09/30/2014	17.81	18.09	17.27	17.45	10317488	181706512.000
10/08/2014	17.45	17.85	16.81	17.68	8445165	146038432.000
10/09/2014	17.70	17.75	16.90	17.13	11079770	190861152.000
10/10/2014	16.99	17.27	16.58	16.70	7623400	128481040.000
10/13/2014	16.78	16.80	16.20	16.63	8886500	146651632.000
10/14/2014	16.50	16.79	16.10	16.44	8567973	141352816.000
10/15/2014	16.46	16.76	16.40	16.65	6287360	104341384.000
10/16/2014	16.69	16.74	16.11	16.15	7430824	122104952.000
10/17/2014	16.00	16.13	15.57	15.66	7419331	117104456.000
10/20/2014	15.76	16.08	15.75	15.95	3786873	60286168.000
10/21/2014	15.91	16.10	15.71	15.76	4340480	68974584.000
10/22/2014	15.70	15.87	15.56	15.56	3209400	50435240.000
10/23/2014	15.51	15.51	14.72	14.93	6278311	94307008.000
10/24/2014	14.98	15.09	14.87	15.06	3075230	46063608.000
10/27/2014	15.07	15.29	14.95	15.19	3184537	48313400.000
10/28/2014	15.18	15.58	15.18	15.58	5303472	81851760.000
10/29/2014	15.55	15.88	15.42	15.76	6380754	100299256.000
10/30/2014	15.74	15.85	15.60	15.60	4092680	64305052.000
10/31/2014	15.60	15.70	15.16	15.58	5157605	79317288.000
数据来源:通达信
