300018 中元华电 日线
      日期	    开盘	    最高	    最低	    收盘	    成交量	    成交额
10/08/2010	13.34	13.94	13.34	13.79	1248308	26582624.000
10/11/2010	13.84	13.98	13.50	13.71	1675446	35292564.000
10/12/2010	13.73	14.51	13.63	14.44	2076938	45458272.000
10/13/2010	14.40	14.70	13.93	14.57	2054472	45244680.000
10/14/2010	14.67	14.72	14.21	14.31	1713252	38124840.000
10/15/2010	14.25	14.25	13.64	13.77	1581135	33835840.000
10/18/2010	13.93	13.99	12.35	13.32	1390878	28510424.000
10/19/2010	13.32	14.69	13.21	14.69	2896814	64188960.000
10/20/2010	14.93	15.59	14.80	14.97	5007852	117297752.000
10/21/2010	14.73	15.00	14.40	14.82	2196479	49600460.000
10/22/2010	14.73	15.59	14.44	15.35	3424171	80919104.000
10/25/2010	15.31	16.24	15.27	15.97	3095516	76006152.000
10/26/2010	15.83	16.00	15.17	15.48	2283273	54021092.000
10/27/2010	15.55	15.59	14.87	14.96	1702585	39880648.000
10/28/2010	14.80	15.08	14.70	14.93	1267100	28971200.000
10/29/2010	15.07	15.52	14.74	15.11	2417125	56844744.000
11/01/2010	15.33	16.67	15.33	16.67	4440497	111077800.000
11/02/2010	17.19	17.25	16.27	16.27	5333579	137794656.000
11/03/2010	16.00	16.00	15.13	15.70	2638730	63122912.000
11/04/2010	15.53	16.27	15.19	16.14	1943121	46895688.000
11/05/2010	16.17	16.36	15.47	15.63	4542807	108902576.000
11/08/2010	15.77	16.27	15.49	16.21	3645075	89688552.000
11/09/2010	16.27	16.27	15.58	16.05	3851533	94098616.000
11/10/2010	15.93	16.55	15.77	16.49	3838401	96148000.000
11/11/2010	16.39	16.59	15.99	16.00	3163110	79430608.000
11/12/2010	15.93	15.93	14.60	14.77	3027987	70922072.000
11/15/2010	14.77	15.49	14.67	15.37	1854862	43337656.000
11/16/2010	15.43	16.27	15.27	15.55	3371776	81965568.000
11/17/2010	15.33	15.84	14.37	14.72	1831248	43175800.000
11/18/2010	14.92	15.13	14.53	14.73	1313050	29874540.000
11/19/2010	14.79	15.80	14.71	15.79	2777296	65484368.000
11/22/2010	15.70	16.59	15.65	16.55	5001680	125359168.000
11/23/2010	16.50	16.50	15.37	15.47	5416973	130723216.000
11/24/2010	15.59	16.37	15.59	16.26	4412943	108811272.000
11/25/2010	16.43	16.49	15.67	16.07	3630965	89595648.000
11/26/2010	16.14	16.70	16.13	16.33	4141501	104359304.000
11/29/2010	16.40	17.17	15.98	16.89	5089432	130688688.000
11/30/2010	16.93	17.12	15.73	16.21	3834343	96577312.000
12/01/2010	16.12	16.70	15.86	16.67	2180911	54517388.000
12/02/2010	16.69	16.85	16.37	16.77	2609541	66885576.000
12/03/2010	16.83	16.83	16.08	16.29	1911605	48124544.000
12/06/2010	16.33	16.33	15.20	15.33	2767988	66058308.000
12/07/2010	15.33	15.55	14.81	15.46	1346124	31458512.000
12/08/2010	15.30	15.49	15.04	15.05	1369377	32101918.000
12/09/2010	15.00	15.43	15.00	15.03	1036716	24267972.000
12/10/2010	14.85	15.19	14.67	15.19	907352	20932648.000
12/13/2010	15.23	15.73	15.22	15.59	1736336	41475324.000
12/14/2010	15.60	15.71	15.25	15.47	1787094	42410032.000
12/15/2010	15.47	15.70	15.33	15.55	1723490	41132392.000
12/16/2010	15.43	16.03	15.43	15.73	2003043	48788608.000
12/17/2010	15.74	15.89	15.51	15.85	1411131	34130548.000
12/20/2010	15.90	15.98	14.67	15.18	1874096	44353964.000
12/21/2010	14.94	15.30	14.79	15.23	2247308	51796028.000
12/22/2010	15.13	15.17	14.67	14.86	1848501	42333936.000
12/23/2010	14.83	14.93	14.54	14.56	988174	22380152.000
12/24/2010	14.44	14.57	14.03	14.08	1127987	24742706.000
12/27/2010	13.98	14.37	13.23	13.48	1087858	23419666.000
12/28/2010	13.47	13.55	13.20	13.28	863935	17809716.000
12/29/2010	13.28	13.58	13.28	13.57	536798	11177698.000
12/30/2010	13.57	13.57	13.33	13.41	586745	12160598.000
12/31/2010	13.41	13.83	13.41	13.80	871643	18364598.000
01/04/2011	13.80	13.98	13.69	13.92	656279	14029802.000
01/05/2011	13.89	14.25	13.73	14.19	910717	19734860.000
01/06/2011	14.25	14.39	13.93	13.95	853790	18604128.000
01/07/2011	14.00	14.33	13.85	14.11	924055	20142176.000
01/10/2011	14.07	14.17	13.33	13.45	1072932	22578320.000
01/11/2011	13.31	13.42	13.06	13.24	731556	14914640.000
01/12/2011	13.18	13.45	13.12	13.24	499083	10224322.000
01/13/2011	13.49	13.49	13.21	13.31	493131	10133201.000
01/14/2011	13.20	13.21	12.94	13.02	596137	12062102.000
01/17/2011	13.00	13.01	12.37	12.41	858272	16901550.000
01/18/2011	12.40	12.57	12.37	12.51	244985	4726553.000
01/19/2011	12.60	12.77	12.50	12.75	335510	6567840.500
01/20/2011	12.65	12.81	11.90	11.97	762529	14480941.000
01/21/2011	11.83	12.05	11.60	11.69	1278317	23358622.000
01/24/2011	11.71	11.93	11.54	11.57	571540	10379531.000
01/25/2011	11.48	11.80	11.32	11.80	910993	16379485.000
01/26/2011	11.86	11.92	11.72	11.88	261656	4798934.000
01/27/2011	11.82	12.06	11.73	11.92	525540	9710041.000
01/28/2011	11.99	12.00	11.73	11.85	795985	14637448.000
01/31/2011	11.89	11.95	11.68	11.93	651743	11935407.000
02/01/2011	11.95	11.96	11.79	11.85	514484	9464481.000
02/09/2011	11.73	11.89	11.41	11.49	800653	14480997.000
02/10/2011	11.47	12.53	11.40	12.21	2706226	50573872.000
02/11/2011	12.19	12.25	12.05	12.20	1690194	31804424.000
02/14/2011	12.21	12.59	12.13	12.53	1787718	34367252.000
02/15/2011	12.55	12.63	12.41	12.42	1782428	34541776.000
02/16/2011	12.41	12.63	12.37	12.60	1866213	36137176.000
02/17/2011	12.60	12.91	12.57	12.75	1926458	37912732.000
02/18/2011	12.73	12.86	12.35	12.41	1654156	32241210.000
02/21/2011	12.29	12.65	12.29	12.60	1112486	21523326.000
02/22/2011	12.61	12.78	12.20	12.23	1493943	28866660.000
02/23/2011	12.22	12.41	12.20	12.37	954081	18162762.000
02/24/2011	12.33	12.46	12.20	12.40	1193167	22868004.000
02/25/2011	12.37	12.51	12.35	12.47	1637424	31458224.000
02/28/2011	12.42	12.63	12.27	12.63	2105955	40531228.000
03/01/2011	12.63	12.75	12.52	12.62	1831280	35814588.000
03/02/2011	12.55	12.66	12.39	12.49	1364241	26338454.000
03/03/2011	12.54	12.86	12.47	12.49	2437677	47882332.000
03/04/2011	12.50	12.56	12.25	12.39	1500840	28659114.000
03/07/2011	12.39	12.55	12.33	12.55	1569887	30188816.000
03/08/2011	12.55	12.73	12.40	12.71	1871922	36336752.000
03/09/2011	12.65	12.71	12.51	12.53	1446651	28144996.000
03/10/2011	12.53	12.79	12.48	12.56	1946784	38053912.000
03/11/2011	12.53	12.58	12.38	12.43	1345626	25975088.000
03/14/2011	12.38	12.55	12.35	12.45	1063419	20502174.000
03/15/2011	12.46	12.46	11.85	12.00	1877842	35205832.000
03/16/2011	12.01	12.13	11.95	12.05	1532674	28568104.000
03/17/2011	12.03	12.03	11.53	11.59	2225128	40451496.000
03/18/2011	11.60	11.73	11.60	11.69	1229347	22224196.000
03/21/2011	11.73	11.82	11.65	11.70	784740	14265774.000
03/22/2011	11.76	11.81	11.63	11.77	866383	15731462.000
03/23/2011	11.80	11.85	11.74	11.84	765729	14019018.000
03/24/2011	11.84	11.91	11.79	11.79	791086	14525612.000
03/25/2011	11.79	11.85	11.71	11.83	954967	17466868.000
03/28/2011	11.80	11.87	11.71	11.73	1455669	26582522.000
03/29/2011	11.73	11.77	11.33	11.42	1752352	31415548.000
03/30/2011	11.41	11.50	11.33	11.42	972919	17219432.000
03/31/2011	11.40	11.58	11.35	11.43	764485	13592255.000
04/01/2011	11.43	11.49	11.33	11.48	686534	12163271.000
04/06/2011	11.41	11.55	11.33	11.45	1098659	19520020.000
04/07/2011	11.42	11.70	11.40	11.70	1456263	26032446.000
04/08/2011	11.70	11.79	11.64	11.74	967878	17590614.000
04/11/2011	11.76	11.79	11.51	11.53	962356	17359394.000
04/12/2011	11.45	11.56	11.41	11.47	690029	12291479.000
04/13/2011	11.50	11.70	11.42	11.70	726633	13101342.000
04/14/2011	11.67	11.73	11.54	11.59	791523	14291366.000
04/15/2011	11.64	11.65	11.43	11.51	675304	12062318.000
04/18/2011	11.52	11.57	11.40	11.48	754039	13417835.000
04/19/2011	11.47	11.48	10.96	11.00	1540952	26671676.000
04/20/2011	11.03	11.25	10.87	11.11	1057657	18149478.000
04/22/2011	11.12	11.16	10.94	10.99	769587	13156465.000
04/25/2011	10.99	10.99	10.63	10.64	926733	15509972.000
04/26/2011	10.64	10.70	10.27	10.33	1125286	18218890.000
04/27/2011	10.33	10.43	9.92	10.03	1099914	17390992.000
04/28/2011	10.03	10.13	9.67	9.67	857648	13243163.000
04/29/2011	9.72	9.82	9.62	9.81	720012	10943717.000
05/03/2011	9.81	9.95	9.75	9.90	604526	9313968.000
05/04/2011	9.92	9.92	9.67	9.72	440373	6730537.500
05/05/2011	9.73	9.93	9.65	9.85	709619	10899645.000
05/06/2011	9.78	9.90	9.73	9.89	527395	8084967.000
05/09/2011	9.86	10.19	9.86	10.17	819873	12775607.000
05/10/2011	10.05	10.14	9.72	9.83	1887354	29030220.000
05/11/2011	9.80	9.81	9.67	9.73	807792	12284151.000
05/12/2011	9.68	9.68	9.33	9.33	1219239	18112586.000
05/13/2011	9.35	9.47	9.23	9.35	912806	13318684.000
05/16/2011	9.37	9.53	9.31	9.34	615658	9053820.000
05/17/2011	9.34	9.42	9.15	9.32	677630	9862884.000
05/18/2011	9.32	9.43	9.19	9.39	698129	10220372.000
05/19/2011	9.42	9.43	9.20	9.22	932879	13571627.000
05/20/2011	9.22	9.23	9.12	9.15	466763	6704162.000
05/23/2011	9.19	9.19	8.61	8.61	1041869	14427982.000
05/24/2011	8.53	9.19	8.39	9.03	1753582	24254278.000
05/25/2011	8.93	8.93	8.63	8.76	835009	11547121.000
05/26/2011	8.79	8.83	8.61	8.64	554120	7490721.500
05/27/2011	8.64	8.95	8.51	8.71	960646	12996787.000
05/30/2011	8.69	9.61	8.64	9.61	5253300	76971568.000
05/31/2011	9.49	9.82	9.37	9.82	4923180	73376744.000
06/01/2011	9.87	10.03	9.65	9.73	3845833	58441216.000
06/02/2011	9.57	9.83	9.44	9.83	2429443	36245736.000
06/03/2011	9.79	10.02	9.69	9.76	3228626	49284764.000
06/07/2011	9.57	9.69	9.50	9.59	1604139	23778660.000
06/08/2011	9.60	9.82	9.45	9.82	2029669	30279144.000
06/09/2011	9.77	9.77	9.33	9.33	1861873	27462490.000
06/10/2011	9.23	9.29	8.91	9.12	1556375	21863888.000
06/13/2011	9.09	9.28	8.92	9.20	1145363	16191736.000
06/14/2011	9.16	9.34	9.11	9.27	1059766	15155388.000
06/15/2011	9.23	9.25	9.02	9.04	964090	13627624.000
06/16/2011	8.91	8.96	8.74	8.74	880964	12081115.000
06/17/2011	8.74	8.94	8.71	8.72	665631	9108843.000
06/20/2011	8.74	9.62	8.72	9.62	5816502	85854136.000
06/21/2011	9.89	10.16	9.77	10.01	8668697	133353776.000
06/22/2011	9.99	10.52	9.87	10.29	7247902	113996720.000
06/23/2011	10.15	10.37	9.97	10.34	4689560	73752832.000
06/24/2011	10.29	10.65	10.17	10.47	6135974	98460984.000
06/27/2011	10.39	10.60	10.25	10.57	5248633	84323376.000
06/28/2011	10.57	10.64	10.27	10.39	3707405	59702500.000
06/29/2011	10.31	10.56	10.27	10.40	3367551	54041104.000
06/30/2011	10.31	10.53	10.27	10.39	2997668	48219840.000
07/01/2011	10.43	11.17	10.33	10.68	6198365	102999600.000
07/04/2011	10.62	10.88	10.57	10.87	3446704	57074820.000
07/05/2011	10.89	11.02	10.73	10.89	2735040	45850172.000
07/06/2011	10.89	11.39	10.70	11.31	4512378	77042544.000
07/07/2011	11.24	11.43	11.05	11.08	3632786	62787484.000
07/08/2011	11.00	11.06	10.62	10.85	3063195	51016576.000
07/11/2011	10.85	10.95	10.68	10.89	1675300	27949804.000
07/12/2011	10.73	10.76	10.43	10.50	2086677	34046676.000
07/13/2011	10.57	10.87	10.47	10.87	2488220	41075532.000
07/14/2011	10.87	11.14	10.81	10.96	2442550	41340776.000
07/15/2011	10.97	11.27	10.89	11.19	2993940	51412748.000
07/18/2011	11.21	11.27	10.69	10.75	3329596	55933948.000
07/19/2011	10.70	10.70	10.22	10.38	2900210	46466268.000
07/20/2011	10.37	10.50	10.20	10.41	1857381	29693552.000
07/21/2011	10.37	10.50	10.27	10.37	1133415	18148242.000
07/22/2011	10.40	10.62	10.35	10.61	1643271	26664446.000
07/25/2011	10.50	10.57	9.98	10.03	2061317	32424124.000
07/26/2011	10.05	10.10	9.76	9.93	1274077	19455858.000
07/27/2011	9.93	10.23	9.82	10.17	1388879	21675246.000
07/28/2011	10.04	10.16	9.84	10.16	1433963	22125540.000
07/29/2011	10.15	10.35	9.93	10.12	1210707	18978430.000
08/01/2011	10.11	10.35	9.97	10.23	1375341	21713020.000
08/02/2011	10.15	10.50	9.73	10.40	2365642	36786544.000
08/03/2011	10.23	10.89	10.18	10.70	3448363	56466376.000
08/04/2011	10.81	10.81	10.45	10.48	1740402	28467934.000
08/05/2011	9.87	10.13	9.40	9.86	3146350	47524036.000
08/08/2011	9.67	9.82	8.90	9.04	2199079	31825594.000
08/09/2011	8.51	9.02	8.47	8.86	1540677	20903390.000
08/10/2011	9.07	9.19	8.92	8.95	1611142	22621348.000
08/11/2011	8.70	9.22	8.64	9.17	1385343	19329018.000
08/12/2011	9.18	9.49	9.18	9.24	1265540	18225424.000
08/15/2011	9.27	9.49	9.20	9.43	1395585	20241720.000
08/16/2011	9.38	9.60	9.21	9.25	1225551	17786882.000
08/17/2011	9.35	9.39	9.11	9.29	920973	13192127.000
08/18/2011	9.17	9.33	9.03	9.03	755929	10786866.000
08/19/2011	8.77	8.96	8.70	8.92	892372	12215167.000
08/22/2011	8.92	9.16	8.89	9.07	937605	13149936.000
08/23/2011	9.10	9.37	9.01	9.35	1904930	27209374.000
08/24/2011	9.37	9.52	9.23	9.25	1936215	28177032.000
08/25/2011	9.25	9.45	9.13	9.40	1525264	21914736.000
08/26/2011	9.39	9.55	9.35	9.49	1191427	17450774.000
08/29/2011	9.43	9.49	9.24	9.26	1303518	18884326.000
08/30/2011	9.47	10.21	9.32	9.69	4781754	73360648.000
08/31/2011	9.50	9.61	9.17	9.30	2381957	34583500.000
09/01/2011	9.36	9.43	9.00	9.07	1703428	24356222.000
09/02/2011	9.07	9.16	8.90	9.10	912234	12772654.000
09/05/2011	9.03	9.03	8.79	8.84	829081	11405050.000
09/06/2011	8.77	8.87	8.65	8.73	657236	8916789.000
09/07/2011	8.79	9.02	8.70	8.98	896075	12338215.000
09/08/2011	8.99	9.12	8.81	8.81	841886	11687597.000
09/09/2011	8.81	8.99	8.74	8.79	693841	9522284.000
09/14/2011	8.67	8.94	8.60	8.94	896840	12132301.000
09/15/2011	8.89	9.02	8.85	8.93	853707	11842654.000
09/16/2011	9.00	9.08	8.79	8.79	649141	8979733.000
09/19/2011	8.80	8.80	8.51	8.54	694681	9267771.000
09/20/2011	8.57	8.65	8.44	8.65	527401	7010277.500
09/21/2011	8.63	8.99	8.51	8.92	1096599	14985383.000
09/22/2011	8.83	8.95	8.61	8.61	846968	11575344.000
09/23/2011	8.45	8.55	7.83	8.37	1119800	14488945.000
09/26/2011	8.23	8.42	8.05	8.10	748977	9579489.000
09/27/2011	8.19	8.32	8.10	8.21	402025	5116305.000
09/28/2011	8.27	8.35	8.04	8.15	768099	9830460.000
09/29/2011	8.15	8.20	7.83	7.83	729041	9041898.000
10/10/2011	7.97	7.99	7.75	7.76	420019	5131856.000
10/11/2011	7.92	8.09	7.75	7.85	509780	6264501.500
10/12/2011	7.78	8.14	7.78	8.11	978773	12247291.000
10/13/2011	8.09	8.34	8.06	8.31	1058867	13573086.000
10/14/2011	8.27	8.33	8.17	8.26	542967	6958776.000
10/17/2011	8.36	8.36	8.17	8.27	397182	5098217.000
10/18/2011	8.23	8.32	7.97	7.98	665872	8459250.000
10/19/2011	7.95	8.07	7.85	7.93	444586	5496294.000
10/20/2011	8.00	8.00	7.48	7.55	829198	9867501.000
10/21/2011	7.61	7.61	7.35	7.35	382488	4454954.500
10/24/2011	7.39	7.53	7.17	7.49	727176	8351060.000
10/25/2011	7.49	7.82	7.42	7.68	769680	9151961.000
10/26/2011	7.67	7.91	7.57	7.81	1131668	13768591.000
10/27/2011	7.76	7.97	7.73	7.74	769073	9395425.000
10/28/2011	7.89	7.95	7.78	7.93	1161406	14231934.000
10/31/2011	7.85	8.15	7.83	8.08	1535379	19109804.000
11/01/2011	8.01	8.09	7.90	8.04	1030412	12840547.000
11/02/2011	7.93	8.35	7.84	8.31	1638883	20740690.000
11/03/2011	8.51	9.17	8.49	9.17	6494442	90975936.000
11/04/2011	9.31	9.43	8.90	9.00	5412277	76509224.000
11/07/2011	8.92	9.16	8.92	8.97	2730474	38209420.000
11/08/2011	9.03	9.07	8.57	8.64	2470275	33686928.000
11/09/2011	8.68	9.32	8.68	9.31	4918299	68938544.000
11/10/2011	9.09	9.58	8.98	9.10	5858238	83944776.000
11/11/2011	9.10	9.55	9.00	9.25	4501381	64698596.000
11/14/2011	9.25	10.02	9.25	9.59	4647785	69063488.000
11/15/2011	9.62	9.66	9.37	9.50	2724050	40013892.000
11/16/2011	9.49	9.50	8.91	8.98	3165741	44984736.000
11/17/2011	9.03	9.18	8.84	8.87	2246473	31341278.000
11/18/2011	8.83	8.83	8.47	8.54	1842261	24727316.000
11/21/2011	8.54	8.75	8.37	8.73	1628601	21510462.000
11/22/2011	8.60	8.69	8.41	8.61	1364216	18137358.000
11/23/2011	8.63	9.00	8.59	8.75	2546250	34867372.000
11/24/2011	8.64	8.79	8.42	8.66	1476829	19661160.000
11/25/2011	8.57	8.78	8.35	8.40	1690627	22486710.000
11/28/2011	8.37	8.49	8.17	8.26	1176122	15204980.000
11/29/2011	8.35	8.59	8.27	8.52	1622346	21244904.000
11/30/2011	8.53	8.53	7.67	7.73	2260398	28008478.000
12/01/2011	8.03	8.09	7.83	7.83	1879569	23331860.000
12/02/2011	7.83	7.93	7.57	7.59	1187132	14300770.000
12/05/2011	7.47	7.69	7.43	7.46	674161	7936541.000
12/06/2011	7.46	7.66	7.45	7.60	706087	8321295.500
12/07/2011	7.57	7.79	7.57	7.73	719416	8614272.000
12/08/2011	7.73	7.89	7.51	7.77	1001718	12070723.000
12/09/2011	7.63	7.78	7.59	7.63	618755	7391815.500
12/12/2011	7.63	7.70	7.52	7.55	436609	5189061.000
12/13/2011	7.44	7.51	7.19	7.23	780027	8882173.000
12/14/2011	7.23	7.36	7.11	7.14	460791	5210042.500
12/15/2011	7.11	7.21	6.93	7.01	737884	8158414.000
12/16/2011	7.05	7.34	6.91	7.32	784358	8767166.000
12/19/2011	7.26	7.43	7.07	7.42	739113	8392700.000
12/20/2011	7.43	7.57	7.31	7.39	1114759	13049013.000
12/21/2011	7.49	7.51	7.08	7.09	880700	10086318.000
12/22/2011	7.09	7.09	6.55	6.89	1048240	11197800.000
12/23/2011	6.87	7.05	6.71	6.90	609475	6621716.500
12/26/2011	6.91	7.03	6.83	6.86	389922	4225431.000
12/27/2011	6.71	6.83	6.49	6.50	717003	7435924.500
12/28/2011	6.50	6.55	6.33	6.50	500799	5058936.000
12/29/2011	6.50	6.57	6.42	6.55	440273	4512541.500
12/30/2011	6.65	6.66	6.53	6.63	570428	5914708.500
01/04/2012	6.65	6.83	6.40	6.43	611521	6345629.000
01/05/2012	6.35	6.40	5.97	6.00	856900	8276276.000
01/06/2012	6.00	6.10	5.82	6.08	670356	6278568.500
01/09/2012	6.08	6.36	5.99	6.35	743762	7295850.000
01/10/2012	6.37	6.65	6.33	6.61	1191749	12148477.000
01/11/2012	6.57	6.80	6.54	6.68	1280332	13424468.000
01/12/2012	6.57	6.77	6.53	6.57	997746	10354495.000
01/13/2012	6.59	6.62	6.15	6.16	905122	9009767.000
01/16/2012	6.07	6.13	5.82	5.82	646459	6073329.500
01/17/2012	5.73	6.27	5.73	6.19	699819	6681111.000
01/18/2012	6.19	6.35	5.89	5.90	885178	8523532.000
01/19/2012	5.91	6.09	5.84	6.08	589549	5571888.000
01/20/2012	6.09	6.20	6.06	6.15	508479	4918961.500
01/30/2012	6.18	6.27	6.07	6.13	629247	6094724.500
01/31/2012	6.03	6.15	5.93	6.07	586586	5539916.500
02/01/2012	6.07	6.18	5.97	5.98	437541	4180832.250
02/02/2012	5.98	6.13	5.97	6.12	668891	6377941.500
02/03/2012	6.12	6.36	6.10	6.30	1327321	13006505.000
02/06/2012	6.32	6.47	6.26	6.43	1257899	12597127.000
02/07/2012	6.43	6.43	6.21	6.23	992915	9793645.000
02/08/2012	6.28	6.54	6.18	6.54	1334215	13418524.000
02/09/2012	6.51	6.69	6.44	6.57	1356707	14035582.000
02/10/2012	6.57	6.62	6.49	6.56	1076971	11072971.000
02/13/2012	6.49	6.74	6.39	6.67	1148067	11919930.000
02/14/2012	6.65	6.67	6.51	6.60	767462	7930999.500
02/15/2012	6.54	6.75	6.53	6.72	1408559	14755575.000
02/16/2012	6.71	6.85	6.63	6.70	1608031	16965004.000
02/17/2012	6.71	6.80	6.57	6.63	1043660	10881049.000
02/20/2012	6.71	6.80	6.64	6.66	1361522	14351045.000
02/21/2012	6.60	6.83	6.49	6.79	1787777	18673024.000
02/22/2012	6.77	7.08	6.75	7.03	2688450	29209300.000
02/23/2012	7.04	7.15	6.85	7.02	2317734	25462786.000
02/24/2012	7.05	7.75	7.05	7.60	5709274	68205464.000
02/27/2012	7.46	7.72	7.44	7.48	4129196	48748836.000
02/28/2012	7.47	7.55	7.15	7.21	2708880	30804556.000
02/29/2012	7.22	7.25	7.09	7.13	1151504	12895673.000
03/01/2012	7.11	7.25	7.11	7.15	1183110	13289903.000
03/02/2012	7.18	7.26	7.13	7.26	1479620	16682913.000
03/05/2012	7.29	7.40	7.19	7.21	1624264	18466310.000
03/06/2012	7.21	7.21	6.97	7.01	1364362	15061719.000
03/07/2012	6.98	7.13	6.92	7.02	1222684	13443673.000
03/08/2012	7.03	7.21	7.03	7.15	1226410	13673935.000
03/09/2012	7.16	7.33	7.10	7.30	1467773	16551752.000
03/12/2012	7.29	7.31	7.19	7.28	1253268	14188495.000
03/13/2012	7.31	7.36	7.21	7.36	1912192	21770126.000
03/14/2012	7.37	7.42	6.80	6.93	2846416	31963642.000
03/15/2012	6.91	6.97	6.70	6.77	1580108	16796324.000
03/16/2012	6.79	6.89	6.74	6.89	1215066	12984860.000
03/19/2012	6.89	6.95	6.80	6.95	1204056	12973926.000
03/20/2012	6.97	6.97	6.74	6.74	1014672	10803478.000
03/21/2012	6.77	6.82	6.50	6.68	1196470	12518360.000
03/22/2012	6.65	6.83	6.65	6.76	769474	8154804.000
03/23/2012	6.76	6.76	6.53	6.57	803150	8339982.000
03/26/2012	6.53	6.64	6.48	6.53	464178	4769947.500
03/27/2012	6.59	6.63	6.52	6.53	465443	4796667.500
03/28/2012	6.45	6.51	6.21	6.22	1213598	12012243.000
03/29/2012	6.23	6.28	6.01	6.05	636451	6126995.000
03/30/2012	6.07	6.15	5.98	6.03	681583	6497181.000
04/05/2012	6.12	6.19	6.07	6.17	793037	7663160.500
04/06/2012	6.17	6.25	6.14	6.21	530388	5163393.000
04/09/2012	6.19	6.23	6.09	6.15	707508	6861234.500
04/10/2012	6.10	6.25	5.99	6.25	621968	5971461.500
04/11/2012	6.17	6.28	6.13	6.21	605336	5905377.500
04/12/2012	6.21	6.41	6.21	6.37	1454595	14389360.000
04/13/2012	6.40	6.43	6.29	6.38	1155241	11556384.000
04/16/2012	6.31	6.39	6.25	6.37	675258	6720099.000
04/17/2012	6.37	7.03	6.31	6.62	3667466	39033076.000
04/18/2012	6.65	6.72	6.46	6.69	2142324	22151062.000
04/19/2012	6.61	6.75	6.57	6.64	987627	10316259.000
04/20/2012	6.63	6.80	6.58	6.73	1258169	13226087.000
04/23/2012	6.69	6.69	6.31	6.37	2309972	23586088.000
04/24/2012	6.30	6.31	5.97	6.17	1865620	17962442.000
04/26/2012	6.20	6.27	6.13	6.20	1077608	10513511.000
04/27/2012	6.23	6.26	6.15	6.20	909465	8875029.000
05/02/2012	6.30	6.41	6.22	6.35	952452	9441497.000
05/03/2012	6.37	6.41	6.26	6.38	626034	6230925.000
05/04/2012	6.42	6.66	6.37	6.54	986780	10129895.000
05/07/2012	6.50	6.65	6.42	6.60	1017267	10474482.000
05/08/2012	6.58	6.69	6.51	6.65	1204085	12480671.000
05/09/2012	6.59	6.59	6.45	6.45	1038158	10593287.000
05/10/2012	6.36	6.51	6.35	6.49	802723	8147267.500
05/11/2012	6.47	6.50	6.35	6.37	1006626	10156003.000
05/14/2012	6.43	6.46	6.32	6.33	784677	7857128.500
05/15/2012	6.30	6.33	6.18	6.31	623936	6119160.500
05/16/2012	6.26	6.32	6.21	6.23	733156	7214547.500
05/17/2012	6.17	6.34	6.15	6.31	453100	4464984.500
05/18/2012	6.30	6.39	6.20	6.39	1049949	10433383.000
05/21/2012	6.57	6.57	6.29	6.35	1030908	10378962.000
05/22/2012	6.29	6.41	6.25	6.39	477001	4761781.500
05/23/2012	6.34	6.39	6.23	6.26	767634	7610132.500
05/24/2012	6.26	6.36	6.23	6.27	475694	4703300.000
05/25/2012	6.29	6.30	6.09	6.12	578300	5616569.000
05/28/2012	6.12	6.21	5.98	6.17	721362	6936453.500
05/29/2012	6.19	6.31	6.17	6.27	546365	5370425.500
05/30/2012	6.26	6.39	6.25	6.35	949171	9436688.000
05/31/2012	6.29	6.40	6.26	6.35	928949	9259630.000
06/01/2012	6.31	6.41	6.28	6.33	870707	8698556.000
06/04/2012	6.22	6.22	6.04	6.05	888093	8570174.000
06/05/2012	6.01	6.12	6.01	6.03	595934	5677557.500
06/06/2012	6.09	6.09	5.99	6.01	604901	5741892.500
06/07/2012	6.05	6.10	5.91	5.95	593113	5621157.500
06/08/2012	6.00	6.03	5.93	5.95	527138	4966844.500
06/11/2012	5.95	6.15	5.95	6.10	620635	5912515.000
06/12/2012	6.10	6.14	6.03	6.09	662647	6346395.500
06/13/2012	6.17	6.33	6.09	6.29	954900	9334643.000
06/14/2012	6.22	6.36	6.19	6.21	902648	8877740.000
06/15/2012	6.21	6.34	6.17	6.33	977011	9636444.000
06/18/2012	6.37	6.39	6.29	6.34	926321	9087500.000
06/19/2012	6.34	6.34	6.20	6.23	805996	7831475.000
06/20/2012	6.20	6.57	6.17	6.54	2990539	29773888.000
06/21/2012	6.47	6.52	6.27	6.33	1898045	18715340.000
06/25/2012	6.32	6.36	6.09	6.10	1060089	10230214.000
06/26/2012	6.10	6.11	5.94	6.04	1132333	10544423.000
06/27/2012	6.03	6.20	5.97	6.03	857880	8092603.500
06/28/2012	6.04	6.17	6.01	6.03	941725	8871610.000
06/29/2012	6.00	6.08	5.84	6.07	813552	7532212.000
07/02/2012	6.10	6.18	6.03	6.12	841324	7964356.000
07/03/2012	6.11	6.25	6.11	6.17	910365	8723689.000
07/04/2012	6.19	6.21	6.13	6.13	603728	5761569.500
07/05/2012	6.05	6.13	5.96	6.01	589043	5495074.000
07/06/2012	6.09	6.15	5.89	6.11	865157	8063345.500
07/09/2012	6.09	6.09	5.90	5.90	655084	6087089.500
07/10/2012	5.89	5.93	5.84	5.85	395770	3611421.000
07/11/2012	5.87	6.17	5.85	6.03	1184737	10984959.000
07/12/2012	6.00	6.12	5.91	6.09	896556	8394664.000
07/13/2012	6.02	6.11	5.95	6.00	761697	7095323.000
07/16/2012	5.97	5.99	5.54	5.55	1056705	9419100.000
07/17/2012	5.55	5.58	5.46	5.55	649084	5551461.000
07/18/2012	5.55	5.57	5.41	5.57	565796	4827107.000
07/19/2012	5.51	5.76	5.51	5.65	753675	6624397.500
07/20/2012	5.61	5.69	5.60	5.63	488360	4282902.000
07/23/2012	5.58	5.58	5.45	5.48	506639	4344883.500
07/24/2012	5.43	5.61	5.43	5.55	580358	4986630.000
07/25/2012	5.51	5.61	5.48	5.52	434692	3751633.250
07/26/2012	5.52	5.61	5.47	5.49	348213	2994874.000
07/27/2012	5.50	5.57	5.49	5.53	300839	2582126.500
07/30/2012	5.69	5.84	5.55	5.60	1712712	15170160.000
07/31/2012	5.48	5.59	5.33	5.51	1339585	11339730.000
08/01/2012	5.46	5.65	5.43	5.59	986532	8553834.000
08/02/2012	5.56	5.58	5.41	5.44	643859	5499291.000
08/03/2012	5.47	5.55	5.42	5.55	426004	3640685.250
08/06/2012	5.53	5.70	5.51	5.67	723021	6302640.000
08/07/2012	5.65	6.23	5.64	5.91	2364482	21744024.000
08/08/2012	5.86	5.93	5.71	5.81	878765	7956868.000
08/09/2012	5.81	5.88	5.75	5.88	771367	6986773.500
08/10/2012	5.88	5.98	5.84	5.91	729931	6698486.500
08/13/2012	5.92	5.92	5.70	5.71	685356	6171114.500
08/14/2012	5.71	5.77	5.55	5.74	712083	6258261.500
08/15/2012	5.75	5.77	5.65	5.65	327199	2904360.000
08/16/2012	5.71	5.87	5.65	5.73	649427	5791520.500
08/17/2012	5.70	5.88	5.69	5.81	523375	4716145.000
08/20/2012	5.79	5.91	5.75	5.88	763571	6922275.000
08/21/2012	5.88	6.04	5.84	5.93	882133	8139769.500
08/22/2012	5.94	6.06	5.81	5.91	1255422	11568360.000
08/23/2012	5.87	6.01	5.85	6.00	876803	8069192.000
08/24/2012	6.00	6.07	5.85	5.85	868883	8038136.500
08/27/2012	5.81	5.89	5.68	5.71	1196986	10735282.000
08/28/2012	5.71	5.79	5.63	5.76	510107	4544915.500
08/29/2012	5.70	5.86	5.70	5.76	487420	4374739.500
08/30/2012	5.76	5.83	5.47	5.56	752977	6556853.000
08/31/2012	5.47	5.67	5.47	5.59	670204	5824832.500
09/03/2012	5.55	5.73	5.50	5.66	415890	3641424.250
09/04/2012	5.67	5.77	5.63	5.64	505401	4478531.500
09/05/2012	5.61	5.84	5.61	5.83	951413	8512817.000
09/06/2012	5.83	5.95	5.83	5.89	1068814	9746990.000
09/07/2012	5.93	6.11	5.89	6.05	2131776	19891152.000
09/10/2012	6.05	6.09	5.97	6.04	1339397	12522245.000
09/11/2012	6.01	6.11	5.99	6.04	986562	9227831.000
09/12/2012	6.03	6.07	5.92	6.03	1482127	13755205.000
09/13/2012	6.03	6.15	5.99	6.03	2017946	19000024.000
09/14/2012	6.06	6.11	5.89	5.93	1188275	10978407.000
09/17/2012	5.99	5.99	5.67	5.67	907548	8207990.500
09/18/2012	5.67	5.77	5.66	5.69	474211	4203198.500
09/19/2012	5.67	5.75	5.67	5.73	377976	3350846.250
09/20/2012	5.73	5.75	5.52	5.54	718928	6233108.500
09/21/2012	5.57	5.59	5.44	5.49	468677	4012713.250
09/24/2012	5.41	5.55	5.38	5.51	488782	4167040.500
09/25/2012	5.47	5.49	5.35	5.39	516972	4363345.000
09/26/2012	5.43	5.43	5.21	5.21	563593	4634611.500
09/27/2012	5.21	5.38	5.21	5.34	531149	4388295.000
09/28/2012	5.32	5.41	5.24	5.41	469622	3921871.000
10/08/2012	5.35	5.43	5.35	5.39	316001	2643697.500
10/09/2012	5.40	5.52	5.40	5.52	964543	8224194.500
10/10/2012	5.48	5.57	5.47	5.55	664010	5701252.000
10/11/2012	5.50	5.54	5.41	5.41	700000	5968345.500
10/12/2012	5.42	5.48	5.34	5.41	974182	8199449.500
10/15/2012	5.40	5.41	5.24	5.28	759531	6252991.000
10/16/2012	5.30	5.36	5.27	5.31	710794	5873008.500
10/17/2012	5.31	5.36	5.28	5.36	778942	6453016.500
10/18/2012	5.36	5.50	5.34	5.47	1354516	11453426.000
10/19/2012	5.47	5.48	5.43	5.45	567123	4811189.000
10/22/2012	5.44	5.48	5.37	5.47	842925	7114422.000
10/23/2012	5.47	5.49	5.41	5.41	681239	5775555.500
10/24/2012	5.38	5.45	5.35	5.38	468533	3936667.250
10/25/2012	5.41	5.43	5.33	5.33	720505	6031484.000
10/26/2012	5.32	5.34	5.13	5.15	930481	7544267.000
10/29/2012	5.16	5.21	5.15	5.17	535912	4321022.500
10/30/2012	5.14	5.21	5.07	5.11	730730	5853172.000
10/31/2012	5.12	5.15	5.07	5.15	394582	3146807.250
11/01/2012	5.10	5.25	5.10	5.23	606590	4929061.500
11/02/2012	5.21	5.25	5.19	5.25	405510	3296475.000
11/05/2012	5.23	5.29	5.20	5.25	418249	3419103.000
11/06/2012	5.27	5.27	5.13	5.22	470318	3794415.000
11/07/2012	5.21	5.25	5.17	5.23	348136	2826436.250
11/08/2012	5.18	5.20	5.07	5.08	553609	4432575.500
11/09/2012	5.11	5.11	5.01	5.05	474530	3734462.500
11/12/2012	5.07	5.13	5.04	5.09	509491	4046103.500
11/13/2012	5.14	5.14	4.99	5.01	212863	1671641.125
11/14/2012	4.97	5.09	4.96	5.06	387570	3039912.250
11/15/2012	4.97	5.10	4.97	5.09	507849	4001104.000
11/16/2012	5.05	5.05	4.84	4.90	781686	5999095.500
11/19/2012	4.87	4.98	4.85	4.93	338090	2583570.000
11/20/2012	4.95	5.02	4.92	4.94	314493	2431539.750
11/21/2012	4.99	5.18	4.93	5.15	1023655	8068155.500
11/22/2012	5.11	5.23	4.91	4.97	1574178	12323223.000
11/23/2012	4.99	5.01	4.93	4.96	522740	4056617.500
11/26/2012	4.97	4.97	4.89	4.89	250655	1928896.125
11/27/2012	4.89	4.89	4.62	4.66	713338	5268011.000
11/28/2012	4.63	4.66	4.52	4.53	753937	5380196.000
11/29/2012	4.55	4.57	4.46	4.49	532655	3769342.750
11/30/2012	4.47	4.55	4.47	4.52	317657	2246307.500
12/03/2012	4.50	4.53	4.37	4.37	509300	3545071.000
12/04/2012	4.38	4.47	4.32	4.47	521693	3595930.000
12/05/2012	4.47	4.77	4.43	4.65	986754	7135713.000
12/06/2012	4.61	4.71	4.61	4.62	330899	2400301.750
12/07/2012	4.62	4.75	4.59	4.73	687167	5038180.000
12/10/2012	4.74	4.87	4.68	4.83	1026454	7696433.000
12/11/2012	4.81	4.86	4.74	4.74	1141399	8527396.000
12/12/2012	4.76	4.79	4.69	4.75	601338	4457586.500
12/13/2012	4.75	4.80	4.67	4.67	462885	3416471.250
12/14/2012	4.69	4.89	4.67	4.87	1224563	9227156.000
12/17/2012	4.87	4.90	4.85	4.89	833135	6340693.500
12/18/2012	4.85	4.92	4.84	4.85	799051	6089848.500
12/19/2012	4.85	4.92	4.85	4.89	518925	3957240.750
12/20/2012	4.85	4.96	4.83	4.90	752618	5746136.500
12/21/2012	4.93	4.96	4.83	4.95	1046733	8028791.000
12/24/2012	4.93	5.22	4.93	5.13	4168995	33152472.000
12/25/2012	5.09	5.41	5.06	5.30	3359633	27389058.000
12/26/2012	5.27	5.49	5.23	5.47	3209941	26895728.000
12/27/2012	5.48	5.52	5.35	5.49	2473640	20901028.000
12/28/2012	5.44	5.67	5.39	5.67	3377439	29261924.000
12/31/2012	5.70	6.00	5.63	5.89	5255600	47175292.000
01/04/2013	5.88	5.92	5.60	5.80	4083761	36605904.000
01/07/2013	5.72	5.85	5.62	5.73	3011469	26680278.000
01/08/2013	5.72	6.03	5.67	5.80	2751313	24975534.000
01/09/2013	5.74	6.07	5.72	5.98	6744554	61854104.000
01/10/2013	5.87	6.13	5.81	5.95	5239700	48522272.000
01/11/2013	5.92	5.97	5.74	5.80	3845011	35003008.000
01/14/2013	5.79	5.97	5.69	5.91	2009912	18380780.000
01/15/2013	5.96	6.13	5.89	6.11	3517457	32850504.000
01/16/2013	6.11	6.11	5.90	5.93	1575993	14612630.000
01/17/2013	6.01	6.06	5.77	5.91	2312338	21123330.000
01/18/2013	5.91	5.97	5.85	5.92	880372	8063814.000
01/21/2013	5.91	5.91	5.80	5.85	995451	9028452.000
01/22/2013	5.88	5.89	5.67	5.74	3133480	28137364.000
01/23/2013	5.73	5.73	5.60	5.69	965485	8463233.000
01/24/2013	5.71	5.78	5.55	5.65	3199124	28224182.000
01/25/2013	5.65	5.65	5.32	5.37	3597754	30426664.000
01/28/2013	5.37	5.49	5.35	5.48	1453638	12276512.000
01/29/2013	5.49	5.54	5.45	5.53	1030860	8814078.000
01/30/2013	5.52	5.73	5.44	5.53	1879477	16116629.000
01/31/2013	5.40	5.52	5.33	5.37	2647928	22251630.000
02/01/2013	5.35	5.47	5.29	5.45	1421855	11964339.000
02/04/2013	5.46	5.51	5.39	5.45	1031728	8719897.000
02/05/2013	5.40	5.59	5.40	5.57	1322704	11375055.000
02/06/2013	5.55	5.62	5.55	5.57	874426	7578400.000
02/07/2013	5.54	5.59	5.52	5.59	837916	7247120.000
02/08/2013	5.60	5.69	5.57	5.63	840009	7352346.000
02/18/2013	5.70	5.70	5.63	5.66	1202617	10567983.000
02/19/2013	5.67	5.73	5.39	5.43	2494995	21315822.000
02/20/2013	5.43	5.57	5.39	5.57	2771195	23501980.000
02/21/2013	5.55	5.58	5.43	5.48	1959282	16735545.000
02/22/2013	5.49	5.62	5.43	5.47	1749827	15110245.000
02/25/2013	5.50	5.69	5.50	5.67	2120495	18500782.000
02/26/2013	5.66	5.75	5.58	5.59	2074080	18285716.000
02/27/2013	5.61	5.70	5.49	5.56	1437567	12440772.000
02/28/2013	5.56	5.72	5.45	5.70	2737257	23671128.000
03/01/2013	5.66	5.83	5.64	5.80	3626168	32364250.000
03/04/2013	5.80	5.80	5.51	5.57	2583072	22649646.000
03/05/2013	5.53	5.72	5.53	5.72	1866094	16376155.000
03/06/2013	5.72	5.86	5.71	5.83	3142689	28214236.000
03/07/2013	5.83	5.87	5.66	5.73	2215083	19860144.000
03/08/2013	5.72	5.84	5.67	5.68	1609659	14375602.000
03/11/2013	5.71	5.78	5.65	5.75	1190766	10591173.000
03/12/2013	5.75	5.79	5.41	5.49	1963374	17010702.000
03/13/2013	5.46	5.46	5.30	5.37	1310068	10952216.000
03/14/2013	5.37	5.41	5.32	5.36	852185	7124084.500
03/15/2013	5.39	5.44	5.27	5.37	1707546	14225504.000
03/18/2013	5.33	5.35	5.13	5.15	1396670	11401318.000
03/19/2013	5.18	5.20	5.07	5.18	807256	6477515.000
03/20/2013	5.19	5.35	5.19	5.35	1497590	12329594.000
03/21/2013	5.34	5.44	5.31	5.39	1262133	10567034.000
03/22/2013	5.39	5.42	5.35	5.41	833447	6989896.500
03/25/2013	5.45	5.46	5.35	5.39	662852	5560970.500
03/26/2013	5.40	5.40	5.22	5.31	1269147	10441079.000
03/27/2013	5.28	5.37	5.27	5.31	883050	7303280.000
03/28/2013	5.31	5.31	5.11	5.11	1221379	9824999.000
03/29/2013	5.17	5.18	5.12	5.13	715782	5743579.000
04/01/2013	5.33	5.41	5.28	5.31	1804303	15008056.000
04/02/2013	5.31	5.37	5.24	5.26	1100388	9074158.000
04/03/2013	5.27	5.36	5.24	5.31	687434	5671103.500
04/08/2013	5.29	5.39	5.20	5.37	1131396	9354796.000
04/09/2013	5.39	5.44	5.36	5.41	1128334	9491030.000
04/10/2013	5.43	5.43	5.30	5.33	1010512	8430698.000
04/11/2013	5.36	5.39	5.27	5.32	801528	6634425.000
04/12/2013	5.28	5.34	5.25	5.27	450160	3708725.500
04/15/2013	5.27	5.27	5.21	5.21	419179	3418078.250
04/16/2013	5.22	5.27	5.17	5.27	531266	4323610.000
04/17/2013	5.27	5.36	5.25	5.35	1195956	9856465.000
04/18/2013	5.31	5.38	5.29	5.34	647668	5378113.500
04/19/2013	5.32	5.49	5.32	5.45	1518199	12828938.000
04/22/2013	5.44	5.55	5.41	5.53	1527859	13079034.000
04/23/2013	5.55	5.55	5.35	5.37	1526445	12890515.000
04/24/2013	5.41	5.61	5.34	5.61	2357686	20247762.000
04/25/2013	5.59	5.77	5.54	5.63	3225934	28408482.000
04/26/2013	5.63	5.65	5.44	5.47	1767383	15172891.000
05/02/2013	5.50	5.60	5.44	5.55	953135	8214392.500
05/03/2013	5.59	5.72	5.54	5.70	1594516	14066118.000
05/06/2013	5.73	5.82	5.71	5.74	2449074	21910340.000
05/07/2013	5.75	5.79	5.67	5.71	1266853	11253122.000
05/08/2013	5.77	5.85	5.70	5.83	2280549	20460472.000
05/09/2013	5.85	5.90	5.74	5.86	2451673	22171236.000
05/10/2013	5.89	5.89	5.77	5.87	2023733	18340892.000
05/13/2013	5.87	5.89	5.77	5.85	1624172	14701552.000
05/14/2013	5.87	5.87	5.65	5.69	1643607	14612949.000
05/15/2013	5.73	5.95	5.69	5.93	3185844	28867070.000
05/16/2013	5.93	6.00	5.84	5.88	3528454	32449426.000
05/17/2013	5.90	6.05	5.85	5.99	2994868	27634122.000
05/20/2013	6.00	6.17	6.00	6.16	2956372	27966524.000
05/21/2013	6.19	6.52	6.17	6.41	5731934	56289452.000
05/22/2013	6.49	6.49	6.18	6.21	4784068	46698992.000
05/23/2013	6.21	6.45	6.12	6.25	4854074	47228624.000
05/24/2013	6.23	6.41	6.23	6.39	3311621	32502476.000
05/27/2013	6.39	6.63	6.30	6.54	4203484	42065112.000
05/28/2013	6.51	6.57	6.32	6.37	3517333	34796476.000
05/29/2013	6.38	6.42	6.31	6.39	2198682	21642960.000
05/30/2013	6.37	6.39	6.27	6.35	2172550	21307370.000
05/31/2013	6.35	6.39	6.25	6.25	1874287	18341068.000
06/03/2013	6.25	6.29	6.11	6.13	2750281	26317338.000
06/04/2013	6.15	6.18	5.94	5.99	2216502	20667710.000
06/05/2013	5.97	6.07	5.97	6.03	1119334	10440348.000
06/06/2013	6.00	6.03	5.88	5.89	1276013	11755282.000
06/07/2013	5.93	5.97	5.81	5.86	1422663	12986571.000
06/13/2013	5.79	5.88	5.68	5.87	1531297	13729558.000
06/14/2013	5.89	6.03	5.86	6.01	1603254	14817242.000
06/17/2013	6.07	6.07	5.88	5.91	2180445	20182890.000
06/18/2013	5.96	5.96	5.77	5.87	1501460	13664803.000
06/19/2013	5.88	6.02	5.80	5.99	1590470	14614281.000
06/20/2013	5.93	5.99	5.71	5.71	1719472	15627132.000
06/21/2013	5.66	5.67	5.40	5.53	2233298	12560356.000
06/24/2013	5.48	5.63	5.05	5.07	2291418	12478424.000
06/25/2013	4.96	5.15	4.73	5.07	2792284	14141568.000
06/26/2013	5.09	5.21	5.00	5.21	1881604	9838485.000
06/27/2013	5.21	5.27	5.00	5.00	1985397	10421986.000
06/28/2013	4.96	5.12	4.92	4.98	1653939	8453486.000
07/01/2013	5.00	5.12	4.94	5.10	1577322	8100481.000
07/02/2013	5.08	5.23	5.07	5.22	2275099	11966422.000
07/03/2013	5.20	5.22	5.03	5.16	2395598	12525147.000
07/04/2013	5.14	5.32	5.10	5.25	2433131	12950061.000
07/05/2013	5.30	5.35	5.11	5.15	1926009	10255650.000
07/08/2013	5.12	5.12	4.87	4.87	2173747	10973629.000
07/09/2013	4.86	4.96	4.85	4.95	952753	4771724.000
07/10/2013	4.91	5.15	4.91	5.13	2000081	10290926.000
07/11/2013	5.11	5.28	5.09	5.24	2114253	11237504.000
07/12/2013	5.25	5.43	5.23	5.26	3542442	19248660.000
07/15/2013	5.27	5.38	5.17	5.34	3119123	16822844.000
07/16/2013	5.34	5.40	5.29	5.40	2830939	15431946.000
07/17/2013	5.40	5.49	5.28	5.28	2716426	14889384.000
07/18/2013	5.25	5.40	5.17	5.32	2994609	16204355.000
07/19/2013	5.33	5.57	5.27	5.27	4992935	27579668.000
07/22/2013	5.18	5.38	5.12	5.37	2905608	15633153.000
07/23/2013	5.36	5.81	5.35	5.66	6892908	39199340.000
07/24/2013	5.60	5.87	5.53	5.79	6258629	36066944.000
07/25/2013	5.75	5.79	5.57	5.59	4270160	24594618.000
07/26/2013	5.58	5.63	5.41	5.55	2870835	16160436.000
07/29/2013	5.54	5.70	5.45	5.49	2280621	12936146.000
07/30/2013	5.48	5.53	5.28	5.39	2107460	11599089.000
07/31/2013	5.40	5.53	5.40	5.49	1648066	9199497.000
08/01/2013	5.52	5.75	5.52	5.73	3763684	21752444.000
08/02/2013	5.78	6.00	5.75	5.83	6517002	39000344.000
08/05/2013	5.86	6.05	5.83	5.98	3935818	23859716.000
08/06/2013	5.97	5.99	5.86	5.96	3098420	18724912.000
08/07/2013	5.97	5.97	5.74	5.76	3349674	19838454.000
08/08/2013	5.74	6.03	5.73	5.96	4601830	27699582.000
08/09/2013	5.98	6.07	5.82	6.01	4796559	29038324.000
08/12/2013	6.04	6.08	5.91	6.02	3541014	21571128.000
08/13/2013	6.01	6.07	5.97	6.02	2878903	17615162.000
08/14/2013	6.05	6.20	5.96	6.13	6575288	40812308.000
08/15/2013	6.08	6.16	5.96	5.97	4521292	27746868.000
08/16/2013	5.91	6.04	5.74	5.74	3779728	22692216.000
08/19/2013	5.70	5.92	5.70	5.91	2417360	14380545.000
08/20/2013	5.92	6.01	5.88	5.96	3034414	18336170.000
08/21/2013	5.95	6.18	5.92	6.17	5034411	31182586.000
08/22/2013	6.29	6.30	6.08	6.14	4787926	29972502.000
08/23/2013	6.15	6.22	5.92	6.04	4000759	24683280.000
08/26/2013	6.10	6.32	6.04	6.25	4736546	29941796.000
08/27/2013	6.23	6.27	6.14	6.26	2851448	17989794.000
08/28/2013	6.20	6.23	6.07	6.09	3134997	19595132.000
08/29/2013	6.09	6.12	6.00	6.05	1881275	11601115.000
08/30/2013	6.08	6.11	5.74	5.75	3659197	22033270.000
09/02/2013	5.75	5.89	5.73	5.86	1726166	10229441.000
09/03/2013	5.86	5.99	5.82	5.98	1525855	9229346.000
09/04/2013	5.99	6.03	5.93	5.98	1479960	8979364.000
09/05/2013	5.99	6.02	5.94	5.97	2087213	12688067.000
09/06/2013	5.97	6.01	5.94	5.97	1915887	11639419.000
09/09/2013	6.00	6.01	5.94	5.98	2832201	17202336.000
09/10/2013	5.98	6.04	5.95	6.00	2800060	17045726.000
09/11/2013	5.99	6.00	5.83	5.85	3441022	20571886.000
09/12/2013	5.83	5.93	5.83	5.90	1852805	11087971.000
09/13/2013	5.91	5.93	5.85	5.92	1642581	9849751.000
09/16/2013	5.95	6.00	5.91	5.95	1605144	9713774.000
09/17/2013	5.98	5.98	5.78	5.84	1930038	11542081.000
09/18/2013	5.87	5.91	5.81	5.90	1122844	6692959.500
09/23/2013	5.90	6.27	5.89	6.16	6467318	40217952.000
09/24/2013	6.16	6.22	6.03	6.18	4751490	29663438.000
09/25/2013	6.15	6.30	6.09	6.23	7256482	45822100.000
09/26/2013	6.20	6.53	6.15	6.34	10957263	70617120.000
09/27/2013	6.26	6.34	6.11	6.13	4912715	30893730.000
09/30/2013	6.13	6.24	6.11	6.18	2927840	18348918.000
10/08/2013	6.22	6.33	6.16	6.30	4231363	26921006.000
10/09/2013	6.30	6.49	6.24	6.44	4912532	32029920.000
10/10/2013	6.44	6.74	6.41	6.62	9497229	63625872.000
10/11/2013	6.64	6.86	6.63	6.73	8122584	55582792.000
10/14/2013	6.78	6.95	6.64	6.95	7888066	54672292.000
10/15/2013	6.87	7.03	6.75	6.81	6708884	46578952.000
10/16/2013	6.84	6.84	6.54	6.63	4532248	30446858.000
10/17/2013	6.65	7.16	6.61	7.00	8136544	57039380.000
10/18/2013	6.99	7.28	6.90	7.28	8018389	57907068.000
10/21/2013	7.29	7.58	7.13	7.35	9854967	73827632.000
10/22/2013	7.34	7.41	7.15	7.41	5806406	42796084.000
10/23/2013	7.37	7.42	6.99	7.05	5467102	39606204.000
10/24/2013	6.99	7.19	6.91	7.04	3167845	22731228.000
10/25/2013	7.01	7.08	6.70	6.80	4658348	32515242.000
10/28/2013	6.90	6.91	6.55	6.74	2529774	17150348.000
10/29/2013	6.67	6.79	6.17	6.45	3634010	23764170.000
10/30/2013	6.47	6.65	6.41	6.62	2220707	14761910.000
10/31/2013	6.63	6.63	6.43	6.52	1727168	11415234.000
11/01/2013	6.52	6.54	6.28	6.43	1430973	9348635.000
11/04/2013	6.44	6.63	6.40	6.62	1700359	11286729.000
11/05/2013	6.62	6.78	6.33	6.70	2167724	14594579.000
11/06/2013	6.68	6.76	6.55	6.56	1781612	12042354.000
11/07/2013	6.57	6.57	6.29	6.29	2087907	13589307.000
11/08/2013	6.27	6.33	5.96	6.00	3874270	24041416.000
11/11/2013	6.00	6.16	5.96	6.12	1533273	9472691.000
11/12/2013	6.10	6.21	6.07	6.18	2019102	12630083.000
11/13/2013	6.18	6.27	6.02	6.04	1691326	10573796.000
11/14/2013	6.03	6.22	6.02	6.21	2649009	16578541.000
11/15/2013	6.21	6.54	6.18	6.43	3908689	25517278.000
11/18/2013	6.41	6.60	6.39	6.52	3373127	22268996.000
11/19/2013	6.57	6.62	6.51	6.55	2549559	16966922.000
11/20/2013	6.53	6.76	6.52	6.76	3182087	21527648.000
11/21/2013	6.79	6.82	6.66	6.72	2834146	19356862.000
11/22/2013	6.72	6.72	6.55	6.58	1897594	12774897.000
11/25/2013	6.58	6.94	6.56	6.84	3569314	24605136.000
11/26/2013	6.86	6.89	6.71	6.83	2869391	19775318.000
11/27/2013	6.83	6.98	6.78	6.96	3252730	22803298.000
11/28/2013	6.94	6.97	6.86	6.87	2790098	19554042.000
11/29/2013	6.85	7.01	6.82	6.95	4114260	29029792.000
12/02/2013	6.59	6.68	6.25	6.25	5938451	38667408.000
12/03/2013	6.20	6.29	6.00	6.26	3489170	21809868.000
12/04/2013	6.22	6.41	6.18	6.29	3190044	20538120.000
12/05/2013	6.26	6.41	6.23	6.37	3121898	20088798.000
12/06/2013	6.36	6.41	6.30	6.36	1842571	11914188.000
12/09/2013	6.36	6.49	6.36	6.47	1709834	11186825.000
12/10/2013	6.47	6.52	6.42	6.46	1449600	9516072.000
12/11/2013	6.42	6.49	6.26	6.28	2172771	14105738.000
12/12/2013	6.28	6.45	6.24	6.38	1592261	10328841.000
12/13/2013	6.36	6.65	6.34	6.59	3537566	23503996.000
12/16/2013	6.59	7.26	6.59	7.05	16564050	120018072.000
12/17/2013	6.90	7.26	6.85	7.20	13379299	96304464.000
12/18/2013	7.14	7.19	6.93	7.10	7125627	50842752.000
12/19/2013	7.12	7.19	6.76	6.84	5390967	38056152.000
12/20/2013	6.78	7.01	6.78	7.01	4924700	34484032.000
12/23/2013	6.99	7.67	6.90	7.42	14023863	104468936.000
12/24/2013	7.30	7.58	7.20	7.58	9232116	69090960.000
12/25/2013	7.55	7.98	7.45	7.72	12731119	99396240.000
12/26/2013	7.66	7.87	7.40	7.52	10110716	77988120.000
12/27/2013	7.45	7.89	7.31	7.79	9061114	70223056.000
12/30/2013	7.90	7.90	7.62	7.67	7049313	55200784.000
12/31/2013	7.60	7.65	7.21	7.25	7801696	58481860.000
01/02/2014	7.29	7.52	7.20	7.50	4810569	36059952.000
01/03/2014	7.46	7.83	7.41	7.78	8271325	64427628.000
01/06/2014	7.69	8.05	7.51	7.62	9000757	71391136.000
01/07/2014	7.52	8.13	7.41	8.09	10062847	80549168.000
01/08/2014	8.13	8.35	7.92	8.04	10393415	85384256.000
01/09/2014	7.95	8.13	7.62	7.68	7362486	58665028.000
01/10/2014	7.62	7.87	7.50	7.75	5027384	39189508.000
01/13/2014	7.72	8.05	7.61	8.01	6623832	52996700.000
01/14/2014	8.02	8.14	7.90	8.10	7076986	57660892.000
01/15/2014	8.10	8.15	7.93	8.14	6904501	56217584.000
01/16/2014	8.15	8.78	8.07	8.52	12890017	110458112.000
01/17/2014	8.42	8.65	8.28	8.30	6903542	58885820.000
01/20/2014	8.21	8.48	8.13	8.32	4531158	37973400.000
01/21/2014	8.28	8.65	8.25	8.64	5349120	46168164.000
01/22/2014	8.60	8.97	8.51	8.76	6550933	58260872.000
01/23/2014	8.65	9.19	8.65	8.93	6552174	59469320.000
01/24/2014	8.90	9.05	8.71	8.88	5671678	50816444.000
01/27/2014	8.88	9.10	8.71	8.92	4953302	44702212.000
01/28/2014	8.90	8.98	8.34	8.43	7080159	61297100.000
01/29/2014	8.45	8.79	8.28	8.76	5795076	49923752.000
01/30/2014	8.62	8.77	8.53	8.53	3019856	26425360.000
02/07/2014	8.42	8.88	8.36	8.85	4076518	35930172.000
02/10/2014	8.89	9.23	8.87	9.10	5875994	53949108.000
02/11/2014	9.10	9.17	8.88	8.98	4598140	41829128.000
02/12/2014	8.93	9.09	8.78	9.09	3748521	33870164.000
02/13/2014	9.09	9.09	8.58	8.58	6304763	56334636.000
02/14/2014	8.70	8.74	8.53	8.68	4358671	38203668.000
02/17/2014	8.71	9.08	8.71	9.02	6912826	62635896.000
02/18/2014	9.00	9.27	8.91	9.24	6641548	61245548.000
02/19/2014	9.32	9.55	9.00	9.06	6908482	64440828.000
02/20/2014	9.09	9.14	8.60	8.72	5357874	47662496.000
02/21/2014	8.70	8.88	8.56	8.82	3455901	30569464.000
02/24/2014	8.75	8.84	8.50	8.82	3753050	32914370.000
02/25/2014	8.79	8.95	7.95	8.07	7496371	64432792.000
02/26/2014	8.07	8.08	7.61	8.00	4075633	32463026.000
02/27/2014	8.02	8.35	7.96	8.06	3983038	33033754.000
02/28/2014	8.02	8.20	7.86	8.13	2327513	19021376.000
03/04/2014	8.40	8.82	8.30	8.71	5594257	48818860.000
03/05/2014	8.68	8.79	8.45	8.50	3007110	26146490.000
03/06/2014	8.47	8.55	8.24	8.36	2636945	22271816.000
03/07/2014	8.30	8.53	8.25	8.43	2584908	22021078.000
03/10/2014	8.42	9.03	8.41	8.76	7362931	65275872.000
03/11/2014	8.60	8.74	8.23	8.40	4214514	36242640.000
03/12/2014	8.29	8.67	8.26	8.40	2937721	25082862.000
03/13/2014	8.30	8.54	8.29	8.38	2410296	20496042.000
03/14/2014	8.30	8.42	8.15	8.21	2203517	18467250.000
03/17/2014	8.18	8.52	8.15	8.50	2191913	18620656.000
03/18/2014	8.51	8.87	8.48	8.75	4556985	40313820.000
03/19/2014	9.10	9.38	8.90	8.95	8954440	82356840.000
03/20/2014	8.71	9.12	8.61	8.64	5381582	48358320.000
03/21/2014	8.40	8.78	8.36	8.75	4155322	36007544.000
03/24/2014	8.74	8.74	8.54	8.60	2640286	23044982.000
03/25/2014	8.56	8.65	8.38	8.52	2394831	20635462.000
03/26/2014	8.52	8.88	8.46	8.86	4537510	40084856.000
03/27/2014	8.81	8.90	8.40	8.43	3864072	33839520.000
03/28/2014	8.27	8.38	7.81	7.95	5237627	42893076.000
03/31/2014	7.82	8.09	7.78	7.90	2043988	16377356.000
04/01/2014	7.91	8.07	7.90	8.03	1111366	9032478.000
04/02/2014	8.04	8.12	7.79	7.88	1818728	14565512.000
04/03/2014	7.88	8.04	7.81	7.94	1184918	9504007.000
04/04/2014	7.88	8.00	7.86	7.98	872175	7022523.000
04/08/2014	8.05	8.05	7.90	8.02	1144233	9243751.000
04/09/2014	8.03	8.14	8.02	8.07	1648695	13471638.000
04/10/2014	8.08	8.12	7.99	8.05	2263420	18463842.000
04/11/2014	8.00	8.00	7.68	7.77	3507305	27684288.000
04/14/2014	7.74	7.88	7.74	7.87	1725211	13659885.000
04/15/2014	7.88	7.94	7.83	7.86	1124068	8981448.000
04/16/2014	7.80	7.86	7.72	7.76	1328048	10457675.000
04/17/2014	7.77	7.87	7.77	7.82	1243187	9855902.000
04/18/2014	7.85	7.87	7.74	7.86	982443	7776901.500
04/21/2014	7.80	8.07	7.78	7.91	2333661	18861242.000
04/22/2014	7.89	7.98	7.70	7.87	1516301	12008132.000
04/23/2014	7.83	7.89	7.75	7.79	609110	4821872.500
04/24/2014	7.81	7.81	7.50	7.51	1914649	14820371.000
04/25/2014	7.48	7.55	7.17	7.17	1846941	13742608.000
04/28/2014	7.15	7.17	6.79	6.81	2439225	17094876.000
04/29/2014	6.80	6.98	6.80	6.98	1064905	7467797.500
04/30/2014	6.98	7.25	6.95	7.22	1670599	12115679.000
05/05/2014	7.17	7.32	7.08	7.30	1102570	8091145.000
05/06/2014	7.30	7.47	7.25	7.34	1196919	8950404.000
05/07/2014	7.30	7.30	7.11	7.12	1060699	7747471.500
05/08/2014	7.06	7.30	7.06	7.22	852583	6250925.000
05/09/2014	7.19	7.30	7.09	7.19	494062	3597608.500
05/12/2014	7.23	7.42	7.23	7.29	1660503	12342074.000
05/13/2014	7.35	7.39	7.20	7.27	1061761	7846901.000
05/14/2014	7.25	7.31	7.07	7.11	2118270	15355362.000
05/15/2014	7.11	7.15	6.81	6.88	2282271	16112695.000
05/16/2014	6.89	6.98	6.86	6.96	1051079	7388013.500
05/19/2014	7.11	7.11	6.86	6.92	1173801	8280069.000
05/20/2014	6.98	7.06	6.93	6.97	1308499	9276439.000
05/21/2014	6.94	7.04	6.86	7.04	1083186	7682291.500
05/22/2014	7.06	7.12	6.99	7.03	1397918	10020663.000
05/23/2014	7.02	7.07	6.92	7.06	1660955	11783701.000
05/26/2014	7.09	7.45	7.09	7.40	3835289	28458638.000
05/27/2014	7.41	7.60	7.34	7.53	2473145	18710636.000
05/28/2014	7.55	7.86	7.36	7.70	5302377	40981324.000
05/29/2014	7.70	7.76	7.52	7.57	2147525	16611321.000
05/30/2014	7.53	7.87	7.53	7.78	2352207	18384850.000
06/03/2014	7.75	7.85	7.67	7.70	1212329	9526623.000
06/04/2014	7.70	7.72	7.51	7.56	2289324	17580816.000
06/05/2014	7.57	7.84	7.53	7.82	2319511	18124832.000
06/06/2014	7.83	7.97	7.72	7.89	2296285	18191272.000
06/09/2014	7.89	7.90	7.72	7.84	1505520	11909787.000
06/10/2014	7.81	8.20	7.78	7.89	4362912	34738640.000
06/11/2014	7.83	7.88	7.78	7.82	2512180	19918456.000
06/12/2014	7.86	7.88	7.66	7.79	3126022	24624290.000
06/13/2014	7.88	8.03	7.80	8.02	4115237	32684072.000
06/16/2014	8.05	8.21	8.00	8.17	3584946	29041682.000
06/17/2014	8.18	8.28	8.06	8.18	3059143	25076570.000
06/18/2014	8.23	8.42	8.12	8.37	5108625	42622436.000
06/19/2014	8.34	8.35	7.80	7.80	4105232	33353498.000
06/20/2014	7.74	7.94	7.61	7.85	5415710	42129616.000
06/23/2014	7.87	8.13	7.83	8.06	3914398	31429724.000
06/24/2014	8.01	8.19	8.00	8.03	3003879	24251028.000
06/25/2014	8.08	8.14	8.01	8.03	2396478	19292868.000
06/26/2014	8.02	8.49	8.01	8.38	6144769	50948380.000
06/27/2014	8.35	8.72	8.35	8.67	8801574	75811056.000
06/30/2014	8.68	9.08	8.64	8.82	7028027	62601184.000
07/01/2014	8.81	9.70	8.76	9.52	16684041	156571344.000
07/02/2014	9.47	9.67	9.26	9.61	10262628	97123080.000
07/03/2014	9.59	9.61	9.26	9.50	6501804	61417880.000
07/04/2014	9.49	10.45	9.43	9.63	8070290	79235776.000
07/07/2014	9.67	9.76	9.18	9.30	5324321	50098076.000
07/08/2014	9.34	9.49	9.22	9.49	4063617	38155912.000
07/09/2014	9.52	10.18	9.49	9.81	7859954	77753376.000
07/10/2014	9.86	10.37	9.70	10.25	7225496	72979168.000
07/11/2014	10.16	10.37	9.93	10.15	4778477	48471240.000
07/14/2014	10.02	10.46	9.85	10.07	5602579	56658380.000
07/15/2014	9.96	10.03	9.66	9.69	5803500	56794104.000
07/16/2014	9.62	9.75	9.27	9.31	4146657	39163884.000
07/17/2014	9.31	9.47	9.26	9.46	2097567	19716058.000
07/18/2014	9.38	9.69	9.30	9.69	2388665	22462984.000
07/21/2014	9.58	9.87	9.51	9.61	3027791	29291858.000
07/22/2014	9.41	9.72	9.41	9.66	2152735	20657406.000
07/23/2014	9.62	9.65	8.90	9.18	3372088	31216762.000
07/24/2014	9.27	9.27	8.71	9.08	3966999	35356248.000
07/25/2014	8.96	9.08	8.75	8.97	2393736	21355668.000
07/28/2014	8.90	9.24	8.88	9.13	2688960	24498132.000
07/29/2014	9.25	9.47	9.18	9.34	2913386	27117696.000
07/30/2014	9.25	9.39	9.17	9.30	2667653	24737370.000
07/31/2014	9.30	9.30	9.08	9.22	3099491	28453528.000
08/01/2014	9.18	9.46	9.05	9.39	4901234	45658340.000
08/04/2014	9.40	9.64	9.31	9.55	3426815	32499640.000
08/05/2014	9.51	9.90	9.35	9.83	5189336	49974016.000
08/06/2014	9.80	10.20	9.75	9.93	4759551	47559756.000
08/07/2014	9.95	10.10	9.71	9.73	2780805	27496928.000
08/08/2014	9.80	9.94	9.64	9.78	2269576	22181582.000
08/11/2014	9.80	9.88	9.68	9.82	4555414	44619884.000
08/12/2014	9.81	9.84	9.68	9.71	2774094	27006828.000
08/13/2014	9.73	10.29	9.67	10.23	7942307	79596744.000
08/14/2014	10.24	10.45	10.01	10.22	6789537	69566880.000
08/15/2014	10.14	10.45	10.06	10.40	6873637	70942176.000
08/18/2014	10.40	10.54	10.23	10.45	3923252	40799728.000
08/19/2014	10.45	11.11	10.35	10.80	7814936	84283792.000
08/20/2014	10.84	11.14	10.68	10.97	5744212	62753624.000
08/21/2014	10.98	11.11	10.70	10.81	4114802	44730552.000
08/22/2014	10.77	11.28	10.77	11.18	4351512	48428988.000
08/25/2014	11.22	11.33	11.06	11.18	4194733	46931248.000
08/26/2014	11.15	11.17	10.51	10.61	4576389	49415436.000
08/27/2014	10.63	10.88	10.45	10.68	2934294	31262232.000
08/28/2014	10.66	10.69	10.35	10.38	2719789	28514306.000
08/29/2014	10.36	10.60	10.32	10.55	2091120	21904376.000
09/01/2014	10.52	10.79	10.45	10.75	3002862	32104116.000
09/02/2014	10.88	11.17	10.80	11.05	4340532	47740788.000
09/03/2014	11.05	11.22	10.87	11.08	4380562	48341272.000
09/04/2014	11.13	11.46	11.03	11.44	5708458	63896612.000
09/05/2014	11.51	11.83	11.36	11.74	6243151	72615000.000
09/09/2014	11.70	11.79	11.21	11.30	9524817	107994816.000
09/10/2014	11.29	11.29	11.02	11.23	6230553	69465280.000
09/11/2014	11.20	11.49	11.15	11.25	5012176	56769888.000
09/12/2014	11.17	11.35	11.17	11.35	3527724	39718364.000
09/15/2014	11.35	11.47	11.21	11.44	4262092	48334924.000
09/16/2014	11.45	11.48	10.50	10.66	7213995	80034912.000
09/17/2014	10.65	10.84	10.35	10.56	4115945	43364000.000
09/18/2014	10.54	10.77	10.48	10.68	3015346	32174516.000
09/19/2014	10.67	11.02	10.58	10.89	3634092	39436524.000
09/22/2014	10.85	10.92	10.43	10.57	4011948	42496708.000
09/23/2014	10.57	10.82	10.52	10.72	2639465	28132656.000
09/24/2014	10.66	11.21	10.64	11.14	5525166	60943860.000
09/25/2014	11.13	11.34	10.95	11.02	3810949	42556124.000
09/26/2014	11.10	11.25	10.99	11.22	4126112	45970956.000
09/29/2014	11.29	11.47	11.16	11.26	4360371	49354828.000
09/30/2014	11.29	11.68	11.23	11.61	5270097	60556312.000
10/08/2014	11.66	12.01	11.57	11.92	4830480	56744428.000
10/09/2014	11.90	12.00	11.52	11.69	4678592	55035924.000
10/10/2014	11.78	11.87	11.53	11.70	3856656	45095052.000
10/13/2014	11.55	11.72	11.37	11.67	3178400	36685908.000
10/14/2014	11.63	12.03	11.56	11.88	4556339	53998812.000
10/15/2014	11.95	12.45	11.74	12.34	8994122	109508632.000
10/16/2014	12.23	12.79	12.08	12.13	8889000	109557024.000
10/17/2014	12.12	12.20	11.43	11.62	5171314	60876148.000
10/20/2014	11.55	11.70	11.49	11.65	2715153	31537204.000
10/21/2014	11.65	11.76	11.18	11.19	3340028	38244272.000
10/22/2014	11.11	11.35	11.06	11.10	2297682	25768034.000
10/23/2014	11.21	11.52	10.82	11.00	3189300	35587944.000
10/24/2014	10.98	11.22	10.85	11.18	2059304	22858634.000
10/27/2014	11.15	11.38	11.12	11.30	2372206	26729170.000
10/28/2014	11.46	11.93	11.35	11.86	4126973	48378056.000
10/29/2014	11.89	12.17	11.80	12.11	4446161	53066052.000
10/30/2014	12.10	12.24	11.82	11.89	3780009	45445868.000
10/31/2014	11.89	12.04	11.76	11.94	2771566	32972800.000
数据来源:通达信
