300039 上海凯宝 日线
      日期	    开盘	    最高	    最低	    收盘	    成交量	    成交额
10/08/2010	11.63	12.21	11.49	12.19	1243215	57038652.000
10/11/2010	12.27	12.40	11.33	11.83	1808392	82943840.000
10/12/2010	11.96	12.13	11.44	11.85	1340669	60674228.000
10/13/2010	11.59	12.12	11.58	11.86	1263137	57374116.000
10/14/2010	11.73	11.93	11.61	11.85	804160	36242224.000
10/15/2010	11.81	11.81	10.59	10.98	2884894	121478768.000
10/18/2010	10.87	11.34	10.10	10.96	2752608	113315560.000
10/19/2010	10.88	11.84	10.62	11.58	2344493	102514616.000
10/20/2010	11.46	11.71	11.13	11.58	2389344	105013808.000
10/21/2010	11.45	11.58	11.10	11.43	1384089	59888232.000
10/22/2010	11.39	12.04	11.21	11.99	1184918	53802564.000
10/25/2010	12.08	12.24	11.74	11.93	514175	23586324.000
10/26/2010	12.11	12.11	11.27	11.44	1936689	85380072.000
10/27/2010	11.44	12.05	11.40	11.41	1464747	65551884.000
10/28/2010	11.30	11.49	10.90	11.16	1443759	62390000.000
10/29/2010	11.31	11.63	11.16	11.63	1134448	49789464.000
11/01/2010	11.63	12.07	11.49	12.03	1202650	54674360.000
11/02/2010	11.91	11.99	11.52	11.80	1067966	48007360.000
11/03/2010	11.51	11.71	11.34	11.54	902286	39930360.000
11/04/2010	11.60	11.60	11.17	11.40	1375753	59750372.000
11/05/2010	11.44	11.60	11.24	11.46	1202409	52816772.000
11/08/2010	11.46	11.95	11.36	11.63	1548105	69528040.000
11/09/2010	11.63	12.34	11.60	12.13	1627889	74796672.000
11/10/2010	12.23	13.41	12.13	12.94	2175994	108133800.000
11/11/2010	12.74	13.42	12.74	12.77	1285877	64044228.000
11/12/2010	12.72	13.10	11.85	12.27	1422849	67300968.000
11/15/2010	12.28	12.93	12.05	12.88	1510968	72161248.000
11/16/2010	13.07	13.55	12.27	12.38	2178847	107873056.000
11/17/2010	12.38	12.50	11.44	11.83	1427702	65758548.000
11/18/2010	11.71	12.13	11.44	12.08	798095	36170280.000
11/19/2010	11.99	12.63	11.99	12.58	1471975	70122680.000
11/22/2010	12.75	13.24	12.41	13.10	1645549	81870352.000
11/23/2010	12.84	13.15	12.67	13.10	657341	32539122.000
11/24/2010	13.16	14.38	13.13	14.34	2156526	113539344.000
11/25/2010	14.19	14.91	13.81	14.03	1723346	93708920.000
11/26/2010	13.96	14.17	13.70	13.81	692690	36623392.000
11/29/2010	13.94	14.63	13.79	14.54	1300652	71307880.000
11/30/2010	14.64	14.71	13.73	14.25	869236	46824252.000
12/01/2010	14.27	14.27	13.89	14.16	566824	30221608.000
12/02/2010	14.19	14.30	13.96	14.26	465417	25063342.000
12/03/2010	14.26	14.48	13.60	13.69	934800	49004404.000
12/06/2010	13.66	13.79	12.72	13.38	1173257	59139336.000
12/07/2010	13.16	13.66	13.16	13.59	641939	33064172.000
12/08/2010	13.79	13.93	13.44	13.88	510042	26744490.000
12/09/2010	13.73	13.94	13.43	13.54	459348	23838418.000
12/10/2010	13.54	14.08	13.08	13.66	1137562	58315352.000
12/13/2010	13.64	14.21	13.64	14.04	1160296	61144584.000
12/14/2010	14.10	14.21	13.85	14.16	769795	40993608.000
12/15/2010	14.18	14.49	14.08	14.27	1054144	57142704.000
12/16/2010	14.28	14.30	13.94	14.13	839057	45118564.000
12/17/2010	13.92	14.27	13.92	14.12	255405	13684112.000
12/20/2010	14.13	14.13	13.47	13.74	848286	44402620.000
12/21/2010	13.58	13.66	13.08	13.44	946766	48474060.000
12/22/2010	13.38	13.49	13.24	13.34	298619	15193304.000
12/23/2010	13.16	13.45	13.10	13.30	591604	29915568.000
12/24/2010	13.24	13.24	12.86	12.88	293922	14552183.000
12/27/2010	12.73	13.10	12.20	12.46	357905	17491520.000
12/28/2010	12.41	12.43	11.91	12.22	337248	15664525.000
12/29/2010	12.54	12.54	12.09	12.26	865869	40464452.000
12/30/2010	12.12	12.27	11.66	12.27	751985	34579980.000
12/31/2010	12.13	12.96	12.13	12.41	2244226	108333192.000
01/04/2011	12.68	12.82	12.16	12.71	1181216	56410820.000
01/05/2011	12.63	12.63	12.27	12.54	987719	47266840.000
01/06/2011	12.42	12.70	12.19	12.44	724988	34195524.000
01/07/2011	12.38	12.38	11.58	11.63	1221083	56043452.000
01/10/2011	11.63	11.96	11.21	11.83	1036272	46786976.000
01/11/2011	11.96	11.96	11.46	11.76	497919	22549848.000
01/12/2011	11.58	11.80	11.16	11.75	724501	32038636.000
01/13/2011	11.74	12.33	11.49	12.07	1498858	68802392.000
01/14/2011	12.08	12.13	11.79	11.96	397570	18231386.000
01/17/2011	11.94	11.99	11.27	11.70	467880	20842860.000
01/18/2011	11.45	11.69	11.15	11.40	616960	27011678.000
01/19/2011	11.22	11.60	11.22	11.58	266172	11773947.000
01/20/2011	11.59	12.05	11.41	11.96	343651	15412929.000
01/21/2011	11.78	12.12	11.78	11.99	210844	9714330.000
01/24/2011	11.94	12.04	11.38	11.88	477230	21422538.000
01/25/2011	11.78	11.99	11.60	11.88	248863	11225050.000
01/26/2011	11.78	11.93	11.71	11.90	298778	13569379.000
01/27/2011	11.90	12.18	11.69	12.13	487832	22505740.000
01/28/2011	12.13	12.13	11.76	11.99	250370	11471863.000
01/31/2011	11.99	11.99	11.79	11.96	268739	12252892.000
02/01/2011	11.95	12.40	11.85	12.26	513521	23781194.000
02/09/2011	12.22	12.41	12.03	12.11	305962	14303569.000
02/10/2011	12.11	12.32	12.01	12.30	529380	24795016.000
02/11/2011	12.29	12.60	12.19	12.54	716169	34247064.000
02/14/2011	12.55	12.68	12.41	12.55	954231	45777796.000
02/15/2011	12.65	12.65	12.37	12.37	647433	30920152.000
02/16/2011	12.36	12.36	11.97	12.27	1008710	47010012.000
02/17/2011	12.17	12.24	11.88	11.99	859869	39511312.000
02/18/2011	11.96	12.11	11.24	11.49	2377894	104832960.000
02/21/2011	11.40	11.51	11.30	11.44	1187291	52224116.000
02/22/2011	11.45	11.57	11.33	11.49	1062932	46846728.000
02/23/2011	11.55	11.61	11.29	11.38	914101	40168300.000
02/24/2011	11.40	11.48	10.92	11.21	1706812	73643576.000
02/25/2011	11.12	11.38	11.10	11.24	702249	30387496.000
02/28/2011	11.24	11.29	11.06	11.10	975977	41819604.000
03/01/2011	11.10	11.24	11.06	11.23	1182514	50677180.000
03/02/2011	11.24	11.71	11.24	11.64	2067633	91660528.000
03/03/2011	11.63	11.66	11.38	11.38	800079	35376572.000
03/04/2011	11.43	11.49	10.80	11.03	1281785	54380976.000
03/07/2011	11.03	11.04	10.83	10.87	1166229	49004088.000
03/08/2011	10.87	11.08	10.80	10.93	976246	41319272.000
03/09/2011	10.96	10.96	10.85	10.91	505542	21258606.000
03/10/2011	10.98	11.10	10.91	11.01	632759	26896420.000
03/11/2011	10.99	11.05	10.84	10.88	1025042	43138132.000
03/14/2011	10.88	11.04	10.84	10.99	710789	30012832.000
03/15/2011	11.03	11.08	10.46	10.69	975025	40421760.000
03/16/2011	10.65	10.71	10.42	10.64	880279	35996184.000
03/17/2011	10.60	10.60	10.27	10.33	1029726	41415516.000
03/18/2011	10.41	10.43	10.16	10.30	814943	32425118.000
03/21/2011	10.30	10.40	10.28	10.30	554084	22174910.000
03/22/2011	10.28	10.39	10.23	10.33	370375	14816886.000
03/23/2011	10.36	10.57	10.33	10.54	660085	26800562.000
03/24/2011	10.53	10.71	10.49	10.62	662479	27261582.000
03/25/2011	10.71	10.72	10.56	10.68	370870	15292967.000
03/28/2011	10.68	11.10	10.68	10.99	1446335	61328936.000
03/29/2011	10.99	11.02	10.60	10.74	633262	26635762.000
03/30/2011	10.71	10.82	9.77	10.33	784186	31555316.000
03/31/2011	10.41	10.59	10.10	10.46	568405	22615902.000
04/01/2011	10.45	10.46	10.28	10.37	294295	11788668.000
04/06/2011	10.33	10.41	9.71	9.84	1412527	53970524.000
04/07/2011	9.84	9.88	9.61	9.85	497185	18763174.000
04/08/2011	9.85	10.32	9.71	10.26	830344	32580280.000
04/11/2011	10.24	10.48	9.90	9.90	425708	16760762.000
04/12/2011	10.12	10.28	9.91	10.19	486680	19119828.000
04/13/2011	10.11	10.58	10.11	10.49	531843	21499212.000
04/14/2011	10.49	10.77	10.40	10.71	635454	26004976.000
04/15/2011	10.76	10.76	10.34	10.36	415854	16879296.000
04/18/2011	10.40	10.47	10.18	10.33	393476	15766217.000
04/19/2011	10.27	10.38	9.99	10.16	232720	9117717.000
04/21/2011	10.46	10.87	10.34	10.72	573091	23659868.000
04/22/2011	10.72	10.72	10.35	10.51	273874	11137690.000
04/25/2011	10.52	10.67	10.38	10.55	344940	14034515.000
04/26/2011	10.33	10.66	10.04	10.55	1010935	41114472.000
04/27/2011	10.48	10.64	10.27	10.41	234346	9414028.000
04/28/2011	10.52	10.52	9.88	10.02	402169	15753772.000
04/29/2011	9.54	10.08	9.54	9.95	406035	10209385.000
05/03/2011	9.95	9.95	9.53	9.82	272495	6814197.000
05/04/2011	9.65	9.68	9.43	9.49	568701	13927616.000
05/05/2011	9.49	9.64	9.45	9.53	229889	5641657.000
05/06/2011	9.50	9.73	9.41	9.65	342961	8429553.000
05/09/2011	9.74	10.68	9.66	10.44	1214322	32253996.000
05/10/2011	10.45	10.87	10.36	10.82	1643507	44676176.000
05/11/2011	10.83	10.91	10.63	10.78	583466	15974557.000
05/12/2011	10.66	10.94	10.49	10.55	836575	22817942.000
05/13/2011	10.54	10.66	10.30	10.58	706552	18965212.000
05/16/2011	10.49	10.65	10.40	10.41	472617	12647612.000
05/17/2011	10.47	10.47	10.29	10.33	409550	10859566.000
05/18/2011	10.28	10.47	10.26	10.28	571837	15133267.000
05/19/2011	10.30	10.53	10.28	10.36	567300	15077962.000
05/20/2011	10.37	10.41	10.33	10.35	708874	18786378.000
05/23/2011	10.35	10.35	9.54	9.54	1016767	25688302.000
05/24/2011	9.53	9.75	9.53	9.73	575267	14287527.000
05/25/2011	9.67	9.74	9.07	9.24	1040826	25146390.000
05/26/2011	9.28	9.45	8.98	9.23	565101	13396495.000
05/27/2011	9.00	9.41	8.97	9.20	283271	6665766.000
05/30/2011	8.90	9.33	8.71	9.24	498901	11807571.000
05/31/2011	9.17	9.35	9.16	9.35	657460	15698388.000
06/01/2011	9.35	9.53	9.25	9.30	408395	9877063.000
06/02/2011	9.28	9.28	8.95	9.16	278341	6503028.000
06/03/2011	9.23	9.44	9.03	9.37	548040	13186728.000
06/07/2011	9.27	9.49	9.03	9.24	368214	8832194.000
06/08/2011	9.12	9.30	8.98	9.02	505919	11796477.000
06/09/2011	8.98	9.03	8.54	8.62	1114712	25102414.000
06/10/2011	8.49	8.64	8.08	8.47	992261	21299528.000
06/13/2011	8.16	8.41	8.04	8.37	440310	9512101.000
06/14/2011	8.47	8.82	8.47	8.78	1034928	23360154.000
06/15/2011	8.75	8.99	8.66	8.88	1037335	23788594.000
06/16/2011	8.78	8.95	8.49	8.78	707051	16048430.000
06/17/2011	8.80	8.81	8.49	8.78	463175	10369173.000
06/20/2011	8.70	8.76	8.57	8.74	255590	5730491.000
06/21/2011	8.60	8.85	8.60	8.83	415123	9435886.000
06/22/2011	8.85	8.86	8.70	8.80	81150	1845251.125
06/23/2011	8.80	8.95	8.62	8.93	441843	10112649.000
06/24/2011	8.91	9.23	8.80	9.13	916994	21438746.000
06/27/2011	9.13	9.45	9.13	9.36	834575	20081652.000
06/28/2011	9.36	9.38	9.28	9.33	546221	13109653.000
06/29/2011	9.35	9.66	9.34	9.49	689613	16884104.000
06/30/2011	9.50	9.84	9.49	9.73	1064325	26576946.000
07/01/2011	9.73	10.26	9.73	10.24	1925830	50032356.000
07/04/2011	10.27	10.66	10.18	10.58	2320539	61635656.000
07/05/2011	10.53	10.60	10.28	10.40	998424	26762154.000
07/06/2011	10.47	10.60	10.29	10.41	630181	16802120.000
07/07/2011	10.37	10.66	10.27	10.27	1126907	30130566.000
07/08/2011	10.39	10.61	10.27	10.49	492439	13142389.000
07/11/2011	10.49	10.58	10.37	10.44	383032	10237390.000
07/12/2011	10.41	10.57	10.04	10.49	1072002	28666884.000
07/13/2011	10.53	10.58	10.37	10.55	900223	24101524.000
07/14/2011	10.57	10.80	10.53	10.67	2127053	57921260.000
07/15/2011	10.66	10.87	10.62	10.77	2536772	69692800.000
07/18/2011	10.43	11.28	10.43	10.94	2372672	66824348.000
07/19/2011	10.62	10.89	10.39	10.58	1490443	40210440.000
07/20/2011	10.59	10.70	10.16	10.36	1761101	46340232.000
07/21/2011	10.28	10.39	10.12	10.29	407807	10696898.000
07/22/2011	10.41	10.41	10.09	10.37	791868	20707154.000
07/25/2011	10.37	10.38	9.95	10.15	741235	19313804.000
07/26/2011	10.15	10.23	10.05	10.09	467033	12088517.000
07/27/2011	10.09	10.33	9.97	10.30	647516	16900458.000
07/28/2011	10.28	10.49	10.12	10.45	833855	22075068.000
07/29/2011	10.45	10.67	10.33	10.49	679046	18236412.000
08/01/2011	10.50	10.50	10.33	10.36	469072	12458780.000
08/02/2011	10.28	10.28	9.89	10.04	754303	19332612.000
08/03/2011	10.04	10.33	9.79	10.16	529593	13844584.000
08/04/2011	9.99	10.31	9.99	10.01	366491	9485979.000
08/05/2011	9.87	9.88	9.53	9.75	680049	16999490.000
08/08/2011	9.42	9.74	9.20	9.33	1143779	27617590.000
08/09/2011	8.99	9.48	8.91	9.42	614737	14621622.000
08/10/2011	9.60	9.74	9.49	9.59	687191	16984412.000
08/11/2011	9.55	10.15	9.49	10.11	1225622	31184814.000
08/12/2011	10.12	10.45	10.08	10.17	643431	16887252.000
08/15/2011	10.17	10.44	10.08	10.37	774426	20481468.000
08/16/2011	10.41	10.66	10.16	10.44	1232462	32935444.000
08/17/2011	10.34	10.49	10.27	10.37	708306	18758854.000
08/18/2011	10.37	10.37	10.12	10.16	906411	23708766.000
08/19/2011	10.11	10.16	9.97	10.12	534878	13785580.000
08/22/2011	10.20	10.40	10.10	10.20	495896	13037380.000
08/23/2011	10.34	10.48	10.18	10.47	767611	20304040.000
08/24/2011	10.49	10.95	10.20	10.88	3706268	101868352.000
08/25/2011	10.88	11.20	10.69	10.96	2431605	67902336.000
08/26/2011	10.97	11.35	10.95	11.28	4969385	141601584.000
08/29/2011	11.20	11.36	11.12	11.19	1900080	54361560.000
08/30/2011	11.26	11.51	11.14	11.33	2051697	59046348.000
08/31/2011	11.16	11.31	10.79	10.98	1401393	39225648.000
09/01/2011	10.97	11.09	10.80	10.99	489807	13594953.000
09/02/2011	10.86	11.07	10.64	10.95	385896	10635494.000
09/05/2011	10.99	10.99	10.41	10.41	1329677	35930676.000
09/06/2011	10.39	10.51	10.15	10.41	708115	18693472.000
09/07/2011	10.62	10.65	10.41	10.58	456250	12327948.000
09/08/2011	10.59	10.86	10.37	10.49	1540003	41962140.000
09/09/2011	10.49	10.49	9.93	10.03	1977879	51139508.000
09/13/2011	9.91	9.91	9.74	9.77	950013	23906056.000
09/14/2011	9.79	9.97	9.74	9.93	1436257	36232432.000
09/15/2011	9.93	10.04	9.87	9.99	446692	11382276.000
09/16/2011	10.08	10.20	9.85	10.07	452600	11662905.000
09/19/2011	10.01	10.01	9.80	9.87	346997	8792463.000
09/20/2011	9.78	10.16	9.74	10.16	591660	14985965.000
09/21/2011	9.95	10.41	9.95	10.35	588225	15407412.000
09/22/2011	10.16	10.27	9.74	9.96	414693	10570496.000
09/23/2011	9.78	9.94	9.66	9.87	464634	11644007.000
09/26/2011	9.83	9.94	9.66	9.67	324902	8199409.500
09/27/2011	9.62	9.76	9.62	9.74	413999	10300252.000
09/28/2011	9.98	9.98	9.62	9.76	203805	5086589.500
09/29/2011	9.53	9.74	8.99	9.47	713067	17382576.000
09/30/2011	9.53	9.53	9.13	9.20	271290	6452951.000
10/10/2011	9.45	9.45	8.97	9.19	200099	4703985.500
10/11/2011	9.32	9.43	9.05	9.17	97236	2310342.500
10/12/2011	9.08	9.41	8.83	9.30	988297	23328564.000
10/13/2011	9.30	9.52	9.12	9.39	761928	18437310.000
10/14/2011	9.29	9.43	9.12	9.29	205439	4894268.000
10/17/2011	9.44	9.44	9.24	9.28	204973	4910566.000
10/18/2011	9.20	9.28	8.74	8.78	682302	15747496.000
10/19/2011	8.78	8.86	8.33	8.44	602864	13328022.000
10/20/2011	8.28	8.70	8.23	8.38	411462	8917522.000
10/21/2011	8.28	8.41	8.08	8.32	677314	14524226.000
10/24/2011	8.48	8.48	7.82	8.20	1248766	26008772.000
10/25/2011	8.20	8.73	8.08	8.61	826956	18197302.000
10/26/2011	8.49	8.90	8.49	8.74	503687	11432578.000
10/27/2011	8.75	8.99	8.75	8.83	807664	18499166.000
10/28/2011	8.84	9.22	8.84	9.14	502201	11707005.000
10/31/2011	9.08	9.36	9.08	9.33	246509	5863186.000
11/01/2011	9.33	9.36	9.12	9.33	190149	4546855.000
11/02/2011	9.15	9.61	9.01	9.58	875579	20853004.000
11/03/2011	9.53	9.75	9.53	9.67	713203	17762914.000
11/04/2011	9.68	9.81	9.58	9.64	431890	10731766.000
11/07/2011	9.64	9.64	9.39	9.62	483639	11850944.000
11/08/2011	9.50	9.60	9.35	9.38	214700	5246294.500
11/09/2011	9.49	9.62	9.40	9.56	231993	5683321.500
11/10/2011	9.41	9.68	9.41	9.45	335942	8253816.000
11/11/2011	9.44	9.58	9.35	9.36	500204	12199140.000
11/14/2011	9.53	9.92	9.45	9.92	926264	23148868.000
11/15/2011	9.90	10.14	9.83	9.88	353039	9000247.000
11/16/2011	10.00	10.01	9.39	9.45	1242529	30826848.000
11/17/2011	9.62	9.72	9.41	9.65	486825	11954212.000
11/18/2011	9.54	9.85	8.70	9.33	1588410	37828124.000
11/21/2011	9.13	9.35	9.12	9.33	301403	7189855.500
11/22/2011	9.33	9.57	9.15	9.44	613189	14864584.000
11/23/2011	9.41	9.53	9.28	9.41	689853	16663028.000
11/24/2011	9.24	9.49	9.20	9.38	510948	12224839.000
11/25/2011	9.39	9.51	9.22	9.47	348002	8417025.000
11/29/2011	9.53	9.82	9.31	9.81	1094559	27368708.000
11/30/2011	9.79	9.96	9.20	9.59	1003066	24523556.000
12/01/2011	9.86	9.89	9.33	9.62	1342044	33306198.000
12/02/2011	9.73	9.73	9.06	9.32	1690692	40642984.000
12/05/2011	9.33	9.33	9.08	9.22	1067765	25251096.000
12/06/2011	9.12	9.20	9.03	9.11	651663	15322297.000
12/07/2011	9.16	9.18	8.99	9.12	379000	8895974.000
12/08/2011	9.12	9.28	8.92	9.20	401494	9443136.000
12/09/2011	9.07	9.21	9.03	9.20	264700	6207661.000
12/12/2011	9.08	9.20	8.99	9.20	165403	3875059.250
12/13/2011	9.03	9.12	8.84	8.95	415554	9587906.000
12/14/2011	8.95	8.95	8.53	8.63	427392	9621787.000
12/15/2011	8.53	8.62	8.28	8.49	341900	7488414.000
12/16/2011	8.45	8.68	8.38	8.66	248715	5475601.500
12/19/2011	8.62	8.76	8.32	8.74	909954	20204622.000
12/20/2011	8.58	8.90	8.58	8.76	351916	7963156.500
12/21/2011	8.86	8.86	8.59	8.70	171787	3880760.250
12/22/2011	8.86	8.86	8.24	8.69	277673	6165322.500
12/23/2011	8.73	8.74	8.58	8.68	150260	3368233.250
12/26/2011	8.58	8.73	8.54	8.54	282652	6337291.500
12/27/2011	8.54	8.54	8.18	8.27	1372575	29550580.000
12/28/2011	8.27	8.45	7.70	8.03	1185760	24536462.000
12/29/2011	8.03	8.28	7.74	7.78	802933	16589719.000
12/30/2011	7.85	8.14	7.74	7.98	717673	14821544.000
01/04/2012	7.98	7.98	7.70	7.70	312833	6365927.000
01/05/2012	7.66	7.80	6.99	7.42	1231941	23581940.000
01/06/2012	7.28	7.49	7.17	7.43	777168	14951693.000
01/09/2012	7.24	7.87	7.13	7.82	1117778	22578524.000
01/10/2012	7.82	8.07	7.82	8.02	404607	8378731.500
01/11/2012	7.92	8.01	7.83	7.87	683338	14050939.000
01/12/2012	7.74	7.94	7.58	7.72	653760	13129121.000
01/13/2012	7.48	7.66	6.95	7.05	967466	18259204.000
01/16/2012	7.05	7.05	6.66	6.79	283103	5072905.500
01/17/2012	6.78	7.16	6.66	7.05	806570	14794702.000
01/18/2012	7.08	7.08	6.28	6.35	1166110	20519416.000
01/19/2012	6.30	6.52	6.20	6.48	492250	8409870.000
01/20/2012	6.58	6.81	6.38	6.68	366465	6405357.000
01/30/2012	6.65	6.70	6.53	6.61	285162	5000695.500
01/31/2012	6.58	6.62	6.37	6.39	1111500	19063432.000
02/01/2012	6.46	6.62	6.40	6.42	600840	10315528.000
02/02/2012	6.43	6.95	6.43	6.82	1154600	20144126.000
02/03/2012	6.90	6.93	6.72	6.89	932027	16780942.000
02/06/2012	6.90	7.20	6.90	7.18	1580076	29469440.000
02/07/2012	7.15	7.15	6.93	6.99	554277	10197819.000
02/08/2012	6.99	7.20	6.95	7.15	880593	16396845.000
02/09/2012	7.16	7.36	7.11	7.11	745044	14049337.000
02/10/2012	7.08	7.16	6.96	7.03	924419	17129114.000
02/13/2012	6.98	7.58	6.95	7.44	1600695	30644230.000
02/14/2012	7.35	7.74	7.35	7.70	1923799	37879520.000
02/15/2012	7.60	7.87	7.51	7.82	1126739	22500498.000
02/16/2012	7.82	7.98	7.75	7.80	1341286	27483984.000
02/17/2012	7.81	8.28	7.62	7.66	883873	18015420.000
02/20/2012	7.74	7.85	7.33	7.35	2536675	49671552.000
02/21/2012	7.33	7.43	7.12	7.43	2042202	38844872.000
02/22/2012	7.38	7.63	7.32	7.60	2234557	43845072.000
02/23/2012	7.58	7.72	7.34	7.48	3821543	74926504.000
02/24/2012	7.46	7.61	7.37	7.60	3140678	61685448.000
02/27/2012	7.63	7.70	7.53	7.60	3617548	71930184.000
02/28/2012	7.58	7.58	7.12	7.16	4386151	83758664.000
02/29/2012	7.16	7.16	6.98	7.00	2061951	38264208.000
03/01/2012	6.99	7.12	6.95	7.02	1145780	21211612.000
03/02/2012	7.02	7.18	7.01	7.13	1499898	28062104.000
03/05/2012	7.15	7.32	7.15	7.23	2254509	42890560.000
03/06/2012	7.20	7.20	6.96	7.07	1400339	25933610.000
03/07/2012	7.03	7.35	7.03	7.33	3232877	61489812.000
03/08/2012	7.32	7.41	7.30	7.40	1541127	29736940.000
03/09/2012	7.42	7.44	7.32	7.43	1940685	37521156.000
03/12/2012	7.47	7.90	7.45	7.88	4738799	95346400.000
03/13/2012	7.89	7.97	7.79	7.95	1717143	35327824.000
03/14/2012	7.97	8.23	7.75	7.95	3516025	72937920.000
03/15/2012	8.01	8.08	7.71	8.07	2067017	42660896.000
03/16/2012	8.07	8.53	8.01	8.53	2643397	56950260.000
03/19/2012	8.44	8.86	8.38	8.70	2530550	56887056.000
03/20/2012	8.66	8.66	8.33	8.56	1629791	35760576.000
03/21/2012	8.58	8.70	8.15	8.41	1023704	22176668.000
03/22/2012	8.41	8.46	8.24	8.40	788749	17033426.000
03/23/2012	8.33	8.36	8.14	8.36	823671	17642066.000
03/26/2012	8.34	8.58	8.10	8.43	622677	13493789.000
03/27/2012	8.49	8.49	8.28	8.33	600123	13008514.000
03/28/2012	8.28	8.32	7.62	7.82	1027379	21175368.000
03/29/2012	7.58	7.84	7.58	7.68	786170	15795831.000
03/30/2012	7.69	7.83	7.53	7.54	424298	8479128.000
04/05/2012	7.55	7.83	7.55	7.71	608150	12222911.000
04/06/2012	7.71	7.93	7.64	7.88	659032	13452542.000
04/09/2012	7.99	8.16	7.91	8.02	778512	16237134.000
04/10/2012	8.02	8.28	7.84	8.24	931879	19508408.000
04/11/2012	8.16	8.43	8.13	8.26	642645	13845371.000
04/12/2012	8.26	8.45	8.20	8.35	877741	18984430.000
04/13/2012	8.30	8.44	8.25	8.38	748249	16187658.000
04/16/2012	8.38	8.38	8.20	8.30	576254	12352982.000
04/17/2012	8.20	8.28	8.00	8.04	611209	12882604.000
04/19/2012	8.08	8.31	8.03	8.05	916987	19354018.000
04/20/2012	8.05	8.15	7.90	8.10	966088	20094254.000
04/23/2012	8.10	8.15	7.89	8.03	703912	14695419.000
04/24/2012	7.99	8.03	7.76	7.98	816029	16724365.000
04/25/2012	7.98	8.03	7.83	8.01	898312	18567002.000
04/26/2012	8.14	8.14	7.70	7.86	712707	14194715.000
04/27/2012	7.83	7.90	7.67	7.74	576460	11325487.000
05/02/2012	7.80	8.11	7.74	7.98	842095	16915542.000
05/03/2012	8.03	8.25	7.95	8.24	1344702	27544110.000
05/04/2012	8.25	8.37	8.16	8.25	862193	17982110.000
05/07/2012	8.24	8.53	8.18	8.44	1441882	30390520.000
05/08/2012	8.45	8.52	8.28	8.35	734432	15531798.000
05/09/2012	8.33	8.36	8.19	8.30	502169	10468154.000
05/10/2012	8.25	8.48	8.24	8.30	311944	6570236.000
05/11/2012	8.25	8.39	8.24	8.26	385808	8075746.000
05/14/2012	8.33	8.58	8.21	8.39	1087702	23144256.000
05/15/2012	8.32	8.38	8.11	8.33	497978	10359996.000
05/16/2012	8.28	8.30	8.03	8.05	591471	12148142.000
05/17/2012	8.05	8.22	7.93	8.20	494688	10155701.000
05/18/2012	8.11	8.23	8.00	8.03	392818	8020848.500
05/21/2012	7.79	8.18	7.79	8.00	296633	6013586.500
05/22/2012	8.11	8.19	8.00	8.08	466225	9541587.000
05/23/2012	8.10	8.16	7.95	8.07	303175	6186943.500
05/24/2012	8.10	8.15	7.83	7.87	584368	11721533.000
05/25/2012	7.87	7.90	7.57	7.84	669597	13108125.000
05/28/2012	7.61	7.84	7.58	7.80	518676	10189841.000
05/29/2012	7.82	7.91	7.64	7.83	334777	6622616.000
05/30/2012	7.85	8.01	7.74	7.75	459647	9112039.000
05/31/2012	7.78	7.90	7.78	7.81	255977	5079742.500
06/01/2012	7.81	8.04	7.81	8.00	518592	10465440.000
06/04/2012	7.93	8.03	7.75	7.78	737893	14692771.000
06/05/2012	7.78	8.16	7.78	8.16	1777771	36269980.000
06/06/2012	8.18	8.32	8.09	8.16	970417	20004884.000
06/07/2012	8.23	8.33	8.03	8.05	935090	19362808.000
06/08/2012	8.09	8.20	7.87	8.03	571779	11554785.000
06/11/2012	8.03	8.14	7.95	8.10	1068955	21792930.000
06/12/2012	8.10	8.32	8.01	8.23	1391044	28869028.000
06/13/2012	8.24	8.58	8.19	8.53	2123025	45032204.000
06/14/2012	8.58	8.91	8.55	8.70	2952747	64829380.000
06/15/2012	8.58	8.93	8.58	8.74	2202827	48675408.000
06/18/2012	8.80	8.99	8.58	8.71	1321818	29182044.000
06/19/2012	8.71	8.93	8.65	8.74	2062092	45652888.000
06/20/2012	8.74	8.88	8.47	8.53	1510326	32699300.000
06/21/2012	8.54	8.61	8.43	8.45	834153	17854784.000
06/25/2012	8.41	8.74	8.38	8.40	1210805	26150374.000
06/26/2012	8.35	8.43	8.10	8.24	1472134	30516940.000
06/27/2012	8.24	8.49	8.16	8.33	1467236	30772990.000
06/28/2012	8.36	8.61	8.33	8.37	1100809	23547138.000
06/29/2012	8.33	8.90	8.33	8.87	3041589	66304760.000
07/02/2012	9.12	9.24	8.83	9.15	4736549	107444872.000
07/03/2012	9.08	9.47	9.03	9.28	3552074	82717832.000
07/04/2012	9.39	9.39	8.95	9.02	2320792	52945144.000
07/05/2012	8.87	9.14	8.87	9.01	1336010	30286598.000
07/06/2012	9.01	9.36	8.96	9.33	2260291	52273816.000
07/09/2012	9.25	9.64	9.25	9.53	3546845	84702776.000
07/10/2012	9.57	9.57	9.12	9.34	2057178	48326772.000
07/11/2012	9.28	9.63	9.22	9.60	1911104	45359828.000
07/12/2012	9.65	9.98	9.53	9.60	3563824	87184736.000
07/13/2012	9.83	9.83	9.43	9.57	1533375	36960024.000
07/16/2012	9.60	9.82	9.17	9.23	2435216	58062792.000
07/17/2012	9.08	9.30	8.89	9.30	1882009	42781136.000
07/18/2012	9.26	9.47	9.05	9.43	1537416	35861144.000
07/19/2012	9.44	9.55	9.28	9.44	1111221	26373700.000
07/20/2012	9.38	9.78	9.38	9.73	3164236	76999416.000
07/23/2012	9.74	9.90	9.62	9.78	1794553	43980052.000
07/24/2012	9.66	9.86	9.62	9.64	1824113	44646016.000
07/25/2012	9.62	10.20	9.44	10.08	3482259	86660872.000
07/26/2012	10.07	10.29	10.03	10.10	1421536	36105800.000
07/27/2012	9.99	10.19	9.78	9.98	1678485	41542344.000
07/30/2012	9.83	10.11	9.78	9.87	952536	23708034.000
07/31/2012	9.78	10.13	9.53	9.99	1777323	44130528.000
08/01/2012	9.91	9.99	9.78	9.95	1341075	33259950.000
08/02/2012	9.91	10.28	9.90	10.03	3780878	95397928.000
08/03/2012	10.05	10.29	9.92	10.29	1967514	49953728.000
08/06/2012	10.26	10.40	10.20	10.26	2790564	72063280.000
08/07/2012	10.26	10.26	9.95	10.22	3010360	75994664.000
08/08/2012	10.18	10.18	9.88	10.10	1993049	50014584.000
08/09/2012	10.11	10.43	9.95	10.43	2788545	71854928.000
08/10/2012	10.39	10.44	10.20	10.39	1902766	49201564.000
08/13/2012	10.25	10.43	10.00	10.18	2056498	52798380.000
08/14/2012	10.16	10.20	9.91	10.19	1514885	37991820.000
08/15/2012	10.12	10.18	9.97	10.10	954148	24027340.000
08/16/2012	10.08	10.40	10.00	10.01	2556576	65051768.000
08/17/2012	9.94	10.05	9.56	9.83	2181039	53159120.000
08/20/2012	9.74	10.20	9.58	10.18	1073490	26666034.000
08/21/2012	10.07	10.40	10.05	10.35	2691559	69332744.000
08/22/2012	10.33	10.45	10.16	10.17	2104716	54333112.000
08/23/2012	10.21	10.35	9.79	9.95	1811430	45259960.000
08/24/2012	9.85	9.96	9.75	9.78	1529464	37597252.000
08/27/2012	9.66	9.85	9.64	9.78	389531	9485900.000
08/28/2012	9.74	9.97	9.74	9.85	407582	10040952.000
08/29/2012	9.75	9.96	9.45	9.74	1362349	33187962.000
08/30/2012	9.74	9.74	9.16	9.49	2897330	68374040.000
08/31/2012	9.40	9.57	9.29	9.45	866039	20474110.000
09/03/2012	9.35	9.73	9.25	9.66	924570	22237322.000
09/04/2012	9.69	9.79	9.63	9.66	1193954	29022504.000
09/05/2012	9.58	9.85	9.58	9.82	505895	12372270.000
09/06/2012	9.75	9.92	9.71	9.76	696479	17103184.000
09/07/2012	9.80	10.01	9.80	9.98	2130955	52781860.000
09/10/2012	9.95	9.95	9.66	9.86	1773148	43473380.000
09/11/2012	9.81	9.86	9.71	9.84	1123977	27597172.000
09/12/2012	9.85	9.94	9.75	9.78	932463	22903092.000
09/13/2012	9.78	9.86	9.70	9.72	493860	12114834.000
09/14/2012	9.87	9.87	9.68	9.74	632201	15490220.000
09/17/2012	9.87	10.08	9.70	9.75	1209370	29939498.000
09/18/2012	9.74	9.85	9.55	9.58	739623	17983458.000
09/19/2012	9.67	9.67	9.41	9.55	871944	20763404.000
09/20/2012	9.48	9.48	9.19	9.35	937785	21928014.000
09/21/2012	9.31	9.36	8.95	9.15	1605700	36654724.000
09/24/2012	8.95	9.24	8.95	9.17	915418	21030890.000
09/25/2012	9.12	9.25	8.90	9.22	924757	21202890.000
09/26/2012	9.20	9.24	8.80	9.15	892019	20285458.000
09/27/2012	9.21	9.26	9.03	9.22	618639	14258714.000
09/28/2012	9.21	9.51	9.15	9.37	725145	16981346.000
10/08/2012	9.39	9.39	9.18	9.33	301578	7026544.000
10/09/2012	9.31	9.62	9.31	9.57	840067	20126688.000
10/10/2012	9.48	9.66	9.43	9.65	804087	19349090.000
10/11/2012	9.65	9.95	9.61	9.94	2365291	58300816.000
10/12/2012	9.89	9.99	9.83	9.84	1971497	48952868.000
10/15/2012	9.98	10.13	9.83	10.12	2065123	51803456.000
10/16/2012	10.02	10.22	9.95	9.98	1407396	35689976.000
10/17/2012	9.86	10.03	9.83	9.90	756451	18723314.000
10/18/2012	9.94	10.14	9.91	9.99	1182564	29672724.000
10/19/2012	10.19	10.19	9.59	9.70	1654549	40565964.000
10/22/2012	9.73	9.86	9.62	9.78	463960	11340757.000
10/23/2012	9.78	9.78	9.49	9.53	931929	22333798.000
10/24/2012	9.45	9.58	9.33	9.49	261850	6228396.000
10/25/2012	9.37	9.51	9.24	9.48	1015030	23861544.000
10/26/2012	9.45	9.49	9.20	9.49	1530471	35982168.000
10/29/2012	9.36	9.60	9.33	9.59	925904	22109340.000
10/30/2012	9.59	9.80	9.59	9.68	949482	23122960.000
10/31/2012	9.70	9.78	9.59	9.72	497624	12106067.000
11/01/2012	9.64	9.97	9.64	9.88	1511455	37438716.000
11/02/2012	9.83	9.93	9.78	9.89	473950	11676141.000
11/05/2012	9.82	10.01	9.75	9.88	1280960	31729576.000
11/06/2012	9.84	9.95	9.50	9.93	1787214	43452028.000
11/07/2012	9.83	10.03	9.75	9.88	1132614	28113142.000
11/08/2012	9.83	9.92	9.73	9.81	791380	19538364.000
11/09/2012	9.81	10.00	9.75	9.78	849296	21011594.000
11/12/2012	9.80	9.86	9.35	9.52	950368	22837276.000
11/13/2012	9.48	9.56	9.37	9.53	555724	13164386.000
11/14/2012	9.52	9.60	9.44	9.50	640455	15335930.000
11/15/2012	9.41	9.55	9.40	9.49	269411	6396564.000
11/16/2012	9.39	9.48	9.20	9.20	274536	6410433.500
11/19/2012	9.24	9.24	9.13	9.22	411850	9501438.000
11/20/2012	9.22	9.30	9.03	9.03	364900	8366091.000
11/21/2012	9.03	9.15	8.87	9.01	571422	12898591.000
11/22/2012	8.96	9.12	8.86	8.90	582801	13187867.000
11/23/2012	8.90	8.99	8.79	8.89	429194	9611918.000
11/26/2012	8.84	8.91	8.70	8.87	1276166	28140084.000
11/27/2012	8.77	8.88	8.58	8.74	1504216	33044542.000
11/28/2012	8.66	8.77	8.58	8.67	588332	12888250.000
11/29/2012	8.58	8.73	8.47	8.60	402049	8752214.000
11/30/2012	8.60	8.70	8.50	8.63	187617	4073282.500
12/03/2012	8.65	8.69	8.29	8.47	282888	6026355.500
12/04/2012	8.33	8.46	8.28	8.44	374566	7897806.000
12/05/2012	8.44	8.83	8.40	8.67	752111	16391285.000
12/06/2012	8.65	8.71	8.52	8.63	216730	4700868.500
12/07/2012	8.63	8.95	8.55	8.82	616913	13650349.000
12/10/2012	8.90	8.95	8.65	8.77	778209	17155270.000
12/11/2012	8.70	8.73	8.33	8.52	1995596	42783416.000
12/12/2012	8.46	8.56	8.38	8.52	1461048	31163938.000
12/13/2012	8.47	8.51	8.30	8.33	941081	19921708.000
12/14/2012	8.28	8.53	8.28	8.49	2411043	51384780.000
12/17/2012	8.49	8.60	8.33	8.43	1739756	36968200.000
12/18/2012	8.42	8.49	8.37	8.44	1113950	23653622.000
12/19/2012	8.44	8.44	8.28	8.36	1423916	30001442.000
12/20/2012	8.29	8.59	8.28	8.58	1356181	28995818.000
12/21/2012	8.53	8.80	8.45	8.74	2070414	45289580.000
12/24/2012	8.73	8.83	8.64	8.81	2476694	54319636.000
12/25/2012	8.81	9.01	8.78	8.98	3558863	79762680.000
12/26/2012	8.95	9.03	8.83	9.01	2119636	47391328.000
12/27/2012	9.00	9.16	8.95	9.01	1928249	43744444.000
12/28/2012	9.03	9.08	8.80	9.08	3234836	72534376.000
12/31/2012	9.08	9.28	8.92	9.28	2576806	59269148.000
01/04/2013	9.23	9.33	8.86	8.88	2489450	56103812.000
01/07/2013	8.86	9.13	8.83	9.05	1817138	41297260.000
01/08/2013	9.11	9.49	9.11	9.29	3408132	80221688.000
01/09/2013	9.29	9.53	9.26	9.43	1963904	46487188.000
01/10/2013	9.62	10.12	9.62	10.00	4068922	101499920.000
01/11/2013	9.95	10.07	9.86	9.88	1662114	41409336.000
01/14/2013	9.96	10.22	9.96	10.22	3600559	91373976.000
01/15/2013	10.22	10.23	10.08	10.16	1716624	43691624.000
01/16/2013	10.16	10.26	9.95	10.13	1807820	45640508.000
01/17/2013	10.10	10.45	10.03	10.29	2932520	75659064.000
01/18/2013	10.30	10.78	10.20	10.78	5274395	139869840.000
01/21/2013	10.79	10.83	10.66	10.72	1626952	43533120.000
01/22/2013	10.71	10.83	10.24	10.45	2062607	54501708.000
01/23/2013	10.41	10.65	10.33	10.60	2331276	61051496.000
01/24/2013	10.60	10.67	9.91	10.08	3722284	94983344.000
01/25/2013	9.95	10.26	9.95	10.12	1522502	38469924.000
01/28/2013	10.05	10.53	10.00	10.39	3179122	82561680.000
01/29/2013	10.41	10.99	10.41	10.99	4549742	122171048.000
01/30/2013	10.99	11.03	10.79	10.93	2213461	60291876.000
01/31/2013	10.95	10.98	10.61	10.75	1754803	46976672.000
02/01/2013	10.72	10.90	10.58	10.72	1345325	36024396.000
02/04/2013	10.72	10.80	10.12	10.26	2142283	55430480.000
02/05/2013	10.33	10.33	9.95	10.23	2880107	73116624.000
02/06/2013	10.21	10.78	10.16	10.55	2480013	64406184.000
02/07/2013	10.49	10.78	10.39	10.69	1105977	29204828.000
02/08/2013	10.74	10.99	10.62	10.99	1997944	53976984.000
02/18/2013	10.99	11.07	10.77	10.83	1185338	32299022.000
02/19/2013	10.72	10.75	10.36	10.60	2745812	71714208.000
02/20/2013	10.54	11.22	10.45	11.20	3839959	105071864.000
02/21/2013	11.14	11.44	10.70	11.07	3456903	95142664.000
02/22/2013	11.03	11.11	10.78	10.86	2060905	55900264.000
02/25/2013	10.85	10.90	10.61	10.70	3526259	94253088.000
02/26/2013	10.69	11.09	10.63	10.95	2078210	56777236.000
02/27/2013	10.98	11.29	10.84	11.19	2362379	65282444.000
02/28/2013	11.65	12.08	11.49	11.91	6903242	201663440.000
03/01/2013	11.87	12.16	11.75	12.11	3821588	114087352.000
03/04/2013	11.99	12.72	11.97	12.33	5638564	173503312.000
03/05/2013	12.25	12.89	12.14	12.78	4406227	138276256.000
03/06/2013	12.87	13.02	12.67	12.91	4019876	127884136.000
03/07/2013	12.70	12.85	12.16	12.25	5322928	164166064.000
03/08/2013	12.35	12.43	11.87	11.92	3464882	104000912.000
03/11/2013	11.87	12.29	11.78	12.11	2233031	67174248.000
03/12/2013	12.12	12.16	11.54	11.70	2824201	82588376.000
03/13/2013	11.70	12.10	11.61	12.02	2890858	85039704.000
03/14/2013	11.98	12.43	11.91	12.29	2647516	80648832.000
03/15/2013	12.20	12.90	12.20	12.54	3222435	100923896.000
03/18/2013	12.53	12.74	12.28	12.42	2179444	67408512.000
03/19/2013	12.35	12.61	12.03	12.47	1865776	56880596.000
03/20/2013	12.41	12.72	12.20	12.60	2341564	72601536.000
03/21/2013	12.58	12.73	12.38	12.48	3113493	96607152.000
03/22/2013	12.41	12.47	12.12	12.28	3523778	107255144.000
03/25/2013	12.28	12.57	12.21	12.30	3162496	96935448.000
03/26/2013	12.37	12.42	11.98	12.20	2754901	83236136.000
03/27/2013	12.22	13.07	12.20	12.99	6138207	193908736.000
03/28/2013	12.85	12.96	12.58	12.77	3170556	100678624.000
03/29/2013	12.81	13.07	12.66	12.80	2405788	76633248.000
04/01/2013	13.11	13.12	12.33	12.74	3425847	107623392.000
04/02/2013	12.68	13.09	11.60	11.66	11570917	172835328.000
04/03/2013	11.83	12.12	11.64	11.83	5172027	74950680.000
04/08/2013	11.95	12.43	11.62	12.28	8758969	129947568.000
04/09/2013	12.28	12.53	11.90	11.99	4598587	67747840.000
04/10/2013	11.95	11.95	11.33	11.45	6597994	93151464.000
04/11/2013	11.41	11.73	11.39	11.45	4246523	60003472.000
04/12/2013	11.46	11.60	11.23	11.50	2864017	39994392.000
04/15/2013	11.46	11.58	11.30	11.42	2155808	30149502.000
04/16/2013	11.28	11.47	11.23	11.41	2367959	32863484.000
04/17/2013	11.46	11.88	11.41	11.87	5111626	72790168.000
04/18/2013	11.73	12.00	11.63	11.78	3285556	47300948.000
04/19/2013	11.78	12.18	11.75	12.08	4822939	70704640.000
04/22/2013	12.08	12.33	11.95	12.07	4742407	70089328.000
04/23/2013	12.10	12.10	11.33	11.43	6953707	98196640.000
04/24/2013	11.45	11.87	11.37	11.70	4269731	60769904.000
04/25/2013	11.71	12.28	11.63	11.88	6816081	99485944.000
04/26/2013	11.87	11.92	11.45	11.48	4127619	58363228.000
05/02/2013	11.47	11.60	11.28	11.52	2613188	36618852.000
05/03/2013	11.52	11.99	11.52	11.78	4480075	64892756.000
05/06/2013	11.79	12.66	11.79	12.61	9065961	135780688.000
05/07/2013	12.52	12.68	12.33	12.57	5158433	78603016.000
05/08/2013	12.63	12.69	12.38	12.48	4016807	61261168.000
05/09/2013	12.49	12.53	12.01	12.26	5899170	88015880.000
05/10/2013	12.18	12.37	12.06	12.26	3319720	49468248.000
05/13/2013	12.34	12.34	11.87	12.08	4324409	63494484.000
05/14/2013	11.95	12.20	11.86	12.13	3449235	50627372.000
05/15/2013	12.15	12.33	12.02	12.32	3574142	53157816.000
05/16/2013	12.32	12.58	12.02	12.08	7130450	107400000.000
05/17/2013	12.01	12.02	11.46	11.78	10416233	149369648.000
05/20/2013	11.79	11.88	11.20	11.37	14366526	199916464.000
05/21/2013	11.35	11.64	11.29	11.63	7075179	99409056.000
05/22/2013	11.67	11.73	11.43	11.60	6925989	98270056.000
05/23/2013	11.61	11.68	11.43	11.48	4982011	70357632.000
05/24/2013	11.50	11.63	11.41	11.54	4926247	69330512.000
05/27/2013	11.53	12.05	11.49	12.04	9534677	137799600.000
05/28/2013	12.12	12.18	11.73	11.95	5711781	82872120.000
05/29/2013	11.88	12.01	11.77	11.87	3565970	51843208.000
05/30/2013	11.80	12.03	11.76	11.97	5994959	87401472.000
05/31/2013	11.95	12.48	11.94	12.24	11373641	170426880.000
06/03/2013	12.28	12.47	11.78	11.88	7562289	112204128.000
06/04/2013	11.83	11.83	11.43	11.50	5826412	82139032.000
06/05/2013	11.50	11.67	11.43	11.58	3528953	49681364.000
06/06/2013	11.53	11.63	11.38	11.44	3163505	44452140.000
06/07/2013	11.43	11.69	11.01	11.11	5615587	77388408.000
06/13/2013	11.03	11.03	10.53	10.71	5714183	74532152.000
06/14/2013	10.71	11.34	10.70	11.28	6173426	83593792.000
06/17/2013	11.22	11.53	11.06	11.32	5209296	72373400.000
06/18/2013	11.31	11.48	11.07	11.36	3436317	47204372.000
06/19/2013	11.26	11.39	11.08	11.36	2694847	36927132.000
06/20/2013	11.27	11.54	11.01	11.06	3687601	51192852.000
06/21/2013	10.85	11.28	10.68	11.20	3670989	49688884.000
06/24/2013	11.11	11.16	10.37	10.45	4854724	63246768.000
06/25/2013	10.40	10.68	9.60	10.43	5057707	63844888.000
06/26/2013	10.48	10.86	10.37	10.75	3980176	51730584.000
06/27/2013	10.77	11.08	10.36	10.36	4816768	63046180.000
06/28/2013	10.34	10.53	10.12	10.33	2901021	36818820.000
07/01/2013	10.23	10.70	10.23	10.66	2972594	38530420.000
07/02/2013	10.68	11.10	10.58	11.05	7037068	94001280.000
07/03/2013	11.06	11.14	10.78	11.08	3809599	51165752.000
07/04/2013	10.83	11.02	10.71	10.73	4415471	58625080.000
07/05/2013	10.85	11.51	10.85	11.29	11682255	161150992.000
07/08/2013	11.24	11.58	10.99	11.10	8812582	121585120.000
07/09/2013	11.37	11.70	11.08	11.62	8904803	123973872.000
07/10/2013	11.71	12.08	11.52	11.87	11239318	163034816.000
07/11/2013	11.89	12.03	11.74	11.93	8780600	127533224.000
07/12/2013	11.93	12.45	11.80	12.08	10574343	158228048.000
07/15/2013	12.08	12.45	12.08	12.43	6610248	99267296.000
07/16/2013	12.43	12.43	12.14	12.27	5201452	77950992.000
07/17/2013	12.28	12.33	11.66	11.66	7927494	115471112.000
07/18/2013	11.63	11.83	11.52	11.66	4135570	59040920.000
07/19/2013	11.69	12.06	11.68	11.73	7417969	107833208.000
07/22/2013	11.63	12.38	11.54	12.38	8787368	130385776.000
07/23/2013	12.36	12.62	12.23	12.53	10215356	155028464.000
07/24/2013	12.46	13.17	12.38	13.14	16076663	251435872.000
07/25/2013	13.17	13.34	12.58	12.71	11383360	179370384.000
07/26/2013	12.73	12.98	12.32	12.62	7166042	110037776.000
07/29/2013	12.70	13.20	12.62	12.94	10879758	171966608.000
07/30/2013	12.89	13.09	12.54	12.72	6577239	102543832.000
07/31/2013	12.87	12.99	12.64	12.78	4756402	74346272.000
08/01/2013	12.74	13.12	12.70	13.03	10086807	160014000.000
08/02/2013	13.08	13.17	12.84	13.03	8520488	134888768.000
08/05/2013	13.01	13.39	12.78	13.39	10662731	170135408.000
08/06/2013	13.37	13.53	13.24	13.41	7071842	115480232.000
08/07/2013	13.40	13.40	12.74	12.90	9327205	147162656.000
08/08/2013	12.87	13.08	12.61	13.03	7003690	110387952.000
08/09/2013	13.03	13.09	12.73	12.86	5692665	89323576.000
08/12/2013	12.86	12.99	12.62	12.68	9100575	141658896.000
08/13/2013	12.69	12.82	12.61	12.75	5258455	81602648.000
08/14/2013	12.87	13.08	12.73	12.98	8242721	130644112.000
08/15/2013	12.98	12.98	12.38	12.42	7165059	110593648.000
08/16/2013	12.41	12.51	11.95	11.97	6436854	95870584.000
08/19/2013	11.89	12.25	11.74	12.24	3633455	53764664.000
08/20/2013	12.20	12.30	11.70	11.74	7494514	108941616.000
08/21/2013	11.74	11.88	11.70	11.87	4460863	64321276.000
08/22/2013	11.91	12.02	11.80	11.98	3822579	55612076.000
08/23/2013	12.00	12.19	11.79	11.98	4553548	66939388.000
08/26/2013	12.01	12.30	12.01	12.26	4782466	71097656.000
08/27/2013	12.28	12.28	12.04	12.13	4266360	63185000.000
08/28/2013	12.08	12.13	11.93	11.94	5401384	79250192.000
08/29/2013	11.92	12.15	11.86	12.09	2730527	40188332.000
08/30/2013	12.11	12.11	11.55	11.58	5205836	75060816.000
09/02/2013	11.44	11.74	11.30	11.60	4104039	57762744.000
09/03/2013	11.63	11.74	11.52	11.69	3289241	46763580.000
09/04/2013	11.63	11.81	11.45	11.53	3733003	52887364.000
09/05/2013	11.57	11.76	11.45	11.70	2831532	40273136.000
09/06/2013	11.70	12.02	11.55	11.94	4111557	59572336.000
09/09/2013	12.01	12.12	11.58	11.78	4470241	64119676.000
09/10/2013	11.77	11.77	11.41	11.62	4699757	66365992.000
09/11/2013	11.58	11.62	11.13	11.31	5711387	79051440.000
09/12/2013	11.20	11.43	11.18	11.38	3630349	50127288.000
09/13/2013	11.37	11.58	11.26	11.44	2912873	40585812.000
09/16/2013	11.47	11.97	11.40	11.80	6778521	97408216.000
09/17/2013	11.84	11.92	11.58	11.66	3229903	46195540.000
09/18/2013	11.74	11.92	11.60	11.86	3550744	51139140.000
09/23/2013	11.90	12.13	11.89	12.08	8083498	118758600.000
09/24/2013	12.08	12.37	12.03	12.24	9619661	143569552.000
09/25/2013	12.24	12.24	11.96	12.10	5599451	82774056.000
09/26/2013	12.18	12.33	11.94	11.99	4589599	68169480.000
09/27/2013	12.02	12.57	12.02	12.55	8871242	133851536.000
09/30/2013	12.56	12.71	12.41	12.62	6701552	103100456.000
10/08/2013	12.64	12.85	12.41	12.48	8520806	130971376.000
10/09/2013	12.72	12.99	12.54	12.93	12087261	188328704.000
10/10/2013	12.93	12.94	12.53	12.64	6724389	104603776.000
10/11/2013	12.69	12.92	12.56	12.70	5824407	90335296.000
10/14/2013	12.73	12.83	12.53	12.56	7275870	112296856.000
10/15/2013	12.62	12.88	12.56	12.64	7075063	109707312.000
10/16/2013	12.68	12.73	12.08	12.14	6162966	92518288.000
10/17/2013	12.21	12.42	12.10	12.13	5019948	75108456.000
10/18/2013	12.13	12.53	12.10	12.53	4412892	66451732.000
10/21/2013	12.58	12.83	12.45	12.74	9185652	142028656.000
10/22/2013	12.78	12.78	12.23	12.33	11824213	179255392.000
10/23/2013	12.37	12.38	11.96	12.19	6110242	90680544.000
10/24/2013	12.13	12.35	12.12	12.18	3775449	56409548.000
10/25/2013	12.23	12.28	11.72	11.77	4504379	65571508.000
10/28/2013	11.94	11.95	11.45	11.46	4808875	68634024.000
10/29/2013	11.48	11.78	11.16	11.62	5387025	75575928.000
10/30/2013	11.63	11.78	11.47	11.65	3375736	47906384.000
10/31/2013	11.60	11.62	11.31	11.39	2816773	39376148.000
11/01/2013	11.44	11.78	11.44	11.61	3780182	53697156.000
11/04/2013	11.70	11.70	11.43	11.53	3212028	45400864.000
11/05/2013	11.51	11.51	11.16	11.37	6510999	89977008.000
11/06/2013	11.37	11.50	11.24	11.33	4149140	57587300.000
11/07/2013	11.27	11.45	11.20	11.32	3403208	47056724.000
11/08/2013	11.35	11.36	11.12	11.16	2863820	39176364.000
11/11/2013	11.14	11.53	11.04	11.37	5301635	73707864.000
11/12/2013	11.45	11.68	11.37	11.58	4062625	57458948.000
11/13/2013	11.47	11.49	11.28	11.29	3104377	43168936.000
11/14/2013	11.23	11.58	11.13	11.48	3553592	49527280.000
11/15/2013	11.50	11.78	11.46	11.67	4443989	63343132.000
11/18/2013	11.62	11.75	11.48	11.62	7269658	103142304.000
11/19/2013	11.65	11.83	11.58	11.83	5875644	83848776.000
11/20/2013	11.77	12.08	11.72	12.02	5236484	75912592.000
11/21/2013	11.94	12.12	11.78	11.99	4877884	71312680.000
11/22/2013	11.95	12.07	11.72	11.76	3011610	43572264.000
11/25/2013	11.76	11.78	11.59	11.65	2518650	35941516.000
11/26/2013	11.62	11.81	11.60	11.70	2901643	41510228.000
11/27/2013	11.70	11.93	11.53	11.80	4925140	70632496.000
11/28/2013	11.80	11.90	11.68	11.69	6903022	99323536.000
11/29/2013	11.73	12.16	11.68	12.10	9112430	132588080.000
12/02/2013	11.79	11.91	11.27	11.33	8580483	121663488.000
12/03/2013	11.34	11.55	11.03	11.48	12495294	171490608.000
12/04/2013	11.33	11.70	11.29	11.48	7564214	107132296.000
12/05/2013	11.45	11.51	11.31	11.39	4410807	61464628.000
12/06/2013	11.27	11.56	11.27	11.42	3382979	47340136.000
12/09/2013	11.39	11.56	11.35	11.38	6357946	88820304.000
12/10/2013	11.40	11.43	11.12	11.12	7084858	97323488.000
12/11/2013	11.11	11.24	10.96	11.12	7410402	100431216.000
12/12/2013	11.07	11.38	11.03	11.23	3522271	48336880.000
12/13/2013	11.23	11.43	11.17	11.32	3352019	46475624.000
12/16/2013	11.33	11.39	11.12	11.32	2836211	39056260.000
12/17/2013	11.32	11.63	11.28	11.56	6222629	87756192.000
12/18/2013	11.56	12.06	11.49	11.92	12317789	178111312.000
12/19/2013	11.87	12.07	11.74	11.92	8215117	119298104.000
12/20/2013	11.93	12.25	11.73	12.08	11804577	173675776.000
12/23/2013	12.08	12.85	11.96	12.57	17173235	260700192.000
12/24/2013	12.39	12.49	12.03	12.24	10267574	154460784.000
12/25/2013	12.19	12.43	11.88	12.20	9465672	140671840.000
12/26/2013	12.20	12.71	12.05	12.49	13162371	200975600.000
12/27/2013	12.50	12.58	12.23	12.40	10331799	156025552.000
12/30/2013	12.40	12.53	12.22	12.43	6907417	104128184.000
12/31/2013	12.27	12.34	11.94	11.95	8510121	125887488.000
01/02/2014	12.05	12.63	11.96	12.61	12938191	195804720.000
01/03/2014	12.65	12.78	12.43	12.52	9626006	147829232.000
01/06/2014	12.42	12.89	12.42	12.52	12048412	186019296.000
01/07/2014	12.45	12.78	12.11	12.74	10775553	162879424.000
01/08/2014	12.71	13.41	12.68	13.24	20621275	330790080.000
01/09/2014	13.20	13.29	12.85	12.87	12343816	196911136.000
01/10/2014	12.84	12.92	12.30	12.49	9654081	148193664.000
01/13/2014	12.52	13.28	12.49	13.03	12401048	196093184.000
01/14/2014	13.12	13.56	13.03	13.40	16008137	260603120.000
01/15/2014	13.35	13.59	13.19	13.46	11599265	190233408.000
01/16/2014	13.47	14.08	13.30	13.70	14691709	247010272.000
01/17/2014	13.60	14.00	13.28	13.40	11039852	183365056.000
01/20/2014	13.42	13.90	13.10	13.87	10882094	178826448.000
01/21/2014	13.78	14.01	13.57	13.93	8444761	141862848.000
01/22/2014	13.85	13.95	13.53	13.83	9574316	160846352.000
01/23/2014	13.75	14.49	13.71	14.35	14133012	245254592.000
01/24/2014	14.35	14.93	14.21	14.48	12502562	223667984.000
01/27/2014	14.76	15.61	14.63	15.52	16586238	307995584.000
01/28/2014	15.98	16.28	15.03	15.15	16325047	306823776.000
01/29/2014	15.49	16.09	15.08	15.97	14298240	273114784.000
01/30/2014	15.77	16.58	15.10	15.37	14406801	277643872.000
02/07/2014	15.04	15.53	14.80	15.39	14487275	267736896.000
02/10/2014	15.27	16.23	14.99	16.04	20500901	388196832.000
02/11/2014	15.93	16.24	15.20	15.41	18008785	343199424.000
02/12/2014	15.51	15.51	14.93	15.42	12755953	236017136.000
02/13/2014	15.33	15.33	14.60	14.78	13960122	254440400.000
02/14/2014	14.81	15.13	14.78	14.93	9137293	166367408.000
02/17/2014	15.07	15.75	14.93	15.75	17597008	331954880.000
02/18/2014	15.70	16.11	15.45	15.85	11051815	212409792.000
02/19/2014	15.63	15.93	15.37	15.48	7345972	139340448.000
02/20/2014	15.50	15.50	14.73	14.78	13413233	244057792.000
02/21/2014	14.79	15.13	14.75	14.95	5843113	106520400.000
02/24/2014	14.94	15.35	14.48	15.31	9462342	172578736.000
02/25/2014	15.43	15.91	14.27	14.67	15442812	285792960.000
02/26/2014	14.30	14.96	14.30	14.72	9076751	162020112.000
02/27/2014	14.77	15.23	14.49	14.65	9496046	172523456.000
02/28/2014	14.55	14.93	13.94	14.78	13008462	229058912.000
03/03/2014	14.78	15.17	14.62	15.03	6684293	121843752.000
03/04/2014	14.86	15.06	14.45	14.70	5182454	92879720.000
03/05/2014	14.77	14.78	14.00	14.41	4544823	79703896.000
03/06/2014	14.24	14.28	13.68	13.76	12272931	208098384.000
03/07/2014	13.83	14.08	13.71	14.04	11733277	198238176.000
03/10/2014	13.87	14.00	13.67	13.78	4742695	79883632.000
03/11/2014	13.70	14.32	13.70	14.29	9243136	159121200.000
03/12/2014	14.17	14.43	13.87	14.11	4191575	72161400.000
03/13/2014	14.13	14.33	13.94	14.10	4546017	78074312.000
03/14/2014	13.95	14.23	13.86	13.93	3847571	65696008.000
03/17/2014	13.91	14.56	13.78	14.51	9307579	160545504.000
03/18/2014	14.45	14.69	14.28	14.36	7701980	135222896.000
03/19/2014	14.36	14.37	13.85	14.04	7273226	124155672.000
03/20/2014	13.98	14.12	13.44	13.48	10428300	174599536.000
03/21/2014	13.42	13.53	13.01	13.35	9403289	151691232.000
03/24/2014	13.33	13.69	13.18	13.49	4456529	73071152.000
03/25/2014	13.48	13.58	13.05	13.22	4369098	70916912.000
03/26/2014	13.23	13.58	13.23	13.45	4184863	68612480.000
03/27/2014	13.52	13.62	13.35	13.37	4335517	71318928.000
03/28/2014	13.44	13.53	12.91	12.91	5515883	87889352.000
03/31/2014	12.96	13.23	12.95	12.98	2652988	42276072.000
04/01/2014	13.02	13.33	13.02	13.19	3804960	61167792.000
04/02/2014	13.20	13.20	12.82	12.96	3892108	50354064.000
04/03/2014	12.91	13.09	12.84	12.97	2941111	38161796.000
04/04/2014	12.94	13.06	12.83	13.06	2462434	31922338.000
04/08/2014	13.02	13.68	12.91	13.68	7894320	106370816.000
04/09/2014	13.48	13.84	13.33	13.73	15424938	209614288.000
04/10/2014	13.70	13.92	13.40	13.50	9011102	123158648.000
04/11/2014	13.45	13.56	13.28	13.48	5584133	75022208.000
04/14/2014	13.51	14.05	13.51	13.93	9238294	128049296.000
04/15/2014	14.08	14.18	13.89	14.03	9563058	134421264.000
04/16/2014	14.00	14.05	13.80	14.05	2948428	41048136.000
04/17/2014	14.06	14.25	13.85	13.90	4546443	64001204.000
04/18/2014	13.81	13.98	13.77	13.83	3542556	49128864.000
04/21/2014	13.75	13.76	13.48	13.51	5079526	69005456.000
04/22/2014	13.48	13.57	13.06	13.25	5101536	67810256.000
04/23/2014	13.29	13.35	13.19	13.27	2243949	29745364.000
04/24/2014	13.30	13.30	12.86	13.06	3929474	51293860.000
04/25/2014	13.06	13.21	12.94	12.97	2561281	33502502.000
04/28/2014	12.88	12.99	12.51	12.59	3719089	47204272.000
04/29/2014	12.61	12.83	12.50	12.69	3071867	38824452.000
04/30/2014	12.66	12.79	12.55	12.77	2942968	37444876.000
05/05/2014	12.77	13.15	12.69	12.96	4041734	52131428.000
05/06/2014	12.92	13.34	12.90	13.16	5509268	72687480.000
05/07/2014	13.16	13.16	12.86	12.93	2854405	36960512.000
05/08/2014	12.80	13.05	12.80	12.90	2386732	30923574.000
05/09/2014	12.90	12.93	12.56	12.66	2363440	30008264.000
05/12/2014	12.71	13.00	12.61	12.79	4305842	55193144.000
05/13/2014	12.85	12.97	12.72	12.72	2173596	27887954.000
05/14/2014	12.78	12.83	12.62	12.71	2732465	34775888.000
05/15/2014	12.71	12.93	12.65	12.66	2291467	29256402.000
05/16/2014	12.65	12.75	12.06	12.26	6348081	78147120.000
05/19/2014	12.26	12.28	11.82	11.95	6152127	73823528.000
05/20/2014	12.05	12.25	11.98	12.03	2966767	35929668.000
05/21/2014	12.00	12.12	11.90	12.11	2476132	29753716.000
05/22/2014	12.13	12.37	12.06	12.08	3957353	48323988.000
05/23/2014	12.09	12.34	11.98	12.25	3008429	36528404.000
05/26/2014	12.32	12.81	12.32	12.80	7825398	98792824.000
05/27/2014	12.77	12.80	12.65	12.73	3514170	44675564.000
05/28/2014	12.68	12.98	12.66	12.90	3118063	39951852.000
05/29/2014	12.94	13.03	11.63	12.50	4582402	58107844.000
05/30/2014	12.46	12.55	12.25	12.28	3545293	43967872.000
06/03/2014	12.32	12.52	12.25	12.29	2442009	30312348.000
06/04/2014	12.36	12.36	12.09	12.30	2422972	29582302.000
06/05/2014	12.27	12.84	12.18	12.62	4256334	53307280.000
06/06/2014	12.63	12.78	12.61	12.64	3021415	38334580.000
06/09/2014	12.65	12.85	12.59	12.76	3611039	45950088.000
06/10/2014	12.73	12.95	12.73	12.78	5201816	66720612.000
06/11/2014	12.77	12.86	12.51	12.58	5962041	75452288.000
06/12/2014	12.53	12.59	12.26	12.33	5932675	73421856.000
06/13/2014	12.30	12.57	12.23	12.51	4130413	51381700.000
06/16/2014	12.49	12.78	12.43	12.75	4079289	51520424.000
06/17/2014	12.76	12.76	12.47	12.53	2985186	37573872.000
06/18/2014	12.54	12.60	12.34	12.37	2529810	31494304.000
06/19/2014	12.36	12.47	11.97	12.05	4608106	56043820.000
06/20/2014	12.02	12.15	11.98	12.06	3158710	38095428.000
06/23/2014	12.07	12.25	12.01	12.11	4711732	57027900.000
06/24/2014	12.11	12.18	12.02	12.11	4476022	54059456.000
06/25/2014	12.13	12.14	11.98	12.03	3498046	42064364.000
06/26/2014	12.09	12.35	12.04	12.32	4268778	52279188.000
06/27/2014	12.32	12.35	12.18	12.21	6121584	74988744.000
06/30/2014	12.20	12.58	12.06	12.54	9503544	116620360.000
07/01/2014	12.51	12.54	12.29	12.54	6399361	79509640.000
07/02/2014	12.54	12.80	12.44	12.80	11507855	145423952.000
07/03/2014	12.85	13.25	12.73	13.15	14171967	184820464.000
07/04/2014	13.08	13.36	13.05	13.12	7257068	95537120.000
07/07/2014	13.09	13.19	12.88	13.10	5634229	73450680.000
07/08/2014	13.12	13.25	12.96	13.19	6221521	81784016.000
07/09/2014	13.21	13.29	12.81	12.88	9536508	123896472.000
07/10/2014	12.92	13.02	12.78	12.82	5321672	68595000.000
07/11/2014	12.80	13.31	12.78	13.30	8773150	115401016.000
07/14/2014	13.30	13.57	13.20	13.51	8281256	111319288.000
07/15/2014	13.50	13.53	12.95	13.20	11677211	154115328.000
07/16/2014	13.15	13.42	13.03	13.14	7257080	96109632.000
07/17/2014	13.10	13.28	13.06	13.23	4572497	60310512.000
07/18/2014	13.16	13.35	13.08	13.27	6306587	83468440.000
07/21/2014	13.30	13.37	13.14	13.26	5600279	74257392.000
07/22/2014	13.34	13.85	13.34	13.73	12719085	174185808.000
07/23/2014	13.70	13.89	13.41	13.59	7957599	108391040.000
07/24/2014	13.59	14.15	13.34	14.11	14802503	204880752.000
07/25/2014	14.03	14.30	13.90	14.09	7807688	110370656.000
07/28/2014	14.20	14.45	14.05	14.19	9918939	140823648.000
07/29/2014	14.15	14.16	13.87	13.95	11219879	157124304.000
07/30/2014	13.90	14.15	13.90	13.99	6930608	97127400.000
07/31/2014	13.96	14.03	13.87	14.02	7104928	99176216.000
08/01/2014	13.95	14.47	13.90	14.15	12986731	184386384.000
08/04/2014	14.15	14.27	13.97	14.09	9094248	128117632.000
08/05/2014	14.05	14.16	13.79	14.01	8054247	112546736.000
08/06/2014	13.95	14.38	13.93	14.25	11348266	161679056.000
08/07/2014	14.20	14.41	14.15	14.20	7890633	112640456.000
08/08/2014	14.15	14.33	13.98	14.14	5894200	83047584.000
08/11/2014	14.17	14.35	14.06	14.28	8008311	113840048.000
08/12/2014	14.30	14.56	14.20	14.55	10478301	150975728.000
08/13/2014	14.46	14.68	13.99	14.13	17134466	244254400.000
08/14/2014	14.06	14.22	13.71	13.79	14014085	195453760.000
08/15/2014	13.79	13.92	13.78	13.85	5298832	73447352.000
08/18/2014	13.86	14.09	13.86	14.05	9152773	128375160.000
08/19/2014	14.13	14.33	14.06	14.18	10462597	148395536.000
08/20/2014	14.19	14.19	13.75	13.88	14816191	205726512.000
08/21/2014	13.85	13.87	13.30	13.50	18350981	248307680.000
08/22/2014	13.50	13.60	13.44	13.50	11916143	161159024.000
08/25/2014	13.52	13.56	13.20	13.28	14568122	194002480.000
08/26/2014	13.29	13.43	13.21	13.39	10076083	134276704.000
08/27/2014	13.37	13.45	13.33	13.43	6743388	90365240.000
08/28/2014	13.47	13.53	13.22	13.26	8734431	116586760.000
08/29/2014	13.29	13.41	13.25	13.40	5967779	79683600.000
09/01/2014	13.41	13.75	13.40	13.64	10123154	137778160.000
09/02/2014	13.70	13.80	13.63	13.74	11464538	157141472.000
09/03/2014	13.76	13.80	13.60	13.70	12937157	176904608.000
09/04/2014	13.69	13.87	13.61	13.84	11315976	155572800.000
09/05/2014	13.86	13.96	13.76	13.82	9542640	131990528.000
09/09/2014	13.79	14.07	13.71	14.04	12963193	180821392.000
09/10/2014	14.06	14.16	13.94	14.01	10291742	144587968.000
09/11/2014	14.03	14.18	13.81	13.91	11862568	166266992.000
09/12/2014	13.88	14.08	13.82	14.03	10517327	146919040.000
09/15/2014	14.06	14.88	14.00	14.80	35206579	510347264.000
09/16/2014	14.78	15.30	14.40	14.45	35392453	525456064.000
09/17/2014	14.51	15.09	14.45	15.07	27037510	401411104.000
09/18/2014	15.08	15.54	14.91	15.06	27771714	424687584.000
09/19/2014	15.00	15.28	14.78	14.96	17040402	255643424.000
09/22/2014	14.91	15.37	14.68	15.22	20882414	315659232.000
09/23/2014	15.28	15.49	15.13	15.40	15081189	231237712.000
09/24/2014	15.40	15.48	15.05	15.13	18486319	280933760.000
09/25/2014	15.14	15.19	14.84	14.92	17086236	256258336.000
09/26/2014	14.94	15.22	14.88	15.00	9967665	149848432.000
09/29/2014	15.06	15.30	15.04	15.07	11408989	172785088.000
09/30/2014	15.11	15.19	14.76	14.94	14176262	212167328.000
10/08/2014	14.99	15.68	14.98	15.64	20354077	312344896.000
10/09/2014	15.65	16.10	15.39	15.99	27753494	436838272.000
10/10/2014	16.02	16.39	15.74	15.85	27505200	441416352.000
10/13/2014	15.75	16.36	15.75	16.30	18776600	301690432.000
10/14/2014	16.40	16.55	16.03	16.30	20245930	330899616.000
10/15/2014	16.22	16.79	16.00	16.47	21626617	356085632.000
10/16/2014	16.36	16.90	16.01	16.06	22081084	364167040.000
10/17/2014	16.01	16.01	15.35	15.70	17218597	269324864.000
10/20/2014	15.75	16.16	15.75	16.06	11373587	181380896.000
10/21/2014	15.90	15.91	15.47	15.51	15715047	246237568.000
10/22/2014	15.60	15.66	15.10	15.13	11203381	172042944.000
10/23/2014	15.01	15.16	14.71	15.05	11653043	174313824.000
10/24/2014	15.04	15.16	14.82	14.96	6670997	100054960.000
10/27/2014	14.85	15.14	14.78	15.07	5319404	79817128.000
10/28/2014	15.10	15.45	15.06	15.45	10102844	154359648.000
10/29/2014	15.45	15.54	15.25	15.30	12698667	195389856.000
10/30/2014	15.34	15.53	15.25	15.31	11210073	172547712.000
10/31/2014	15.33	15.39	14.79	14.97	12378998	186079920.000
数据来源:通达信
