300115 长盈精密 日线
      日期	    开盘	    最高	    最低	    收盘	    成交量	    成交额
10/08/2010	7.95	8.02	7.87	7.87	827453	40485444.000
10/11/2010	7.87	7.88	7.66	7.77	832779	39915300.000
10/12/2010	7.75	7.81	7.72	7.76	547515	26308620.000
10/13/2010	7.76	7.76	7.54	7.67	617585	29074960.000
10/14/2010	7.63	7.91	7.63	7.81	909882	43956100.000
10/15/2010	7.85	7.85	7.57	7.60	610734	29114056.000
10/18/2010	7.60	7.61	7.43	7.54	631808	29340862.000
10/19/2010	7.57	8.30	7.55	8.24	1933588	96321032.000
10/20/2010	8.12	8.27	8.06	8.14	1155881	58366128.000
10/21/2010	8.14	8.35	8.08	8.35	1019486	51699720.000
10/22/2010	8.36	8.75	8.36	8.66	1791798	94935104.000
10/25/2010	8.68	8.82	8.60	8.73	1178510	63173404.000
10/26/2010	8.63	8.74	8.50	8.53	765105	40375912.000
10/27/2010	8.59	8.59	8.22	8.24	780887	40502712.000
10/28/2010	8.24	8.63	8.23	8.56	876510	45901560.000
10/29/2010	8.60	9.43	8.60	9.31	2839471	160555568.000
11/01/2010	9.31	9.73	9.31	9.57	2456072	143919296.000
11/02/2010	9.49	9.56	9.03	9.05	1394180	79520568.000
11/03/2010	8.78	9.43	8.78	9.21	1419699	79316144.000
11/05/2010	9.27	9.80	9.27	9.67	1255361	73981200.000
11/08/2010	9.72	10.10	9.62	9.80	1751640	105835752.000
11/09/2010	9.72	9.96	9.55	9.58	935508	56036980.000
11/10/2010	9.65	10.03	9.57	9.97	1229257	74067552.000
11/11/2010	9.93	10.12	9.60	9.73	992956	60529564.000
11/12/2010	9.62	9.83	9.10	9.63	1516756	88299144.000
11/15/2010	9.56	10.20	9.56	10.13	1318629	80215288.000
11/16/2010	10.11	10.36	9.77	9.82	1499174	92804184.000
11/17/2010	9.77	9.80	9.51	9.51	1153975	68390048.000
11/18/2010	9.58	9.82	9.32	9.73	749377	44028356.000
11/19/2010	9.73	10.27	9.71	10.19	1614384	99694096.000
11/22/2010	10.26	10.68	10.26	10.34	1243605	79996480.000
11/23/2010	10.28	10.50	10.07	10.50	906930	57131876.000
11/24/2010	10.49	10.65	10.21	10.48	994487	63345944.000
11/25/2010	10.51	10.51	9.96	9.99	1981217	123167464.000
11/26/2010	10.00	10.23	9.98	10.10	776269	48080224.000
11/29/2010	10.07	10.23	9.94	10.17	1286448	79681976.000
11/30/2010	10.18	10.20	9.56	9.91	1387773	84252312.000
12/01/2010	9.78	10.06	9.78	9.90	490620	29993116.000
12/02/2010	9.93	10.46	9.93	10.19	2997535	187679136.000
12/03/2010	9.99	10.19	9.70	9.85	1841016	111515648.000
12/06/2010	9.90	9.92	9.21	9.25	1827333	105455304.000
12/07/2010	9.24	9.56	9.20	9.51	762802	44095348.000
12/08/2010	9.44	9.60	9.35	9.40	1088549	63289976.000
12/09/2010	9.35	9.39	9.25	9.27	711625	40646148.000
12/10/2010	9.25	9.63	9.11	9.63	968933	56163548.000
12/13/2010	9.70	10.22	9.70	10.17	1664912	102954480.000
12/14/2010	10.18	10.43	10.13	10.29	1080293	68280808.000
12/15/2010	10.25	10.34	10.13	10.16	548317	34419688.000
12/16/2010	10.25	10.93	10.15	10.77	1680435	109640664.000
12/17/2010	10.74	10.91	10.64	10.81	854846	56391764.000
12/20/2010	10.85	10.93	10.38	10.93	1878876	122939488.000
12/21/2010	10.90	11.25	10.74	10.80	1232080	82716792.000
12/22/2010	10.80	10.91	10.62	10.77	663071	43699172.000
12/23/2010	10.65	10.75	10.19	10.27	923604	59425032.000
12/24/2010	10.31	10.34	9.77	10.03	1393791	85732600.000
12/27/2010	10.10	10.26	9.52	9.66	1182717	71865072.000
12/28/2010	9.57	9.86	9.53	9.75	663804	39753492.000
12/29/2010	9.70	10.17	9.70	10.15	641533	39360460.000
12/30/2010	10.18	10.23	10.02	10.10	530426	33008062.000
12/31/2010	10.08	10.57	10.08	10.53	751175	47995364.000
01/04/2011	10.53	11.00	10.44	10.77	1077887	71150944.000
01/05/2011	10.73	10.73	10.48	10.68	517334	33629004.000
01/06/2011	10.62	10.71	10.32	10.43	606397	38800220.000
01/07/2011	10.43	10.48	10.07	10.22	447370	28263558.000
01/10/2011	9.99	10.25	9.72	9.75	715517	43675220.000
01/11/2011	9.70	9.83	9.37	9.40	1067492	62768120.000
01/12/2011	9.40	9.78	9.27	9.68	987752	57893972.000
01/13/2011	9.79	9.80	9.50	9.63	538647	31819624.000
01/14/2011	9.57	9.57	9.20	9.31	533906	30643322.000
01/17/2011	9.15	9.35	8.93	9.12	711376	40129752.000
01/18/2011	9.12	9.25	8.93	9.05	354458	19829354.000
01/19/2011	9.10	9.38	9.00	9.37	572625	32399724.000
01/21/2011	8.95	9.20	8.94	9.09	774610	43114240.000
01/24/2011	9.08	9.15	8.16	8.16	1055003	56010008.000
01/25/2011	8.11	8.38	7.77	8.30	1178822	58661796.000
01/26/2011	8.28	8.55	8.22	8.32	526317	27140664.000
01/27/2011	8.27	8.63	8.07	8.60	557168	29029002.000
01/28/2011	8.43	8.63	8.43	8.60	273220	14406840.000
01/31/2011	8.53	8.61	8.45	8.51	455507	23903712.000
02/01/2011	8.52	8.63	8.48	8.63	314957	16579233.000
02/09/2011	8.59	8.67	8.53	8.53	233533	12380714.000
02/10/2011	8.49	8.88	8.40	8.85	527020	28217788.000
02/11/2011	8.83	8.96	8.77	8.93	449440	24695182.000
02/14/2011	8.90	9.24	8.90	9.18	735588	41251372.000
02/15/2011	9.18	9.20	9.04	9.14	401279	22513662.000
02/16/2011	9.16	9.38	9.07	9.34	546839	31088832.000
02/17/2011	9.29	9.51	9.29	9.44	466632	26975530.000
02/18/2011	9.48	9.48	9.20	9.22	419225	23989820.000
02/21/2011	9.20	9.43	9.08	9.42	330213	18910226.000
02/22/2011	9.41	9.41	8.92	9.08	1158587	64925028.000
02/23/2011	9.08	9.59	9.02	9.54	956196	55178940.000
02/24/2011	9.55	9.86	9.41	9.43	1371412	81017456.000
02/25/2011	9.35	9.53	9.25	9.43	635095	36804464.000
02/28/2011	9.43	9.68	9.43	9.62	603050	35587096.000
03/01/2011	9.98	10.08	9.60	9.65	1059995	63893904.000
03/02/2011	9.60	9.60	9.37	9.47	595168	34613436.000
03/03/2011	9.48	9.64	9.35	9.37	425646	24807744.000
03/04/2011	9.35	9.43	9.28	9.42	222622	12834196.000
03/07/2011	9.39	9.43	9.32	9.38	388609	22386624.000
03/08/2011	9.34	9.54	9.29	9.51	584970	33857260.000
03/09/2011	9.52	9.65	9.38	9.65	454370	26530682.000
03/10/2011	9.62	9.93	9.60	9.68	790668	47621724.000
03/11/2011	9.60	9.98	9.60	9.80	803164	48568080.000
03/14/2011	9.78	9.93	9.70	9.81	520099	31362340.000
03/15/2011	9.85	9.87	9.35	9.51	730267	42709156.000
03/16/2011	9.50	9.60	9.45	9.58	401136	23535812.000
03/17/2011	9.51	9.55	9.21	9.27	579794	33368442.000
03/18/2011	9.34	9.36	9.20	9.30	392013	22377068.000
03/21/2011	9.35	9.51	9.30	9.43	724285	41994628.000
03/22/2011	9.51	9.53	9.28	9.35	444854	25642548.000
03/23/2011	9.35	9.48	9.30	9.48	537033	31004256.000
03/24/2011	9.50	9.58	9.46	9.57	610685	35697412.000
03/25/2011	9.57	9.76	9.57	9.63	864301	51405540.000
03/28/2011	9.70	9.70	9.37	9.51	563923	32875644.000
03/29/2011	9.50	9.50	9.03	9.10	1537854	86535352.000
03/30/2011	9.12	9.23	8.85	9.20	810246	45158752.000
03/31/2011	9.29	9.52	9.27	9.40	561095	32402406.000
04/01/2011	9.41	9.47	9.25	9.41	406943	23441320.000
04/06/2011	9.33	9.42	9.04	9.13	442857	25076250.000
04/07/2011	9.13	9.20	8.98	9.03	507745	28267346.000
04/08/2011	9.03	9.17	9.03	9.15	214475	12057443.000
04/11/2011	9.16	9.20	8.99	9.00	298631	16736486.000
04/13/2011	8.98	9.21	8.95	9.20	191998	10815371.000
04/14/2011	9.15	9.21	9.07	9.16	154300	8682529.000
04/15/2011	9.22	9.34	9.14	9.26	211088	11962828.000
04/18/2011	9.17	9.26	9.01	9.03	472817	26393616.000
04/19/2011	9.03	9.10	8.87	9.08	230196	12725436.000
04/20/2011	9.20	9.30	9.15	9.30	758111	43111556.000
04/21/2011	9.35	9.51	9.30	9.51	756643	44007548.000
04/22/2011	9.49	9.65	9.23	9.28	627087	36268448.000
04/25/2011	9.37	9.40	9.07	9.16	388522	21962298.000
04/26/2011	9.16	9.16	8.87	9.03	475837	26407466.000
04/27/2011	8.77	9.09	8.60	8.75	654893	17441186.000
04/28/2011	8.86	8.86	8.37	8.37	533922	13917015.000
04/29/2011	8.37	8.63	8.37	8.49	303525	7876084.000
05/03/2011	8.49	8.73	8.27	8.70	420881	11097324.000
05/04/2011	8.60	8.67	8.45	8.57	403371	10487233.000
05/05/2011	8.47	8.85	8.47	8.73	318741	8458602.000
05/06/2011	8.71	8.90	8.57	8.81	249173	6693192.000
05/10/2011	8.83	8.93	8.58	8.66	387318	10275325.000
05/11/2011	8.68	8.73	8.53	8.70	393138	10372946.000
05/12/2011	8.58	8.70	8.52	8.60	230250	6038360.500
05/13/2011	8.68	8.74	8.48	8.57	176890	4606732.000
05/16/2011	8.58	8.63	8.33	8.36	255870	6599026.500
05/17/2011	8.53	8.53	8.20	8.20	327730	8275396.000
05/18/2011	8.22	8.28	8.03	8.21	829884	20675466.000
05/19/2011	8.25	8.32	8.13	8.21	661040	16545361.000
05/20/2011	8.14	8.20	7.93	7.95	380709	9296276.000
05/23/2011	7.95	7.95	7.67	7.90	635737	15097452.000
05/24/2011	7.85	8.31	7.85	8.15	732603	18171434.000
05/25/2011	8.15	8.15	7.63	7.70	783204	18675324.000
05/26/2011	7.71	7.90	7.51	7.57	1509104	34992840.000
05/27/2011	7.47	7.69	7.47	7.53	472062	10881417.000
05/30/2011	7.53	7.87	7.53	7.74	594609	14089199.000
05/31/2011	7.71	7.87	7.67	7.83	213527	5079560.000
06/01/2011	7.83	8.07	7.83	7.96	520771	12689687.000
06/02/2011	7.83	8.03	7.70	7.96	461253	11137549.000
06/03/2011	7.87	8.16	7.87	8.09	468524	11557737.000
06/07/2011	7.96	8.13	7.96	8.01	240569	5895012.500
06/08/2011	8.03	8.03	7.95	7.96	217827	5293794.500
06/09/2011	7.93	7.94	7.70	7.80	396861	9478883.000
06/10/2011	7.78	7.86	7.70	7.80	158020	3734211.000
06/13/2011	7.79	8.02	7.64	7.96	378929	9072052.000
06/14/2011	7.90	8.13	7.87	8.02	605838	14863528.000
06/15/2011	8.07	8.10	7.94	7.96	108290	2637844.250
06/16/2011	7.91	7.94	7.83	7.87	100901	2427638.500
06/17/2011	7.86	7.86	7.63	7.73	366437	8631517.000
06/20/2011	7.67	7.67	7.40	7.56	848242	19538832.000
06/21/2011	7.61	7.62	7.16	7.62	1226173	27765292.000
06/22/2011	7.63	7.69	7.43	7.52	404000	9311523.000
06/23/2011	7.45	7.70	7.34	7.62	917089	21220788.000
06/24/2011	7.62	7.86	7.57	7.82	1490322	35231544.000
06/27/2011	7.87	8.60	7.85	8.28	1486619	37551388.000
06/28/2011	8.20	8.56	8.20	8.47	1407755	36362660.000
06/29/2011	8.36	8.58	8.34	8.47	1009350	26056442.000
06/30/2011	8.55	8.57	8.37	8.53	708590	18353174.000
07/01/2011	8.57	8.86	8.52	8.65	721412	19162392.000
07/04/2011	8.73	8.97	8.62	8.93	776576	20907548.000
07/05/2011	8.90	9.26	8.83	9.26	2052819	56776580.000
07/06/2011	9.20	9.45	9.13	9.40	1395402	39637472.000
07/07/2011	9.32	9.76	9.32	9.61	1832981	53575180.000
07/08/2011	9.68	9.68	9.13	9.42	1323558	37681276.000
07/11/2011	9.42	9.58	9.22	9.47	773026	22173318.000
07/12/2011	9.44	9.47	9.14	9.21	652246	18377182.000
07/13/2011	9.21	9.66	9.21	9.66	987782	28692966.000
07/14/2011	9.69	9.70	9.46	9.65	619097	18035756.000
07/15/2011	9.53	9.84	9.53	9.65	784186	23191724.000
07/18/2011	9.72	9.97	9.55	9.97	1870608	56124500.000
07/19/2011	9.92	9.96	9.65	9.70	1544074	45736308.000
07/20/2011	9.87	9.98	9.47	9.71	1211046	35737700.000
07/21/2011	9.76	9.96	9.63	9.73	1117440	33326452.000
07/22/2011	9.72	9.95	9.72	9.80	791169	23720894.000
07/25/2011	9.77	9.83	9.55	9.65	1022317	30226446.000
07/26/2011	9.64	9.78	9.27	9.64	690295	19980074.000
07/27/2011	9.55	10.13	9.55	10.12	921112	27858734.000
07/28/2011	10.10	10.73	9.99	10.64	2282392	72578960.000
07/29/2011	10.64	10.70	10.43	10.48	1251607	40030644.000
08/01/2011	10.44	10.87	10.43	10.87	1654677	53715612.000
08/02/2011	10.88	10.96	10.58	10.92	1011174	33265824.000
08/03/2011	10.87	10.96	10.57	10.86	791835	25982840.000
08/04/2011	10.83	10.86	10.60	10.65	586150	19054654.000
08/05/2011	10.47	10.52	10.27	10.29	625130	19763198.000
08/08/2011	10.21	10.45	9.83	10.41	1430495	44198312.000
08/09/2011	9.93	10.86	9.88	10.86	1286337	40818452.000
08/10/2011	10.87	11.04	10.70	10.78	1345183	44392440.000
08/11/2011	10.49	11.09	10.49	10.78	1124295	37016548.000
08/12/2011	10.87	10.87	10.37	10.53	1189395	38169176.000
08/15/2011	10.47	10.58	10.42	10.50	888491	28400226.000
08/16/2011	10.53	10.86	10.50	10.53	714600	23184106.000
08/17/2011	10.48	10.62	10.47	10.53	549417	17565088.000
08/18/2011	10.50	10.53	10.20	10.39	562203	17625638.000
08/19/2011	9.99	10.43	9.87	10.33	1092555	33463558.000
08/22/2011	10.30	10.36	10.00	10.08	455602	14093244.000
08/23/2011	10.18	10.18	9.87	10.12	854995	26063464.000
08/25/2011	10.30	10.55	10.05	10.53	807763	25226412.000
08/26/2011	10.53	10.67	10.43	10.50	319570	10209921.000
08/29/2011	10.49	10.50	10.07	10.23	509000	15899337.000
08/30/2011	10.23	10.39	9.97	10.16	570650	17474220.000
08/31/2011	10.13	10.66	10.02	10.38	1475922	46344460.000
09/01/2011	10.16	10.50	10.07	10.30	327222	10203165.000
09/02/2011	9.87	10.73	9.87	10.60	1291747	40972584.000
09/05/2011	10.43	10.59	10.30	10.36	500940	15794700.000
09/06/2011	10.36	10.47	10.22	10.29	393545	12377050.000
09/07/2011	10.37	10.86	10.13	10.84	1371480	43661876.000
09/08/2011	10.87	11.86	10.87	11.35	2422149	83502192.000
09/09/2011	11.36	11.70	11.13	11.17	1945878	67255408.000
09/13/2011	10.87	11.13	10.76	10.93	1432360	47460276.000
09/14/2011	10.99	11.33	10.77	11.13	1524020	51072776.000
09/15/2011	11.13	11.27	10.80	11.03	3325622	111252552.000
09/16/2011	10.98	11.12	10.77	10.81	1528098	50358592.000
09/19/2011	10.78	10.78	10.35	10.53	985013	31480840.000
09/20/2011	10.47	10.66	10.40	10.53	415796	13232327.000
09/21/2011	10.60	10.87	10.37	10.86	1820791	59048252.000
09/22/2011	10.86	11.03	10.66	10.73	1412372	46641056.000
09/23/2011	10.53	10.93	10.50	10.63	538507	17394876.000
09/26/2011	10.64	10.91	10.55	10.67	684300	22261278.000
09/27/2011	10.76	10.96	10.23	10.25	638176	20248718.000
09/28/2011	10.27	10.45	10.09	10.27	886243	27674744.000
09/29/2011	10.06	10.27	9.90	10.13	2696116	81887544.000
09/30/2011	10.13	10.47	10.13	10.47	783511	24414474.000
10/10/2011	10.51	10.70	10.40	10.42	286972	9154569.000
10/11/2011	10.64	10.70	9.95	10.53	1332811	41707848.000
10/12/2011	10.47	10.53	10.16	10.53	855167	27137640.000
10/13/2011	10.63	10.63	10.43	10.52	956833	30619146.000
10/14/2011	10.57	11.13	10.57	10.87	2201737	72780664.000
10/17/2011	10.83	11.53	10.83	11.47	3032793	104385696.000
10/18/2011	11.36	11.62	11.20	11.25	1395451	48549308.000
10/19/2011	11.14	11.53	10.77	11.46	1378875	47280516.000
10/20/2011	11.40	11.46	10.89	11.14	633040	21358478.000
10/21/2011	11.03	11.14	10.48	10.77	1325949	43453456.000
10/24/2011	10.86	10.98	10.64	10.90	870462	28520352.000
10/25/2011	10.98	11.48	10.92	11.38	1924355	65817936.000
10/26/2011	11.28	11.68	11.10	11.47	1688373	58831216.000
10/27/2011	11.51	11.53	11.16	11.39	2438098	83769152.000
10/28/2011	11.53	11.53	11.27	11.50	2048570	70859592.000
10/31/2011	11.50	11.50	11.21	11.33	840928	28901600.000
11/01/2011	11.30	12.30	11.10	12.21	2352123	83871072.000
11/02/2011	12.00	12.64	11.92	12.30	1741754	64545900.000
11/03/2011	12.33	13.03	11.98	12.00	2482763	94025176.000
11/04/2011	12.07	12.87	12.07	12.69	2236805	85096400.000
11/07/2011	12.67	12.94	12.13	12.27	1586811	59998108.000
11/08/2011	12.03	12.29	11.53	11.73	3059565	110387600.000
11/09/2011	11.77	12.47	11.77	12.45	2741821	100611248.000
11/10/2011	12.20	13.03	12.11	12.54	3004751	116416744.000
11/11/2011	12.37	12.92	12.27	12.83	1682204	64166476.000
11/14/2011	12.87	13.18	12.62	12.63	2914166	113129912.000
11/15/2011	12.63	12.72	12.40	12.70	1631964	62205616.000
11/16/2011	12.68	12.75	12.35	12.37	981395	37273124.000
11/17/2011	12.50	12.56	12.27	12.36	505637	19029000.000
11/18/2011	12.31	12.31	11.90	11.93	790234	29103186.000
11/21/2011	11.87	12.07	11.73	12.06	576100	20781676.000
11/22/2011	11.95	12.67	11.90	12.60	1204492	45138036.000
11/23/2011	12.76	12.76	12.37	12.41	754773	28792604.000
11/24/2011	12.23	12.96	12.16	12.77	1528444	58896208.000
11/25/2011	12.76	12.90	12.61	12.76	1204678	46601528.000
11/28/2011	12.76	12.77	12.45	12.53	1142934	43486004.000
11/29/2011	12.54	12.60	12.43	12.49	501948	19054570.000
11/30/2011	12.49	12.49	11.93	12.17	1215122	44929936.000
12/01/2011	12.52	12.67	12.17	12.18	1518889	57365964.000
12/02/2011	12.16	12.33	11.56	11.82	1263777	45315656.000
12/05/2011	11.82	11.93	11.53	11.57	492468	17474672.000
12/06/2011	11.40	11.69	11.20	11.49	817491	28354902.000
12/07/2011	11.43	12.03	11.43	11.80	465783	16735801.000
12/08/2011	11.83	12.20	11.55	11.98	356929	12994578.000
12/09/2011	11.80	11.97	11.57	11.83	348022	12419870.000
12/12/2011	11.69	11.84	11.46	11.52	303202	10653669.000
12/13/2011	11.37	11.40	11.03	11.29	780171	26519470.000
12/14/2011	11.14	11.25	10.83	10.83	1184521	39506032.000
12/15/2011	10.83	11.07	10.58	10.97	611504	20194402.000
12/16/2011	11.06	11.44	10.72	11.44	539292	18328858.000
12/19/2011	11.25	11.50	11.03	11.49	459686	15630268.000
12/20/2011	11.43	11.67	11.13	11.38	635680	22287264.000
12/21/2011	11.57	11.57	11.20	11.27	524113	18022504.000
12/22/2011	11.20	11.58	11.07	11.43	1406970	48221988.000
12/23/2011	11.30	11.65	11.30	11.63	1035566	36254312.000
12/26/2011	11.36	11.75	11.36	11.60	1106041	38840656.000
12/27/2011	11.42	11.76	11.42	11.60	1217261	42969776.000
12/28/2011	11.42	11.73	11.42	11.73	1146404	40306720.000
12/29/2011	11.73	11.86	11.62	11.86	556336	19787188.000
12/30/2011	11.80	12.13	11.74	12.05	1247756	45265476.000
01/04/2012	12.19	12.19	11.51	11.56	1558022	54670516.000
01/05/2012	11.48	11.48	10.53	11.13	3503178	116469080.000
01/06/2012	11.03	11.36	10.80	11.16	1458278	48758848.000
01/10/2012	11.07	11.70	11.07	11.65	790622	27667672.000
01/11/2012	11.67	12.03	11.48	11.76	377859	13538583.000
01/12/2012	11.72	11.72	11.20	11.37	591033	20512654.000
01/13/2012	11.32	11.36	10.54	10.77	1437410	47114432.000
01/16/2012	10.57	10.57	9.93	10.00	1042132	31891086.000
01/17/2012	9.91	10.30	9.06	9.94	1998188	58572984.000
01/18/2012	9.77	9.97	9.16	9.27	916090	26561848.000
01/19/2012	9.23	9.65	8.90	9.42	978961	27773206.000
01/20/2012	9.30	9.78	9.30	9.77	721279	21173064.000
01/30/2012	9.77	9.96	9.20	9.95	730024	21727400.000
01/31/2012	9.61	10.16	9.61	10.16	383137	11691494.000
02/01/2012	10.20	10.42	9.91	10.06	530752	16496597.000
02/02/2012	9.93	10.46	9.93	10.41	362713	11400654.000
02/03/2012	10.43	10.85	10.24	10.80	646233	20967526.000
02/06/2012	10.82	11.16	10.68	11.15	609255	20375376.000
02/07/2012	11.13	11.15	10.82	10.97	629602	20936142.000
02/08/2012	10.95	11.39	10.80	11.32	373168	12714940.000
02/09/2012	11.37	11.53	11.23	11.43	568429	19724060.000
02/10/2012	11.55	11.55	11.32	11.47	296588	10319166.000
02/13/2012	11.27	11.86	11.07	11.36	1808890	63269400.000
02/14/2012	11.24	11.57	11.24	11.37	504318	17552512.000
02/15/2012	11.27	11.66	11.27	11.52	307585	10761073.000
02/16/2012	11.57	11.77	11.27	11.28	884838	31025432.000
02/17/2012	11.49	11.53	11.01	11.13	492266	16705522.000
02/20/2012	11.26	11.49	11.07	11.20	870348	29525434.000
02/21/2012	11.13	11.47	11.13	11.42	372307	12795773.000
02/22/2012	11.50	11.92	11.43	11.86	1023807	36651780.000
02/23/2012	12.05	12.05	11.21	11.51	1199095	42218324.000
02/24/2012	11.51	11.66	11.25	11.60	912409	31646064.000
02/27/2012	11.61	11.83	11.50	11.56	1238843	43746824.000
02/28/2012	11.44	11.66	11.44	11.58	596286	20857090.000
02/29/2012	11.58	11.69	11.14	11.22	758428	26305608.000
03/01/2012	11.14	11.52	11.14	11.40	425815	14731437.000
03/02/2012	11.47	11.69	11.37	11.64	377627	13246669.000
03/05/2012	11.83	12.03	11.69	11.89	519529	18665254.000
03/06/2012	11.93	12.13	11.73	11.97	855865	31116326.000
03/07/2012	11.80	12.13	11.70	11.84	671104	24288202.000
03/08/2012	12.01	12.27	11.80	12.15	1065000	39105912.000
03/09/2012	12.17	12.53	12.13	12.30	1673602	62957832.000
03/12/2012	12.22	12.45	11.93	12.03	983978	36229804.000
03/13/2012	12.13	12.35	12.13	12.29	564635	20927032.000
03/14/2012	12.33	12.58	12.03	12.03	1251054	46332692.000
03/15/2012	12.03	12.37	11.83	11.94	368305	13397783.000
03/16/2012	12.13	12.48	12.10	12.48	1134485	42032824.000
03/19/2012	12.60	12.63	12.25	12.39	1468179	55143688.000
03/21/2012	12.03	12.22	11.73	12.15	1629982	59417256.000
03/22/2012	11.97	12.12	11.84	11.99	684296	24814202.000
03/23/2012	12.09	12.12	11.55	11.60	368773	13195749.000
03/26/2012	11.52	11.65	11.37	11.42	414592	14442297.000
03/27/2012	11.42	11.83	11.42	11.83	411425	14560937.000
03/28/2012	11.80	11.80	11.45	11.54	790408	27696462.000
03/29/2012	11.35	11.56	11.04	11.24	726108	24704044.000
03/30/2012	11.30	11.47	11.13	11.32	238055	8122137.500
04/05/2012	11.32	11.70	11.23	11.57	462927	16281632.000
04/06/2012	11.60	11.66	11.43	11.49	409397	14319839.000
04/09/2012	11.49	11.55	11.33	11.44	296410	10284211.000
04/10/2012	11.44	11.52	11.05	11.33	491310	16690865.000
04/12/2012	11.33	11.85	11.20	11.85	509805	17878898.000
04/13/2012	11.83	11.93	11.70	11.87	238425	8555548.000
04/16/2012	11.79	12.33	11.72	12.17	1366210	50456864.000
04/17/2012	12.10	12.20	11.87	12.07	427466	15690311.000
04/18/2012	12.03	12.35	11.99	12.26	928198	34179560.000
04/19/2012	12.29	12.29	11.93	12.02	409279	15044883.000
04/20/2012	12.10	12.12	11.88	11.93	489634	17797828.000
04/23/2012	12.06	12.06	11.45	11.65	314490	11138497.000
04/24/2012	11.54	11.77	11.26	11.28	779087	26841822.000
04/25/2012	11.21	11.32	11.03	11.17	675273	22773672.000
04/26/2012	11.32	11.49	11.10	11.12	280048	9593126.000
04/27/2012	11.13	11.26	10.92	11.25	445517	15083571.000
05/02/2012	11.32	11.65	11.29	11.63	506203	17600018.000
05/03/2012	12.70	12.70	11.63	11.70	394319	14347209.000
05/04/2012	11.60	11.97	11.56	11.88	1141360	40986312.000
05/07/2012	11.90	12.57	11.80	12.35	1016719	38042912.000
05/08/2012	12.37	12.53	12.37	12.41	569141	21534246.000
05/09/2012	12.41	12.55	12.22	12.40	507740	19139064.000
05/10/2012	12.39	12.63	12.39	12.56	688220	26207906.000
05/11/2012	12.56	12.96	12.23	12.30	737356	28306200.000
05/14/2012	12.28	12.29	11.87	12.20	646770	23783300.000
05/15/2012	12.04	12.25	11.87	12.20	330052	12128620.000
05/16/2012	12.04	12.35	11.70	11.72	282149	10275717.000
05/17/2012	11.70	11.94	11.70	11.90	345947	12443399.000
05/18/2012	11.98	11.98	11.42	11.80	744639	26434872.000
05/21/2012	11.60	11.79	11.53	11.60	228903	8083143.000
05/22/2012	11.90	11.90	11.16	11.18	1353645	30857476.000
05/23/2012	11.10	11.34	11.00	11.22	514081	11542043.000
05/24/2012	11.23	11.33	10.55	10.75	1956102	42761944.000
05/25/2012	10.77	10.78	10.41	10.57	935369	19943580.000
05/28/2012	10.60	11.00	10.45	10.85	570894	12314691.000
05/29/2012	10.65	11.35	10.65	11.33	1085434	24250680.000
05/30/2012	11.18	11.39	11.16	11.28	319132	7266899.000
05/31/2012	11.14	12.42	11.08	12.15	2348840	56095844.000
06/01/2012	12.08	12.14	11.71	11.85	1364311	32712532.000
06/04/2012	11.60	12.42	11.45	11.70	2704185	65463248.000
06/05/2012	11.70	12.05	11.21	11.25	1780202	41715868.000
06/06/2012	11.35	11.35	10.78	11.01	1717796	38040528.000
06/07/2012	11.07	11.25	11.00	11.19	827209	18548422.000
06/08/2012	11.19	11.47	11.07	11.27	1108945	25357744.000
06/11/2012	11.33	11.58	11.20	11.50	1074275	24798550.000
06/12/2012	11.45	12.05	11.40	11.90	2970444	70789792.000
06/13/2012	12.03	12.29	11.61	11.73	2530871	60686380.000
06/14/2012	11.69	11.73	11.41	11.44	2325185	54479156.000
06/15/2012	11.44	11.60	11.15	11.30	1120907	25684864.000
06/18/2012	11.37	11.45	11.06	11.40	1848409	42310908.000
06/19/2012	11.40	11.40	10.95	11.23	2571980	57968940.000
06/20/2012	11.20	11.36	11.14	11.32	610444	13883315.000
06/21/2012	11.32	11.32	10.85	11.02	2011643	44726368.000
06/25/2012	10.90	11.06	10.65	10.65	655758	14347332.000
06/26/2012	10.66	10.88	10.39	10.48	1992528	42217980.000
06/27/2012	10.48	11.08	10.48	11.03	3117445	68362768.000
06/28/2012	11.05	11.63	10.97	11.37	2504808	57887356.000
06/29/2012	11.29	11.99	11.16	11.80	1379960	32692510.000
07/02/2012	11.91	12.44	11.82	12.05	2837383	69950008.000
07/03/2012	12.09	12.21	11.65	11.73	3441538	82696224.000
07/04/2012	11.75	12.10	11.73	11.85	2164926	52035492.000
07/05/2012	11.79	11.86	11.48	11.66	1055827	24769940.000
07/06/2012	11.66	11.82	11.34	11.70	1950251	45552936.000
07/09/2012	11.70	12.45	11.65	12.32	5305467	130994104.000
07/10/2012	12.21	12.91	11.92	12.68	4343509	107830168.000
07/11/2012	12.39	13.12	12.30	12.85	2933240	75290064.000
07/12/2012	12.70	13.08	12.46	12.81	2376688	61257400.000
07/13/2012	12.75	12.94	12.55	12.56	969479	24822876.000
07/16/2012	12.50	12.56	11.40	11.55	3225450	77369736.000
07/17/2012	11.38	11.65	11.10	11.54	2944966	67313992.000
07/18/2012	11.45	11.64	11.26	11.60	1348602	31074646.000
07/19/2012	11.58	12.08	11.54	12.08	1212787	29022946.000
07/20/2012	11.90	12.44	11.90	12.08	861839	21170272.000
07/23/2012	11.90	12.33	11.76	12.13	468202	11480816.000
07/24/2012	11.95	12.74	11.95	12.45	1091660	27236560.000
07/25/2012	12.46	13.10	12.46	12.71	2230107	57779992.000
07/26/2012	12.59	13.07	12.56	12.93	3007709	78075520.000
07/27/2012	12.93	13.10	12.70	12.94	2743562	71462136.000
07/30/2012	12.90	12.90	12.32	12.53	996624	25268200.000
07/31/2012	12.53	12.63	12.00	12.05	1119722	27376126.000
08/01/2012	12.09	12.50	11.94	12.50	1051706	26140688.000
08/02/2012	12.48	13.18	12.40	13.18	2817004	73289192.000
08/03/2012	13.25	14.29	12.98	13.70	4895074	132064752.000
08/06/2012	13.60	14.26	13.55	14.10	7851624	220126144.000
08/07/2012	14.07	14.20	13.79	13.92	4656769	130842824.000
08/08/2012	13.90	14.15	13.26	13.55	4584498	125105416.000
08/09/2012	13.54	14.40	13.42	14.31	3201073	89639080.000
08/10/2012	14.35	14.75	14.00	14.62	2974100	86131080.000
08/13/2012	14.60	15.11	13.96	14.33	2740518	81349288.000
08/14/2012	14.38	14.95	13.70	14.84	2605784	74955272.000
08/15/2012	14.59	15.47	14.59	15.40	2324275	71056152.000
08/16/2012	15.36	15.54	14.90	15.04	2142299	65746340.000
08/17/2012	14.86	15.15	14.54	15.02	1087130	32220536.000
08/20/2012	14.71	15.30	14.40	15.10	1491119	44979048.000
08/21/2012	14.90	16.09	14.90	15.37	3974717	125783424.000
08/22/2012	15.32	16.08	15.20	15.75	1864512	59083460.000
08/23/2012	15.75	16.08	15.45	15.73	874846	27762072.000
08/24/2012	15.70	15.86	15.25	15.35	776773	24172552.000
08/27/2012	15.28	15.28	14.40	14.52	2902519	86211864.000
08/28/2012	14.45	15.20	14.20	15.15	2239868	66263356.000
08/29/2012	15.04	15.57	14.90	15.34	2015814	62253812.000
08/30/2012	15.38	15.85	14.21	15.13	2623402	78997584.000
08/31/2012	15.12	15.12	14.75	14.84	1754802	52677300.000
09/03/2012	14.81	15.45	14.73	15.05	3108108	95261672.000
09/04/2012	15.18	15.65	14.90	15.27	2135280	66302640.000
09/05/2012	15.18	15.95	15.08	15.94	1882052	59276084.000
09/06/2012	15.90	15.90	15.36	15.60	1418233	44377212.000
09/07/2012	15.65	15.85	15.36	15.66	3620435	114017304.000
09/10/2012	15.46	15.74	15.15	15.30	2071125	64024064.000
09/11/2012	15.27	15.88	14.75	15.71	5276318	160006704.000
09/12/2012	15.68	15.70	15.15	15.33	1547526	47789804.000
09/13/2012	15.33	15.33	15.00	15.08	1536322	46656096.000
09/14/2012	15.08	15.20	14.24	14.71	2787133	82035752.000
09/17/2012	14.74	14.83	14.40	14.51	1522312	44730728.000
09/18/2012	14.37	15.18	14.20	14.90	1587580	47658468.000
09/19/2012	14.76	15.13	14.70	15.00	583500	17643914.000
09/20/2012	14.99	15.07	14.23	14.25	747826	22067978.000
09/21/2012	14.25	14.54	13.45	13.94	2637091	73689480.000
09/24/2012	13.40	14.03	13.40	13.66	2580031	71271968.000
09/25/2012	13.67	14.34	13.65	13.77	1700513	48119072.000
09/26/2012	13.79	13.87	13.32	13.40	1668075	45461780.000
09/27/2012	13.33	14.12	13.33	13.85	1272198	35534336.000
09/28/2012	13.84	14.25	13.73	14.23	1714300	48757612.000
10/08/2012	14.25	14.83	13.95	14.45	556857	16261859.000
10/09/2012	14.45	14.88	14.45	14.77	527506	15708424.000
10/10/2012	14.63	15.30	14.60	15.25	1164784	35362400.000
10/11/2012	15.25	15.34	14.83	14.84	475556	14513800.000
10/12/2012	14.88	14.96	14.45	14.58	1006633	29590024.000
10/15/2012	14.59	14.95	14.40	14.88	901281	26976280.000
10/16/2012	14.88	15.03	14.52	14.86	1090973	32581328.000
10/17/2012	14.84	15.03	14.68	15.03	826787	24780668.000
10/18/2012	15.05	15.51	15.03	15.37	810232	25013448.000
10/19/2012	15.37	15.45	15.10	15.25	453073	13857175.000
10/22/2012	15.02	15.35	15.02	15.25	359921	11032594.000
10/23/2012	15.18	15.20	14.13	14.33	2713201	79541312.000
10/24/2012	14.21	14.61	14.07	14.18	1662566	47476116.000
10/25/2012	14.30	14.30	13.53	13.64	1275638	35664352.000
10/26/2012	13.64	13.85	13.20	13.85	1215499	32912622.000
10/29/2012	13.85	13.96	13.53	13.84	902971	25101246.000
10/30/2012	13.98	14.15	13.75	14.00	942882	26569098.000
10/31/2012	13.90	14.06	13.77	13.90	442116	12351880.000
11/01/2012	13.90	14.00	13.60	13.76	1872087	52067080.000
11/02/2012	13.76	13.76	13.13	13.31	3090454	82938984.000
11/05/2012	13.16	13.34	12.00	12.55	5361612	134601664.000
11/06/2012	12.44	12.80	12.29	12.73	2803263	70455080.000
11/07/2012	12.72	13.16	12.58	13.09	2065377	54088580.000
11/08/2012	12.90	13.24	12.75	12.90	1582298	41453244.000
11/09/2012	12.90	13.05	12.32	12.35	889964	22603668.000
11/12/2012	12.20	12.61	12.05	12.50	1283110	31968948.000
11/13/2012	12.41	12.51	12.15	12.40	938949	23371858.000
11/14/2012	12.39	12.44	12.08	12.30	983984	24260182.000
11/15/2012	12.31	12.41	12.17	12.40	434791	10830796.000
11/16/2012	12.01	12.47	12.01	12.15	279263	6876639.500
11/19/2012	12.07	12.15	11.50	12.09	1167652	28058464.000
11/20/2012	12.09	12.55	12.09	12.49	685470	17119112.000
11/21/2012	12.59	12.65	12.20	12.55	335175	8371578.000
11/22/2012	12.55	12.73	12.35	12.43	709979	18030640.000
11/23/2012	12.41	12.58	12.11	12.15	1293088	32269416.000
11/26/2012	12.00	12.18	11.60	11.65	799000	19261918.000
11/27/2012	11.44	11.86	11.44	11.80	956955	22633326.000
11/28/2012	11.66	11.87	11.66	11.80	377012	8962482.000
11/29/2012	11.66	12.15	11.60	11.66	257833	6077123.000
11/30/2012	11.77	11.77	11.35	11.40	526828	12258832.000
12/03/2012	11.40	11.45	11.15	11.28	949248	21572774.000
12/04/2012	11.28	11.45	11.05	11.42	1250367	28186692.000
12/05/2012	11.42	12.40	11.42	12.15	1709012	41515652.000
12/06/2012	12.10	12.25	11.89	11.99	1135337	27502132.000
12/07/2012	11.90	12.11	11.74	11.98	671503	16186394.000
12/10/2012	12.09	12.49	11.90	12.40	1431735	35233208.000
12/11/2012	12.33	12.55	12.33	12.38	579549	14504149.000
12/12/2012	12.40	12.40	12.01	12.06	701144	17138224.000
12/13/2012	12.05	12.15	11.80	12.02	572494	13804011.000
12/14/2012	11.90	12.55	11.90	12.40	798469	19772264.000
12/17/2012	12.33	12.33	11.15	11.15	7081333	160004240.000
12/18/2012	10.93	11.30	10.90	11.14	4309463	96407736.000
12/19/2012	11.01	11.32	10.98	11.15	3050396	68903232.000
12/20/2012	11.15	11.35	11.06	11.31	1721820	39122480.000
12/21/2012	11.32	12.14	11.24	11.98	2664183	62661420.000
12/24/2012	11.95	12.75	11.80	12.58	2733153	68831280.000
12/25/2012	12.68	13.19	12.61	13.05	3335916	86784176.000
12/26/2012	12.92	13.60	12.80	13.50	2208729	59674596.000
12/27/2012	13.45	13.78	13.14	13.37	1439240	38651372.000
12/28/2012	13.32	13.50	12.78	13.35	4204423	111051768.000
12/31/2012	13.33	13.45	12.78	13.29	3798747	99508640.000
01/04/2013	13.26	13.26	12.40	12.77	2262473	58199300.000
01/07/2013	12.70	12.84	12.50	12.74	2133121	54495204.000
01/08/2013	12.77	13.45	12.71	13.42	3276993	86253080.000
01/09/2013	13.25	14.04	13.05	13.75	2284973	63193472.000
01/10/2013	13.71	13.82	13.35	13.55	1811520	49404856.000
01/11/2013	13.56	13.76	13.34	13.42	958437	26255834.000
01/14/2013	13.40	14.33	13.24	14.22	1714110	47963048.000
01/15/2013	14.40	14.90	13.92	14.33	1132208	32786936.000
01/16/2013	14.34	14.39	13.63	14.04	1210643	33953168.000
01/17/2013	13.90	13.91	13.65	13.83	1714580	47645340.000
01/18/2013	13.83	13.84	12.44	12.85	12505966	320257632.000
01/21/2013	12.67	12.67	12.07	12.36	12488636	308333984.000
01/22/2013	12.33	12.33	12.12	12.23	7501618	184713296.000
01/23/2013	12.20	12.32	12.13	12.25	4145165	102148320.000
01/24/2013	12.16	12.20	11.44	11.53	15148504	356293984.000
01/25/2013	11.55	11.71	11.30	11.63	5110794	119454024.000
01/28/2013	11.63	11.85	11.58	11.82	4034666	95530080.000
01/29/2013	11.80	12.05	11.80	11.97	4414002	106641912.000
01/30/2013	12.02	12.02	11.48	11.61	6665900	157060208.000
01/31/2013	11.59	11.66	11.20	11.20	6120740	139690848.000
02/01/2013	11.21	11.38	11.05	11.25	5686919	128647488.000
02/04/2013	11.22	11.22	10.84	10.85	6638322	146709952.000
02/05/2013	10.79	11.25	10.75	11.18	5022511	112462904.000
02/06/2013	11.30	11.62	11.21	11.54	5843793	134846896.000
02/07/2013	11.58	11.83	11.48	11.79	4558961	107123384.000
02/08/2013	11.70	12.01	11.65	11.82	4882393	116823072.000
02/18/2013	11.84	11.99	11.71	11.95	4529201	108222280.000
02/19/2013	11.90	11.92	11.53	11.57	4932043	115953744.000
02/20/2013	11.50	12.01	11.50	11.94	5955794	141041072.000
02/21/2013	11.85	12.12	11.69	11.70	5878245	140793888.000
02/22/2013	11.75	12.07	11.58	11.95	5007868	120435496.000
02/25/2013	12.00	12.51	11.89	12.45	6221538	153327120.000
02/26/2013	12.39	13.05	12.30	12.72	8255243	213081712.000
02/27/2013	12.66	12.79	12.05	12.18	3944799	98091080.000
02/28/2013	12.26	12.35	11.88	12.07	3453261	84203624.000
03/01/2013	12.13	12.38	11.98	12.30	5327287	130360824.000
03/04/2013	12.22	12.80	12.10	12.33	5672039	142118432.000
03/05/2013	12.40	13.15	12.16	13.07	7838453	202515088.000
03/06/2013	13.08	13.53	13.06	13.40	6204634	166171664.000
03/07/2013	13.39	13.66	12.69	12.86	4265616	112475920.000
03/08/2013	12.83	13.12	12.53	12.64	2579053	66615600.000
03/11/2013	12.64	12.95	12.58	12.93	3332998	85709776.000
03/12/2013	13.00	13.15	12.13	12.50	4301004	108872976.000
03/13/2013	12.39	12.39	11.91	12.12	2757663	67240200.000
03/14/2013	12.03	12.50	12.03	12.40	2130076	52935904.000
03/15/2013	12.36	12.93	12.21	12.70	3997710	102252864.000
03/18/2013	12.53	12.98	12.53	12.63	2313737	59453196.000
03/19/2013	12.63	12.76	12.05	12.32	2504840	62161308.000
03/20/2013	12.25	12.59	12.19	12.55	3389964	84753528.000
03/21/2013	12.66	13.56	12.59	13.32	7371834	194870944.000
03/22/2013	13.36	13.38	12.89	12.98	3971274	104692888.000
03/25/2013	12.93	13.19	12.72	12.90	4923838	128127728.000
03/26/2013	12.79	13.45	12.69	13.39	4521038	119601400.000
03/27/2013	13.28	13.63	13.27	13.58	6131111	166303360.000
03/28/2013	13.24	13.24	12.60	12.78	7658259	198539216.000
03/29/2013	12.70	12.79	12.25	12.75	3701332	93342264.000
04/01/2013	12.75	12.94	12.45	12.53	2629994	67450448.000
04/02/2013	12.48	12.59	11.35	11.44	6128948	146167200.000
04/03/2013	11.49	11.49	11.05	11.27	3468648	78411152.000
04/08/2013	11.01	12.09	10.91	11.87	2872695	67371320.000
04/09/2013	11.84	11.95	11.67	11.90	1332141	31742862.000
04/10/2013	11.80	11.89	11.38	11.60	2055463	47893280.000
04/11/2013	11.60	11.65	11.38	11.48	1455425	33670136.000
04/12/2013	11.40	11.65	11.40	11.43	1207182	28077536.000
04/15/2013	11.47	11.50	11.14	11.25	1336019	30441098.000
04/16/2013	11.23	11.89	11.11	11.84	3250670	76196328.000
04/17/2013	11.85	12.29	11.75	12.19	4670164	114573160.000
04/18/2013	12.09	12.77	12.09	12.40	4736827	119748096.000
04/19/2013	12.27	12.54	12.01	12.27	3156933	77688864.000
04/22/2013	12.23	12.70	11.14	12.63	2851718	71144904.000
04/23/2013	12.65	12.87	12.28	12.30	2814338	71020800.000
04/24/2013	12.35	13.19	12.20	13.08	4908893	127320472.000
04/25/2013	13.08	13.58	12.71	12.71	8584407	230151696.000
04/26/2013	12.75	12.93	12.07	12.42	4674175	117216776.000
05/02/2013	12.45	13.50	12.32	13.37	4372560	115057072.000
05/03/2013	13.30	14.25	13.27	14.11	5964062	167893904.000
05/06/2013	14.05	14.43	13.80	13.98	4081956	116015728.000
05/07/2013	13.89	14.64	13.85	14.22	2662474	76553664.000
05/08/2013	14.23	14.50	13.94	14.24	2303324	65756272.000
05/09/2013	14.23	14.80	13.91	14.29	3194291	92967800.000
05/10/2013	14.08	14.65	13.68	14.60	2874383	81599920.000
05/13/2013	14.44	14.73	14.15	14.63	1563976	45686824.000
05/14/2013	14.64	14.75	14.24	14.57	1683984	49277780.000
05/15/2013	14.72	15.39	14.65	15.29	3538374	108396672.000
05/16/2013	15.65	16.08	15.32	15.90	5900516	186194448.000
05/17/2013	16.13	17.50	15.80	16.90	3184777	108760368.000
05/20/2013	16.66	16.85	16.20	16.30	3373229	112088536.000
05/21/2013	16.31	16.94	16.24	16.78	4258919	142368336.000
05/22/2013	16.74	16.90	15.38	15.81	7223556	231992960.000
05/23/2013	15.66	16.84	15.66	16.11	2119121	69531448.000
05/24/2013	16.39	17.73	16.39	17.46	3883928	135093632.000
05/27/2013	17.35	18.50	17.19	18.22	4798507	174590896.000
05/28/2013	18.05	18.40	17.25	17.70	3389729	119458920.000
05/29/2013	17.55	17.74	17.01	17.64	2927455	101880752.000
05/30/2013	17.45	17.89	16.50	17.02	4353617	148013744.000
05/31/2013	17.02	17.02	16.60	16.75	4463801	150024672.000
06/03/2013	16.55	16.85	15.75	16.05	6000479	193945856.000
06/04/2013	16.04	16.19	15.65	15.83	3699312	118054864.000
06/05/2013	15.86	16.54	15.86	16.20	4466841	146348656.000
06/06/2013	16.20	16.51	15.60	15.80	2122150	68871752.000
06/07/2013	15.95	16.29	15.68	15.92	2393840	76820568.000
06/13/2013	15.69	15.92	14.70	15.80	3165350	96686080.000
06/14/2013	15.67	17.08	15.67	16.90	3340053	110872288.000
06/17/2013	17.05	17.05	16.35	16.89	3122268	104900488.000
06/18/2013	16.89	17.23	15.95	16.53	2326958	76705528.000
06/19/2013	16.20	16.45	15.91	16.35	2117110	69155496.000
06/20/2013	16.17	16.45	15.28	15.62	3060389	96507976.000
06/21/2013	15.45	16.18	15.23	15.97	2091573	65630588.000
06/24/2013	15.45	16.34	14.70	14.90	3094867	95120712.000
06/25/2013	14.53	16.20	13.77	15.70	2620032	79117512.000
06/26/2013	15.59	16.70	15.59	16.67	2560122	83503016.000
06/27/2013	16.65	16.98	16.05	16.64	2418611	80174440.000
06/28/2013	16.45	16.45	14.97	16.02	1626448	51765424.000
07/01/2013	15.94	16.23	15.20	16.16	3226333	100818816.000
07/02/2013	16.09	16.29	15.35	16.04	4057276	129778512.000
07/03/2013	15.85	17.06	15.45	16.95	4801406	156860592.000
07/04/2013	16.58	17.17	16.20	16.35	3815860	127679072.000
07/05/2013	16.40	16.53	15.63	15.86	3400128	108382088.000
07/08/2013	15.45	15.76	15.20	15.25	3580809	111026720.000
07/09/2013	15.06	15.56	14.85	15.54	1600028	48698624.000
07/10/2013	15.11	16.09	15.11	15.49	3160466	98425488.000
07/11/2013	15.34	16.16	15.18	15.71	2229499	69995376.000
07/12/2013	15.85	16.10	15.60	15.75	1698780	54298432.000
07/15/2013	15.75	16.53	15.63	16.43	2004862	65026188.000
07/16/2013	16.45	17.13	16.25	16.97	2015459	68312200.000
07/17/2013	17.02	17.05	16.30	16.70	1736394	58517388.000
07/18/2013	16.21	16.70	16.20	16.24	970334	31797420.000
07/19/2013	16.43	16.45	14.86	15.45	2448319	79244656.000
07/22/2013	14.95	15.63	14.95	15.44	2673210	82614888.000
07/23/2013	15.60	16.50	15.45	16.35	2461235	79931696.000
07/24/2013	16.32	16.35	15.60	16.02	2937609	93869736.000
07/25/2013	16.14	16.38	15.88	16.31	3917326	126837200.000
07/26/2013	16.20	16.42	14.89	15.95	3966018	123891432.000
07/29/2013	15.37	15.92	15.36	15.68	1520728	48121852.000
07/30/2013	15.70	15.90	14.95	15.65	1536729	48033408.000
07/31/2013	15.48	15.75	15.20	15.33	1093839	33824432.000
08/01/2013	15.33	16.43	15.30	16.30	2376109	76854560.000
08/02/2013	16.30	17.70	16.21	17.45	3687906	127392312.000
08/05/2013	17.44	18.23	16.84	17.87	3991047	139875424.000
08/06/2013	17.85	17.88	17.38	17.83	2145495	75785128.000
08/07/2013	17.83	18.35	17.19	17.28	1885388	67123472.000
08/08/2013	17.00	18.43	16.91	17.93	2129560	76254904.000
08/09/2013	17.63	18.00	16.95	17.45	3069458	106741720.000
08/12/2013	17.36	17.68	16.20	16.95	2264271	75892976.000
08/13/2013	16.81	17.28	16.64	17.20	956902	32760798.000
08/14/2013	17.15	17.28	16.85	17.05	921509	31526446.000
08/15/2013	17.10	17.23	16.70	16.85	684428	23260684.000
08/16/2013	16.76	17.00	16.45	16.52	1002876	33742228.000
08/19/2013	16.45	17.54	16.45	17.46	1713072	57712228.000
08/20/2013	17.25	17.55	16.80	16.95	976612	33665252.000
08/21/2013	16.95	17.54	16.79	17.51	1663497	57066932.000
08/22/2013	17.95	19.02	17.95	18.31	3831452	142237376.000
08/23/2013	18.39	19.18	18.39	19.00	4058881	154555744.000
08/26/2013	18.81	20.91	18.81	20.45	2882271	116387472.000
08/27/2013	20.45	21.20	20.21	20.55	2027106	83688632.000
08/28/2013	20.50	20.50	19.64	19.85	1638584	65804368.000
08/29/2013	19.90	19.90	19.25	19.54	767607	30190212.000
08/30/2013	19.59	20.29	18.85	19.11	887706	34745172.000
09/02/2013	19.11	20.45	19.11	20.05	1540030	61927872.000
09/03/2013	20.38	20.75	19.78	20.60	1851676	75305312.000
09/04/2013	20.80	22.20	20.80	21.65	2616789	113166304.000
09/05/2013	22.05	22.05	20.87	21.33	1691597	72187032.000
09/06/2013	21.05	21.30	20.38	21.04	1755354	73407752.000
09/09/2013	21.00	21.79	20.01	21.31	3270958	136406384.000
09/10/2013	21.30	21.30	20.14	20.23	2149644	88241952.000
09/11/2013	20.20	20.20	18.20	18.95	3729843	140348224.000
09/12/2013	18.65	19.40	18.35	18.92	2585524	97288272.000
09/13/2013	18.92	19.71	18.70	19.29	2246249	87451840.000
09/16/2013	19.33	20.13	19.22	19.74	1594050	62976180.000
09/17/2013	19.45	19.76	19.05	19.10	672341	25998966.000
09/18/2013	19.20	19.40	18.31	18.63	1525736	56768108.000
09/23/2013	18.70	20.02	18.70	19.95	2352739	92485704.000
09/24/2013	20.55	20.75	19.39	19.81	1964712	79095480.000
09/25/2013	19.50	19.84	19.28	19.30	1124370	43811760.000
09/26/2013	18.96	19.33	18.69	18.86	1601271	60753996.000
09/27/2013	19.24	19.24	18.46	18.55	1870648	70021632.000
09/30/2013	18.73	19.14	18.50	18.88	853642	32448212.000
10/08/2013	18.88	19.10	18.20	18.99	1585434	59154948.000
10/09/2013	18.98	19.20	18.60	18.70	1437147	54083720.000
10/10/2013	18.69	18.70	17.00	17.50	5853147	208099280.000
10/11/2013	17.55	17.85	16.60	17.16	6566216	224614656.000
10/14/2013	17.10	17.35	16.85	17.19	2396786	82023272.000
10/15/2013	17.15	17.50	16.93	17.02	2459815	85106536.000
10/16/2013	17.05	17.15	16.06	16.63	1755078	58366548.000
10/17/2013	16.66	17.70	16.64	17.10	2750381	95304376.000
10/18/2013	17.20	17.40	16.84	17.24	2100911	72300192.000
10/21/2013	17.25	17.99	17.11	17.65	1926367	68538488.000
10/22/2013	17.58	17.85	17.16	17.28	1231581	43155088.000
10/23/2013	17.39	17.45	16.46	16.69	1009041	34396964.000
10/24/2013	16.85	17.25	16.71	16.90	2441509	83788680.000
10/25/2013	16.90	17.20	15.95	16.35	1472330	48410960.000
10/28/2013	16.35	17.04	15.98	16.86	1004479	33793616.000
10/29/2013	17.00	17.20	16.10	16.58	765574	25352090.000
10/30/2013	16.45	16.70	16.25	16.28	1376158	45231884.000
10/31/2013	16.29	16.45	15.22	15.70	1979530	61686436.000
11/01/2013	15.69	16.50	15.21	16.36	1394203	44721740.000
11/04/2013	16.36	16.38	15.68	16.37	1099033	35532468.000
11/05/2013	15.96	16.39	15.76	16.36	861572	27693762.000
11/06/2013	16.38	16.54	15.95	16.17	699361	22916646.000
11/07/2013	16.30	16.35	15.45	15.70	817251	25810400.000
11/08/2013	15.70	15.85	15.45	15.61	505328	15859700.000
11/11/2013	15.61	16.28	15.45	16.25	637616	20381114.000
11/12/2013	16.18	16.45	15.96	16.10	452841	14666528.000
11/13/2013	16.10	16.32	15.85	15.93	342325	11003845.000
11/14/2013	15.90	16.43	15.76	16.28	780572	25365814.000
11/15/2013	16.30	16.80	16.15	16.72	468701	15593881.000
11/20/2013	17.85	17.95	17.03	17.22	3226744	112477392.000
11/21/2013	17.22	17.35	16.87	17.04	997778	34243836.000
11/22/2013	17.01	17.18	16.70	16.81	668522	22618710.000
11/25/2013	16.81	16.85	16.39	16.73	972475	32258168.000
11/26/2013	16.69	17.19	16.48	16.83	1300531	44087392.000
11/27/2013	16.90	17.80	16.63	17.75	3200459	112246592.000
11/28/2013	17.90	18.54	17.28	17.55	2607967	93476976.000
11/29/2013	17.50	17.98	17.45	17.88	1889846	67712496.000
12/02/2013	17.20	17.45	16.63	16.80	3159807	108358704.000
12/03/2013	16.46	17.28	15.95	17.23	2483318	81841928.000
12/04/2013	17.15	17.49	16.71	17.07	1238876	42966388.000
12/05/2013	17.25	17.25	16.61	16.72	568598	19148314.000
12/06/2013	16.70	16.96	16.38	16.40	439739	14555881.000
12/09/2013	16.33	17.10	16.33	16.81	718551	24314168.000
12/10/2013	16.75	16.95	16.65	16.70	291874	9797596.000
12/11/2013	16.90	16.93	16.46	16.83	732561	24700870.000
12/12/2013	16.66	17.43	16.66	17.38	1117613	38595088.000
12/13/2013	17.10	17.70	17.09	17.61	645979	22739520.000
12/16/2013	17.25	17.70	17.12	17.68	989389	34877632.000
12/17/2013	17.68	18.03	17.64	17.97	989780	35466364.000
12/18/2013	17.82	17.97	17.60	17.78	488262	17416740.000
12/19/2013	17.56	18.30	17.54	17.70	1417688	51335768.000
12/20/2013	17.75	18.62	17.58	18.45	2501972	91936432.000
12/23/2013	18.60	18.79	17.71	18.44	1059555	38953584.000
12/24/2013	18.43	19.04	18.21	18.42	921449	34608740.000
12/25/2013	18.44	18.92	18.23	18.90	998684	36957612.000
12/26/2013	18.90	18.90	18.04	18.06	1344641	49307112.000
12/27/2013	18.00	18.62	17.80	18.58	891488	32704212.000
12/30/2013	18.58	18.84	18.14	18.64	681143	25146804.000
12/31/2013	18.69	18.85	18.33	18.83	1222186	45523996.000
01/02/2014	18.76	19.58	18.64	19.28	2191034	83767808.000
01/03/2014	19.23	19.63	19.23	19.50	3130727	121812320.000
01/06/2014	19.51	19.51	18.61	18.75	1399506	53021072.000
01/07/2014	18.70	18.91	18.45	18.70	1311187	48981796.000
01/08/2014	18.71	19.65	18.70	19.10	1823870	70539568.000
01/09/2014	19.00	19.10	17.96	18.30	1470894	54852040.000
01/10/2014	17.98	18.35	17.56	17.56	1011679	36314948.000
01/13/2014	17.50	17.51	16.96	17.04	1147307	39590768.000
01/14/2014	17.13	18.04	16.90	18.02	1164651	40668900.000
01/15/2014	18.10	19.53	17.81	18.66	2289463	85100352.000
01/16/2014	18.66	19.28	18.07	18.65	1883019	70556064.000
01/17/2014	18.66	19.13	18.44	18.60	1102914	41741184.000
01/20/2014	18.84	18.85	18.11	18.30	889715	32812932.000
01/21/2014	18.44	19.05	18.00	18.60	1552293	58210068.000
01/22/2014	18.96	19.20	18.55	18.70	1289826	48505824.000
01/23/2014	18.97	19.78	18.78	19.54	2144564	82919352.000
01/24/2014	19.27	20.23	19.25	19.92	1842682	72877040.000
01/27/2014	19.71	19.95	19.36	19.64	961482	38062912.000
01/28/2014	19.46	19.88	18.35	19.05	1682842	63953796.000
01/29/2014	19.10	19.10	18.56	18.64	1344768	50599404.000
01/30/2014	18.64	19.06	18.50	18.76	1162318	43605984.000
02/07/2014	18.60	19.10	18.56	18.95	1608696	61134500.000
02/10/2014	19.41	20.65	19.20	19.92	2484054	99366760.000
02/11/2014	19.81	20.01	19.25	19.69	1741860	68543320.000
02/12/2014	19.55	20.55	19.55	20.26	2694972	108478320.000
02/13/2014	20.37	20.45	19.71	19.73	1724826	69138120.000
02/14/2014	19.54	19.93	19.16	19.50	2065682	80068080.000
02/17/2014	19.65	19.73	19.16	19.33	3520301	136126576.000
02/18/2014	19.35	19.35	18.30	18.46	5724442	213206128.000
02/19/2014	18.40	18.70	18.24	18.49	3512372	130055712.000
02/20/2014	18.54	19.03	18.35	18.90	5477961	206326592.000
02/21/2014	18.95	19.68	18.70	18.84	4428583	170905456.000
02/24/2014	18.51	18.80	17.96	18.69	2236435	82874184.000
02/25/2014	18.61	18.92	16.83	17.39	4177742	149881248.000
02/26/2014	17.25	17.45	16.44	16.88	3348359	112990760.000
02/27/2014	16.80	17.19	15.78	15.95	2377445	78419032.000
02/28/2014	15.95	16.19	15.29	16.07	2401741	75797600.000
03/03/2014	16.23	16.80	16.13	16.78	2483493	82954616.000
03/04/2014	16.85	16.86	15.84	16.03	2903910	93994208.000
03/05/2014	16.04	16.59	16.04	16.10	1616158	52733324.000
03/06/2014	16.10	16.35	15.70	16.22	1170402	37670172.000
03/07/2014	16.22	16.44	16.00	16.09	1178047	38331388.000
03/10/2014	16.00	16.06	14.95	15.12	1756940	54551800.000
03/11/2014	15.20	15.30	14.89	15.18	1344998	40714556.000
03/12/2014	15.09	15.69	14.98	15.50	1340534	41525908.000
03/13/2014	15.50	16.10	15.45	15.85	1459421	46633372.000
03/14/2014	15.82	15.99	15.61	15.93	756686	24030942.000
03/17/2014	15.83	16.34	15.83	16.24	758380	24526088.000
03/18/2014	16.15	16.31	15.95	16.16	1573157	50698068.000
03/19/2014	16.02	16.32	15.90	16.20	1506539	48928976.000
03/20/2014	16.15	16.20	15.10	15.38	2405765	75204800.000
03/21/2014	15.20	15.50	14.65	15.45	2068266	62052796.000
03/24/2014	15.65	15.65	15.36	15.43	1323413	41083136.000
03/25/2014	15.52	15.80	15.41	15.59	995371	31133060.000
03/26/2014	15.70	16.71	15.70	16.50	3187730	104518136.000
03/27/2014	16.44	16.71	16.30	16.51	2640698	87496568.000
03/28/2014	16.48	16.50	15.64	16.45	1613112	52413936.000
03/31/2014	16.40	16.74	16.20	16.50	902079	29943632.000
04/01/2014	16.45	17.05	16.37	17.00	1207704	40955872.000
04/02/2014	16.93	17.05	16.44	16.58	2221088	74423504.000
04/03/2014	16.58	17.05	16.46	16.60	1882690	63218656.000
04/04/2014	16.48	17.44	16.15	17.23	2256955	75506448.000
04/08/2014	16.96	17.43	16.73	17.20	1518842	52110448.000
04/09/2014	17.19	17.35	16.97	17.29	1376624	47380452.000
04/10/2014	17.23	17.73	17.23	17.50	1883656	66027332.000
04/11/2014	17.35	17.35	16.97	17.06	1395573	47759216.000
04/14/2014	17.04	17.29	16.95	17.11	1043880	35888672.000
04/15/2014	17.11	17.30	17.07	17.12	1240092	42634052.000
04/16/2014	16.96	17.25	16.75	17.25	963918	32731756.000
04/17/2014	17.35	18.20	17.20	17.93	3966498	142382880.000
04/18/2014	17.93	18.25	17.66	17.90	2352128	85015536.000
04/21/2014	17.61	18.80	17.60	18.57	4119695	153186880.000
04/22/2014	18.35	18.63	18.06	18.45	1328576	48801300.000
04/23/2014	18.45	19.15	17.90	18.46	2946300	110050664.000
04/24/2014	18.37	18.60	18.15	18.55	1073718	39744736.000
04/25/2014	18.45	18.69	17.85	17.90	2552867	93358704.000
04/28/2014	17.63	17.79	16.95	17.35	1974032	68781600.000
04/29/2014	17.11	18.03	16.96	17.59	2900351	102951848.000
04/30/2014	17.55	18.28	17.47	18.08	2473658	89480536.000
05/05/2014	18.08	19.00	18.08	18.82	2488861	93073248.000
05/06/2014	18.86	19.80	18.86	19.29	4703397	183767184.000
05/07/2014	19.29	19.44	18.95	19.03	1317532	50635200.000
05/08/2014	18.95	20.10	18.95	19.15	1750638	68652256.000
05/09/2014	19.45	19.45	18.52	19.04	1703226	64527448.000
05/12/2014	19.03	19.65	18.75	19.12	1644373	63287856.000
05/13/2014	19.15	19.60	19.00	19.43	1716261	66900356.000
05/14/2014	19.43	19.43	18.79	19.32	1766376	67599632.000
05/15/2014	19.17	19.40	18.36	18.40	1934685	72579376.000
05/16/2014	18.45	18.45	17.40	17.98	2727914	97375832.000
05/19/2014	17.90	18.45	17.63	17.94	2683745	97258704.000
05/20/2014	18.25	18.94	18.00	18.36	1554863	57788304.000
05/21/2014	18.20	19.85	18.08	19.34	1396144	52789176.000
05/22/2014	19.33	19.73	18.95	19.15	2962310	115329912.000
05/23/2014	18.91	19.78	18.81	19.42	3570045	69673752.000
05/26/2014	19.32	19.78	18.69	18.95	5382394	102367064.000
05/27/2014	18.96	19.41	18.55	18.75	4463249	84863104.000
05/28/2014	18.75	19.14	18.38	18.98	4223268	79603760.000
05/29/2014	18.99	19.06	17.97	18.17	3443528	63378692.000
05/30/2014	18.15	18.66	17.82	18.39	4794119	87167200.000
06/03/2014	18.40	18.98	18.19	18.70	2491590	46722964.000
06/04/2014	18.52	18.71	18.21	18.55	2017874	37214552.000
06/05/2014	18.55	19.11	18.41	19.10	2455428	46292440.000
06/06/2014	19.00	19.98	19.00	19.48	4184919	81879664.000
06/09/2014	19.60	19.90	19.30	19.51	3719413	73028744.000
06/10/2014	19.66	20.34	19.20	19.90	4265124	84884232.000
06/11/2014	19.93	20.28	19.60	19.99	2995565	59642396.000
06/12/2014	20.45	21.05	20.11	21.05	6652842	137056960.000
06/13/2014	20.91	22.08	20.58	21.92	7239381	154268288.000
06/16/2014	21.68	22.20	21.48	21.59	4865163	105847184.000
06/17/2014	21.80	21.80	20.50	20.72	6029338	126535552.000
06/18/2014	20.82	21.07	20.61	20.80	5028844	104761896.000
06/19/2014	20.79	21.07	20.16	20.60	3199081	65996276.000
06/20/2014	20.48	21.65	20.21	21.50	5938054	125671200.000
06/26/2014	21.60	21.70	20.93	21.43	4816434	102520552.000
06/27/2014	21.55	21.77	20.95	21.18	4404921	93310880.000
06/30/2014	21.00	22.17	20.69	22.02	6985517	150192208.000
07/01/2014	22.03	22.44	21.58	21.87	2688922	58938808.000
07/02/2014	21.90	22.28	21.38	21.98	3767017	82235112.000
07/03/2014	21.88	22.59	21.72	22.57	3663391	81403040.000
07/04/2014	22.60	22.77	22.18	22.57	3432667	76683912.000
07/07/2014	22.57	22.74	22.01	22.59	3354511	75365296.000
07/08/2014	22.53	22.67	21.84	22.30	3302372	73051952.000
07/09/2014	22.30	22.30	21.00	21.50	4649599	100048264.000
07/10/2014	21.20	21.40	20.20	20.54	6386221	131712912.000
07/11/2014	20.52	20.81	19.71	19.99	4938588	100081184.000
07/14/2014	20.30	20.77	20.04	20.50	4179359	85485320.000
07/15/2014	20.59	21.10	20.12	20.38	4473005	92644816.000
07/16/2014	20.35	20.38	19.40	19.70	4316450	85095608.000
07/17/2014	19.59	19.76	19.20	19.60	3152735	61396864.000
07/18/2014	19.51	19.99	19.25	19.55	3541309	68948416.000
07/21/2014	19.42	20.18	19.30	20.13	3275855	64941904.000
07/22/2014	20.18	21.05	20.11	20.70	4473612	92304336.000
07/23/2014	20.70	20.95	19.62	19.71	3620731	72925496.000
07/24/2014	19.70	19.70	18.73	19.41	5799290	110975408.000
07/25/2014	19.15	19.77	19.15	19.60	1485007	29059702.000
07/28/2014	19.72	19.98	19.43	19.90	2008154	39647156.000
07/29/2014	19.74	20.70	19.74	20.42	4134796	84135552.000
07/30/2014	20.43	20.78	20.14	20.15	2930978	59886928.000
07/31/2014	20.11	20.43	20.11	20.15	2081249	42137084.000
08/01/2014	20.14	20.69	19.89	19.97	3557562	71917488.000
08/04/2014	19.80	20.06	19.35	19.45	5166055	100565936.000
08/05/2014	19.48	20.49	18.80	20.19	7088571	138394304.000
08/06/2014	19.96	20.15	19.81	20.09	2764796	55171060.000
08/07/2014	20.09	20.74	19.88	20.26	4890206	99813656.000
08/08/2014	20.31	20.98	20.26	20.88	5508481	114402760.000
08/11/2014	20.98	21.98	20.75	21.90	6604045	142340672.000
08/12/2014	21.79	22.11	21.43	21.68	5068783	109598968.000
08/13/2014	21.90	22.56	21.58	22.38	8529960	188766048.000
08/14/2014	22.80	23.13	22.40	22.86	6746236	153631328.000
08/15/2014	22.89	23.45	22.29	23.18	5632255	129594976.000
08/18/2014	23.30	23.39	22.67	22.95	4693705	107751624.000
08/19/2014	22.93	22.96	22.15	22.40	5981261	134125672.000
08/20/2014	22.40	22.80	22.08	22.50	4102788	92444600.000
08/21/2014	22.65	22.65	21.75	22.10	3111982	68733304.000
08/22/2014	22.09	22.34	21.76	21.92	4311711	94426000.000
08/25/2014	21.73	22.37	21.50	22.29	5640132	123673592.000
08/26/2014	22.11	22.38	21.20	21.55	3854386	83909968.000
08/27/2014	21.49	22.11	21.35	21.60	3358096	72991472.000
08/28/2014	21.69	21.97	21.41	21.75	2276385	49323812.000
08/29/2014	21.75	22.89	21.54	22.89	7286386	163253056.000
09/01/2014	22.85	23.50	22.65	23.15	6855851	158350096.000
09/02/2014	23.20	23.37	22.92	23.24	4882116	112960760.000
09/03/2014	23.26	23.48	22.78	22.96	6812630	156776144.000
09/04/2014	22.90	23.00	22.35	22.96	6871407	155233168.000
09/05/2014	23.10	23.13	22.31	22.69	6053740	136963872.000
09/09/2014	22.50	22.71	22.25	22.25	6117929	137039376.000
09/10/2014	22.20	22.20	21.72	22.00	7156095	156599488.000
09/11/2014	22.01	22.60	22.00	22.41	6237578	139404080.000
09/12/2014	22.35	22.37	21.95	22.05	5507628	121448656.000
09/15/2014	22.05	22.30	21.90	22.14	4726790	104384304.000
09/16/2014	22.24	22.30	21.23	21.23	5965697	129465728.000
09/17/2014	21.25	21.66	20.82	21.62	5671199	119700736.000
09/18/2014	21.50	21.84	21.26	21.70	3834020	82762448.000
09/19/2014	21.80	21.83	21.17	21.41	4029690	86485936.000
09/22/2014	21.49	21.50	20.95	21.01	3338036	70824384.000
09/23/2014	20.87	21.80	20.86	21.66	4124825	88651448.000
09/24/2014	21.58	21.81	21.58	21.78	3398201	73769216.000
09/25/2014	21.78	21.89	21.30	21.30	5349004	115326896.000
09/26/2014	21.25	21.62	21.16	21.44	3477697	74559904.000
09/29/2014	21.54	21.82	21.54	21.75	3827785	83101728.000
09/30/2014	21.76	22.03	21.61	21.95	3914919	85661016.000
10/08/2014	22.03	22.82	22.01	22.81	8803731	198439824.000
10/09/2014	22.81	22.90	22.45	22.68	7436548	168278432.000
10/10/2014	22.52	22.52	22.00	22.09	4621776	102702960.000
10/13/2014	22.09	22.37	21.75	22.35	4926900	108826520.000
10/14/2014	22.30	22.34	21.85	21.98	3430329	75877984.000
10/15/2014	22.00	22.15	21.72	21.87	3554660	77916136.000
10/16/2014	21.75	21.99	21.01	21.07	7189196	155062912.000
10/17/2014	21.01	21.51	20.63	21.40	5428020	113627824.000
10/20/2014	21.29	21.46	21.03	21.24	3738395	79055152.000
10/21/2014	21.30	21.34	20.87	20.93	2049762	43119092.000
10/22/2014	20.97	20.99	20.33	20.38	3535146	73270232.000
10/23/2014	20.20	20.45	19.85	19.99	3062078	61388776.000
10/24/2014	19.99	20.42	19.79	19.98	2926549	58856464.000
10/27/2014	19.92	20.68	19.69	20.51	3661870	74293832.000
10/28/2014	20.52	20.86	20.46	20.83	2549112	52890804.000
10/29/2014	20.96	20.98	20.68	20.83	2649165	55021740.000
10/30/2014	20.83	21.07	20.81	20.84	2553853	53410384.000
10/31/2014	20.88	20.98	20.12	20.30	3671882	74781256.000
数据来源:通达信
