300077 国民技术 日线
      日期	    开盘	    最高	    最低	    收盘	    成交量	    成交额
10/08/2010	47.46	48.50	46.63	47.96	1066608	128821456.000
10/11/2010	48.27	48.30	46.53	47.02	1650977	196902048.000
10/12/2010	47.28	48.87	47.03	48.32	1429517	174015152.000
10/13/2010	48.54	48.54	46.93	47.79	1044791	125465000.000
10/14/2010	47.83	48.58	47.37	48.29	1200288	146165488.000
10/15/2010	48.19	48.67	46.99	47.15	1010390	121854256.000
10/18/2010	46.99	47.03	45.02	46.90	1314604	152401696.000
10/19/2010	46.99	51.65	46.99	51.51	2973843	382552352.000
10/20/2010	50.37	52.19	50.37	51.05	2249182	292162272.000
10/21/2010	51.05	51.08	49.74	50.59	1235428	156971312.000
10/22/2010	50.63	51.87	50.09	50.87	1188642	153872064.000
10/25/2010	50.75	53.19	50.55	51.83	1432597	189488816.000
10/26/2010	51.79	52.51	50.79	51.05	1069125	138528464.000
10/27/2010	51.09	52.22	49.66	50.05	1316362	170074096.000
10/28/2010	49.94	49.94	48.30	49.25	1328838	165120240.000
10/29/2010	49.41	51.81	49.41	51.06	1519915	195986640.000
11/01/2010	51.11	54.17	51.09	53.39	1962312	262843920.000
11/02/2010	53.23	53.23	50.19	50.75	2007196	263408320.000
11/03/2010	50.36	50.49	48.99	49.19	1000616	126092984.000
11/04/2010	49.42	50.18	49.42	50.04	758275	95666408.000
11/05/2010	50.39	50.78	49.43	50.16	933357	118015280.000
11/08/2010	50.20	52.55	50.20	52.23	1410270	184889056.000
11/09/2010	52.24	52.69	51.79	52.20	1028208	136002880.000
11/10/2010	52.19	56.19	52.19	54.83	2272406	315601056.000
11/11/2010	54.57	56.43	53.99	54.09	1821964	254796000.000
11/12/2010	53.59	55.91	52.39	53.14	2101376	286871776.000
11/15/2010	54.27	57.99	53.99	57.99	2434546	348143392.000
11/16/2010	58.55	59.34	55.40	56.63	2587482	374993312.000
11/17/2010	55.79	57.34	53.42	53.63	1826873	255870400.000
11/18/2010	54.04	55.34	52.39	55.27	1379421	188151792.000
11/19/2010	55.33	57.35	54.66	57.35	1652462	235516736.000
11/22/2010	58.59	62.71	57.99	58.50	2491242	378396160.000
11/23/2010	58.59	61.83	57.79	61.75	2201292	331750112.000
11/24/2010	60.99	62.43	60.59	61.82	1791800	278646816.000
11/25/2010	61.78	62.38	59.19	59.35	2024182	308066528.000
11/26/2010	58.92	60.95	58.21	59.91	1264665	191304384.000
11/29/2010	60.73	61.46	59.23	61.46	1370608	209630768.000
11/30/2010	61.62	61.74	57.23	59.47	2071580	309433504.000
12/02/2010	59.50	59.59	58.23	58.29	1167954	173574736.000
12/03/2010	58.50	58.50	55.97	56.64	1260165	181456800.000
12/06/2010	56.62	56.89	54.71	54.99	948111	132650728.000
12/07/2010	54.71	56.37	54.55	56.13	805343	113449400.000
12/08/2010	55.85	56.58	54.99	54.99	763200	107517832.000
12/09/2010	55.11	55.56	53.84	54.07	769835	106414920.000
12/10/2010	54.14	55.90	53.79	55.85	948491	131302192.000
12/13/2010	56.43	58.59	56.13	57.69	1277472	185136832.000
12/14/2010	57.65	58.17	57.09	57.29	1030868	149354192.000
12/15/2010	57.27	57.49	56.19	56.59	984481	141110912.000
12/16/2010	55.97	57.66	55.97	56.66	849950	122526784.000
12/17/2010	56.99	57.38	56.19	56.55	681479	97592816.000
12/20/2010	56.60	56.78	53.48	54.39	1628390	225790320.000
12/21/2010	54.79	55.13	53.59	55.07	729930	100554048.000
12/22/2010	54.59	55.06	54.06	54.24	531516	73017072.000
12/23/2010	53.91	54.14	53.05	53.29	773594	104902808.000
12/24/2010	53.39	53.57	51.19	51.38	1013021	132923176.000
12/27/2010	51.49	52.19	49.79	49.90	829041	107181568.000
12/28/2010	49.90	50.28	49.29	49.39	813265	102196424.000
12/29/2010	49.68	50.27	49.41	49.99	767974	96969976.000
12/30/2010	50.07	50.07	49.31	49.39	871553	109250360.000
12/31/2010	49.55	50.98	49.54	50.94	930386	118922128.000
01/04/2011	50.51	51.91	50.40	50.94	1357673	175647040.000
01/05/2011	50.60	50.60	49.59	49.79	1497496	188962304.000
01/06/2011	49.79	50.01	47.95	47.99	1787747	220251184.000
01/07/2011	47.65	48.95	47.47	48.55	982901	120310776.000
01/10/2011	48.51	48.59	46.99	47.04	780560	94248120.000
01/11/2011	46.91	46.91	45.87	46.35	713041	83618936.000
01/12/2011	46.99	47.39	46.39	47.31	585545	69624200.000
01/13/2011	47.73	48.59	47.73	48.33	1023723	125447368.000
01/14/2011	48.58	48.58	46.82	47.15	557911	66852376.000
01/17/2011	46.99	49.18	46.99	47.67	1017221	123753344.000
01/18/2011	47.19	47.61	46.63	47.12	565106	67253768.000
01/19/2011	47.07	48.55	46.70	48.33	555759	67392656.000
01/20/2011	48.33	48.38	46.91	46.95	613332	73918112.000
01/21/2011	46.71	48.27	46.59	47.18	476199	57220776.000
01/24/2011	47.38	47.78	43.96	44.01	1187046	136771872.000
01/25/2011	43.78	44.44	42.42	43.13	624632	68381584.000
01/26/2011	43.39	43.98	42.99	43.67	361961	40045176.000
01/27/2011	43.39	44.37	42.84	44.11	517462	57372096.000
01/28/2011	44.03	44.56	43.71	44.39	395087	44281932.000
01/31/2011	44.10	44.98	43.79	44.87	401723	45501784.000
02/01/2011	44.87	45.08	44.50	44.85	323611	36681204.000
02/09/2011	44.52	45.74	44.19	44.94	494313	56442624.000
02/10/2011	45.39	47.08	45.07	47.03	880886	103107416.000
02/11/2011	47.19	47.19	46.47	46.67	681817	80594928.000
02/14/2011	46.69	47.34	46.39	47.10	769320	91413776.000
02/15/2011	47.13	47.37	46.53	46.79	757153	90018040.000
02/16/2011	46.99	48.11	46.59	48.03	805342	96916304.000
02/17/2011	48.19	48.99	47.83	48.21	827813	101398464.000
02/18/2011	48.19	48.58	47.66	47.74	510061	61872104.000
02/21/2011	47.39	48.14	47.39	48.11	591485	71763888.000
02/22/2011	48.19	49.18	47.14	47.15	938801	114519552.000
02/23/2011	47.11	48.10	46.98	47.97	742788	89445496.000
02/24/2011	47.79	47.99	46.79	47.05	654567	78326568.000
02/25/2011	47.05	47.71	46.59	47.37	498536	59543504.000
02/28/2011	47.39	47.39	46.45	46.85	698067	82685232.000
03/01/2011	46.94	47.85	46.70	47.17	623075	74618256.000
03/02/2011	46.83	47.00	45.67	46.01	939523	109905016.000
03/03/2011	46.01	46.26	44.75	45.03	901838	103618664.000
03/04/2011	45.03	45.23	44.40	45.11	517904	58703704.000
03/07/2011	44.99	45.79	44.80	45.71	564535	65113940.000
03/08/2011	45.95	46.13	45.43	45.89	463518	53716556.000
03/09/2011	45.99	48.07	45.75	47.98	1188988	141590368.000
03/10/2011	47.79	49.38	47.79	48.58	1476713	182652064.000
03/11/2011	48.58	51.01	48.42	50.74	2146857	272510176.000
03/14/2011	51.23	52.74	50.11	50.29	1651060	212306480.000
03/15/2011	50.99	51.78	49.39	50.34	2985229	382613056.000
03/16/2011	50.43	50.99	49.38	49.45	1560487	196236832.000
03/17/2011	49.21	50.45	48.40	49.67	1043965	130486400.000
03/18/2011	49.35	50.17	48.82	49.19	706938	88322536.000
03/21/2011	49.27	49.27	47.48	47.48	969863	118114432.000
03/22/2011	47.79	47.91	46.15	46.29	878067	103655360.000
03/23/2011	46.59	47.34	46.31	47.06	521748	62061292.000
03/24/2011	47.34	47.34	46.39	46.69	433896	51466000.000
03/25/2011	46.69	47.07	46.29	47.07	655382	77222688.000
03/28/2011	47.07	48.06	46.87	47.11	686089	82302416.000
03/29/2011	46.59	46.83	44.85	44.92	1009417	116200424.000
03/30/2011	44.91	45.31	43.99	44.15	582343	65482412.000
03/31/2011	44.53	45.07	44.15	44.42	428458	48466488.000
04/01/2011	44.43	45.13	44.19	45.03	323204	36630952.000
04/06/2011	45.03	45.05	43.39	43.45	936186	104193624.000
04/08/2011	44.05	45.18	44.05	44.98	610501	69415352.000
04/11/2011	44.90	45.11	43.63	43.81	664734	74131816.000
04/12/2011	43.39	44.61	43.39	43.75	375387	41887580.000
04/13/2011	43.63	44.47	43.63	44.29	383386	43027612.000
04/14/2011	44.19	44.46	43.87	43.91	355939	39731420.000
04/15/2011	43.90	44.07	43.47	43.67	343940	38043092.000
04/18/2011	43.79	43.88	42.49	42.63	716732	78080744.000
04/19/2011	42.54	42.54	40.53	40.79	1089396	113199832.000
04/20/2011	40.99	41.31	40.60	40.97	473157	49180020.000
04/21/2011	40.95	41.15	40.23	40.35	941668	96626208.000
04/22/2011	40.42	40.42	38.99	39.51	878852	87972536.000
04/25/2011	38.59	38.98	36.58	36.65	1331587	126435848.000
04/26/2011	35.39	36.43	34.59	35.71	788774	71506312.000
04/27/2011	35.72	35.93	34.67	34.91	591322	53129400.000
04/28/2011	34.83	34.89	31.74	31.93	1423920	120252600.000
04/29/2011	31.90	32.10	30.71	31.48	989685	79285512.000
05/03/2011	31.35	32.77	31.03	32.48	708657	58213816.000
05/04/2011	32.50	32.83	32.01	32.67	661259	54578308.000
05/05/2011	32.66	33.69	32.27	32.99	626639	53008956.000
05/06/2011	32.69	33.18	32.34	33.06	374577	31278634.000
05/09/2011	33.07	33.62	32.79	33.09	397337	33500610.000
05/10/2011	33.59	36.19	33.59	36.06	1469392	129789048.000
05/11/2011	35.74	36.17	34.71	35.51	785391	70781752.000
05/12/2011	35.78	35.78	34.79	34.79	445011	39886384.000
05/13/2011	34.79	35.25	33.99	34.89	581618	51106700.000
05/16/2011	35.11	35.63	34.19	34.35	619431	55157668.000
05/17/2011	33.19	33.78	30.88	30.94	2590579	82996048.000
05/18/2011	30.09	30.29	29.30	29.38	2661167	80255368.000
05/19/2011	29.19	29.96	28.60	28.78	1614533	47945448.000
05/20/2011	28.59	28.88	27.66	27.77	2112809	60171952.000
05/23/2011	27.59	28.17	26.68	28.04	2358020	65021944.000
05/24/2011	27.61	30.59	27.10	29.55	3714977	109233456.000
05/25/2011	29.44	29.44	26.59	26.84	4913212	139319744.000
05/26/2011	27.05	27.48	26.59	26.67	1779742	48746424.000
05/27/2011	28.97	28.98	27.29	27.48	3504769	99896504.000
05/30/2011	26.60	28.89	26.59	27.79	5371616	153242432.000
05/31/2011	27.93	27.99	27.04	27.90	4938480	138093104.000
06/01/2011	27.87	28.70	27.62	28.34	3955231	113437936.000
06/02/2011	27.74	27.89	26.61	27.51	3096876	86044000.000
06/03/2011	27.41	27.86	27.01	27.57	2047603	57236516.000
06/07/2011	27.57	27.68	26.99	27.23	2032174	56267020.000
06/08/2011	27.24	28.08	27.23	27.70	3507149	98575304.000
06/09/2011	27.71	27.78	26.95	27.06	2721381	75319272.000
06/10/2011	26.80	27.09	25.50	26.19	3803960	100646120.000
06/13/2011	25.89	28.59	25.61	27.81	6539955	183981696.000
06/14/2011	27.54	28.21	27.32	27.52	5900210	165806112.000
06/15/2011	27.69	27.97	26.89	27.03	3973316	110417600.000
06/16/2011	26.98	26.98	25.94	26.00	5575582	148352960.000
06/17/2011	25.77	26.07	25.12	25.19	3041614	79167416.000
06/20/2011	24.90	26.25	24.69	25.56	3397758	87707656.000
06/21/2011	25.59	25.98	25.31	25.98	2775086	72418056.000
06/22/2011	26.08	26.16	25.41	25.78	2307198	60557724.000
06/23/2011	25.19	26.79	24.69	26.19	8776084	232235648.000
06/24/2011	26.27	27.34	26.27	26.91	7219200	195776880.000
06/27/2011	27.03	28.18	26.93	27.85	7511088	210602720.000
06/28/2011	27.59	27.76	27.22	27.63	4498895	125544408.000
06/29/2011	26.69	26.97	25.71	25.81	10500170	280311328.000
06/30/2011	25.60	26.17	25.59	25.98	4269520	112626768.000
07/01/2011	26.09	26.54	25.90	26.26	4224415	112895528.000
07/04/2011	26.22	26.89	26.20	26.81	4779048	129291760.000
07/05/2011	26.79	27.58	26.60	27.49	5780889	159886624.000
07/06/2011	27.34	28.29	27.21	27.82	6111047	172492960.000
07/07/2011	27.74	29.38	27.71	28.60	8699895	251701760.000
07/08/2011	28.45	29.04	27.90	28.07	5477340	157244672.000
07/11/2011	28.04	28.11	27.43	28.07	3451536	97424976.000
07/12/2011	27.72	27.75	27.20	27.26	3583417	99719920.000
07/13/2011	27.17	28.06	27.17	27.99	3620208	101823632.000
07/14/2011	27.90	29.14	27.90	29.08	6789428	197696032.000
07/15/2011	29.14	29.92	28.91	29.24	7361765	219553648.000
07/18/2011	29.59	30.56	29.07	29.34	6032039	182087296.000
07/19/2011	29.07	29.07	28.09	28.36	4819489	139258192.000
07/20/2011	28.59	28.90	27.98	28.79	3489741	101034520.000
07/21/2011	29.09	29.09	27.70	27.83	3462964	99527776.000
07/22/2011	28.08	28.47	27.96	28.08	2790515	79827672.000
07/25/2011	28.08	28.45	25.97	26.12	4552343	125723432.000
07/26/2011	25.89	26.28	25.65	25.92	2684585	70582376.000
07/27/2011	25.78	26.29	25.29	26.13	2829165	74243472.000
07/28/2011	25.79	25.86	25.30	25.60	3195627	82877128.000
07/29/2011	25.74	26.13	25.45	25.60	2201639	57623368.000
08/01/2011	25.59	26.06	25.09	25.80	2679670	69842496.000
08/02/2011	25.59	25.89	24.79	25.89	2790347	71775272.000
08/03/2011	25.60	28.52	25.51	27.79	11683614	331989952.000
08/04/2011	27.55	27.98	26.94	26.99	6401359	177202560.000
08/05/2011	25.57	26.19	25.15	25.95	3979570	104241632.000
08/08/2011	25.58	25.87	23.59	23.69	5589192	138518320.000
08/09/2011	22.56	23.69	21.90	23.38	3858255	89733032.000
08/10/2011	24.05	24.18	23.44	23.51	2827820	68489384.000
08/11/2011	22.50	24.57	22.50	24.35	4020409	97582256.000
08/12/2011	24.57	25.36	24.49	24.91	3717564	94517632.000
08/15/2011	25.09	25.74	24.62	25.52	3489149	89969880.000
08/16/2011	25.53	25.72	24.90	24.99	2822161	72297312.000
08/17/2011	24.84	25.99	24.84	25.34	2988077	77298328.000
08/18/2011	25.25	25.54	24.62	24.62	2088349	53154456.000
08/19/2011	23.89	24.53	23.60	24.36	2083010	51156012.000
08/22/2011	24.67	25.85	24.57	25.23	3955558	101470432.000
08/23/2011	25.20	26.29	25.18	26.20	5924761	154875840.000
08/24/2011	26.39	27.57	26.37	27.29	14114810	386890976.000
08/25/2011	27.12	27.59	26.04	27.32	9642076	262657168.000
08/26/2011	26.79	28.27	26.69	28.14	7916025	222834592.000
08/29/2011	27.69	28.57	27.50	28.01	5929020	168670256.000
08/30/2011	28.00	28.18	26.77	26.80	6228103	173129744.000
08/31/2011	26.67	27.24	26.01	26.43	3615207	97075296.000
09/01/2011	26.55	26.69	25.82	25.99	2738113	72988616.000
09/02/2011	26.00	27.06	25.73	26.58	4585771	122959672.000
09/05/2011	26.29	26.34	24.70	24.71	3297187	84631528.000
09/06/2011	24.39	24.74	23.95	24.06	3353592	82735288.000
09/07/2011	24.28	24.95	24.19	24.89	2242120	56091708.000
09/08/2011	25.17	25.98	24.79	25.42	4432449	114720208.000
09/09/2011	25.32	26.22	24.90	24.96	3609335	93603080.000
09/13/2011	24.51	24.88	24.19	24.57	1744098	43478232.000
09/14/2011	24.71	25.64	24.60	25.63	3109267	79411072.000
09/15/2011	25.69	25.86	25.44	25.51	2674309	69676472.000
09/16/2011	25.72	25.92	25.52	25.59	2203140	57437096.000
09/19/2011	25.20	25.29	24.31	24.42	2119551	53138332.000
09/20/2011	24.25	24.86	24.14	24.33	1902333	47357176.000
09/21/2011	24.39	25.39	24.24	25.37	4775221	120054672.000
09/22/2011	24.89	25.07	24.19	24.22	3136370	78545544.000
09/23/2011	23.88	24.44	23.60	24.08	1939259	47376428.000
09/26/2011	23.99	24.49	23.83	23.89	1585529	38921212.000
09/27/2011	24.24	24.39	23.56	23.61	2532118	61331372.000
09/28/2011	23.85	23.98	23.09	23.20	1901399	45522524.000
09/29/2011	23.09	23.32	22.39	22.39	1855092	43019032.000
09/30/2011	22.60	23.02	22.32	22.72	1667717	38492764.000
10/10/2011	22.71	22.77	21.85	21.99	2426924	54681068.000
10/11/2011	22.50	22.74	21.81	22.14	1456564	32987978.000
10/12/2011	22.09	23.20	21.87	23.12	2286281	53100408.000
10/13/2011	22.85	23.58	22.85	23.37	1942246	46083396.000
10/14/2011	23.37	23.57	22.96	23.30	1875747	44470612.000
10/17/2011	23.24	23.45	22.85	23.02	1884783	44321116.000
10/18/2011	22.79	23.03	22.09	22.10	1860361	42911020.000
10/19/2011	22.22	22.36	20.95	21.42	3497822	76371904.000
10/20/2011	21.19	21.33	20.42	20.67	2413200	50931236.000
10/21/2011	20.50	20.89	20.39	20.42	866995	18191406.000
10/24/2011	20.45	20.59	19.73	20.51	2418240	49750368.000
10/25/2011	20.45	21.09	20.01	21.05	2832011	59800240.000
10/26/2011	20.79	21.55	20.71	21.24	3115563	67254792.000
10/27/2011	21.32	21.79	20.74	20.94	2497512	54087468.000
10/28/2011	21.21	21.71	21.09	21.48	2977937	64931692.000
10/31/2011	21.39	22.42	21.38	22.15	3073232	68755248.000
11/01/2011	21.70	22.29	21.57	22.17	3054128	68298272.000
11/02/2011	21.63	22.89	21.44	22.74	6137195	139982240.000
11/03/2011	23.14	23.99	23.14	23.24	9886263	237000224.000
11/04/2011	23.50	23.87	23.04	23.54	5200128	124248592.000
11/07/2011	23.34	23.43	22.77	22.82	3863749	90650680.000
11/08/2011	22.85	23.43	22.71	22.79	2903934	68195696.000
11/09/2011	22.99	23.83	22.77	23.80	4702132	111484320.000
11/10/2011	23.49	24.73	23.40	23.96	8035344	196653008.000
11/11/2011	23.99	24.27	23.01	23.15	6879183	166563680.000
11/14/2011	23.79	25.51	23.79	24.37	14017889	355061696.000
11/15/2011	24.09	24.84	23.88	24.80	10067118	249231808.000
11/16/2011	24.60	26.49	24.20	26.04	19252489	494985152.000
11/17/2011	25.79	28.44	25.70	28.03	18939354	522453664.000
11/18/2011	27.41	27.80	26.69	27.06	11384265	313710144.000
11/21/2011	27.12	27.33	25.87	26.37	8665756	231543552.000
11/22/2011	26.03	26.73	25.81	26.31	6366237	170224400.000
11/23/2011	26.37	26.39	24.86	24.99	11779970	303683136.000
11/24/2011	24.67	25.59	24.51	25.03	6948405	177209344.000
11/25/2011	24.89	25.53	24.59	24.59	4562480	116307664.000
11/28/2011	24.87	26.58	24.69	26.57	9168590	240664400.000
11/29/2011	26.83	27.39	26.15	26.95	9225639	251278496.000
11/30/2011	26.89	26.89	24.90	25.19	9284295	241659600.000
12/01/2011	26.10	26.51	25.39	25.39	7411226	195887840.000
12/02/2011	25.19	25.21	23.99	24.03	5158789	127704992.000
12/05/2011	23.74	23.77	22.19	22.49	5945936	137230800.000
12/06/2011	22.37	22.78	22.09	22.59	2708410	62220896.000
12/07/2011	23.39	23.72	22.60	22.89	3821321	89918384.000
12/08/2011	22.90	25.22	22.09	25.19	11372262	282426592.000
12/09/2011	24.49	24.99	24.04	24.15	7616966	189718640.000
12/12/2011	24.29	25.20	24.15	24.78	7157715	179971872.000
12/13/2011	24.47	24.55	23.48	23.58	5080828	123364312.000
12/14/2011	23.29	23.97	22.85	23.53	3312618	78983552.000
12/15/2011	23.27	24.73	23.09	23.79	7062033	173707168.000
12/16/2011	23.60	26.21	23.42	26.21	13697018	352166080.000
12/19/2011	26.14	27.76	25.79	27.69	19687072	533738912.000
12/20/2011	28.39	28.85	25.93	25.99	17323067	481006272.000
12/21/2011	26.14	27.07	25.91	26.49	12285788	330934752.000
12/22/2011	25.59	28.85	24.70	27.99	17871627	487768128.000
12/23/2011	27.49	29.11	27.17	28.19	13778498	393254944.000
12/26/2011	28.19	28.80	26.94	26.99	8957317	252857856.000
12/27/2011	26.67	28.39	26.51	27.00	10035485	279048544.000
12/28/2011	26.36	27.49	25.80	26.75	8471914	228465376.000
12/29/2011	26.54	26.95	26.07	26.17	5435793	146039600.000
12/30/2011	25.99	28.16	25.99	27.48	9147777	253275120.000
01/04/2012	27.86	28.87	26.59	26.69	10138197	286843616.000
01/05/2012	26.13	26.43	23.99	24.18	11041205	281322752.000
01/06/2012	23.75	24.67	22.87	24.49	7521718	180778320.000
01/09/2012	24.29	25.74	23.67	25.63	9232471	232619920.000
01/10/2012	25.49	27.32	25.14	26.73	12379519	332194272.000
01/11/2012	26.59	28.07	26.39	27.94	14222429	396835584.000
01/12/2012	27.60	28.29	27.27	27.36	11305660	318364096.000
01/13/2012	27.36	28.19	26.49	27.50	13787134	383258624.000
01/16/2012	26.59	26.82	24.71	24.71	11603551	301041120.000
01/17/2012	23.99	26.15	23.77	25.97	11317347	287382368.000
01/18/2012	25.89	26.36	23.33	23.34	13713596	347272448.000
01/19/2012	22.59	22.69	20.99	22.08	10876648	244983824.000
01/20/2012	21.85	22.64	21.84	22.12	5904230	133511112.000
01/30/2012	22.39	22.97	22.13	22.75	4713127	109024008.000
01/31/2012	22.69	22.71	21.94	22.53	3102902	70459024.000
02/01/2012	22.50	23.25	22.39	22.50	4264532	99247088.000
02/02/2012	22.59	22.88	22.14	22.83	4188333	96340824.000
02/03/2012	22.77	23.92	22.59	23.85	6076361	143293888.000
02/06/2012	23.59	23.92	23.30	23.63	4615444	110998256.000
02/07/2012	23.39	23.97	23.12	23.23	5312011	126988104.000
02/08/2012	23.16	23.93	23.04	23.80	4387038	105328256.000
02/09/2012	23.82	26.03	23.60	25.12	10126291	259075408.000
02/10/2012	24.95	25.38	24.56	25.06	6429557	163249984.000
02/13/2012	24.74	25.97	24.60	25.54	7118243	184771296.000
02/14/2012	25.48	26.52	24.94	24.99	7851205	204035856.000
02/15/2012	24.90	25.97	24.39	25.65	8472394	218376656.000
02/16/2012	25.57	25.77	24.70	25.15	6809840	174870976.000
02/17/2012	25.31	25.59	24.84	25.54	5446410	139697088.000
02/20/2012	25.89	26.49	25.29	25.29	8779041	230869440.000
02/21/2012	25.30	26.89	25.21	26.73	14746921	391084736.000
02/22/2012	26.58	27.26	26.42	26.96	12298032	334916704.000
02/23/2012	26.95	27.26	26.27	26.67	9523491	258354192.000
02/24/2012	26.75	26.87	26.14	26.66	7943418	213480480.000
02/27/2012	27.06	28.15	26.49	26.50	12180564	338157504.000
02/28/2012	26.29	26.53	25.59	25.85	8558448	225965488.000
02/29/2012	25.87	26.35	25.60	26.10	6885354	181865968.000
03/01/2012	25.92	28.75	25.89	28.37	28607577	813622016.000
03/02/2012	27.95	28.59	27.93	28.45	14593537	418491584.000
03/06/2012	28.89	31.29	28.50	29.98	25703524	785111808.000
03/07/2012	29.38	31.56	29.27	30.55	18756084	582453760.000
03/08/2012	30.79	31.01	30.20	30.80	10077827	312170624.000
03/09/2012	31.08	32.19	30.42	30.84	13929469	441384608.000
03/12/2012	30.83	31.04	30.01	30.39	13733487	423162848.000
03/13/2012	30.30	30.77	29.61	30.45	10686562	326384992.000
03/14/2012	30.49	31.07	27.82	28.19	17924479	537146368.000
03/15/2012	28.09	28.41	26.80	27.45	10514758	293924672.000
03/16/2012	27.50	28.39	27.08	28.28	9539387	269853056.000
03/19/2012	27.39	28.09	27.25	27.99	9600100	269625408.000
03/20/2012	27.70	27.75	26.39	26.39	11665661	317332960.000
03/21/2012	26.58	26.89	25.99	26.74	8568332	230620352.000
03/22/2012	26.74	27.36	26.53	26.85	7356825	201769824.000
03/23/2012	26.60	26.99	26.11	26.83	5388574	145565472.000
03/26/2012	26.88	27.69	26.71	27.40	8467053	234515968.000
03/27/2012	27.52	28.17	27.24	27.83	7607878	214060640.000
03/28/2012	27.57	27.57	26.17	26.17	8776874	238770496.000
03/29/2012	25.91	25.91	23.58	24.29	7433184	186934688.000
03/30/2012	24.14	24.66	23.68	24.04	4289885	105094336.000
04/05/2012	24.04	24.76	23.99	24.67	5064941	126397648.000
04/06/2012	24.48	25.06	24.39	24.68	5042381	126810040.000
04/09/2012	24.66	24.66	23.07	23.07	6983887	169367152.000
04/10/2012	22.67	23.92	22.39	23.90	6968316	163874912.000
04/11/2012	23.40	23.99	23.26	23.54	4562327	109391616.000
04/12/2012	23.67	24.25	23.62	24.22	5427696	132404096.000
04/13/2012	24.11	24.78	24.11	24.27	4948042	122919488.000
04/16/2012	24.07	24.43	23.77	23.88	3621539	88530368.000
04/17/2012	23.97	24.05	23.29	23.31	4291692	102929672.000
04/18/2012	23.49	24.36	23.40	24.24	4596128	112283248.000
04/19/2012	24.14	24.63	23.95	24.21	4478823	110658400.000
04/20/2012	24.04	25.26	23.97	25.07	6524572	164651296.000
04/23/2012	24.70	24.89	22.52	22.73	12746226	300644096.000
04/24/2012	22.09	22.87	21.77	22.51	6679651	151009696.000
04/25/2012	22.45	22.54	21.83	22.08	4880386	109972144.000
04/26/2012	22.29	22.46	21.27	21.63	5098938	113328896.000
04/27/2012	21.43	22.24	21.43	21.85	3321525	73978448.000
05/02/2012	22.13	22.33	21.79	22.16	3033135	68349872.000
05/03/2012	22.23	22.72	22.16	22.62	3144132	71830400.000
05/07/2012	23.19	23.94	23.05	23.36	5300479	126195848.000
05/08/2012	23.35	24.14	23.10	23.77	5122793	123824408.000
05/09/2012	23.62	23.62	22.80	22.94	4050144	95384464.000
05/10/2012	23.02	23.33	22.84	22.96	2244239	52744096.000
05/11/2012	22.96	23.14	22.73	22.77	2031165	47300928.000
05/14/2012	23.07	23.44	22.69	22.71	2706391	63531964.000
05/15/2012	22.54	22.54	22.08	22.37	2520984	57192124.000
05/16/2012	22.37	22.57	21.94	21.98	1740144	39461408.000
05/17/2012	21.97	22.45	21.94	22.34	1711861	38789476.000
05/18/2012	22.47	24.22	22.37	23.26	7868193	188220992.000
05/21/2012	23.09	23.58	22.92	23.32	3657963	86452368.000
05/22/2012	23.59	23.74	23.16	23.44	2863327	68322600.000
05/23/2012	23.49	23.52	22.61	22.75	3183454	74476992.000
05/24/2012	22.79	23.58	22.73	23.19	3090105	72741032.000
05/25/2012	23.29	23.34	22.40	22.58	2642195	61495852.000
05/28/2012	22.31	22.43	21.65	22.20	3797938	84953152.000
05/29/2012	22.36	22.81	22.25	22.59	3536396	79924816.000
05/30/2012	23.05	23.14	22.60	22.67	3434881	78673128.000
05/31/2012	22.64	23.66	22.63	23.44	6645407	155510192.000
06/01/2012	23.31	23.56	23.03	23.49	4175753	97567200.000
06/04/2012	23.14	23.44	22.39	22.39	4127624	95057280.000
06/05/2012	22.50	22.65	22.11	22.20	2753169	61657280.000
06/06/2012	22.39	22.58	21.89	22.06	2707659	60432324.000
06/07/2012	22.39	22.48	21.89	21.98	2123978	47342976.000
06/08/2012	22.25	22.52	21.84	22.09	2522726	56316884.000
06/11/2012	22.36	22.89	22.14	22.89	3260187	73926224.000
06/12/2012	22.79	22.83	22.52	22.68	1848502	42075348.000
06/13/2012	22.82	23.19	22.71	23.07	3120135	72038568.000
06/14/2012	23.03	23.15	22.29	22.33	3084481	70380392.000
06/15/2012	22.39	22.99	22.08	22.79	3497613	79004256.000
06/18/2012	22.80	23.17	22.71	22.97	3420226	78918416.000
06/19/2012	22.91	23.57	22.83	23.35	5724676	134252288.000
06/20/2012	23.24	23.35	22.90	23.22	4650905	108014200.000
06/21/2012	23.27	23.44	21.75	22.20	5859255	132171088.000
06/25/2012	22.04	22.14	21.29	21.30	3802107	82973272.000
06/26/2012	21.09	21.48	20.99	21.33	1696458	36231696.000
06/27/2012	21.39	21.56	20.59	20.67	3385671	71760808.000
06/28/2012	20.71	20.83	19.89	19.95	3563390	72352176.000
06/29/2012	19.93	20.27	19.79	20.20	2145072	43220424.000
07/02/2012	20.04	20.54	20.01	20.29	2474667	50533384.000
07/03/2012	20.24	20.27	19.91	20.05	3128203	63094172.000
07/04/2012	19.96	20.19	19.89	19.94	2057481	41424776.000
07/05/2012	19.87	19.88	17.94	17.94	8000492	147447952.000
07/06/2012	17.89	18.22	17.39	18.10	3812421	68114664.000
07/09/2012	17.90	17.90	17.20	17.22	3349038	59128592.000
07/10/2012	17.07	17.19	16.77	17.07	2369461	40494060.000
07/11/2012	17.09	17.34	16.92	17.29	1408818	24364844.000
07/12/2012	17.19	17.70	17.14	17.67	3128843	55311048.000
07/13/2012	17.49	17.67	17.09	17.14	3072136	53782192.000
07/16/2012	17.21	17.28	15.65	15.89	4723836	76823672.000
07/17/2012	15.79	16.19	15.64	16.08	2179280	34984484.000
07/18/2012	16.07	16.29	15.67	16.20	2441589	39151048.000
07/19/2012	16.15	16.63	16.09	16.41	3101613	51440528.000
07/20/2012	16.41	16.72	16.24	16.32	2335494	38824000.000
07/23/2012	16.13	16.28	15.91	16.07	1719148	27846672.000
07/24/2012	15.99	17.09	15.93	16.65	3996127	67430872.000
07/25/2012	16.49	16.87	16.31	16.42	2289903	38229580.000
07/26/2012	16.42	16.57	16.16	16.19	1515081	24957754.000
07/27/2012	16.27	16.50	16.02	16.38	1702237	27853168.000
07/30/2012	16.33	16.66	15.87	15.90	2004469	32784960.000
07/31/2012	15.86	15.99	15.14	15.28	2405373	37332160.000
08/01/2012	15.29	15.68	15.29	15.41	1644526	25629340.000
08/02/2012	15.28	15.56	15.19	15.46	1576102	24464028.000
08/03/2012	15.57	16.00	15.34	16.00	2539238	40295748.000
08/06/2012	15.77	16.53	15.77	16.44	3086849	50581208.000
08/07/2012	16.43	16.63	16.26	16.44	2601467	43007848.000
08/08/2012	16.34	16.85	16.29	16.63	3123757	52119428.000
08/09/2012	16.59	16.73	16.03	16.64	2487850	41354372.000
08/10/2012	16.79	16.89	16.42	16.51	1910970	31924480.000
08/13/2012	16.41	16.49	15.64	15.69	2979866	48154272.000
08/14/2012	15.67	15.96	15.44	15.89	1999722	31586740.000
08/15/2012	15.89	15.89	15.53	15.59	1250819	19760850.000
08/16/2012	15.54	15.67	15.44	15.49	1082113	16944858.000
08/17/2012	15.50	15.92	15.47	15.92	1690366	26728904.000
08/20/2012	15.79	16.04	15.56	15.92	1404492	22345510.000
08/21/2012	15.90	17.06	15.90	16.75	5415610	90722504.000
08/22/2012	16.69	16.84	16.29	16.39	3060431	50991968.000
08/23/2012	16.41	16.87	16.36	16.77	2989305	50134976.000
08/24/2012	16.77	17.17	16.29	16.30	3732050	62998716.000
08/27/2012	16.30	16.48	15.55	15.76	2403313	38173144.000
08/28/2012	15.73	16.08	15.69	15.88	1663940	26579028.000
08/29/2012	15.88	16.32	15.73	16.04	2354013	38098252.000
08/30/2012	15.95	16.29	14.91	15.26	3489120	54603064.000
08/31/2012	15.24	15.54	15.09	15.41	1634488	25164924.000
09/03/2012	15.37	15.76	15.33	15.54	1711138	26837816.000
09/04/2012	15.46	17.11	15.44	17.11	6049809	102635264.000
09/05/2012	17.39	18.07	16.99	17.49	13411344	236158928.000
09/06/2012	17.33	17.95	17.14	17.75	9880520	174841360.000
09/07/2012	17.77	18.44	17.59	18.11	9312260	168675616.000
09/10/2012	17.91	18.59	17.70	18.08	8271978	151170976.000
09/11/2012	18.28	19.48	18.27	18.36	11210220	211971168.000
09/12/2012	18.14	18.49	17.78	18.31	7233829	131629200.000
09/13/2012	18.13	18.22	17.69	17.69	4143813	74911912.000
09/14/2012	17.84	18.48	17.84	18.08	6535855	119389696.000
09/17/2012	17.99	18.07	17.29	17.40	3962306	70017440.000
09/18/2012	17.36	17.77	17.19	17.25	2406078	42325144.000
09/19/2012	17.39	17.93	17.29	17.67	3971315	70725008.000
09/20/2012	17.77	18.17	16.57	16.59	5146518	89570424.000
09/21/2012	16.60	16.68	16.00	16.01	3703555	60512028.000
09/24/2012	15.99	16.35	15.63	16.19	2323008	37563160.000
09/25/2012	16.10	16.49	15.98	16.05	1886391	30774162.000
09/26/2012	16.12	16.57	16.01	16.08	3209331	52554780.000
09/27/2012	16.29	16.63	15.99	16.54	3215646	53045784.000
09/28/2012	16.49	16.87	16.37	16.85	3427477	57350184.000
10/08/2012	16.79	17.02	16.33	16.69	2916735	48807368.000
10/09/2012	16.60	17.21	16.60	17.14	3396863	58101964.000
10/10/2012	17.09	17.41	16.81	17.34	3434429	59251488.000
10/11/2012	17.19	17.34	16.61	16.62	3277751	55866224.000
10/12/2012	16.73	16.94	16.26	16.83	3191338	53357632.000
10/15/2012	16.70	16.71	15.87	16.13	3125734	50845088.000
10/16/2012	16.09	16.31	15.80	15.84	2739986	44232100.000
10/17/2012	15.94	16.01	15.64	15.95	2006249	32028320.000
10/18/2012	16.03	16.38	15.97	16.25	2345149	38190924.000
10/19/2012	16.39	16.56	16.12	16.34	2164008	35609276.000
10/22/2012	16.14	16.24	15.88	16.18	2127420	34339140.000
10/23/2012	16.18	16.21	15.80	15.83	2063897	33167588.000
10/24/2012	15.64	16.02	15.51	15.85	1819255	28950750.000
10/25/2012	15.77	15.97	15.65	15.65	1788116	28415854.000
10/26/2012	15.67	15.67	14.89	15.12	2934771	44864380.000
10/29/2012	15.11	15.14	14.93	14.98	1148003	17403200.000
10/30/2012	14.99	15.13	14.94	14.99	1126955	17047740.000
10/31/2012	15.01	15.04	14.19	14.43	3559648	51972956.000
11/01/2012	14.43	14.69	14.30	14.66	1805819	26551546.000
11/02/2012	14.61	15.00	14.50	14.90	2711633	40551640.000
11/05/2012	14.80	14.92	14.54	14.60	1621412	23967488.000
11/06/2012	14.60	14.60	13.71	14.19	3345013	47697080.000
11/07/2012	14.23	14.28	13.98	14.07	1550934	22031908.000
11/08/2012	13.98	14.02	13.52	13.52	1962007	27241582.000
11/09/2012	13.46	13.76	13.28	13.64	2340664	31889216.000
11/12/2012	13.63	13.82	13.50	13.71	1229917	16954074.000
11/13/2012	13.72	13.74	13.20	13.22	1960637	26490364.000
11/14/2012	13.28	13.43	13.21	13.40	1172470	15729621.000
11/15/2012	13.25	13.40	13.10	13.10	1292118	17237436.000
11/16/2012	13.09	13.47	13.08	13.31	1633898	21933590.000
11/19/2012	13.49	13.64	13.26	13.62	1493499	20240106.000
11/20/2012	13.61	13.71	13.50	13.64	1315217	18042328.000
11/21/2012	13.67	13.98	13.61	13.95	2605886	36191492.000
11/22/2012	13.89	13.89	13.40	13.46	1979154	27142984.000
11/23/2012	13.47	13.67	13.41	13.41	1225864	16725085.000
11/26/2012	13.40	13.47	13.01	13.05	1586099	21081896.000
11/27/2012	12.99	12.99	12.42	12.45	1774993	22688020.000
11/28/2012	12.34	12.45	12.23	12.28	1265525	15749914.000
11/29/2012	12.33	12.54	12.10	12.16	1193173	14886065.000
11/30/2012	12.15	12.40	11.92	12.30	1165397	14457204.000
12/03/2012	12.29	12.34	11.85	11.88	1124967	13739426.000
12/04/2012	11.90	12.29	11.81	12.26	1721987	20986788.000
12/05/2012	12.25	12.85	12.16	12.77	2658211	33750168.000
12/06/2012	12.98	13.34	12.85	13.06	3605295	47555292.000
12/07/2012	12.99	13.30	12.71	13.28	3837326	50392332.000
12/10/2012	13.17	13.59	13.07	13.53	3393976	45779984.000
12/11/2012	13.38	13.47	13.20	13.21	3054352	41085968.000
12/12/2012	13.21	13.56	13.13	13.31	2113810	28352572.000
12/13/2012	13.19	14.37	13.15	13.51	4702524	65325212.000
12/14/2012	13.31	14.07	13.26	13.94	5030648	69864792.000
12/17/2012	13.97	14.09	13.60	13.98	4024128	56148924.000
12/18/2012	13.94	14.13	13.69	13.85	3887166	54684404.000
12/19/2012	13.79	13.97	13.69	13.70	3012382	41932900.000
12/20/2012	13.69	14.16	13.60	13.83	3489862	48819208.000
12/21/2012	13.98	14.04	13.73	13.97	3918401	54814024.000
12/24/2012	13.90	14.19	13.81	14.11	3686861	52178792.000
12/25/2012	14.11	14.49	14.07	14.44	4600173	66205100.000
12/26/2012	14.40	14.72	14.31	14.67	4185086	61108116.000
12/27/2012	14.69	14.73	14.09	14.11	5227378	75536368.000
12/28/2012	14.11	14.28	13.94	14.19	3421720	48628760.000
12/31/2012	14.13	14.45	14.13	14.26	2768928	39783248.000
01/04/2013	14.36	14.39	13.87	14.03	3296286	46771488.000
01/07/2013	14.08	14.34	13.92	14.30	2973033	42561592.000
01/08/2013	14.30	14.82	14.26	14.69	5764712	84629360.000
01/09/2013	14.59	14.84	14.32	14.52	5088083	74875440.000
01/10/2013	14.54	15.05	14.54	14.82	5190709	77497296.000
01/11/2013	14.77	15.94	14.75	15.29	11205135	173836320.000
01/14/2013	15.19	15.78	15.07	15.71	7423049	115943352.000
01/15/2013	15.72	16.03	15.54	15.71	6458407	102479984.000
01/16/2013	15.88	16.86	15.87	16.19	8320808	137244176.000
01/17/2013	16.14	16.34	15.34	15.44	5366333	85214816.000
01/18/2013	15.64	15.79	15.13	15.55	6226094	96677144.000
01/21/2013	15.55	15.74	15.26	15.55	4122596	64313296.000
01/22/2013	15.44	15.66	15.01	15.13	3454229	53367376.000
01/23/2013	15.14	15.22	14.79	15.20	4215745	63899396.000
01/24/2013	15.20	15.34	14.49	14.63	4821399	72597072.000
01/25/2013	14.59	14.70	14.41	14.43	2291253	33565572.000
01/28/2013	14.50	14.79	14.45	14.79	2771272	41026688.000
01/29/2013	14.79	15.10	14.79	14.99	3341736	50359368.000
01/30/2013	15.04	15.04	14.72	14.89	2941711	43979148.000
01/31/2013	15.01	15.18	14.84	14.88	3486035	52553928.000
02/01/2013	14.90	15.15	14.86	15.01	2006685	30323380.000
02/04/2013	15.01	15.17	14.40	14.44	3983485	58683196.000
02/05/2013	14.47	14.65	14.29	14.56	2371033	34584204.000
02/06/2013	14.62	14.95	14.58	14.85	2803536	41901272.000
02/07/2013	14.89	15.40	14.79	15.35	4495097	68902216.000
02/08/2013	15.46	15.57	15.36	15.49	3702242	57676368.000
02/18/2013	15.55	15.85	15.34	15.51	3867361	60684960.000
02/19/2013	15.49	15.72	15.11	15.17	3592150	55721784.000
02/20/2013	15.23	15.71	15.16	15.71	3800640	59353480.000
02/21/2013	15.60	15.86	15.36	15.40	4489278	70171624.000
02/22/2013	15.43	15.55	15.25	15.31	2648023	41133084.000
02/25/2013	15.31	15.43	15.14	15.36	2967647	45652680.000
02/26/2013	16.30	16.86	15.79	15.91	11400597	186508240.000
02/27/2013	15.98	17.49	15.77	16.91	14160653	238279296.000
02/28/2013	16.49	16.98	16.40	16.94	8591076	144772224.000
03/01/2013	16.95	17.26	16.71	17.14	6874575	117842008.000
03/04/2013	16.86	17.02	16.14	16.37	6490651	107908000.000
03/05/2013	16.37	16.84	16.19	16.71	4798808	80265184.000
03/06/2013	16.71	17.34	16.65	17.04	5563091	95526896.000
03/07/2013	17.24	17.59	16.40	16.77	6132121	105568256.000
03/08/2013	16.77	16.77	16.26	16.35	3857543	64122024.000
03/11/2013	16.45	16.49	16.10	16.27	2033809	33283202.000
03/12/2013	16.31	16.38	15.38	15.58	3701256	58930272.000
03/13/2013	15.64	15.81	15.23	15.73	2597668	40485012.000
03/14/2013	15.67	15.75	15.40	15.46	2167313	33858068.000
03/15/2013	15.48	15.75	15.13	15.46	2889168	45099192.000
03/18/2013	15.39	15.59	15.16	15.17	1778039	27473600.000
03/19/2013	15.26	15.77	15.21	15.67	3252904	50967676.000
03/20/2013	15.75	16.05	15.54	16.00	3220882	51247552.000
03/21/2013	15.91	16.32	15.86	16.20	3571517	57891636.000
03/22/2013	16.20	16.34	15.93	16.08	2123342	34468324.000
03/25/2013	16.07	16.78	15.78	16.58	4897197	80879440.000
03/26/2013	16.56	16.56	15.94	16.19	3537562	57582684.000
03/27/2013	16.21	16.44	16.07	16.21	2183821	35706944.000
03/28/2013	16.06	16.06	15.30	15.39	3037885	47640656.000
03/29/2013	15.39	15.57	15.29	15.44	1693386	26316394.000
04/01/2013	15.44	15.57	15.27	15.42	1521919	23630246.000
04/02/2013	14.89	14.89	13.87	13.87	8799783	126258240.000
04/03/2013	13.77	14.01	13.59	13.68	2794399	38727716.000
04/08/2013	13.39	13.68	13.19	13.68	2119643	28780976.000
04/09/2013	13.69	13.98	13.69	13.94	1961417	27414692.000
04/10/2013	13.92	13.92	13.52	13.70	1467024	20268156.000
04/11/2013	13.84	13.84	13.45	13.47	1704303	23358326.000
04/12/2013	13.50	13.69	13.30	13.34	1140186	15515000.000
04/15/2013	13.41	13.51	13.29	13.34	1270896	17162850.000
04/16/2013	13.24	13.54	13.09	13.51	1253487	16870022.000
04/17/2013	13.59	14.50	13.59	14.14	4565041	65145060.000
04/18/2013	13.91	14.70	13.89	14.69	5083530	73997216.000
04/19/2013	14.50	14.84	14.42	14.69	4678959	68864424.000
04/22/2013	14.54	14.79	14.45	14.69	2619492	38622988.000
04/23/2013	14.69	14.69	13.85	13.89	3036379	43620264.000
04/24/2013	13.89	14.29	13.88	14.13	2480071	35267832.000
04/25/2013	14.13	14.16	13.60	13.64	2628126	36757620.000
04/26/2013	13.59	13.73	13.39	13.40	1654029	22561942.000
05/02/2013	13.30	13.60	13.20	13.57	1121735	15230108.000
05/03/2013	13.66	14.53	13.60	14.41	3591716	51524796.000
05/06/2013	15.29	15.86	15.29	15.86	4539474	72035472.000
05/07/2013	16.89	16.89	15.92	16.12	13443642	221949088.000
05/08/2013	16.27	17.65	15.87	17.29	16238048	276016800.000
05/09/2013	16.91	18.29	16.90	17.43	14272159	252259632.000
05/10/2013	17.68	18.49	17.20	18.00	13996842	254705552.000
05/13/2013	18.26	18.26	17.25	17.65	9190921	162539072.000
05/14/2013	17.52	17.52	16.77	16.95	8357374	143463152.000
05/15/2013	16.91	17.87	16.91	17.67	7561863	133097120.000
05/16/2013	17.59	17.59	16.92	17.08	6189414	107444736.000
05/17/2013	16.99	17.32	16.76	17.18	3715762	63753764.000
05/20/2013	17.22	17.84	17.04	17.52	8619642	151167376.000
05/21/2013	17.52	18.19	17.19	18.17	10366753	185242576.000
05/22/2013	18.18	18.18	16.35	16.72	12222595	211584880.000
05/23/2013	16.71	17.11	16.54	16.65	5253453	88979480.000
05/24/2013	16.67	17.17	16.59	17.07	7385645	125296088.000
05/27/2013	17.07	17.73	16.94	17.32	6899560	120981064.000
05/28/2013	17.32	17.48	16.65	16.82	5627313	95941760.000
05/29/2013	16.82	17.04	16.60	17.01	3402206	57659812.000
05/30/2013	16.85	17.37	16.64	17.18	5648564	96909568.000
05/31/2013	17.27	17.87	16.89	17.40	7232320	126603080.000
06/03/2013	17.27	17.81	17.22	17.50	7239752	127514880.000
06/04/2013	17.59	17.59	16.79	16.79	4650659	79574136.000
06/05/2013	16.80	16.99	16.61	16.80	2407137	40742364.000
06/06/2013	16.73	17.34	16.60	16.95	3788809	64659348.000
06/07/2013	17.18	18.29	17.09	17.92	11373504	202960928.000
06/13/2013	17.79	18.79	17.29	18.53	18303886	334080704.000
06/14/2013	18.34	18.96	18.08	18.77	15536918	288078048.000
06/17/2013	18.77	18.85	18.16	18.29	12960458	239896192.000
06/18/2013	18.12	18.14	17.02	17.59	11805147	207647136.000
06/19/2013	17.34	17.34	16.85	17.10	7196598	122782072.000
06/20/2013	16.89	17.43	16.08	16.09	6934591	116698800.000
06/21/2013	15.78	15.82	14.99	15.78	5777450	89761296.000
06/24/2013	15.93	16.07	14.47	14.89	7640218	117319552.000
06/25/2013	14.67	15.29	13.49	15.19	6881652	100779104.000
06/26/2013	14.99	16.25	14.87	16.18	10062829	159236176.000
06/27/2013	16.24	16.74	15.57	15.69	7292855	118720648.000
06/28/2013	15.50	15.91	15.08	15.33	3479975	53626996.000
07/01/2013	15.25	15.93	15.24	15.90	3842038	59879180.000
07/02/2013	15.78	16.60	15.70	16.37	5521477	90000160.000
07/03/2013	16.22	16.67	15.80	16.61	6097919	99664752.000
07/04/2013	16.55	17.57	16.54	16.99	11758428	201883904.000
07/05/2013	16.86	17.66	16.29	16.29	12143082	208725984.000
07/08/2013	15.65	15.91	14.76	15.26	6808011	105181408.000
07/09/2013	15.14	15.67	15.10	15.66	4030959	62246268.000
07/10/2013	15.79	16.48	15.66	16.41	6992064	113159016.000
07/11/2013	16.62	16.95	16.17	16.70	6512169	107650608.000
07/12/2013	16.64	17.33	16.57	16.81	9070766	154217392.000
07/15/2013	17.24	17.47	16.93	17.44	9540179	164760560.000
07/16/2013	17.54	17.94	16.79	17.19	10055501	173651072.000
07/17/2013	17.17	18.91	17.01	18.21	22525794	411963808.000
07/18/2013	18.02	19.54	18.01	18.86	19818485	373996224.000
07/19/2013	18.59	19.39	17.79	17.79	14357705	268808096.000
07/22/2013	17.49	19.57	17.39	19.57	17338242	332660352.000
07/23/2013	19.99	20.47	19.45	20.14	18104797	362716768.000
07/24/2013	19.89	20.92	19.78	20.13	15592752	316330944.000
07/25/2013	20.06	20.08	18.55	18.60	15890676	304447232.000
07/26/2013	18.59	19.41	18.07	18.79	11810129	222468928.000
07/29/2013	18.45	19.29	18.23	18.39	10017367	188442624.000
07/30/2013	18.39	18.64	17.31	17.78	9317586	165613312.000
07/31/2013	17.88	18.30	17.76	17.92	7076790	127462896.000
08/01/2013	17.94	18.85	17.79	18.77	9412626	173899968.000
08/02/2013	18.77	19.28	18.59	18.60	9899308	187831232.000
08/05/2013	18.49	19.23	18.39	19.03	7126665	134770512.000
08/06/2013	19.04	19.77	18.88	19.21	9609474	185669712.000
08/07/2013	19.08	19.29	18.03	18.09	10369735	191352400.000
08/08/2013	18.02	18.45	17.88	18.37	6264992	114429640.000
08/09/2013	18.49	18.63	17.38	17.77	11548871	205934752.000
08/12/2013	17.62	17.88	17.14	17.56	7789463	136099872.000
08/13/2013	17.53	17.94	17.45	17.87	5859472	104062000.000
08/14/2013	17.87	18.29	17.44	18.07	8752059	156816064.000
08/15/2013	18.44	18.78	18.17	18.18	11252718	208509504.000
08/16/2013	17.97	18.74	17.74	18.36	11984594	220335872.000
08/19/2013	18.43	19.54	18.29	19.47	16116142	308427008.000
08/20/2013	19.54	19.77	19.12	19.63	12566203	244374976.000
08/21/2013	19.46	20.09	19.17	19.59	10715241	210957392.000
08/22/2013	19.49	20.47	19.36	19.66	13710680	273184576.000
08/23/2013	19.74	20.05	18.77	19.26	12547360	243286048.000
08/26/2013	19.34	20.72	19.24	20.43	15788403	317486144.000
08/27/2013	20.20	20.38	19.80	20.29	9745997	195999440.000
08/28/2013	19.94	20.14	19.21	19.23	10002515	196627936.000
08/29/2013	19.00	19.69	18.90	19.52	7367903	142143520.000
08/30/2013	19.39	19.51	17.88	17.96	9878893	183581568.000
09/02/2013	18.07	18.41	17.89	18.29	4149641	75573672.000
09/03/2013	18.39	18.59	17.99	18.51	5536403	101923864.000
09/04/2013	18.37	18.74	18.29	18.47	4811039	89146296.000
09/05/2013	18.47	18.95	18.24	18.75	5977753	111602848.000
09/06/2013	18.87	19.14	18.45	18.93	8075231	151762704.000
09/09/2013	19.04	19.16	18.27	18.51	7189011	133827760.000
09/10/2013	18.49	19.14	18.34	19.06	7413493	140279680.000
09/11/2013	18.99	19.08	17.91	18.09	8872838	161860400.000
09/12/2013	18.06	18.39	17.64	17.88	5472429	98515424.000
09/13/2013	17.78	18.24	17.51	18.07	4949046	88921336.000
09/16/2013	18.14	18.79	18.11	18.45	6152625	113724184.000
09/17/2013	18.54	18.67	18.19	18.23	4638750	85589592.000
09/18/2013	18.24	19.21	18.24	19.18	9439497	178480480.000
09/23/2013	19.47	19.88	19.10	19.70	10786691	211029824.000
09/24/2013	20.49	21.67	19.99	21.67	21340613	457725248.000
12/12/2013	20.60	23.84	20.57	23.82	33680500	771305344.000
12/13/2013	23.48	23.87	22.79	22.79	19670263	459300032.000
12/16/2013	22.39	24.79	22.35	23.69	18921045	451275008.000
12/17/2013	23.29	24.19	22.88	23.36	9455123	221203584.000
12/18/2013	23.43	23.57	22.29	22.87	7643912	174630992.000
12/19/2013	22.94	24.29	22.74	23.49	10023481	237880080.000
12/20/2013	23.45	24.67	23.29	23.43	11396933	273111520.000
12/23/2013	23.07	24.10	22.94	24.10	8635161	202511392.000
12/24/2013	24.14	26.51	23.80	25.61	19086880	489495008.000
12/25/2013	25.54	26.54	25.09	26.00	14273242	369910272.000
12/26/2013	26.08	27.75	25.70	26.41	16285315	439982112.000
12/27/2013	26.04	27.19	25.79	26.09	11013254	289868928.000
12/30/2013	26.18	26.73	25.12	25.20	10971158	280876768.000
12/31/2013	25.10	25.47	24.47	24.89	6948944	173113664.000
01/02/2014	24.76	25.84	24.70	25.60	7076821	179429056.000
01/03/2014	25.49	25.54	24.51	24.89	8484032	211779584.000
01/06/2014	24.70	24.77	23.79	23.89	5674333	137606256.000
01/07/2014	23.79	24.62	23.54	24.15	4704854	113455568.000
01/08/2014	24.05	25.25	24.05	25.13	7033872	175353408.000
01/09/2014	25.14	25.44	23.79	23.86	7047900	175173008.000
01/10/2014	23.64	24.44	23.49	23.97	4532957	108607760.000
01/13/2014	23.99	23.99	22.94	23.49	5343531	125139384.000
01/14/2014	23.48	24.69	23.37	24.69	5081520	122816632.000
01/15/2014	24.79	25.59	24.59	24.95	5352580	134209232.000
01/16/2014	24.98	25.47	23.99	24.15	5911023	145446496.000
01/17/2014	24.15	25.27	23.82	24.45	6447464	158819520.000
01/20/2014	23.25	24.76	23.24	23.87	6538416	156159856.000
01/21/2014	23.79	24.70	23.70	24.56	3750274	91114864.000
01/22/2014	24.19	25.79	24.19	25.65	8934271	226736880.000
01/23/2014	25.57	26.44	25.29	25.83	8586666	221516720.000
01/24/2014	25.70	26.37	25.61	26.04	5856541	152356608.000
01/27/2014	26.29	27.72	26.29	26.78	10185056	275513888.000
01/28/2014	26.67	27.12	25.67	26.20	5299656	139327360.000
01/29/2014	26.50	27.02	26.07	26.74	4142593	110287344.000
01/30/2014	26.59	27.77	26.30	27.59	5716756	154308528.000
02/07/2014	27.81	30.24	27.61	29.79	10939468	319507808.000
02/10/2014	29.81	30.58	29.19	30.32	10736154	322314368.000
02/11/2014	29.97	30.68	28.97	29.30	8330373	247818368.000
02/12/2014	29.27	30.29	29.10	30.09	6554521	194955120.000
02/13/2014	29.99	30.59	27.99	28.39	7300231	214555792.000
02/14/2014	28.39	28.84	27.49	28.41	5630776	159257248.000
02/17/2014	28.60	30.17	28.38	30.09	6375291	187317152.000
02/18/2014	30.11	32.11	29.56	31.46	9659943	300316640.000
02/19/2014	31.37	34.61	30.99	34.61	17052522	567016512.000
02/20/2014	35.99	35.99	33.59	34.29	13021042	453957024.000
02/21/2014	33.98	34.25	32.79	33.83	10016643	335349952.000
02/24/2014	33.69	35.44	33.49	35.39	10345963	358774624.000
02/25/2014	35.11	35.87	31.85	31.85	14049134	467602240.000
02/26/2014	30.49	30.64	28.74	30.38	12932055	384746144.000
02/27/2014	30.00	31.27	27.57	27.99	10078216	296581888.000
02/28/2014	29.24	29.89	27.76	28.39	7454988	214533408.000
03/03/2014	28.02	29.45	27.93	28.98	6354901	183199904.000
03/04/2014	28.89	28.89	26.89	27.17	10632194	294980800.000
03/05/2014	27.28	28.31	26.59	28.28	11309641	309296832.000
03/06/2014	27.99	28.21	27.29	27.93	6462079	179766112.000
03/07/2014	27.94	28.68	27.08	27.39	7115183	197962256.000
03/10/2014	27.34	27.34	24.79	25.04	10174019	260691728.000
03/11/2014	24.91	25.88	24.69	25.57	4590188	116402968.000
03/12/2014	25.21	26.09	24.99	25.57	4428416	113574888.000
03/13/2014	25.69	26.53	25.69	26.11	4326015	113079504.000
03/14/2014	25.85	27.07	25.82	26.93	5639504	150006640.000
03/17/2014	26.80	27.54	26.59	27.43	4822333	131071816.000
03/18/2014	27.30	27.51	26.65	26.89	7942733	214329520.000
03/19/2014	26.69	26.74	25.01	25.55	6950855	179645632.000
03/20/2014	25.55	25.74	24.56	24.56	5325248	133885128.000
03/21/2014	23.99	25.19	23.79	24.64	5984897	145888976.000
03/24/2014	24.49	25.33	24.40	24.89	3099214	77476544.000
03/25/2014	25.11	25.78	24.69	25.43	4987859	126923168.000
03/26/2014	25.22	25.95	24.69	24.69	4353945	110013248.000
03/27/2014	24.34	24.44	23.27	23.28	7393159	175867488.000
03/28/2014	23.39	23.73	22.34	23.44	6645543	153868560.000
03/31/2014	23.44	23.78	22.74	23.37	5485520	127484512.000
04/01/2014	23.44	23.59	22.79	23.02	8267395	190212960.000
04/02/2014	22.99	23.11	22.36	22.62	5148861	117113360.000
04/03/2014	22.62	23.76	22.51	23.12	5982907	139306864.000
04/04/2014	23.14	24.28	22.86	24.00	7281229	173747984.000
04/08/2014	23.68	24.37	23.67	24.09	4780072	115052360.000
04/09/2014	23.89	24.80	23.68	24.60	6183926	150733584.000
04/10/2014	24.71	24.92	24.07	24.13	5831005	143076304.000
04/11/2014	24.11	24.19	23.70	23.94	3354412	80227000.000
04/14/2014	23.81	25.24	23.79	24.95	5566507	137747808.000
04/15/2014	24.99	25.67	24.69	24.77	4352650	109868960.000
04/16/2014	24.74	25.19	24.31	24.43	3232459	79627992.000
04/17/2014	24.66	25.42	24.42	24.90	3327317	83185024.000
04/18/2014	24.67	25.78	24.67	25.49	4390720	111709648.000
04/21/2014	25.32	25.87	24.42	24.47	3619338	91161904.000
04/22/2014	24.42	25.01	23.49	24.04	4759047	114688288.000
04/23/2014	23.99	24.38	23.88	24.19	2049488	49431460.000
04/24/2014	24.02	25.15	24.02	24.85	3367741	83033736.000
04/25/2014	24.99	25.34	23.99	24.24	3254350	80654512.000
04/28/2014	23.96	23.96	21.82	21.82	8706437	194706528.000
04/29/2014	21.59	22.16	21.43	22.09	3474425	76078032.000
04/30/2014	22.06	22.47	21.83	21.91	2355579	52020348.000
05/05/2014	21.92	22.43	21.89	22.14	2367972	52450032.000
05/06/2014	22.29	23.36	22.27	23.12	3853406	88469344.000
05/07/2014	23.19	23.31	22.79	22.90	2202576	50724204.000
05/08/2014	22.69	23.49	22.69	22.89	3579300	82913480.000
05/09/2014	22.99	23.53	22.78	22.92	2794084	64566428.000
05/12/2014	23.17	23.78	22.70	23.55	4764447	111074368.000
05/13/2014	23.55	23.90	23.36	23.88	4064661	96353592.000
05/14/2014	23.79	23.97	23.41	23.65	2265374	53550936.000
05/15/2014	23.50	23.84	22.79	22.79	2883161	67027328.000
05/16/2014	22.51	22.87	22.35	22.73	2407162	54380956.000
05/19/2014	22.80	23.88	22.33	23.44	4533923	104618016.000
05/20/2014	23.61	24.69	23.49	24.08	5401370	130282288.000
05/21/2014	24.11	25.09	23.78	24.92	5777910	141781648.000
05/22/2014	24.83	25.66	24.53	24.57	7078719	178500272.000
05/23/2014	24.67	25.66	24.66	25.48	6904063	173662016.000
05/26/2014	25.48	25.65	25.00	25.35	5636431	142693776.000
05/27/2014	25.34	25.80	24.71	24.71	5999805	150989648.000
05/28/2014	24.68	27.18	24.63	27.18	36347040	963787776.000
05/29/2014	26.91	28.28	26.72	27.98	24372357	668209792.000
05/30/2014	27.60	28.70	27.20	27.60	18505551	516670880.000
06/03/2014	27.90	28.41	26.96	26.98	12828899	353247648.000
06/04/2014	27.20	27.50	26.49	27.29	9851111	266265184.000
06/05/2014	27.29	27.73	26.72	27.52	7599783	206914464.000
06/06/2014	27.52	27.89	26.80	27.20	8609200	234966992.000
06/09/2014	27.32	27.59	26.15	27.21	9637224	260695040.000
06/10/2014	27.09	28.20	26.92	27.75	10026290	276568928.000
06/11/2014	27.50	28.18	27.42	27.75	6637740	184107712.000
06/12/2014	27.59	28.05	27.10	27.58	7749964	214589568.000
06/13/2014	27.51	29.73	27.40	28.88	18735980	532628064.000
06/16/2014	28.88	29.19	28.53	28.64	7762106	223307632.000
06/17/2014	28.63	29.10	27.70	27.70	8064409	228557136.000
06/18/2014	27.42	28.06	27.03	27.03	6893021	189749808.000
06/19/2014	27.13	27.30	25.01	25.54	6627100	174997424.000
06/20/2014	25.39	26.13	25.21	25.89	5598179	143875680.000
06/23/2014	25.96	26.89	25.90	26.40	6009277	158925040.000
06/24/2014	26.40	27.08	26.29	26.77	6019047	161262672.000
06/25/2014	27.49	28.45	26.78	26.88	10228022	280293344.000
06/26/2014	27.15	28.20	26.95	28.00	12853400	356957664.000
06/27/2014	28.50	28.50	27.51	27.67	9901091	275674240.000
06/30/2014	27.67	27.93	27.05	27.54	7119810	195282464.000
07/01/2014	27.55	27.69	27.10	27.18	7775181	212053904.000
07/02/2014	27.18	27.39	26.40	26.61	11415725	307049216.000
07/03/2014	26.54	27.49	26.20	27.34	12184659	329988800.000
07/04/2014	27.20	27.70	27.01	27.58	16191651	444258656.000
07/07/2014	27.00	27.25	25.74	25.85	16923463	445248128.000
07/08/2014	25.95	26.33	25.75	26.33	9026299	235239808.000
07/09/2014	26.15	26.26	24.70	24.83	13890749	354245600.000
07/10/2014	24.81	25.13	24.37	24.46	7902079	195406784.000
07/11/2014	24.58	25.10	24.50	24.83	5475580	136006528.000
07/14/2014	24.65	25.25	24.65	24.92	5985807	149023776.000
07/15/2014	24.93	25.16	23.96	24.33	7557986	183664448.000
07/16/2014	24.30	24.40	23.51	23.70	6454751	153640048.000
07/17/2014	23.55	24.08	23.51	23.88	3517050	83909624.000
07/18/2014	23.76	24.10	23.30	23.44	6328543	149503440.000
07/21/2014	23.40	23.40	22.74	23.05	5348498	122971728.000
07/22/2014	23.03	23.66	23.03	23.57	4946229	115705984.000
07/23/2014	23.56	23.77	23.00	23.19	6491914	152457328.000
07/24/2014	23.29	23.38	22.70	23.28	4407764	101959408.000
07/25/2014	23.42	23.90	23.23	23.87	5428395	128045248.000
07/28/2014	24.03	24.34	23.74	24.26	5431424	130698872.000
07/29/2014	24.30	24.49	24.10	24.15	6227637	151299472.000
07/30/2014	24.15	24.45	24.06	24.33	4115506	99863016.000
07/31/2014	24.23	24.49	24.23	24.34	4149734	100928040.000
08/01/2014	24.26	24.27	23.79	23.79	5040111	121092376.000
08/04/2014	23.87	24.08	23.70	24.02	3718935	89028792.000
08/05/2014	23.99	24.76	23.81	24.68	7196521	175959408.000
08/06/2014	24.63	24.74	24.41	24.65	4961600	122011552.000
08/07/2014	24.68	24.95	24.50	24.70	6119830	151618048.000
08/08/2014	24.77	24.93	24.55	24.91	5962447	147804256.000
08/11/2014	24.92	25.27	24.81	25.03	5979227	149743552.000
08/12/2014	25.03	25.36	24.99	25.33	6805790	171882992.000
08/13/2014	25.30	25.43	24.63	24.97	7320140	183094640.000
08/14/2014	24.85	25.09	24.64	24.66	5696050	141843456.000
08/15/2014	24.65	25.37	24.63	25.18	6342105	158650944.000
08/18/2014	25.27	25.93	25.27	25.79	9068065	232314208.000
08/19/2014	25.90	27.30	25.87	26.60	15365568	409353632.000
08/20/2014	26.48	26.60	26.01	26.46	9971238	262091168.000
08/21/2014	26.54	28.42	26.53	27.79	18979763	524170528.000
08/22/2014	27.85	28.37	27.45	27.92	12721601	354724032.000
08/25/2014	27.95	28.09	27.40	27.53	8768074	243277024.000
08/26/2014	27.52	27.99	26.40	27.78	14017291	380790944.000
08/27/2014	29.10	30.29	28.50	28.90	28736588	844328576.000
08/28/2014	28.75	29.28	28.08	28.76	15267195	438990304.000
08/29/2014	28.74	29.38	28.63	28.88	9899640	287151776.000
09/01/2014	28.88	29.18	28.45	29.13	9953711	287337280.000
09/02/2014	29.40	30.25	29.33	29.37	16161235	479813344.000
09/03/2014	29.52	29.59	28.60	28.81	13694942	396734272.000
09/04/2014	28.80	29.90	28.55	29.64	13512029	397975008.000
09/05/2014	29.62	30.19	29.35	29.59	10088813	299701024.000
09/09/2014	29.74	30.29	29.15	29.96	10801684	323072064.000
09/10/2014	29.80	31.15	29.55	31.09	16716676	509898048.000
09/11/2014	31.15	31.48	30.21	30.64	12603627	386431456.000
09/12/2014	30.71	30.96	30.30	30.75	8104094	248831648.000
09/15/2014	30.35	30.74	29.95	30.30	11878294	359232864.000
09/16/2014	30.30	30.30	28.20	28.40	14576189	426153472.000
09/17/2014	28.50	28.88	28.18	28.54	8331114	238099440.000
09/18/2014	28.55	28.88	28.45	28.62	6016173	172713696.000
09/19/2014	28.60	28.86	28.31	28.86	6615262	189435520.000
09/22/2014	28.80	28.86	27.97	27.98	6594545	186812592.000
09/23/2014	27.96	28.67	27.80	28.63	6778742	191022176.000
09/24/2014	29.25	30.03	29.12	29.32	10482243	309540256.000
09/25/2014	29.37	29.94	29.20	29.37	8169561	241881136.000
09/26/2014	29.37	29.92	29.13	29.45	6858698	202913760.000
09/29/2014	29.43	30.19	29.43	29.96	8357553	250282112.000
09/30/2014	29.98	30.17	29.55	29.70	8681988	258772624.000
10/08/2014	29.90	29.96	29.20	29.96	8394579	248902976.000
10/09/2014	29.96	30.62	29.83	30.40	11151584	337308384.000
10/10/2014	30.30	30.30	29.55	29.69	7435800	222345040.000
10/13/2014	29.40	29.40	28.31	28.50	10158400	290687488.000
10/14/2014	28.35	28.68	27.89	28.17	9707289	274496544.000
10/15/2014	28.18	28.60	28.14	28.45	6147627	174333760.000
10/16/2014	28.35	28.43	27.38	27.50	8351499	233584544.000
10/17/2014	27.50	27.75	26.68	27.30	9030458	245063792.000
10/20/2014	27.35	27.86	27.14	27.62	6512754	179051488.000
10/21/2014	27.86	28.36	27.71	27.71	8245932	231876016.000
10/22/2014	27.96	28.33	27.68	28.00	5273928	147599552.000
10/23/2014	27.84	28.00	27.07	27.10	5882334	161828880.000
10/24/2014	27.07	27.49	26.50	26.50	4963230	134044552.000
10/27/2014	26.35	26.90	25.51	26.89	5862009	153682208.000
10/28/2014	26.80	27.56	26.70	27.55	5849507	159405328.000
10/29/2014	27.77	28.16	27.50	27.67	7098693	197496976.000
10/30/2014	27.75	28.11	27.45	27.78	5692669	158350752.000
10/31/2014	27.90	27.96	27.18	27.72	5898494	162736608.000
数据来源:通达信
