300224 正海磁材 日线
      日期	    开盘	    最高	    最低	    收盘	    成交量	    成交额
05/31/2011	13.61	16.27	13.61	15.59	28006781	657453376.000
06/01/2011	15.44	16.85	15.40	15.87	17499309	435623680.000
06/02/2011	15.60	17.11	15.60	16.83	14134769	355048608.000
06/03/2011	16.49	16.83	16.20	16.47	10193999	260223392.000
06/07/2011	16.31	17.17	16.31	16.33	9383625	242128800.000
06/08/2011	16.21	16.37	15.12	15.36	9809861	237295408.000
06/09/2011	15.18	15.37	14.85	14.90	6314052	147658320.000
06/10/2011	14.77	14.89	14.13	14.43	5949133	133959272.000
06/13/2011	14.20	14.87	14.05	14.65	4496518	101859912.000
06/14/2011	14.59	14.79	14.47	14.59	3803942	86601784.000
06/15/2011	14.49	15.03	14.47	14.47	3742521	85901704.000
06/16/2011	14.29	15.13	14.21	14.83	5780156	131841072.000
06/17/2011	14.70	14.80	13.81	13.82	5472195	121651504.000
06/20/2011	13.67	13.85	13.41	13.63	2572126	54557104.000
06/21/2011	13.64	13.92	13.33	13.71	3448319	73134144.000
06/22/2011	13.57	13.92	13.40	13.62	2994104	63966340.000
06/23/2011	13.49	14.04	13.13	13.93	4935251	105340808.000
06/24/2011	13.77	14.77	13.72	14.57	6000840	133562592.000
06/27/2011	14.55	15.13	14.47	14.75	5007473	115253968.000
06/28/2011	14.77	14.96	14.52	14.84	3264666	75085416.000
06/29/2011	14.80	14.87	14.28	14.28	3841196	86903400.000
06/30/2011	14.29	14.69	14.29	14.53	2155557	48631920.000
07/01/2011	14.59	15.25	14.53	14.80	3660106	85038752.000
07/04/2011	15.00	15.56	14.93	15.39	4411804	104834312.000
07/05/2011	15.33	15.53	15.01	15.30	3575328	84570656.000
07/06/2011	15.13	16.07	14.95	15.80	5052201	122223440.000
07/07/2011	15.77	17.43	15.65	16.78	9142334	237390304.000
07/08/2011	16.56	16.89	16.21	16.59	4479954	114956544.000
07/11/2011	16.60	17.46	16.34	17.23	4781085	126364552.000
07/12/2011	17.21	18.51	17.21	18.10	8257834	228373984.000
07/13/2011	18.19	19.97	17.95	19.97	6115281	179169728.000
07/14/2011	21.20	22.02	20.74	21.87	13128003	433240032.000
07/15/2011	21.77	22.71	21.37	21.50	9281230	312859136.000
07/18/2011	21.43	23.64	21.29	21.80	9895968	336644032.000
07/19/2011	21.34	22.73	21.34	21.94	6513376	220275056.000
07/20/2011	22.27	24.06	22.13	23.33	7706594	273412064.000
07/21/2011	23.13	23.46	22.00	22.08	6709369	234009616.000
07/22/2011	22.33	22.58	21.67	21.80	5647105	191125856.000
07/25/2011	21.71	22.30	20.47	21.31	7282603	239322864.000
07/26/2011	21.04	22.47	20.87	21.93	8287887	277670848.000
07/27/2011	21.53	23.20	21.27	22.85	7654811	260643088.000
07/28/2011	22.72	22.93	22.25	22.60	4208990	146084544.000
07/29/2011	22.57	23.06	20.87	21.23	6331485	215718464.000
08/01/2011	20.90	22.05	20.79	21.83	4732671	156268912.000
08/02/2011	21.48	21.71	20.67	21.59	4392094	142679856.000
08/03/2011	21.13	22.79	21.13	21.99	4867371	164479728.000
08/04/2011	22.00	22.18	21.16	21.33	4832245	159746336.000
08/05/2011	20.35	21.07	20.06	20.11	5054571	159626624.000
08/08/2011	19.82	20.45	19.27	19.60	4832746	147085984.000
08/09/2011	19.27	20.67	18.80	20.33	5946239	182796752.000
08/10/2011	20.33	21.17	20.23	20.33	4186508	133165808.000
08/11/2011	19.87	20.71	19.72	20.61	2702443	84520336.000
08/12/2011	20.65	21.36	20.61	21.03	2957938	95733456.000
08/15/2011	21.21	22.03	21.03	21.35	3678920	121510224.000
08/16/2011	21.46	21.69	20.80	20.94	2311458	75381056.000
08/17/2011	20.94	21.29	20.88	21.00	1690691	54750164.000
08/18/2011	21.27	22.80	21.13	21.93	5808099	197704256.000
08/19/2011	21.14	21.83	20.42	20.72	4103591	132645648.000
08/22/2011	20.72	21.65	20.53	20.67	2772956	89483504.000
08/23/2011	21.13	22.79	20.73	22.79	6289837	211206032.000
08/24/2011	23.57	25.12	23.27	24.49	12083235	450434304.000
08/25/2011	24.20	25.07	23.67	24.92	9032618	336940640.000
08/26/2011	24.53	26.11	24.39	24.90	7987839	308099680.000
08/29/2011	24.42	24.75	23.87	23.92	5279387	196448848.000
08/30/2011	24.00	24.38	22.89	23.07	4800754	173926736.000
08/31/2011	23.09	23.83	22.59	23.61	7491513	268036352.000
09/01/2011	23.47	23.78	22.24	22.59	6081543	215273744.000
09/02/2011	22.37	23.51	22.36	22.79	6137480	216905792.000
09/05/2011	22.13	22.27	20.68	21.34	5361165	176359312.000
09/06/2011	21.13	21.69	20.87	21.48	3656362	120068904.000
09/07/2011	21.68	22.46	21.54	22.19	5502905	186254272.000
09/08/2011	22.35	22.70	21.23	21.23	5919349	201091584.000
09/09/2011	21.00	22.33	20.94	21.80	5555433	184904496.000
09/13/2011	21.37	21.47	20.52	20.70	3498583	112644960.000
09/14/2011	20.91	21.65	20.54	21.57	3860317	125218840.000
09/15/2011	21.47	22.36	21.41	21.89	4637065	156730624.000
09/16/2011	22.10	22.10	21.58	21.81	2745850	91772208.000
09/19/2011	21.47	21.55	20.31	20.42	3420493	109385608.000
09/20/2011	20.26	20.86	20.26	20.77	2174792	68856368.000
09/21/2011	20.63	21.73	20.50	21.53	3409320	111176328.000
09/22/2011	21.26	21.44	19.53	19.77	3966928	125628920.000
09/23/2011	19.33	19.97	19.07	19.74	2907418	87560344.000
09/26/2011	19.47	20.13	19.40	19.52	1948595	59494308.000
09/27/2011	21.34	21.53	21.33	21.53	2668288	88096624.000
09/28/2011	22.55	22.95	21.67	21.96	10850300	374698752.000
09/29/2011	21.56	23.67	21.49	22.75	10770832	374289472.000
09/30/2011	22.70	23.19	22.14	22.63	5404321	188533984.000
10/10/2011	22.93	23.67	22.66	23.13	7013352	250370768.000
10/11/2011	23.53	23.77	21.15	21.61	7483119	258749104.000
10/12/2011	21.27	23.82	21.13	23.82	9945345	352195584.000
10/13/2011	23.65	24.48	23.47	23.75	9557435	350601504.000
10/14/2011	23.46	26.18	23.27	26.18	11577675	445395680.000
10/17/2011	26.73	28.03	26.22	27.47	11742475	485322272.000
10/18/2011	26.85	27.64	26.50	26.65	8336185	344362112.000
10/19/2011	26.80	27.43	24.92	25.67	10633001	421338400.000
10/20/2011	25.26	27.26	24.80	26.80	9495785	376178560.000
10/21/2011	25.54	25.64	24.07	24.07	5588606	208800096.000
10/24/2011	23.27	24.66	22.20	24.29	8155290	292650720.000
10/25/2011	23.73	25.39	23.57	24.31	9870168	372371040.000
10/26/2011	23.85	24.26	22.90	23.60	6977281	252890960.000
10/27/2011	23.47	24.77	23.29	23.63	6387033	234856784.000
10/28/2011	23.91	24.45	23.67	24.40	6406834	237028000.000
10/31/2011	24.30	26.47	23.92	25.70	9739802	376425600.000
11/01/2011	25.00	25.45	24.72	25.02	6338720	243460624.000
11/02/2011	24.47	25.19	23.94	24.95	5771955	216461504.000
11/03/2011	25.04	26.16	24.15	24.19	7963940	306431296.000
11/04/2011	24.33	24.69	23.73	23.98	4896874	181462464.000
11/07/2011	23.74	24.15	23.59	23.71	2862436	104576128.000
11/08/2011	23.47	24.14	23.47	23.73	2438295	89381480.000
11/09/2011	23.94	25.31	23.94	25.15	6492624	244821008.000
11/10/2011	24.66	25.79	24.60	24.99	7016171	271501824.000
11/11/2011	25.13	25.37	24.23	24.73	4890537	185542752.000
11/14/2011	25.07	26.05	24.83	25.62	5840236	228069088.000
11/15/2011	25.53	27.33	25.50	25.83	8352477	337285408.000
11/16/2011	25.65	27.11	25.33	26.07	8907106	354557824.000
11/17/2011	25.87	27.10	25.67	26.31	7586056	306186432.000
11/18/2011	25.97	26.13	24.81	24.84	5886734	228664672.000
11/21/2011	24.97	25.13	24.13	25.09	3824040	144528272.000
11/22/2011	24.60	25.59	24.45	25.25	4216133	162283280.000
11/23/2011	25.14	26.53	25.07	25.69	6541338	258982784.000
11/24/2011	25.27	26.23	25.19	25.55	4382748	172580240.000
11/25/2011	25.25	25.79	24.91	24.97	3861283	149986384.000
11/28/2011	24.92	25.13	23.80	24.01	4435196	165398656.000
11/29/2011	24.26	24.53	23.95	24.51	2294470	85340440.000
11/30/2011	24.54	24.71	22.47	23.05	4534661	164115152.000
12/01/2011	24.00	24.13	23.47	23.47	3847270	140372096.000
12/02/2011	23.47	24.08	23.13	23.25	2344077	84798072.000
12/05/2011	23.06	23.20	20.91	20.99	3630712	121935304.000
12/06/2011	21.07	21.48	20.80	21.32	2500379	81633688.000
12/07/2011	21.28	21.72	21.28	21.57	1679692	55507856.000
12/08/2011	21.52	22.78	21.23	22.21	3264420	110676440.000
12/09/2011	21.99	22.27	21.66	21.67	1658712	55772656.000
12/12/2011	21.67	21.85	21.14	21.14	1390041	45925948.000
12/13/2011	21.13	21.13	19.65	20.00	2899745	89679336.000
12/14/2011	19.88	20.33	19.47	19.60	1886843	57826580.000
12/15/2011	19.44	20.05	19.15	19.53	1853191	56060984.000
12/16/2011	19.79	20.33	19.17	20.29	2202825	66929016.000
12/19/2011	19.91	20.67	19.70	20.57	2362518	73218736.000
12/20/2011	20.35	21.03	20.33	20.34	2303768	73306960.000
12/21/2011	20.67	20.79	19.33	19.33	2741946	84272696.000
12/22/2011	19.13	19.46	18.23	19.12	2367767	68412304.000
12/23/2011	18.80	19.43	18.72	18.97	1229076	36186880.000
12/26/2011	18.79	19.55	18.73	18.98	1160245	34417400.000
12/27/2011	18.98	19.03	18.00	18.00	1479176	42288684.000
12/28/2011	17.87	18.33	17.47	18.21	1808326	50187656.000
12/29/2011	18.06	18.38	18.00	18.02	1233266	34622400.000
12/30/2011	18.25	19.69	18.02	19.41	3463262	101545992.000
01/04/2012	19.50	19.50	18.87	18.87	2802652	82968600.000
01/05/2012	18.59	19.13	18.13	18.19	2392346	68557152.000
01/06/2012	18.25	20.06	18.14	20.06	5128975	153044128.000
01/09/2012	20.13	21.56	19.87	21.32	6685596	213011808.000
01/10/2012	20.99	21.94	20.85	21.67	5521949	182259024.000
01/11/2012	21.60	22.09	21.43	21.61	4540955	151611840.000
01/12/2012	21.46	22.32	21.39	21.68	4284756	144179872.000
01/13/2012	21.67	21.92	20.27	20.87	5089957	164481824.000
01/17/2012	19.17	22.27	19.17	22.11	6117296	196907616.000
01/18/2012	22.05	22.79	20.61	20.87	4553192	152917488.000
01/19/2012	20.47	21.13	20.00	20.49	2882418	91543856.000
01/20/2012	20.80	21.06	20.47	20.62	2041799	65321208.000
01/30/2012	20.73	21.57	20.48	20.86	2455812	79739232.000
01/31/2012	20.81	22.09	20.80	21.57	3593294	119301040.000
02/01/2012	21.33	21.68	20.87	21.00	2443741	80042176.000
02/02/2012	21.00	21.77	21.00	21.77	2903807	96029240.000
02/03/2012	21.73	22.03	21.41	21.85	2627306	87811984.000
02/06/2012	21.81	22.03	21.47	21.67	2537454	84722232.000
02/07/2012	21.58	21.67	20.89	21.09	2416959	78549128.000
02/08/2012	21.37	22.25	21.30	22.09	5089003	170966000.000
02/09/2012	22.00	22.90	21.87	22.53	5328077	183030208.000
02/10/2012	22.33	22.71	21.91	22.18	3219071	110247944.000
02/13/2012	21.92	23.53	21.82	22.84	4205946	147061728.000
02/14/2012	22.73	22.85	22.41	22.53	2388942	82863576.000
02/15/2012	22.52	22.93	22.14	22.81	3237146	112744808.000
02/16/2012	22.67	23.09	22.41	22.45	2584202	90027608.000
02/17/2012	22.53	22.91	22.13	22.32	2199403	75887848.000
02/20/2012	22.70	22.73	22.13	22.33	2249785	77503240.000
02/21/2012	22.35	22.49	21.86	22.47	2465028	84123384.000
02/22/2012	22.54	23.03	22.53	22.85	3718445	130009912.000
02/23/2012	23.06	24.47	23.04	23.50	5833177	212662240.000
02/24/2012	23.25	23.45	22.93	23.30	3718955	132178136.000
02/27/2012	23.27	23.80	23.09	23.09	3779111	136029024.000
02/28/2012	22.90	23.45	22.54	23.19	3727565	131354464.000
02/29/2012	23.19	23.46	22.73	22.75	2621668	93030520.000
03/01/2012	22.61	22.87	22.47	22.55	2057652	71565888.000
03/02/2012	22.61	23.17	22.60	23.12	2353095	83062272.000
03/05/2012	23.10	23.33	22.87	22.99	2358229	83101256.000
03/06/2012	23.01	23.01	22.21	22.25	2684590	92531400.000
03/07/2012	21.80	22.37	21.77	21.87	1611199	54683024.000
03/08/2012	22.02	23.29	22.02	22.90	3652048	127712472.000
03/09/2012	22.94	23.59	22.70	23.41	3879603	138005312.000
03/12/2012	23.40	23.80	23.26	23.42	3081807	111280328.000
03/13/2012	23.52	24.03	23.13	23.87	3384282	122377864.000
03/14/2012	23.99	25.39	23.25	23.41	7522630	281194304.000
03/15/2012	23.41	23.75	22.67	23.27	3764204	134140152.000
03/16/2012	23.32	23.91	22.83	23.87	3305942	118526928.000
03/19/2012	23.72	24.97	23.69	24.81	4975505	187154496.000
03/20/2012	24.80	24.81	23.92	24.50	6278574	234640096.000
03/21/2012	24.53	25.09	24.05	24.62	3488731	131416360.000
03/22/2012	24.37	24.41	23.46	23.73	3091762	113229696.000
03/23/2012	23.42	23.69	22.80	22.81	2159520	76959480.000
03/26/2012	22.93	23.01	22.65	22.92	1095442	38375064.000
03/27/2012	23.32	23.60	22.72	22.78	2415568	85836888.000
03/28/2012	22.45	22.45	20.87	21.04	2588540	86508232.000
03/29/2012	21.11	21.20	19.80	20.26	2218680	70016616.000
03/30/2012	20.32	20.53	19.37	19.73	1818059	55874920.000
04/05/2012	19.81	20.78	19.81	20.71	2005012	63024724.000
04/06/2012	20.73	21.00	20.41	20.65	1477936	47040396.000
04/09/2012	20.67	20.80	19.92	19.99	1352882	42578392.000
04/10/2012	20.07	20.17	19.13	19.97	2102635	63327020.000
04/11/2012	19.59	20.02	19.44	19.90	1173399	35729796.000
04/12/2012	19.99	20.52	19.97	20.51	2008994	62763772.000
04/13/2012	20.75	21.80	20.67	21.46	3554799	116305720.000
04/16/2012	21.14	21.57	20.89	21.13	1403959	45682944.000
04/17/2012	21.07	21.31	20.90	20.90	1111366	36034156.000
04/18/2012	21.01	21.45	20.77	21.37	1549435	50422112.000
04/19/2012	21.27	21.46	20.83	20.95	1448833	47025760.000
04/20/2012	21.00	21.10	20.74	21.01	1043582	33620188.000
04/23/2012	20.87	20.87	19.47	19.53	2486112	76577376.000
04/24/2012	19.70	19.70	18.33	18.98	2687304	78833632.000
04/25/2012	18.89	19.20	18.67	18.98	2066641	60255112.000
04/26/2012	19.07	19.80	19.07	19.33	1990673	59555112.000
05/02/2012	19.93	20.66	19.65	20.35	2929017	91232360.000
05/03/2012	20.40	20.78	20.27	20.54	2083062	65870388.000
05/04/2012	20.49	21.59	20.32	21.29	2739123	88114392.000
05/07/2012	21.20	22.72	21.07	22.10	3890173	130974880.000
05/08/2012	22.15	23.14	22.01	23.00	4358934	151115104.000
05/09/2012	22.74	23.42	22.06	22.26	4467966	155706336.000
05/10/2012	22.25	23.15	21.63	22.79	7171545	162860592.000
05/11/2012	22.60	23.68	21.93	21.99	7323805	169096208.000
05/14/2012	22.22	22.45	21.25	21.41	5141036	112650504.000
05/15/2012	21.00	22.32	20.91	22.32	4425078	96734688.000
05/16/2012	22.09	22.55	21.73	21.80	4394620	98049904.000
05/17/2012	21.75	21.98	21.22	21.76	3005006	65563760.000
05/18/2012	21.58	23.13	21.33	22.15	6989481	158041536.000
05/21/2012	21.90	23.60	21.90	23.27	9820810	228350048.000
05/22/2012	23.25	23.25	22.67	22.90	5591133	129085712.000
05/23/2012	22.95	23.62	22.14	22.55	7591238	176051712.000
05/24/2012	22.30	23.55	22.00	22.97	7506908	173462384.000
05/25/2012	22.80	23.29	22.21	22.39	4943783	113302448.000
05/28/2012	22.23	22.25	21.21	22.02	4178305	91473608.000
05/29/2012	21.79	23.02	21.79	22.70	6396030	145559344.000
05/30/2012	22.57	23.21	22.32	22.82	5346417	122597896.000
05/31/2012	22.60	23.50	22.45	23.15	6101002	142884528.000
06/01/2012	23.15	24.58	22.80	24.26	10806758	261966352.000
06/04/2012	24.00	26.57	23.80	24.98	15652369	397383744.000
06/05/2012	25.16	25.59	24.20	24.65	8560878	214782944.000
06/06/2012	24.61	25.23	24.16	24.78	6225380	154913024.000
06/07/2012	25.22	25.52	23.80	23.87	5877178	144343152.000
06/08/2012	24.02	24.18	23.34	23.44	4140603	99460576.000
06/11/2012	23.30	24.73	23.16	24.50	5249187	127174368.000
06/12/2012	24.20	24.55	23.80	23.90	4242909	103704728.000
06/13/2012	24.02	24.65	23.63	24.40	5081101	124111648.000
06/14/2012	24.35	24.63	23.73	23.85	4530219	110507696.000
06/15/2012	23.90	24.14	22.46	23.10	5837126	137051408.000
06/18/2012	23.25	23.48	23.09	23.12	3485499	81797136.000
06/19/2012	23.13	23.17	22.62	22.77	3421585	78675608.000
06/20/2012	22.89	23.40	22.89	23.01	3205730	74817904.000
06/21/2012	23.09	23.55	22.75	23.22	3895871	91328008.000
06/25/2012	22.81	23.03	21.63	21.64	4074345	91488856.000
06/26/2012	21.63	21.88	21.21	21.68	2320811	50468412.000
06/27/2012	21.68	22.14	21.61	21.63	1845974	40791188.000
06/28/2012	21.68	21.90	21.35	21.51	1701577	37138944.000
06/29/2012	21.48	22.13	21.30	22.03	1895837	41642044.000
07/02/2012	22.10	22.79	22.10	22.53	2866371	65056500.000
07/03/2012	22.44	22.71	22.12	22.32	2202273	49855396.000
07/04/2012	22.41	22.83	22.30	22.58	2464901	56188792.000
07/05/2012	22.41	22.43	21.40	21.66	2979700	65424208.000
07/06/2012	21.86	22.78	21.20	22.54	3900039	86454280.000
07/09/2012	22.27	22.76	21.65	21.70	3498283	78681656.000
07/10/2012	21.62	21.95	21.30	21.37	2239422	48703420.000
07/11/2012	21.30	21.71	21.30	21.70	1760575	38231208.000
07/12/2012	21.65	23.10	21.25	22.67	5778689	130223976.000
07/13/2012	22.40	22.94	22.20	22.42	3623962	82398320.000
07/16/2012	22.45	22.70	21.40	21.49	3349407	74328128.000
07/17/2012	21.39	21.72	20.91	21.68	2257702	48521888.000
07/18/2012	21.64	21.70	21.10	21.53	1871225	40297564.000
07/19/2012	21.40	22.30	21.29	21.79	2902020	63889956.000
07/20/2012	22.45	22.77	21.82	21.90	3986890	89518936.000
07/23/2012	21.30	21.68	21.07	21.37	1955017	42154200.000
07/24/2012	21.17	21.62	21.12	21.38	1445506	31145456.000
07/25/2012	21.23	21.50	20.98	21.01	1486154	31844720.000
07/26/2012	21.06	21.33	20.86	20.88	1498897	31867450.000
07/27/2012	21.06	21.13	19.82	19.88	2509719	51624488.000
07/30/2012	19.80	20.05	18.70	18.95	1851002	36234516.000
07/31/2012	18.81	18.95	18.32	18.38	1985832	37242080.000
08/01/2012	18.47	19.34	18.40	19.04	1955917	37485620.000
08/02/2012	18.89	19.05	18.50	18.75	1423381	26956162.000
08/03/2012	18.90	19.28	18.77	19.25	1453246	28076206.000
08/06/2012	19.11	20.48	19.10	20.26	2644103	53083780.000
08/07/2012	20.30	20.62	19.90	20.43	2442615	50218516.000
08/08/2012	20.30	20.69	19.94	20.07	1961408	40260892.000
08/09/2012	20.07	20.49	19.83	20.30	1906290	38896860.000
08/10/2012	20.30	20.33	19.69	19.99	2946896	59537256.000
08/13/2012	19.89	19.91	19.04	19.15	1835059	36271816.000
08/14/2012	19.02	19.25	18.49	19.10	1861469	35424496.000
08/15/2012	19.05	19.20	18.60	18.63	1291226	24638416.000
08/16/2012	18.55	19.19	18.50	18.81	1323926	25284056.000
08/17/2012	19.07	19.10	18.56	18.97	756929	14417825.000
08/20/2012	18.87	19.26	18.65	19.13	983734	18853718.000
08/21/2012	19.26	19.54	18.99	19.40	2533011	49375780.000
08/22/2012	19.50	19.50	18.90	19.01	1893350	36785056.000
08/23/2012	19.04	19.66	19.00	19.59	2601121	50899812.000
08/24/2012	19.47	19.63	18.95	18.99	1736583	33783376.000
08/27/2012	18.70	18.70	17.61	17.66	2483708	45422512.000
08/28/2012	17.61	18.09	17.58	17.92	1243223	22396978.000
08/29/2012	17.80	17.95	17.12	17.19	1738698	30718468.000
08/30/2012	17.29	17.86	17.11	17.34	1902477	33685092.000
08/31/2012	17.23	17.38	16.88	17.07	1437491	24792316.000
09/03/2012	17.05	17.52	16.85	17.36	1435024	25093704.000
09/04/2012	17.35	17.63	17.18	17.27	1376134	24258408.000
09/05/2012	17.30	17.55	17.12	17.43	1152003	20245738.000
09/06/2012	17.55	17.89	17.44	17.88	1830861	32732720.000
09/07/2012	18.15	19.12	17.90	18.82	4129503	77551384.000
09/10/2012	18.61	19.09	18.60	18.85	2742006	52298284.000
09/11/2012	18.70	18.81	18.40	18.72	1646367	30953718.000
09/12/2012	19.00	19.42	18.73	18.90	2320286	44706568.000
09/13/2012	18.80	19.05	18.36	18.36	1628897	30813628.000
09/14/2012	18.82	18.91	18.36	18.52	1822034	34278904.000
09/17/2012	18.48	18.58	17.62	17.62	1768415	32302280.000
09/18/2012	17.37	17.64	17.25	17.37	975048	17184076.000
09/19/2012	17.48	17.73	17.34	17.70	921449	16356858.000
09/20/2012	17.50	17.50	16.08	16.15	3807597	63469328.000
09/21/2012	16.11	16.40	15.80	15.82	1576310	25696386.000
09/24/2012	15.68	15.90	15.05	15.68	1618385	25421646.000
09/25/2012	15.40	16.30	15.40	16.00	1584429	25554822.000
09/26/2012	16.03	16.03	15.38	15.40	1008852	15989892.000
09/27/2012	15.49	15.92	15.33	15.78	1139753	18133304.000
09/28/2012	15.70	16.26	15.60	16.23	1841047	29907904.000
10/08/2012	16.21	16.23	15.84	15.92	1210693	19605374.000
10/09/2012	15.92	16.63	15.90	16.50	1567893	25960428.000
10/10/2012	16.40	17.08	16.40	16.91	2100750	35654900.000
10/11/2012	16.76	17.90	16.75	17.55	4019521	70553856.000
10/12/2012	17.39	19.24	17.30	17.90	9193951	169012208.000
10/15/2012	17.26	17.29	16.09	16.09	5692246	94194680.000
10/16/2012	15.78	16.20	15.61	15.84	3020849	48706964.000
10/17/2012	15.91	16.15	15.72	16.10	1666998	26868340.000
10/18/2012	16.05	16.38	15.95	16.23	1982105	32484600.000
10/19/2012	16.25	16.34	15.88	15.89	1716314	27970676.000
10/22/2012	15.74	15.82	15.35	15.67	2136585	33613600.000
10/23/2012	15.65	16.19	15.65	15.88	1880793	30359402.000
10/24/2012	15.79	16.12	15.65	16.03	1936743	31311296.000
10/25/2012	15.88	16.10	15.41	15.42	1709824	27332300.000
10/26/2012	15.47	15.57	14.69	14.91	2280305	34717008.000
10/29/2012	14.91	14.97	14.63	14.78	730309	10930509.000
10/30/2012	14.74	15.03	14.74	14.81	782652	11808697.000
10/31/2012	14.87	14.94	14.62	14.85	663933	9936826.000
11/01/2012	14.86	15.76	14.86	15.60	2541121	39785316.000
11/02/2012	15.50	15.73	15.26	15.49	1259619	19712060.000
11/05/2012	15.35	15.49	15.25	15.33	812221	12628247.000
11/06/2012	15.43	15.43	14.76	15.08	1308213	19832704.000
11/07/2012	15.01	15.56	15.00	15.21	1646199	25585858.000
11/08/2012	15.00	15.60	14.76	14.94	1788256	27564002.000
11/09/2012	14.90	15.05	14.71	14.77	1041574	15686557.000
11/12/2012	14.76	15.06	14.71	14.85	733175	11031945.000
11/13/2012	14.80	15.15	14.62	14.63	1727871	26093518.000
11/14/2012	14.63	14.77	14.35	14.75	1575068	23272304.000
11/15/2012	14.53	14.65	13.85	13.90	1592035	23068924.000
11/16/2012	13.87	13.89	13.50	13.59	1271450	17552750.000
11/19/2012	13.59	13.75	13.43	13.70	827009	11422772.000
11/20/2012	13.85	13.95	13.65	13.69	777633	10863922.000
11/21/2012	13.71	13.95	13.32	13.94	1252671	17442202.000
11/22/2012	13.85	13.85	13.55	13.55	748921	10394465.000
11/23/2012	13.73	14.17	13.51	14.01	2019395	28607142.000
11/26/2012	13.90	14.15	13.85	13.87	1363621	19357378.000
11/27/2012	13.81	13.96	13.20	13.24	1324074	18156066.000
11/28/2012	13.19	13.19	12.70	12.76	1251503	16328846.000
11/29/2012	12.79	12.99	12.43	12.43	671068	8660590.000
11/30/2012	12.40	12.69	12.40	12.55	789256	10072040.000
12/03/2012	12.55	12.66	12.11	12.12	742424	9302781.000
12/04/2012	12.05	12.31	11.76	12.26	1155523	14108063.000
12/05/2012	12.20	13.40	12.16	13.02	2325154	30434430.000
12/06/2012	12.99	13.02	12.72	12.84	1169311	15264343.000
12/07/2012	12.88	13.28	12.72	13.14	1908320	25396114.000
12/10/2012	13.21	14.07	13.16	13.90	4108659	57520936.000
12/11/2012	13.85	13.85	13.51	13.53	2635599	36513392.000
12/12/2012	13.54	13.69	13.19	13.46	2141775	29082826.000
12/13/2012	13.36	13.55	13.08	13.10	1642550	22188606.000
12/14/2012	13.04	13.97	12.99	13.84	3316085	45860872.000
12/17/2012	13.97	14.80	13.85	14.18	5065689	73589264.000
12/18/2012	14.10	15.62	13.93	15.19	9630477	146379104.000
12/19/2012	14.95	15.88	14.80	15.45	10068279	157983856.000
12/20/2012	15.25	16.38	15.10	16.28	9569110	152584864.000
12/21/2012	16.30	16.80	15.61	15.90	9238351	151550784.000
12/24/2012	15.62	16.11	15.41	15.61	4765280	75731616.000
12/25/2012	15.50	15.99	15.18	15.78	5738968	91193960.000
12/26/2012	15.71	16.25	15.70	15.87	4952338	79908848.000
12/27/2012	15.93	17.07	15.62	16.42	10294319	171558512.000
12/28/2012	16.25	16.46	15.91	16.26	4742512	77672080.000
12/31/2012	16.05	16.44	15.92	16.24	3360941	55188384.000
01/04/2013	16.40	16.64	16.02	16.18	3764481	62244248.000
01/07/2013	16.05	16.10	15.52	15.76	4634947	73790768.000
01/08/2013	15.76	16.27	15.59	16.24	5104498	82566640.000
01/09/2013	16.12	16.25	15.61	15.80	3903190	62860468.000
01/10/2013	15.78	16.01	15.68	15.94	2950278	47413476.000
01/11/2013	15.95	16.15	15.50	15.60	4248776	68228856.000
01/14/2013	15.50	16.92	15.35	16.65	6959881	113742864.000
01/15/2013	16.50	17.78	16.46	17.20	9362217	161253456.000
01/16/2013	17.12	17.28	16.55	16.77	6243908	106615304.000
01/17/2013	16.87	16.90	16.20	16.29	4196860	69936600.000
01/18/2013	16.33	16.58	16.16	16.48	3030088	50362104.000
01/21/2013	16.54	16.73	16.36	16.57	2643506	44182004.000
01/22/2013	16.57	16.75	15.60	15.67	4983511	81521344.000
01/23/2013	15.60	15.93	15.35	15.60	3342497	52862356.000
01/24/2013	15.66	16.14	15.11	15.30	4211618	66824980.000
01/25/2013	15.40	15.54	15.18	15.28	2151263	33514852.000
01/28/2013	15.30	15.96	15.27	15.93	2876610	45702760.000
01/29/2013	15.90	16.21	15.78	16.09	3433848	55625984.000
01/30/2013	16.00	16.00	15.35	15.44	5157702	80939984.000
01/31/2013	15.44	15.70	15.32	15.56	2711180	42638028.000
02/01/2013	15.40	15.46	15.19	15.37	2560518	39625820.000
02/04/2013	15.40	15.50	14.87	15.17	3375952	51762064.000
02/05/2013	15.10	15.36	14.90	15.24	1951286	30043398.000
02/06/2013	15.35	16.11	15.35	15.78	5645977	90685728.000
02/07/2013	15.71	16.05	15.61	15.91	2973423	47679916.000
02/08/2013	15.82	16.55	15.82	16.35	4807508	78903728.000
02/18/2013	16.38	16.38	16.04	16.12	3127289	51155024.000
02/19/2013	16.09	16.20	15.45	15.50	3140057	50052440.000
02/20/2013	15.56	15.87	15.41	15.81	2060575	32711296.000
02/21/2013	15.66	15.66	15.16	15.38	2507847	39287624.000
02/22/2013	15.30	15.88	15.26	15.60	2352679	37253624.000
02/25/2013	15.60	15.72	15.36	15.62	1531377	24117380.000
02/26/2013	15.44	16.25	15.23	15.92	4972473	80000600.000
02/27/2013	15.97	16.39	15.81	16.32	5659587	92517312.000
02/28/2013	16.40	16.65	16.05	16.57	6001767	99819808.000
03/01/2013	16.48	16.53	16.23	16.43	3790258	62752480.000
03/04/2013	16.21	16.30	15.34	15.43	4048074	64566428.000
03/05/2013	15.52	15.83	15.36	15.78	3023180	47994852.000
03/06/2013	15.82	16.56	15.82	16.56	5806562	95775456.000
03/07/2013	16.57	16.74	16.21	16.47	5923300	98736240.000
03/08/2013	16.49	17.50	16.22	17.21	9467726	162190288.000
03/11/2013	17.18	17.47	16.82	17.00	5524339	95651640.000
03/12/2013	17.00	17.14	15.65	15.98	6631514	108935272.000
03/13/2013	15.84	15.98	15.38	15.65	3065780	48825836.000
03/14/2013	15.55	15.78	15.13	15.32	2994777	46832844.000
03/15/2013	15.28	15.68	15.13	15.31	2036493	31861876.000
03/18/2013	15.13	15.35	14.28	14.30	3722688	55225464.000
03/19/2013	14.30	14.46	13.75	14.21	2190384	31253420.000
03/20/2013	14.08	14.78	14.08	14.65	2690376	39573052.000
03/21/2013	14.71	14.89	14.60	14.86	2388386	35770292.000
03/22/2013	14.80	14.90	14.59	14.63	1926880	28650390.000
03/25/2013	14.72	15.19	14.62	14.99	3071853	46446144.000
03/26/2013	14.66	14.67	13.90	13.98	5376009	76883280.000
03/27/2013	13.98	14.18	13.90	14.03	2807264	39951672.000
03/28/2013	13.81	13.81	13.15	13.16	2953396	40113192.000
03/29/2013	13.21	13.34	13.02	13.13	1518407	20285268.000
04/01/2013	13.10	13.35	13.03	13.20	1352639	18157068.000
04/02/2013	13.27	13.42	12.90	12.98	1749240	23270090.000
04/03/2013	12.99	13.10	12.81	12.86	1314021	17213716.000
04/08/2013	12.69	12.87	12.41	12.87	1458104	18655282.000
04/09/2013	12.87	13.99	12.87	13.70	4992196	69009752.000
04/10/2013	13.56	13.75	13.37	13.45	2666412	36613368.000
04/11/2013	13.46	13.67	13.19	13.19	1392386	18879288.000
04/12/2013	13.20	13.40	12.91	12.93	1260541	16838024.000
04/15/2013	12.80	12.80	12.53	12.60	1177204	15151395.000
04/16/2013	12.35	12.90	12.33	12.85	907763	11681687.000
04/17/2013	12.80	12.87	12.58	12.76	1144562	14752311.000
04/18/2013	12.57	12.89	12.55	12.76	1167560	15144245.000
04/19/2013	12.75	13.98	12.75	13.73	5212150	71540840.000
04/22/2013	13.45	13.80	13.30	13.70	4106023	56462896.000
04/23/2013	13.60	13.60	12.84	12.86	2361241	31675390.000
04/24/2013	12.87	13.39	12.86	13.30	2261948	30166722.000
04/25/2013	13.20	13.44	13.03	13.12	2338248	31428712.000
04/26/2013	13.23	13.40	12.41	12.49	2488233	32817880.000
05/02/2013	12.39	12.46	12.10	12.25	1560349	19475114.000
05/03/2013	12.25	12.77	12.20	12.52	1597833	20401600.000
05/06/2013	12.70	13.32	12.62	13.21	2910688	38528000.000
05/07/2013	13.20	13.76	13.00	13.27	3361856	45704620.000
05/08/2013	13.31	13.45	13.20	13.38	2125808	28720948.000
05/09/2013	13.38	13.71	13.23	13.67	3554811	48873688.000
05/10/2013	13.59	13.80	13.27	13.61	2811666	38615728.000
05/13/2013	13.52	14.09	13.46	14.05	3975525	55047600.000
05/14/2013	14.05	14.10	13.67	13.71	3542338	49184148.000
05/15/2013	13.72	14.38	13.68	14.35	5491858	77961280.000
05/16/2013	15.26	15.42	14.40	14.42	9807167	145782016.000
05/17/2013	14.35	14.84	14.31	14.70	4551663	66862932.000
05/20/2013	14.63	16.18	14.63	16.18	11121562	177219008.000
05/21/2013	16.60	17.80	16.57	17.80	16393886	283807840.000
05/22/2013	19.25	19.59	18.78	19.10	18953142	366858432.000
05/23/2013	19.11	19.31	18.57	18.98	12951901	245597296.000
05/24/2013	18.95	19.55	18.65	19.26	13113472	251455984.000
05/27/2013	19.05	19.55	18.70	18.92	8429072	160811936.000
05/28/2013	18.95	19.02	17.63	18.05	9431351	171641312.000
05/29/2013	17.96	18.45	17.86	18.35	6287645	115063912.000
05/30/2013	18.05	18.26	17.92	18.14	4062425	73575952.000
05/31/2013	18.13	18.71	17.79	17.79	6133290	112667408.000
06/03/2013	17.64	18.25	17.37	17.77	4089445	73052736.000
06/04/2013	17.74	18.32	17.41	18.06	4618073	82765592.000
06/05/2013	17.98	18.61	17.66	18.48	5748026	105540048.000
06/06/2013	18.21	18.38	17.65	17.82	3442865	61638148.000
06/07/2013	17.76	18.19	17.21	17.45	2516633	44476724.000
06/13/2013	17.25	17.61	16.85	17.45	2612696	45152068.000
06/14/2013	17.45	18.62	17.40	18.26	4150944	75194352.000
06/17/2013	18.26	18.26	17.57	17.80	3061302	55039768.000
06/18/2013	17.74	17.85	17.13	17.32	2287922	39969100.000
06/19/2013	17.33	17.60	17.07	17.45	1741218	30461594.000
06/20/2013	17.27	17.78	16.36	16.43	3521981	60519044.000
06/21/2013	16.35	16.77	16.15	16.33	2376139	39109300.000
06/24/2013	16.40	16.40	15.03	15.35	2539419	39997008.000
06/25/2013	15.05	15.45	14.05	15.06	3120425	46618416.000
06/26/2013	15.13	15.66	14.77	15.52	3336524	51091012.000
06/27/2013	15.55	15.85	14.48	14.65	4017706	61656252.000
06/28/2013	14.45	14.93	13.98	14.39	2869895	41497676.000
07/01/2013	14.45	14.92	14.13	14.88	2415844	35366188.000
07/02/2013	14.88	16.37	14.63	16.37	5767814	91463720.000
07/03/2013	16.60	17.15	16.46	16.88	5876170	98855168.000
07/04/2013	17.35	17.60	16.75	17.19	7202022	124448328.000
07/05/2013	16.98	17.56	16.63	16.73	5639940	96730456.000
07/08/2013	16.35	16.40	15.51	15.74	3564061	57227532.000
07/09/2013	15.75	16.45	15.75	16.02	2389027	38652384.000
07/10/2013	15.98	17.63	15.91	17.63	5613560	95745736.000
07/11/2013	17.54	18.30	17.35	17.75	10615509	190048368.000
07/12/2013	17.44	18.16	17.07	17.75	5760992	101593048.000
07/15/2013	17.66	18.64	17.46	18.52	6204350	112577216.000
07/16/2013	18.56	18.59	17.85	18.06	5232355	95252008.000
07/17/2013	17.81	17.89	16.70	17.08	5541896	96129256.000
07/18/2013	16.95	17.47	16.71	17.05	3568709	61279492.000
07/19/2013	16.95	17.25	15.63	15.63	4758773	78672240.000
07/22/2013	15.43	16.08	15.30	16.06	2465351	38984404.000
07/23/2013	16.11	17.12	16.01	16.73	3566968	59756300.000
07/24/2013	16.60	16.87	16.17	16.81	2900545	48298796.000
07/25/2013	16.61	16.88	15.65	15.71	3599736	58496344.000
07/26/2013	15.67	16.03	15.60	15.98	2799317	44310824.000
07/29/2013	15.86	16.35	15.47	15.89	2216021	35475352.000
07/30/2013	15.83	16.55	15.83	16.30	3653639	59574304.000
07/31/2013	16.16	16.52	15.90	15.98	2651261	43116360.000
08/01/2013	15.93	16.47	15.93	16.43	3268780	53153464.000
08/02/2013	16.46	17.55	16.29	17.09	5730133	97370280.000
08/05/2013	16.85	17.62	16.84	17.39	4227005	73162768.000
08/06/2013	17.26	17.74	16.91	17.43	3635530	63386480.000
08/07/2013	17.63	17.63	16.46	16.50	4448446	75221032.000
08/08/2013	16.95	17.92	16.71	17.14	8003577	138119184.000
08/09/2013	16.87	18.40	16.77	18.00	9177860	163618736.000
08/12/2013	18.03	18.62	17.65	18.00	8166039	148687600.000
08/13/2013	17.90	18.04	17.55	17.61	5009489	89240920.000
08/14/2013	17.60	17.70	17.07	17.45	2841809	49483192.000
08/15/2013	17.32	17.55	17.17	17.31	2018489	35117020.000
08/16/2013	17.01	17.49	16.11	16.15	3141786	53190476.000
08/19/2013	16.05	16.69	16.05	16.57	2118060	34907332.000
08/20/2013	16.63	17.11	16.46	16.77	1908954	32078910.000
08/21/2013	16.73	17.60	16.73	17.44	3357916	58354576.000
08/22/2013	17.36	17.44	17.06	17.11	2043971	35285600.000
08/23/2013	17.12	17.70	16.98	17.53	3195192	55751372.000
08/26/2013	17.57	18.00	17.55	17.82	2903350	51876528.000
08/27/2013	17.67	18.72	17.43	18.30	6419737	116968200.000
08/28/2013	18.01	18.23	17.65	17.82	3003817	53989176.000
08/29/2013	17.75	17.87	17.36	17.48	2128112	37471020.000
08/30/2013	17.63	18.50	16.95	17.25	4186177	75360224.000
09/02/2013	16.76	18.95	16.76	18.60	5645917	103986776.000
09/03/2013	18.55	19.13	18.06	18.70	3956245	73954056.000
09/04/2013	18.48	19.33	18.40	18.90	4791634	91041144.000
09/05/2013	18.93	19.15	18.55	18.62	2782587	52564720.000
09/06/2013	18.55	18.94	18.16	18.25	3008423	55814688.000
09/09/2013	18.21	18.73	17.83	18.36	4347416	79192608.000
09/10/2013	18.28	18.46	17.73	18.06	3102096	55933780.000
09/11/2013	18.03	18.43	17.66	17.95	3366363	60893280.000
09/12/2013	17.80	18.23	17.65	17.74	2464441	44080748.000
09/13/2013	17.67	18.14	17.67	17.78	2168118	38909240.000
09/16/2013	17.68	18.02	17.11	17.31	3023020	53556892.000
09/17/2013	17.38	17.74	17.26	17.59	2861068	50298944.000
09/18/2013	17.65	17.90	17.05	17.18	3203370	55614172.000
09/23/2013	17.17	18.19	17.10	17.83	3320374	58699476.000
09/24/2013	17.82	17.92	17.54	17.67	2257478	40117116.000
09/25/2013	17.67	17.93	17.57	17.74	2035737	36279928.000
09/26/2013	17.74	17.80	16.96	16.97	2297657	39888468.000
09/27/2013	16.95	17.25	16.90	16.93	1156599	19762270.000
09/30/2013	16.94	17.30	16.94	17.22	1264055	21808356.000
10/08/2013	17.22	17.40	16.87	17.36	2056125	35269284.000
10/09/2013	17.25	17.38	17.09	17.29	1493935	25816258.000
10/10/2013	17.29	17.43	16.50	16.55	2818531	47500768.000
10/11/2013	16.68	16.83	16.35	16.48	3982505	66216504.000
10/14/2013	16.42	16.46	16.15	16.24	2575587	42038756.000
10/15/2013	16.25	16.49	16.15	16.24	2617164	42740120.000
10/16/2013	16.24	16.24	14.96	15.15	4076572	63226136.000
10/17/2013	15.28	15.34	14.99	15.10	2211801	33666048.000
10/18/2013	15.15	15.29	15.07	15.25	1542143	23503126.000
10/21/2013	15.26	15.68	15.25	15.57	2032227	31541544.000
10/22/2013	15.55	15.68	15.33	15.35	1633301	25375550.000
10/23/2013	15.27	16.14	15.27	16.06	4601140	73052848.000
10/24/2013	15.77	16.00	15.37	15.42	2097489	33036680.000
10/25/2013	15.39	15.62	14.97	14.99	1466504	22337060.000
10/28/2013	14.96	15.13	14.38	14.54	1857514	27217074.000
10/29/2013	14.48	14.68	13.43	13.85	2129863	29946378.000
10/30/2013	13.89	14.11	13.76	14.07	1552332	21685852.000
10/31/2013	14.01	14.08	13.65	13.93	1494501	20729938.000
11/01/2013	13.93	14.43	13.68	14.32	1877501	26876156.000
11/04/2013	14.80	15.14	14.49	14.56	2419188	35734216.000
11/05/2013	14.50	15.00	14.30	14.78	1663457	24456338.000
11/06/2013	14.85	15.13	14.63	14.74	2347475	35139960.000
11/07/2013	14.71	14.72	14.15	14.35	1493316	21626960.000
11/08/2013	14.21	14.33	13.87	14.03	1087052	15374879.000
11/11/2013	14.03	14.76	13.95	14.57	1067302	15393831.000
11/12/2013	14.58	14.70	14.41	14.49	975899	14192061.000
11/13/2013	14.61	14.69	14.15	14.21	915946	13267111.000
11/14/2013	14.21	14.73	14.06	14.72	1514757	22138376.000
11/15/2013	14.75	15.05	14.68	14.76	2096187	31338650.000
11/18/2013	14.78	15.08	14.75	15.07	1734686	26058694.000
11/19/2013	15.34	15.34	14.83	14.97	1462231	22057282.000
11/20/2013	14.95	15.22	14.84	15.12	1710216	25877072.000
11/21/2013	15.11	15.11	14.65	14.82	1484639	22047670.000
11/22/2013	14.81	14.87	14.70	14.78	1160303	17215496.000
11/25/2013	14.74	14.89	14.56	14.65	1454366	21499888.000
11/26/2013	14.63	15.10	14.63	15.05	1718112	25765444.000
11/27/2013	15.06	15.31	14.90	15.21	1771812	26911978.000
11/28/2013	15.13	15.92	15.11	15.70	4127913	64739660.000
11/29/2013	15.63	15.74	15.35	15.72	2600319	40515916.000
12/02/2013	14.97	15.15	14.14	14.14	3777120	55446156.000
12/03/2013	13.80	14.30	13.65	14.25	2441728	34110380.000
12/04/2013	14.19	14.53	14.08	14.23	2093336	30104416.000
12/05/2013	14.22	14.29	13.90	14.11	1998367	28154154.000
12/06/2013	14.11	14.12	13.91	14.06	946388	13312665.000
12/09/2013	14.08	14.54	14.07	14.36	1460426	20919900.000
12/10/2013	14.35	14.40	14.11	14.25	1039643	14829823.000
12/11/2013	14.25	14.38	14.02	14.19	1421286	20234468.000
12/12/2013	14.15	14.40	14.06	14.24	1194946	17157726.000
12/13/2013	14.15	14.34	14.07	14.27	1162079	16569013.000
12/16/2013	14.28	15.45	14.19	14.70	4016066	59686592.000
12/17/2013	14.55	15.10	14.48	15.03	3546722	53007488.000
12/18/2013	14.91	14.98	14.63	14.79	1741019	25790728.000
12/19/2013	14.82	15.10	14.78	14.92	1721362	25778884.000
12/20/2013	14.92	14.99	14.39	14.41	1516089	22230532.000
12/23/2013	14.33	14.42	13.81	13.99	1068248	15038843.000
12/24/2013	14.22	14.37	13.99	14.08	731044	10386435.000
12/25/2013	14.07	14.44	14.07	14.44	1192386	17117138.000
12/26/2013	14.44	14.55	14.24	14.24	1501565	21756588.000
12/27/2013	14.25	14.70	14.24	14.65	1077074	15738190.000
12/30/2013	14.66	14.84	14.65	14.77	1118272	16542622.000
12/31/2013	14.71	15.14	14.36	14.86	2034042	30232586.000
01/02/2014	14.85	15.20	14.68	15.06	1800192	27082368.000
01/03/2014	15.21	15.43	14.96	15.10	2727003	41639584.000
01/06/2014	15.05	15.94	14.65	15.35	4934898	76646536.000
01/07/2014	15.12	16.02	14.86	15.83	5211469	82276648.000
01/08/2014	15.83	15.92	15.54	15.73	2949368	46443420.000
01/09/2014	15.65	15.70	14.86	14.90	2923276	44852588.000
01/10/2014	14.85	15.12	14.67	14.90	1621287	24218068.000
01/13/2014	14.91	15.92	14.91	15.36	3190707	49420964.000
01/14/2014	15.36	15.54	15.22	15.53	1775586	27434548.000
01/15/2014	15.54	15.86	15.35	15.81	2850661	44756552.000
01/16/2014	15.81	16.44	15.68	16.24	4756786	76751176.000
01/17/2014	16.24	16.42	15.89	16.03	2714302	43883788.000
01/20/2014	15.99	16.40	15.86	16.11	2567699	41695168.000
01/21/2014	16.10	16.67	16.01	16.43	1949144	32045750.000
01/22/2014	16.41	16.61	16.24	16.45	2234663	36775056.000
01/23/2014	16.38	16.58	16.23	16.34	2106802	34591580.000
01/24/2014	16.16	16.86	16.15	16.70	2752281	46006516.000
01/27/2014	16.39	17.34	16.39	16.95	3613272	61568788.000
01/28/2014	16.76	17.17	16.65	16.79	2111914	35748668.000
01/29/2014	16.64	16.96	16.56	16.86	1199641	20173850.000
01/30/2014	16.92	17.00	16.67	16.88	827892	13995646.000
02/07/2014	16.73	17.71	16.68	17.55	1819386	31708322.000
02/10/2014	17.55	19.31	17.55	19.31	7994431	152478864.000
02/11/2014	19.43	19.89	18.13	19.11	7361246	141481984.000
02/12/2014	18.85	19.39	18.66	18.95	2624981	49894980.000
02/13/2014	18.95	19.39	18.76	18.93	2818256	53836232.000
02/14/2014	18.83	18.93	18.23	18.88	2147051	40000088.000
02/17/2014	18.96	20.53	18.63	19.79	3370999	65931292.000
02/18/2014	19.55	19.73	19.11	19.35	2046362	39791704.000
02/19/2014	19.35	19.58	18.87	19.39	1790948	34538056.000
02/20/2014	19.40	19.41	18.59	18.63	1942628	36733520.000
02/21/2014	18.51	18.65	17.93	18.33	2669136	48729728.000
02/24/2014	18.41	18.55	17.83	18.50	1531166	28023644.000
02/25/2014	18.65	18.72	16.65	16.65	3883080	68590472.000
02/26/2014	16.46	17.53	16.46	17.27	2826445	48676120.000
02/27/2014	17.30	18.34	17.00	17.18	2721500	48234988.000
02/28/2014	17.19	17.69	16.65	17.51	1515396	26192002.000
03/03/2014	17.64	18.05	17.36	17.66	2301485	40893576.000
03/04/2014	17.55	18.35	17.42	18.24	2627950	47394968.000
03/05/2014	18.35	18.78	18.05	18.08	2278912	42120836.000
03/06/2014	17.97	18.41	17.75	18.35	1936394	35229784.000
03/07/2014	18.65	18.94	17.99	18.05	1386937	25678592.000
03/10/2014	17.58	17.89	16.86	17.21	1666196	28767966.000
03/11/2014	16.95	17.42	16.90	17.10	911397	15715176.000
03/12/2014	16.99	17.53	16.66	17.05	784210	13401341.000
03/13/2014	17.10	17.40	16.95	17.24	719430	12445779.000
03/14/2014	17.05	17.43	17.05	17.32	619319	10741094.000
03/17/2014	17.32	18.71	17.16	18.59	1725841	31459086.000
03/18/2014	18.50	19.04	18.25	18.65	1408076	26324528.000
03/19/2014	18.55	18.80	18.32	18.74	1342085	25041792.000
03/20/2014	18.60	18.84	17.75	17.83	1303544	23835660.000
03/21/2014	17.71	18.33	17.04	18.15	1321438	23505934.000
03/24/2014	18.05	18.40	17.86	18.03	1115689	20260092.000
03/25/2014	17.65	17.94	17.50	17.83	899211	15991042.000
03/26/2014	17.95	18.94	17.93	18.65	2171555	40292152.000
03/27/2014	18.61	18.63	17.73	17.75	1424570	25981128.000
03/28/2014	17.66	17.75	16.91	17.00	1457614	25286382.000
03/31/2014	17.20	17.42	16.48	16.86	1287005	21643920.000
04/01/2014	16.72	17.30	16.72	17.25	587593	10057612.000
04/02/2014	17.35	17.60	16.95	17.40	588402	10156175.000
04/03/2014	17.18	17.59	17.08	17.43	671757	11688478.000
04/04/2014	17.25	18.00	17.15	18.00	1587280	28273864.000
04/08/2014	17.76	18.23	17.57	18.05	1042870	18760360.000
04/09/2014	17.95	19.86	17.95	19.63	5275762	101788920.000
04/10/2014	19.44	19.50	18.18	18.41	5634476	106112856.000
04/11/2014	18.42	18.74	17.90	18.44	2762903	50807552.000
04/14/2014	18.25	18.73	18.20	18.55	2021693	37520300.000
04/15/2014	18.40	18.64	18.00	18.03	1965920	36003696.000
04/16/2014	18.20	19.35	18.16	18.66	3438535	64656772.000
04/17/2014	18.59	18.90	18.52	18.71	1866434	34977744.000
04/18/2014	18.60	19.27	18.60	19.21	2741855	52335988.000
04/21/2014	19.13	19.82	18.96	19.33	3497792	68079064.000
04/22/2014	19.13	19.13	18.10	18.53	2443100	45723800.000
04/23/2014	18.65	19.13	18.24	18.50	1814799	34026724.000
04/24/2014	18.51	18.75	17.55	17.76	1900116	34168788.000
04/25/2014	17.55	18.32	17.36	17.67	1349297	24257004.000
04/28/2014	17.55	17.71	16.65	16.95	1371882	23456310.000
04/29/2014	17.23	17.33	16.83	17.19	685368	11754120.000
04/30/2014	17.08	17.60	17.05	17.60	809910	14062652.000
05/05/2014	17.47	17.80	17.26	17.78	971251	17060724.000
05/06/2014	17.85	18.27	17.48	18.05	1384953	25080818.000
05/07/2014	18.07	18.15	17.75	17.92	799752	14410108.000
05/08/2014	17.95	18.30	17.76	17.85	725189	13116060.000
05/09/2014	17.76	18.22	17.39	17.91	853241	15225301.000
05/12/2014	17.56	18.67	17.56	18.55	2678479	49400980.000
05/13/2014	18.49	18.84	18.30	18.71	1843344	34332196.000
05/14/2014	18.71	18.71	18.23	18.40	1496028	27563038.000
05/15/2014	18.40	19.30	17.74	17.85	1875963	34342560.000
05/16/2014	18.00	18.00	17.12	17.37	1429304	24946778.000
05/19/2014	17.37	17.50	17.11	17.38	769600	13337843.000
05/20/2014	17.49	17.67	17.18	17.32	1440236	25140452.000
05/21/2014	17.35	17.55	17.15	17.45	1137831	19756580.000
05/22/2014	17.49	17.77	17.37	17.37	1431098	25114294.000
05/23/2014	17.39	17.60	17.04	17.42	1178247	20321990.000
05/27/2014	17.68	18.47	17.59	18.06	3506671	63470148.000
05/28/2014	17.86	18.60	17.86	18.48	2521970	46219732.000
05/29/2014	18.56	18.91	18.36	18.53	3148280	58689196.000
05/30/2014	18.50	18.94	18.03	18.82	3409094	63352532.000
06/03/2014	18.79	19.20	18.57	19.10	3988245	75778640.000
06/04/2014	19.20	19.50	18.82	18.88	2894883	55289212.000
06/05/2014	19.11	19.27	18.50	19.19	1915793	36387872.000
06/06/2014	19.18	19.50	18.87	19.32	2529674	48485948.000
06/09/2014	19.43	20.18	19.11	19.86	4547059	90437112.000
06/10/2014	19.64	19.90	19.19	19.66	2216750	43413392.000
06/11/2014	19.68	20.46	19.41	19.73	2535843	50526392.000
06/12/2014	19.74	19.88	19.35	19.50	1547491	30269754.000
06/13/2014	19.37	21.45	19.23	20.95	6401251	133728024.000
06/16/2014	21.05	21.16	20.61	21.03	2909529	60959784.000
06/17/2014	20.98	21.28	20.73	21.05	2073502	43661548.000
06/18/2014	21.15	21.45	20.38	20.89	2650243	55518140.000
06/19/2014	20.69	20.70	19.00	19.49	3567409	70786336.000
06/20/2014	19.08	19.75	19.08	19.48	1673701	32653628.000
06/23/2014	19.47	20.06	19.45	19.72	1695593	33650152.000
06/24/2014	19.72	21.00	19.65	20.60	2759611	56360588.000
06/25/2014	20.44	21.08	20.31	20.51	1947974	40376880.000
06/26/2014	20.65	21.39	20.30	21.00	2360388	49858984.000
06/27/2014	20.85	22.90	20.85	22.20	3370811	74536568.000
06/30/2014	22.20	23.59	21.80	23.06	4907895	112065808.000
07/01/2014	23.06	23.06	22.48	22.55	2757932	62570192.000
07/02/2014	22.58	22.92	22.41	22.90	1844243	41910444.000
07/03/2014	22.94	22.94	22.42	22.70	1791260	40537828.000
07/04/2014	22.71	24.09	22.71	23.33	3283906	77034304.000
07/07/2014	23.26	24.39	22.60	22.64	4750346	111997000.000
07/08/2014	22.63	24.30	22.50	23.85	3369369	78633232.000
07/09/2014	23.70	24.65	23.56	24.50	4788321	116045696.000
07/10/2014	24.38	25.88	24.00	25.35	3979866	99882232.000
07/11/2014	25.35	25.35	24.46	24.70	2477708	61316684.000
07/14/2014	25.05	25.81	24.67	25.41	2360178	59695320.000
07/15/2014	25.50	27.17	25.20	26.48	4866900	127276008.000
07/16/2014	26.10	26.78	24.81	25.15	2928937	75408600.000
07/17/2014	25.31	26.80	25.03	25.31	3336853	86599840.000
07/18/2014	24.88	25.50	24.50	25.00	2762426	68697592.000
10/17/2014	27.50	27.50	27.50	27.50	231038	6353545.000
10/20/2014	30.25	30.25	29.02	30.25	3133671	94278048.000
10/21/2014	31.77	31.80	28.50	28.60	9171847	271765376.000
10/22/2014	29.00	29.35	27.17	28.49	4686112	130796784.000
10/23/2014	28.19	28.19	26.50	26.64	4067875	110455176.000
10/24/2014	26.70	27.00	26.00	26.65	2696769	71102488.000
10/27/2014	26.58	27.38	26.15	27.38	2809922	75363312.000
10/28/2014	27.28	28.06	27.10	28.01	2226566	61544884.000
10/29/2014	28.10	29.98	28.10	29.55	3987720	115871336.000
10/30/2014	29.00	30.28	29.00	30.00	3349866	99436712.000
10/31/2014	30.07	30.07	28.62	29.06	2289292	66696800.000
数据来源:通达信
