300159 新研股份 日线
      日期	    开盘	    最高	    最低	    收盘	    成交量	    成交额
01/07/2011	10.65	12.34	10.55	11.86	7594885	778534976.000
01/10/2011	11.56	12.03	11.45	11.91	2797325	296114048.000
01/11/2011	12.01	12.48	11.11	11.42	2389680	255696928.000
01/12/2011	11.22	11.64	11.12	11.29	1321574	135838976.000
01/13/2011	10.88	11.43	10.76	10.90	1308405	129677528.000
01/14/2011	10.88	10.92	10.21	10.59	1391732	132160000.000
01/17/2011	10.42	10.42	9.85	10.20	1035203	94794752.000
01/18/2011	9.98	10.45	9.89	10.05	463487	42581616.000
01/19/2011	9.98	10.48	9.98	10.42	517184	48100860.000
01/20/2011	10.41	10.41	9.85	9.88	486682	44516016.000
01/21/2011	9.80	10.13	9.40	10.07	736103	64540600.000
01/24/2011	9.94	10.14	9.59	9.74	327289	29362032.000
01/25/2011	9.78	9.78	9.23	9.63	465002	39716192.000
01/26/2011	9.63	10.08	9.63	9.86	313267	27878798.000
01/27/2011	9.81	9.95	9.51	9.88	189701	16794474.000
01/28/2011	9.88	10.09	9.77	10.05	251808	22691576.000
01/31/2011	10.03	10.30	10.00	10.15	201265	18496054.000
02/01/2011	10.08	10.20	9.71	9.74	237573	21114270.000
02/09/2011	9.64	9.93	9.63	9.72	188482	16643580.000
02/10/2011	9.79	10.72	9.79	10.72	575116	53984348.000
02/11/2011	10.79	11.16	10.61	10.73	575338	56288836.000
02/14/2011	10.73	11.83	10.56	11.83	691562	70282520.000
02/15/2011	11.74	12.07	11.67	11.83	589686	62964328.000
02/16/2011	11.83	12.41	11.68	12.24	518055	56449932.000
02/17/2011	12.23	12.47	11.90	12.13	460755	49927800.000
02/18/2011	12.13	13.24	12.05	12.13	788451	89514904.000
02/21/2011	12.01	12.58	11.90	12.50	393188	42905180.000
02/22/2011	12.41	12.47	11.45	11.63	541836	57564792.000
02/23/2011	11.64	11.84	11.40	11.53	342692	35733324.000
02/24/2011	11.56	11.84	11.19	11.58	421970	43619792.000
02/25/2011	11.45	12.31	11.37	11.92	390986	41927264.000
02/28/2011	11.95	12.47	11.82	12.01	318514	34619612.000
03/01/2011	12.00	12.18	11.48	11.50	305748	32305924.000
03/02/2011	11.33	11.46	11.08	11.17	373560	37765624.000
03/03/2011	11.11	11.50	10.91	10.99	258783	25940128.000
03/04/2011	10.99	11.22	10.76	11.16	257468	25381226.000
03/07/2011	11.13	11.32	10.88	11.01	234546	23219676.000
03/08/2011	11.09	11.33	10.89	11.13	406963	40867968.000
03/09/2011	11.10	11.21	10.94	11.11	218054	21732530.000
03/10/2011	11.11	11.50	11.11	11.20	289282	29450688.000
03/11/2011	11.10	11.26	10.91	11.16	310610	30974662.000
03/14/2011	11.16	11.21	10.94	10.99	224659	22323610.000
03/15/2011	11.00	11.07	10.54	10.76	321295	31128490.000
03/16/2011	10.76	10.88	10.71	10.83	153463	14918274.000
03/17/2011	10.83	10.97	10.66	10.68	172356	16751841.000
03/18/2011	10.76	10.88	10.72	10.88	127635	12419787.000
03/21/2011	10.92	11.09	10.82	10.88	281357	27796650.000
03/22/2011	10.93	10.98	10.78	10.86	144433	14131425.000
03/23/2011	10.84	11.67	10.84	11.56	622066	63025748.000
03/24/2011	11.47	11.70	11.38	11.42	332105	34474796.000
03/25/2011	11.46	11.60	11.24	11.43	341833	35067736.000
03/28/2011	11.33	11.33	10.26	10.26	1137351	108373832.000
03/29/2011	10.01	10.18	9.82	10.08	665435	59825612.000
03/30/2011	10.02	10.04	9.68	9.78	495884	43962900.000
03/31/2011	9.78	9.96	9.74	9.78	204951	18232818.000
04/01/2011	9.85	10.03	9.69	9.98	293674	26282182.000
04/06/2011	9.85	9.93	9.51	9.63	316707	27897820.000
04/07/2011	9.65	9.91	9.60	9.85	234535	20785202.000
04/08/2011	9.92	10.07	9.83	9.89	503721	45226404.000
04/11/2011	9.88	9.96	9.51	9.53	501070	43898160.000
04/12/2011	9.49	9.63	9.41	9.42	329612	28212716.000
04/13/2011	9.40	9.57	9.39	9.50	570681	49016104.000
04/14/2011	9.51	9.55	9.43	9.51	417861	35892516.000
04/15/2011	9.48	9.80	9.42	9.72	340644	29652798.000
04/18/2011	9.57	9.61	9.50	9.57	256754	22140470.000
04/19/2011	9.47	9.81	9.47	9.64	394718	34486568.000
04/21/2011	9.79	10.06	9.79	9.96	423842	37981244.000
04/22/2011	9.87	9.99	9.54	9.71	292819	25676096.000
04/25/2011	9.67	9.80	9.40	9.46	221632	19069130.000
04/26/2011	9.35	9.51	9.29	9.30	221796	18834442.000
04/27/2011	9.50	9.50	9.18	9.22	181877	15363562.000
04/28/2011	9.40	9.40	8.28	8.70	398123	31295192.000
04/29/2011	8.63	8.73	8.03	8.63	359912	12563810.000
05/03/2011	8.50	8.67	8.42	8.60	270086	9519560.000
05/04/2011	8.55	8.59	8.03	8.13	725942	24539182.000
05/05/2011	8.15	8.23	8.03	8.18	402517	13513368.000
05/06/2011	8.16	8.18	7.92	8.04	379743	12529727.000
05/09/2011	8.04	8.24	8.04	8.11	267130	8939829.000
05/10/2011	8.15	8.27	8.06	8.23	349442	11732510.000
05/11/2011	8.23	8.50	8.15	8.48	353765	12161307.000
05/12/2011	8.38	8.77	8.38	8.47	480374	16941616.000
05/13/2011	8.50	8.75	8.50	8.62	359613	12767767.000
05/16/2011	8.73	8.73	8.42	8.45	185835	6499083.500
05/17/2011	8.43	8.55	8.21	8.48	201662	6902250.500
05/18/2011	8.50	8.73	8.30	8.43	181906	6337442.000
05/19/2011	8.33	8.51	8.33	8.37	124100	4286328.500
05/20/2011	8.37	8.37	8.08	8.10	203932	6874959.500
05/23/2011	8.11	8.11	7.78	7.93	391585	12702348.000
05/24/2011	8.00	8.40	7.82	8.24	641930	21517702.000
05/25/2011	8.24	8.40	8.15	8.18	265879	9039270.000
05/26/2011	8.15	8.33	7.79	7.79	159660	5344076.500
05/27/2011	7.82	8.10	7.74	7.78	345973	11219329.000
05/30/2011	7.85	8.15	7.78	7.95	610669	20166392.000
05/31/2011	7.94	8.09	7.84	8.08	264142	8671215.000
06/01/2011	8.16	8.20	8.02	8.10	435872	14483840.000
06/02/2011	7.93	8.23	7.80	8.09	413568	13693024.000
06/03/2011	8.15	8.39	8.03	8.39	435376	14800476.000
06/07/2011	8.40	8.50	8.39	8.46	329002	11395474.000
06/08/2011	8.38	8.41	8.25	8.36	196030	6694506.500
06/09/2011	8.40	8.40	8.13	8.31	235793	7996213.500
06/10/2011	8.19	8.38	7.91	8.38	239309	8019867.500
06/13/2011	8.17	8.43	8.17	8.38	175388	6012245.500
06/14/2011	8.30	8.42	8.28	8.36	250213	8575084.000
06/16/2011	8.25	8.25	8.10	8.13	154522	5174770.500
06/17/2011	8.13	8.25	7.95	8.06	162026	5394097.000
06/20/2011	8.11	8.11	7.47	7.49	371189	11786248.000
06/21/2011	7.41	7.57	7.15	7.15	1070570	32031530.000
06/22/2011	7.15	7.28	7.13	7.20	281968	8377367.000
06/23/2011	7.20	7.40	7.10	7.37	332675	10009924.000
06/24/2011	7.25	7.75	7.24	7.72	514522	16074334.000
06/27/2011	7.58	7.94	7.58	7.79	359954	11560895.000
06/28/2011	7.78	7.82	7.60	7.77	426113	13477266.000
06/29/2011	7.72	7.81	7.68	7.71	216306	6903235.500
06/30/2011	7.65	7.83	7.65	7.74	484415	15413509.000
07/01/2011	7.70	7.88	7.69	7.75	370974	11840089.000
07/04/2011	7.80	8.13	7.75	8.08	409331	13380026.000
07/05/2011	8.08	8.45	8.08	8.33	425390	14586823.000
07/06/2011	8.28	8.40	8.11	8.33	436122	14938921.000
07/07/2011	8.29	8.58	8.29	8.40	365239	12659664.000
07/08/2011	8.52	8.52	8.32	8.37	117527	4042644.500
07/11/2011	8.35	8.40	8.25	8.36	226600	7761665.500
07/12/2011	8.28	8.28	8.05	8.06	274831	9182612.000
07/13/2011	8.06	8.33	8.06	8.27	350030	11747380.000
07/14/2011	8.29	8.88	8.29	8.81	826398	29548722.000
07/15/2011	8.78	8.97	8.65	8.91	847876	30712046.000
07/18/2011	8.90	8.95	8.55	8.58	459467	16476825.000
07/19/2011	8.53	8.62	8.27	8.30	754967	25961834.000
07/20/2011	8.29	8.49	8.25	8.31	183318	6273837.000
07/21/2011	8.40	8.41	8.18	8.32	486057	16502651.000
07/22/2011	8.32	8.87	8.30	8.66	838831	29610232.000
07/25/2011	8.65	8.65	8.13	8.15	431454	14834165.000
07/26/2011	8.22	8.23	7.85	8.10	444176	14788560.000
07/27/2011	7.85	8.23	7.85	8.23	421610	14113696.000
07/28/2011	8.15	8.27	8.03	8.25	305880	10270352.000
07/29/2011	8.26	8.26	8.10	8.15	196897	6595611.000
08/01/2011	8.03	8.27	8.03	8.18	173868	5849204.000
08/02/2011	8.29	9.01	8.15	8.65	890833	31457600.000
08/03/2011	8.45	9.15	8.45	8.90	1183297	43152468.000
08/04/2011	8.90	8.97	8.61	8.67	398912	14298861.000
08/05/2011	8.40	8.65	8.28	8.53	403203	14052517.000
08/08/2011	8.50	8.50	7.65	8.08	511406	16995726.000
08/09/2011	7.83	8.18	7.42	8.14	376462	12274771.000
08/10/2011	8.27	8.52	8.27	8.35	523765	18114800.000
08/11/2011	8.14	8.81	8.03	8.78	878767	30902420.000
08/12/2011	8.90	9.05	8.78	9.01	823421	30161182.000
08/15/2011	9.11	9.23	9.01	9.17	613386	22969588.000
08/16/2011	9.17	9.17	8.86	8.87	473808	17426752.000
08/17/2011	8.87	9.02	8.79	8.92	360291	13184215.000
08/18/2011	8.85	8.87	8.57	8.61	307192	10974951.000
08/19/2011	8.40	8.99	8.30	8.98	350129	12381856.000
08/22/2011	8.93	9.23	8.90	9.02	544048	20223452.000
08/23/2011	9.23	9.50	9.04	9.19	1272527	48397076.000
08/24/2011	9.08	9.52	9.08	9.34	971371	37142224.000
08/25/2011	9.31	9.58	9.10	9.26	862013	32727020.000
08/26/2011	9.23	9.40	9.13	9.28	335860	12711656.000
08/29/2011	9.26	9.35	9.11	9.20	505538	19061412.000
08/30/2011	9.28	9.28	8.78	8.85	456321	16918350.000
08/31/2011	8.82	8.89	8.49	8.64	531738	18828464.000
09/01/2011	8.64	8.87	8.60	8.78	285379	10237426.000
09/02/2011	8.82	8.82	8.55	8.65	223402	7906287.000
09/05/2011	8.53	8.60	8.43	8.53	244479	8540094.000
09/06/2011	8.66	8.66	8.41	8.52	146548	5099434.500
09/07/2011	8.65	8.75	8.51	8.75	168887	5993054.500
09/08/2011	8.80	8.99	8.67	8.89	364699	13282694.000
09/09/2011	8.89	8.92	8.70	8.71	100040	3611290.000
09/13/2011	8.68	8.68	8.40	8.44	131345	4565037.000
09/14/2011	8.71	9.00	8.44	8.53	345931	12271350.000
09/15/2011	8.49	8.58	8.44	8.48	339710	11869080.000
09/16/2011	8.47	8.52	8.37	8.50	259674	9019497.000
09/19/2011	8.38	8.43	8.03	8.03	205989	6921833.000
09/20/2011	8.00	8.02	7.74	7.98	469311	15266711.000
09/21/2011	7.95	8.27	7.87	8.17	362859	12021338.000
09/22/2011	8.10	8.10	7.78	7.91	148100	4850472.500
09/23/2011	7.71	7.93	7.70	7.91	180987	5836406.000
09/26/2011	7.95	8.08	7.78	7.78	254041	8247807.500
09/27/2011	7.90	7.97	7.71	7.78	202760	6514598.500
09/28/2011	7.83	7.85	7.57	7.70	162125	5161499.500
09/29/2011	7.58	7.65	7.40	7.52	190064	5880968.500
09/30/2011	7.51	7.51	7.28	7.34	194690	5905844.000
10/10/2011	7.48	7.48	7.23	7.26	135400	4084621.500
10/11/2011	7.65	7.73	7.24	7.30	249944	7677485.500
10/12/2011	7.30	7.56	7.23	7.49	634594	19367276.000
10/13/2011	7.51	7.63	7.44	7.53	548478	17020776.000
10/14/2011	7.60	7.65	7.45	7.55	321975	10001255.000
10/17/2011	7.56	7.77	7.56	7.69	520122	16423885.000
10/18/2011	7.67	7.92	7.47	7.47	1153684	36783048.000
10/19/2011	7.49	7.57	6.85	6.99	1057160	31392648.000
10/20/2011	6.95	6.95	6.27	6.27	2166415	57269860.000
10/21/2011	6.26	6.37	6.15	6.32	393331	10269997.000
10/24/2011	6.27	6.41	6.15	6.31	543331	14185246.000
10/25/2011	6.33	6.77	6.33	6.62	903081	24524034.000
10/26/2011	6.56	6.83	6.51	6.67	818474	22756010.000
10/27/2011	6.60	6.96	6.60	6.90	899549	25525212.000
10/28/2011	6.96	7.06	6.78	7.01	881145	25281102.000
10/31/2011	7.09	7.74	7.00	7.74	2235492	68670632.000
11/01/2011	7.73	8.15	7.58	7.98	2489313	81761752.000
11/02/2011	7.78	8.18	7.73	8.18	1364385	44935624.000
11/03/2011	8.20	8.75	8.19	8.51	2161110	75779824.000
11/04/2011	8.51	8.75	8.47	8.63	873611	30854528.000
11/07/2011	8.64	8.65	8.28	8.34	1039801	36266668.000
11/08/2011	8.29	8.34	8.06	8.15	924421	31037232.000
11/09/2011	8.14	8.59	8.14	8.51	1021417	34851816.000
11/10/2011	8.40	8.54	8.29	8.44	821097	28457690.000
11/11/2011	8.44	8.45	8.18	8.28	342503	11704863.000
11/14/2011	8.40	8.71	8.28	8.55	803581	28174620.000
11/15/2011	8.53	8.84	8.53	8.72	665153	23794148.000
11/16/2011	8.75	8.78	8.37	8.48	437905	15317592.000
11/17/2011	8.48	8.73	8.31	8.48	576957	20172506.000
11/18/2011	8.50	8.65	8.18	8.25	978851	34082532.000
11/21/2011	8.05	8.18	7.65	7.88	932582	30145546.000
11/22/2011	7.83	7.97	7.58	7.93	468505	15092593.000
11/23/2011	7.94	8.11	7.93	7.93	543639	17953950.000
11/24/2011	7.77	8.10	7.70	8.08	306290	10095267.000
11/25/2011	8.13	8.20	8.00	8.14	213558	7105415.000
11/28/2011	8.25	8.63	8.18	8.54	1311639	45942624.000
11/29/2011	8.65	8.86	8.53	8.71	1249030	44634508.000
11/30/2011	8.61	8.75	7.98	8.10	707740	24001474.000
12/01/2011	8.43	8.45	8.15	8.24	712667	24238754.000
12/02/2011	8.15	8.15	7.85	8.04	408606	13394322.000
12/05/2011	8.03	8.03	7.68	7.70	288396	9236292.000
12/06/2011	7.70	7.83	7.56	7.80	281488	8891626.000
12/07/2011	7.81	8.19	7.72	8.14	594152	19389620.000
12/08/2011	8.03	8.13	7.68	7.98	1011719	32874548.000
12/09/2011	7.80	7.97	7.65	7.80	274501	8853203.000
12/12/2011	7.82	8.18	7.81	7.98	627229	20739604.000
12/13/2011	7.88	7.88	7.70	7.77	461521	14735766.000
12/14/2011	7.72	8.06	7.72	7.73	533690	17213788.000
12/15/2011	7.53	7.53	6.95	7.02	1041530	30707138.000
12/16/2011	7.15	7.51	7.05	7.34	546365	16198845.000
12/19/2011	7.25	7.54	7.16	7.48	421002	12846049.000
12/20/2011	7.48	7.58	7.35	7.47	386940	11893731.000
12/21/2011	7.53	7.73	7.23	7.23	421791	13019442.000
12/22/2011	7.21	7.46	6.48	7.45	806621	23200166.000
12/23/2011	7.28	7.57	7.25	7.46	418287	12819397.000
12/26/2011	7.46	7.73	7.35	7.65	527746	16614090.000
12/27/2011	7.77	8.14	7.03	7.15	1416210	44912420.000
12/28/2011	6.73	6.90	6.59	6.81	907644	25204968.000
12/29/2011	6.75	7.03	6.68	6.92	502046	14294193.000
12/30/2011	6.93	7.07	6.87	7.00	648170	18675314.000
01/04/2012	7.10	7.10	6.85	6.89	393845	11306482.000
01/05/2012	6.78	6.78	6.27	6.33	851079	22848138.000
01/06/2012	6.24	6.43	5.96	6.32	395417	10115590.000
01/09/2012	6.22	6.59	6.20	6.53	481729	12931371.000
01/10/2012	6.68	7.02	6.62	6.79	1168003	32739992.000
01/11/2012	6.78	6.99	6.66	6.95	866685	24554708.000
01/12/2012	6.93	7.01	6.81	6.88	536465	15227017.000
01/13/2012	6.85	6.91	6.28	6.49	662646	17830062.000
01/16/2012	6.40	6.45	6.08	6.09	302527	7828460.500
01/17/2012	5.98	6.54	5.98	6.45	478032	12341336.000
01/18/2012	6.60	6.65	5.78	5.90	1327487	33194980.000
01/19/2012	5.90	5.99	5.71	5.90	968696	23367610.000
01/20/2012	5.90	6.06	5.83	6.04	758005	18869620.000
01/30/2012	6.12	6.26	6.06	6.06	883921	22484426.000
01/31/2012	6.03	6.06	5.85	6.05	615878	15214592.000
02/01/2012	6.04	6.51	6.01	6.33	1322139	34563504.000
02/02/2012	6.53	6.55	6.24	6.35	2729913	71846056.000
02/03/2012	6.34	6.71	6.34	6.57	2773472	75416032.000
02/06/2012	6.55	6.71	6.53	6.62	1642368	44845216.000
02/07/2012	6.54	6.61	6.35	6.43	1234055	32874510.000
02/08/2012	6.30	6.70	6.30	6.63	1327613	36007592.000
02/09/2012	6.60	6.77	6.58	6.68	1028745	28509344.000
02/10/2012	6.62	6.87	6.61	6.75	985867	27442754.000
02/13/2012	6.67	6.90	6.55	6.78	1144762	32038314.000
02/14/2012	6.83	6.94	6.73	6.81	823950	23270428.000
02/15/2012	6.81	6.90	6.75	6.86	806330	22745864.000
02/16/2012	6.87	6.89	6.70	6.76	1059927	29784184.000
02/17/2012	6.76	6.79	6.68	6.74	837957	23274442.000
02/20/2012	6.90	6.90	6.73	6.81	912468	25654272.000
02/21/2012	6.81	7.22	6.81	7.20	2478371	71969912.000
02/22/2012	7.15	7.50	7.06	7.40	1948329	58581324.000
02/23/2012	7.40	7.59	7.20	7.34	1172839	35798780.000
02/24/2012	7.33	7.43	7.22	7.43	1399155	42238180.000
02/27/2012	7.50	7.62	7.38	7.42	1665891	51460264.000
02/28/2012	7.35	7.60	7.25	7.53	1586971	48620664.000
02/29/2012	7.50	7.50	7.24	7.33	1125821	34190888.000
03/01/2012	7.35	7.45	7.28	7.40	706694	21460066.000
03/02/2012	7.48	7.70	7.40	7.70	1221658	38214204.000
03/05/2012	7.70	7.85	7.63	7.71	1258055	39951544.000
03/06/2012	7.75	7.86	7.62	7.83	1313503	41956228.000
03/07/2012	7.85	7.93	7.70	7.79	930666	29952720.000
03/08/2012	7.79	7.85	7.61	7.84	1245530	39637860.000
03/09/2012	7.90	7.93	7.69	7.82	1485668	47647644.000
03/12/2012	7.82	8.15	7.79	7.84	2726670	88863256.000
03/13/2012	7.84	7.84	7.47	7.69	2606184	81545912.000
03/14/2012	7.67	7.77	7.28	7.30	1827170	57069936.000
03/15/2012	7.25	7.45	7.00	7.08	1727141	50795652.000
03/16/2012	7.09	7.33	7.09	7.31	1509816	45015984.000
03/19/2012	7.40	7.47	7.33	7.46	1438161	43881268.000
03/20/2012	7.46	7.46	7.10	7.11	1277417	37933248.000
03/21/2012	7.12	7.22	6.90	7.00	957272	27723852.000
03/22/2012	7.01	7.08	6.94	7.04	589716	17099656.000
03/23/2012	7.05	7.11	6.84	6.88	708400	20426620.000
03/26/2012	6.90	6.99	6.78	6.98	444863	12674909.000
03/27/2012	6.98	7.07	6.88	6.88	433423	12521421.000
03/28/2012	6.90	6.90	6.48	6.50	622327	17211500.000
03/29/2012	6.44	6.62	6.43	6.46	701032	18915880.000
03/30/2012	6.52	6.57	6.43	6.53	488719	13131268.000
04/05/2012	6.55	6.72	6.48	6.69	457989	12539164.000
04/06/2012	6.69	6.87	6.62	6.80	650165	18186724.000
04/09/2012	6.75	6.81	6.67	6.73	413227	11538573.000
04/11/2012	6.76	7.00	6.76	6.81	597767	16908376.000
04/12/2012	6.82	6.91	6.77	6.90	532715	15051544.000
04/13/2012	6.89	7.07	6.85	7.06	1175248	33958204.000
04/16/2012	6.97	7.05	6.93	7.00	320186	9233109.000
04/17/2012	7.03	7.05	6.78	6.79	571535	16242849.000
04/18/2012	6.80	6.94	6.73	6.88	713428	20167568.000
04/19/2012	6.90	7.09	6.86	7.09	1024970	29543418.000
04/20/2012	6.99	7.00	6.91	6.95	1106990	31779760.000
04/23/2012	6.90	6.90	6.53	6.55	1307893	35767240.000
04/24/2012	6.46	6.59	6.40	6.53	820502	22002698.000
04/25/2012	6.48	6.52	6.42	6.45	334280	8955058.000
04/26/2012	6.46	6.48	6.31	6.37	415946	10965008.000
04/27/2012	6.35	6.36	6.20	6.33	471405	12235826.000
05/02/2012	6.34	6.42	6.28	6.41	377098	9948163.000
05/03/2012	6.40	6.40	6.17	6.28	632267	16450283.000
05/04/2012	6.28	6.60	6.23	6.55	959283	25425190.000
05/07/2012	6.53	6.70	6.47	6.64	738457	20119212.000
05/08/2012	6.60	6.77	6.56	6.76	776453	21351242.000
05/09/2012	6.75	6.75	6.45	6.57	810471	22152130.000
05/10/2012	6.63	6.63	6.43	6.51	609867	16439723.000
05/11/2012	6.51	6.59	6.46	6.48	309928	8366530.500
05/14/2012	6.63	6.91	6.55	6.60	1230239	33962200.000
05/15/2012	6.48	6.88	6.33	6.74	3837582	53185780.000
05/16/2012	6.65	6.77	6.54	6.57	1373934	18770754.000
05/17/2012	6.56	6.62	6.42	6.46	1174714	15644637.000
05/18/2012	6.44	6.60	6.42	6.47	1219218	16389657.000
05/21/2012	6.54	6.57	6.38	6.48	722456	9615350.000
05/22/2012	6.48	6.55	6.42	6.54	1199243	15954313.000
05/23/2012	6.55	6.55	6.35	6.51	620871	8223551.000
05/24/2012	6.48	6.51	6.37	6.43	635053	8412171.000
05/25/2012	6.43	6.49	6.28	6.35	442627	5799638.000
05/28/2012	6.31	6.33	6.08	6.33	575849	7392526.000
05/29/2012	6.33	6.44	6.28	6.43	967958	12672069.000
05/30/2012	6.42	6.49	6.38	6.47	881629	11658423.000
05/31/2012	6.47	6.57	6.38	6.51	1025825	13673054.000
06/01/2012	6.51	6.71	6.50	6.63	1354100	18389920.000
06/04/2012	6.45	6.54	6.33	6.36	908263	11994264.000
06/05/2012	6.38	6.42	6.18	6.24	895499	11512974.000
06/06/2012	6.23	6.32	6.21	6.23	476222	6118570.000
06/07/2012	6.30	6.39	6.18	6.22	558003	7158190.000
06/08/2012	6.28	6.31	6.13	6.18	582829	7439493.500
06/11/2012	6.16	6.19	5.98	6.17	1734642	21726258.000
06/12/2012	6.13	6.15	6.01	6.02	1165168	14502001.000
06/13/2012	6.01	6.14	6.01	6.11	1333678	16671894.000
06/14/2012	6.07	6.32	6.07	6.26	2950013	37934884.000
06/15/2012	6.24	6.30	6.09	6.19	1287488	16325850.000
06/18/2012	6.20	6.36	6.20	6.27	1867950	24046884.000
06/19/2012	6.30	6.30	6.20	6.22	785837	10079216.000
06/20/2012	6.25	6.30	6.15	6.29	1087689	13946867.000
06/21/2012	6.24	6.29	6.14	6.18	882986	11283072.000
06/25/2012	6.14	6.17	6.07	6.07	714900	8971532.000
06/26/2012	5.99	6.05	5.87	5.98	541079	6650377.000
06/27/2012	5.98	6.07	5.96	6.00	767579	9514664.000
06/28/2012	6.00	6.02	5.76	5.76	925330	11220890.000
06/29/2012	5.80	5.85	5.66	5.82	621328	7385106.500
07/02/2012	5.83	5.98	5.83	5.95	565725	6894210.000
07/03/2012	5.93	6.04	5.90	5.95	541634	6651210.500
07/04/2012	5.92	5.96	5.72	5.75	1086303	13002325.000
07/05/2012	5.73	5.82	5.58	5.61	1181037	13893334.000
07/06/2012	5.69	5.70	5.36	5.48	1655070	18626552.000
07/09/2012	5.42	5.46	5.26	5.26	909976	10069569.000
07/10/2012	5.26	5.26	5.08	5.16	575398	6143202.500
07/11/2012	5.18	5.24	5.14	5.23	599389	6442275.500
07/12/2012	5.24	5.69	5.18	5.53	1585532	18023504.000
07/13/2012	5.62	5.69	5.50	5.57	1129107	13050376.000
07/16/2012	5.61	5.61	5.23	5.30	1435412	16235138.000
07/17/2012	5.31	5.37	5.18	5.27	856453	9270410.000
07/18/2012	5.20	5.53	5.18	5.53	999228	11072638.000
07/19/2012	5.54	5.85	5.45	5.66	1620614	19046360.000
07/20/2012	5.65	5.76	5.59	5.76	922607	10844360.000
07/23/2012	5.76	5.96	5.65	5.88	961579	11562040.000
07/24/2012	5.85	5.92	5.72	5.91	772461	9290408.000
07/25/2012	5.90	5.90	5.74	5.82	877901	10532659.000
07/26/2012	5.79	5.88	5.68	5.69	676017	8071716.500
07/27/2012	5.76	5.82	5.62	5.80	435000	5118405.000
07/30/2012	5.80	5.88	5.68	5.68	287800	3413198.000
07/31/2012	5.67	5.69	5.36	5.40	404911	4580972.000
08/01/2012	5.58	5.61	5.34	5.53	348600	3946128.000
08/02/2012	5.51	5.51	5.38	5.48	291425	3268207.500
08/03/2012	5.44	5.68	5.44	5.66	349432	4032929.750
08/06/2012	5.66	5.88	5.58	5.83	635544	7518472.000
08/07/2012	5.83	6.00	5.82	6.00	874305	10683871.000
08/08/2012	5.95	6.06	5.86	5.99	364576	4463387.500
08/09/2012	5.90	6.38	5.89	6.34	2259380	28640998.000
08/10/2012	6.28	6.36	6.18	6.28	932125	12000302.000
08/13/2012	6.48	6.66	6.28	6.28	1797256	23841352.000
08/14/2012	6.20	6.47	6.11	6.45	2020082	26275608.000
08/15/2012	6.45	6.45	6.08	6.13	1937518	24719072.000
08/16/2012	6.08	6.13	5.90	5.94	684935	8463006.000
08/17/2012	5.93	5.93	5.58	5.80	1562332	18415558.000
08/20/2012	5.70	5.82	5.61	5.82	930103	10971291.000
08/21/2012	5.79	5.97	5.73	5.83	1049184	12647699.000
08/22/2012	5.95	5.95	5.73	5.78	1310610	15633477.000
08/23/2012	5.75	5.80	5.63	5.74	1157489	13618810.000
08/24/2012	5.74	5.84	5.67	5.69	1045275	12395020.000
08/27/2012	5.64	5.68	5.54	5.54	1174835	13566956.000
08/28/2012	5.53	5.69	5.52	5.61	560472	6478420.500
08/29/2012	5.62	5.78	5.61	5.73	797146	9396415.000
08/30/2012	5.69	5.77	5.38	5.58	763483	8726781.000
08/31/2012	5.58	5.62	5.49	5.58	494757	5654605.500
09/03/2012	5.52	5.63	5.43	5.62	1204463	13860529.000
09/04/2012	5.65	5.77	5.53	5.55	1090343	12732310.000
09/05/2012	5.49	5.62	5.38	5.58	690207	7849692.500
09/06/2012	5.59	5.69	5.53	5.65	673723	7812107.000
09/07/2012	5.72	5.97	5.67	5.86	1584839	19094188.000
09/10/2012	5.90	6.04	5.84	6.01	1200850	14724741.000
09/11/2012	5.97	5.97	5.74	5.88	927912	11216179.000
09/12/2012	5.93	5.97	5.83	5.90	862295	10466569.000
09/13/2012	5.92	6.20	5.92	5.96	1597482	19931286.000
09/14/2012	6.06	6.06	5.76	5.78	1711881	20602304.000
09/17/2012	5.83	5.84	5.47	5.49	1254497	14396455.000
09/18/2012	5.44	5.63	5.40	5.43	701401	7927131.500
09/19/2012	5.45	5.51	5.19	5.31	1128515	12452025.000
09/20/2012	5.28	5.54	5.19	5.20	2065808	22836616.000
09/21/2012	5.13	5.19	4.88	4.88	2344219	24399088.000
09/24/2012	4.86	4.93	4.79	4.88	2005820	20234476.000
09/25/2012	4.88	4.98	4.84	4.87	1042626	10552266.000
09/26/2012	4.86	4.88	4.69	4.76	1229863	12094432.000
09/27/2012	4.76	4.95	4.67	4.89	1181043	11870883.000
09/28/2012	4.89	5.03	4.85	4.97	1507663	15473780.000
10/08/2012	4.97	5.02	4.92	4.94	527969	5418377.000
10/09/2012	4.94	5.30	4.94	5.21	1407378	15019410.000
10/10/2012	5.16	5.38	5.14	5.37	1618292	17711382.000
10/11/2012	5.32	5.36	5.23	5.24	797426	8702519.000
10/12/2012	5.25	5.30	5.18	5.26	582769	6321899.500
10/15/2012	5.23	5.31	5.22	5.30	625256	6784597.000
10/16/2012	5.30	5.47	5.25	5.37	889830	9900401.000
10/17/2012	5.37	5.45	5.30	5.43	614811	6830560.500
10/18/2012	5.44	5.50	5.37	5.43	677661	7615731.500
10/19/2012	5.43	5.58	5.40	5.54	1294328	14720594.000
10/22/2012	5.51	5.59	5.45	5.56	477087	5450284.000
10/23/2012	5.57	5.58	5.35	5.38	525600	5913532.000
10/24/2012	5.37	5.40	5.18	5.22	958251	10406451.000
10/25/2012	5.18	5.31	5.18	5.23	558484	6054734.000
10/26/2012	5.23	5.28	5.09	5.14	339183	3609805.750
10/29/2012	5.17	5.21	4.98	5.02	470791	4930023.500
10/30/2012	5.02	5.10	5.02	5.06	319241	3341095.500
10/31/2012	5.08	5.29	5.08	5.15	722027	7724498.500
11/01/2012	5.16	5.37	5.16	5.31	482520	5281377.500
11/02/2012	5.31	5.44	5.24	5.41	969565	10706761.000
11/05/2012	5.43	5.51	5.38	5.44	658074	7394030.000
11/06/2012	5.42	5.44	5.25	5.37	646617	7108499.000
11/07/2012	5.40	5.52	5.38	5.52	892090	10080313.000
11/08/2012	5.52	5.52	5.24	5.25	832068	9174955.000
11/09/2012	5.23	5.36	5.22	5.23	533375	5825152.000
11/12/2012	5.22	5.40	5.21	5.36	493898	5420413.500
11/13/2012	5.34	5.60	5.28	5.58	3003580	34145416.000
11/14/2012	5.55	5.74	5.48	5.73	1818794	21074848.000
11/15/2012	5.70	5.88	5.50	5.88	2311898	27381072.000
11/16/2012	5.82	6.32	5.75	6.17	5684644	70616544.000
11/19/2012	6.02	6.35	5.88	6.22	4038347	50654388.000
11/20/2012	6.11	6.23	5.95	5.95	2928729	36595692.000
11/21/2012	5.94	6.30	5.94	6.00	3718118	46857676.000
11/22/2012	5.98	6.42	5.93	6.25	4980754	63800000.000
11/23/2012	6.18	6.90	6.18	6.90	8743983	120731264.000
11/26/2012	6.92	7.15	6.68	6.91	10030608	141772304.000
11/27/2012	6.78	6.80	6.43	6.75	7282409	98606296.000
11/28/2012	6.62	7.03	6.38	6.48	8882980	123291544.000
11/29/2012	6.28	6.45	6.03	6.41	6597527	84299448.000
11/30/2012	6.24	6.52	6.20	6.32	5062630	65814088.000
12/03/2012	6.31	6.97	6.25	6.78	8334507	114316296.000
12/04/2012	6.60	6.75	6.30	6.69	6136779	82798952.000
12/05/2012	6.62	7.18	6.49	6.89	9257674	130759408.000
12/06/2012	6.76	7.40	6.74	7.17	7738373	112591688.000
12/07/2012	7.10	7.90	7.08	7.90	14226871	223048304.000
12/10/2012	8.03	8.47	7.68	8.03	16554382	270121376.000
12/11/2012	7.78	7.84	7.56	7.60	8322024	131137616.000
12/12/2012	7.56	7.77	7.44	7.67	6281959	97734400.000
12/13/2012	7.55	7.71	7.41	7.43	5082347	78485088.000
12/14/2012	7.49	7.91	7.48	7.78	9564226	151372256.000
12/17/2012	7.70	7.95	7.50	7.92	7411161	116811936.000
12/18/2012	7.85	8.47	7.53	7.57	10631531	173054192.000
12/19/2012	7.52	7.52	7.18	7.40	4932081	74455400.000
12/20/2012	7.40	7.77	7.31	7.76	7148081	111452336.000
12/21/2012	7.68	7.95	7.47	7.53	5492009	86427800.000
12/24/2012	7.45	7.67	7.42	7.53	5002327	76794720.000
12/25/2012	7.52	8.01	7.43	7.86	7809440	123827448.000
12/26/2012	7.77	8.05	7.68	8.03	6437858	103580544.000
12/27/2012	7.98	8.02	7.55	7.55	5102507	81380208.000
12/28/2012	7.54	7.61	7.27	7.42	4485892	68074448.000
12/31/2012	7.42	7.79	7.34	7.73	4711803	73149272.000
01/04/2013	7.73	7.85	7.53	7.68	4378358	69134288.000
01/07/2013	7.66	8.22	7.46	8.15	7564563	121795264.000
01/08/2013	8.05	8.09	7.83	7.97	4997469	81279688.000
01/09/2013	7.88	8.32	7.85	8.07	6395166	106237024.000
01/10/2013	8.08	8.15	7.83	7.96	3686995	59965040.000
01/11/2013	7.88	8.08	7.63	7.65	3547082	57011028.000
01/14/2013	7.64	8.08	7.56	7.92	5244544	84231416.000
01/15/2013	7.91	8.73	7.91	8.73	10546182	180518208.000
01/16/2013	8.90	9.18	8.59	8.85	11005445	199186976.000
01/17/2013	8.87	8.87	8.43	8.46	4493435	79097688.000
01/18/2013	8.64	9.12	8.57	9.07	7582203	137780416.000
01/21/2013	9.07	9.51	8.85	9.35	6771441	126490616.000
01/22/2013	9.33	9.37	8.75	9.17	5619683	104248704.000
01/23/2013	9.03	9.03	8.65	8.92	4113551	74259920.000
01/24/2013	9.02	9.06	8.31	8.42	4889720	86517808.000
01/25/2013	8.44	8.57	8.29	8.42	2741152	47209308.000
01/28/2013	8.53	8.66	8.33	8.65	5725017	99598992.000
01/29/2013	8.60	8.99	8.53	8.86	5232364	93245536.000
01/30/2013	8.85	8.87	8.38	8.65	5315819	93832720.000
01/31/2013	8.65	8.81	8.54	8.75	3691206	65394184.000
02/01/2013	8.92	8.98	8.32	8.40	8727124	154505616.000
02/04/2013	8.24	8.26	7.56	7.64	6176010	98254736.000
02/05/2013	7.58	7.80	7.49	7.69	3257243	51173000.000
02/06/2013	7.69	7.72	7.54	7.67	3249645	50720644.000
02/07/2013	7.66	7.75	7.54	7.69	2783630	43556908.000
02/08/2013	7.71	7.92	7.69	7.90	3030369	48575812.000
02/18/2013	8.00	8.16	7.97	8.03	3510970	57830744.000
02/19/2013	8.09	8.09	7.73	7.78	2839582	45554356.000
02/20/2013	7.76	8.12	7.72	8.12	4024437	65661684.000
02/21/2013	8.13	8.37	7.98	8.25	6233516	104205008.000
02/22/2013	8.17	8.26	8.04	8.08	2729859	45324876.000
02/25/2013	8.03	8.22	7.94	8.21	3369717	55767432.000
02/26/2013	8.15	8.33	8.03	8.03	3870378	64790880.000
02/27/2013	8.03	8.13	7.47	7.50	4477805	70774912.000
02/28/2013	7.59	7.63	7.49	7.62	3142501	48766464.000
03/01/2013	7.65	7.87	7.63	7.84	3377039	53558160.000
03/04/2013	7.95	8.61	7.94	8.21	9559170	161995616.000
03/05/2013	8.13	8.34	8.08	8.30	5600050	94368288.000
03/06/2013	8.30	8.38	8.14	8.33	4526141	76323256.000
03/07/2013	8.42	8.46	8.16	8.23	3966454	67412104.000
03/08/2013	8.23	8.26	7.93	7.94	2437611	40101632.000
03/11/2013	7.93	7.98	7.70	7.86	1347465	21691196.000
03/12/2013	7.83	7.87	7.33	7.51	2737865	42474604.000
03/13/2013	7.51	7.51	7.18	7.38	2372460	35490088.000
03/14/2013	7.33	7.44	7.33	7.37	1449506	21918732.000
03/15/2013	7.35	7.49	7.28	7.35	1748118	26492416.000
03/18/2013	7.36	7.45	7.21	7.27	1478137	22277348.000
03/19/2013	7.28	7.50	7.05	7.49	2386814	35648140.000
03/20/2013	7.48	7.69	7.40	7.63	2950848	45689824.000
03/21/2013	7.68	7.99	7.65	7.80	4741401	76248712.000
03/22/2013	7.75	7.77	7.66	7.70	1532425	24153364.000
03/25/2013	7.78	7.82	7.62	7.65	1006447	15819434.000
03/26/2013	7.72	7.72	7.44	7.58	1435406	22212020.000
03/27/2013	7.64	7.68	7.44	7.48	1313898	20311910.000
03/28/2013	7.30	7.30	7.15	7.27	1734885	25691208.000
03/29/2013	7.37	7.47	7.23	7.27	1758463	26500142.000
04/01/2013	7.34	7.75	7.33	7.68	3808207	59536460.000
04/02/2013	7.63	7.75	7.60	7.69	2790428	43887060.000
04/03/2013	7.66	7.69	7.48	7.52	1434011	22139618.000
04/08/2013	7.26	7.65	7.15	7.64	1648136	25025916.000
04/09/2013	7.58	7.69	7.44	7.67	1820767	28278556.000
04/10/2013	7.63	7.78	7.48	7.68	2621734	41081936.000
04/11/2013	7.62	7.69	7.53	7.54	1599905	24929100.000
04/12/2013	7.53	7.55	7.29	7.32	1083490	16478525.000
04/15/2013	7.24	7.40	7.23	7.28	681427	10181286.000
04/16/2013	7.17	7.40	7.17	7.36	630373	9407229.000
04/17/2013	7.36	7.37	7.13	7.28	1141039	16921484.000
04/18/2013	7.26	7.31	7.18	7.23	966342	14329248.000
04/19/2013	7.24	7.45	7.03	7.37	2085733	31362050.000
04/22/2013	7.31	7.46	7.27	7.44	1684536	25490734.000
04/23/2013	7.43	7.43	7.13	7.13	1667678	24632648.000
04/24/2013	7.18	7.36	7.14	7.34	1716086	25544070.000
04/25/2013	7.38	7.41	7.11	7.13	1552245	23199270.000
04/26/2013	7.13	7.18	6.88	6.95	1650726	23541006.000
05/02/2013	6.96	6.98	6.75	6.82	824127	11568903.000
05/03/2013	6.83	7.02	6.83	6.96	763793	10882672.000
05/06/2013	7.01	7.28	6.99	7.19	1335785	19557238.000
05/07/2013	7.13	7.25	7.05	7.18	909909	13383766.000
05/08/2013	7.13	7.38	7.10	7.33	1550149	23105908.000
05/09/2013	7.27	7.66	7.26	7.63	3881395	59381392.000
05/10/2013	7.58	7.82	7.50	7.57	2786017	43648456.000
05/13/2013	7.54	7.95	7.54	7.88	2815571	44739232.000
05/14/2013	7.89	7.89	7.72	7.73	1379720	21939292.000
05/15/2013	7.73	7.94	7.73	7.84	1635207	26279340.000
05/16/2013	7.86	7.98	7.60	7.85	2730209	43582020.000
05/17/2013	7.79	7.91	7.64	7.82	2182709	34836060.000
05/20/2013	7.85	8.17	7.83	8.10	3340305	54620812.000
05/21/2013	8.03	8.27	8.03	8.17	2329755	38818212.000
05/22/2013	8.16	8.16	7.33	7.88	2503894	40129500.000
05/23/2013	7.91	7.91	7.65	7.68	1277257	20270630.000
05/24/2013	7.67	7.87	7.65	7.83	1013254	16083607.000
05/27/2013	7.83	8.09	7.68	8.04	2457370	39438380.000
05/28/2013	7.93	8.08	7.83	7.89	2303452	37021664.000
05/29/2013	7.87	8.30	7.65	8.28	3352341	54732840.000
05/30/2013	8.24	8.83	8.16	8.64	4815996	83799944.000
05/31/2013	8.63	9.19	8.53	9.00	4713195	84939448.000
06/03/2013	9.00	9.44	8.91	8.91	3719386	68599688.000
06/04/2013	8.83	9.05	8.32	8.59	2109091	36707172.000
06/05/2013	8.50	9.12	8.50	9.04	2781173	50042336.000
06/06/2013	8.98	9.12	8.61	8.68	1342642	23960740.000
06/07/2013	8.51	8.88	8.50	8.54	1356434	23822628.000
06/13/2013	8.37	9.07	7.69	8.87	2667795	46726888.000
06/14/2013	8.88	9.77	8.88	9.41	4594878	88149496.000
06/17/2013	9.42	9.71	9.12	9.18	3850510	73503032.000
06/18/2013	9.23	9.30	9.05	9.30	1219311	22654090.000
06/19/2013	9.30	9.70	9.05	9.63	2820658	53616812.000
06/20/2013	9.45	9.68	9.10	9.10	1557859	29532364.000
06/21/2013	9.00	9.00	8.65	8.83	1360433	24345532.000
06/24/2013	8.83	9.20	7.94	8.10	2652741	46350232.000
06/25/2013	8.17	8.75	7.70	8.75	3058025	51240664.000
06/26/2013	8.60	9.35	8.54	9.31	3260796	58728268.000
06/27/2013	9.25	9.33	8.85	8.86	2367007	43503096.000
06/28/2013	8.80	9.05	8.20	8.32	2098159	36674468.000
07/01/2013	8.23	9.16	8.23	9.16	2382986	43007672.000
07/02/2013	9.14	9.57	9.08	9.25	2959802	55648112.000
07/03/2013	9.15	9.20	8.75	9.11	2160683	39108712.000
07/04/2013	9.15	9.45	8.90	8.90	2767836	51531120.000
07/05/2013	8.90	9.05	8.56	8.60	1868534	33395774.000
07/08/2013	8.45	8.45	8.06	8.17	2485658	41207012.000
07/09/2013	7.92	8.55	7.92	8.48	4120351	67535288.000
07/10/2013	8.44	8.70	8.26	8.55	1715543	29708274.000
07/11/2013	8.43	8.76	8.30	8.56	1326247	22866224.000
07/12/2013	8.48	9.05	8.48	8.68	2016522	35801240.000
07/15/2013	8.80	9.03	8.60	8.97	1108986	19919736.000
07/16/2013	8.95	9.07	8.63	8.79	1604206	28379500.000
07/17/2013	8.74	8.75	8.35	8.49	1138195	19686096.000
07/18/2013	8.33	8.68	8.33	8.53	798176	13808771.000
07/19/2013	8.56	8.72	8.30	8.30	742565	12826662.000
07/22/2013	8.15	8.54	8.07	8.39	952612	16077902.000
07/23/2013	8.53	8.64	8.35	8.58	890663	15382610.000
07/24/2013	8.51	8.99	8.51	8.99	1739040	30891988.000
07/25/2013	9.05	9.07	8.51	8.60	1236921	21987284.000
07/26/2013	8.42	8.83	8.42	8.73	1261628	22183010.000
07/29/2013	8.76	8.99	8.55	8.65	1168447	20755026.000
07/30/2013	8.62	8.75	8.24	8.49	772637	13216698.000
07/31/2013	8.63	8.63	8.36	8.38	436225	7471124.000
08/01/2013	8.50	8.83	8.36	8.73	892854	15622101.000
08/02/2013	8.72	9.08	8.72	9.00	1819859	32837736.000
08/05/2013	9.02	9.34	8.91	9.12	1229965	22635984.000
08/06/2013	9.14	9.49	9.05	9.07	2087294	38925816.000
08/07/2013	9.05	9.15	8.55	8.70	2212798	39124464.000
08/08/2013	8.67	8.79	8.55	8.72	877228	15440590.000
08/09/2013	9.04	9.14	8.76	8.89	1684165	30397626.000
08/12/2013	8.98	9.13	8.76	9.08	1713914	31064060.000
08/13/2013	9.08	9.44	9.05	9.33	2014979	37821604.000
08/14/2013	9.34	9.75	9.15	9.53	2556800	49103936.000
08/15/2013	9.50	9.58	9.22	9.27	1818131	34315452.000
08/16/2013	9.10	9.31	8.85	8.95	1465937	26883124.000
08/19/2013	9.04	9.24	8.96	9.23	947638	17545562.000
08/20/2013	9.23	9.51	9.13	9.36	1335430	25281670.000
08/21/2013	9.35	9.66	9.22	9.49	1653019	31753410.000
08/22/2013	9.50	9.62	9.41	9.48	1063886	20405494.000
08/23/2013	9.49	9.84	9.23	9.62	2576957	50114660.000
08/26/2013	9.61	9.61	9.09	9.15	6659801	124743864.000
08/27/2013	9.13	9.28	9.06	9.22	3708749	68935152.000
08/28/2013	9.15	9.15	8.73	8.76	4195557	75769992.000
08/29/2013	8.73	8.99	8.53	8.99	2426018	42904932.000
08/30/2013	9.08	9.40	8.99	9.04	4841295	90149088.000
09/02/2013	9.00	9.30	8.55	9.30	3510630	63425156.000
09/03/2013	9.44	9.50	9.18	9.34	3695499	70085080.000
09/04/2013	9.33	10.21	9.25	10.21	9303558	184698240.000
09/05/2013	10.30	10.32	9.80	9.89	6193612	124802160.000
09/06/2013	9.80	9.95	9.66	9.79	3008714	59398652.000
09/09/2013	9.78	10.05	9.61	9.68	3021417	59683052.000
09/10/2013	9.60	9.84	9.50	9.80	3192937	62317828.000
09/11/2013	9.72	9.72	9.10	9.12	4544775	86001872.000
09/12/2013	9.12	9.30	9.02	9.17	1882541	34712676.000
09/13/2013	9.14	9.31	8.98	9.24	1756860	32457778.000
09/16/2013	9.18	9.34	9.15	9.20	1551801	28947926.000
09/17/2013	9.19	9.38	9.02	9.05	1865667	34711388.000
09/18/2013	9.05	9.19	9.01	9.13	973345	17893820.000
09/23/2013	9.13	9.24	9.03	9.21	1315796	24361122.000
09/24/2013	9.23	9.23	9.03	9.06	1909563	35071932.000
09/25/2013	9.08	9.16	8.84	8.85	2649248	47900244.000
09/26/2013	8.78	9.02	8.75	8.84	1169849	21066100.000
09/27/2013	8.84	8.95	8.54	8.56	2088755	36773388.000
09/30/2013	8.66	8.66	8.20	8.34	3337050	56477708.000
10/08/2013	8.35	8.53	8.29	8.53	1803419	30762938.000
10/09/2013	8.53	8.84	8.45	8.83	2071003	36439512.000
10/10/2013	8.83	8.93	8.65	8.66	1428023	25270440.000
10/11/2013	8.66	9.18	8.59	9.04	3374335	61121168.000
10/14/2013	8.94	9.31	8.91	9.12	3354755	61807908.000
10/15/2013	9.00	9.13	8.44	8.54	4125905	72839592.000
10/16/2013	8.52	8.52	7.90	8.09	2904977	48360044.000
10/17/2013	8.14	8.91	8.14	8.68	7010420	123911976.000
10/18/2013	8.60	8.60	8.01	8.27	3596108	59991436.000
10/21/2013	8.29	8.39	8.09	8.35	2925917	49041688.000
10/22/2013	8.43	8.73	8.23	8.53	4164629	71973976.000
10/23/2013	8.49	8.67	8.01	8.13	3110290	51796200.000
10/24/2013	8.18	8.20	7.91	7.98	2118101	34364424.000
10/25/2013	8.00	8.12	7.61	7.70	2000159	31722660.000
10/28/2013	7.76	7.89	7.70	7.72	1202119	18892066.000
10/29/2013	7.66	7.80	7.10	7.40	1836812	27746290.000
10/30/2013	7.44	7.53	7.29	7.53	966333	14618894.000
10/31/2013	7.53	7.54	7.30	7.32	980088	14701302.000
11/01/2013	7.32	7.42	7.22	7.31	643134	9552688.000
11/04/2013	7.44	7.70	7.44	7.57	1799110	27631768.000
11/05/2013	7.50	8.05	7.46	7.98	3273380	51981620.000
11/06/2013	7.92	8.15	7.85	7.88	3062226	49549092.000
11/07/2013	7.92	8.06	7.80	7.90	1726856	27738426.000
11/08/2013	7.71	8.06	7.65	7.85	3160281	50277748.000
11/11/2013	7.75	7.79	7.54	7.60	1936435	30004394.000
11/12/2013	7.61	7.85	7.38	7.77	2874102	44195928.000
11/13/2013	7.64	7.69	7.43	7.43	1515439	23174518.000
11/14/2013	7.54	7.80	7.43	7.69	2687506	41686348.000
11/15/2013	7.62	7.91	7.60	7.91	3065686	48610664.000
11/18/2013	8.09	8.65	8.09	8.48	6835081	116492528.000
11/19/2013	8.41	8.44	8.31	8.36	3086798	52297496.000
11/20/2013	8.38	8.50	8.31	8.46	3090074	52702800.000
11/21/2013	8.40	8.69	8.33	8.62	3980096	68921728.000
11/22/2013	8.65	9.02	8.65	8.73	5080289	90735152.000
11/25/2013	8.58	8.90	8.39	8.40	3475903	60553812.000
11/26/2013	8.40	8.53	8.32	8.48	1895086	32316262.000
11/27/2013	8.48	8.64	8.43	8.59	1933651	33404784.000
11/28/2013	8.59	8.82	8.56	8.63	2343193	41294548.000
11/29/2013	8.76	9.19	8.76	9.16	5680715	104204336.000
12/02/2013	8.69	8.99	8.25	8.32	4793657	83914328.000
12/03/2013	8.16	8.71	8.15	8.64	3269801	56481312.000
12/04/2013	8.68	9.15	8.64	8.88	3450742	62737848.000
12/05/2013	8.85	9.05	8.74	8.89	1507112	27158982.000
12/06/2013	8.81	8.89	8.56	8.69	1186720	20885274.000
12/09/2013	8.69	9.12	8.67	9.01	2511720	45795156.000
12/10/2013	9.04	9.14	8.89	9.02	1419288	25792478.000
12/11/2013	8.96	9.14	8.94	9.01	1679994	30687054.000
12/12/2013	9.01	9.43	8.95	9.30	3211779	60199292.000
12/13/2013	9.30	9.75	9.22	9.58	3952617	75863776.000
12/16/2013	9.79	9.80	9.07	9.15	3679015	69176072.000
12/17/2013	9.08	9.17	8.77	8.78	2334944	42003064.000
12/18/2013	8.84	8.95	8.71	8.79	1471679	26275910.000
12/19/2013	8.71	8.93	8.71	8.76	965249	17221862.000
12/20/2013	8.74	8.94	8.60	8.73	1179599	20870466.000
12/23/2013	8.63	8.65	7.85	8.00	3498513	57294776.000
12/24/2013	7.99	8.39	7.92	8.33	3548869	58707036.000
12/25/2013	8.22	8.42	8.07	8.39	2547815	42741760.000
12/26/2013	8.39	8.65	8.30	8.40	2484033	42637400.000
12/27/2013	8.35	8.55	8.25	8.42	1942551	33052474.000
12/30/2013	8.40	8.65	8.20	8.45	3085591	52692396.000
12/31/2013	8.33	8.58	8.30	8.48	2667181	45821372.000
01/02/2014	8.41	8.57	8.31	8.54	2129869	36508700.000
01/03/2014	8.48	8.49	8.28	8.34	2542064	43013380.000
01/06/2014	8.20	8.20	7.85	7.86	2087315	33713764.000
01/07/2014	7.75	8.13	7.73	8.05	1516380	24501862.000
01/08/2014	8.03	8.28	8.01	8.16	1952952	32283816.000
01/09/2014	8.10	8.10	7.41	7.53	4239736	67096752.000
01/10/2014	7.47	7.64	7.34	7.41	1841868	27856656.000
01/13/2014	7.41	7.59	7.41	7.56	1442525	21961282.000
01/14/2014	7.59	7.78	7.51	7.74	1303579	20178078.000
01/15/2014	7.74	7.83	7.69	7.79	1213047	19077112.000
01/16/2014	7.73	7.89	7.70	7.73	1339510	21136884.000
01/17/2014	7.73	7.73	7.59	7.61	1067230	16539465.000
01/20/2014	7.75	7.91	7.58	7.65	2335673	36680356.000
01/21/2014	7.55	7.74	7.49	7.73	1429417	22164816.000
01/22/2014	7.70	7.94	7.70	7.93	2192021	34832096.000
01/23/2014	7.94	8.14	7.93	8.05	3958548	64433412.000
01/24/2014	8.02	8.13	7.91	8.07	2943503	47782484.000
01/27/2014	8.05	8.17	7.95	8.08	2309433	37888620.000
01/28/2014	8.08	8.15	7.90	8.00	1992529	32277364.000
01/29/2014	8.12	8.26	8.04	8.16	2882655	47662488.000
01/30/2014	8.16	8.47	8.09	8.39	3089451	51933296.000
02/07/2014	8.35	8.59	8.31	8.52	2576146	44238896.000
02/10/2014	8.56	8.64	8.43	8.59	3319681	57310812.000
02/11/2014	8.60	8.60	8.15	8.32	5005115	84688080.000
02/12/2014	8.30	8.50	8.21	8.50	3920400	66532236.000
02/13/2014	8.51	8.90	8.43	8.54	6966882	121878512.000
02/14/2014	8.70	8.73	8.36	8.61	4624527	80200232.000
02/17/2014	8.63	8.90	8.62	8.79	5148793	91266376.000
02/18/2014	8.86	9.00	8.75	8.87	5143010	92462840.000
02/19/2014	8.82	8.94	8.57	8.83	5365064	94701248.000
02/20/2014	8.76	8.78	8.45	8.47	4015551	69680664.000
02/21/2014	8.50	8.67	8.47	8.58	2278047	39478520.000
02/24/2014	8.53	8.67	8.40	8.65	2503573	43321240.000
02/25/2014	8.65	8.82	8.00	8.10	4779344	82096768.000
02/26/2014	7.96	8.05	7.71	8.00	2747314	43932216.000
02/27/2014	8.05	8.14	7.81	7.83	2127478	34353888.000
02/28/2014	7.69	7.93	7.69	7.93	1755886	27701228.000
03/03/2014	7.90	8.16	7.85	8.13	1809808	29502764.000
03/04/2014	8.09	8.23	8.01	8.13	1633301	26837638.000
03/05/2014	8.35	8.63	8.30	8.47	4574440	78430272.000
03/06/2014	8.35	8.65	8.31	8.36	2002237	34045836.000
03/07/2014	8.42	8.60	8.37	8.53	2547736	43824668.000
03/10/2014	8.51	8.70	8.36	8.41	3466390	59890248.000
03/11/2014	8.38	8.64	8.15	8.62	3414257	58556812.000
03/12/2014	8.86	9.15	8.56	8.62	10610037	189394320.000
03/13/2014	8.52	8.61	8.15	8.52	5337751	90806416.000
03/14/2014	8.48	9.03	8.44	8.91	8495987	152267712.000
03/17/2014	8.95	9.28	8.93	9.18	7238009	133558968.000
03/18/2014	9.10	9.13	8.93	9.01	5964463	108718488.000
03/19/2014	9.01	9.07	8.76	9.06	4247400	76362480.000
03/20/2014	9.09	9.30	8.82	8.82	5224504	95880448.000
03/21/2014	8.66	9.01	8.54	8.98	4605027	81756544.000
03/24/2014	8.91	8.99	8.64	8.72	3486296	61829048.000
03/25/2014	8.65	8.83	8.52	8.82	2725676	47896188.000
03/26/2014	8.75	9.10	8.75	8.89	3749829	67669136.000
03/27/2014	8.85	8.89	8.39	8.39	3903495	67980192.000
03/28/2014	8.40	8.48	8.14	8.15	3185741	53251028.000
03/31/2014	8.17	8.31	8.08	8.16	1684973	27916568.000
04/01/2014	8.17	8.39	8.17	8.38	1944432	32659796.000
04/02/2014	8.36	8.38	8.16	8.20	2086389	34781340.000
04/03/2014	8.23	8.31	8.00	8.03	2358929	38959464.000
04/04/2014	8.04	8.23	7.93	8.18	2191724	35933084.000
04/08/2014	8.15	8.33	8.11	8.28	1938250	32249718.000
04/09/2014	8.31	8.44	8.29	8.40	1949100	33057996.000
04/10/2014	8.40	8.48	8.34	8.37	2491478	42353776.000
04/11/2014	8.28	8.39	8.26	8.35	1667094	28045174.000
04/14/2014	8.35	8.68	8.31	8.66	2966338	51246320.000
04/15/2014	8.67	8.75	8.49	8.58	2354012	40930084.000
04/16/2014	8.68	9.12	8.63	8.96	6739262	121104384.000
04/17/2014	8.93	9.01	8.73	8.87	4112189	73603184.000
04/18/2014	8.83	8.84	8.61	8.71	3246305	57227196.000
04/21/2014	8.65	8.84	8.57	8.68	2334957	41032012.000
04/22/2014	8.69	8.75	8.41	8.53	2742687	47395488.000
04/23/2014	8.53	8.66	8.07	8.15	4504848	37347864.000
04/24/2014	8.15	8.18	7.85	8.04	4468096	35670136.000
04/25/2014	7.97	8.30	7.81	7.85	4026219	32562692.000
04/28/2014	7.71	8.16	7.50	7.83	3725979	29334706.000
04/29/2014	7.80	8.08	7.65	8.05	2257955	17876780.000
04/30/2014	8.02	8.12	7.91	8.09	2248920	18097606.000
05/05/2014	8.08	8.10	7.86	8.01	3031566	24192462.000
05/06/2014	8.00	8.07	7.88	8.05	4148734	33068024.000
05/07/2014	8.01	8.02	7.71	7.72	3353783	26244356.000
05/08/2014	7.70	7.85	7.58	7.60	2663903	20557330.000
05/09/2014	7.58	7.62	7.28	7.29	4216766	31180980.000
05/12/2014	7.32	7.46	7.30	7.43	2175771	16095424.000
05/13/2014	7.41	7.54	7.39	7.48	2162103	16140965.000
05/14/2014	7.50	7.52	7.40	7.40	1817093	13547403.000
05/15/2014	7.43	7.51	7.30	7.30	2595548	19215612.000
05/16/2014	7.27	7.37	7.24	7.34	2146500	15663215.000
05/19/2014	7.31	7.58	7.31	7.54	2461167	18349322.000
05/20/2014	7.56	7.68	7.48	7.50	2351051	17826774.000
05/21/2014	7.45	7.54	7.41	7.54	1389497	10392044.000
05/22/2014	7.54	7.68	7.50	7.51	2575723	19542986.000
05/23/2014	7.46	7.57	7.45	7.52	2001971	15037577.000
05/26/2014	7.62	7.77	7.52	7.76	3234257	24820394.000
05/27/2014	7.68	8.18	7.68	8.08	8119091	64871552.000
05/28/2014	7.97	8.08	7.81	8.02	4585902	36342980.000
05/29/2014	7.98	8.27	7.92	8.08	7052687	57155288.000
05/30/2014	8.13	8.89	7.99	8.47	23155303	197841728.000
06/03/2014	8.33	8.37	7.93	7.94	15746169	127164232.000
06/04/2014	7.89	7.90	7.52	7.64	9413631	72215512.000
06/05/2014	7.64	7.75	7.48	7.73	4610034	35247096.000
06/06/2014	7.70	7.77	7.55	7.65	4821544	36942412.000
06/09/2014	7.59	7.65	7.42	7.50	3408488	25681734.000
06/10/2014	7.55	7.69	7.55	7.62	2982670	22718064.000
06/11/2014	7.60	7.63	7.52	7.62	2905245	21993122.000
06/12/2014	7.60	7.79	7.48	7.70	5191256	39656196.000
06/13/2014	7.65	7.77	7.60	7.72	4014419	30942196.000
06/16/2014	7.72	7.84	7.69	7.77	4188596	32456832.000
06/17/2014	7.73	7.79	7.60	7.70	4348723	33315876.000
06/18/2014	7.71	7.71	7.40	7.47	4821176	36326412.000
06/19/2014	7.48	7.50	6.81	7.04	5771947	41383176.000
06/20/2014	7.03	7.12	6.89	6.99	3821284	26657126.000
06/23/2014	6.99	7.16	6.99	7.07	2506576	17827784.000
06/24/2014	7.05	7.14	6.99	7.07	3671511	25906896.000
06/25/2014	7.09	7.09	6.92	7.06	2122374	14859203.000
06/26/2014	7.26	7.26	7.06	7.18	3171146	22776452.000
06/27/2014	7.17	7.27	7.11	7.21	3224496	23156712.000
06/30/2014	7.22	7.28	7.17	7.26	3065555	22175252.000
07/01/2014	7.24	7.37	7.20	7.34	4127187	30069018.000
07/02/2014	7.33	7.39	7.24	7.32	4618420	33709216.000
07/03/2014	7.38	7.39	7.27	7.33	4783914	35038272.000
07/04/2014	7.35	7.35	7.27	7.32	3289247	24014934.000
07/07/2014	7.33	7.44	7.30	7.42	4383165	32301766.000
07/08/2014	7.41	7.47	7.29	7.40	5339205	39210556.000
07/09/2014	7.39	7.39	7.17	7.20	4912851	35731596.000
07/10/2014	7.23	7.31	7.17	7.24	3121236	22573200.000
07/11/2014	7.25	7.30	7.20	7.28	4290064	31079302.000
07/14/2014	7.29	7.41	7.20	7.39	5581034	40723488.000
07/15/2014	7.36	7.50	7.30	7.46	7821229	57994936.000
07/16/2014	7.44	7.51	7.36	7.46	4629311	34386828.000
07/17/2014	7.46	7.51	7.33	7.41	2905653	21566232.000
07/18/2014	7.41	7.45	7.36	7.40	2319198	17190370.000
07/21/2014	7.40	7.43	7.29	7.39	2162793	15895894.000
07/22/2014	7.39	7.47	7.33	7.46	4745178	35243444.000
07/23/2014	7.44	7.47	7.25	7.29	4224151	30975460.000
07/24/2014	7.29	7.29	7.09	7.13	3632985	26019004.000
07/25/2014	7.17	7.29	7.14	7.27	2587129	18683456.000
07/28/2014	7.31	7.49	7.27	7.45	5280875	39060316.000
07/29/2014	7.45	7.58	7.41	7.51	5308624	39912500.000
07/30/2014	7.50	7.58	7.46	7.58	3860998	29111976.000
07/31/2014	7.57	7.85	7.52	7.83	8061387	62054680.000
08/01/2014	7.80	8.01	7.70	7.86	10362972	81564168.000
08/04/2014	7.88	7.99	7.81	7.97	7805008	61585864.000
08/05/2014	8.00	8.18	7.92	8.13	8798919	70873152.000
08/06/2014	8.03	8.22	8.02	8.11	6707023	54329712.000
08/07/2014	8.12	8.33	8.00	8.00	12908499	105512136.000
08/08/2014	8.00	8.11	7.95	8.09	7988143	64109000.000
08/11/2014	8.09	8.33	8.09	8.24	10191987	84132448.000
08/12/2014	8.24	8.31	8.16	8.29	5794052	47876664.000
08/13/2014	8.29	8.44	8.17	8.41	8219248	68054040.000
08/14/2014	8.40	8.51	8.31	8.33	7081908	59544120.000
08/15/2014	8.31	8.40	8.25	8.40	6928224	57726864.000
08/18/2014	8.40	8.55	8.38	8.54	10874470	92228984.000
08/19/2014	8.56	8.60	8.42	8.53	6610574	56300332.000
08/20/2014	8.54	8.55	8.42	8.51	7406662	62806388.000
08/21/2014	8.51	8.54	8.43	8.51	5790409	49065712.000
08/22/2014	8.47	8.75	8.47	8.72	11571536	99883920.000
08/25/2014	8.72	8.75	8.48	8.59	8241060	70706144.000
08/26/2014	8.53	8.61	8.28	8.30	7155800	60227600.000
08/27/2014	8.29	8.56	8.29	8.53	8206815	69439224.000
08/28/2014	8.50	8.57	8.44	8.54	3909893	33235348.000
08/29/2014	8.54	8.74	8.50	8.70	5284334	45669924.000
09/01/2014	8.74	8.88	8.55	8.84	8016027	70187208.000
09/02/2014	8.83	8.89	8.77	8.86	7282990	64352084.000
09/03/2014	8.86	8.95	8.81	8.84	7133822	63223900.000
09/04/2014	8.86	9.12	8.80	9.04	11106397	99120056.000
09/05/2014	9.04	9.10	8.91	9.03	7909797	71110912.000
09/09/2014	9.01	9.03	8.89	9.00	7082124	63497608.000
09/10/2014	8.90	9.07	8.86	8.97	7045098	63090440.000
09/11/2014	8.98	9.08	8.76	8.89	10450226	93342840.000
09/12/2014	8.90	9.53	8.80	9.35	20403084	186469808.000
09/15/2014	9.29	9.38	9.12	9.24	13500989	124285272.000
09/16/2014	9.25	9.38	9.08	9.10	11842238	109097040.000
09/17/2014	9.15	9.28	8.97	9.22	7106722	64912988.000
09/18/2014	9.20	9.41	9.15	9.35	8042104	74589096.000
09/19/2014	9.31	9.46	9.23	9.40	8681153	81365872.000
09/22/2014	9.44	9.55	9.21	9.26	6013603	56067080.000
09/23/2014	9.40	9.77	9.25	9.72	15747562	149422336.000
09/24/2014	9.72	10.16	9.58	10.01	13783179	137560528.000
09/25/2014	10.01	11.01	10.00	11.01	21261360	228442304.000
09/26/2014	11.11	11.37	10.80	11.02	20423021	225284240.000
09/29/2014	11.09	12.10	11.02	11.96	20215282	234647136.000
09/30/2014	11.90	11.90	11.36	11.60	15241562	176571536.000
10/08/2014	11.62	11.65	11.17	11.40	12870162	145869120.000
10/09/2014	11.32	11.49	10.98	11.49	14558878	163724112.000
10/10/2014	11.36	11.53	11.18	11.27	8491300	96144968.000
10/13/2014	11.27	11.27	11.01	11.20	6602100	73485832.000
10/14/2014	11.24	11.32	11.10	11.15	6104602	68361464.000
10/15/2014	11.31	11.80	11.31	11.79	15309112	176964560.000
10/16/2014	11.60	11.86	11.00	11.22	8858944	101913824.000
10/17/2014	11.09	11.24	10.62	11.09	9815031	107309120.000
10/20/2014	11.13	11.50	11.13	11.40	7829992	88616808.000
10/21/2014	11.49	11.74	11.32	11.55	12211001	141184576.000
10/22/2014	11.51	12.47	11.51	12.00	20436228	246027040.000
10/23/2014	11.99	12.20	11.63	11.89	10804109	128202872.000
10/24/2014	11.79	12.40	11.78	12.20	12059701	146862112.000
10/27/2014	12.20	12.20	11.55	11.90	7352384	86679872.000
10/28/2014	11.90	12.38	11.77	12.36	9926454	119894000.000
10/29/2014	12.45	13.10	12.25	12.32	16636339	209995808.000
10/30/2014	12.30	13.40	12.23	13.33	25272571	326395072.000
10/31/2014	13.38	13.56	13.14	13.50	13612355	182017360.000
数据来源:通达信
