300192 科斯伍德 日线
      日期	    开盘	    最高	    最低	    收盘	    成交量	    成交额
03/22/2011	8.05	8.90	7.93	8.33	12099272	340068224.000
03/23/2011	8.02	8.16	7.87	8.12	6437491	173170864.000
03/24/2011	7.98	8.35	7.96	8.07	5066586	138849024.000
03/25/2011	7.81	7.84	7.62	7.63	5275011	136256112.000
03/28/2011	7.63	7.65	7.34	7.42	3104033	77711960.000
03/29/2011	7.42	7.42	7.07	7.09	2590882	62483092.000
03/30/2011	7.08	7.17	7.02	7.05	1062131	25354518.000
03/31/2011	7.03	7.17	7.00	7.06	1120181	26673620.000
04/01/2011	7.02	7.05	6.86	6.95	1660892	38572512.000
04/06/2011	6.96	7.01	6.90	6.97	967306	22624214.000
04/07/2011	6.98	6.99	6.81	6.95	1013402	23481166.000
04/08/2011	6.92	6.99	6.90	6.97	830787	19429404.000
04/11/2011	6.92	6.95	6.66	6.67	1943364	44310584.000
04/12/2011	6.43	6.64	6.43	6.50	1373371	30046382.000
04/13/2011	6.49	6.59	6.42	6.58	668822	14718283.000
04/14/2011	6.58	6.58	6.49	6.52	514035	11281802.000
04/15/2011	6.48	6.53	6.42	6.46	600610	13051297.000
04/18/2011	6.44	6.48	6.40	6.47	503525	10917669.000
04/19/2011	6.43	6.46	6.30	6.34	687007	14713204.000
04/20/2011	6.34	6.46	6.34	6.45	489722	10555371.000
04/21/2011	6.45	6.50	6.43	6.46	497570	10808926.000
04/22/2011	6.48	6.50	6.39	6.40	426468	9231277.000
04/25/2011	6.30	6.36	6.13	6.15	769271	16121310.000
04/26/2011	6.02	6.22	6.02	6.08	345079	7088477.500
04/27/2011	6.10	6.17	5.94	5.95	320638	6538052.500
04/28/2011	5.99	6.05	5.73	5.77	476851	9426857.000
04/29/2011	5.67	5.79	5.67	5.77	329676	6389707.000
05/03/2011	5.76	5.77	5.68	5.75	440194	8501774.000
05/04/2011	5.75	5.79	5.66	5.70	395035	7624845.500
05/05/2011	5.64	5.75	5.64	5.74	232867	4494714.500
05/06/2011	5.72	5.72	5.65	5.70	278935	5353861.000
05/09/2011	5.68	5.80	5.68	5.77	363997	7079532.500
05/10/2011	5.79	5.82	5.75	5.78	215780	4204517.000
05/11/2011	5.78	5.80	5.72	5.76	221620	4309569.000
05/12/2011	5.75	5.75	5.60	5.60	383522	7345051.500
05/13/2011	5.59	5.65	5.51	5.60	338257	6371293.000
05/16/2011	5.65	5.78	5.60	5.73	479288	9260695.000
05/17/2011	5.72	5.75	5.66	5.74	218899	4226611.000
05/18/2011	5.73	5.78	5.69	5.76	285878	5542079.000
05/19/2011	5.77	5.95	5.77	5.80	718773	14221316.000
05/20/2011	5.82	5.83	5.64	5.77	402643	7809113.500
05/23/2011	5.72	5.75	5.41	5.41	472202	8849409.000
05/24/2011	5.45	5.57	5.34	5.56	437187	8080384.500
05/25/2011	5.48	5.54	5.37	5.39	212820	3914878.250
05/26/2011	5.47	5.47	5.34	5.36	191225	3496622.000
05/27/2011	5.39	5.39	5.32	5.33	209296	3780356.500
05/30/2011	5.32	5.38	5.23	5.30	205383	3700764.750
05/31/2011	5.30	5.41	5.25	5.38	202150	3634500.750
06/01/2011	5.40	5.43	5.36	5.39	201398	3670453.500
06/02/2011	5.36	5.36	5.23	5.28	260300	4640335.500
06/03/2011	5.32	5.38	5.28	5.38	180355	3260259.250
06/07/2011	5.31	5.40	5.31	5.38	185969	3365089.500
06/08/2011	5.39	5.39	5.25	5.33	163217	2928455.250
06/09/2011	5.29	5.35	5.22	5.22	204549	3646386.750
06/10/2011	5.22	5.23	5.09	5.19	335622	5837083.000
06/13/2011	5.17	5.22	5.12	5.20	170470	2990407.500
06/14/2011	5.18	5.24	5.17	5.22	174230	3071435.750
06/15/2011	5.23	5.23	5.17	5.17	161300	2835594.000
06/16/2011	5.13	5.13	5.05	5.08	222270	3817832.750
06/17/2011	5.11	5.11	5.00	5.00	146256	2501432.750
06/20/2011	5.00	5.02	4.94	4.96	104960	1769831.875
06/21/2011	4.97	5.01	4.90	4.98	143398	2408075.000
06/22/2011	4.99	4.99	4.71	4.74	1460620	23772782.000
06/23/2011	4.72	4.87	4.55	4.84	1530090	24354082.000
06/24/2011	4.75	5.01	4.75	4.98	1500934	24920636.000
06/27/2011	4.99	5.09	4.95	5.02	888206	15099989.000
06/28/2011	4.99	5.03	4.93	5.02	567532	9564001.000
06/29/2011	4.99	5.05	4.96	4.97	427320	7241576.500
06/30/2011	4.95	5.04	4.93	5.04	504327	8533596.000
07/01/2011	5.05	5.07	5.01	5.02	697821	11901877.000
07/04/2011	5.06	5.13	5.02	5.12	738593	12682992.000
07/05/2011	5.13	5.17	5.07	5.13	911024	15740321.000
07/06/2011	5.12	5.23	5.10	5.23	1180225	20696388.000
07/07/2011	5.22	5.46	5.21	5.33	1632432	29557262.000
07/08/2011	5.28	5.34	5.25	5.28	594683	10615262.000
07/11/2011	5.27	5.38	5.25	5.34	536705	9674074.000
07/12/2011	5.32	5.32	5.19	5.20	641247	11346074.000
07/13/2011	5.20	5.36	5.20	5.35	699553	12507745.000
07/14/2011	5.36	5.53	5.36	5.50	1216492	22368194.000
07/15/2011	5.47	5.70	5.47	5.61	1338415	25436408.000
07/18/2011	5.63	5.68	5.48	5.50	1041198	19539784.000
07/19/2011	5.47	5.47	5.32	5.33	1128296	20458540.000
07/20/2011	5.36	5.44	5.28	5.36	827694	14943044.000
07/21/2011	5.39	5.40	5.21	5.22	791655	14085362.000
07/22/2011	5.24	5.32	5.23	5.30	877979	15692712.000
07/25/2011	5.28	5.43	5.15	5.16	1132587	20250442.000
07/26/2011	5.15	5.19	5.05	5.11	460550	7958709.500
07/27/2011	5.07	5.26	5.05	5.22	571559	10013878.000
07/28/2011	5.17	5.40	5.14	5.40	1169419	20828052.000
07/29/2011	5.37	5.41	5.27	5.30	824286	14871545.000
08/01/2011	5.24	5.48	5.20	5.48	1217089	22155990.000
08/02/2011	5.43	6.01	5.42	5.93	4526123	87631760.000
08/03/2011	5.81	5.90	5.70	5.75	2424022	47434992.000
08/04/2011	5.75	5.80	5.57	5.63	1492531	28491574.000
08/05/2011	5.43	5.59	5.35	5.48	1175869	21835816.000
08/08/2011	5.41	5.45	4.96	5.02	1617363	28184672.000
08/09/2011	4.90	5.08	4.77	5.02	1027787	17156304.000
08/10/2011	5.11	5.19	5.06	5.07	758287	13158392.000
08/11/2011	5.05	5.25	4.96	5.22	1096788	19092890.000
08/12/2011	5.33	5.39	5.25	5.31	1005025	18081322.000
08/15/2011	5.39	5.53	5.33	5.51	1310109	23981640.000
08/16/2011	5.53	5.53	5.38	5.40	824782	15140690.000
08/17/2011	5.44	5.60	5.40	5.52	1216129	22609846.000
08/18/2011	5.55	5.56	5.41	5.42	813641	15018187.000
08/19/2011	5.32	5.34	5.20	5.34	832567	14830299.000
08/22/2011	5.38	5.59	5.35	5.54	1266833	23506808.000
08/23/2011	5.59	5.74	5.54	5.73	1654544	31756608.000
08/24/2011	5.74	5.82	5.63	5.63	1638554	31568478.000
08/25/2011	5.63	5.67	5.47	5.62	1602433	30105634.000
08/26/2011	5.61	5.81	5.54	5.79	1652506	31958426.000
08/29/2011	5.80	5.98	5.75	5.90	1993368	39569284.000
08/30/2011	5.90	5.90	5.62	5.63	1310898	25598030.000
08/31/2011	5.60	5.66	5.50	5.59	907898	17061042.000
09/01/2011	5.64	5.71	5.53	5.57	623052	11822645.000
09/02/2011	5.54	5.59	5.39	5.46	538501	9948292.000
09/05/2011	5.36	5.42	5.32	5.35	589667	10666299.000
09/06/2011	5.30	5.36	5.14	5.23	496357	8799669.000
09/07/2011	5.27	5.42	5.27	5.41	451840	8171663.000
09/08/2011	5.41	5.45	5.27	5.27	409151	7429430.500
09/09/2011	5.23	5.32	5.19	5.20	281820	4994503.500
09/13/2011	5.15	5.15	5.04	5.08	285683	4921296.500
09/14/2011	5.10	5.19	5.00	5.19	379978	6552912.500
09/15/2011	5.18	5.28	5.15	5.15	385030	6775494.000
09/16/2011	5.18	5.23	5.15	5.15	258792	4537098.000
09/19/2011	5.11	5.11	4.96	4.96	355783	6059252.500
09/20/2011	4.93	5.04	4.92	5.02	266339	4497327.000
09/21/2011	5.00	5.19	4.95	5.17	467843	8105054.000
09/22/2011	5.13	5.17	4.96	4.98	500385	8543087.000
09/23/2011	4.91	4.98	4.87	4.94	319227	5310503.000
09/26/2011	4.93	4.98	4.84	4.86	253799	4217261.500
09/27/2011	4.92	4.92	4.84	4.88	258804	4277074.000
09/28/2011	4.92	4.93	4.79	4.83	200639	3304512.000
09/29/2011	4.81	4.81	4.68	4.69	349657	5599231.500
09/30/2011	4.67	4.74	4.57	4.71	214402	3391169.250
10/10/2011	4.71	4.80	4.67	4.68	98500	1572083.875
10/11/2011	4.79	4.81	4.66	4.69	227511	3654588.750
10/12/2011	4.67	4.87	4.67	4.84	393607	6396802.000
10/13/2011	4.84	4.93	4.84	4.92	331208	5493999.000
10/14/2011	4.92	4.98	4.87	4.94	285837	4768836.000
10/17/2011	4.97	5.00	4.93	4.96	299496	5035101.000
10/18/2011	4.95	4.96	4.75	4.76	336500	5526273.000
10/19/2011	4.74	4.86	4.71	4.78	210445	3409083.250
10/20/2011	4.78	4.78	4.63	4.69	282657	4491738.000
10/21/2011	4.73	4.73	4.60	4.61	109661	1721531.250
10/24/2011	4.64	4.81	4.57	4.80	449707	7145674.500
10/25/2011	4.74	5.02	4.73	4.99	699321	11650096.000
10/26/2011	4.98	5.25	4.92	4.99	1006009	17098420.000
10/28/2011	5.05	5.08	4.96	5.07	796927	13591475.000
10/31/2011	5.08	5.11	5.01	5.06	529982	9060174.000
11/01/2011	5.00	5.13	4.97	5.06	482497	8260564.000
11/02/2011	4.98	5.18	4.95	5.16	990245	16913166.000
11/03/2011	5.16	5.31	5.16	5.16	1175054	20778116.000
11/04/2011	5.20	5.22	5.14	5.16	511437	8948101.000
11/07/2011	5.16	5.35	5.14	5.25	761543	13539141.000
11/08/2011	5.26	5.29	5.13	5.15	543461	9583100.000
11/09/2011	5.15	5.26	5.08	5.26	649875	11384832.000
11/10/2011	5.19	5.43	5.18	5.28	1481676	26624458.000
11/11/2011	5.27	5.43	5.20	5.33	1205715	21672486.000
11/14/2011	5.40	5.48	5.35	5.43	1206795	22138502.000
11/15/2011	5.42	5.46	5.35	5.46	910710	16615990.000
11/16/2011	5.57	5.57	5.22	5.26	1314002	23929908.000
11/17/2011	5.22	5.40	5.21	5.31	874921	15695084.000
11/18/2011	5.28	5.28	5.09	5.10	925978	16186127.000
11/21/2011	5.10	5.17	5.05	5.14	564131	9733866.000
11/22/2011	5.08	5.11	4.99	5.08	301640	5170719.500
11/23/2011	5.09	5.17	5.09	5.14	453342	7885490.500
11/24/2011	5.06	5.16	5.03	5.13	199999	3449993.250
11/25/2011	5.11	5.19	5.08	5.11	502772	8728261.000
11/28/2011	5.14	5.16	5.11	5.14	294995	5125269.000
11/29/2011	5.17	5.23	5.12	5.23	560292	9811220.000
11/30/2011	5.22	5.26	4.85	4.90	706449	12013940.000
12/01/2011	5.04	5.13	5.00	5.01	647888	11098329.000
12/02/2011	5.04	5.04	4.86	4.86	341970	5697437.500
12/05/2011	4.82	4.90	4.67	4.67	354020	5684844.500
12/06/2011	4.74	4.78	4.65	4.74	159624	2548703.000
12/07/2011	4.77	4.80	4.69	4.77	173339	2787341.250
12/08/2011	4.77	4.84	4.67	4.79	267108	4321111.500
12/09/2011	4.72	4.80	4.72	4.74	129125	2082672.750
12/12/2011	4.77	4.77	4.71	4.71	112830	1811193.000
12/13/2011	4.72	4.72	4.56	4.57	267239	4174441.750
12/14/2011	4.56	4.61	4.51	4.53	177828	2760474.750
12/15/2011	4.50	4.51	4.37	4.40	255127	3824704.500
12/16/2011	4.44	4.52	4.39	4.50	291860	4407707.000
12/19/2011	4.50	4.55	4.40	4.52	267571	4045410.250
12/20/2011	4.52	4.70	4.51	4.63	677028	10661263.000
12/21/2011	4.66	4.67	4.50	4.51	277357	4324117.500
12/22/2011	4.48	4.48	4.23	4.32	351645	5185785.500
12/23/2011	4.31	4.43	4.28	4.34	193382	2871734.000
12/26/2011	4.36	4.41	4.27	4.32	200636	2946126.750
12/27/2011	4.25	4.30	4.09	4.12	300928	4269201.500
12/28/2011	4.06	4.09	3.90	4.02	425329	5752990.000
12/29/2011	3.99	4.03	3.93	4.02	150992	2056995.625
12/30/2011	4.05	4.09	4.00	4.06	217370	2996988.000
01/04/2012	4.07	4.11	3.95	4.11	279254	3858677.250
01/05/2012	4.06	4.06	3.89	3.89	354920	4803465.000
01/06/2012	3.89	3.93	3.72	3.87	258158	3344252.500
01/09/2012	3.87	4.01	3.77	4.00	240904	3235874.500
01/10/2012	4.01	4.17	3.99	4.14	283881	3963508.500
01/11/2012	4.13	4.18	4.08	4.13	198702	2792342.500
01/12/2012	4.06	4.19	4.06	4.10	194904	2734642.250
01/13/2012	4.06	4.10	3.84	3.88	242255	3269164.000
01/16/2012	3.89	3.89	3.73	3.74	149100	1928015.500
01/17/2012	3.76	3.97	3.76	3.95	280953	3704246.500
01/18/2012	3.96	3.98	3.77	3.80	249537	3300464.500
01/19/2012	3.87	3.93	3.78	3.90	159123	2108474.500
01/20/2012	3.94	4.01	3.90	3.97	252553	3411833.500
01/30/2012	4.02	4.03	3.95	3.98	206371	2812762.250
01/31/2012	3.97	3.99	3.89	3.93	249211	3336471.500
02/01/2012	3.93	3.98	3.90	3.93	116249	1563611.125
02/02/2012	3.93	4.00	3.92	4.00	162763	2192734.000
02/03/2012	3.99	4.11	3.97	4.08	315286	4353720.000
02/06/2012	4.08	4.12	4.06	4.11	346616	4829415.500
02/07/2012	4.11	4.12	4.02	4.04	321729	4449088.500
02/08/2012	4.06	4.16	4.04	4.16	467511	6563850.500
02/09/2012	4.19	4.25	4.14	4.17	731755	10471794.000
02/10/2012	4.15	4.26	4.15	4.25	717449	10327236.000
02/13/2012	4.23	4.29	4.19	4.25	453470	6564397.000
02/14/2012	4.22	4.25	4.19	4.21	427605	6130964.500
02/15/2012	4.27	4.29	4.20	4.29	492011	7112439.500
02/16/2012	4.25	4.35	4.23	4.28	568607	8296674.500
02/17/2012	4.28	4.32	4.19	4.22	387000	5581589.500
02/20/2012	4.26	4.30	4.23	4.24	451832	6544707.000
02/21/2012	4.24	4.36	4.24	4.36	844841	12348239.000
02/22/2012	4.33	4.46	4.30	4.45	890136	13323779.000
02/23/2012	4.45	4.66	4.42	4.63	1482851	22773702.000
02/24/2012	4.58	4.60	4.52	4.57	1402868	21671230.000
02/27/2012	4.57	4.60	4.50	4.51	901385	13921874.000
02/28/2012	4.51	4.52	4.43	4.48	512814	7795843.500
02/29/2012	4.51	4.53	4.45	4.46	433316	6602791.000
03/01/2012	4.54	4.55	4.48	4.54	443491	6812411.000
03/02/2012	4.54	4.61	4.52	4.61	510847	7931574.000
03/05/2012	4.61	4.64	4.57	4.59	786458	12273223.000
03/06/2012	4.59	4.64	4.53	4.53	533469	8279884.500
03/07/2012	4.51	4.60	4.46	4.53	381639	5883927.500
03/08/2012	4.58	4.61	4.55	4.60	443378	6903550.500
03/09/2012	4.61	4.75	4.61	4.73	656899	10436595.000
03/12/2012	4.75	4.96	4.75	4.91	1536460	25464138.000
03/13/2012	4.93	4.93	4.85	4.90	635419	10509497.000
03/14/2012	4.92	4.97	4.62	4.68	889075	14581613.000
03/15/2012	4.68	4.75	4.51	4.67	621774	9773767.000
03/16/2012	4.67	4.80	4.66	4.80	781366	12469297.000
03/19/2012	4.81	4.94	4.74	4.90	506699	8315770.000
03/20/2012	4.83	4.86	4.66	4.68	438125	7053654.000
03/21/2012	4.68	4.81	4.57	4.70	551382	8694253.000
03/22/2012	4.59	4.76	4.59	4.68	282948	4475389.000
03/23/2012	4.66	4.67	4.54	4.57	253046	3942071.750
03/26/2012	4.57	4.57	4.39	4.40	382509	5810477.000
03/27/2012	4.41	4.56	4.41	4.51	554088	8468860.000
03/28/2012	4.54	4.65	4.40	4.40	921372	14202197.000
03/29/2012	4.57	4.57	4.36	4.41	514540	7770008.000
03/30/2012	4.33	4.41	4.16	4.24	613820	8836851.000
04/05/2012	4.20	4.42	4.20	4.42	682037	10025232.000
04/06/2012	4.38	4.50	4.37	4.39	418267	6258095.500
04/09/2012	4.39	4.41	4.22	4.23	640680	9364662.000
04/10/2012	4.19	4.23	4.05	4.21	397050	5601892.500
04/11/2012	4.17	4.21	4.11	4.18	297741	4215388.500
04/12/2012	4.20	4.27	4.17	4.27	464642	6683563.000
04/13/2012	4.27	4.31	4.22	4.30	580452	8426727.000
04/16/2012	4.25	4.29	4.21	4.27	323960	4691812.500
04/17/2012	4.22	4.28	4.22	4.24	202040	2920836.750
04/18/2012	4.25	4.35	4.25	4.34	498934	7325129.000
04/19/2012	4.35	4.42	4.34	4.39	582930	8672400.000
04/20/2012	4.40	4.41	4.36	4.40	448649	6685531.000
04/23/2012	4.36	4.42	4.11	4.11	829375	11947598.000
04/24/2012	4.12	4.17	4.00	4.13	495297	6921312.500
04/25/2012	4.14	4.21	4.11	4.16	262225	3716782.500
04/26/2012	4.20	4.20	4.10	4.14	515536	7238177.500
04/27/2012	4.12	4.18	4.12	4.15	240344	3396842.750
05/02/2012	4.20	4.25	4.18	4.22	219468	3144020.750
05/03/2012	4.22	4.23	4.17	4.23	240829	3436864.250
05/04/2012	4.23	4.30	4.22	4.29	418484	6069222.000
05/07/2012	4.27	4.37	4.25	4.36	465657	6846104.000
05/08/2012	4.41	4.41	4.33	4.36	304520	4519774.500
05/09/2012	4.33	4.36	4.27	4.28	286446	4188912.500
05/10/2012	4.27	4.36	4.27	4.34	318508	4686114.500
05/11/2012	4.33	4.40	4.30	4.36	370720	5489351.500
05/14/2012	4.40	4.42	4.31	4.31	187352	2767241.250
05/15/2012	4.28	4.28	4.19	4.25	240417	3464227.750
05/16/2012	4.25	4.25	4.19	4.19	126992	1817944.000
05/17/2012	4.19	4.26	4.19	4.24	151543	2181525.500
05/18/2012	4.23	4.26	4.20	4.21	132978	1913982.750
05/21/2012	4.20	4.27	4.19	4.23	103680	1489855.750
05/22/2012	4.30	4.57	4.29	4.37	981137	14746902.000
05/23/2012	4.32	4.39	4.29	4.36	500515	7379154.000
05/24/2012	4.36	4.36	4.26	4.26	383561	5600879.500
05/25/2012	4.24	4.32	4.19	4.21	503222	7286868.000
05/28/2012	4.20	4.20	4.01	4.17	359409	5024373.500
05/29/2012	4.14	4.27	4.11	4.23	273833	3939231.250
05/30/2012	4.25	4.31	4.21	4.27	200101	2889618.500
05/31/2012	4.27	4.32	4.23	4.31	415698	6056728.000
06/01/2012	4.33	4.33	4.27	4.30	237131	3468518.500
06/04/2012	4.25	4.25	4.16	4.17	124818	1784750.250
06/05/2012	4.16	4.21	4.16	4.17	133300	1896335.375
06/06/2012	4.18	4.23	4.17	4.18	78601	1119702.250
06/07/2012	4.25	4.25	4.14	4.17	47634	681274.875
06/08/2012	4.20	4.22	4.17	4.17	132007	1877426.625
06/11/2012	4.14	4.27	4.14	4.26	151841	2186770.750
06/12/2012	4.21	4.23	4.14	4.21	301820	4293752.000
06/13/2012	4.21	4.30	4.20	4.29	340201	4932291.500
06/14/2012	4.32	4.35	4.29	4.30	532177	7807302.000
06/15/2012	4.31	4.34	4.27	4.29	242900	3553439.000
06/18/2012	4.29	4.40	4.29	4.39	456464	6767131.500
06/19/2012	4.40	4.41	4.35	4.36	505770	7501015.500
06/20/2012	4.36	4.48	4.28	4.45	1091584	10704347.000
06/21/2012	4.47	4.47	4.29	4.33	746929	7258442.500
06/25/2012	4.34	4.34	4.21	4.21	367588	3502337.250
06/26/2012	4.20	4.24	4.15	4.22	296842	2784374.250
06/27/2012	4.23	4.25	4.17	4.21	278117	2620851.250
06/28/2012	4.20	4.24	4.16	4.16	297617	2792949.750
06/29/2012	4.15	4.20	4.10	4.18	306607	2843361.750
07/02/2012	4.19	4.23	4.18	4.20	252211	2372712.250
07/03/2012	4.19	4.36	4.19	4.26	510868	4861371.000
07/04/2012	4.25	4.28	4.16	4.17	280161	2640918.750
07/05/2012	4.19	4.19	4.05	4.06	364431	3347645.250
07/06/2012	4.07	4.14	4.00	4.10	353209	3222280.000
07/09/2012	4.09	4.14	4.00	4.01	384206	3500635.000
07/10/2012	4.00	4.05	3.94	3.96	273801	2438842.500
07/11/2012	3.98	4.01	3.97	3.99	151430	1352215.875
07/12/2012	3.97	4.05	3.95	4.04	271029	2432753.000
07/13/2012	4.05	4.06	4.00	4.03	210054	1892287.500
07/16/2012	3.99	3.99	3.76	3.77	412460	3574561.500
07/17/2012	3.77	3.89	3.71	3.82	190106	1616577.625
07/18/2012	3.86	3.86	3.77	3.83	153715	1306122.375
07/19/2012	3.83	3.94	3.83	3.94	196587	1718949.750
07/20/2012	3.95	3.99	3.89	3.93	274181	2410687.250
07/23/2012	3.91	3.91	3.76	3.90	122202	1050979.625
07/24/2012	3.85	3.94	3.84	3.90	136151	1184584.500
07/25/2012	3.90	3.93	3.86	3.90	176150	1541410.875
07/26/2012	3.91	3.91	3.80	3.85	189050	1629646.375
07/27/2012	3.89	3.89	3.80	3.83	120070	1027723.688
07/30/2012	3.80	3.82	3.74	3.77	150950	1273695.000
07/31/2012	3.74	3.78	3.67	3.69	150000	1243422.500
08/01/2012	3.73	3.76	3.69	3.74	139422	1165384.000
08/02/2012	3.74	3.75	3.70	3.73	136332	1135972.125
08/03/2012	3.72	3.83	3.71	3.83	176155	1486718.125
08/06/2012	3.81	3.93	3.79	3.91	282817	2461806.000
08/07/2012	3.91	4.29	3.87	4.25	1961008	18090442.000
08/08/2012	4.22	4.30	4.14	4.26	919268	8620115.000
08/09/2012	4.33	4.57	4.24	4.25	1509097	14574081.000
08/10/2012	4.24	4.24	4.13	4.14	502492	4682088.500
08/13/2012	4.14	4.20	4.04	4.20	432089	3964891.750
08/14/2012	4.14	4.17	4.07	4.16	286538	2638739.000
08/15/2012	4.16	4.19	4.09	4.15	223800	2062883.000
08/16/2012	4.16	4.16	4.10	4.15	168272	1555314.875
08/17/2012	4.10	4.17	4.06	4.16	227050	2089801.500
08/20/2012	4.20	4.36	4.20	4.35	860455	8179421.000
08/21/2012	4.37	4.45	4.37	4.44	1145508	11265847.000
08/22/2012	4.57	4.57	4.23	4.27	1520977	14849131.000
08/23/2012	4.21	4.27	4.18	4.25	382148	3614525.000
08/24/2012	4.21	4.32	4.20	4.29	364706	3457474.500
08/27/2012	4.21	4.28	4.15	4.15	150940	1418111.750
08/28/2012	4.16	4.20	4.10	4.17	307762	2848113.500
08/29/2012	4.17	4.17	4.07	4.09	376687	3458416.750
08/30/2012	4.05	4.14	3.89	3.93	254180	2272204.000
08/31/2012	3.90	4.03	3.90	4.03	195407	1735287.125
09/03/2012	4.03	4.24	3.97	4.23	436744	4061037.000
09/04/2012	4.25	4.28	4.18	4.23	327373	3085765.250
09/05/2012	4.23	4.32	4.17	4.32	357588	3413018.000
09/06/2012	4.34	4.35	4.20	4.27	510735	4845505.000
09/07/2012	4.28	4.42	4.26	4.42	840640	8217622.000
09/10/2012	4.42	4.43	4.31	4.39	741222	7224972.000
09/11/2012	4.38	4.38	4.24	4.37	559443	5387164.500
09/12/2012	4.35	4.47	4.29	4.32	411595	4012142.750
09/13/2012	4.34	4.34	4.25	4.31	549273	5260354.000
09/14/2012	4.29	4.31	4.19	4.23	1112273	10539154.000
09/17/2012	4.21	4.21	4.03	4.03	440750	4068144.000
09/18/2012	4.00	4.06	3.98	4.01	271173	2443713.250
09/19/2012	4.05	4.05	4.00	4.04	204627	1842379.375
09/20/2012	4.09	4.09	3.63	4.02	713980	6310865.500
09/21/2012	4.02	4.02	3.91	3.98	248850	2208264.500
09/24/2012	3.89	4.00	3.89	4.00	138049	1217900.000
09/25/2012	4.00	4.00	3.90	3.98	45146	400200.781
09/26/2012	3.96	4.18	3.88	4.09	926092	8284957.500
09/27/2012	4.19	4.25	4.11	4.24	947049	8849592.000
09/28/2012	4.23	4.24	4.08	4.15	1541726	14211038.000
10/08/2012	4.03	4.09	3.94	3.96	759599	6794655.500
10/09/2012	3.98	4.04	3.94	4.04	1692996	15077732.000
10/10/2012	4.00	4.03	3.96	4.01	766222	6858269.000
10/11/2012	4.02	4.05	3.94	3.96	772650	6926483.500
10/12/2012	3.92	4.00	3.89	3.96	359860	3176546.250
10/15/2012	3.99	4.00	3.84	3.87	566259	4940407.500
10/16/2012	3.87	3.95	3.87	3.92	395087	3464947.250
10/17/2012	3.92	3.96	3.86	3.93	281899	2472765.250
10/18/2012	3.91	3.99	3.91	3.97	549214	4870128.500
10/19/2012	3.94	3.97	3.92	3.92	338215	2980915.250
10/22/2012	3.91	3.95	3.90	3.95	157175	1380367.500
10/23/2012	3.95	3.98	3.92	3.95	239000	2108783.000
10/24/2012	3.92	3.96	3.92	3.94	174149	1536964.625
10/25/2012	3.92	3.96	3.90	3.90	189725	1671123.000
10/26/2012	3.92	3.93	3.80	3.93	330343	2858778.000
10/29/2012	3.98	3.98	3.82	3.92	338764	2980802.250
10/30/2012	3.91	3.91	3.79	3.87	581140	4988838.000
10/31/2012	3.80	3.88	3.80	3.88	231495	1987968.375
11/01/2012	3.87	3.91	3.84	3.89	348207	3035100.250
11/02/2012	3.91	3.95	3.89	3.89	381750	3337297.000
11/05/2012	3.88	4.20	3.86	4.00	675849	6024479.500
11/06/2012	3.96	3.97	3.87	3.92	2256899	19810904.000
11/07/2012	3.89	4.00	3.87	3.97	1833531	16137661.000
11/08/2012	3.93	4.05	3.89	3.97	1628751	14545869.000
11/09/2012	3.97	4.20	3.94	4.15	3965006	36445880.000
11/12/2012	4.15	4.19	4.05	4.10	3482067	32087008.000
11/13/2012	4.10	4.29	4.02	4.18	5449674	51097712.000
11/14/2012	4.02	4.30	3.97	4.25	4170700	39415012.000
11/15/2012	4.17	4.30	3.90	4.03	5617528	50888816.000
11/16/2012	3.97	3.97	3.76	3.78	2802239	24085120.000
11/19/2012	3.80	3.80	3.61	3.68	1677798	13780726.000
11/20/2012	3.69	3.78	3.67	3.75	1292134	10783430.000
11/21/2012	3.75	3.90	3.71	3.86	2725451	23249188.000
11/22/2012	3.81	3.91	3.79	3.85	1608414	13858195.000
11/23/2012	3.85	3.92	3.78	3.89	2546042	21982492.000
11/26/2012	3.86	4.01	3.79	3.92	2413779	21064476.000
11/27/2012	3.88	3.90	3.77	3.84	1144707	9793876.000
11/28/2012	3.80	3.84	3.70	3.76	1443499	12082505.000
11/29/2012	3.75	3.96	3.71	3.86	4071947	35167508.000
11/30/2012	3.85	4.11	3.77	4.02	6943597	61518124.000
12/03/2012	4.02	4.12	3.95	4.02	3643063	32800044.000
12/04/2012	3.97	4.19	3.80	4.11	6517799	58896652.000
12/05/2012	4.11	4.27	4.03	4.18	7061692	65898640.000
12/06/2012	4.18	4.21	4.00	4.03	4326054	39381484.000
12/07/2012	4.04	4.12	3.94	4.08	3830241	34649640.000
12/10/2012	4.05	4.26	4.03	4.23	5502324	51350496.000
12/11/2012	4.18	4.18	4.05	4.06	3978454	36610832.000
12/12/2012	4.04	4.08	3.95	3.99	2847685	25486560.000
12/13/2012	3.95	4.06	3.91	3.93	1987633	17765414.000
12/14/2012	3.91	4.07	3.88	4.03	3511322	31471016.000
12/17/2012	4.04	4.17	4.01	4.08	2906335	26580778.000
12/18/2012	4.04	4.11	3.95	3.97	2414373	21776798.000
12/19/2012	3.96	3.99	3.92	3.94	1640298	14490557.000
12/20/2012	3.92	4.00	3.92	4.00	1517284	13489100.000
12/21/2012	4.00	4.07	3.97	4.01	1992680	17910182.000
12/24/2012	4.00	4.10	3.97	4.07	2408674	21845452.000
12/25/2012	4.07	4.20	4.07	4.15	3868595	35776280.000
12/26/2012	4.16	4.52	4.13	4.38	6330856	61192384.000
12/27/2012	4.38	4.45	4.20	4.25	4665886	44721924.000
12/28/2012	4.23	4.27	4.17	4.25	2836968	26864792.000
12/31/2012	4.26	4.26	4.18	4.22	2202316	20797536.000
01/04/2013	4.25	4.27	4.11	4.17	2240935	20956922.000
01/07/2013	4.17	4.35	4.10	4.34	3001005	28665142.000
01/08/2013	4.33	4.42	4.26	4.34	2976299	28829158.000
01/09/2013	4.35	4.50	4.32	4.42	3613022	35664060.000
01/10/2013	4.42	4.43	4.31	4.35	2878004	27970844.000
01/11/2013	4.35	4.40	4.22	4.23	2787250	26835010.000
01/14/2013	4.24	4.42	4.23	4.40	4083519	39885756.000
01/15/2013	4.43	4.70	4.39	4.56	6304890	63844188.000
01/16/2013	4.57	4.59	4.41	4.50	3608326	36236892.000
01/17/2013	4.48	4.64	4.48	4.51	3217876	32722808.000
01/18/2013	4.55	4.60	4.48	4.60	2685347	27321452.000
01/21/2013	4.59	4.70	4.55	4.57	2413757	24795822.000
01/22/2013	4.57	4.59	4.35	4.39	3178386	31651888.000
01/23/2013	4.39	4.42	4.30	4.38	1963897	19137242.000
01/24/2013	4.40	4.47	4.20	4.25	2127073	20584802.000
01/25/2013	4.28	4.33	4.22	4.30	1058568	10131187.000
01/28/2013	4.30	4.41	4.30	4.39	1347611	13161202.000
01/29/2013	4.40	4.44	4.36	4.42	1520115	14926344.000
01/30/2013	4.41	4.46	4.33	4.39	1536586	15039748.000
01/31/2013	4.37	4.40	4.32	4.36	1203712	11697438.000
02/01/2013	4.33	4.41	4.33	4.40	1369776	13423139.000
02/04/2013	4.43	4.43	4.33	4.36	1299774	12671937.000
02/05/2013	4.36	4.39	4.29	4.39	1256822	12167687.000
02/06/2013	4.37	4.42	4.36	4.39	1243317	12208264.000
02/07/2013	4.41	4.57	4.38	4.48	2226236	22317616.000
02/08/2013	4.48	4.55	4.47	4.55	2084003	20993206.000
02/18/2013	4.58	4.60	4.50	4.54	1782679	18066212.000
02/19/2013	4.55	4.57	4.44	4.45	1795863	17975688.000
02/20/2013	4.43	4.58	4.43	4.57	2106332	21229492.000
02/21/2013	4.56	4.61	4.49	4.59	2768273	28131968.000
02/22/2013	4.60	4.74	4.54	4.55	3557501	37075404.000
02/25/2013	4.51	4.58	4.47	4.55	1760538	17777874.000
02/26/2013	4.54	4.57	4.42	4.42	2131604	21463154.000
02/27/2013	4.44	4.49	4.35	4.37	1510425	14872799.000
02/28/2013	4.37	4.50	4.37	4.48	1531916	15182115.000
03/01/2013	4.48	4.59	4.46	4.58	2087302	21163200.000
03/04/2013	4.55	4.64	4.44	4.46	2567887	26072290.000
03/05/2013	4.46	4.64	4.46	4.59	2572705	26380824.000
03/06/2013	4.63	4.70	4.59	4.69	3526113	36556704.000
03/07/2013	4.66	4.68	4.54	4.62	2325206	23962202.000
03/08/2013	4.65	4.71	4.60	4.67	2671096	27830696.000
03/11/2013	4.70	4.70	4.55	4.58	1769963	18177198.000
03/12/2013	4.55	4.59	4.38	4.44	3229533	32264806.000
03/13/2013	4.40	4.46	4.37	4.40	1409961	13893803.000
03/14/2013	4.40	4.46	4.38	4.39	730501	7202098.000
03/15/2013	4.43	4.44	4.30	4.34	1334818	13019181.000
03/18/2013	4.33	4.35	4.25	4.25	1065517	10196751.000
03/19/2013	4.29	4.31	4.21	4.31	690590	6581574.500
03/20/2013	4.31	4.41	4.28	4.41	1224739	11943712.000
03/21/2013	4.41	4.44	4.38	4.42	1012481	9974231.000
03/22/2013	4.42	4.45	4.38	4.43	831976	8195799.000
03/25/2013	4.41	4.45	4.33	4.34	1277795	12475605.000
03/26/2013	4.35	4.35	4.23	4.26	1380695	13153154.000
03/27/2013	4.28	4.31	4.25	4.29	720622	6908123.000
03/28/2013	4.25	4.25	4.08	4.08	1405696	13019395.000
03/29/2013	4.08	4.10	4.07	4.09	726648	6645372.500
04/01/2013	4.10	4.15	4.07	4.11	430757	3968886.750
04/02/2013	4.11	4.16	4.07	4.08	805683	7413253.000
04/03/2013	4.10	4.10	4.04	4.06	491965	4472476.000
04/08/2013	3.95	3.95	3.75	3.87	2253605	19339030.000
04/09/2013	3.88	3.90	3.85	3.89	646561	5608720.500
04/10/2013	3.89	3.89	3.82	3.88	648980	5596235.500
04/11/2013	3.88	3.91	3.85	3.88	773691	6723882.500
04/12/2013	3.89	3.90	3.83	3.83	350300	3034705.000
04/15/2013	3.80	3.82	3.73	3.74	669240	5638914.500
04/16/2013	3.77	3.81	3.70	3.81	363174	3059133.000
04/17/2013	3.80	3.84	3.76	3.83	403321	3435642.250
04/18/2013	3.80	3.85	3.80	3.83	376235	3225978.750
04/19/2013	3.85	3.92	3.83	3.90	874408	7599803.500
04/22/2013	3.86	3.89	3.84	3.88	756711	6544685.500
04/23/2013	3.88	3.90	3.73	3.75	1045892	8846535.000
04/24/2013	3.74	3.82	3.74	3.80	662145	5611617.500
04/25/2013	3.82	3.82	3.75	3.78	729371	6191772.000
04/26/2013	3.80	3.80	3.64	3.67	726685	6048973.500
05/02/2013	3.67	3.70	3.66	3.70	370774	3058048.500
05/03/2013	3.70	3.80	3.70	3.75	696152	5864927.500
05/06/2013	3.80	3.82	3.76	3.81	555996	4737063.500
05/07/2013	3.80	3.83	3.77	3.80	499613	4246527.500
05/08/2013	3.82	3.87	3.80	3.86	826330	7101288.000
05/09/2013	3.86	3.89	3.84	3.88	855302	7400185.500
05/10/2013	3.87	3.92	3.85	3.92	966278	8413471.000
05/13/2013	3.92	3.92	3.87	3.92	1042343	9087921.000
05/14/2013	3.92	3.92	3.85	3.88	858193	7452511.000
05/15/2013	3.88	4.04	3.88	4.03	1645735	14580777.000
05/16/2013	4.05	4.23	4.05	4.14	4174375	38753404.000
05/17/2013	4.14	4.28	4.06	4.20	3588757	33628748.000
05/20/2013	4.21	4.23	4.16	4.22	2459070	23058420.000
05/21/2013	4.21	4.35	4.19	4.29	2721293	26102812.000
05/22/2013	4.27	4.34	4.16	4.21	2001322	18909728.000
05/23/2013	4.19	4.24	4.12	4.14	1615402	15096102.000
05/24/2013	4.12	4.23	4.12	4.20	1421571	13294205.000
05/27/2013	4.20	4.27	4.18	4.25	1506759	14278103.000
05/28/2013	4.28	4.28	4.13	4.15	1364885	12735554.000
05/29/2013	4.16	4.20	4.13	4.19	996449	9288095.000
05/30/2013	4.19	4.25	4.16	4.24	1165093	10986505.000
05/31/2013	4.24	4.25	4.18	4.18	926973	8731262.000
06/03/2013	4.18	4.27	4.16	4.24	1097361	10350986.000
06/04/2013	4.25	4.42	4.23	4.25	3682045	35602256.000
06/05/2013	4.23	4.37	4.20	4.35	2435422	23379484.000
06/06/2013	4.35	4.35	4.19	4.19	1262731	12040266.000
06/07/2013	4.16	4.24	4.05	4.05	1528107	14048935.000
06/13/2013	4.03	4.03	3.82	3.87	1042327	9067138.000
06/14/2013	3.85	3.95	3.85	3.93	757684	6639817.000
06/17/2013	3.90	3.98	3.88	3.91	659215	5803814.500
06/18/2013	3.91	3.93	3.84	3.88	726495	6301080.000
06/19/2013	3.88	3.88	3.79	3.85	706628	6048388.000
06/20/2013	3.84	3.87	3.77	3.78	419900	3589948.750
06/21/2013	3.73	3.83	3.68	3.82	451932	3811983.750
06/24/2013	3.76	3.80	3.61	3.61	651731	5395520.500
06/25/2013	3.60	3.68	3.44	3.61	797824	6378056.000
06/26/2013	3.65	3.68	3.54	3.67	663319	5369077.000
06/27/2013	3.67	3.70	3.55	3.56	635731	5184123.500
06/28/2013	3.52	3.64	3.48	3.56	363160	2898845.000
07/01/2013	3.63	3.64	3.55	3.63	335207	2695078.000
07/02/2013	3.61	3.67	3.59	3.65	511870	4174697.500
07/03/2013	3.64	3.74	3.55	3.73	1077045	8800135.000
07/04/2013	3.74	3.77	3.68	3.70	763517	6379375.500
07/05/2013	3.69	3.74	3.64	3.64	448210	3709358.750
07/08/2013	3.61	3.61	3.47	3.47	565359	4464373.000
07/09/2013	3.50	3.52	3.44	3.49	278225	2171185.500
07/10/2013	3.49	3.58	3.48	3.57	398491	3158166.000
07/11/2013	3.61	3.70	3.59	3.67	878410	7103570.500
07/12/2013	3.66	3.72	3.64	3.67	940323	7673036.000
07/15/2013	3.68	3.80	3.67	3.80	1312835	10898936.000
07/16/2013	3.80	3.87	3.76	3.83	922278	7815913.000
07/17/2013	3.81	4.19	3.74	4.00	2974088	26300314.000
07/18/2013	3.99	4.23	3.88	4.07	2792605	25052518.000
07/19/2013	4.07	4.19	3.98	3.98	2127007	19213312.000
07/22/2013	3.93	4.05	3.93	4.03	925490	8167175.000
07/23/2013	4.04	4.26	4.04	4.17	4119437	37894328.000
07/24/2013	4.15	4.25	4.13	4.18	2500688	23141946.000
07/25/2013	4.15	4.18	3.89	3.89	1793986	15967622.000
07/26/2013	3.89	3.93	3.77	3.85	1296541	11036359.000
07/29/2013	3.80	3.91	3.79	3.88	939799	8059697.500
07/30/2013	3.87	4.15	3.74	4.02	2836316	25089214.000
07/31/2013	4.04	4.15	4.01	4.11	2970086	26875280.000
08/01/2013	4.13	4.24	4.11	4.14	3280546	30163480.000
08/02/2013	4.15	4.25	4.12	4.22	3382321	31267328.000
08/05/2013	4.24	4.32	4.14	4.19	3270318	30550512.000
08/06/2013	4.20	4.34	4.14	4.33	4273716	40317032.000
08/07/2013	4.30	4.46	4.25	4.26	5123218	49528284.000
08/08/2013	4.23	4.41	4.22	4.41	3112944	29762478.000
08/09/2013	4.41	4.41	4.23	4.33	1773366	17057488.000
08/12/2013	4.34	4.38	4.19	4.25	1884015	17777004.000
08/13/2013	4.24	4.34	4.23	4.28	1333630	12653115.000
08/14/2013	4.31	4.41	4.25	4.31	1805511	17230878.000
08/15/2013	4.28	4.30	4.19	4.19	1462516	13674851.000
08/16/2013	4.17	4.24	4.06	4.06	1235516	11355546.000
08/19/2013	4.06	4.23	4.04	4.22	1237548	11421062.000
08/20/2013	4.21	4.25	4.16	4.19	745462	6932781.000
08/21/2013	4.17	4.39	4.17	4.35	1626255	15441691.000
08/22/2013	4.34	4.38	4.30	4.34	1061090	10177374.000
08/23/2013	4.35	4.41	4.21	4.21	2696227	25769102.000
08/26/2013	4.33	4.63	4.30	4.63	8117258	82351144.000
08/27/2013	4.73	4.83	4.47	4.58	12999828	131926440.000
08/28/2013	4.51	4.51	4.39	4.40	5370337	52813584.000
08/29/2013	4.35	4.49	4.35	4.48	3014825	29569964.000
08/30/2013	4.48	4.48	4.24	4.31	3464290	33472800.000
09/02/2013	4.29	4.40	4.25	4.39	1390558	13328105.000
09/03/2013	4.35	4.42	4.30	4.40	1323485	12750146.000
09/04/2013	4.40	4.40	4.30	4.33	1185881	11370322.000
09/05/2013	4.31	4.40	4.28	4.38	3185402	30704646.000
09/06/2013	4.46	4.52	4.36	4.43	2976259	29108642.000
09/09/2013	4.42	4.67	4.35	4.67	7046690	70807408.000
09/10/2013	4.95	4.95	4.47	4.51	9129373	92003240.000
09/11/2013	4.48	4.48	4.24	4.25	4870892	46698360.000
09/12/2013	4.25	4.31	4.24	4.24	1608730	15171629.000
09/13/2013	4.25	4.28	4.21	4.28	1197797	11273815.000
09/16/2013	4.28	4.29	4.25	4.26	1255828	11848771.000
09/17/2013	4.26	4.27	4.17	4.17	975536	9120582.000
09/18/2013	4.20	4.22	4.17	4.20	1017835	9426253.000
09/23/2013	4.21	4.30	4.20	4.30	1363810	12850760.000
09/24/2013	4.30	4.30	4.24	4.26	1268933	11970257.000
09/25/2013	4.29	4.35	4.25	4.29	2341192	22310162.000
09/26/2013	4.28	4.40	4.28	4.35	2086140	20077760.000
09/27/2013	4.33	4.38	4.32	4.36	1320733	12700616.000
09/30/2013	4.38	4.43	4.34	4.39	1405750	13614045.000
10/08/2013	4.38	4.41	4.34	4.40	1313474	12728463.000
10/09/2013	4.40	4.51	4.38	4.49	2107394	20807870.000
10/10/2013	4.47	4.50	4.38	4.40	1640869	16106768.000
10/11/2013	4.40	4.45	4.35	4.40	1501430	14610989.000
10/14/2013	4.40	4.47	4.38	4.45	1699988	16617350.000
10/15/2013	4.41	4.42	4.32	4.35	2577544	24851294.000
10/16/2013	4.35	4.37	4.23	4.30	1967248	18634132.000
10/17/2013	4.30	4.46	4.30	4.44	2389775	23223620.000
10/18/2013	4.44	4.44	4.36	4.40	1076847	10455658.000
10/21/2013	4.40	4.48	4.36	4.47	2090730	20584546.000
10/22/2013	4.48	4.64	4.45	4.51	3306107	33261348.000
10/23/2013	4.51	4.51	4.25	4.29	2747941	26427944.000
10/24/2013	4.26	4.30	4.23	4.25	761351	7189037.500
10/25/2013	4.25	4.30	4.10	4.13	1266921	11734565.000
10/28/2013	4.16	4.19	4.13	4.17	541160	4976907.000
10/29/2013	4.17	4.20	3.94	4.03	1264289	11416231.000
10/30/2013	4.01	4.07	4.00	4.06	682652	6104054.500
10/31/2013	4.06	4.10	4.01	4.07	765572	6880062.000
11/01/2013	4.03	4.07	3.97	4.02	644547	5740282.000
11/04/2013	4.02	4.08	4.00	4.07	519804	4656490.000
11/05/2013	4.07	4.10	4.01	4.10	600617	5406640.000
11/06/2013	4.10	4.15	4.08	4.10	673995	6146609.500
11/07/2013	4.08	4.09	3.98	4.00	852731	7611881.500
11/08/2013	4.00	4.02	3.93	3.96	711041	6228185.500
11/11/2013	3.97	4.03	3.95	4.01	537669	4752587.000
11/12/2013	4.02	4.13	4.02	4.13	847479	7663486.500
11/13/2013	4.11	4.15	4.08	4.11	780483	7104936.500
11/14/2013	4.11	4.36	4.08	4.34	2339708	22018060.000
11/15/2013	4.30	4.40	4.30	4.36	1860394	17935736.000
11/18/2013	4.37	4.45	4.34	4.40	1905180	18520716.000
11/19/2013	4.40	4.44	4.35	4.39	1226586	11942146.000
11/20/2013	4.38	4.71	4.37	4.56	5221825	53069828.000
11/21/2013	4.52	4.59	4.47	4.53	2007123	20017572.000
11/22/2013	4.55	4.57	4.48	4.50	1481233	14787563.000
11/25/2013	4.50	4.63	4.49	4.52	1678484	16913380.000
11/26/2013	4.51	4.63	4.51	4.55	1901991	19168510.000
11/27/2013	4.56	4.81	4.55	4.70	4150140	43241956.000
11/28/2013	4.70	4.81	4.63	4.73	3409976	35581720.000
11/29/2013	4.70	5.21	4.66	5.21	5362946	59693756.000
12/02/2013	5.06	5.73	5.00	5.44	20269623	246553696.000
12/03/2013	5.21	5.90	4.89	5.86	16930731	201792256.000
12/04/2013	5.62	6.15	5.58	5.92	17333513	224273008.000
12/05/2013	5.76	5.89	5.33	5.35	11584314	143464304.000
12/06/2013	5.33	5.61	5.26	5.48	9309583	112585720.000
12/09/2013	5.47	5.51	5.32	5.34	7083228	84714736.000
12/10/2013	5.32	5.40	5.11	5.21	7046097	81131680.000
12/11/2013	5.20	5.30	5.14	5.19	4641981	53336852.000
12/12/2013	5.20	5.33	5.16	5.20	4896937	56679328.000
12/13/2013	5.11	5.27	5.04	5.21	4237581	48357364.000
12/16/2013	5.18	5.32	5.17	5.18	3548197	41016164.000
12/17/2013	5.17	5.20	4.97	4.98	3863217	42958844.000
12/18/2013	5.04	5.06	4.92	4.93	2221755	24499336.000
12/19/2013	4.96	5.10	4.94	4.99	3319079	36809092.000
12/20/2013	5.02	5.08	4.93	4.98	1940498	21461388.000
12/23/2013	4.97	5.01	4.69	4.80	3056404	32429772.000
12/24/2013	4.80	5.00	4.75	4.91	3226668	34971292.000
12/25/2013	4.92	5.17	4.90	5.14	4932663	55410492.000
12/26/2013	5.12	5.26	5.05	5.07	5096831	58138808.000
12/27/2013	5.07	5.31	5.03	5.29	4920222	56589964.000
12/30/2013	5.34	5.52	5.23	5.44	5543582	65926028.000
12/31/2013	5.34	5.47	5.10	5.25	3946209	45769508.000
01/02/2014	5.21	5.43	5.20	5.43	3443497	40621684.000
01/03/2014	5.45	5.47	5.30	5.33	2592906	30701548.000
01/06/2014	5.33	5.36	4.89	4.93	3029436	34013244.000
01/07/2014	4.75	5.01	4.75	4.93	2458643	26649510.000
01/08/2014	4.98	5.11	4.97	5.02	2299425	25610250.000
01/09/2014	5.00	5.06	4.87	4.90	2106668	23193548.000
01/10/2014	4.87	4.99	4.83	4.84	1357656	14675172.000
01/13/2014	4.84	4.93	4.82	4.90	1462357	15774665.000
01/14/2014	4.92	5.10	4.87	5.10	2489921	27617304.000
01/15/2014	5.05	5.20	5.03	5.16	2759528	31215672.000
01/16/2014	5.16	5.35	5.14	5.26	3183595	36780784.000
01/17/2014	5.27	5.34	5.16	5.23	2356713	27178702.000
01/20/2014	5.23	5.25	4.99	5.03	2193720	24809850.000
01/21/2014	5.02	5.42	5.02	5.38	3770829	43777528.000
01/22/2014	5.36	5.60	5.35	5.50	5119780	62165612.000
01/23/2014	5.52	5.74	5.46	5.65	4585100	56964844.000
01/24/2014	5.62	5.70	5.60	5.62	3368722	41995520.000
01/27/2014	5.55	5.88	5.55	5.84	5352228	68201264.000
01/28/2014	5.87	5.90	5.67	5.72	3467823	44105464.000
01/29/2014	5.72	5.91	5.67	5.87	3039551	38902080.000
01/30/2014	5.89	6.10	5.82	5.95	2778384	36641756.000
02/07/2014	5.92	6.04	5.87	5.99	2277769	30045690.000
02/10/2014	5.97	6.06	5.83	5.98	4838006	63463688.000
02/11/2014	5.97	6.05	5.87	5.97	3870286	50793392.000
02/12/2014	5.94	6.57	5.91	6.57	7778443	109273272.000
02/13/2014	6.56	6.69	6.44	6.49	5253027	76098256.000
02/14/2014	6.33	7.00	6.29	6.98	7202639	106896480.000
02/17/2014	6.86	7.24	6.82	7.17	7875057	123477696.000
02/18/2014	7.20	7.62	7.07	7.20	10036827	161983056.000
02/19/2014	7.16	7.25	6.66	7.02	6299803	97279280.000
02/20/2014	6.96	7.07	6.70	6.93	3753655	57209624.000
02/21/2014	6.92	7.41	6.80	7.20	5076865	79452520.000
02/24/2014	7.24	7.57	7.02	7.39	4143739	67178344.000
02/25/2014	7.45	7.55	6.65	6.94	5080756	81324112.000
02/26/2014	6.85	7.13	6.80	7.01	3258859	50075524.000
02/27/2014	7.02	7.56	6.80	6.86	2913067	45420284.000
02/28/2014	6.80	6.98	6.74	6.93	3044250	46055020.000
03/03/2014	6.97	7.62	6.97	7.62	4073871	66948108.000
03/04/2014	7.65	7.65	7.33	7.50	2326988	38346388.000
03/05/2014	7.61	7.61	6.97	7.07	4945417	78119368.000
03/06/2014	7.10	7.24	6.85	7.19	1916931	29857000.000
03/07/2014	7.10	7.19	6.93	7.03	1766417	27514640.000
03/10/2014	6.95	7.04	6.76	6.92	2356362	35708080.000
03/11/2014	6.94	7.17	6.82	7.11	1994676	30692900.000
03/12/2014	7.15	7.25	6.89	7.07	1525970	23740326.000
03/13/2014	7.08	7.34	7.02	7.23	3925949	62432076.000
03/14/2014	7.16	7.23	7.03	7.20	2619973	41167492.000
03/17/2014	7.16	7.29	7.06	7.25	2039438	32415208.000
03/18/2014	7.25	7.49	7.16	7.47	3489694	56554108.000
03/19/2014	7.43	8.14	7.35	8.07	7026213	120608280.000
03/20/2014	7.95	8.07	7.70	7.70	4315051	74461952.000
03/21/2014	7.65	7.83	7.42	7.76	3144154	52837092.000
03/24/2014	7.70	7.70	7.52	7.63	1439116	24143626.000
03/25/2014	7.55	7.88	7.52	7.75	3427018	58565928.000
03/26/2014	7.66	7.87	7.66	7.84	2698669	46211032.000
03/27/2014	7.85	8.01	7.71	7.72	2786891	48494440.000
03/28/2014	7.66	7.72	6.95	6.99	5359339	85529224.000
03/31/2014	7.16	7.27	6.89	7.20	2899237	45639540.000
04/01/2014	7.20	7.61	7.14	7.58	3158636	51814972.000
04/02/2014	7.61	7.75	7.39	7.66	3358016	56284244.000
04/03/2014	7.68	7.93	7.52	7.74	4569824	77975536.000
04/04/2014	7.76	7.83	7.64	7.82	3054057	52267964.000
04/08/2014	7.82	7.93	7.70	7.88	2726774	47275248.000
04/09/2014	7.93	8.11	7.58	7.84	2814469	48578920.000
04/10/2014	7.74	8.00	7.62	7.91	3400927	58956788.000
04/11/2014	7.97	7.97	7.72	7.85	1396482	24007234.000
04/14/2014	7.90	8.04	7.77	7.99	2295238	40316040.000
04/15/2014	8.04	8.17	7.95	8.03	3648740	64726048.000
04/16/2014	8.00	8.10	7.86	8.02	2391752	42202148.000
04/17/2014	8.04	8.30	8.00	8.05	3545303	63422184.000
04/18/2014	8.07	8.07	7.84	7.95	1574980	27467116.000
04/21/2014	7.93	8.00	7.75	7.89	784785	13676413.000
04/22/2014	7.84	8.07	7.57	7.89	2549197	43935216.000
04/23/2014	7.88	7.95	7.71	7.71	912941	15785223.000
04/24/2014	7.79	7.79	7.58	7.67	1028666	17405562.000
04/25/2014	7.66	7.73	7.40	7.41	1370687	22711588.000
04/28/2014	7.32	7.46	7.20	7.34	1274774	20552742.000
04/29/2014	7.29	7.48	7.25	7.39	1422186	23068060.000
04/30/2014	7.39	7.50	7.30	7.44	1179202	19268308.000
05/05/2014	7.48	7.55	7.40	7.47	1114067	18363426.000
05/06/2014	7.48	7.54	7.40	7.53	1247529	20623708.000
05/07/2014	7.52	7.60	7.44	7.51	971574	16114253.000
05/08/2014	7.52	7.70	7.45	7.70	1828461	30628220.000
05/09/2014	7.73	7.89	7.59	7.79	2139709	36757660.000
05/12/2014	7.80	7.91	7.70	7.84	1784109	30840630.000
05/13/2014	7.85	8.00	7.75	7.95	2107374	36854400.000
05/14/2014	7.95	7.98	7.84	7.93	837124	14595523.000
05/15/2014	7.95	7.95	7.64	7.77	1364718	23430188.000
05/16/2014	7.77	7.80	7.61	7.73	779438	13203808.000
05/19/2014	7.73	7.87	7.62	7.72	978500	16700695.000
05/20/2014	7.71	7.78	7.66	7.76	389712	6647607.500
05/21/2014	7.79	7.88	7.70	7.88	1737935	29964360.000
05/22/2014	7.91	8.30	7.74	7.88	3622678	63668104.000
05/23/2014	7.84	7.97	7.69	7.84	1172646	20249126.000
05/26/2014	7.85	7.88	7.76	7.84	589535	10141146.000
05/27/2014	7.86	7.89	7.75	7.83	1215172	20979398.000
05/28/2014	7.84	7.86	7.73	7.80	1437994	24745042.000
05/29/2014	7.81	7.89	7.56	7.65	1858602	31532190.000
05/30/2014	7.65	7.70	7.50	7.65	1418674	23748076.000
06/03/2014	7.68	7.76	7.54	7.66	1144405	19345044.000
06/04/2014	7.56	7.67	7.53	7.65	638186	10700962.000
06/05/2014	7.64	7.67	7.60	7.65	420151	7083417.000
06/06/2014	7.64	7.64	7.54	7.55	414328	6926168.500
06/09/2014	7.55	7.60	7.39	7.56	1036671	17085932.000
06/10/2014	7.56	7.64	7.28	7.41	1084930	17766204.000
06/11/2014	7.41	7.57	7.16	7.45	2570109	41937636.000
06/12/2014	7.45	7.51	7.25	7.34	1386923	22515864.000
06/13/2014	7.33	7.51	7.29	7.47	1587990	25848002.000
06/16/2014	7.45	7.52	7.29	7.33	1159350	18837584.000
06/17/2014	7.30	7.32	7.14	7.25	1237527	19733746.000
06/18/2014	7.17	7.25	7.11	7.20	1031101	16336213.000
07/16/2014	6.73	7.48	6.73	7.45	3188647	50267828.000
07/17/2014	7.36	7.44	7.26	7.43	1416945	22900794.000
07/18/2014	7.45	7.66	7.43	7.66	1796367	29966488.000
07/21/2014	7.73	8.04	7.61	7.77	8963199	153431248.000
07/22/2014	7.64	7.82	7.39	7.66	4326692	72217048.000
07/23/2014	7.64	7.72	7.14	7.22	3696642	60277460.000
07/24/2014	7.14	7.39	6.87	7.26	2683670	42049420.000
07/25/2014	7.27	7.31	7.12	7.18	1260069	19890180.000
07/28/2014	7.18	7.36	7.14	7.30	1855059	29505424.000
07/29/2014	7.28	7.54	7.25	7.45	3768851	61430104.000
07/30/2014	7.44	7.58	7.37	7.48	2882960	47275536.000
07/31/2014	7.50	7.52	7.40	7.47	3115448	51038144.000
08/01/2014	7.45	7.62	7.38	7.43	2765812	45362644.000
08/04/2014	7.48	7.51	7.39	7.40	2700550	44150244.000
08/05/2014	7.41	7.41	7.27	7.33	1983271	31979606.000
08/06/2014	7.35	7.42	7.29	7.34	2144925	34708212.000
08/07/2014	7.37	7.41	7.30	7.34	2896355	46855268.000
08/08/2014	7.34	7.38	7.31	7.34	1758218	28398212.000
08/11/2014	7.36	7.51	7.35	7.50	2849753	46617888.000
08/12/2014	7.52	7.90	7.51	7.73	3785481	64001632.000
08/13/2014	7.71	7.85	7.69	7.79	3511140	60002476.000
08/14/2014	7.80	7.85	7.72	7.73	1781269	30497936.000
08/15/2014	7.73	7.99	7.70	7.90	2937795	50903608.000
08/18/2014	7.95	8.13	7.90	8.13	2904344	51217432.000
08/19/2014	8.14	8.43	8.04	8.15	4593083	83087336.000
08/20/2014	8.14	8.32	8.05	8.26	2135993	38698028.000
08/21/2014	8.27	8.61	8.23	8.54	3359240	62394916.000
08/22/2014	8.55	8.62	8.45	8.56	2411271	45247756.000
08/25/2014	8.72	9.09	8.35	8.36	5863921	112537600.000
08/26/2014	8.28	8.49	8.18	8.32	3410155	62548068.000
08/27/2014	8.36	8.45	8.27	8.32	2820234	51928464.000
08/28/2014	8.32	8.55	8.31	8.39	1857420	34454020.000
08/29/2014	8.40	8.52	8.35	8.50	1423161	26392872.000
09/01/2014	8.59	8.67	8.48	8.64	2005744	37969396.000
09/02/2014	8.65	8.93	8.65	8.87	4458998	86631504.000
09/03/2014	8.91	9.15	8.74	8.76	7181370	140539056.000
09/04/2014	8.75	9.00	8.70	8.98	4974098	97102232.000
09/05/2014	9.03	9.45	8.91	9.32	5428499	109427192.000
09/09/2014	9.32	9.91	9.32	9.77	4827514	101937736.000
09/10/2014	9.64	9.75	9.55	9.73	3285053	69783088.000
09/11/2014	9.75	9.79	9.32	9.48	3706946	78186728.000
09/12/2014	9.41	9.90	9.40	9.82	3219242	68408120.000
09/15/2014	9.98	10.80	9.93	10.80	8752162	202016304.000
09/16/2014	10.82	11.25	10.58	10.69	10381434	249131664.000
09/17/2014	10.66	10.86	10.23	10.66	6375713	147786976.000
09/18/2014	10.78	10.85	9.95	10.13	8981412	201618192.000
09/19/2014	10.10	10.20	9.61	9.94	13200266	129892384.000
09/22/2014	9.70	9.85	9.58	9.67	9387600	91001008.000
09/23/2014	9.60	9.72	9.44	9.63	9096758	87157264.000
09/24/2014	9.50	9.81	9.44	9.68	10611400	102398024.000
09/25/2014	9.73	10.65	9.68	10.64	23163401	238266768.000
09/26/2014	10.50	10.63	10.22	10.36	12707236	131598024.000
09/29/2014	10.36	10.78	10.25	10.64	13457899	142049520.000
09/30/2014	10.65	10.73	10.40	10.59	7715093	81463464.000
10/08/2014	10.52	10.64	10.36	10.56	7992924	83770392.000
10/09/2014	10.57	11.04	10.44	10.83	11697876	125067456.000
10/10/2014	10.68	11.33	10.63	11.21	13774000	152621520.000
10/13/2014	11.10	11.10	10.52	10.79	10236100	109862184.000
10/14/2014	10.69	10.79	10.50	10.65	6326063	67334648.000
10/15/2014	10.60	10.70	10.40	10.54	5099897	53650380.000
10/16/2014	10.44	10.53	10.20	10.23	6332656	65762180.000
10/17/2014	10.16	10.23	9.50	9.99	8142996	80541512.000
10/20/2014	9.95	10.34	9.93	10.25	4054380	41185236.000
10/21/2014	10.27	10.27	9.94	9.96	3990840	40135124.000
10/22/2014	10.09	10.09	9.68	9.71	3416341	33711052.000
10/23/2014	9.60	9.80	9.51	9.59	3607276	34624616.000
10/24/2014	9.59	9.69	9.45	9.49	3384605	32354712.000
10/27/2014	9.50	9.57	9.37	9.49	3105500	29393034.000
10/28/2014	9.55	9.90	9.49	9.87	4390053	42786396.000
10/29/2014	9.90	10.15	9.88	9.96	6370607	63824184.000
10/30/2014	9.90	9.94	9.68	9.73	7135191	69989904.000
10/31/2014	9.68	9.77	9.47	9.58	4997462	47849052.000
数据来源:通达信
