300076 GQY视讯 日线
      日期	    开盘	    最高	    最低	    收盘	    成交量	    成交额
10/08/2010	13.73	14.10	13.62	14.01	1689972	47857952.000
10/11/2010	14.03	14.03	13.65	13.79	2059734	57500164.000
10/12/2010	13.80	15.13	13.80	14.45	3103417	91258448.000
10/13/2010	14.35	14.66	14.05	14.60	1790007	52162564.000
10/14/2010	14.60	14.72	13.96	13.99	1785404	51783768.000
10/15/2010	13.84	13.84	13.45	13.51	1581996	43693272.000
10/18/2010	13.37	13.74	13.37	13.68	1189386	32768422.000
10/19/2010	13.73	14.98	13.64	14.78	3122075	92190536.000
10/20/2010	14.45	15.25	14.31	14.63	2954367	88528096.000
10/21/2010	14.59	14.59	14.07	14.27	1820198	52620116.000
10/22/2010	14.23	14.78	14.20	14.48	1587070	46869612.000
10/25/2010	14.68	14.95	14.46	14.81	1889402	56573752.000
10/26/2010	14.82	14.95	14.41	14.54	1694681	49988392.000
10/27/2010	14.60	14.86	14.36	14.51	1273149	37711656.000
10/28/2010	14.25	14.25	13.80	13.90	2715497	76586376.000
10/29/2010	13.90	14.17	13.81	14.10	2102276	59849040.000
11/01/2010	14.18	14.76	14.01	14.62	2916518	85410128.000
11/02/2010	14.62	14.64	14.19	14.22	2359280	68491448.000
11/03/2010	14.05	14.14	13.81	13.82	1442307	40719192.000
11/04/2010	13.82	14.02	13.82	13.97	910123	25729934.000
11/05/2010	13.98	14.14	13.90	14.11	1268884	36074392.000
11/09/2010	15.54	15.54	14.66	14.90	4609359	140485200.000
11/10/2010	14.81	15.30	14.67	15.13	3117913	95063680.000
11/11/2010	14.95	15.52	14.85	14.91	2931049	90400584.000
11/12/2010	14.98	15.80	14.92	15.15	4649904	144600416.000
11/15/2010	15.35	16.69	15.05	16.69	6693052	217228912.000
11/16/2010	16.70	17.00	15.53	15.82	5996512	198567840.000
11/17/2010	15.89	15.89	14.71	14.81	2472051	76428544.000
11/18/2010	14.74	15.35	14.74	15.33	2202766	67429784.000
11/19/2010	15.40	15.65	15.06	15.64	2638776	82212608.000
11/22/2010	15.51	16.25	15.38	15.94	2914538	93687592.000
11/23/2010	15.57	15.79	14.81	15.24	2400524	73943784.000
11/24/2010	15.20	15.55	14.90	15.52	1691281	52712120.000
11/25/2010	15.69	15.69	15.15	15.16	2044153	63308840.000
11/26/2010	15.22	15.60	15.05	15.55	2280267	71145328.000
11/30/2010	15.75	16.04	15.02	15.50	3128686	99159984.000
12/01/2010	15.50	15.63	15.05	15.14	1291027	39752632.000
12/02/2010	15.25	15.40	15.13	15.18	1024854	31615220.000
12/03/2010	15.05	15.20	14.48	14.58	1555431	46526032.000
12/06/2010	14.58	14.73	14.00	14.15	1281707	36983876.000
12/07/2010	14.16	14.30	13.82	14.28	875006	25108644.000
12/08/2010	14.19	14.33	14.05	14.15	774057	22276348.000
12/09/2010	14.06	14.07	13.84	13.85	767145	21657442.000
12/10/2010	13.84	14.03	13.55	14.00	700811	19719802.000
12/13/2010	14.00	14.57	14.00	14.51	1216628	35516764.000
12/14/2010	14.50	14.75	14.40	14.65	1028194	30495824.000
12/15/2010	14.65	14.65	14.42	14.48	801378	23604582.000
12/16/2010	14.48	15.73	14.42	15.28	2519868	77838520.000
12/17/2010	15.15	15.50	15.05	15.36	1419455	44117080.000
12/20/2010	15.49	15.50	14.30	14.75	1681476	50868412.000
12/21/2010	14.70	15.10	14.69	14.93	802115	24284122.000
12/22/2010	14.93	15.00	14.66	14.72	816578	24390808.000
12/23/2010	14.67	14.67	14.21	14.26	1138375	33175636.000
12/24/2010	14.25	14.26	13.81	13.93	751503	21261364.000
12/27/2010	13.93	14.08	13.55	13.56	1046931	29296512.000
12/28/2010	13.56	13.63	13.01	13.13	715034	19287126.000
12/29/2010	13.45	13.45	13.18	13.36	385934	10410886.000
12/30/2010	13.36	13.45	13.26	13.35	400607	10855558.000
12/31/2010	13.38	13.69	13.31	13.65	571773	15688600.000
01/04/2011	13.69	13.90	13.55	13.80	652945	18190404.000
01/05/2011	13.80	13.87	13.66	13.71	489085	13632302.000
01/06/2011	13.60	13.79	13.36	13.40	675425	18484242.000
01/07/2011	13.48	13.53	13.30	13.40	396486	10800084.000
01/10/2011	13.36	13.38	13.13	13.16	480753	12922636.000
01/11/2011	13.19	13.19	12.92	13.02	444749	11761608.000
01/12/2011	13.01	13.29	13.01	13.22	346837	9261482.000
01/13/2011	13.25	13.30	13.11	13.14	321000	8576688.000
01/14/2011	13.13	13.13	12.80	12.82	467980	12223925.000
01/17/2011	12.80	12.80	12.14	12.14	581485	14600591.000
01/18/2011	12.10	12.29	11.92	12.17	323498	7944156.500
01/19/2011	12.09	12.39	12.09	12.31	302301	7538967.000
01/20/2011	12.35	12.35	11.75	11.75	467788	11413109.000
01/21/2011	11.70	11.80	11.61	11.74	360918	8605231.000
01/24/2011	11.75	11.81	11.30	11.34	369109	8672132.000
01/25/2011	11.30	11.30	10.96	11.05	521549	11761657.000
01/26/2011	11.05	11.50	10.99	11.43	435857	10009331.000
01/27/2011	11.34	11.61	11.19	11.44	529770	12295812.000
01/28/2011	11.44	11.69	11.42	11.57	512756	12105734.000
01/31/2011	11.57	11.85	11.53	11.75	405639	9683058.000
02/01/2011	11.84	11.90	11.70	11.76	396169	9499435.000
02/09/2011	11.60	12.08	11.54	11.55	322394	7690159.500
02/10/2011	11.50	11.95	11.45	11.93	496014	11918516.000
02/11/2011	12.00	12.14	11.83	12.06	628578	15334989.000
02/14/2011	12.05	12.30	12.05	12.24	715630	17750220.000
02/15/2011	12.26	12.35	12.20	12.24	680695	16950810.000
02/16/2011	12.23	12.53	12.20	12.52	718763	18118832.000
02/17/2011	12.52	12.79	12.41	12.58	944689	24182472.000
02/18/2011	12.59	12.70	12.26	12.35	762024	19300782.000
02/21/2011	12.24	12.39	12.10	12.39	719030	17989024.000
02/22/2011	12.39	12.55	12.05	12.05	595925	14820495.000
02/23/2011	11.96	12.20	11.96	12.08	501252	12322120.000
02/24/2011	12.15	12.18	11.98	12.16	418823	10319732.000
02/25/2011	12.16	12.40	12.13	12.38	626816	15627887.000
02/28/2011	12.43	12.68	12.30	12.66	1103180	27984838.000
03/01/2011	12.75	13.10	12.60	12.71	1648616	42997044.000
03/02/2011	12.84	12.85	12.40	12.61	802363	20518068.000
03/03/2011	12.55	12.68	12.30	12.34	706179	17843888.000
03/04/2011	12.35	12.40	12.23	12.37	396664	9930731.000
03/07/2011	12.45	12.55	12.38	12.54	602680	15235682.000
03/08/2011	12.58	12.65	12.41	12.57	529284	13505637.000
03/09/2011	12.61	12.78	12.57	12.61	628528	16154282.000
03/10/2011	12.61	12.74	12.48	12.60	694612	17840964.000
03/11/2011	12.63	12.90	12.49	12.80	1171648	30261158.000
03/14/2011	12.78	13.27	12.70	13.22	1819224	48383012.000
03/15/2011	13.12	13.98	13.08	13.53	2706347	74310880.000
03/16/2011	13.51	13.85	13.25	13.34	1633561	44558648.000
03/17/2011	13.30	13.30	12.80	12.85	1061665	27901638.000
03/18/2011	12.88	13.05	12.78	12.90	566024	14784172.000
03/21/2011	12.86	12.86	12.67	12.70	474451	12292180.000
03/22/2011	12.70	12.94	12.70	12.76	393808	10250220.000
03/23/2011	12.76	12.89	12.71	12.82	436513	11335174.000
03/24/2011	12.85	12.85	12.72	12.72	403706	10471106.000
03/25/2011	12.72	12.72	12.64	12.67	582462	14988180.000
03/28/2011	12.67	12.83	12.35	12.38	721744	18354476.000
03/29/2011	12.37	12.37	11.81	11.86	918833	22393676.000
03/30/2011	11.83	11.90	11.74	11.85	402475	9682565.000
03/31/2011	11.97	12.13	11.86	11.97	469617	11460428.000
04/01/2011	11.97	12.04	11.81	11.99	237914	5770799.000
04/06/2011	12.00	12.05	11.70	11.77	349688	8388113.000
04/07/2011	11.77	11.90	11.70	11.84	305642	7321585.500
04/08/2011	11.86	12.09	11.85	12.06	354125	8627716.000
04/11/2011	12.10	12.22	11.86	11.89	412081	10022956.000
04/12/2011	11.88	11.89	11.78	11.80	282961	6801979.500
04/13/2011	11.77	12.04	11.71	12.01	334049	8114618.500
04/14/2011	11.96	12.07	11.87	11.88	238211	5797159.500
04/15/2011	11.97	11.98	11.76	11.95	323953	7818859.500
04/18/2011	11.95	11.96	11.82	11.93	311674	7528032.500
04/19/2011	11.92	11.98	11.80	11.86	333378	8037211.000
04/20/2011	11.86	11.95	11.85	11.95	272789	6602601.500
04/21/2011	12.05	12.24	11.88	12.22	758567	18641282.000
04/22/2011	12.03	12.23	12.03	12.15	397957	9808302.000
04/25/2011	12.21	12.25	11.76	11.80	375229	9060509.000
04/26/2011	11.70	11.80	11.15	11.34	486310	11230872.000
04/27/2011	11.34	11.35	10.99	11.10	390249	8857667.000
04/28/2011	10.65	10.65	9.97	9.97	673955	13782417.000
04/29/2011	9.33	9.93	8.97	9.81	1614051	30871532.000
05/03/2011	9.60	9.60	9.13	9.30	1586927	30157092.000
05/04/2011	9.24	9.24	9.00	9.03	594351	11064268.000
05/05/2011	8.96	9.22	8.96	9.16	418516	7819990.000
05/06/2011	9.18	9.20	9.01	9.11	376968	7014958.500
05/09/2011	9.18	9.43	9.12	9.32	524590	9978814.000
05/10/2011	9.38	9.38	9.19	9.28	356218	6723622.000
05/11/2011	9.28	9.55	9.18	9.50	672413	12851199.000
05/12/2011	9.45	9.45	9.20	9.33	609180	11624423.000
05/13/2011	9.30	9.30	8.93	9.14	1058359	19571992.000
05/16/2011	9.09	9.14	8.86	8.90	910424	16654130.000
05/17/2011	8.95	8.95	8.65	8.71	708455	12680210.000
05/18/2011	8.71	8.75	8.50	8.61	1072696	18850408.000
05/19/2011	8.58	8.64	8.54	8.55	546752	9607218.000
05/20/2011	8.53	8.57	8.42	8.43	404770	7027383.500
05/24/2011	8.00	8.66	7.63	8.46	1540263	25770736.000
05/25/2011	8.30	8.37	8.02	8.04	749008	12525694.000
05/26/2011	7.90	8.18	7.90	7.94	341838	5621159.000
05/27/2011	8.00	8.00	7.48	7.48	1230782	19569106.000
05/30/2011	7.51	7.71	7.30	7.30	2574791	39783700.000
05/31/2011	7.38	8.05	7.36	8.05	2436221	38541752.000
06/01/2011	8.11	8.39	7.90	8.22	4259738	71493416.000
06/02/2011	8.05	8.10	7.73	7.91	2110527	34276380.000
06/03/2011	7.95	8.10	7.87	8.07	1083656	17813314.000
06/07/2011	8.01	8.19	7.92	7.98	980464	16116120.000
06/08/2011	7.94	7.95	7.68	7.81	1167354	18700602.000
06/09/2011	7.81	8.00	7.69	7.74	821480	13173778.000
06/10/2011	7.71	7.90	7.51	7.70	962622	15147084.000
06/13/2011	7.62	7.85	7.45	7.79	1068483	16877956.000
06/14/2011	7.67	7.88	7.66	7.83	954312	15234361.000
06/15/2011	7.76	7.89	7.71	7.74	648906	10368956.000
06/16/2011	7.70	7.84	7.63	7.75	914975	14573780.000
06/17/2011	7.77	7.77	7.40	7.45	731858	11405758.000
06/20/2011	7.46	7.77	7.34	7.49	923696	14160317.000
06/21/2011	7.58	8.04	7.58	7.80	1648759	26388376.000
06/22/2011	7.75	7.90	7.60	7.70	817597	12923770.000
06/23/2011	7.65	8.05	7.40	7.95	1962622	31658344.000
06/24/2011	7.95	8.19	7.84	8.19	1966584	32522728.000
06/27/2011	8.22	8.40	8.16	8.29	1961954	33220048.000
06/28/2011	8.29	8.30	8.08	8.21	1296788	21709532.000
06/29/2011	8.20	8.26	7.99	8.00	1258966	20887006.000
06/30/2011	8.04	8.13	7.96	8.03	1097219	18104448.000
07/01/2011	8.05	8.26	8.03	8.14	1154159	19300872.000
07/04/2011	8.18	8.38	8.14	8.35	1623279	27405330.000
07/05/2011	8.37	8.53	8.31	8.42	1434879	24726156.000
07/06/2011	8.42	8.47	8.25	8.43	1298297	22197444.000
07/07/2011	8.41	8.60	8.32	8.43	2015152	34941984.000
07/08/2011	8.32	8.43	8.25	8.32	1297461	22121184.000
07/11/2011	8.30	8.40	8.23	8.39	703673	12035117.000
07/12/2011	8.30	8.35	8.10	8.13	1307454	21919234.000
07/13/2011	8.08	8.27	8.07	8.27	777508	13087200.000
07/14/2011	8.28	8.58	8.22	8.56	2027673	35036392.000
07/15/2011	8.56	8.88	8.47	8.84	3416006	61194564.000
07/18/2011	8.98	8.99	8.63	8.72	1741087	31415126.000
07/19/2011	8.70	8.70	8.47	8.52	1089945	19057752.000
07/20/2011	8.60	8.66	8.47	8.58	888959	15574287.000
07/21/2011	8.56	8.61	8.49	8.50	817153	14285870.000
07/22/2011	8.54	8.61	8.48	8.49	667663	11640665.000
07/25/2011	8.49	8.49	7.95	8.04	1259411	21152624.000
07/26/2011	8.01	8.05	7.81	7.93	700249	11359410.000
07/27/2011	7.92	8.04	7.84	8.00	589670	9615205.000
07/28/2011	7.90	7.95	7.81	7.92	471552	7617029.000
07/29/2011	7.95	8.00	7.85	7.99	701468	11400882.000
08/01/2011	7.89	8.28	7.86	8.20	916404	15298113.000
08/02/2011	8.18	8.18	7.90	8.13	584023	9660909.000
08/03/2011	8.06	8.77	8.03	8.40	2198917	38246988.000
08/04/2011	8.31	8.60	8.30	8.49	1646829	28502720.000
08/05/2011	8.27	8.34	8.10	8.15	1111285	18701836.000
08/08/2011	7.92	8.05	7.45	7.51	1484587	23457008.000
08/09/2011	7.23	7.42	7.06	7.32	1122370	16739663.000
08/10/2011	7.42	7.58	7.38	7.42	739010	11317694.000
08/11/2011	7.24	7.54	7.11	7.51	721794	11001375.000
08/12/2011	7.64	7.79	7.59	7.74	992590	15698586.000
08/15/2011	7.76	7.93	7.71	7.88	839393	13492809.000
08/16/2011	7.91	7.91	7.76	7.83	573592	9216850.000
08/17/2011	7.81	8.03	7.74	7.97	980150	15833149.000
08/18/2011	7.97	8.00	7.69	7.78	800292	12869381.000
08/19/2011	7.48	7.69	7.48	7.67	521033	8134121.000
08/22/2011	7.61	8.08	7.61	7.86	1088382	17691836.000
08/23/2011	7.90	8.17	7.86	8.12	1874586	30937186.000
08/24/2011	8.15	8.26	8.08	8.17	1446574	24239782.000
08/25/2011	8.17	8.29	8.11	8.25	1432005	24103120.000
08/26/2011	8.20	8.43	8.15	8.19	2426700	40946860.000
08/29/2011	8.18	8.37	8.11	8.29	1347717	22866338.000
08/30/2011	8.29	8.39	8.16	8.17	1315167	22285448.000
08/31/2011	8.19	8.29	8.06	8.16	733621	12231894.000
09/01/2011	8.24	8.25	8.00	8.10	468656	7807010.500
09/02/2011	8.06	8.10	7.84	7.85	561520	9137923.000
09/05/2011	7.81	7.81	7.52	7.52	587935	9190229.000
09/06/2011	7.50	7.63	7.49	7.55	292381	4536028.000
09/07/2011	7.58	7.77	7.55	7.77	358950	5672786.500
09/08/2011	7.74	8.01	7.74	7.93	586458	9526700.000
09/09/2011	7.95	8.03	7.76	7.85	437650	7080121.500
09/13/2011	7.70	7.93	7.65	7.70	311016	4906305.000
09/14/2011	7.65	7.95	7.65	7.90	358352	5717000.500
09/15/2011	7.91	7.97	7.85	7.86	342854	5553803.500
09/16/2011	7.90	7.97	7.66	7.70	309451	4961908.500
09/19/2011	7.60	7.67	7.50	7.50	447200	6947999.500
09/20/2011	7.58	7.66	7.45	7.52	258469	3990229.250
09/21/2011	7.57	7.86	7.50	7.80	462805	7300349.500
09/22/2011	7.77	7.81	7.59	7.60	395431	6251204.500
09/23/2011	7.53	7.60	7.43	7.49	284724	4373754.500
09/26/2011	7.50	7.55	7.32	7.38	248030	3771498.000
09/27/2011	7.50	7.59	7.38	7.50	682967	10511864.000
09/28/2011	7.57	7.58	7.33	7.35	217400	3329020.000
09/29/2011	7.35	7.35	7.13	7.15	353103	5228425.000
09/30/2011	7.15	7.35	7.15	7.17	248924	3689138.000
10/10/2011	7.10	7.40	7.10	7.25	296513	4412636.000
10/11/2011	7.30	7.55	7.26	7.38	441862	6735685.500
10/12/2011	7.37	7.79	7.30	7.62	858616	13421736.000
10/13/2011	7.57	7.75	7.55	7.67	740150	11661101.000
10/14/2011	7.56	7.66	7.49	7.53	536219	8307467.500
10/17/2011	7.62	7.74	7.51	7.68	512144	8012314.000
10/18/2011	7.65	7.67	7.43	7.43	260614	4040280.500
10/19/2011	7.36	7.48	7.31	7.43	304467	4615827.500
10/20/2011	7.32	7.33	7.18	7.20	382232	5671655.500
10/21/2011	7.18	7.40	7.06	7.21	318164	4741076.000
10/24/2011	7.35	7.39	7.06	7.30	348374	5193998.500
10/25/2011	7.30	7.54	7.15	7.53	1273534	19306612.000
10/26/2011	7.43	7.99	7.43	7.75	2267648	35732044.000
10/27/2011	7.76	7.90	7.59	7.61	1593315	25165180.000
10/28/2011	7.74	7.84	7.65	7.84	1629874	25947174.000
10/31/2011	7.84	7.99	7.79	7.99	1474744	23905650.000
11/01/2011	7.88	8.22	7.84	7.98	1515642	24981090.000
11/02/2011	7.87	8.38	7.76	8.30	2847664	47293916.000
11/03/2011	8.34	8.70	8.28	8.29	2697797	46816756.000
11/04/2011	8.35	8.57	8.25	8.42	1960762	33672260.000
11/07/2011	8.41	8.47	8.29	8.33	1082503	18537608.000
11/08/2011	8.34	8.51	8.21	8.28	1374640	23557856.000
11/09/2011	8.30	8.58	8.13	8.56	1892245	32379946.000
11/10/2011	8.47	9.29	8.44	8.85	4888440	88455568.000
11/11/2011	8.81	9.04	8.63	8.65	2702096	48616180.000
11/14/2011	8.70	8.92	8.70	8.81	1873486	33687444.000
11/15/2011	8.74	8.84	8.62	8.69	1718579	30575962.000
11/16/2011	8.68	8.83	8.32	8.38	2366823	41348004.000
11/17/2011	8.32	8.53	8.32	8.42	1246833	21476840.000
11/18/2011	8.38	8.41	8.06	8.06	1572649	26524744.000
11/21/2011	8.06	8.33	8.05	8.32	1517082	25581392.000
11/22/2011	8.32	8.46	8.23	8.46	1833813	31432798.000
11/23/2011	8.94	9.09	8.60	8.80	6281518	113543664.000
11/24/2011	8.60	8.76	8.48	8.53	2555410	44892636.000
11/25/2011	8.52	8.70	8.43	8.44	1877616	32882900.000
11/28/2011	8.38	8.44	8.12	8.15	2250748	37951128.000
11/29/2011	8.23	8.34	8.14	8.26	1541892	25980430.000
11/30/2011	8.18	8.25	7.44	7.55	2378820	38016324.000
12/01/2011	7.87	7.88	7.65	7.74	2040991	32592878.000
12/02/2011	7.73	7.73	7.53	7.54	857701	13370036.000
12/05/2011	7.56	7.56	7.31	7.33	745329	11337717.000
12/06/2011	7.28	7.53	7.28	7.44	557546	8472098.000
12/07/2011	7.45	7.54	7.40	7.48	381372	5849768.000
12/08/2011	7.51	7.75	7.40	7.57	1233210	19189316.000
12/09/2011	7.48	7.65	7.46	7.46	658397	10161078.000
12/12/2011	7.48	7.54	7.43	7.48	656077	10082320.000
12/13/2011	7.45	7.45	7.19	7.41	886779	13243885.000
12/14/2011	7.32	7.48	7.25	7.25	426881	6459827.500
12/15/2011	7.15	7.34	7.09	7.18	511024	7592188.000
12/16/2011	7.18	7.54	7.11	7.53	2482802	36954304.000
12/19/2011	7.43	7.59	7.36	7.55	1353127	20737802.000
12/20/2011	7.58	7.61	7.37	7.38	770703	11886903.000
12/21/2011	7.41	7.50	6.80	7.02	765018	11472765.000
12/22/2011	6.90	6.96	6.65	6.84	1035765	14450125.000
12/23/2011	6.74	6.95	6.74	6.85	523529	7402632.000
12/26/2011	6.84	7.00	6.75	6.77	383400	5428883.000
12/27/2011	6.69	6.86	6.46	6.47	471003	6422195.500
12/28/2011	6.31	6.44	6.17	6.34	709709	9216777.000
12/29/2011	6.29	6.48	6.29	6.40	437398	5778378.500
12/30/2011	6.35	6.59	6.34	6.49	415961	5589742.000
01/04/2012	6.57	6.59	6.26	6.26	310000	4097494.000
01/05/2012	6.25	6.25	5.82	5.87	893645	11056708.000
01/06/2012	5.85	5.96	5.75	5.92	385573	4674142.500
01/09/2012	5.81	6.14	5.80	6.14	562141	7000893.000
01/10/2012	6.10	6.43	6.10	6.40	676722	8774600.000
01/11/2012	6.36	6.55	6.35	6.41	840769	11182905.000
01/12/2012	6.38	6.48	6.32	6.34	550650	7261459.500
01/13/2012	6.41	6.41	5.98	6.04	762117	9642539.000
01/16/2012	5.90	6.00	5.79	5.80	517861	6292364.500
01/17/2012	5.86	6.14	5.80	6.13	618659	7667419.500
01/18/2012	6.14	6.18	5.85	5.87	652656	8142364.000
01/19/2012	5.83	6.08	5.83	6.08	661598	8150201.000
01/20/2012	6.08	6.20	6.08	6.14	769990	9749889.000
01/30/2012	6.19	6.29	6.15	6.17	591729	7590095.500
01/31/2012	6.16	6.18	6.03	6.11	408055	5128458.500
02/01/2012	6.11	6.22	6.05	6.09	390906	4956990.500
02/02/2012	6.13	6.21	6.10	6.20	426407	5415239.000
02/03/2012	6.21	6.38	6.20	6.34	774480	10047126.000
02/06/2012	6.37	6.42	6.29	6.35	650839	8519451.000
02/07/2012	6.27	6.34	6.18	6.22	547030	7041362.500
02/08/2012	6.22	6.47	6.18	6.45	870736	11445566.000
02/09/2012	6.45	6.58	6.43	6.47	949216	12725956.000
02/10/2012	6.52	6.56	6.45	6.48	684774	9179431.000
02/13/2012	6.42	6.63	6.41	6.57	821272	11087434.000
02/14/2012	6.56	6.63	6.49	6.52	673751	9073561.000
02/15/2012	6.50	6.68	6.49	6.60	1156909	15725017.000
02/16/2012	6.63	6.93	6.60	6.68	1508991	20968338.000
02/17/2012	6.71	6.73	6.54	6.60	1362158	18550808.000
02/20/2012	6.69	7.28	6.66	6.82	2957166	42893456.000
02/21/2012	6.78	6.95	6.68	6.93	1920045	26983742.000
02/22/2012	6.91	7.15	6.91	7.10	1877888	27185738.000
02/23/2012	7.20	7.20	6.96	7.08	1390517	20203554.000
02/24/2012	7.11	7.14	7.01	7.09	1360219	19801364.000
02/27/2012	7.09	7.17	7.05	7.05	1036885	15154793.000
02/28/2012	6.98	7.00	6.83	6.90	1429509	20301004.000
02/29/2012	6.92	6.95	6.79	6.80	747326	10556396.000
03/01/2012	6.75	6.91	6.75	6.86	559727	7907455.500
03/02/2012	6.88	6.96	6.86	6.96	732309	10433283.000
03/05/2012	7.00	7.04	6.88	6.93	727382	10388808.000
03/06/2012	6.91	6.94	6.76	6.79	764106	10737674.000
03/07/2012	6.74	6.98	6.72	6.84	915737	12929762.000
03/08/2012	6.88	6.96	6.84	6.94	705433	10032330.000
03/09/2012	6.98	7.07	6.94	7.03	894707	12905368.000
03/12/2012	7.07	7.10	7.00	7.08	813419	11792048.000
03/13/2012	7.08	7.20	7.05	7.18	942527	13811452.000
03/14/2012	7.20	7.27	6.75	6.81	1705307	24681460.000
03/15/2012	6.86	6.90	6.56	6.59	1472304	20248708.000
03/16/2012	6.63	6.72	6.59	6.72	910862	12498602.000
03/19/2012	6.72	6.95	6.69	6.88	725226	10139385.000
03/20/2012	6.85	6.87	6.63	6.68	634983	8804512.000
03/21/2012	6.70	6.79	6.58	6.70	470380	6472777.000
03/22/2012	6.70	6.74	6.64	6.65	574992	7914526.000
03/23/2012	6.65	6.67	6.46	6.50	604089	8170974.000
03/26/2012	6.50	6.54	6.43	6.50	251316	3363835.000
03/27/2012	6.55	6.59	6.51	6.53	325908	4396628.000
03/28/2012	6.53	6.53	6.14	6.18	814404	10583758.000
03/29/2012	6.16	6.20	5.97	6.00	519180	6520318.000
03/30/2012	6.04	6.08	5.92	5.98	509542	6295931.500
04/05/2012	6.08	6.34	6.05	6.32	1235257	15824449.000
04/06/2012	6.26	6.34	6.21	6.33	859014	11144739.000
04/09/2012	6.31	6.42	6.25	6.27	793170	10379054.000
04/10/2012	6.25	6.34	6.07	6.33	712986	9132794.000
04/11/2012	6.25	6.37	6.21	6.36	808312	10530664.000
04/12/2012	6.38	6.48	6.31	6.47	1053332	13921860.000
04/13/2012	6.51	6.64	6.46	6.48	1392623	18763182.000
04/16/2012	6.48	6.48	6.30	6.40	1287789	16918120.000
04/17/2012	6.38	6.45	6.33	6.34	627863	8253988.000
04/18/2012	6.36	6.50	6.36	6.50	812248	10779686.000
04/19/2012	6.50	6.64	6.46	6.62	1139380	15353642.000
04/20/2012	6.59	6.60	6.46	6.57	1589322	21375730.000
04/23/2012	6.52	6.52	6.16	6.20	1635257	21226580.000
04/24/2012	6.10	6.14	5.84	5.97	1443346	17907408.000
04/25/2012	5.93	6.05	5.92	6.04	713488	8839464.000
04/26/2012	6.00	6.08	6.00	6.01	638207	7958414.000
04/27/2012	6.00	6.14	5.99	6.10	805492	10116066.000
05/02/2012	6.13	6.15	6.06	6.10	874005	11005676.000
05/03/2012	6.08	6.19	6.06	6.15	679209	8594195.000
05/04/2012	6.20	6.28	6.12	6.25	1122628	14389283.000
05/07/2012	6.19	6.31	6.16	6.30	1005850	12958454.000
05/08/2012	6.32	6.39	6.28	6.30	948576	12378932.000
05/09/2012	6.28	6.28	6.13	6.14	725200	9267082.000
05/10/2012	6.12	6.27	6.12	6.25	768493	9873121.000
05/11/2012	6.23	6.27	6.16	6.17	399912	5132457.000
05/14/2012	6.20	6.24	6.15	6.15	339909	4339271.000
05/15/2012	6.10	6.13	6.03	6.13	441501	5544530.000
05/16/2012	6.17	6.20	6.05	6.07	373052	4727448.500
05/17/2012	6.08	6.19	6.07	6.17	390362	4942833.000
05/18/2012	6.15	6.29	6.12	6.18	831485	10663664.000
05/21/2012	6.15	6.43	6.11	6.25	693403	8985730.000
05/22/2012	6.30	6.33	6.20	6.33	1014925	13084295.000
05/23/2012	6.32	6.32	6.18	6.22	627511	8077895.500
05/24/2012	6.28	6.28	6.18	6.22	490519	6305140.000
05/25/2012	6.19	6.28	6.02	6.05	557209	7049235.000
05/28/2012	6.04	6.15	5.95	6.12	571970	7139974.000
05/29/2012	6.17	6.20	6.12	6.20	459659	5855788.500
05/30/2012	6.20	6.28	6.15	6.24	677042	8705500.000
05/31/2012	6.19	6.33	6.19	6.27	822047	10624424.000
06/01/2012	6.28	6.31	6.18	6.21	782426	10080609.000
06/04/2012	6.11	6.11	5.98	5.99	695265	8680209.000
06/05/2012	6.00	6.06	5.99	6.00	252255	3137534.250
06/06/2012	6.03	6.07	6.01	6.02	306074	3814589.500
06/07/2012	6.08	6.20	5.99	6.03	242809	3045179.250
06/08/2012	6.05	6.09	5.96	5.97	385300	4791520.000
06/11/2012	5.98	6.13	5.98	6.12	398565	5002115.500
06/12/2012	6.10	6.21	6.08	6.15	696513	8839927.000
06/13/2012	6.15	6.23	6.08	6.21	633995	8070304.000
06/14/2012	6.17	6.23	6.14	6.15	517256	6603910.500
06/15/2012	6.21	6.25	6.12	6.22	533760	6826184.000
06/18/2012	6.22	6.32	6.19	6.30	887232	11479819.000
06/19/2012	6.30	6.45	6.17	6.35	1363521	17651338.000
06/20/2012	6.38	6.59	6.31	6.39	2132943	28357172.000
06/21/2012	6.36	6.41	6.24	6.25	986012	12833309.000
06/25/2012	6.21	6.27	6.07	6.08	610536	7739974.000
06/26/2012	6.01	6.15	6.01	6.12	487899	6127793.500
06/27/2012	6.15	6.17	6.05	6.06	607021	7663682.500
06/28/2012	6.06	6.11	5.96	5.96	498832	6225644.500
06/29/2012	5.96	6.02	5.89	6.01	500987	6156700.500
07/02/2012	6.05	6.10	6.03	6.06	441175	5526192.000
07/03/2012	6.06	6.20	6.06	6.12	1017033	12885295.000
07/04/2012	6.19	6.23	6.09	6.11	585394	7428880.500
07/05/2012	6.12	6.12	5.96	6.01	432542	5367960.000
07/06/2012	6.06	6.12	5.96	6.10	482933	6017338.500
07/09/2012	6.06	6.06	5.93	5.93	584654	7239000.500
07/10/2012	5.95	5.96	5.79	5.87	489382	5788055.000
07/11/2012	5.86	5.91	5.83	5.86	334005	3950845.000
07/12/2012	5.87	5.91	5.81	5.87	683485	8085521.500
07/13/2012	5.88	5.91	5.81	5.82	683858	8072947.500
07/16/2012	5.82	5.82	5.57	5.59	883800	10050339.000
07/17/2012	5.60	5.66	5.56	5.63	247402	2797192.750
07/18/2012	5.63	5.86	5.63	5.81	843010	9701028.000
07/19/2012	5.81	6.25	5.76	5.96	1882245	22456772.000
07/20/2012	5.89	6.56	5.85	6.49	4734136	60199496.000
07/23/2012	6.40	6.45	6.06	6.14	3033106	37971924.000
07/24/2012	5.98	6.15	5.98	6.06	1272076	15522367.000
07/25/2012	6.05	6.25	5.91	6.10	1558508	19037238.000
07/26/2012	6.08	6.08	5.89	5.89	885616	10688832.000
07/27/2012	5.90	6.15	5.85	6.01	1714626	20908706.000
07/30/2012	5.93	5.99	5.84	5.86	991940	11830358.000
07/31/2012	5.85	6.10	5.70	5.86	1088220	12841412.000
08/01/2012	5.86	6.17	5.81	6.01	1229775	14901855.000
08/02/2012	6.01	6.20	5.95	6.15	1430683	17572626.000
08/03/2012	6.15	6.70	6.08	6.65	3965078	51339152.000
08/06/2012	6.46	6.86	6.43	6.60	2759624	36874856.000
08/07/2012	6.61	6.63	6.52	6.56	1326509	17548654.000
08/08/2012	6.48	6.58	6.46	6.48	1094914	14407773.000
08/09/2012	6.48	6.57	6.35	6.49	1277108	16609944.000
08/10/2012	6.49	6.62	6.42	6.54	1433570	18867702.000
08/13/2012	6.49	6.70	6.42	6.42	1465165	19430150.000
08/14/2012	6.40	6.46	6.24	6.40	931511	11898912.000
08/15/2012	6.38	6.70	6.34	6.56	1863538	24583078.000
08/16/2012	6.59	6.59	6.33	6.35	935213	12112112.000
08/17/2012	6.31	6.48	6.27	6.40	345875	4432488.000
08/20/2012	6.30	6.45	6.30	6.42	449134	5784631.500
08/21/2012	6.42	7.06	6.36	6.73	4352088	59757372.000
08/22/2012	6.74	6.76	6.59	6.62	1521480	20454936.000
08/23/2012	6.63	6.86	6.61	6.70	1356318	18413350.000
08/24/2012	6.70	6.79	6.45	6.45	903929	11996265.000
08/27/2012	6.40	6.42	6.30	6.35	559170	7165908.500
08/28/2012	6.33	6.47	6.33	6.40	815387	10513643.000
08/29/2012	6.35	6.55	6.34	6.37	1132489	14735265.000
08/30/2012	6.32	6.43	6.02	6.34	1918304	24055734.000
08/31/2012	6.29	6.50	6.22	6.39	617490	7892379.000
09/03/2012	6.39	6.55	6.35	6.50	883963	11489856.000
09/04/2012	6.50	6.64	6.43	6.49	1323825	17498040.000
09/05/2012	6.43	6.73	6.40	6.64	1724924	22916532.000
09/06/2012	6.70	6.89	6.58	6.80	2998257	40870376.000
09/07/2012	6.78	6.95	6.73	6.87	3665774	50484952.000
09/10/2012	6.84	6.91	6.76	6.82	1701847	23398558.000
09/11/2012	6.81	6.93	6.70	6.80	1963650	26857796.000
09/12/2012	6.82	6.85	6.71	6.81	1799120	24556408.000
09/13/2012	6.78	6.89	6.70	6.70	1000914	13653176.000
09/14/2012	6.72	6.79	6.61	6.70	1016104	13703795.000
09/17/2012	6.66	6.71	6.44	6.45	796170	10509186.000
09/18/2012	6.46	6.60	6.40	6.45	543712	7156924.500
09/19/2012	6.46	6.65	6.46	6.62	1028356	13648092.000
09/20/2012	6.63	6.80	6.38	6.42	745709	9837175.000
09/21/2012	6.46	6.47	6.21	6.21	551205	7040090.500
09/24/2012	6.21	6.38	6.02	6.25	640177	8066527.000
09/25/2012	6.22	6.44	6.19	6.19	543682	6881183.500
09/26/2012	6.15	6.27	6.03	6.07	594600	7333595.000
09/27/2012	6.09	6.34	6.05	6.22	698898	8771701.000
09/28/2012	6.20	6.43	6.19	6.35	635206	8087916.000
10/08/2012	6.34	6.49	6.25	6.38	1160781	14989646.000
10/09/2012	6.38	6.49	6.38	6.45	923579	11975174.000
10/10/2012	6.41	6.50	6.40	6.46	547146	7119789.500
10/11/2012	6.45	6.45	6.25	6.25	679625	8696726.000
10/12/2012	6.25	6.35	6.12	6.18	938441	11725576.000
10/15/2012	6.18	6.18	6.02	6.11	429239	5252717.500
10/16/2012	6.07	6.17	6.06	6.09	234983	2898085.500
10/17/2012	6.07	6.20	6.07	6.16	276859	3422703.500
10/18/2012	6.16	6.23	6.13	6.22	478652	5977613.000
10/19/2012	6.18	6.25	6.18	6.21	390127	4894919.000
10/22/2012	6.22	6.24	6.15	6.20	179299	2236404.250
10/23/2012	6.22	6.26	6.14	6.23	393009	4906574.500
10/24/2012	6.11	6.22	6.10	6.13	445875	5520686.500
10/25/2012	6.14	6.16	6.09	6.09	343501	4235791.000
10/26/2012	6.04	6.12	5.81	5.85	543755	6516929.000
10/29/2012	5.85	5.89	5.80	5.81	188429	2215335.250
10/30/2012	5.84	5.90	5.81	5.83	214513	2523629.000
10/31/2012	5.80	5.87	5.76	5.87	235904	2774328.250
11/01/2012	5.86	6.02	5.86	5.95	356776	4277936.500
11/02/2012	5.96	6.00	5.92	5.98	509102	6140950.000
11/05/2012	5.98	6.04	5.92	5.94	558398	6717024.000
11/06/2012	5.91	5.94	5.82	5.85	292374	3449813.750
11/07/2012	5.89	5.89	5.80	5.86	148149	1745558.500
11/08/2012	5.84	5.87	5.72	5.72	395700	4624856.000
11/09/2012	5.72	5.75	5.65	5.65	237479	2720805.750
11/12/2012	5.64	5.74	5.64	5.71	347456	3993279.250
11/13/2012	5.73	5.73	5.62	5.62	251700	2869173.000
11/14/2012	5.68	5.69	5.62	5.69	198802	2266093.750
11/15/2012	5.73	5.73	5.56	5.56	301150	3419656.250
11/16/2012	5.55	5.57	5.50	5.54	170198	1897645.750
11/19/2012	5.57	5.83	5.55	5.65	1163577	13410874.000
11/20/2012	5.68	5.80	5.61	5.65	329825	3771210.250
11/21/2012	5.71	5.74	5.60	5.70	319449	3653284.000
11/22/2012	5.59	5.72	5.59	5.66	216200	2464030.000
11/23/2012	5.72	5.72	5.63	5.68	201302	2301778.500
11/26/2012	5.68	5.70	5.57	5.61	129300	1463793.750
11/27/2012	5.63	5.63	5.39	5.41	526300	5787148.000
11/28/2012	5.32	5.47	5.25	5.30	291377	3119099.500
11/29/2012	5.28	5.64	5.16	5.40	941638	10190264.000
11/30/2012	5.26	5.55	5.26	5.43	831478	9114380.000
12/03/2012	5.38	5.56	5.22	5.22	542550	5909329.500
12/04/2012	5.26	5.33	5.15	5.27	279470	2944020.000
12/05/2012	5.26	5.53	5.25	5.44	1194712	13100064.000
12/06/2012	5.44	5.49	5.38	5.39	380416	4161942.750
12/07/2012	5.45	5.55	5.36	5.49	937937	10354731.000
12/10/2012	5.50	5.61	5.45	5.61	1332494	14914341.000
12/11/2012	5.54	5.58	5.49	5.50	594511	6636193.000
12/12/2012	5.52	5.64	5.43	5.50	932648	10345446.000
12/13/2012	5.45	5.49	5.38	5.38	427597	4684897.000
12/14/2012	5.37	5.63	5.34	5.58	1197590	13363719.000
12/17/2012	5.57	5.72	5.56	5.60	1141036	12909240.000
12/18/2012	5.61	5.66	5.53	5.58	1100082	12428584.000
12/19/2012	5.62	5.63	5.53	5.60	672047	7597155.000
12/20/2012	5.55	5.66	5.55	5.61	435644	4917643.000
12/21/2012	5.61	5.72	5.56	5.66	1104105	12532028.000
12/24/2012	5.63	5.75	5.63	5.69	889908	10213679.000
12/25/2012	5.69	5.81	5.66	5.78	1270143	14734385.000
12/26/2012	5.79	6.04	5.73	5.99	2786411	33085164.000
12/27/2012	5.97	6.01	5.83	5.85	1420640	16894618.000
12/28/2012	5.83	5.90	5.79	5.86	1014308	11955864.000
12/31/2012	5.88	6.00	5.83	5.85	1116948	13242269.000
01/04/2013	5.90	5.90	5.77	5.81	786051	9223352.000
01/07/2013	5.78	5.94	5.78	5.91	820814	9696677.000
01/08/2013	5.90	6.04	5.84	5.97	1281883	15374638.000
01/09/2013	5.98	6.03	5.89	5.94	1216177	14647005.000
01/10/2013	5.94	6.10	5.92	6.03	1182118	14334520.000
01/11/2013	6.00	6.08	5.88	5.93	1288945	15574692.000
01/14/2013	5.93	6.11	5.91	6.10	1238517	15071396.000
01/15/2013	6.13	6.23	6.10	6.18	1313879	16337267.000
01/16/2013	6.22	6.22	6.03	6.10	965007	11926506.000
01/17/2013	6.09	6.13	6.04	6.04	777408	9532375.000
01/18/2013	6.06	6.15	5.99	6.13	1003021	12297601.000
01/21/2013	6.14	6.29	6.06	6.23	1313676	16373961.000
01/22/2013	6.21	6.21	6.05	6.07	1020354	12607500.000
01/23/2013	6.08	6.10	5.96	6.07	738492	8982031.000
01/24/2013	6.14	6.16	5.86	5.90	997692	12126907.000
01/25/2013	5.91	5.94	5.88	5.91	437378	5202151.000
01/28/2013	5.93	6.10	5.91	6.10	797148	9664377.000
01/29/2013	6.06	6.24	6.06	6.20	1570329	19560780.000
01/30/2013	6.18	6.24	6.08	6.19	1431119	17782494.000
01/31/2013	6.19	6.24	6.00	6.04	1059756	12932323.000
02/01/2013	6.00	6.18	6.00	6.14	1679562	20678130.000
02/04/2013	6.15	6.24	6.12	6.22	1751425	21871468.000
02/05/2013	6.16	6.34	6.16	6.29	1648073	20834430.000
02/06/2013	6.27	6.30	6.23	6.27	804653	10161462.000
02/07/2013	6.27	6.38	6.23	6.34	993789	12616187.000
02/08/2013	6.34	6.44	6.24	6.38	2655577	33984412.000
02/18/2013	6.39	6.41	6.34	6.39	1976830	25384188.000
02/19/2013	6.35	6.38	6.19	6.23	1207784	15246071.000
02/20/2013	6.25	6.36	6.20	6.33	940247	11919471.000
02/21/2013	6.30	6.31	6.16	6.17	1053791	13244729.000
02/22/2013	6.20	6.26	6.17	6.18	630274	7892369.000
02/25/2013	6.19	6.30	6.18	6.28	755127	9530043.000
02/26/2013	6.28	6.37	6.25	6.28	1099735	14001579.000
02/27/2013	6.32	6.32	6.19	6.28	723299	9114981.000
02/28/2013	6.27	6.41	6.27	6.40	1049673	13464067.000
03/01/2013	6.45	6.54	6.37	6.51	2585305	33722028.000
03/04/2013	6.45	6.50	6.25	6.28	2099421	26995612.000
03/05/2013	6.28	6.52	6.27	6.50	1385957	17932318.000
03/06/2013	6.50	6.62	6.46	6.58	1967915	25919366.000
03/07/2013	6.55	6.60	6.38	6.41	1190384	15565335.000
03/08/2013	6.40	6.49	6.40	6.43	1272176	16543016.000
03/11/2013	6.42	6.47	6.36	6.37	473767	6107203.000
03/12/2013	6.38	6.40	6.07	6.10	945735	11834698.000
03/13/2013	5.95	6.14	5.95	6.02	491582	5964031.500
03/14/2013	6.01	6.08	5.95	5.99	386932	4697639.500
03/15/2013	6.02	6.07	5.83	5.94	1032142	12419127.000
03/18/2013	5.90	5.94	5.81	5.82	501797	5933141.500
03/19/2013	5.84	5.88	5.77	5.86	370007	4351919.500
03/20/2013	5.85	6.00	5.85	5.99	523699	6280651.000
03/21/2013	5.96	6.07	5.95	6.03	522234	6339000.000
03/22/2013	6.00	6.04	5.95	6.03	491421	5938456.500
03/25/2013	6.03	6.04	5.98	6.00	352612	4265301.000
03/26/2013	5.99	6.00	5.86	5.93	472884	5650125.500
03/27/2013	5.93	5.99	5.91	5.94	351433	4213565.500
03/28/2013	5.90	5.90	5.73	5.74	603124	7030955.000
03/29/2013	5.75	5.78	5.70	5.71	265948	3076636.750
04/01/2013	5.72	5.78	5.68	5.74	282566	3268734.000
04/02/2013	5.72	5.79	5.64	5.67	398553	4575749.500
04/03/2013	5.68	5.68	5.60	5.63	334535	3803100.000
04/08/2013	5.61	5.83	5.60	5.83	826783	9540745.000
04/09/2013	5.84	5.88	5.79	5.86	548355	6468513.000
04/10/2013	5.85	5.87	5.75	5.80	404208	4734713.000
04/11/2013	5.84	6.07	5.81	5.96	848933	10203080.000
04/12/2013	5.92	5.98	5.87	5.90	258890	3091402.250
04/15/2013	5.89	5.92	5.82	5.85	391881	4649654.500
04/16/2013	5.68	5.76	5.61	5.75	913634	10463272.000
04/17/2013	5.75	5.78	5.68	5.76	502822	5827734.500
04/18/2013	5.72	5.82	5.71	5.77	508267	5907216.000
04/19/2013	5.80	5.94	5.73	5.91	789968	9364794.000
04/22/2013	5.90	5.98	5.86	5.96	616143	7363163.500
04/23/2013	5.95	5.95	5.83	5.84	630907	7477257.000
04/24/2013	5.84	6.04	5.84	6.02	981968	11831781.000
04/25/2013	6.02	6.08	5.92	5.95	1008208	12225756.000
04/26/2013	5.93	5.93	5.80	5.80	816357	9632179.000
05/02/2013	5.77	5.85	5.72	5.84	241544	2824496.750
05/03/2013	5.81	6.00	5.81	5.99	491065	5910095.000
05/06/2013	6.03	6.16	5.97	6.11	1019670	12520564.000
05/07/2013	6.12	6.20	6.05	6.10	820279	10109857.000
05/08/2013	6.10	6.24	6.07	6.21	1043310	12981611.000
05/09/2013	6.21	6.30	6.15	6.28	1181635	14832567.000
05/10/2013	6.28	6.30	6.18	6.24	912161	11475453.000
05/13/2013	6.25	6.28	6.18	6.23	831006	10422392.000
05/14/2013	6.25	6.25	6.09	6.15	547295	6793443.500
05/15/2013	6.15	6.32	6.14	6.30	892570	11206522.000
05/16/2013	6.28	6.35	6.18	6.23	1107516	14011571.000
05/17/2013	6.20	6.45	6.14	6.37	1444473	18356270.000
05/20/2013	6.37	6.55	6.36	6.47	1392137	18150560.000
05/21/2013	6.47	6.68	6.44	6.66	1988438	26389050.000
05/22/2013	6.69	6.71	6.39	6.47	1741817	22921712.000
05/23/2013	6.44	6.69	6.39	6.49	1727382	22845816.000
05/24/2013	6.49	6.78	6.49	6.75	2132747	28696824.000
05/27/2013	6.80	6.98	6.76	6.81	2088769	28751452.000
05/28/2013	6.80	6.81	6.59	6.63	1238525	16598332.000
05/29/2013	6.64	6.72	6.58	6.66	981310	13146107.000
05/30/2013	6.66	6.76	6.63	6.69	1090979	14709977.000
05/31/2013	6.66	6.75	6.57	6.58	1128317	15071066.000
06/03/2013	6.53	6.55	6.40	6.41	994673	12982892.000
06/04/2013	6.41	6.47	6.30	6.32	933566	11969667.000
06/05/2013	6.32	6.41	6.30	6.39	564156	7229530.000
06/06/2013	6.37	6.43	6.33	6.33	639794	8198961.000
06/07/2013	6.39	6.39	6.21	6.26	668691	8483632.000
06/13/2013	6.24	6.24	6.01	6.12	840472	10315843.000
06/14/2013	6.15	6.46	6.14	6.43	1573803	20011768.000
06/17/2013	6.52	6.63	6.38	6.54	1990543	26082072.000
06/18/2013	6.50	6.53	6.33	6.45	931169	12084595.000
06/19/2013	6.40	7.00	6.36	6.92	4428191	60351860.000
06/20/2013	6.83	6.88	6.51	6.55	3044609	41283580.000
06/21/2013	6.40	6.40	6.04	6.31	1793023	22653876.000
06/24/2013	6.22	6.49	5.85	6.03	1878736	23750250.000
06/25/2013	5.90	6.09	5.49	6.02	1888515	22219782.000
06/26/2013	6.02	6.34	5.87	6.30	2297345	28410138.000
06/27/2013	6.35	6.36	6.05	6.09	2066613	25878954.000
06/28/2013	6.03	6.11	5.87	5.93	1443645	17380178.000
07/01/2013	5.85	6.06	5.79	6.06	1272068	15149036.000
07/02/2013	6.03	6.27	6.00	6.20	1445664	17911086.000
07/03/2013	6.16	6.73	6.08	6.54	2934660	37994652.000
07/04/2013	6.45	6.65	6.42	6.52	1673288	21973766.000
07/05/2013	6.55	6.70	6.38	6.38	1660845	21990762.000
07/08/2013	6.31	6.85	6.14	6.76	3298258	43470164.000
07/09/2013	6.68	6.95	6.63	6.82	3437333	47200264.000
07/10/2013	6.78	6.90	6.68	6.78	2147675	29255980.000
07/11/2013	6.78	6.92	6.68	6.86	2463895	33698352.000
07/12/2013	6.90	7.45	6.86	7.11	5347366	77684016.000
07/15/2013	6.99	7.31	6.90	7.19	4079425	58418096.000
07/16/2013	7.17	7.17	6.97	7.04	3075145	43694020.000
07/17/2013	6.98	7.13	6.86	6.94	2440758	34401112.000
07/18/2013	6.93	7.41	6.88	7.21	4299300	62553836.000
07/19/2013	7.21	7.39	6.65	6.66	5420138	76524456.000
07/22/2013	6.55	6.88	6.49	6.86	3321292	44989872.000
07/23/2013	6.87	7.08	6.83	7.04	3600920	50343440.000
07/24/2013	7.02	7.38	6.90	7.11	7214864	103733416.000
07/25/2013	7.22	7.51	7.06	7.16	6499524	94749640.000
07/26/2013	7.22	7.85	6.88	7.66	9089282	136492400.000
07/29/2013	7.68	7.93	7.40	7.47	5610502	86139832.000
07/30/2013	7.40	7.50	7.00	7.18	4074470	59294868.000
07/31/2013	7.25	7.45	7.13	7.13	3063326	44941372.000
08/01/2013	7.08	7.50	7.08	7.45	3953561	58308836.000
08/02/2013	7.47	7.88	7.36	7.52	4993816	76087328.000
08/05/2013	7.49	7.63	7.36	7.57	4117268	62141244.000
08/06/2013	7.52	7.55	7.36	7.42	3417058	51159060.000
08/07/2013	7.70	7.85	7.05	7.16	5263184	79508576.000
08/08/2013	7.22	7.30	7.00	7.18	3073328	44306644.000
08/09/2013	7.24	7.25	6.85	6.93	3431367	48506528.000
08/12/2013	6.95	7.09	6.86	7.08	2187460	30732942.000
08/13/2013	7.07	7.25	7.00	7.20	2537385	36673668.000
08/14/2013	7.20	7.27	7.09	7.21	2301822	33345514.000
08/15/2013	7.20	7.54	7.15	7.32	3710076	54966168.000
08/16/2013	7.26	7.51	7.00	7.03	3207246	47203344.000
08/19/2013	6.91	7.35	6.88	7.31	2278830	33122170.000
08/20/2013	7.25	7.48	7.20	7.30	2475449	36514948.000
08/21/2013	7.30	7.62	7.26	7.44	3004971	45064956.000
08/22/2013	7.37	7.70	7.37	7.66	4194061	64135516.000
08/23/2013	7.67	7.72	7.31	7.50	3560982	53851856.000
08/26/2013	7.49	7.83	7.40	7.83	4044358	62312924.000
08/27/2013	7.79	7.85	7.63	7.76	2905092	45067296.000
08/28/2013	7.67	7.67	7.34	7.36	3934907	59344960.000
08/29/2013	7.37	7.44	7.22	7.33	1959382	28947104.000
08/30/2013	7.33	7.39	6.86	6.95	2975357	42408252.000
09/02/2013	6.94	7.06	6.84	7.03	1310905	18413134.000
09/03/2013	7.03	7.10	6.98	7.10	1327015	18855156.000
09/04/2013	7.10	7.14	6.98	7.01	1235052	17526250.000
09/05/2013	7.01	7.23	7.00	7.16	1800124	25875606.000
09/06/2013	7.17	7.19	7.02	7.14	1478570	21138020.000
09/09/2013	7.14	7.17	6.99	7.07	1815013	25796564.000
09/10/2013	7.08	7.19	7.03	7.18	1504103	21534206.000
09/11/2013	7.17	7.17	6.84	6.84	2059268	28722048.000
09/12/2013	6.85	6.96	6.80	6.86	992644	13764956.000
09/13/2013	6.84	6.95	6.81	6.92	806351	11203087.000
09/16/2013	6.92	7.09	6.86	6.98	1245843	17560346.000
09/17/2013	6.99	7.03	6.83	6.84	966254	13469769.000
09/18/2013	6.83	7.07	6.81	7.03	1156205	16180725.000
09/23/2013	7.03	7.17	6.95	7.17	1603955	22917632.000
09/24/2013	7.17	7.39	7.12	7.27	2079760	30461410.000
09/25/2013	7.28	7.39	7.17	7.23	1852443	27120732.000
09/26/2013	7.22	7.40	7.17	7.26	1814229	26690218.000
09/27/2013	7.22	7.65	7.22	7.65	3098649	46518888.000
09/30/2013	7.90	8.42	7.90	8.42	6675307	111579272.000
10/08/2013	8.53	9.26	8.45	9.15	11873056	214746736.000
10/09/2013	8.92	9.12	8.86	9.05	6251991	112947136.000
10/10/2013	8.98	9.15	8.66	8.81	5473408	96794528.000
10/11/2013	8.76	8.93	8.59	8.77	5099997	90085432.000
10/14/2013	8.65	9.14	8.64	8.81	5002743	89945016.000
10/15/2013	8.70	8.70	8.46	8.65	3753701	64575492.000
10/16/2013	8.58	8.61	7.78	7.84	6617512	106388992.000
10/17/2013	7.89	8.12	7.79	8.03	3394784	54441360.000
10/18/2013	7.96	8.10	7.84	8.07	2550240	40964348.000
10/21/2013	8.07	8.28	8.00	8.20	3257048	53472600.000
10/22/2013	8.20	8.20	7.76	7.85	3519364	56301076.000
10/23/2013	7.79	7.79	7.46	7.49	3086080	47311880.000
10/24/2013	7.43	7.73	7.42	7.60	2632613	40192264.000
10/25/2013	7.60	7.66	7.37	7.44	1660294	25133954.000
10/28/2013	7.45	7.65	7.39	7.64	1363507	20697580.000
10/29/2013	7.60	7.73	7.01	7.24	2470761	36637976.000
10/30/2013	7.30	7.31	7.02	7.29	2751820	39660752.000
10/31/2013	7.20	7.30	7.04	7.08	1680144	24097464.000
11/01/2013	7.05	7.13	6.84	7.04	1511083	21217756.000
11/04/2013	7.00	7.15	6.99	7.13	936530	13371161.000
11/05/2013	7.12	7.30	7.01	7.28	1904341	27661138.000
11/06/2013	7.21	7.48	7.21	7.25	2056441	30440592.000
11/07/2013	7.25	7.35	7.21	7.22	1045536	15308131.000
11/08/2013	7.15	7.44	7.12	7.34	2036339	30030404.000
11/11/2013	7.31	7.55	7.30	7.49	1424949	21334490.000
11/12/2013	7.48	7.85	7.42	7.72	2582671	39988840.000
11/13/2013	7.63	7.78	7.53	7.53	1524484	23350258.000
11/14/2013	7.48	7.80	7.41	7.79	2477578	38268052.000
11/15/2013	7.79	8.26	7.79	7.99	4122061	66815164.000
11/18/2013	8.20	8.53	7.99	8.45	5574243	93138432.000
11/19/2013	8.38	8.45	8.18	8.25	2847519	47565788.000
11/20/2013	8.25	9.08	8.25	8.91	4907243	85177912.000
11/21/2013	8.78	8.88	8.54	8.69	2985153	52337028.000
11/22/2013	8.70	8.89	8.53	8.53	1967653	34367504.000
11/25/2013	8.50	8.50	8.23	8.30	2299964	38637348.000
11/26/2013	8.34	8.44	8.27	8.33	1444474	24315494.000
11/27/2013	8.29	8.53	8.22	8.39	2088749	35333904.000
11/28/2013	8.41	8.96	8.41	8.75	3707830	64999356.000
11/29/2013	8.71	9.09	8.67	8.95	2893855	51676256.000
12/02/2013	8.07	8.45	8.05	8.05	3110765	51185992.000
12/03/2013	7.75	8.17	7.51	8.02	2948187	46423324.000
12/04/2013	7.95	8.28	7.82	8.07	2046849	33583080.000
12/05/2013	8.06	8.20	7.92	8.11	1343965	21801100.000
12/06/2013	8.06	8.19	7.98	8.13	976032	15929734.000
12/09/2013	8.13	8.18	7.86	7.89	4803570	77886760.000
12/10/2013	8.03	8.69	7.76	8.69	6074941	100288456.000
12/11/2013	8.62	9.48	8.53	9.31	7459087	136327264.000
12/12/2013	9.10	9.70	9.08	9.43	5088265	96553648.000
12/13/2013	9.38	9.90	9.28	9.47	6415011	123615008.000
12/16/2013	9.30	10.42	9.30	10.42	6050773	123528304.000
12/17/2013	10.66	10.98	9.84	10.12	7210407	152346720.000
12/18/2013	9.96	10.44	9.60	9.98	4373362	87559032.000
12/19/2013	9.98	10.12	9.70	9.99	3050773	60904556.000
12/20/2013	9.83	10.99	9.83	10.99	4158369	89701232.000
12/23/2013	11.10	11.43	10.56	11.19	6278985	139806880.000
12/24/2013	11.04	11.75	10.73	11.74	5829535	133001592.000
12/25/2013	11.54	12.89	11.45	12.55	7366542	178543920.000
12/26/2013	12.29	13.78	12.25	13.40	9092594	241626848.000
12/27/2013	13.70	13.75	13.05	13.49	6729754	181461296.000
12/30/2013	13.89	14.29	12.89	13.41	6186639	167201296.000
12/31/2013	13.20	13.45	12.38	12.68	5705551	146884160.000
01/02/2014	12.35	13.95	11.96	13.60	13077140	336192320.000
01/03/2014	12.98	13.15	12.23	12.23	11907963	300345952.000
01/06/2014	12.64	12.66	11.59	11.60	8469109	206632272.000
01/07/2014	11.65	11.92	11.38	11.65	5443459	126922760.000
01/08/2014	11.71	12.19	11.53	12.00	6463793	155100016.000
01/09/2014	12.00	12.24	11.52	11.72	5268319	126167072.000
01/10/2014	11.44	11.67	10.95	11.03	4049309	91808968.000
01/13/2014	11.04	11.24	10.90	11.23	2477710	55156528.000
01/14/2014	11.23	11.87	10.95	11.67	4906400	112725072.000
01/15/2014	11.53	12.08	11.36	11.93	4834399	113441376.000
01/16/2014	11.75	12.11	11.75	11.83	3551334	84894104.000
01/17/2014	11.96	12.25	11.86	11.98	3395554	82201312.000
01/20/2014	11.98	11.98	10.78	10.78	4601008	103044256.000
01/21/2014	10.24	11.05	10.24	10.93	2397271	52034652.000
01/22/2014	10.72	11.19	10.58	11.07	3281419	71860776.000
01/23/2014	11.13	11.25	10.94	11.01	3661756	81758648.000
01/24/2014	10.85	11.56	10.70	11.43	4798183	107482592.000
01/27/2014	11.41	12.15	11.27	11.70	5558776	132068808.000
01/28/2014	11.56	11.84	10.53	11.05	3404511	77585176.000
01/29/2014	11.05	11.64	11.01	11.48	2003716	45613868.000
01/30/2014	11.35	11.78	11.21	11.72	2134892	49657500.000
02/07/2014	11.78	12.20	11.39	12.06	3137294	75086944.000
02/10/2014	12.13	13.27	12.10	13.27	9001018	230253648.000
02/11/2014	13.40	14.60	13.40	14.60	8460571	241952400.000
02/12/2014	15.16	15.75	14.54	15.69	8906068	270636288.000
02/13/2014	15.45	16.15	15.00	15.38	5986305	185074416.000
02/14/2014	15.12	16.92	15.12	16.92	6040979	194484256.000
02/17/2014	16.45	16.89	15.86	16.18	7562886	245625024.000
02/18/2014	15.68	15.95	14.80	14.97	9262142	281483328.000
02/19/2014	15.20	15.20	14.63	15.00	5009734	149937984.000
02/20/2014	15.01	15.04	14.10	14.47	3899204	113214200.000
02/21/2014	14.59	14.85	14.45	14.57	2708072	79567976.000
02/24/2014	14.60	14.85	14.28	14.85	2745372	80675936.000
02/25/2014	14.84	15.08	13.36	13.36	4624567	132190752.000
02/26/2014	12.82	13.33	12.60	13.25	3664999	95767256.000
02/27/2014	13.25	13.63	12.15	12.20	3298142	85978272.000
02/28/2014	12.14	12.95	12.08	12.83	2459933	62356400.000
03/03/2014	12.80	13.22	12.66	13.16	2021210	52728296.000
03/04/2014	13.25	14.48	13.00	14.48	4641114	129608848.000
03/05/2014	14.66	15.75	14.66	14.98	6062107	184446208.000
03/06/2014	14.78	15.83	13.95	15.33	4648914	139872576.000
03/07/2014	15.03	15.15	14.10	14.20	3956735	116388936.000
03/10/2014	14.13	14.80	13.63	14.35	3534238	101732808.000
03/11/2014	14.35	14.59	13.35	13.55	2651184	74276272.000
03/12/2014	13.20	14.45	12.45	13.85	3458056	95521816.000
03/13/2014	13.70	14.62	13.20	14.60	2932694	82804896.000
03/14/2014	14.48	14.94	13.88	14.09	3511250	101188808.000
03/17/2014	14.04	14.59	13.35	13.48	8883328	248427920.000
03/18/2014	13.31	13.59	13.16	13.31	5925002	158121808.000
03/19/2014	13.23	13.24	12.69	12.75	4395591	113458656.000
03/20/2014	12.80	12.86	12.05	12.05	3317460	82811760.000
03/21/2014	11.86	12.25	11.54	12.12	2765647	66172468.000
03/24/2014	12.10	12.32	11.45	11.70	3418256	81635992.000
03/25/2014	11.75	11.98	11.53	11.94	2454384	58140620.000
03/26/2014	11.94	12.19	11.76	12.15	2649161	64171160.000
03/27/2014	12.10	12.10	11.29	11.30	2648475	61818812.000
03/28/2014	11.20	11.42	10.20	10.20	4780858	101939000.000
03/31/2014	10.11	10.44	9.95	10.30	2259149	46087696.000
04/01/2014	10.25	10.55	10.19	10.49	2444897	51307096.000
04/02/2014	10.51	10.57	10.05	10.15	2867553	58626032.000
04/03/2014	10.24	10.49	10.00	10.31	2423083	50162000.000
04/04/2014	10.19	10.61	10.16	10.59	2142101	44978660.000
04/08/2014	10.42	10.55	10.20	10.48	2715545	56716936.000
04/09/2014	10.55	11.53	10.51	11.53	6340030	141233728.000
04/10/2014	11.45	11.95	11.32	11.35	6971674	162720096.000
04/11/2014	11.35	11.35	10.81	10.94	3345529	73716368.000
04/14/2014	10.79	11.05	10.79	10.98	2182295	47886320.000
04/15/2014	10.95	11.02	10.70	10.70	2021037	44032280.000
04/16/2014	10.70	11.23	10.50	11.05	3599708	79068352.000
04/17/2014	11.00	11.48	10.97	11.20	3520211	79390216.000
04/18/2014	11.08	11.37	10.80	11.08	1974445	44196072.000
04/21/2014	10.96	11.20	10.54	10.56	2061014	45069536.000
04/22/2014	10.48	11.62	10.31	11.62	6588806	148273408.000
04/23/2014	11.95	12.78	11.70	12.46	8873111	216002368.000
04/24/2014	12.32	13.44	11.97	12.89	7863943	199322432.000
04/25/2014	12.45	12.94	11.90	12.01	5336477	132817696.000
04/28/2014	11.92	12.59	11.24	11.39	4834710	116110696.000
04/29/2014	11.22	12.19	10.85	11.98	4335118	100284328.000
04/30/2014	11.85	12.08	11.53	11.58	3053334	72266896.000
05/05/2014	11.57	12.74	11.55	12.50	4831292	119766968.000
05/06/2014	12.50	12.75	12.16	12.43	3592188	89526424.000
05/07/2014	12.25	13.20	12.22	12.59	5184227	133440624.000
05/08/2014	12.33	13.19	12.33	12.91	4061923	105511768.000
05/09/2014	12.95	13.58	12.29	12.38	6968110	182878000.000
05/12/2014	12.60	12.63	11.80	12.38	5385523	131710640.000
05/13/2014	12.36	12.80	12.13	12.23	3627937	90607464.000
05/14/2014	12.28	12.44	12.08	12.42	2301805	56815484.000
05/15/2014	12.39	12.72	11.88	11.88	3284246	81497728.000
05/16/2014	11.85	12.14	10.90	11.20	3529747	81057824.000
05/19/2014	11.23	11.55	11.11	11.48	1706238	38883008.000
05/20/2014	11.40	12.52	11.40	12.45	3362668	81309920.000
05/21/2014	12.35	12.55	12.18	12.36	3547309	88121088.000
05/22/2014	12.36	13.35	12.20	12.83	10652978	135906768.000
05/23/2014	12.92	13.65	12.51	13.40	13467589	178141280.000
05/26/2014	13.40	13.67	13.11	13.44	10133345	135478256.000
05/27/2014	13.40	13.45	12.82	13.00	9107383	118900944.000
05/28/2014	12.99	13.87	12.80	13.67	12553039	168362848.000
05/29/2014	13.77	13.91	13.05	13.22	10711437	144541504.000
05/30/2014	13.08	13.46	12.90	12.96	10000364	131429640.000
06/03/2014	13.19	14.25	13.00	13.75	17069897	235060992.000
06/04/2014	13.50	13.74	13.21	13.65	9966247	134622480.000
06/05/2014	13.56	13.76	13.33	13.56	11665321	157508112.000
06/06/2014	14.54	14.92	13.77	13.82	26971037	384229184.000
06/09/2014	13.66	15.20	13.46	15.20	30834316	450646080.000
06/10/2014	15.35	15.50	14.73	15.35	31581891	478604224.000
06/11/2014	15.14	15.65	14.90	15.37	24217259	369566656.000
06/12/2014	15.10	15.35	14.90	15.14	16519691	249804400.000
06/13/2014	14.98	15.49	14.74	15.23	17304807	262164240.000
06/16/2014	15.09	15.42	14.95	15.20	12126167	183715136.000
06/17/2014	15.20	15.74	14.98	15.05	15788257	242266976.000
06/18/2014	14.81	14.94	13.88	13.94	15664380	225555248.000
06/19/2014	13.96	14.04	12.80	13.04	11555195	155773888.000
06/20/2014	13.10	13.43	12.80	13.37	6337862	83741680.000
06/23/2014	13.33	13.88	13.26	13.61	8192456	111769688.000
06/24/2014	13.52	13.98	13.48	13.69	6626612	90918968.000
06/25/2014	13.65	13.70	13.12	13.28	7700689	102693112.000
06/26/2014	13.28	14.38	13.26	14.08	12962243	180970080.000
06/27/2014	14.00	14.36	13.85	14.03	9598552	135387024.000
06/30/2014	14.05	14.50	14.01	14.34	8583114	122344664.000
07/01/2014	14.33	14.45	14.08	14.28	7479112	106301480.000
07/02/2014	14.27	14.48	13.93	14.33	9159172	130021712.000
07/03/2014	14.25	14.29	14.03	14.10	6378714	90136568.000
07/04/2014	14.16	14.59	14.16	14.32	8699777	125115512.000
07/07/2014	14.30	14.38	13.80	14.00	6794685	95438392.000
07/08/2014	14.00	14.27	13.73	14.20	6011704	84403056.000
07/09/2014	14.16	14.16	13.50	13.52	8296063	114813856.000
07/10/2014	13.52	13.66	13.13	13.18	5333583	71689992.000
07/11/2014	13.17	13.57	12.82	12.97	7102232	93556328.000
07/14/2014	13.05	13.41	12.84	13.40	5477156	71955000.000
07/15/2014	13.43	13.44	12.92	13.17	4816077	63240364.000
07/16/2014	13.17	13.17	12.90	12.95	2843936	36934624.000
07/17/2014	12.97	13.16	12.92	13.11	2342207	30583114.000
07/18/2014	13.01	13.20	12.93	12.98	2188459	28556218.000
07/21/2014	12.98	13.00	12.42	12.68	4363413	55269196.000
07/22/2014	12.55	12.88	12.55	12.80	2121441	27150488.000
07/23/2014	12.80	12.90	12.16	12.16	4459258	55537208.000
07/24/2014	12.13	12.13	11.52	11.76	5018939	59082116.000
07/25/2014	11.76	11.99	11.68	11.92	2549205	30259314.000
07/28/2014	11.94	12.35	11.94	12.30	3000084	36481336.000
07/29/2014	12.34	12.62	12.22	12.47	3837392	47705824.000
07/30/2014	12.46	12.67	12.32	12.50	2907865	36330256.000
07/31/2014	12.48	13.08	12.35	12.82	5637768	71773576.000
08/01/2014	12.75	12.81	12.30	12.35	3672558	46225436.000
08/04/2014	12.41	12.56	12.40	12.52	1985960	24813074.000
08/05/2014	12.55	12.97	12.42	12.90	4668848	59695488.000
08/06/2014	12.89	12.90	12.74	12.83	2964818	38007612.000
08/07/2014	12.83	13.04	12.71	12.77	3260637	41951284.000
08/08/2014	12.74	12.96	12.70	12.80	3063564	39350480.000
08/11/2014	12.82	13.00	12.81	12.98	3827166	49501968.000
08/12/2014	13.02	13.16	13.00	13.15	4265889	55837876.000
08/13/2014	13.12	13.21	12.82	13.03	3709453	48222196.000
08/14/2014	12.96	13.27	12.96	13.01	5331920	70003872.000
08/15/2014	13.11	13.36	13.06	13.35	5907813	78439856.000
08/18/2014	13.37	13.84	13.22	13.83	9082652	123548072.000
08/19/2014	13.81	15.07	13.79	14.52	16720707	241465056.000
08/20/2014	14.61	14.64	14.16	14.22	8740368	125607904.000
08/21/2014	14.18	14.59	14.15	14.58	8673793	124990776.000
08/22/2014	14.57	14.80	14.41	14.60	7269556	106277480.000
08/25/2014	14.77	14.88	14.36	14.38	7002777	102363528.000
08/26/2014	14.37	14.38	13.62	13.68	6215461	86667456.000
08/27/2014	13.69	14.05	13.68	13.84	2681518	37223384.000
08/28/2014	13.80	14.17	13.76	14.02	4073886	57062952.000
08/29/2014	14.08	14.14	13.77	14.12	3297458	46006108.000
09/01/2014	14.15	14.58	14.02	14.54	4433284	63584304.000
09/02/2014	14.60	14.66	14.43	14.55	5989333	86960152.000
09/03/2014	14.58	15.35	14.48	15.35	13386150	200128464.000
09/04/2014	15.45	15.47	15.02	15.24	9065997	138072480.000
09/05/2014	15.42	15.42	15.01	15.09	7221320	109544368.000
09/09/2014	15.10	15.34	14.93	15.24	5728956	86854864.000
09/10/2014	15.24	15.29	14.85	15.00	6176953	92758648.000
09/11/2014	15.17	16.50	15.17	16.50	14774400	237859648.000
09/12/2014	16.96	17.38	16.45	16.63	22168466	373061920.000
09/15/2014	16.60	18.17	16.26	17.92	18167914	316587136.000
09/16/2014	17.70	18.37	17.40	17.70	14579247	260707088.000
09/17/2014	18.00	18.05	16.98	17.95	9923369	174496672.000
09/18/2014	18.01	19.32	17.65	19.01	12380607	232398288.000
09/19/2014	18.79	19.98	18.63	19.25	11752836	227488416.000
09/22/2014	18.94	20.28	17.90	19.40	16247131	306809120.000
09/23/2014	19.20	19.46	18.70	19.30	8156938	155890048.000
09/24/2014	19.25	19.40	18.76	19.32	8560603	163348752.000
09/25/2014	19.40	19.96	19.01	19.80	9646934	187853152.000
09/26/2014	19.41	19.94	18.80	19.00	15416266	296081888.000
09/29/2014	18.70	19.20	18.30	18.79	11243066	210474368.000
09/30/2014	18.65	20.56	18.65	20.40	15048831	297354848.000
10/08/2014	20.44	20.98	19.80	20.70	11300414	229954560.000
10/09/2014	20.50	20.93	19.86	20.05	8421024	169909968.000
10/10/2014	20.09	20.35	19.37	19.43	6367200	125700024.000
10/13/2014	19.50	19.81	18.65	19.77	5839500	112363864.000
10/14/2014	19.58	20.33	19.45	19.85	6913802	138516480.000
10/15/2014	19.75	20.00	19.01	19.26	7552850	145578160.000
10/16/2014	19.10	19.28	18.10	18.10	8316053	155513200.000
10/17/2014	18.19	18.30	17.41	17.78	4653503	83193896.000
10/20/2014	18.02	18.86	17.80	18.83	4472358	82410576.000
10/21/2014	18.60	18.63	17.61	18.05	4089401	74441016.000
10/22/2014	17.83	17.99	16.70	16.98	6873200	119077872.000
10/23/2014	16.98	17.41	16.40	17.07	5758075	98332168.000
10/24/2014	17.15	17.76	17.15	17.48	4180746	73069664.000
10/27/2014	17.55	18.55	17.52	18.42	6842157	124908592.000
10/28/2014	18.70	19.48	18.60	18.75	7465184	141099872.000
10/29/2014	18.84	18.96	18.55	18.87	5219549	97976264.000
10/30/2014	18.87	19.17	18.50	18.78	4014637	75336144.000
10/31/2014	18.67	18.83	17.78	17.95	5575420	101375168.000
数据来源:通达信
